-474.59406 115.34596 28.6223 24.56349 20.173676 2.9534457 5.16349 3.0000024 -6.080201 2.0421064 5.075975 -2.7410042 -1.040537 0.36678797 -4.2842345 -5.394987 -1.8742477 1.515246 -1.3186823 -5.594651 
-405.62732 131.8825 16.612988 18.749605 15.679558 13.376305 0.054828405 -8.208103 -26.278591 -2.2056732 3.2647638 0.5389384 -2.427401 -5.559927 -1.03158 5.7684526 2.2173588 -7.097329 -16.123365 -6.060363 
-366.42166 147.69164 14.537895 13.410984 13.621349 14.299185 -6.4516935 -12.117966 -32.87658 -4.9603605 -1.3981909 3.1446366 -0.2166704 -11.296291 -1.3012891 4.78034 -0.69657624 -10.629435 -20.57888 -3.5921905 
-331.7445 158.02594 13.452798 15.109661 12.342232 16.787449 -15.619042 -17.609772 -39.24199 -6.784791 -6.932793 5.8684425 4.976642 -18.872753 -1.2065339 4.333776 -0.29933375 -10.773087 -22.315811 0.16922957 
-297.20334 162.53851 19.902733 27.290716 8.236284 4.8626323 -22.812603 -17.446934 -47.265182 0.40643162 -12.840786 3.4562373 5.0090704 -20.669079 1.2233242 4.0937 4.077793 -9.879881 -26.184082 3.2076306 
-260.88397 154.4578 -0.21730664 27.250368 4.220655 1.8258691 -20.635326 -20.937092 -61.15252 0.53902644 -13.868981 2.035429 -1.5566809 -22.34182 1.5073769 -0.29226333 6.233109 -3.8987556 -28.24902 2.6362236 
-245.49664 119.92284 8.066038 27.165325 -2.988934 10.512796 -14.963905 -14.532231 -61.05589 -1.9638668 -11.837341 3.5033221 -6.175251 -14.929314 -9.544237 5.480624 2.596109 -6.2429357 -16.502632 -0.30991304 
-229.76602 58.81964 40.79583 41.306656 -22.286644 20.053722 -8.9831085 -5.33603 -58.27217 2.3389695 -13.411013 -5.6166506 -6.621072 -11.482272 -14.272813 11.307544 -2.8001208 -3.0382957 -13.631294 4.6140394 
-241.70885 18.005014 48.127666 54.042362 -25.12795 23.233192 -9.764648 0.069821715 -47.470997 15.762901 -12.521208 -9.106748 -1.5616806 -1.0509589 -11.170683 10.20625 -1.6161008 0.25294626 -17.218342 0.42957443 
-240.39877 32.607697 49.903763 53.294632 -24.645824 29.168434 -7.3095036 -3.5757868 -61.834587 2.5194914 -19.829302 -7.4851956 5.921876 0.7884312 -15.341217 6.6977215 5.6720033 4.5551305 -11.563662 -4.3311205 
-227.87518 89.79169 40.69323 38.513428 -21.055227 25.86044 -5.7964306 -11.645065 -72.74628 -14.164822 -24.154854 0.13285995 7.901948 -9.094601 -14.97904 7.7200413 8.625187 7.580579 -8.024389 -0.91635674 
-247.19707 137.72159 25.910107 28.68332 -14.164902 18.728075 -7.020738 -22.610607 -67.634995 -16.221834 -22.575882 3.0603313 5.6494308 -11.211609 -11.103359 5.500099 8.661533 8.547658 -9.101452 -3.5842905 
-257.37946 149.0179 14.433714 22.80006 -0.60771775 21.682758 -15.561169 -24.577564 -64.69146 -11.87672 -19.221947 1.156043 -0.34212625 -14.727825 -6.8228235 13.976858 11.179676 2.315458 -8.781011 -6.593605 
-241.66008 116.40027 15.602434 31.99047 13.630959 20.331379 -11.502822 -24.528942 -66.640076 5.2897434 -15.627096 -6.453759 -6.9977083 -12.20653 -9.312881 18.15586 5.501129 -8.676138 -10.507383 2.3093672 
-237.3748 70.278915 32.751266 49.557343 15.961897 21.429058 -6.719943 -14.092953 -58.56105 23.377216 -12.856266 -15.447119 -11.007002 -4.492161 -10.684938 15.085026 -2.439756 -6.465845 -6.133195 6.226932 
-244.48738 59.198555 38.88389 59.86046 16.683392 13.7935915 -13.449501 0.52746654 -44.629784 16.488083 -27.102419 -19.722794 2.2751575 5.257025 -14.04409 3.3860877 -2.0234275 3.694006 -3.9907174 3.8190916 
-248.35353 92.80675 22.217503 53.473618 15.361286 1.9336851 -25.757847 -6.881443 -44.294724 6.47618 -33.510086 -18.52322 7.1553965 5.063828 -10.723794 -2.2648652 8.963312 10.040428 -2.8623812 1.2687266 
-275.21744 120.6559 8.716997 56.485653 11.980446 -13.191577 -18.030521 -6.4826126 -39.70347 1.980196 -33.542717 -13.208328 -0.38652134 -0.044703126 -9.314898 -2.149948 7.9099455 10.514629 -7.452926 -3.499578 
-297.26523 115.414 14.894455 54.258583 7.123374 -15.341175 -7.0474114 3.8336842 -30.144838 2.790568 -31.310228 -9.80912 -5.629777 -3.154046 -5.5862083 -1.7808168 4.8530354 11.855394 -11.546576 -3.5858402 
-319.3064 118.627655 19.834503 48.623764 5.5726633 -12.68717 -6.8074923 -3.379425 -21.314632 5.0010157 -28.422184 -6.7477503 -8.791679 -2.5573828 -0.343848 -4.2651405 1.2091008 19.71154 -8.64403 -8.057247 
-347.7337 131.62173 25.307789 41.74765 9.147953 -5.0910354 -5.150438 -3.1910048 -16.886608 -1.7550193 -27.297983 -10.082195 -13.142778 -3.0210488 0.7161911 -5.114035 -3.0180616 19.19032 -6.038391 -13.157349 
-344.5112 124.961624 22.287655 45.00023 17.557983 -3.9972305 -4.4378157 4.9426074 -27.560604 -1.3992673 -19.311699 -15.458169 -11.615587 6.073347 -9.419811 -8.940053 8.314305 12.6784315 -17.126413 -8.623133 
-304.0807 117.43527 0.86870503 51.76906 36.11897 -0.18221214 -23.121117 -7.363858 -36.68804 3.925422 -25.452255 -29.029205 -12.288029 12.390671 -9.994263 -7.708804 8.45351 8.358517 -11.370504 -4.7498407 
-275.54907 132.68619 -18.617277 43.26043 35.84206 13.472298 -21.51302 -28.792295 -47.9538 4.4687653 -28.698467 -30.061306 -6.9399586 7.904453 -2.9332228 -1.7511843 11.076511 5.54932 -0.25153923 6.812094 
-258.55698 145.884 -26.363113 35.213585 21.107395 10.611656 -15.272173 -33.899002 -59.158863 4.912179 -20.987232 -22.340595 -5.405655 -5.3565044 7.9829025 -0.44135374 10.2583065 3.9293814 2.258968 11.338312 
-257.0103 148.35393 -15.9814205 34.887054 8.448166 3.8853126 -6.739491 -27.750599 -63.05149 7.11763 -8.801094 -15.697464 -12.142719 -7.6115427 5.352451 0.42063603 12.377666 4.5703287 1.4185288 9.502816 
-246.95259 105.092896 20.279968 37.927536 2.7254567 15.4459095 -2.8127353 -21.167274 -58.957733 11.983852 -9.148052 -4.4350805 -20.636253 -4.1724496 -6.7178316 8.921488 4.6124334 7.4237757 -2.4920864 4.0794897 
-241.79095 58.371914 42.967842 40.59394 -7.122239 22.91677 -0.7340098 -15.8086605 -48.994926 14.422789 -15.368671 -2.9268394 -19.78468 -5.7564 -12.026598 9.958 -3.9182172 4.9993324 -13.214087 5.9293385 
-261.9358 37.946747 54.524536 48.06992 -8.5722685 18.19769 -11.197513 -16.229158 -41.926426 15.052945 -24.254354 -11.349606 -19.478054 -1.0491154 -13.738153 -0.16083568 -12.290702 5.3768816 -12.313398 -1.0500599 
-265.48477 66.21109 41.469975 43.573303 3.9360108 18.462849 -24.551682 -25.870218 -46.828682 10.949518 -29.854984 -26.633142 -28.484882 0.2721446 -9.798948 -7.9602737 -8.491381 13.506989 -4.784541 -2.101341 
-273.81088 104.56465 14.131506 53.56595 27.884933 9.463373 -33.434456 -25.997654 -38.71517 4.9510627 -33.288464 -25.656708 -15.842946 0.9243592 -9.0645 -12.42872 0.6529527 18.87254 -7.1047726 1.5840883 
-283.80637 113.82997 1.7495935 73.04173 42.31395 -3.0077689 -30.682358 -20.302273 -36.097137 -1.2912803 -38.798096 -21.23619 -2.8943627 -1.7062604 -12.228323 -4.699725 3.4329 13.383152 -9.541426 3.4390197 
-292.56116 114.97133 1.6388977 82.300674 43.700653 -11.725273 -21.841232 -8.685915 -37.0277 -6.6622066 -39.88074 -17.216843 -3.2476044 -6.0770125 -16.80852 1.6912401 7.102275 4.2103662 -14.14967 -1.0307792 
-298.54477 117.736885 -0.5823511 81.658646 39.581665 -17.92521 -17.87764 -3.8195655 -39.52101 -6.378163 -39.18212 -15.025459 -3.3650084 -8.007086 -14.685331 -1.539535 2.1116195 0.5854986 -12.9282 3.140664 
-297.44754 124.7166 -3.1526353 82.44606 36.22881 -17.329153 -16.19553 -4.5683722 -37.371315 -5.1566305 -39.293625 -13.768347 -2.110891 -13.288804 -10.135351 -1.2375312 2.088871 -1.7913175 -17.382702 5.8932676 
-292.91608 127.176994 4.3936887 81.45842 29.115444 -13.13039 -16.513153 -6.7633123 -33.88726 -6.230052 -35.587547 -13.58235 -3.705739 -11.726608 -11.90554 -3.7829735 3.452301 -3.7467883 -17.097473 8.751995 
-270.7945 84.95471 29.512627 80.730934 14.771835 7.893613 -18.971489 -6.0596323 -38.04853 -5.2254643 -30.234928 -14.2619095 -3.681215 -7.7820597 -18.181274 0.34847367 4.1185484 -3.7605734 -19.01015 6.8212805 
-260.47318 42.0047 40.472813 80.399414 5.863244 14.462425 -11.189369 -0.73386294 -33.778694 -0.5106343 -29.375992 -15.558798 -5.6002197 -2.6384132 -17.392746 4.8813114 1.301738 -3.8690953 -19.931042 2.540081 
-260.72476 17.543045 35.41191 75.82991 -2.443964 10.221055 -7.115984 6.887698 -26.786457 10.85305 -20.420645 -13.391998 -6.257222 2.6459792 -13.901295 4.7039785 2.8167727 2.1834726 -14.14624 0.9076121 
-252.54398 38.83331 35.277466 79.81384 10.794666 11.395271 -12.319155 3.8409212 -34.973495 5.198948 -29.66116 -22.03743 -10.274374 0.94924456 -15.975561 2.3894436 5.418834 6.1106853 -13.601744 2.1988382 
-258.07907 84.273056 19.538376 83.3351 32.685047 7.0560055 -19.706116 -6.3851433 -40.90042 -5.1846876 -44.020206 -27.154898 -7.4887896 -8.22596 -13.883032 5.4506774 7.79629 5.3151054 -20.825134 3.6211946 
-259.6414 112.13665 -3.5693436 78.35947 40.748417 -6.574066 -20.862793 -15.484375 -40.836056 1.8478892 -47.753616 -21.543598 1.7116029 -10.789035 -13.28705 4.331391 0.86398107 9.31504 -15.82402 3.8611145 
-254.02847 115.465 -12.199638 70.72357 38.973183 -13.364746 -25.895565 -23.518013 -40.27109 7.2028294 -46.635624 -16.714794 6.3833923 -11.063704 -14.201847 0.20169282 0.9375322 14.810727 -12.507866 2.4767413 
-256.98285 124.45112 -5.095374 68.53264 39.731827 -12.239415 -25.471764 -26.103685 -39.22539 7.5404277 -45.024456 -16.052475 5.419055 -9.489204 -7.852845 1.6162187 2.2168827 19.13639 -10.003771 -1.1882625 
-274.5259 131.59097 8.867526 65.311264 38.335426 -10.330315 -26.339512 -27.214924 -35.7197 5.1255827 -41.129845 -18.722282 -3.288845 -5.6511574 -5.481411 -0.6783713 -1.0734293 19.150827 -8.186224 -2.8392525 
-322.8142 131.42816 24.915298 57.049072 30.56744 1.3170118 -21.10491 -20.098131 -28.829906 -0.60995966 -31.095533 -11.842327 -6.0718822 -4.756075 -6.3134756 -4.1236825 -5.408123 14.677862 -6.6732645 -1.9828644 
-323.8876 71.92768 47.996544 50.292797 14.007062 23.512634 -18.91664 2.6354806 -28.8913 7.0085454 -22.562172 -1.5909985 -8.379842 -3.0697916 -9.613724 -3.9345815 0.09252392 9.558891 -6.2636404 10.594735 
-298.65256 22.96244 52.35826 52.511047 -2.3661427 33.61592 -15.464058 1.8879693 -30.151337 17.744421 -22.280344 -1.4408963 -7.225759 -3.0338273 -9.698982 -1.8761919 -3.1261513 8.735154 -10.018725 10.084329 
-286.14862 15.871925 48.72357 60.7153 -11.862492 27.203096 -11.354315 2.3746433 -35.295723 19.343159 -19.890379 -6.869193 -1.9191649 3.9035914 -8.4149 -1.0152258 -3.3029966 6.765666 -15.891882 4.6728377 
-287.9139 48.69839 54.419365 75.82921 -3.3802733 16.296576 -18.100887 5.476006 -31.871597 8.5108385 -28.607063 -19.003395 -0.845203 -1.8202039 -17.243061 -5.6496763 -1.7470207 5.509051 -18.075138 1.5365212 
-293.8116 86.27995 34.427536 80.32045 14.280956 7.1877575 -21.641874 1.536591 -35.177925 5.2017736 -30.2836 -23.14286 -3.5578032 -5.256995 -18.913736 -9.042493 0.15202594 1.1948061 -19.546124 0.90552545 
-303.3997 113.909454 19.79628 76.47458 36.47901 -0.1584791 -23.78134 -7.724705 -34.95077 3.0413432 -34.32521 -27.458702 -5.7807946 -1.766414 -18.577324 -8.348399 -1.0094091 0.060572386 -16.05707 1.469763 
-335.07147 133.22574 28.533152 61.709106 35.24413 5.0672197 -23.517662 -9.336838 -24.362122 1.6616333 -33.80866 -24.100475 -5.8348036 -6.0040064 -13.555858 -7.704953 1.4730649 2.6390414 -13.896822 -1.9107838 
-363.33887 139.1593 29.617035 38.103992 27.112995 15.721069 -8.716135 -7.6153927 -29.642712 -3.5109282 -12.25677 -3.4867818 -10.538151 -13.680363 -6.658857 3.0258408 0.4539357 -4.148621 -14.41297 -7.206201 
-286.75668 149.4011 -4.8078647 34.42988 33.759235 14.358882 -8.989893 -33.13874 -47.446945 4.465764 -18.821358 -3.6764033 -8.741137 -15.514992 -11.715832 14.44384 -0.7633507 0.8659744 -7.2052183 9.045297 
-235.99814 152.22775 -17.531273 37.6812 25.794218 -0.4626335 -13.581736 -41.02932 -45.824623 13.796136 -22.172253 -1.1485229 -11.550705 -10.249655 -4.015671 12.483753 -8.745019 6.6823983 -10.298983 9.86223 
-249.11272 144.38928 -17.777813 35.20321 19.438196 0.3004177 -14.536201 -40.451813 -42.242867 16.58878 -20.227253 -1.3199447 -13.323832 -2.8380246 2.3977528 8.120064 -15.350711 9.078714 -11.980745 3.2763107 
-302.25854 142.41843 -2.4599392 36.033546 27.121107 15.109 -10.554042 -31.493786 -33.290512 5.7335806 -16.322674 1.1694795 -15.831621 -9.528789 0.107795596 -1.4513345 -17.468231 7.294278 -17.686844 -5.496275 
-332.25247 149.82954 21.487484 48.60189 32.83611 21.35134 -8.631182 -20.591125 -23.912071 -6.0291104 -8.838112 -6.390169 -21.234272 -13.625748 -5.2937684 -0.6596431 -7.266035 5.284461 -13.321579 -5.3425937 
-326.5231 149.44644 24.085815 41.68226 30.643871 20.997908 -13.650389 -24.466995 -28.694538 1.2810715 3.3887033 -10.525953 -20.108015 -6.274756 -4.374424 2.6124 -5.9314466 4.493799 -7.172455 2.0538046 
-330.08624 160.41737 21.557907 29.060364 32.298424 11.738495 -20.741638 -27.69667 -30.908953 5.489215 -3.412774 -10.047333 -14.0187435 -0.56079245 -4.3056927 3.571911 -9.053246 7.1038837 -4.0618563 2.402631 
-331.5908 167.4607 18.568085 28.763199 32.77176 11.373571 -18.3818 -31.06025 -32.677402 6.2492237 -7.21539 -10.608975 -10.871227 5.527725 -0.6873043 1.1673543 -7.9653053 2.6245859 -6.1835256 3.7277186 
-333.85242 165.92032 19.887272 30.732752 28.145866 13.185634 -16.020088 -32.834034 -38.63964 4.1300216 -4.651273 -12.24983 -7.8257008 6.885479 5.8084493 2.1122463 -11.407719 1.372689 -6.286506 2.0809124 
-328.0251 156.2194 27.771872 40.324333 23.379791 19.112053 -14.259195 -31.189434 -40.915882 2.3025348 -7.191221 -12.177825 -11.081304 1.5622115 5.739475 4.556782 -6.486967 -0.55232644 -5.9156284 1.2039286 
-285.34116 83.909515 57.828613 61.36652 -3.0386386 31.272663 -13.617371 -20.463242 -37.013237 12.489798 -17.367308 -13.876301 -15.441827 -6.1682425 -0.8776241 5.7128816 -0.8659532 -3.5428107 -10.948827 9.375037 
-268.64972 31.352358 56.02318 67.7736 -15.316214 32.76726 -3.14461 -5.177844 -28.811455 17.485966 -22.283175 -12.502869 -9.397628 -3.059807 -7.0020123 3.1700792 -0.62008625 1.5249357 -14.353582 9.643564 
-271.17603 10.231708 37.652905 71.70851 -15.256915 27.070452 -2.62777 -3.4864726 -31.734825 16.802586 -19.30081 -6.9953756 0.5831524 -2.6233063 -11.421936 5.82946 -2.2961185 1.6640108 -16.313963 4.8499084 
-276.35907 34.920876 38.332924 78.556946 -10.851447 11.665279 -11.224493 -3.3377328 -34.760365 12.246937 -23.519096 -13.645716 4.219443 -7.6421356 -12.360681 9.746237 0.7904507 3.1931872 -12.74126 -0.8696685 
-269.45834 95.32588 31.940289 73.89299 12.025576 3.05047 -21.489573 -4.80945 -37.19912 -5.730174 -36.46032 -12.439762 8.616136 -12.95984 -18.15807 3.1893723 2.1029727 -1.5512434 -14.255456 0.7078323 
-286.8305 122.37926 19.17216 61.088715 18.49699 3.0110688 -16.282034 -5.481544 -32.282475 -8.658808 -36.43206 -5.941474 3.9301884 -14.185156 -16.85598 2.183321 4.9338574 2.5571117 -14.060657 -5.2431593 
-308.9192 125.69106 11.791479 42.640224 17.762232 19.183268 -8.90292 -10.098473 -25.872595 0.0019298792 -32.010838 -2.425318 1.3436947 -11.698259 -6.174871 2.574713 1.8170743 8.715593 -13.25877 -8.573722 
-329.08157 135.15546 9.714544 36.66745 19.606756 25.183853 -4.6918354 -11.308523 -20.559097 -4.6064124 -26.746891 1.7489225 -7.7954206 -11.076741 2.333002 -7.414728 -2.9181595 10.866684 -14.086283 -11.782976 
-328.56308 126.38522 3.1885095 45.64624 30.789597 14.452761 -0.7313743 -5.3430314 -27.031116 -4.614358 -29.028683 1.8715894 -11.024029 -8.321594 -2.3210304 -2.0043197 -1.6592816 7.10925 -19.57689 -12.034613 
-317.55292 120.66811 1.0976968 55.35073 35.66504 1.0577021 -2.803621 -3.9884243 -35.7162 -0.048513353 -28.61622 2.82741 -6.38896 -3.3042712 -11.990943 0.41511178 -0.9783409 2.8204875 -18.165798 -8.408946 
-326.97778 132.59634 12.297073 55.206062 32.50953 -6.051036 -6.579628 -5.7954073 -34.011112 -0.067313105 -31.135345 -8.180059 -7.093728 -5.9474688 -18.355 1.0547564 2.2385087 0.24277961 -16.354984 -4.066416 
-342.08093 138.57077 18.82788 54.690636 30.923885 -5.94199 -6.0893135 -2.6311643 -28.680141 -5.9301467 -31.321709 -9.084774 -6.9879994 -9.280285 -15.394095 4.89739 4.474347 -1.8673483 -14.142987 1.0758457 
-346.22504 134.10162 19.386566 55.66823 34.04994 -6.383493 -7.0431943 -1.7997514 -30.030922 -9.553432 -31.72158 -0.28767246 -0.8504189 -2.9717114 -12.920675 3.2731206 7.1069555 2.1429846 -11.018633 1.8507283 
-356.42264 137.59003 25.75687 49.89811 33.120674 -5.039905 -14.010752 -4.2860384 -20.215229 -8.238155 -34.36767 -5.8809586 -3.4242225 0.11605537 -14.168146 -4.269092 3.7274907 6.649062 -7.511385 -3.4835331 
-341.08734 94.09254 57.50494 38.696064 19.65757 9.884368 -24.102066 6.2378244 -19.50362 -8.770786 -32.575493 -2.633294 -6.653494 6.0469656 -18.917665 -7.7359114 -1.7659254 9.059284 -12.827027 -1.7459296 
-311.139 36.022568 60.665894 44.860687 -6.186702 23.65985 -13.189373 -1.2673519 -27.975876 5.267329 -24.345867 1.4735744 -8.081663 2.9235368 -19.82653 -1.8215878 -3.5373163 10.603368 -13.343534 0.61203563 
-291.29895 16.263435 42.159485 46.21084 -12.043093 25.420755 -3.0682268 -1.7224696 -29.233644 17.150845 -21.233631 1.2780029 -4.8173895 5.6983566 -13.064972 -0.00024440885 -8.4537945 11.602327 -6.085786 4.397158 
-281.5059 37.436287 29.110054 43.986694 -10.672001 22.06982 -4.3483434 -1.8050454 -23.747139 21.57463 -18.369843 2.0408487 1.2671192 6.5568094 -6.2783165 4.7944255 -11.731496 0.5199295 -6.917665 1.9312812 
-265.59204 112.03174 14.572106 21.358967 -12.8225565 19.690485 -7.459526 -6.554281 -25.318798 14.101749 -11.130103 0.87844324 -8.884809 -12.325485 -14.972604 0.3270708 -8.890077 -4.873785 -9.03701 2.0194557 
-278.57596 160.10242 10.444706 1.04024 -12.982248 17.717361 -6.975198 -7.877287 -24.897385 3.5854363 -8.378969 7.2467194 -10.908134 -12.387869 -15.093777 -8.806517 -4.8956985 -5.164912 -9.775081 -2.9753513 
-310.82132 163.56387 18.25244 -3.2600868 -13.329616 16.955029 -5.0983095 -9.990494 -25.712967 -1.5398235 -8.295911 10.057793 -7.3843384 -15.590336 -14.145569 -12.514641 -10.226507 -2.1529405 -8.491673 -7.307081 
-344.16138 154.64166 26.845722 14.6005 -3.2938945 8.218794 -5.391012 -6.4957542 -21.341377 1.3047898 -9.680488 6.0498614 -7.9918575 -16.694332 -10.857122 -13.662317 -7.0477166 4.554879 -10.879101 -8.983458 
-355.04166 155.90457 24.599983 18.82203 7.984788 13.348245 -2.8320036 -6.9828196 -23.0974 -3.600316 -12.6761875 2.7639637 -5.782663 -12.830113 -3.358735 -13.700478 -4.3998685 9.5926075 -14.497223 -8.115509 
-358.7309 152.2399 26.643503 30.35661 14.078379 18.870695 -1.5916733 -9.235254 -21.78295 -10.294439 -16.336706 2.8367162 -7.3804064 -7.4272404 -1.250346 -18.50837 -2.231093 7.1316032 -14.585699 -7.8392925 
-324.2409 99.67584 47.412357 29.569714 1.2069014 30.691833 0.8982575 -2.746202 -26.962688 1.53892 -25.717575 -3.1716073 -9.832419 -0.33980155 -10.861961 -5.755879 -2.872414 0.96606034 -7.966444 -3.5772896 
-298.8502 46.030273 60.092346 40.660458 -11.335461 38.420456 3.6084754 3.467877 -24.383188 18.207037 -22.81168 -3.2296655 -5.404168 1.571147 -14.623639 -0.44228444 -0.5815456 1.2043962 -8.6254 5.827647 
-295.7817 17.821552 57.81597 53.910095 -12.971517 32.576035 -3.1369686 5.3497753 -21.553139 22.697357 -20.129522 1.7203528 -0.8942394 4.4902854 -10.296097 -3.2545753 -3.1036856 0.6031102 -12.25025 6.4126563 
-296.39157 16.271494 48.65637 52.94387 -16.679773 27.584602 -3.3348722 1.239172 -30.093801 25.275469 -15.481825 -1.9764646 -1.6990361 7.9871387 -2.45447 -0.20786834 -6.9690027 0.07223064 -13.626352 2.1316183 
-291.61612 54.558426 54.07372 61.203255 -5.353299 35.582993 0.060605884 -10.318317 -50.50443 8.016014 -19.599607 -13.071259 -14.994029 -6.068325 -4.243453 3.6417766 -7.963558 0.58695644 -17.425152 1.8323376 
-297.9358 101.70044 40.079235 57.15435 5.177025 34.7542 -3.8477821 -21.589806 -56.989487 -4.845388 -17.464603 -11.348989 -23.695494 -12.898844 2.3264558 -3.026977 -7.841417 -0.3532115 -24.432446 1.3922834 
-305.85986 123.2072 27.893963 57.54162 14.798335 31.616993 -1.7487891 -29.153143 -50.964783 0.07662034 -16.53231 -9.298872 -24.757147 -10.705143 10.766438 -11.150415 -2.6027718 4.5769124 -25.85831 3.5557585 
-318.7302 122.31706 20.560085 54.609856 14.6891575 29.16341 -3.5567303 -29.97855 -39.134163 5.576842 -14.146221 -6.1521187 -30.449083 -9.662407 9.769812 -13.251015 -1.9391898 1.6593001 -23.069641 2.0686808 
-326.10294 127.01415 25.596306 41.77111 20.89457 30.918322 -5.473337 -23.78508 -40.34243 1.8472703 -10.971628 3.2920356 -26.658978 -8.9173 8.714059 -7.842844 -2.2458513 1.2642478 -19.924824 3.4098666 
-283.04337 150.37666 17.159397 21.682592 7.4484196 20.135298 -12.659421 -26.842487 -48.64955 4.6342707 -1.9227312 6.0026455 -15.056927 -8.473789 6.075456 -8.260312 3.6407237 2.2788239 -23.944372 5.950553 
-246.39006 162.31052 0.8667642 5.4677753 -10.960417 17.415466 -4.1487126 -25.257412 -43.8928 14.809199 2.3812637 8.791758 -11.273897 -10.600206 2.1753664 -18.450506 4.8499374 3.8533187 -27.442673 5.4800844 
-249.67438 167.05696 -8.888338 -4.235234 -21.755802 14.74497 5.300085 -17.824673 -39.47946 18.031403 1.6412699 8.96641 -4.930909 -15.450076 -2.976461 -22.273586 4.603667 7.3811264 -23.4777 2.7362134 
-271.52133 170.42389 -5.188736 -6.6220036 -29.240292 11.273938 9.485452 -12.039661 -37.922558 11.576433 -6.439082 4.272983 4.3136606 -14.553553 -4.7075973 -23.801735 -1.5896566 8.672376 -16.23823 3.7957056 
-291.76053 182.93588 9.104197 -1.850997 -32.05355 0.81413126 8.474952 -12.975307 -34.48855 0.8852778 -17.644547 -2.1242073 7.145193 -12.256927 -4.844363 -22.11333 -5.736356 2.4353678 -13.6695 7.7347736 
-302.72504 191.5169 14.764723 -2.9922173 -30.98917 -1.580807 12.95549 -7.843677 -26.971012 2.7115734 -18.408 -7.0658083 -1.089597 -14.790623 -6.354802 -18.373142 -2.1392508 0.4029908 -9.548541 4.4362574 
-299.19467 186.81334 10.180931 -6.9416924 -23.50589 3.7289705 13.003202 -6.854027 -24.51838 8.704907 -16.904003 -9.536474 -3.7133694 -10.863855 -10.041576 -14.595116 2.3027012 -1.3156524 -4.5345044 4.275958 
-302.99612 169.56816 5.894992 -5.7552867 -16.256992 7.0364914 6.8129854 -1.992595 -24.600777 6.519323 -11.875427 -5.860197 -2.6378314 -9.652273 -13.545275 -5.7332683 -2.7493734 -5.378335 -2.817634 3.3523383 
-239.03065 172.28535 -16.187548 -15.008598 -7.2421007 2.6059844 0.45932394 -9.596258 -30.324959 16.618198 -7.823533 4.3375816 -5.0409517 -17.729057 -15.695787 -0.80116034 -4.3034325 -2.7039459 -9.690966 1.4434245 
-193.47243 174.14438 -30.003922 -13.322002 -8.351972 -0.2347703 -9.781845 -15.148312 -35.423534 26.024899 -6.1457396 5.397157 -1.6060528 -21.07611 -10.814719 -1.2562137 -9.542729 1.9015515 -15.003983 11.394272 
-189.15926 162.50864 -38.132362 3.3615599 -4.280328 -8.2834835 -23.168285 -27.478226 -37.208344 28.882362 -9.556022 0.6465953 2.2349877 -13.209525 1.3454611 -2.7876494 -12.609454 5.9972105 -19.912909 15.008371 
-208.53023 153.15091 -24.41719 32.676464 5.947833 -13.794348 -30.700596 -32.43888 -37.20681 20.43482 -17.349348 -10.909507 7.3364353 -7.494768 11.790105 -8.245858 -10.214773 12.825527 -21.619095 15.316919 
-227.92946 144.30478 -12.248292 48.870995 18.57333 -11.164394 -37.487545 -35.793053 -39.753036 9.260332 -27.130867 -12.623986 8.21929 -9.923651 7.4670653 -8.152624 -0.80237687 16.707218 -21.636215 10.103058 
-236.3749 141.84111 -9.357407 44.2994 28.583054 1.3103274 -46.564503 -43.423225 -42.592075 8.314894 -28.907211 -8.541983 0.5810206 -12.648668 7.189853 0.65783006 -0.2692867 11.263754 -20.305706 11.2768 
-245.1469 147.93176 -2.03649 34.062347 25.462032 19.734316 -40.34038 -37.642937 -45.429733 10.19175 -25.604801 -0.20412892 -1.822413 -22.260757 7.2948875 7.488003 3.6177325 7.177724 -18.763077 15.595948 
-274.66595 165.51814 7.3725386 30.525826 21.33229 26.490988 -25.43958 -33.431522 -44.407303 -0.4253012 -24.144505 -0.8193602 -0.48322546 -20.91431 6.3480077 9.238974 4.107679 -0.32536647 -22.428267 11.307804 
-305.5201 166.50671 13.353052 30.63162 30.33976 21.562618 -18.669104 -34.89292 -43.76834 -2.60075 -21.184277 -8.759665 -3.4416776 -6.275206 9.177244 13.586054 -0.28427827 -2.3190334 -14.633285 10.887452 
-315.85342 155.87341 13.419683 43.070023 45.236683 9.762911 -24.362389 -31.104652 -39.359787 -0.28890193 -26.494228 -16.134708 -1.7806426 -5.9888906 -2.9577374 14.148373 -3.5043237 -0.46581575 -9.464428 10.208208 
-315.14523 140.1123 13.140585 63.09755 47.210518 -5.2997847 -20.389664 -18.804691 -32.89716 -2.0715208 -34.622475 -15.406586 -4.1010747 -4.8983164 -13.193563 8.001572 0.04392171 2.6729832 -13.598951 6.64559 
-308.40945 136.89175 8.279043 75.272064 43.640324 -13.220379 -14.293491 -12.31703 -33.45775 -5.0586386 -38.445114 -13.346785 -1.5504534 -6.0768366 -12.318583 0.53411955 -0.99682504 2.0461216 -21.318794 2.5810852 
-302.86572 133.4255 6.0660276 72.73925 37.87992 -10.363961 -14.263567 -9.556253 -31.896606 -1.9893637 -40.58213 -12.564632 1.3230082 -11.732197 -11.412113 -7.085067 -3.7562573 9.1946125 -23.771976 -0.9209558 
-284.3066 105.36031 17.51627 76.857956 22.016182 5.262385 -22.323086 -5.1508093 -31.015738 -1.0399532 -37.29309 -17.372026 -4.171831 -9.990971 -10.686216 -5.8076687 0.01729551 5.270386 -24.615162 -6.6600084 
-254.9535 56.198982 43.372334 88.72416 1.4867224 20.247547 -18.577753 1.6509709 -34.17652 4.183731 -31.450748 -17.72245 -6.777193 -8.00575 -14.136555 -3.6645193 4.846245 3.1834111 -21.334255 -3.538886 
-257.1738 16.980587 46.35322 89.465576 -11.798315 27.624882 -6.9862833 6.901536 -29.395338 16.037518 -26.451847 -22.798967 -13.11842 -4.567642 -12.051262 -5.373847 7.0420914 3.0164573 -19.751944 -0.17286807 
-264.15897 0.4596126 25.044518 81.5164 -12.001947 25.108599 -8.754751 9.100983 -25.454456 22.579102 -21.60907 -16.56603 -14.40891 -2.5364764 -15.794205 -5.6370916 7.166846 0.66681826 -24.36536 -2.2213275 
-262.5502 22.591171 24.51204 80.05643 -3.9830322 18.016132 -13.648818 1.8054814 -33.60583 10.347572 -24.06106 -14.870887 -11.214768 0.6675012 -18.638437 -8.353893 3.8570142 5.7632303 -17.73366 -0.04592365 
-260.34555 72.20091 27.938179 82.42314 19.034431 14.479324 -24.921778 -11.479355 -34.414234 -1.315705 -35.710075 -21.18614 -7.4587517 -0.7874887 -19.453938 -7.240943 3.2417796 9.236599 -16.570694 1.3299785 
-264.4012 105.857285 4.867909 74.859146 26.828619 4.640919 -23.562359 -18.979816 -37.257828 3.4852011 -42.694443 -21.777988 -3.6290038 -2.703907 -17.844908 -6.5528975 0.097161144 7.3727117 -12.789352 2.3111293 
-274.28342 111.27179 -5.3339024 67.292145 25.014267 -4.110481 -16.327633 -21.15996 -37.19973 10.033539 -41.104282 -20.452274 2.1633308 -2.9630377 -9.98209 -0.8629463 -0.9411328 12.540849 -13.079282 1.8508427 
-271.9472 115.873245 -11.052237 61.402473 20.50273 -0.7168165 -15.392845 -25.836985 -36.312305 8.892063 -35.142963 -23.24353 5.863392 -0.5834067 1.6238879 3.5183625 -3.3524833 12.492571 -14.315786 1.4048055 
-264.67825 125.12681 -13.378892 56.192223 18.002834 4.8922534 -19.23062 -31.429821 -40.594376 10.300051 -26.312916 -20.255571 -1.0238658 -6.8706236 10.002138 0.9496038 -0.69472516 10.544922 -11.556704 5.2648783 
-255.08423 126.87703 -15.807945 51.546272 19.142288 12.044241 -21.597538 -32.422493 -41.285843 9.934494 -22.35685 -16.366226 -8.869205 -6.617648 13.517967 -4.4970465 4.9774446 9.640291 -8.36895 5.146396 
-231.1628 91.98865 11.330065 47.208523 17.206337 21.901962 -24.97821 -27.198547 -39.38842 6.45356 -25.088531 -11.397322 -20.887897 5.25253 4.5027933 5.1323137 -0.25798726 9.662004 -7.5400124 4.753875 
-240.94563 47.441944 46.0419 55.480667 -0.8458468 21.615372 -20.544529 -19.368399 -37.80477 14.182846 -19.008575 -7.886052 -19.405045 3.348837 0.6573936 7.673242 -3.3853512 9.492958 -8.208548 6.202552 
-268.3548 19.966137 56.47495 57.77211 -12.693904 21.406063 -14.14879 -10.110028 -30.805183 13.983183 -18.742332 -2.5992074 -6.772438 3.6470451 -7.721784 1.2661108 -6.704468 8.639248 -11.260494 5.7084317 
-279.49646 9.423062 52.02233 58.337204 -14.4152975 25.203468 -9.682188 -7.1485324 -30.63657 16.540157 -18.24718 -4.0653353 0.080163 3.4940517 -11.90398 3.0840573 -5.3455753 5.6569066 -16.531197 5.868519 
-275.981 20.850845 46.892426 57.810402 -15.674383 21.010475 -7.282034 -5.691328 -36.736855 14.187428 -21.356098 -12.299257 -10.662342 -2.0376847 -13.730633 3.2468376 -6.0180097 5.1967344 -13.76633 5.4881887 
-270.82614 63.56321 42.352097 49.31031 -7.2023425 26.220465 -5.9459395 -19.575718 -54.697945 -0.99726814 -25.854263 -20.592827 -27.953983 -12.155861 -7.3410177 7.7560425 -7.106348 0.44290793 -16.74831 7.339635 
-285.8378 100.646576 23.209816 47.566196 0.23202865 28.975122 0.18945462 -22.600307 -58.09405 -6.7123814 -20.517654 -21.590633 -33.503944 -14.334024 4.4142175 2.6827488 -3.828124 1.0308815 -17.20674 4.6057863 
-300.35193 121.78615 14.110303 44.675117 4.391046 22.960335 -1.2811611 -23.910343 -50.51965 3.4015841 -10.911026 -19.590546 -31.074568 -15.520018 7.2977023 -10.332385 -4.852358 2.9494524 -13.355658 8.463005 
-314.09018 130.48914 20.00316 45.80545 1.3431798 16.562458 -8.450766 -26.385643 -42.354774 7.6672735 -7.701081 -14.294899 -27.899715 -12.469331 5.436045 -15.097356 -5.3694887 -2.8251324 -12.762547 9.568717 
-325.7463 130.09496 28.509394 51.315746 4.2232594 17.580538 -7.873534 -28.464815 -40.2826 3.3864625 -13.383036 -10.47937 -22.678915 -11.3187065 5.580744 -14.849201 -14.551113 -5.638562 -14.331987 5.6382875 
-321.65704 128.47856 24.883656 51.49317 14.452147 21.531631 -4.551812 -27.819675 -38.891724 2.6174092 -16.413897 -12.55262 -20.739326 -6.488099 7.4247894 -8.346583 -15.221059 -2.7662687 -19.693087 1.6535752 
-308.3209 133.7143 10.979012 50.922607 27.524002 19.116367 -5.4003 -27.757153 -43.961845 5.0284605 -17.140978 -11.818531 -21.154896 -4.8389473 10.7716055 -7.191918 -12.718756 7.811183 -11.976759 2.8272066 
-280.524 147.08171 -0.34921253 48.151943 23.318634 17.20769 -12.185717 -38.317955 -51.16855 3.6940966 -18.569805 -6.008864 -17.891933 -1.7258985 11.810305 -1.5763092 -9.283619 8.122438 -6.263504 3.5146348 
-266.08716 156.02528 -2.284915 41.081326 16.40254 10.642235 -17.31057 -38.88276 -54.13633 4.083971 -15.369139 -6.427187 -14.185764 -1.6432222 14.055353 2.2300086 -4.174533 7.6514406 -9.068404 9.150729 
-284.44458 153.61998 7.6828194 42.293518 15.578137 7.3088894 -17.2513 -30.53126 -44.79574 6.5775604 -12.207375 -7.908513 -11.134124 -0.5710931 16.768965 -0.9288301 -5.9810057 4.461937 -14.919656 5.4298396 
-322.08395 155.12479 22.924183 43.70446 14.959146 7.6370993 -11.969433 -21.053806 -28.36869 0.7556634 -10.459261 -4.4432073 -10.544083 -2.0862956 15.563097 -6.3790646 -10.967766 6.3462687 -15.277191 -3.2648394 
-346.38516 160.3841 26.035324 43.216778 18.414677 6.0392528 -9.422789 -13.395918 -19.349762 -6.462942 -11.137331 2.2933693 -9.6299715 -5.7917385 12.310001 -10.736427 -7.7427177 16.55621 -17.478031 -11.539798 
-351.93823 156.92734 26.991531 43.32006 17.98928 10.79888 -7.5608187 -11.207649 -26.701294 -11.003988 -10.511766 2.6339982 -7.560238 -8.990103 10.728219 -8.622136 -2.2573183 14.883169 -22.289417 -13.831806 
-327.56656 155.87775 14.50182 39.94258 15.987631 17.44197 -8.310855 -28.447416 -39.79212 -3.8704295 -8.122778 -8.9042225 -12.71834 -7.6582193 15.146045 -4.734742 -2.5715597 6.4591904 -15.510519 2.027012 
-301.19257 151.41402 -1.2313223 36.46978 15.681631 21.293837 -17.525742 -36.832607 -44.78853 -3.329537 -13.343676 -9.825932 -10.801886 -9.2167845 20.171467 -5.0535784 -2.1866794 4.945645 -18.929234 7.773539 
-289.49384 143.40018 -7.5189943 41.354237 13.75437 20.605438 -12.294223 -36.812508 -53.458412 3.3560307 -12.817368 -5.853537 -7.2112193 -11.97047 21.694387 1.3011867 1.6845095 2.5198476 -21.712818 5.1852484 
-258.42957 114.56172 17.217705 38.31135 10.488106 23.830917 -11.755493 -33.027954 -63.272263 6.6132812 -11.693239 -7.8960423 -17.555515 -7.2069273 6.227289 10.032732 0.8259308 3.7714612 -14.902659 4.286689 
-238.75574 62.997353 49.124996 51.176586 -2.9753726 30.464252 -10.511915 -21.438356 -58.550858 14.009367 -12.536192 -8.141641 -18.18496 -7.2260184 0.5961509 16.392582 -5.2595882 4.631437 -10.530806 7.2893 
-248.09836 26.386711 58.4795 59.293808 -16.176619 24.877651 -7.733696 -1.8623576 -41.81588 19.969656 -14.653755 -2.3894868 -5.447876 -0.6795363 -3.474859 9.53919 -7.5438504 4.6274767 -10.729518 11.464333 
-261.49112 12.646515 50.726025 60.30713 -17.095098 26.77862 -7.330967 2.0909743 -37.348976 22.009296 -16.93061 -2.259982 1.1480634 2.1291564 -5.5471563 7.6777644 -4.1229405 4.0637484 -15.655668 9.188118 
-262.63937 29.589172 49.27983 56.96537 -15.49308 27.761616 -8.636051 -4.9587755 -44.46666 15.09547 -21.15989 -6.359762 -5.632528 -0.23983605 -0.35580346 9.960081 -4.055315 3.2414584 -16.800045 4.3480525 
-244.3321 92.3537 44.32283 41.239822 -10.730604 19.387337 -17.04527 -21.356964 -58.4295 5.954136 -17.281843 -8.905951 -18.18071 -7.731189 -0.9946215 2.180902 -10.722374 -0.7267818 -15.700253 1.0417966 
-261.12152 126.21958 21.164335 37.479736 -7.4192066 14.976868 -13.3080015 -27.461227 -62.540833 8.229081 -13.449273 -4.5642157 -14.976472 -13.341219 0.17306286 -6.826474 -6.47198 -1.6154156 -17.639067 -0.10839319 
-283.2909 132.08386 11.103277 23.270435 -2.9595 19.540848 -0.22085726 -20.667618 -57.21823 13.20637 -10.93141 -1.3806121 -7.024371 -15.31533 -7.148007 -9.139225 -0.021206632 2.8655891 -22.7669 2.036251 
-304.85764 139.93118 13.506559 24.349174 5.843087 15.101208 -5.286412 -15.105917 -48.749092 4.175461 -15.366625 3.7778134 -9.781345 -16.979069 -4.9682264 -13.618544 3.5588322 6.237871 -28.653324 -8.937473 
-328.65237 134.99554 13.745987 32.106453 15.034777 16.927265 -9.383568 -15.737693 -40.333504 -1.067219 -20.41457 4.650698 -11.783243 -15.132519 1.440572 -20.053661 6.2447376 9.497472 -32.114338 -16.976301 
-333.02643 142.0969 9.441599 28.808098 15.045392 21.378517 -5.8676977 -20.182453 -39.461205 -5.9143734 -18.250084 2.5329227 -15.483078 -15.289755 2.7880878 -18.503374 7.770226 10.972871 -30.85297 -14.971339 
-324.79846 143.83054 11.635391 32.090767 16.782232 13.619707 -6.900452 -16.931208 -37.93786 -8.511362 -25.34925 -0.8374734 -16.470432 -11.722786 1.5841784 -7.9592113 4.0584393 12.724421 -22.98647 -13.641719 
-290.31387 125.33922 6.433623 59.033768 19.206419 -6.0830564 -6.6871967 -7.4379797 -40.25064 -2.421461 -41.1556 -1.4746873 -4.001597 -4.821047 -6.68899 -6.6414785 11.947317 11.508585 -24.00323 -2.4229834 
-290.51074 110.48507 9.428748 80.24066 18.02723 -21.65981 -1.0669229 0.63574064 -35.3125 6.4930468 -44.762474 -0.050293922 0.7380159 -5.017184 -11.934099 -9.7558975 12.9580555 5.6040406 -26.611694 6.58632 
-318.1458 114.62197 25.857954 90.6011 19.410244 -20.350433 0.5219188 -4.153163 -30.70623 7.458029 -46.81112 -13.470905 -4.30997 -4.157666 -17.177288 -10.266451 5.7658515 -7.549159 -26.667263 7.994732 
-349.89044 126.09449 34.03048 76.86389 20.617924 -7.386882 8.221273 -10.209473 -28.42363 5.1139603 -44.951572 -16.535479 -9.102286 -3.5486395 -18.951717 -6.0609655 4.019121 -14.109688 -24.90504 2.4568627 
-352.5445 129.42044 21.880146 68.30962 34.0912 -4.6858845 -0.7016188 -6.8581076 -24.487053 -1.2392426 -42.006783 -17.50208 -12.932232 -2.888564 -22.122818 -8.600937 9.451601 -4.088354 -21.667477 1.7657813 
-325.5272 139.1726 13.47897 55.66343 40.335064 -7.5253344 -26.191257 -20.89608 -28.573229 -2.722125 -37.490623 -26.656704 -9.874664 0.72089666 -15.1573105 -3.4717283 13.411764 5.8290963 -18.967659 2.8522253 
-282.2897 158.41942 8.638487 28.119156 29.954151 13.727936 -39.927063 -33.507004 -37.346237 0.559018 -23.23841 -10.066506 -0.39459708 -6.334317 4.7564726 -3.624743 8.009607 -2.1127157 -16.407871 9.280455 
-241.78537 164.91624 0.05278182 17.241962 6.028846 22.755016 -27.173779 -36.345886 -45.810997 8.392121 -14.021706 14.03606 4.432713 -16.948404 7.1738863 -7.5604067 7.9997277 -6.347968 -20.516033 10.516921 
-240.79846 160.87451 -7.3789124 14.308765 -8.8831 12.934478 -10.001514 -24.28825 -46.02485 13.012002 -10.664216 25.831488 6.224125 -22.682648 4.4156227 -9.47426 9.338499 -7.1683025 -25.395319 8.346758 
-244.38641 164.43216 1.037961 19.162426 -14.566589 7.791751 -4.850383 -25.661882 -55.22146 3.5961752 -14.595081 16.806913 6.4112406 -21.04493 2.022501 -12.29096 7.5859146 2.3962202 -25.562878 5.3889995 
-264.40494 162.66908 18.55479 25.086525 -10.667917 10.917814 -5.411455 -30.947094 -58.182972 -2.179928 -13.104917 12.637832 2.7348845 -18.750046 3.7805853 -10.091059 3.796671 7.9450517 -20.999165 2.901402 
-294.35626 118.08224 46.992805 22.490847 1.7418923 7.394179 -7.1595297 -13.085356 -42.301304 -3.2460158 -12.953869 13.146594 -8.7583475 -5.1874676 -7.900323 4.1128607 2.1408916 10.441055 -19.214928 -2.714347 
-298.36307 65.36381 54.33902 25.279354 -3.8224704 5.940412 -16.486729 -4.8094006 -34.864735 0.88987774 -17.738403 5.1894903 -10.895685 4.232605 -9.091524 2.660129 1.0602812 12.04642 -16.2126 4.0609746 
-298.3961 93.48825 60.85975 21.979847 -4.6635284 16.892963 -13.526718 -15.673855 -47.37533 -10.320873 -23.929932 6.095258 -7.4581337 0.5840424 -10.178323 1.3008251 2.1428614 15.962585 -7.3585553 5.965699 
-337.4464 142.2888 48.531708 27.027382 4.0416474 10.361969 -6.9779115 -12.138174 -38.20807 -16.175282 -26.509838 -0.5571486 -8.949116 -7.371421 -7.540334 -2.3284626 -0.2287336 10.883316 -9.412617 -5.0893297 
-358.09598 148.04385 43.562588 29.490236 6.4656644 6.9113417 -3.9561887 -2.4559689 -22.86586 -10.623559 -27.883898 -4.1111526 -15.269816 -13.8283205 -2.181573 -3.7813458 -0.18764234 3.1687074 -17.611996 -12.494844 
-355.48947 156.23228 32.994507 27.27777 5.2374444 12.046845 1.8115155 -0.650821 -17.627373 -6.8044586 -16.298107 -0.5598717 -15.986338 -18.124348 -0.91780317 -3.686489 4.2459154 8.435464 -6.9343977 -4.1462684 
-362.76544 161.54666 34.6107 27.621328 8.549369 10.8659935 -3.6397018 -7.481653 -15.69227 -5.5978613 -8.148876 0.8505086 -14.000452 -14.369465 -5.159403 -4.9177504 7.6080713 10.909683 -11.264387 -4.4730525 
-361.33673 164.88254 29.794472 24.074034 9.842793 11.300783 -7.310091 -12.264884 -11.711765 -5.826965 -13.030869 0.09366386 -6.802346 -6.0571465 -1.2772185 -4.9598093 5.8180995 12.502177 -13.791967 -6.611252 
-356.14206 177.32437 27.97744 15.913425 4.788961 7.324992 -2.6358438 -12.023617 -10.540062 -4.2626405 -13.918789 1.8762907 2.452878 -1.9570892 -3.5906951 -10.428619 -3.1111712 8.071339 -9.947468 -4.8786173 
-356.164 182.32687 27.78543 10.832626 6.435108 3.2159934 -3.034081 -8.503483 -18.256084 -7.6887865 -16.08604 1.2673025 8.481985 -1.7742149 -3.5900872 -7.56008 -4.8741703 7.965696 -8.198584 -5.346597 
-370.68942 177.16801 32.718925 16.150675 8.523316 2.8249974 -6.6435657 -6.841155 -20.84613 -15.371737 -16.704063 -3.4562352 8.700508 -2.5807962 -4.36569 -4.9386115 -3.8798368 3.4950306 -8.576648 -2.6370075 
-396.58078 158.08347 32.912727 29.314997 14.000311 3.3140008 -4.7638173 -4.6868563 -16.477928 -12.628952 -14.234709 -8.669559 4.0367794 -4.903955 -2.6592672 -4.3212886 -7.240101 -4.8610373 -11.8077755 -4.666984 
-416.12253 140.51654 25.810495 31.207832 17.050915 2.549347 -0.037708223 3.251051 -4.5608826 -4.4814515 -13.206697 -12.971419 -9.420223 -9.401012 0.21519697 -3.3957455 -4.689476 -2.692783 -10.216448 -5.3928566 
-399.49335 129.79938 11.894779 9.159058 16.751614 14.849712 -5.100845 -3.9554806 -18.79158 5.0306234 -4.7133045 -5.145774 -14.51013 -10.731136 2.2753997 2.9323485 -0.2725619 -4.2239532 -13.814623 -2.582562 
-326.15213 120.57057 15.093494 3.6033812 22.771725 33.798843 -20.635187 -29.1625 -45.929695 4.4915514 -20.946995 -3.0257473 -9.207758 -16.310509 0.29487312 5.1122637 -2.8432546 -1.4839156 -18.136263 5.478036 
-272.2692 143.09818 17.1731 22.666233 22.963902 31.65593 -21.890266 -40.70051 -51.85074 4.1956153 -36.70017 -8.775534 -2.1890569 -22.65141 4.9658623 8.986954 -1.3069894 2.2614686 -22.251717 11.951716 
-258.06616 160.40346 3.4144266 34.191696 15.778849 23.716755 -19.12286 -43.450867 -45.590202 9.051134 -34.63244 -9.1688 5.2705584 -23.008125 13.990358 9.274836 -0.36998403 3.3019252 -22.219784 16.129053 
-269.28952 153.54749 3.2203305 39.051197 13.493036 17.341637 -14.643681 -43.895264 -32.008083 16.090717 -26.241762 -4.4342146 3.55401 -14.610372 17.457077 9.1454315 -4.457699 4.7129493 -19.831299 14.65243 
-294.1291 153.2259 10.464305 36.29087 9.435659 11.422598 -8.528126 -35.977093 -24.03019 11.691769 -21.338787 -2.6358726 -0.69284874 -8.918409 16.896896 -0.54929215 -9.214121 8.897961 -18.777884 8.080921 
-326.41434 149.12585 15.6177025 33.701424 17.331718 18.344261 -2.4302964 -27.715763 -21.090115 6.8190026 -20.896759 -2.5856574 -9.068328 -12.555299 9.954473 -5.420369 -8.933081 11.666273 -13.323744 -1.0041124 
-342.71167 146.02449 23.176514 35.816853 20.475952 18.821507 -1.6387944 -26.52966 -19.86499 3.0736115 -25.565876 -0.13601226 -7.8521814 -8.327487 7.2525883 -3.2928834 -12.264111 11.008012 -9.910999 -6.6366243 
-342.06708 140.6393 20.979538 32.794525 15.201678 17.782549 -1.2007835 -24.784584 -20.238945 2.9543035 -27.31967 -0.3840992 -5.259937 -7.026826 6.138592 -3.9988925 -15.787371 17.01601 -11.342514 -8.79371 
-340.53424 136.96521 16.388447 35.33452 10.035246 14.863597 -0.84622794 -22.333197 -17.7165 3.3669453 -29.152288 -3.83466 -3.7192273 -8.898893 2.6445513 -0.8779135 -11.001602 18.171604 -14.552048 -8.674639 
-341.57632 136.78873 19.818329 41.441605 13.193976 13.5534725 -2.9348235 -22.190996 -15.268513 4.9280796 -27.870586 -0.7691535 -4.220207 -7.8765907 3.343319 0.48248452 -4.591174 16.842564 -15.100908 -7.7970114 
-351.28336 132.68562 21.221645 48.678734 11.67741 13.948241 0.24421582 -20.142216 -14.481974 0.27476385 -28.879433 -2.6850817 -2.981009 -5.166245 5.2811546 0.5760535 -4.0377665 14.857275 -16.118614 -9.248379 
-348.8246 132.78427 19.687668 57.867146 11.571711 10.2719755 1.5597532 -19.153969 -16.825848 -1.5982898 -30.651426 -4.522545 -8.683815 -10.2089205 10.644552 -1.4279728 -7.5427094 13.114353 -11.655914 -8.406536 
-325.82202 108.18779 38.99681 68.301636 1.8828995 24.959934 -13.750168 -9.460777 -20.69672 -5.60343 -26.116444 -14.26582 -9.212341 -12.385333 9.66997 -6.0656223 -9.40299 11.50617 -9.830648 1.4318736 
-303.3834 67.091965 64.88664 73.78652 -10.567642 31.272415 -15.750517 -1.3247252 -20.657305 3.3023255 -24.802614 -13.932117 -10.789458 -8.597459 -2.6464903 -2.6951237 -7.227313 4.57435 -5.8126044 3.755571 
-285.68042 28.65232 62.889698 71.3537 -21.238869 28.292603 -13.617694 7.8529153 -19.982948 12.036318 -17.425709 -6.860777 -2.8765414 -3.1074157 -6.9433317 0.30521315 -3.045732 1.6570837 -11.0625 4.6257553 
-278.8984 16.15913 54.66896 61.855804 -23.339088 28.364208 -11.578693 9.59255 -23.963629 12.820812 -14.281759 -5.6901236 -1.5885296 -1.9285843 -5.6082454 1.97508 -0.8459763 3.152517 -17.194748 3.780757 
-299.4617 25.398159 60.887012 59.562157 -20.42494 25.145529 -10.767935 11.138655 -21.44989 14.729639 -12.914804 -5.38911 -0.25861347 -1.9764491 -0.22958243 1.0081874 -6.492632 3.8995147 -18.032791 5.5180264 
-340.23868 45.035927 59.485413 52.503838 -18.521023 25.276327 -12.504566 12.228853 -13.585604 10.882123 -15.436653 -1.1675305 3.2468152 -1.0297089 0.87814647 -3.803619 -6.0683255 3.9524016 -12.756754 0.21414101 
-376.93552 79.24293 51.126095 44.61227 -8.009142 25.678907 -9.831138 9.493957 -13.405842 6.9585214 -11.680376 3.7972636 4.184471 -4.2040157 3.5015032 -1.7890228 -3.9247656 0.2884909 -13.815521 -1.4248526 
-392.29813 98.692856 38.300198 35.994736 -3.7726035 17.474514 -8.381272 6.731283 -11.813436 7.4846106 -7.2602196 1.8672233 -1.4999024 -6.6694336 5.5658507 -4.562336 -3.314374 0.2354415 -12.107336 0.7811158 
-403.06183 107.84986 30.690056 30.932232 7.1157837 16.926882 -7.777584 11.918719 -12.1602745 -0.5711407 -8.976276 -1.7429554 0.34746698 -8.940435 2.3111928 -4.560006 -0.93440104 1.7116086 -7.3413653 -0.91334283 
-411.1463 115.659515 30.722874 30.3606 12.557964 15.45904 -4.835693 14.530092 -2.5681305 5.8265886 -6.129559 -3.813717 -2.7205296 -12.662294 0.4637853 -3.928903 -0.47315514 3.4110253 -6.816427 -1.7866836 
-414.5636 120.01758 25.427864 25.974371 12.130062 8.804156 -2.8253071 11.8979435 -1.3128275 5.835655 -2.5881517 -0.55397016 -1.4713402 -7.829819 -5.5708656 -2.4051359 2.1770408 2.5740235 -9.589008 -2.3027806 
-417.93567 119.50232 21.95507 21.438175 15.349974 6.495659 -0.45316005 11.238712 -4.0178633 1.1587076 -7.740276 2.2409241 0.7510554 -3.580496 -7.453577 -1.8508558 -0.43712753 2.198853 -9.693105 -4.996607 
-413.13348 121.937515 22.012585 25.929153 15.822042 5.6135445 -2.1945982 5.791913 -10.108452 -0.39681745 -8.530931 -4.684102 -5.5438337 -3.1765382 -2.5574021 2.1874807 -1.9115329 -1.0674474 -8.960679 -6.3036547 
-398.96753 129.11046 24.449196 38.72517 18.871277 2.855963 -3.2462573 -10.670038 -20.999592 2.1404903 -11.3026905 -11.779243 -12.598179 -6.027508 -1.1489633 -1.3568134 -12.653826 -0.2013576 -4.75971 -3.6689634 
-368.0589 136.0653 26.66838 48.80602 24.146942 7.877587 -8.672672 -22.265854 -28.270658 1.8568854 -20.157059 -18.403625 -12.626873 -6.508801 0.0008929968 -0.21483833 -13.768898 3.2646775 -5.2854214 -6.4700584 
-332.10013 94.271736 44.02726 60.569588 8.107912 20.158623 -11.305321 -12.000086 -32.602074 6.479297 -25.44685 -20.594864 -7.107367 -2.9006286 -5.1875696 -0.19476809 -10.898358 -1.5454899 -7.43649 -6.7108355 
-314.58517 45.144123 53.999317 65.72096 -10.896223 25.392796 -1.7150226 2.4853745 -30.688839 13.284069 -26.034405 -16.04659 2.4842021 -3.5253224 -7.785613 -0.2645486 -11.148743 -2.4753323 -13.362734 -3.300856 
-308.10416 23.166924 51.828156 65.14751 -18.809883 24.81055 -3.3128636 4.57102 -27.385384 23.76197 -10.309818 -5.3491306 9.710018 -2.05071 -7.108119 -0.23962712 -6.149505 2.6704645 -14.408278 -0.51749724 
-295.20087 15.158991 43.661194 65.87397 -12.481392 23.470486 -7.601332 8.245625 -24.184496 19.443386 -7.444066 -5.5060153 4.7464004 -1.4775186 -13.520242 -2.604059 -3.9761336 3.18598 -18.633999 0.915683 
-276.5669 29.206215 40.86232 70.20257 -4.6093335 15.183752 -16.006283 3.7341175 -30.083366 6.496588 -19.190971 -10.666199 1.8842496 0.16217348 -16.695316 -0.8937049 -2.4717796 3.7557192 -14.791031 2.4198494 
-266.5832 74.567314 39.49975 76.74059 12.474024 6.9993796 -29.20063 -4.6401825 -32.403 -8.263298 -41.24353 -12.047966 6.5788364 -7.2708387 -17.49067 0.27665395 -1.1554532 3.9537044 -13.608564 0.079752445 
-297.1589 112.55398 22.74733 68.05791 22.168674 3.9492624 -24.970001 -7.311407 -28.301556 -16.662369 -46.004616 -4.93897 7.6426544 -20.49504 -15.523223 3.7393644 -0.7546078 4.708474 -12.645539 -3.5121608 
-323.80878 123.98634 15.414263 50.192738 20.907513 13.677031 -15.612615 -11.98757 -16.520031 -11.835798 -36.860657 5.1476774 1.3455632 -17.899723 -6.2858725 0.5637558 -1.4987235 7.125473 -11.856071 -8.750383 
-330.73215 135.88252 16.207644 40.495167 18.224575 20.083748 -12.009091 -17.42593 -13.247371 -6.1953115 -30.043081 9.778492 -8.327017 -10.123597 3.905026 -11.049009 -3.7178714 9.559454 -19.69384 -10.169561 
-334.17493 140.47913 13.06861 39.977673 20.559727 15.048985 -7.1079974 -13.790873 -14.887583 -0.6450335 -27.295403 10.481015 -10.271807 -12.543009 4.410368 -12.136539 -2.2287576 8.914504 -22.147324 -10.583786 
-318.32303 129.3977 23.620855 48.17817 19.67421 11.619286 -13.764143 -13.480825 -24.068638 -2.1887918 -30.621521 1.5020583 -5.4513087 -9.45239 -4.083357 -4.168129 3.500918 3.412214 -16.09829 -10.198759 
-292.69708 122.5781 25.177748 65.12358 25.570274 -0.8499346 -16.754944 -6.6230555 -27.417974 -2.3239028 -37.681976 -5.181015 -7.083821 -5.5104656 -7.8637934 2.5752451 9.772728 4.4978013 -15.562273 -6.4925394 
-297.0378 116.3615 17.15485 80.70238 28.465889 -13.830875 -5.790324 -6.0376015 -37.082207 3.082754 -40.559013 -13.13905 -1.0498194 -3.5213668 -12.061749 0.031855106 8.159217 -0.2653308 -22.850563 1.810889 
-319.388 112.8502 23.163866 83.869995 25.281296 -16.443897 1.9337761 -8.60467 -32.218082 8.514511 -40.01271 -15.219933 -3.6567557 -5.302303 -19.705433 -4.7528176 2.6259837 -11.367241 -28.927118 8.206591 
-343.77545 119.375755 34.031273 78.392586 28.706451 -9.838419 4.8990026 -2.6991313 -24.65134 3.650631 -37.826622 -13.070206 -11.242432 -4.0807266 -17.524223 -6.094933 0.15683532 -7.306055 -24.088295 8.308141 
-373.0859 134.73792 35.69989 63.809364 27.438206 -2.6338034 5.609009 -2.80159 -17.874323 -1.4060712 -26.25325 -5.711767 -8.581545 -5.074359 -14.159773 -6.6291356 3.4135313 1.909519 -19.93734 0.16358757 
-375.2631 124.21852 30.95718 45.90007 20.679829 16.382025 -9.096907 -2.2734385 -18.078135 3.615201 -8.344591 -11.895164 -1.186667 -3.2778568 -7.619706 -7.3242736 -5.178005 3.3622072 -17.03244 -5.3147497 
-324.5585 125.58561 22.276058 44.68892 26.739288 23.042103 -26.058924 -26.042044 -39.028065 -0.40843964 -13.280878 -22.971272 -11.499181 -1.2537555 3.026732 5.1467805 -5.1635175 4.029649 -13.100232 -1.8843994 
-308.769 146.9331 16.373766 38.93389 29.125088 21.060482 -31.57458 -36.20627 -48.26051 -3.475508 -19.816391 -19.700642 -12.055235 -11.268859 7.6105504 14.739761 -4.5793095 -1.2774808 -13.571911 1.2008553 
-298.16675 157.53229 12.508894 34.754208 27.79221 23.593348 -24.575867 -29.212494 -49.82849 0.11798413 -18.307846 -7.6894827 -5.572013 -19.421322 7.6552544 19.761772 3.1902533 -0.36523825 -16.513 8.923175 
-299.1008 169.16734 18.20904 26.199871 21.175545 21.709637 -18.442003 -24.361343 -49.744102 -7.406649 -12.07881 0.6418863 -0.5689214 -19.017292 5.035712 16.960293 5.8093824 -2.7661939 -22.392153 7.163956 
-307.66016 171.55655 25.127827 20.604893 15.168254 19.672054 -20.807785 -25.607525 -48.5679 -11.510666 -10.145961 7.997205 1.0443019 -19.475594 6.7547684 15.318475 8.921326 -1.520286 -23.9828 5.397175 
-320.65625 173.6388 33.313354 23.753311 10.123054 19.359592 -20.247467 -24.962303 -48.15854 -13.685713 -5.8379245 9.547993 2.7587194 -19.29636 4.7447968 10.193211 8.197931 0.5793562 -19.966877 5.146827 
-320.89673 175.1467 26.909492 23.950077 8.007709 21.27692 -14.713909 -25.652157 -46.650826 -17.051548 -7.633109 8.113928 4.699896 -20.486343 1.1059198 9.969231 12.431036 0.23652905 -17.498594 4.773297 
-323.0157 172.11221 21.143915 20.160099 5.305307 21.829983 -13.705267 -26.377495 -43.63767 -14.41464 -9.456314 9.832544 6.6136365 -23.921642 2.360458 9.321165 12.03326 -0.7914692 -18.727207 4.804864 
-321.92178 171.52368 18.590702 21.211218 6.449685 22.113857 -16.71427 -23.091915 -44.210533 -13.128876 -8.127336 8.117423 12.05618 -21.69841 7.2118373 5.9049816 11.245979 -1.2794769 -21.5578 5.7228384 
-332.9106 164.15244 17.382603 31.393845 13.122591 22.219517 -15.808334 -28.869701 -46.958633 -10.139627 -2.1641269 8.220315 11.880787 -18.176872 10.050161 5.1443014 10.2843895 -2.7986073 -16.929825 8.142439 
-345.02206 158.92262 14.852259 34.0477 17.451456 16.173761 -13.796622 -29.09812 -45.00306 -4.7827506 -2.407861 2.0237913 -0.42991412 -20.153957 12.926064 8.589587 9.331747 -7.9343605 -17.37864 3.9204195 
-344.59634 155.76761 17.091263 36.222343 20.769897 17.361736 -17.563255 -21.142498 -37.790848 -3.533667 -2.9290643 -5.067896 -6.3467126 -21.862442 12.282703 11.9618635 5.841144 -7.0797615 -13.571274 4.8420696 
-342.88504 141.72672 11.805067 38.42816 16.943333 22.226086 -14.50683 -25.750202 -30.03169 -0.8799439 -12.819079 -12.75749 -11.704066 -20.206173 13.112394 14.571907 7.4535413 -1.7165161 -10.698636 5.911161 
-362.9014 135.5586 14.541948 35.158875 15.988943 18.127205 -15.252237 -30.60196 -27.874998 -2.1618202 -12.633546 -11.104407 -14.387622 -16.386047 10.328098 13.310045 5.2723637 -0.5698516 -8.39365 7.6093864 
-377.72754 132.98225 20.489769 33.126404 14.442701 13.146347 -14.642397 -26.609245 -34.48677 -10.334723 -12.686766 -5.944396 -12.911629 -7.7426934 11.740261 9.307705 3.340116 -8.395038 -11.525065 3.2034292 
-369.75235 145.48625 23.802826 32.773003 13.506333 11.134069 -14.4190235 -26.392696 -34.568428 -6.8459425 -7.5523014 -4.683134 -9.593977 -3.871286 12.893577 13.6129265 11.792824 -10.465387 -15.577816 -2.8260286 
-381.46072 151.28712 27.925987 30.798458 14.82413 9.436514 -10.7094345 -24.523598 -32.966274 -10.232115 -4.3625393 -2.4215655 -6.5766077 -3.982534 5.067479 15.185677 12.497265 -5.5101433 -15.99965 -6.5509834 
-384.91736 149.11873 28.678204 28.050732 12.29381 8.098574 -10.147541 -21.081244 -31.355488 -16.25325 -9.696835 0.3123113 -5.6555667 -3.5366302 3.2159085 10.586054 12.845896 -1.9589787 -17.322947 -9.455179 
-379.4387 146.02744 27.383228 31.101788 8.373702 5.8633137 -7.4092345 -17.76759 -30.573887 -14.828148 -10.425602 4.423107 -3.7461805 -0.6585003 6.0967107 6.7099 19.645914 3.4927573 -15.278692 -7.0605707 
-381.02115 137.09259 27.817963 29.808899 8.880987 3.951038 -6.6243896 -12.617708 -31.311834 -10.294012 -9.597494 6.5963364 -0.46624592 5.009379 7.0571194 4.0179577 17.602095 3.6442156 -12.230617 -2.9850473 
-378.48883 140.8824 27.630585 29.68314 3.3177247 6.5909796 -8.3068285 -14.3285885 -24.822647 -10.564111 -9.381463 5.485558 0.53445286 0.14907755 5.0255136 3.8539753 19.646538 3.8364146 -11.151489 -3.5393357 
-380.8773 149.23895 27.723415 31.194695 2.344985 5.7711816 -11.145256 -16.141006 -22.50442 -14.875278 -10.952844 7.0899134 6.016534 -7.148282 1.2453862 0.6628548 19.302471 4.4987397 -8.156049 -3.1951401 
-385.8665 153.33163 29.06192 31.937275 7.1281853 5.502429 -10.182934 -15.244436 -23.804604 -21.857943 -12.445427 3.758974 5.052943 -1.3592907 6.101573 3.9498868 13.235639 3.200737 -7.904271 -5.94175 
-393.20605 153.10355 27.416447 33.971397 11.321556 4.440466 -7.8483524 -17.175255 -20.003298 -22.661201 -14.112026 1.1455736 4.2113686 4.3572197 4.153473 3.2538295 13.76287 6.730873 -5.534817 -4.637825 
-394.80157 150.58969 28.553604 39.162025 10.342703 1.1768863 -6.5797014 -17.736757 -20.496523 -23.945541 -16.095304 1.1045295 0.6311778 4.047033 3.5329225 -1.7853236 12.391634 6.5059137 -5.087706 -6.001332 
-401.33722 152.33755 30.080173 34.718567 11.743521 0.54666275 -7.427725 -18.061607 -20.183025 -22.869652 -17.59841 -1.5764636 -0.83837634 3.2744002 0.9762628 -3.6785185 7.833027 3.404712 -6.9416213 -7.915722 
-409.25565 146.48322 32.610687 32.109283 11.24201 1.6991717 -9.330705 -17.184683 -18.347452 -14.871862 -14.272678 -2.6554518 0.19647923 1.7729685 2.0160198 1.4123936 5.7640524 -1.6250626 -12.130508 -12.2074585 
-409.3721 144.85193 31.606422 31.492615 13.978058 4.631916 -5.5232887 -6.4122868 -14.906192 -15.452354 -10.242147 1.1975541 -1.4309525 -2.6801708 3.858159 0.6421937 5.16142 1.8587289 -9.836908 -7.0285115 
-402.28198 142.0032 31.74231 34.697 14.24085 6.0884323 -6.630828 -11.952663 -15.688801 -18.018936 -17.579464 -1.6914554 -4.944485 -2.921754 4.5514793 5.521663 7.6143446 6.778309 -8.027126 -5.100043 
-402.498 138.35287 31.169617 40.219177 21.89431 7.8584213 -6.8561993 -12.867228 -14.577377 -14.390426 -16.36768 -4.200368 -6.059854 -3.4239392 3.041119 9.74534 10.0580845 8.893564 -3.7660713 -3.8776462 
-410.43408 140.35031 30.339046 35.984188 18.717113 0.6087446 -6.7162066 -4.4192686 -14.330776 -9.289515 -9.486226 -10.329376 -7.317832 -1.4686265 2.3109226 7.5061913 4.6444464 4.9923954 -1.6917237 -6.046861 
-413.3944 140.25623 28.560396 30.743011 13.422851 -1.580019 -0.09573877 5.3524494 -16.155642 -9.937157 -5.788293 -7.182596 -4.0419064 -2.5800896 4.3943233 3.1669993 -2.5112798 1.6402974 -4.410533 -14.386721 
-415.1805 141.05832 27.027374 29.357561 16.879704 -0.71899754 3.0177808 7.151808 -8.749629 -2.4733744 -7.5993376 -1.6995872 2.286385 -3.174799 -2.9465964 -2.7355726 -2.7381516 0.5575737 -5.956019 -13.366425 
-416.9553 139.29666 16.878372 21.236439 11.29155 -1.8138359 4.4397564 6.1903467 -4.6916995 -1.9568986 -7.79871 -1.3696711 6.1495104 -4.361003 -7.942984 -5.7214074 -2.1538813 0.40319988 -6.5751834 -3.5398543 
-418.37924 135.50421 15.763174 20.832186 12.17536 -3.9984279 -5.0162654 1.7677857 -7.65769 -5.9359827 -4.815862 -2.4898381 1.6218307 -3.8866014 -0.48024195 0.0023738146 -1.1655982 3.2719216 -9.77299 -1.6592679 
-420.2017 138.09734 22.486122 29.185623 18.059864 -2.36864 -0.41595906 3.8107417 -10.210305 -10.382975 -5.6996174 -4.9544344 0.121101424 0.95112604 1.3226641 5.915473 2.7909827 3.7545524 -10.380598 -6.886818 
-427.83572 135.06248 22.9096 31.51193 16.97681 -0.92320883 5.1095805 6.9725595 -9.078638 -11.013531 -5.3091836 -4.6329393 3.2483683 0.5157455 -2.572933 1.221762 -5.077503 -2.568796 -4.7729244 -6.073888 
-432.17258 132.67648 21.333714 28.393833 15.491173 -1.2137443 7.4280434 10.60866 -3.7906733 -6.609566 -6.0104785 -6.4663944 -0.5941605 -1.7047981 -2.0819914 -0.21204299 -3.1774573 -0.34968612 -4.11586 -4.923175 
-423.40936 132.24121 22.26553 27.475368 14.453012 5.492615 6.631586 8.736042 -3.7146525 -3.194299 -5.7836933 -6.6791716 -0.7167059 -1.1726036 -2.3981678 0.15931621 -0.023144186 2.0119343 -3.3092322 -4.9729404 
-417.41348 132.9155 23.87326 30.908371 14.923607 3.863504 -1.0928495 1.8300887 -5.066167 -1.8975399 -5.6734347 -1.9965332 2.0017085 -4.7628617 -3.3822615 -2.1576726 -6.967207 -1.6815138 -2.4853907 -3.3712976 
-417.91464 133.10684 21.463932 31.438614 21.691383 -0.37224478 -4.3096676 1.3131101 -7.640174 2.219808 -5.429587 0.11440694 3.6437476 -3.8134391 -1.9594138 -5.7443733 -8.717775 -2.283808 -2.7442484 -0.6993233 
-417.7011 133.84676 18.381748 26.925236 20.715485 2.9113421 -3.8368902 3.8335118 -5.2560234 -0.008705974 -6.5173373 -6.809898 1.3963401 -0.3942918 -1.8832469 -6.5320387 -4.1098814 3.3399167 -4.717444 -1.9411962 
-417.76044 133.90201 20.062866 27.019016 19.63961 9.936453 3.558353 5.1498137 -5.3209686 -2.2110171 -6.5208116 -4.3264494 3.315917 0.06021726 -0.78343976 0.6877673 -1.883483 -2.7048342 -8.983139 -7.305512 
-419.723 133.65872 20.944744 24.749271 16.42337 5.8841925 4.311468 4.892164 -9.473814 -3.7475412 -9.517066 -2.7249382 5.909212 -0.7937692 2.6402168 4.053467 -1.5284247 -3.09754 -10.083231 -9.41962 
-412.3937 117.30272 23.007786 26.009146 13.758828 1.2122515 -11.962225 9.805378 -11.227943 4.465604 -8.762814 -6.6959925 4.5524664 -6.6164827 -1.7249526 -2.7296681 -4.9124336 2.001524 -7.3454156 -0.40726572 
-389.8664 91.10193 32.523746 19.258635 5.5090756 13.981957 -15.46763 17.558403 -11.964071 14.66747 -2.0447297 -1.7885149 5.7700815 -1.6725605 -2.9441128 -0.92920756 -9.365239 4.838581 -10.891406 -1.2290425 
-363.557 99.629776 32.325985 19.538029 3.7990646 17.845139 -11.701814 15.080788 -19.223183 11.548347 3.8637557 -0.10486579 -0.71164346 1.2381331 -6.4076424 -1.5048136 -2.2003522 7.110798 -14.060497 -0.1352959 
-340.16745 144.90775 52.069496 43.65524 11.889613 9.597818 -20.797865 -7.2402782 -32.917854 -6.7380724 -12.693941 -12.927374 -11.663191 -7.489711 -10.649904 -3.8819475 0.9103978 13.980383 -10.848923 3.9988623 
-344.7032 160.56963 68.902985 51.598724 8.580774 -1.4756088 -29.67088 -9.158609 -29.30416 -7.9958506 -20.14954 -17.360813 -13.409405 -13.021864 -8.19186 -2.79565 -5.412684 13.96972 -13.32218 1.8837016 
-362.23035 162.36087 66.6459 47.00621 13.817408 -2.7212021 -24.430733 -5.9104853 -32.806583 -14.592434 -19.013134 -13.4464035 -12.39514 -12.142934 -5.455633 -1.1490073 -12.236357 0.91899073 -14.738152 1.1822542 
-362.379 156.86392 61.21109 41.364056 16.874609 -0.40145075 -14.688362 -2.2954476 -32.120285 -8.962069 -22.114813 -8.259486 -7.527619 -15.989752 -11.439096 -3.77389 -14.848963 4.446386 -12.737455 -0.44084153 
-363.8971 146.78973 55.289364 40.937042 20.240238 1.3730595 -12.731131 -3.454348 -26.810928 -6.0312233 -29.459417 -12.963488 -9.812841 -13.087891 -14.46615 -3.0847154 -12.514154 4.001047 -6.6351027 -3.6915355 
-380.0264 144.72137 43.406673 40.315357 25.708914 5.8212214 -1.3563569 2.579232 -19.797195 -6.9243307 -27.102516 -10.603001 -4.491465 -5.9527826 -17.444115 -6.2550755 -7.287328 2.878428 -1.0749482 -5.0069323 
-375.98132 128.35732 28.17145 44.06003 13.784021 5.651048 4.839206 5.509491 -15.248756 -1.809452 -14.150243 -2.6026645 -3.837015 -1.6368821 -8.253825 -8.115632 -1.3905246 -1.2757491 -12.509068 -4.354742 
-276.05148 136.59367 20.084991 36.678696 -2.8439271 10.932281 -6.0578423 -21.722507 -51.371433 -7.8552623 -15.444448 9.841633 -6.1936555 -5.2407646 -4.7003965 -8.351399 11.187685 9.839469 -15.332262 5.057678 
-233.13838 163.40042 17.664417 21.068771 -15.122798 10.790352 -4.3042865 -23.680588 -51.815594 -9.470838 -21.467205 13.473626 -3.8763309 -5.9879208 0.3229465 -13.058755 5.1730404 9.292949 -15.7023735 10.838956 
-248.6772 177.37811 16.06948 -0.9993123 -28.430614 -2.7144141 -0.87303317 -19.241865 -39.292103 -7.0857987 -24.960495 13.434769 -2.720093 -1.4769725 1.864848 -9.395796 -1.3822701 3.8621755 -16.477345 5.9481907 
-282.98914 183.98853 18.877613 0.901213 -30.768948 -8.035128 -0.05680889 -12.866819 -21.558208 2.9564471 -22.221596 6.524828 -2.1478448 0.76541835 0.20065182 -9.122895 -0.99373615 2.06538 -12.890764 -4.3839946 
-316.18436 178.62018 25.286703 18.314915 -23.609657 -5.4701552 -1.1967773 -7.0772533 -10.016298 2.0018473 -17.944355 2.4367518 -7.2329545 -7.490519 -0.13085681 -17.749489 -1.830404 1.037144 -13.432873 -6.9810677 
-343.88177 171.47815 26.777664 23.620094 -13.055485 -4.395973 -0.9907129 -6.149947 -11.442772 -1.0786526 -9.169081 6.954647 -5.6959105 -9.362353 -4.132518 -23.446438 -4.2736692 3.3631563 -12.161752 -7.1405478 
-369.8013 156.7779 28.981297 25.133415 -5.976162 -5.161893 -4.739706 -1.967207 -4.2810388 0.82716376 -6.3600674 10.001684 -4.034636 -8.555729 -5.0259767 -16.729809 -4.3127174 -3.042905 -15.282143 -5.542578 
-387.81448 144.43396 24.438957 31.262146 9.765549 1.88872 -5.6495795 0.044257876 -6.5167255 -1.7754345 -7.861452 3.547123 -2.070424 -9.07346 -6.0148726 -10.171775 -5.9244633 -6.148026 -10.69256 -5.6598473 
-388.5537 149.51169 22.5602 28.283667 10.885515 0.34652448 0.40678185 1.23601 -9.526894 -2.9878323 -12.086868 -2.1054 -1.7884419 -12.024113 -8.755212 -7.372587 -7.161025 -4.4774055 -7.5032916 -10.286828 
-382.65002 153.59668 24.681555 27.790638 12.59123 3.1205876 0.18767285 -2.292327 -10.250637 -1.3102925 -9.102374 0.85957724 -2.7985697 -12.456004 -11.897303 -8.484956 -4.1416097 -4.8739953 -13.668899 -9.839086 
-384.84103 145.12459 27.050184 32.3711 13.224998 11.719755 4.6525335 -1.0676886 -9.630213 4.836381 -1.7467101 -4.487154 -9.834734 -9.076741 -11.10419 -9.3741865 -5.5803742 -5.83428 -10.391501 -5.03498 
-369.24216 102.58493 31.98238 42.893456 7.0071254 16.02539 0.70804906 5.948049 -16.694302 10.272394 -10.708378 -6.637169 -2.807706 -3.3346815 -10.994467 -2.740142 -2.4863682 -3.8781447 -5.88632 -0.7219407 
-354.24915 77.71153 30.496914 53.202118 3.1507368 12.835733 0.372229 9.239107 -24.721357 11.346489 -12.821766 -5.598557 2.3488662 -3.39193 -11.992268 0.35999066 0.14843178 0.024548799 -8.534045 -2.8898966 
-294.79474 128.41968 5.491328 36.186584 12.397509 1.9708242 -25.449211 -12.96574 -28.955814 16.089956 -12.638348 -11.13456 0.6306045 0.6963711 -7.4045725 -10.769597 -11.180563 -1.9234135 -6.481505 -1.6742702 
-260.44614 164.40619 -12.933079 27.205528 11.529546 -4.565901 -19.015549 -21.968689 -31.466984 20.32898 -13.040926 -5.009452 -8.593992 -5.885828 -5.322592 -15.854885 -8.099373 -3.1914556 -8.422848 2.167862 
-249.88426 168.81012 -19.311138 15.219507 -6.771495 -6.420551 -3.8417559 -24.933578 -38.04902 23.39342 -6.4087725 4.4076433 -11.409817 -15.768319 -7.9692745 -12.384656 -6.414581 -1.6822248 -12.300832 -0.83454657 
-259.81 167.62607 -18.527172 10.339647 -18.571491 3.3107052 5.2694397 -28.39917 -35.32167 16.27456 -5.928035 11.546695 -9.119021 -18.024454 -7.770608 -11.003996 -2.4966836 5.415768 -13.8438015 -3.821195 
-272.3801 140.243 16.57101 11.893888 -22.653837 26.036583 -2.313233 -16.754871 -29.714436 6.0445375 -10.601442 8.149465 -12.95954 -15.0541315 -10.284867 -8.529938 1.5330172 8.157131 -12.745834 -2.9243822 
-277.3067 91.8531 49.45549 26.36201 -19.58886 32.912773 -9.708998 -1.8793956 -27.503078 0.432125 -15.129463 -1.8373225 -14.868307 -10.619806 -12.745717 -2.7258158 3.460455 6.7647786 -14.870176 -1.9219611 
-286.6 61.881836 57.620052 44.153934 -16.600094 27.141228 -14.582248 2.7949188 -27.194696 4.235958 -12.475808 -1.7585826 -10.156834 -10.726391 -11.900734 1.5835537 3.5353308 7.3359976 -14.847031 -0.87147933 
-280.64838 80.718124 50.378334 52.834297 -8.662141 25.551311 -16.790667 -10.884001 -44.808563 -4.1212454 -10.19477 -7.3266172 -15.153627 -14.994714 -8.060335 0.13738891 2.0431337 5.5777974 -19.442133 2.1216383 
-287.0936 113.46387 25.179268 54.452553 -7.4522305 23.159567 -7.0543547 -20.66595 -48.456406 -4.421001 -7.7211914 -8.554462 -15.894955 -14.461166 2.5097349 -6.658879 -2.9962676 2.9765208 -22.627329 3.7004583 
-299.85178 122.25638 15.836433 54.856255 -2.5475101 24.42308 -3.4820046 -24.384426 -49.580708 1.4910876 -7.1336803 -5.54097 -18.3434 -17.615778 12.722203 -11.302973 -6.3218384 2.7409225 -23.379055 8.833701 
-310.8963 123.54788 18.14833 56.138023 -2.3512437 22.437202 -2.6145372 -21.265366 -42.85441 6.319179 -8.294413 -2.871832 -17.968292 -14.621258 16.089571 -14.924712 -4.9158497 1.3156778 -23.481169 10.804813 
-321.46936 124.92256 23.007998 52.01851 4.3566437 22.612434 -6.255484 -25.105047 -40.63733 3.104919 -13.775236 -0.5735083 -16.663168 -13.323935 13.61561 -13.932463 -7.506545 -4.7199173 -25.506672 12.629001 
-354.23398 130.23346 33.639297 44.651276 10.170809 23.010178 -8.288024 -20.658527 -26.72264 -3.4152846 -15.376608 -2.8255956 -18.858978 -14.985814 6.5820503 -6.9895387 -4.1039686 -3.6666818 -23.376951 5.742503 
-388.6021 129.37665 28.702774 47.86959 14.634191 17.273073 -0.78724515 -7.0383954 -12.359387 -6.7076936 -12.165283 -8.662688 -7.814106 -5.253671 -0.0075642467 -3.54173 -2.0521488 -0.017744195 -12.286421 0.17365229 
-271.30215 142.41743 -1.041728 17.073544 -1.4980297 20.103153 -22.481289 -36.189392 -41.412354 2.0014641 8.727024 5.012369 -7.780332 0.7338881 -6.3136487 -8.341226 -2.487708 -8.812084 -21.603157 10.888723 
-200.62985 165.01653 -7.9381094 -5.59909 -17.13502 16.755646 -20.966904 -40.383034 -40.061714 6.09865 4.862197 12.235995 -12.0986 -11.91298 -14.288789 -13.831087 0.49400777 -2.868763 -22.725517 14.820467 
-199.16743 174.40834 -8.953679 -24.352467 -24.18517 10.678894 -10.34649 -36.45091 -32.757458 12.922273 -3.3991606 16.385847 -10.950218 -18.886045 -15.793245 -13.190291 4.543487 -1.6291813 -19.751717 12.478691 
-207.78088 172.36115 -12.235613 -36.822136 -24.521164 5.9649196 -3.4917483 -22.407452 -27.572811 17.818808 -5.2178164 15.899878 -10.077185 -18.226696 -12.743114 -15.101096 5.05815 7.822618 -15.572147 11.772549 
-212.44229 172.6696 -7.563516 -28.464432 -18.129719 9.967734 -6.590556 -23.181896 -29.26329 13.832293 -9.239342 15.8059845 -16.033854 -19.338188 -5.5106587 -18.588802 3.6071086 12.54218 -24.416285 9.370841 
-258.40634 177.20872 6.505453 -7.738055 -13.051637 12.242756 -1.4548748 -22.606216 -31.097507 6.605342 -10.849652 8.399225 -19.954607 -18.975485 -3.5227 -18.385435 5.318425 10.698488 -21.408352 1.1075066 
-268.93256 180.5086 8.251656 5.925637 -16.515745 11.414802 8.352121 -13.923618 -29.808899 2.328997 -9.080163 9.599115 -7.1159277 -13.259146 -14.32852 -20.489294 6.0641766 7.1983414 -12.208752 2.167778 
-280.1183 193.74858 12.329651 -4.894005 -23.050934 8.867697 8.075062 -11.174465 -25.620323 -0.058056593 -6.526987 9.047316 -2.0583258 -12.08815 -17.070587 -24.898289 -0.8118253 3.7922256 -14.363857 4.4073734 
-312.21158 205.89635 28.253513 -9.169226 -22.722565 4.257512 6.364148 -1.0778106 -18.545906 -3.363164 -5.05731 -0.24287882 1.7367384 -10.103121 -16.044022 -18.59409 -10.047398 1.1610932 -7.386919 4.211543 
-321.69595 203.31523 32.28505 -6.424034 -20.857056 -1.7598906 6.7420635 0.9193071 -13.30755 -3.1888223 -4.402051 3.8311257 1.8081353 -1.4405556 -12.773577 -12.472567 -7.7312365 -1.3293507 -6.0988407 4.723306 
-316.76917 200.50189 35.704056 0.62575763 -23.194372 -3.3768797 5.8045607 -3.68281 -21.001904 -6.184814 -7.406498 7.302019 8.665337 4.3664055 -8.644433 -11.772656 -5.2222624 1.8823953 -5.802038 7.737205 
-327.25778 189.17365 33.39669 13.002128 -11.9050455 -1.8981593 4.792863 -9.712823 -26.910585 -13.237007 -12.871447 6.4176636 11.544558 3.7512298 -7.0001593 -9.320124 -1.3653531 7.842204 -5.3402147 4.268324 
-354.6824 166.74554 33.545597 26.176521 -1.7935908 -0.50133264 0.5751403 -10.5560875 -26.927422 -17.929657 -15.490829 4.6603227 6.280694 1.3184226 -4.9053535 -8.506406 1.8155696 7.6798115 -5.2654777 3.3484023 
-376.0476 151.09111 27.55908 26.635225 -1.0027316 5.182826 -2.2133412 -16.960419 -24.400133 -14.8981495 -11.58876 4.3799696 3.0981498 -3.1494331 -5.1704483 -9.69135 4.1524143 4.5439606 -7.177161 3.7710676 
-385.01053 158.32507 30.906235 26.431896 10.53141 10.292744 -1.4053828 -13.242643 -17.762072 -8.32964 -10.049978 -2.2319841 -8.181909 -7.057701 -1.0675817 -4.306951 5.3026505 2.4005075 -11.4011135 -6.9480963 
-393.43353 149.27345 26.452017 33.261604 20.25155 11.873688 0.94791806 -3.639992 -15.531787 -9.967924 -13.923729 -10.058356 -8.30357 -4.9200354 2.8610592 0.65827674 2.2819405 -2.6958466 -14.482761 -10.269722 
-380.3359 126.19452 33.267803 39.55065 22.962116 10.11219 -5.899191 3.8409672 -20.152073 -12.748583 -23.58318 -10.357529 -10.483053 1.1541604 -6.531719 -4.8397818 2.587216 -1.1882107 -15.970987 -3.4814582 
-366.84772 126.47827 40.13897 49.897747 27.194555 9.749659 -9.405887 -2.5833347 -24.373392 -10.537077 -22.930126 -8.413335 -11.905874 0.8750614 -13.735199 -5.949294 6.9696226 2.1525357 -18.194874 3.20042 
-377.82724 140.81686 41.36892 49.024166 30.500486 7.82613 -8.715317 -7.038414 -20.68795 -14.548604 -24.973597 -11.253296 -11.900454 0.9431782 -13.590329 -0.12366468 2.2641194 -4.094079 -19.528614 -0.3043472 
-380.76013 151.4915 40.845108 50.34413 31.962448 8.716328 -10.493524 -9.265333 -14.33835 -19.815788 -28.078348 -8.766679 -8.331766 -1.5345653 -7.9303155 -6.555006 -3.1840081 -5.0896664 -19.20654 -2.9100773 
-378.21042 154.92119 40.479385 53.60682 28.6767 10.165602 -13.883137 -13.125088 -10.696957 -16.471977 -27.5905 -2.1332896 -2.2120488 -6.0524044 -6.327147 -11.0554695 2.1838715 -2.7247248 -19.32243 -2.6434405 
-351.53577 149.3454 22.7753 43.64341 31.840435 18.945965 -7.6152368 -24.780354 -13.706379 1.6666038 -24.516552 -6.0098352 -8.450602 -2.8039014 -2.4396222 -4.3803644 4.223133 4.4934096 -15.149445 4.622162 
-313.9173 141.77118 12.928788 42.047565 35.642796 11.87885 0.010979235 -32.6519 -23.35057 15.811019 -27.89146 -8.652607 -4.6638165 1.9241271 -7.2465887 2.523781 2.1642022 10.158627 -12.122394 3.2343047 
-311.1961 139.76332 13.533974 40.063072 28.55782 4.040956 0.013905776 -23.548414 -21.656384 13.574675 -28.890835 -4.3677697 3.4536638 3.399508 -9.92797 -3.3522055 -3.5763917 11.248493 -9.415894 -1.7097654 
-335.57446 142.77612 24.953753 37.755795 21.163603 7.573497 -3.586083 -16.652788 -15.906042 -0.91938734 -29.258358 -3.0097928 2.1430583 0.96305573 -7.0723686 -5.2614155 -10.256294 13.206487 -8.90543 -7.5217614 
-352.23508 147.4306 29.357586 39.559795 25.263233 15.346535 -0.94180757 -13.943306 -18.345667 -7.6511993 -22.219645 2.6674144 -3.1594634 -3.681679 0.35905796 -4.529723 -8.845554 13.600331 -14.978422 -10.029553 
-354.3378 151.59561 34.633183 41.001953 20.72951 10.554939 -3.3680668 -10.542246 -21.722569 -8.137487 -18.242256 3.0490186 -6.1490984 -6.1695585 1.8878639 -3.119443 -6.1938496 12.102716 -15.931775 -7.729287 
-322.87836 112.37677 60.285515 43.952744 9.657046 25.540447 -17.613007 -0.9316086 -29.122625 -0.74819326 -21.475246 -4.055343 -10.031845 -2.3083713 -4.175002 -3.40144 -0.905633 4.6954722 -13.874175 1.8949535 
-305.9066 64.90456 76.36421 42.84793 0.9485706 36.369724 -16.049944 8.267999 -18.137892 9.217984 -20.002954 -6.987261 -11.118444 4.3347764 -7.042771 0.37811658 -3.2577703 0.17100489 -13.035725 6.9949446 
-313.50055 28.6209 69.14491 40.535637 -12.63605 34.974457 -12.208549 16.6037 -9.970312 15.258806 -19.511477 -4.94753 -9.982016 3.7161698 -4.248412 3.7915685 -5.6011267 -3.8742282 -18.1129 2.8644135 
-306.97037 41.17634 62.57319 43.952194 -11.012537 31.364925 -16.900646 8.020608 -23.831154 8.605404 -18.572716 -7.3766165 -15.408951 -5.470656 -5.5750074 4.598795 1.8587375 1.0889417 -20.125273 2.2947655 
-297.42865 82.37451 55.85888 48.927982 -5.238985 30.084723 -12.591335 -7.49294 -43.52442 -3.559795 -14.115055 -6.487261 -20.380548 -14.514256 -3.4861712 3.829616 4.3034716 -1.5446839 -26.218353 -0.28856176 
-317.7431 113.725845 43.819252 46.949203 1.4243739 27.095297 -8.020613 -17.308258 -46.305504 -6.604824 -17.262241 -3.7347512 -16.081226 -14.205206 3.3438687 -1.8998008 -3.7726448 -1.7996846 -23.103012 -1.1617429 
-331.80975 126.66433 35.685078 48.91963 5.9580417 12.453296 -6.2643356 -17.471672 -43.87265 1.2158856 -11.677998 -5.8065796 -18.150024 -13.357418 4.2231483 -2.816353 -4.134507 -4.3058434 -16.160183 -5.302066 
-313.67017 135.39677 19.627565 46.58327 11.982096 12.9678 -12.041183 -20.287863 -52.708412 2.885746 -6.458664 -13.192181 -17.167538 -11.990746 10.770704 0.85189927 -1.952751 1.0739181 -14.59926 -4.2786217 
-269.7348 130.70663 -1.3744056 49.8106 15.450493 7.4535446 -18.41109 -31.94972 -56.859833 9.006483 -5.996617 -19.43612 -5.8873425 -5.062848 17.505007 1.2795887 -7.4287777 11.26728 -14.527163 -1.1759385 
-252.735 129.77884 -12.8062935 51.441353 22.14833 1.5949092 -20.970974 -37.73153 -47.742798 10.793716 -10.159868 -19.427803 2.8770297 -1.0610704 18.609074 -1.2654622 -9.587702 17.482658 -13.646114 0.62295115 
-254.26212 129.82425 -18.927364 49.758354 27.028624 -0.21661144 -25.926342 -33.674423 -35.162285 9.325645 -19.718233 -21.311068 9.019622 -2.2198772 15.664936 -3.95227 -2.745416 15.978777 -20.4305 0.27322686 
-264.15936 131.44531 -18.834652 51.354652 25.99255 -2.5061378 -25.01372 -31.300976 -37.311646 6.2001987 -23.93015 -27.31617 8.920078 -5.174311 13.725896 -8.823 0.25596258 16.075634 -23.871716 4.902006 
-278.398 133.03488 -7.878604 51.67679 24.766602 0.6586546 -14.829027 -31.81189 -34.422363 4.2341814 -22.890942 -21.047178 4.4330583 1.7304677 3.8266144 -10.3098 3.398492 16.10036 -22.233158 9.287631 
-277.34647 130.6884 -1.0912116 52.181137 26.624783 0.015852988 -14.89139 -29.62563 -29.379017 2.2779832 -22.870167 -18.580494 1.4434496 2.7365472 -1.5844419 -0.23491353 8.992857 17.839207 -29.073772 10.998496 
-271.0542 138.05515 -1.1359946 52.112152 31.806553 -0.9948747 -23.433311 -32.545403 -22.354565 -1.3298075 -29.319965 -16.105059 3.2578948 2.1029932 -3.1118665 1.6054994 10.78997 20.802153 -29.287758 11.428394 
-282.20547 135.4063 0.3762384 61.01609 33.072456 -5.3271227 -21.118053 -23.579058 -16.341703 -0.7134511 -33.020485 -17.47466 1.8195992 5.4387617 -2.385137 -0.57939255 4.872013 14.717569 -26.680765 10.632372 
-295.98062 129.1137 9.912803 73.3752 39.265522 -8.293936 -20.142601 -20.724253 -22.76014 -1.2645832 -35.364136 -26.031132 -3.9075966 3.7543204 -4.3395343 2.1992145 2.90447 11.01876 -27.292957 9.852846 
-316.07407 137.67825 22.559877 61.552124 41.513165 0.14480454 -19.428719 -22.872353 -30.663229 -12.360397 -34.316864 -19.919336 -6.4359655 1.8920046 -7.19749 2.855676 4.3716025 10.810858 -23.72086 6.0881786 
-334.93893 146.18066 32.37967 52.51139 40.68858 7.085272 -14.401579 -18.098026 -24.631327 -19.518253 -31.593342 -12.413734 -12.689375 3.9121006 -7.8308086 3.0233266 5.740845 13.601242 -16.379536 2.6639926 
-338.3774 150.37537 31.801506 53.303337 35.115032 2.6288872 -12.132366 -14.999531 -21.3267 -12.129704 -30.877205 -14.34861 -6.507123 5.8513317 -14.594917 -0.9023302 6.638157 13.138073 -9.282439 2.1986628 
-342.67133 145.46384 24.833683 50.259003 38.47686 -0.5865305 -19.224194 -10.924993 -18.742487 -10.082848 -29.774529 -16.845215 -1.3166683 4.201661 -17.79928 -1.5630535 8.359286 11.795206 -7.77054 3.996668 
-339.61935 134.37985 15.197544 59.673164 37.495407 -4.0036025 -9.977646 -15.241191 -21.585262 -5.9304647 -32.50015 -19.446257 -6.9072156 3.495048 -14.443306 0.42702115 10.025745 13.775051 -15.534538 0.48143283 
-349.13385 127.82529 16.361288 58.730545 37.873238 -2.2970216 -5.8045425 -14.312078 -22.310268 -5.937114 -33.420635 -19.59988 -11.773531 -1.0854244 -12.660612 -0.82416344 9.329643 9.944852 -18.43148 -4.9568186 
-367.6786 139.30864 28.30896 47.76166 32.922092 2.5972364 -7.936594 -10.058956 -16.081408 -7.6611023 -29.195564 -19.221312 -11.47071 -2.0596993 -10.187067 -3.0071573 -0.10290265 10.377425 -8.508843 -7.001046 
-390.9551 141.82172 30.516365 39.10889 23.999422 4.706936 -1.3744185 -3.26079 -8.314751 1.6341441 -20.01295 -15.356573 -5.6011367 -4.9509673 -10.017548 -3.3117085 -3.2419152 7.4277134 -2.6772258 -0.9863372 
-410.12433 128.65906 24.85664 32.809784 15.783806 -0.07560621 0.89595103 5.0097866 -5.885614 -2.4989772 -13.883994 -5.5729523 -0.045752883 -2.7016337 -9.349616 1.2729778 -2.9111 0.2356584 0.2895434 1.7995954 
-402.5263 126.71225 16.974413 38.172173 18.317865 0.5780427 8.777244 9.830506 -14.187183 2.401788 -5.86534 -9.001497 0.41076776 -3.1197028 -9.873631 -1.0313373 -2.3073182 -0.40848407 -2.0909333 -1.9708151 
-336.7395 128.08812 6.847195 45.850834 25.34262 3.9811776 3.7148664 -3.4457314 -45.63514 2.947343 -0.53777486 -20.170687 -5.4412103 -10.208602 -8.144388 12.071148 4.981106 1.3129449 -6.467311 6.405472 
-294.09164 156.74988 7.795685 41.791298 28.407722 6.747076 -7.384366 -24.843613 -61.395187 -6.177026 -11.752636 -22.326748 -11.13299 -15.107784 -1.5165389 14.284448 1.1732826 0.31786656 -8.143066 9.119379 
-273.65024 169.8443 -7.277025 35.83684 35.701263 8.57001 -27.26052 -35.53012 -42.338173 -0.41046494 -26.2887 -21.70922 -3.54884 -14.244531 -0.61023134 8.512095 1.9915092 5.6202765 -9.276016 12.033754 
-246.92773 148.74527 -24.232006 35.77643 35.701664 -0.29746145 -36.0971 -41.489754 -33.37833 7.450883 -37.46662 -25.479534 9.739596 -7.150777 -3.0153015 6.8708878 2.6777978 14.255621 -19.50773 14.865109 
-252.48688 141.29001 -22.30824 38.769363 38.82193 -0.6365867 -32.57888 -41.827965 -25.216019 9.878855 -43.76809 -25.192595 11.488964 -5.7566175 -9.557396 4.7147245 3.1038013 12.1362095 -25.68573 16.157648 
-281.98386 135.32727 -4.209174 45.4511 45.04399 0.30640367 -26.103474 -29.406536 -20.771759 6.7646112 -51.68982 -13.54221 7.4169 -6.1378565 -19.564182 4.4509535 9.756998 6.5462456 -21.131676 10.721677 
-298.88348 128.7174 9.105173 51.880386 43.16024 -2.2892053 -24.295889 -15.426266 -17.15554 4.6232686 -51.933968 -7.9550495 3.7914898 -1.5529358 -16.445757 7.4133883 10.730257 -0.17312956 -19.115788 8.020321 
-304.2255 129.87537 13.412724 50.107597 44.160263 0.4336037 -22.708134 -9.870849 -16.937752 2.8364038 -44.50309 -5.36782 2.5705614 -1.0671946 -19.311325 4.7380857 6.625654 -3.8041472 -21.448654 6.2343016 
-306.3019 137.55005 15.956714 50.790173 44.809486 -1.7715292 -20.210434 -11.719469 -25.565962 -0.5050613 -39.815475 -5.3853946 1.8680017 2.3268242 -23.036861 -2.4119067 7.74399 -3.1365006 -23.649574 6.1859126 
-299.6308 106.49844 36.278473 59.554005 35.062363 -5.877333 -11.650801 -2.1663303 -36.02827 5.943086 -30.770786 -15.344799 -1.9516083 9.296818 -25.865582 -5.2556286 10.292515 0.3171297 -20.545008 9.831172 
-274.89832 46.650146 43.77389 73.62088 11.921101 -4.9783196 -3.428654 9.79714 -44.808075 18.141111 -21.665382 -20.18872 -3.0969365 10.421944 -22.717056 0.92045057 2.7365942 -0.74965304 -14.7575 10.433293 
-263.1372 19.857925 29.28618 72.15577 5.630271 4.7087083 -1.4931105 13.1700115 -46.185894 20.97315 -14.674725 -13.186979 -3.5387197 9.401715 -18.254917 3.8661633 -0.16211215 -4.541954 -14.343203 8.593203 
-261.34778 29.088356 18.885653 65.91512 8.13339 14.428253 0.07542759 15.143734 -42.590492 19.323296 -14.40453 -9.120257 -2.883853 0.91479516 -18.085636 9.038236 7.4617424 -1.7359272 -11.343924 3.3107939 
-270.66827 83.5956 25.398682 67.664856 17.462254 15.808222 -9.252815 3.2208128 -41.990173 12.025393 -20.25805 -10.124504 -1.680371 -10.33678 -22.401934 -0.08536354 7.035104 -0.415536 -9.308207 0.66753787 
-303.85492 128.39291 23.394228 60.874474 22.237629 12.591572 -7.95488 -0.7689051 -28.460266 3.7200894 -24.483242 -6.065447 -3.9949882 -9.014462 -16.632153 -6.203355 5.935506 1.2281644 -10.551379 -4.835993 
-335.77386 134.75008 34.17771 52.955727 13.831253 11.45429 -5.5118847 -5.9348383 -19.982307 -0.0893957 -31.7085 -2.1650858 -0.23120683 -8.881251 -8.443688 -7.7066603 1.6766247 2.920072 -13.070221 -6.0819054 
-344.21613 137.98175 30.652287 50.97687 11.619192 7.3398747 -7.1676693 -9.126085 -15.478668 -6.3335986 -36.79311 3.5754595 -6.5399265 -10.766699 -3.3169649 -13.674522 6.669535 6.484479 -17.006582 -9.319031 
-354.13266 141.18518 32.56718 48.58166 11.126556 2.7526295 -10.567394 -8.73461 -12.947441 -9.083337 -34.4899 4.9869843 -12.138947 -10.822204 -3.4059095 -13.81045 7.0443945 9.703017 -11.95459 -8.878107 
-319.44485 122.58687 33.043808 40.893105 26.332165 19.3278 -26.169582 -6.1927633 -24.484295 7.6564465 -28.13227 -7.9023247 -5.901796 -8.185968 -5.118479 -4.6383247 5.8985734 3.8865273 -18.580643 3.086494 
-270.5759 116.993416 16.321884 36.09953 33.11933 21.162397 -42.940807 -18.948027 -31.68549 13.489151 -25.981827 -3.4831066 6.5536995 1.0904057 -2.746711 -2.6318674 3.0146866 -1.2069209 -17.627632 7.5689707 
-244.18326 141.91594 -9.535946 30.025505 28.53938 16.051058 -49.982635 -33.686333 -29.385426 17.205885 -21.400629 1.8876474 7.493732 -5.87553 3.1396384 -7.0624495 -4.5096045 -7.586709 -19.995834 11.292494 
-253.59296 154.5405 -21.11464 22.43692 24.544245 9.337974 -43.9412 -32.0638 -23.285704 21.390558 -14.108541 3.6875148 3.5193412 -13.209676 5.0335226 -14.505299 -8.592463 -8.302187 -19.344784 13.953047 
-291.4032 162.3518 -2.6131375 21.804363 22.278378 6.3893805 -34.31539 -24.916897 -16.187107 18.04856 -9.230036 4.417237 -11.052825 -8.8772 4.327958 -15.9976845 -11.334428 -4.907769 -9.767292 8.379444 
-341.5308 162.28271 20.533745 28.214668 21.801254 6.981691 -22.479279 -13.001474 -11.930299 6.095648 -7.712322 -2.420448 -15.18279 -8.616629 8.558504 -10.851799 -13.233749 -1.3454912 -6.733229 1.7616903 
-369.58844 155.09467 29.494366 37.39279 24.975079 6.4251347 -18.282919 -6.5750136 -12.121584 -2.6713426 -8.803269 -4.3627768 -9.342825 -11.933617 -1.7545092 -6.8572054 -6.243977 -2.1389184 -8.599966 -6.0986137 
-380.72278 150.04935 35.082336 43.779415 29.659077 10.781873 -13.505741 -10.024214 -18.39447 -11.711027 -15.605722 -2.6449947 -9.742008 -11.586875 -3.4991922 -2.1900516 1.3101275 -1.5736891 -11.664922 -5.187129 
-362.9291 145.91704 34.401485 41.932663 27.049551 19.40739 -12.022583 -24.065243 -27.29409 -10.748001 -11.002779 -1.9236706 -15.171462 -8.699149 0.12343186 -0.43671358 -1.2685411 -2.1040816 -13.480687 9.827738 
-338.93158 145.68364 24.441814 39.417877 26.685913 21.606329 -15.115244 -29.599663 -35.65065 -7.45645 -9.165804 -3.9954505 -18.23912 -4.856796 16.09209 4.8155003 -3.4357877 1.229544 -13.376467 11.731254 
-335.61914 150.75821 21.579016 36.459007 24.000143 17.150524 -16.75898 -29.254848 -41.89722 -5.859316 -6.640742 -8.062442 -18.62593 -7.421078 18.662529 8.824554 -0.5205127 2.716597 -12.256271 7.5097904 
-343.97284 147.83429 24.07444 34.778282 14.69942 16.527096 -10.826567 -30.938591 -46.66572 -7.926877 -10.301252 -7.371828 -16.274378 -8.9755 12.226474 11.197676 1.5543574 3.2500672 -15.24521 9.114533 
-347.88806 141.86063 22.04361 42.943394 16.510872 16.646286 -9.06712 -27.759542 -46.063583 -12.18294 -9.993998 -5.7478466 -9.870966 -4.3343573 14.869697 11.934376 2.8143783 2.0969276 -19.94138 6.34822 
-340.5391 143.82095 17.976076 41.26348 15.2915745 13.59477 -10.7289295 -28.501156 -49.00595 -11.030144 -6.8817253 -1.6046791 -5.8120174 -7.6475563 18.04277 11.124872 5.2936144 3.1988828 -21.762592 6.336332 
-334.85382 148.77966 16.081707 36.055183 11.574885 16.876162 -13.899922 -25.378016 -39.38031 -5.0062885 -6.8270073 -0.1455332 -4.8867903 -14.958437 19.560123 11.409023 7.5752087 3.432503 -20.77753 11.164387 
-347.08185 151.46686 21.526865 35.0425 11.645016 17.937344 -14.48535 -19.783215 -33.994724 -5.039839 -5.3225355 -3.4011724 -5.329316 -15.78796 17.504654 9.0057335 7.621282 -0.692623 -21.6823 7.6766825 
-362.48813 148.97525 21.565285 33.37766 21.846752 18.685858 -16.039192 -22.39314 -35.94758 -5.329838 -5.201918 -7.6570272 -10.235958 -11.34663 18.41195 10.483499 3.9434218 0.045614183 -13.449078 5.8994255 
-365.20834 149.73016 11.6327095 33.28958 29.447838 21.22981 -11.323704 -25.279898 -39.377754 -10.39995 -6.525703 -10.296091 -12.128192 -12.419076 16.077765 9.385653 2.279322 1.7488534 -5.233042 10.947294 
-381.38855 149.78482 24.569233 37.77705 23.934391 15.098249 -6.3907256 -15.523479 -26.521984 -9.08054 -7.1198225 -12.503 -13.700137 -10.775293 5.241829 3.933854 -6.7090635 -5.1695547 -7.642933 4.3028007 
-358.92856 130.9106 29.386223 65.52459 24.85521 4.4489584 -9.776699 -10.020023 -25.585037 -6.431036 -24.084095 -19.011015 -6.6973553 -1.4498006 -13.80893 -7.4139457 -0.74259686 4.6845627 -8.888392 -3.624064 
-342.43726 126.67608 27.984848 77.21446 29.630434 0.36354885 -9.445627 -15.855061 -30.70387 -7.4823046 -33.233948 -18.665234 -4.778646 -0.7613144 -17.599613 -6.8682137 5.1059093 9.435637 -11.828162 -1.6512319 
-348.44632 137.18588 36.56727 67.836655 25.733545 -3.8718114 -10.294573 -10.313558 -28.195225 -14.337332 -39.0887 -11.203417 -2.9295664 -4.580351 -17.175203 -5.345866 2.451692 4.5881376 -12.595868 1.246353 
-349.09464 144.54556 39.21087 57.318314 26.427036 -0.535023 -13.104851 -4.0272512 -21.001411 -12.8922 -30.94446 -0.27019554 -2.9706228 -7.507249 -12.600351 -0.022210956 2.223359 6.229952 -11.857391 -1.5941192 
-372.04553 145.06995 38.362267 50.933716 26.907715 3.2445126 -9.639275 -6.0255356 -13.976059 -8.153067 -21.324842 0.14807445 -8.725019 -8.60423 -7.824898 -0.2655505 0.100063026 5.008363 -10.633484 -8.771 
-375.7954 140.89407 46.95147 53.165077 21.85735 11.540968 -9.107919 -2.620243 -14.89488 -8.369713 -17.788143 -11.430415 -13.67412 -7.3521023 -9.126415 -5.9163866 -4.184194 1.1628348 -9.337473 -9.458062 
-331.68936 79.77153 59.90159 61.160652 3.2155006 32.9291 -5.8717265 6.495511 -18.102188 -0.2175122 -17.789019 -10.37616 -15.307644 -3.031847 -12.364715 -9.372204 1.1575558 -2.6013467 -14.096575 3.6166162 
-303.74512 37.10177 44.85008 71.201294 -10.65543 31.215977 1.6896474 13.987234 -17.046677 14.628273 -16.929222 -9.368288 -9.898301 -0.61249757 -9.656252 -6.65357 2.479774 2.0228949 -16.679909 5.5650835 
-291.09946 34.809555 28.199665 75.591415 -12.448608 19.078093 -3.9763093 14.621733 -21.833643 17.091045 -18.494583 -14.332665 -7.101528 -4.09647 -14.530924 -8.20902 5.878442 10.002254 -13.55983 7.259478 
-290.7608 73.22741 25.494629 84.05974 9.355366 7.675106 -15.634716 7.771371 -24.388771 6.7383785 -26.4581 -20.571693 -6.892119 -7.794835 -16.310608 -5.2907095 10.201027 9.442071 -13.151234 7.620551 
-317.44144 107.75876 21.772636 79.84764 33.768463 1.8710998 -18.46447 -6.1679068 -20.545567 -1.2423668 -37.053085 -18.840958 -7.8693743 -0.76221573 -7.879075 -1.1900378 12.567574 11.951806 -15.22898 -0.46934986 
-335.71768 115.93645 18.527687 59.93636 35.699646 8.02738 -25.674559 -17.49617 -20.089382 -4.708283 -35.011658 -14.178025 -3.5265317 7.8767595 -1.3663765 -4.7408056 5.6972957 15.778902 -11.98756 -2.14026 
-356.01608 123.71736 32.148827 50.321663 30.887568 8.5054455 -19.409668 -13.898151 -16.458393 -2.1604617 -30.656843 -12.101927 -8.801267 4.651613 -4.496251 -3.7272582 6.186525 16.016817 -10.868125 -4.555492 
-348.77515 86.441376 60.222744 39.892235 9.467369 21.79002 -13.764944 3.6152978 -8.660823 2.0139685 -23.2313 -7.1557937 -17.62181 2.1154952 -10.688246 -0.38777614 -3.9167318 6.409237 -12.22084 3.78388 
-339.20465 59.47908 60.457047 43.74977 -3.1723676 26.323162 -11.715347 12.774573 -3.2745996 6.0513697 -17.413807 1.6522833 -17.659416 2.495274 -8.3526745 -0.66867745 -7.5785103 9.342707 -9.936855 6.1630573 
-330.93173 85.26491 54.61691 46.210022 1.1172819 26.424925 -19.334953 -5.0087643 -22.328697 -3.369492 -18.035349 -2.905151 -22.879879 -2.6393194 1.4852318 4.2619143 -6.4368467 7.2284408 -10.548013 7.8668456 
-346.77618 125.171974 39.746693 46.529343 13.276863 25.653927 -14.241462 -18.849201 -30.85774 -10.576441 -19.59868 -4.185428 -18.417803 -9.382557 9.315916 0.49220252 -3.562283 1.2752488 -13.094883 7.0578756 
-361.9451 138.0734 31.235134 47.006813 21.4049 22.557423 -5.6739087 -14.74543 -33.337536 -16.79222 -18.212528 -5.574476 -18.527874 -16.338459 14.260655 0.8255733 0.50763166 -0.07579237 -16.696615 5.8065577 
-373.61487 139.29318 33.33748 45.581665 22.954794 22.105751 -7.3859043 -9.152945 -28.52721 -12.78286 -7.59937 -6.3581333 -14.7372875 -16.53175 4.177724 0.82573444 2.8174844 3.763281 -13.50584 -0.44496197 
-358.43976 144.19392 30.33934 43.99041 21.986797 25.370388 -18.033028 -20.492882 -36.370148 -9.520704 -5.0988207 -8.753311 -11.136499 -15.896841 6.3267875 0.64880204 8.435976 4.210087 -10.367367 3.0594358 
-350.50146 142.65964 26.206207 45.58931 23.526428 16.847862 -25.315418 -22.664719 -33.06212 -4.367438 -13.675913 -14.9904995 -4.3116455 -8.633408 12.90883 -5.364147 4.9006176 3.6102552 -10.776964 5.9443054 
-356.95245 135.10858 22.336172 52.95279 26.015865 5.1968966 -25.045506 -18.622429 -24.442375 -1.9963574 -23.488583 -21.250282 1.5529815 -4.2637444 8.900586 -5.7015023 4.122409 4.04071 -11.706189 6.695569 
-357.3548 130.3511 16.325623 57.707596 28.140656 1.5461085 -16.980886 -15.563505 -20.987743 -4.83776 -29.785717 -17.309425 1.36399 -5.4101195 1.7837569 -2.7417862 9.183092 4.6473722 -16.509064 6.02493 
-368.83636 129.95969 15.776801 55.43692 26.299736 4.797786 -12.627617 -14.396118 -16.645878 -6.319939 -30.233055 -16.60714 0.84233654 -3.6960645 -0.65168655 -2.8253195 10.128865 7.2147136 -16.973946 -0.53572315 
-400.74347 130.38055 24.168175 40.56728 19.684872 7.2594137 -5.8531904 -1.2934542 -4.2616644 -1.8018938 -18.34337 -11.379072 -5.2625103 -2.2810245 4.9248257 -3.4917037 -0.9764327 4.757376 -6.1449957 -1.9663727 
-406.79468 132.73975 26.504597 40.14367 20.875729 9.46319 1.7426925 2.4187155 -7.483406 -3.6066446 -13.600037 -10.381132 -6.227314 -5.2152386 0.98721755 -4.6576247 -5.312564 -1.2520456 -5.7974634 -0.9091946 
-401.80954 137.18825 27.956444 32.83874 17.755753 11.8070965 1.1529914 -5.6949472 -19.629936 -6.0407104 -10.909603 -11.076529 -7.492169 -1.991619 4.5759125 -3.5632398 -10.7976265 -12.598128 -11.781561 0.46412754 
-392.2531 136.85318 27.59063 31.417023 18.214958 11.589315 0.16625676 -7.9618864 -17.222769 -0.62429744 -9.57278 -12.215614 -13.511739 0.9076791 7.2911835 -3.5632253 -10.121159 -13.974762 -18.746948 -0.15124261 
-394.99094 137.11858 26.292114 28.883343 21.717548 12.966635 -2.5232148 -5.250557 -14.701702 -0.5479741 -2.7879045 -4.2951994 -8.946567 -0.09007609 6.3348475 0.61614513 -7.804005 -9.439407 -14.941877 -1.1132537 
-406.1769 132.5681 23.276968 27.75689 21.175959 8.775284 -7.1996202 1.1479408 -11.272755 -1.4557934 -5.6956363 -7.4725084 -2.850231 -2.0684493 5.005295 2.3388596 -8.549452 -9.598204 -15.0823 -6.6571608 
-413.10727 123.11763 15.484749 25.622915 16.447308 5.5569334 0.648731 9.756903 -8.250366 0.2203771 -6.991891 -5.7009726 3.7874637 0.10105334 1.0646169 1.1207552 -7.8509436 -6.0073175 -10.242942 -3.9341822 
-414.92117 120.04826 20.575874 26.93228 12.517235 4.590239 5.828781 11.4927025 -8.581303 -0.20747477 -9.794862 -1.2933083 4.3929424 -3.9283109 -7.8786416 -6.8330297 -8.518261 -5.356986 -14.16103 -6.444627 
-413.8186 122.52959 25.526773 29.287132 14.831122 3.5307875 0.72611755 7.037961 -10.161816 -0.51486874 -9.95661 -2.5044053 1.1829787 -5.1158423 -6.290482 -1.8410344 -6.888115 -2.0654523 -13.728779 -10.17742 
-414.76694 125.52581 26.583908 30.11308 16.942875 -2.3950472 -5.0263376 2.653892 -10.64369 3.6829858 -5.8864493 -1.9488676 -0.6500565 -1.6759781 0.647212 -0.46721768 -9.790934 -4.545866 -11.075468 -9.33063 
-417.12152 118.19771 26.803646 30.598969 15.995079 -4.0769672 -3.3208108 1.766375 -11.055344 5.337841 -2.189571 -2.727345 -0.5521172 0.43858057 -2.7337813 -3.8296373 -12.93294 -5.694777 -8.72698 -4.9342465 
-413.09775 118.050705 28.808163 31.927883 17.54631 -3.0997095 -0.3726369 6.313186 -10.623664 5.1530657 -3.4036367 -2.1535597 2.6800299 -0.33461094 -6.7676954 0.75833184 -8.812266 -5.355304 -8.614891 -1.9520551 
-410.54755 120.88936 23.440948 25.261803 18.036451 -0.56788373 -1.1447787 6.846614 -14.073192 3.0915782 -3.5028622 -1.7282466 0.29800156 1.3470109 -7.4872565 0.708511 -6.9370704 -5.7183356 -9.638526 -4.1408215 
-414.07886 120.61522 24.696682 29.255802 17.998623 0.1860739 -3.129033 3.7637825 -15.725914 0.8374817 -4.700114 -7.2475615 -2.8666203 0.1760643 -5.8554 3.0530143 -7.9685707 -2.6246958 -5.8085537 -3.6794865 
-415.35837 123.879105 23.285187 25.793716 14.135334 2.197137 2.1520886 2.1237864 -9.446444 3.2150502 -4.923294 -7.411764 -0.076375544 0.1986407 -6.5957174 4.271639 -4.5566998 -1.2922014 -7.114618 -1.5087571 
-414.10675 123.83983 20.103817 24.575878 15.462198 4.382779 5.2212534 2.1275847 -8.141842 6.0569677 -5.3514366 -5.6741495 1.6839695 -0.25222614 -3.706421 3.3039913 -3.463079 -1.6793526 -8.940338 -3.999378 
-417.29752 124.0053 22.417477 27.576378 17.829231 4.3057175 -1.2635462 0.14602903 -13.276506 3.3522987 -4.818245 -6.668213 2.3008995 -1.2447336 -5.8838363 0.97357225 -3.675966 -2.18692 -9.287946 -7.1809125 
-418.6748 127.443634 21.308666 29.866413 17.928375 0.7535387 -0.90752435 -0.7026527 -17.575298 -1.1096938 -7.3262205 -9.723711 0.9788954 -1.9742893 -6.410552 -1.2309272 -8.927429 -3.1210377 -4.469802 -3.2376344 
-411.64706 130.09036 22.738556 32.23545 16.942085 3.9382486 4.0953536 3.8397121 -16.944738 -2.7555218 -7.240839 -9.437116 -1.6305982 -3.6272695 -4.8151207 -0.6014848 -8.1935005 -2.2015414 -2.3857906 -2.3381345 
-410.811 126.940125 24.19211 33.134247 17.27592 5.78586 2.7186892 7.5845337 -13.725544 -3.3770952 -7.709529 -7.689623 2.5562196 -2.0667763 -4.890376 -4.5892096 -10.918147 -3.1038198 -6.7461176 -4.354882 
-411.21652 125.94429 22.888977 32.184795 19.86464 4.5512943 0.8706903 11.943887 -7.4532795 2.1386342 -3.0682383 -6.6424704 2.9873142 -3.7669249 -8.712864 -1.058619 -8.503313 -4.054796 -9.985626 -6.806081 
-410.80884 128.68304 23.520988 28.066555 14.473171 2.9278576 -0.13258204 14.623451 -4.319172 -1.4800106 -2.0311098 -9.177959 0.2807524 -0.6794709 -5.1568756 0.77753216 -5.30379 -3.968587 -10.431095 -6.0056233 
-415.30447 128.7492 22.403978 27.669638 13.777332 0.6713148 -2.7391748 8.976284 -6.7514906 2.05815 -0.65935194 -12.647537 -4.7229457 0.84275776 3.3412418 4.8188887 -7.2739267 -5.833244 -11.146826 -4.5369062 
-416.1275 125.21004 21.56658 27.074734 15.007059 -1.1551031 0.9814436 11.590862 -3.605268 6.79655 -3.5539396 -12.624879 -2.1990714 3.9373038 3.798041 5.9101152 -5.7287493 -3.4791114 -12.377924 -6.683263 
-412.49478 124.64165 25.680948 26.178982 14.395686 3.7785416 6.462777 11.122553 -6.2202992 -0.62677234 -13.783602 -7.037764 3.6995063 0.22356775 -2.012069 0.62444246 -7.216279 -1.3089976 -8.261793 -3.6962757 
-410.52838 121.75924 18.420963 24.114777 14.124403 1.945008 5.407407 7.232666 -7.779685 -1.8046244 -14.9617815 -4.1676364 -1.7788701 -6.2559214 -5.7964773 -1.0547843 -11.963721 -2.7364025 -3.8048904 -2.0836902 
-424.05167 118.79951 15.878101 25.016628 16.80785 -2.2859674 4.23634 7.1290126 -8.846376 2.6259642 -8.568788 -5.1641836 -4.421378 -5.729494 -7.8838987 -2.607739 -10.615601 -6.760432 -5.1919103 -2.4014482 
-464.2148 119.16355 24.553665 25.088383 21.614502 -0.47183785 3.8728957 5.247218 -2.6449614 1.8784055 -4.9434295 -8.156847 -1.5418686 -0.22409695 -4.8511157 -9.26865 -9.320191 -4.1203685 -0.5020605 -2.535037 
