-370.86917 123.7092 6.022679 33.4301 14.9825 20.787563 -5.9904656 8.841625 -7.8986797 8.553841 -13.214876 -3.2701435 -10.088511 7.629281 -5.2846017 3.1163552 -16.355389 -1.7561609 -8.709037 -0.7040916 
-331.93796 131.47737 27.722176 28.34304 6.719485 7.595559 -10.698032 4.876603 -27.994484 3.1035452 -13.574558 -1.7108289 -7.4272223 9.188602 -4.943932 1.4236212 -7.919719 -3.2955196 -12.690113 -1.4004537 
-185.90353 100.25517 -20.374918 10.571989 1.5494614 11.883556 -20.604301 7.1325016 -40.460625 11.930021 -26.63946 -0.11235491 -14.800581 19.418003 11.867489 3.9359584 -7.47584 0.9204675 -7.1140575 1.3514279 
-244.19867 134.22954 -6.9254026 8.761615 1.0125521 10.519022 -14.348583 -12.099568 -22.867502 7.9101977 -15.493293 -7.094792 -13.004784 14.49447 -1.8309941 -12.546177 -12.630955 -7.8366785 -10.819351 3.9955292 
-263.71484 122.94196 2.2140431 0.8627807 -6.341349 19.53861 -3.0586252 13.113804 -27.964342 2.2946177 -17.366325 -5.397689 -11.62608 8.499013 -10.248489 -11.908486 -12.561604 -4.602829 -1.8992971 18.839182 
-266.7856 95.604576 35.42639 29.407478 3.8732626 9.240805 -21.490976 -0.4256628 -13.227855 -5.2032375 -11.894382 2.0500653 -15.220433 2.666763 -4.017054 -7.4484167 -7.7630944 -1.1849738 -10.480741 -1.5885571 
-242.66057 99.79508 18.657017 29.44146 8.482431 17.173164 -27.327864 -8.279827 -22.708757 6.8527546 -20.323309 -8.169323 -10.55091 14.528697 0.15455186 -5.6067533 -3.5291603 3.505577 -11.147701 -3.4216173 
-261.09064 130.34142 -11.908939 12.675343 10.160114 27.38593 -19.938211 10.9100685 -20.140917 0.7098052 -26.450775 2.1833882 -22.16491 14.032364 13.013561 -17.721224 -7.0798206 0.099744745 -7.654358 -4.336309 
-286.81747 135.02074 20.986742 22.025679 -16.889288 10.725514 -6.127868 2.5868082 -29.769295 0.13357025 -20.80973 2.8866103 -14.23073 7.4566855 5.8488917 -11.258309 -9.690176 10.014419 -16.11379 5.34262 
-317.64166 157.74577 27.879036 23.155634 -15.037484 -6.6590576 -2.4489577 3.38513 -18.234653 0.79635006 -23.047783 0.2966084 -9.963329 0.5496559 -4.6442165 -5.572447 -5.5580044 1.4066151 -9.918468 -1.7406447 
-253.93607 136.72662 -10.589611 13.684859 3.56842 16.706865 -15.379207 0.57734066 -18.088678 -1.0937452 -19.17658 3.403621 -8.120359 8.749359 3.4073107 -18.37113 -11.216984 -2.565978 -10.091413 -4.414213 
-255.90984 171.26021 -27.009792 -3.3708944 -11.67345 7.5425053 -9.2913 -0.6933602 -15.3346405 0.57699627 -20.940989 7.346098 -12.543451 4.1387534 7.962497 -5.4265532 -9.653155 4.8513565 -8.3922615 -3.4496427 
-298.7518 125.20645 9.760242 17.14999 11.093296 18.696846 -5.7854395 2.313036 -24.90282 9.395353 -17.346046 -4.1279106 -15.357784 4.297897 -2.4456742 -9.087748 -8.953752 1.1535239 -12.682405 0.5862209 
-244.07693 85.004776 26.197264 25.791624 4.946497 29.641184 -30.774065 5.8579507 -29.51124 9.073975 -18.959774 -12.243465 -14.58561 16.343346 -11.810734 -19.617786 -10.714676 4.991102 -13.724693 8.764142 
-282.9362 108.98526 -6.9954305 39.1435 3.0443194 13.4992 -15.193629 4.435247 -8.553794 11.334645 -10.763136 -7.188557 -16.182394 20.312044 -19.727283 -11.209901 -10.882154 8.91539 -7.5697927 13.87269 
-322.3527 98.333595 7.9695563 42.04082 9.243378 25.716335 -12.803356 9.067022 -5.031105 9.10272 -12.887526 -3.4476242 -12.634565 19.089811 -5.278677 -1.1974239 -15.66441 8.029089 -13.748906 6.2668138 
-266.49564 138.94707 -16.977299 25.622358 11.878986 14.5072155 -8.823776 -6.5039783 -19.108818 10.239963 -23.56044 7.1931133 -20.907255 3.3383467 13.510338 -23.048973 -10.80434 3.9682498 -7.7914867 -5.5274973 
-253.00021 89.47682 38.486893 27.587791 -5.913102 29.727352 -27.139912 5.2511744 -24.305428 2.141939 -14.345542 -5.708264 -14.134229 14.898441 -2.277229 -8.249148 -11.156813 7.502932 -17.329487 -4.537367 
-228.71501 154.34747 -29.22569 -12.94689 -13.822837 11.272872 6.5334873 13.946493 -28.102797 1.1218531 -1.3292602 -1.3164384 -21.743782 9.258643 2.827407 -12.468911 -6.441255 -8.05476 -11.050781 -12.826366 
-252.18878 102.80173 29.237633 7.877909 -10.422306 18.01305 -11.4707155 3.4603746 -30.135729 3.9963503 -11.54611 2.307282 -14.843218 10.5774355 0.9723297 -9.508894 -3.5262463 -7.6354423 -16.466208 -6.3057756 
-229.47238 141.11035 -20.89719 -5.0790124 -11.951704 8.158375 3.2890613 16.76715 -34.166477 3.8189876 -16.90251 -6.03628 -9.418758 5.424371 7.893003 -12.347711 -6.563057 -1.43022 -11.979862 -8.047476 
-235.03375 133.6438 -18.409584 18.255102 8.757082 8.779284 -29.517775 -2.9577394 -25.89283 18.98999 -17.42672 -5.1727295 -0.12756443 5.0716243 -0.84459907 -10.989205 -16.855341 1.257007 -4.881012 -0.20811541 
-272.12097 143.57515 -9.553881 6.3253803 4.3377137 16.065042 -4.640796 12.326324 -20.852499 7.4557495 -15.256014 -1.0526941 -6.720415 4.185272 -2.5538917 -5.200669 -10.818828 -0.39228195 -15.003682 1.2647821 
-281.18082 131.22789 10.062602 36.298397 4.181962 7.3703146 -12.816137 3.9532259 -20.589436 -0.98544776 -11.428809 0.9901833 -9.518458 9.121069 1.3659096 -8.222963 -11.704667 2.2386396 -11.459263 -7.970772 
-271.1425 146.14201 5.039091 22.16044 -5.9219356 -6.497713 7.731057 -3.5424206 -28.79934 -3.5948224 -8.882357 -0.8528322 -10.481551 -1.407216 1.3404961 -7.70623 -6.551791 4.5364404 -10.327587 -8.036689 
-260.3634 84.031555 34.48875 35.493362 7.0021896 15.783415 -24.416344 9.972047 -22.038269 -5.2095838 -13.739438 -5.2076015 -9.452045 9.972883 -5.318489 -5.6523 -5.092137 9.743815 -15.554489 -4.4292192 
-287.93378 114.717476 7.7565722 44.490364 13.456933 3.5722547 -11.510623 -4.63807 -13.400706 4.9910736 -14.313448 -8.669538 -14.086201 15.379968 5.7296324 -9.677044 2.0777512 13.499563 -12.516455 -5.9556065 
-292.54742 121.124794 -24.065117 21.458061 10.462836 22.382278 -1.4713161 14.472175 -19.094147 3.1636374 -11.8966055 -1.7603096 -14.146454 16.486744 -3.8825328 -12.517936 -3.4186525 4.3682537 -11.049259 -4.3178368 
-210.45111 131.24951 -56.138233 32.192814 9.359516 4.4358993 3.5253363 -6.6298594 -19.907518 11.980431 -24.95124 -8.438946 -19.148363 9.9950075 -0.2949832 -17.741577 0.119678706 -9.2570715 -8.519545 -13.999875 
-221.39095 165.08347 -55.91762 -3.4001532 -11.3389 29.148294 6.4548693 9.516483 -32.39539 8.534182 -19.589972 3.4677076 -14.811871 -4.143745 16.475838 -21.516886 -15.2070055 -1.6235595 -12.981864 -5.715466 
-260.40952 120.99892 -4.169814 16.53524 -1.6016763 28.812883 -16.660799 15.123298 -24.277489 2.9049776 -12.058764 -1.5433615 -22.38147 3.5839396 3.154856 -16.697842 -5.855412 1.075758 -10.79577 -1.0509331 
-232.16835 87.551254 25.69088 22.06803 -16.804781 29.17538 -10.814835 10.317243 -22.728212 -0.3345766 -13.483628 -6.679918 -13.749725 8.1066 -7.5366187 -6.7779255 -9.7997055 7.7040844 -17.646765 -1.3644586 
-256.58847 112.890396 25.448606 20.080881 -29.83496 8.632519 -1.1713059 12.384382 -22.822062 10.570667 -19.393875 -3.84906 -8.445603 9.399917 -0.78109837 -4.159493 -5.8892193 1.375395 -18.5877 -0.31020555 
-268.96982 131.82764 5.1392694 21.07027 -23.062508 6.452753 11.767307 12.996725 -29.908348 6.3703184 -26.106104 10.038028 -7.003176 4.915192 0.40190002 -14.435776 -11.859554 1.2059256 -4.946119 -7.2893047 
-360.77887 136.00586 14.95728 31.650505 1.6273607 10.6610565 0.3574037 9.690585 -19.081264 5.792133 -19.999441 3.523686 -8.758667 3.7019854 -6.760785 3.0450666 -8.883692 8.159091 -10.496718 -3.9893591 
-322.08072 102.510345 26.643257 34.964912 3.1707568 18.968473 -8.067992 3.6175318 -16.758127 6.514564 -16.497332 -4.7791314 -10.266305 10.95111 -8.3794365 -6.361554 -6.306837 -6.016119 -15.658888 2.1385198 
-232.15562 118.517365 -10.317269 44.17675 10.288968 -12.883144 -8.946788 -8.357064 -23.310665 7.0418563 -18.661901 -0.51354414 -6.8508086 2.1076365 -1.551278 -16.293959 -5.47616 7.2951617 -21.245993 -10.627658 
-225.17726 106.412506 8.234871 22.583218 -8.190013 12.19431 -15.706083 5.944602 -21.23486 2.4274187 -17.083239 -7.8270288 -7.438541 14.230432 -9.409281 -13.930563 -2.1112444 -1.7812358 -25.487383 -8.401864 
-215.10875 129.35066 -2.181218 0.011196878 -34.946476 13.72641 6.6111813 12.788384 -33.27156 14.789965 -18.180555 -2.3085277 -5.4656186 -5.3 -2.6481488 -11.287106 -6.0128 10.930596 -17.115294 -1.914193 
-302.33264 152.43697 -0.7921899 12.500416 -5.3786807 9.369899 -1.7186489 5.4909596 -21.133312 4.068624 -18.362959 5.867365 -10.993519 4.7094593 -3.9559941 -7.2788873 -14.183729 0.64578366 -9.022016 -5.7238736 
-266.80255 100.21831 11.960642 31.439066 10.113691 7.501203 -20.058079 15.262211 -34.220093 12.024917 -15.084706 1.5088825 -6.693144 9.181354 -5.5631356 -1.4635273 -9.15047 -1.3944741 -12.50844 0.41278717 
-265.06915 146.23058 -24.667034 34.120766 13.049073 -2.3047462 -10.168106 -9.270309 -26.856441 15.500034 -18.059649 -6.4513607 -2.8603532 8.753845 -4.673487 -13.880979 -5.0983634 -1.6259313 -10.631374 -3.137934 
-295.61316 143.23885 17.104477 15.056523 -16.510124 -1.7971045 1.3373073 14.501879 -16.498013 4.183885 -23.342802 3.8445194 -9.032642 4.0983973 5.150603 -3.9047267 -13.61335 3.6807735 -15.113224 -3.843186 
-256.47375 138.92328 -29.832384 -1.090513 -17.83506 12.903118 7.704885 16.518028 -23.270567 9.990044 -22.39247 -5.2727537 -8.911068 0.2171812 5.12449 -1.2306936 -12.498933 10.163975 -11.370854 -8.551761 
-342.41776 107.52022 3.5136595 36.985046 16.275414 10.733877 -4.920055 11.481326 -5.8602276 11.094779 -18.887608 -4.1050625 -13.825294 14.69712 -9.554618 1.9190946 -10.225984 0.6481142 -9.290139 -4.238134 
-278.89954 121.65526 -12.035769 20.234938 1.8316998 7.694616 1.0118955 4.3122654 -19.316872 15.17313 -17.94764 -5.12044 -11.40028 14.668224 0.39561048 -8.677909 -6.1558547 0.29231602 -9.026055 -0.7144592 
-234.1333 139.8895 5.954678 -1.8743396 -23.30319 -1.6581686 17.736443 9.365199 -39.362167 14.112162 -21.61554 -1.5983977 -14.169643 4.6691904 -12.261851 -7.85598 0.113903575 -5.1288514 -15.25118 -7.878273 
-241.74191 128.45877 -22.001919 38.476013 5.959564 -2.9222934 -21.954782 -2.520711 -25.591236 20.027685 -16.13221 3.417208 -8.218325 11.599773 9.453706 -16.45266 -3.1331415 -8.319865 4.648016 -8.460319 
-229.36168 127.30485 -8.805752 50.86395 9.750051 -16.329235 -10.202749 -13.9315405 -21.427189 5.564418 -19.636679 -5.032735 -4.085616 10.16277 0.5848439 -12.280707 -0.03447072 1.0890443 -8.594488 0.53282344 
-199.50012 120.250084 -13.73497 7.620222 -0.9039205 15.302952 -7.908654 15.0013685 -42.437756 8.442699 -9.614568 -7.2478824 -6.811626 7.585266 2.232674 -7.061331 -6.1866007 7.6002674 -13.09887 -3.7305892 
-241.67438 125.98089 -31.422981 16.190819 8.19705 20.172686 1.1142226 1.2230589 -17.127462 4.779276 -11.354174 -7.776958 -16.214424 13.455974 -16.48572 -16.015347 -4.4277735 -1.8006011 -8.109613 -2.8771944 
-237.19556 148.39868 -29.661356 4.5155115 -0.015794966 20.201546 5.996302 3.7608838 -28.282854 8.417438 -13.659592 -2.9881113 -18.396664 16.414972 -9.734299 -12.524113 -4.6295757 -7.2591457 -6.667672 -1.9114661 
-285.5498 97.001045 20.471964 30.490261 7.526568 16.220625 -20.77425 8.528754 -31.961952 10.642391 -9.596306 -4.1078563 -8.502924 5.3083973 -2.7966268 -2.695332 -12.114827 2.8156662 -11.204503 -4.535381 
-318.13272 142.65448 12.030458 23.436195 5.3918514 15.473243 -4.693138 -1.6053433 -22.670824 -0.42357117 -15.77046 7.8651767 -5.5742702 2.3756018 -2.9434063 -7.0326276 -15.204792 3.621522 -8.546835 -7.2253146 
-275.73328 133.23956 -12.0705595 5.0495615 0.055724885 22.835348 -6.7721453 12.128447 -16.149696 8.909305 -13.920408 1.937149 -4.7098117 -6.3356967 -5.30674 -4.0190754 -16.346212 1.7666116 -10.604823 0.23387194 
-302.11624 127.28007 11.102434 43.65236 10.065862 5.0731177 -22.697979 0.94476193 -20.292522 1.8651848 -12.576644 -2.2802343 -7.5750103 5.7280006 1.1105483 -2.3377254 -9.832491 4.1350956 -8.324223 -2.416314 
-290.83484 133.53151 -7.5743537 52.95036 18.605589 -16.76334 -15.775616 2.4715683 -18.472754 -5.545735 -17.02159 7.84872 -4.413679 -0.43464482 2.6164494 -1.0814519 -3.8236694 4.3876324 -10.388989 -0.63009876 
-327.2335 127.337715 -0.34924528 22.213064 10.407247 10.764661 -6.5913167 5.6732235 -6.975917 4.305738 -13.818166 -0.9553106 -6.759877 1.5580106 -3.4407911 -0.6292305 -6.4628773 2.014039 -8.143986 -0.48962063 
-233.02316 105.30919 10.677386 17.50031 -2.961314 20.949558 -8.213554 15.36694 -22.031408 -4.4378314 -11.826692 2.2406461 -11.335377 -3.495187 -1.5474639 -9.579136 -10.28313 5.893991 -17.02551 -2.501934 
-292.5748 136.81525 -0.90419304 40.15219 6.051666 5.484195 -8.11043 -5.5432453 -30.78768 5.4506855 -7.8552837 6.9633183 -17.69857 1.1113721 16.929089 -14.728832 -12.504475 7.5262394 -16.654747 -4.2297482 
-279.64026 120.46479 16.806875 23.395304 -15.509639 11.694837 0.58200073 2.7414842 -29.807089 6.5018024 -12.242088 8.368984 -10.142357 2.9445517 1.7568036 -8.089815 -8.9472 6.1046576 -19.576496 -1.4354936 
-274.31537 152.9216 -16.632454 40.771843 -0.7751806 -11.03976 -10.074856 -10.355511 -30.821281 6.0634604 -16.690182 8.401639 0.5845747 6.7409477 12.705043 -14.76307 -10.426612 7.9861 -20.613283 -3.5410604 
-374.79575 131.52472 9.754169 42.761356 15.061702 8.410721 -5.0896225 10.459512 -11.908198 4.9277644 -14.512205 0.7878387 -11.903012 4.5027776 -3.6020796 1.7517734 -8.893882 4.3403068 -11.834286 -1.2950706 
-385.153 138.24608 9.905711 39.290554 16.262823 13.84994 -4.8146024 10.436194 -11.414941 5.976194 -14.276398 -5.170231 -8.752261 2.8998988 -9.574837 0.5262632 -11.264037 4.257271 -7.063198 -3.2414334 
-219.99033 151.86989 -41.915894 -9.255731 6.7016873 9.981728 1.6663895 -0.73722047 -34.870777 3.67131 -14.951238 8.473845 -20.388496 12.973236 5.5629005 -17.918337 -4.7813206 -9.671261 -15.8823 -10.8755455 
-245.78847 103.11185 21.262098 15.371489 2.7284927 16.033478 -15.106293 4.893244 -30.311018 8.853146 -13.5898285 -8.083357 -17.389462 11.395309 1.8269817 -16.071533 -2.8467457 3.7138224 -20.627516 -2.6929584 
-192.09839 114.48087 -20.031975 1.3871729 -17.24945 30.023651 3.2950277 12.154933 -36.832783 16.024939 -15.488774 -6.371583 -5.46208 3.6545384 0.51088756 -10.5749855 -9.308976 5.9140086 -20.094208 -0.06624222 
-216.79572 119.38135 -27.578941 -0.010099835 -12.294405 18.402378 -3.587911 11.552607 -21.941444 13.296821 -27.295708 1.2798141 -10.455944 5.8068633 -0.97992474 -18.229248 -7.3103604 8.126568 -20.10633 0.13047811 
-274.13388 140.77962 -17.487223 17.74425 9.308467 13.094855 -4.6347013 6.1203804 -13.650175 14.057903 -18.030005 -0.30126464 -16.38025 -1.8993753 4.0346518 -18.646305 -17.742924 4.2353306 -13.831588 -5.130538 
-249.37932 137.37012 -22.604342 8.487752 3.2578633 12.083367 -10.271259 2.2310147 -11.503572 5.9158072 -17.023277 -9.105329 -12.861781 13.419953 1.779583 -18.735294 -12.52334 2.474151 -17.27156 -7.6835666 
-275.85355 81.97835 27.769943 44.36995 12.053465 11.981729 -25.130661 16.137505 -29.466011 15.671169 -27.498207 -7.2509866 -9.703681 -1.1109779 -11.468551 -2.6520834 -7.110466 9.691855 -11.280572 0.82344806 
-318.54376 119.92036 27.15776 23.513193 8.801517 15.913718 -17.145685 2.1307042 -25.229975 6.414442 -10.392741 -4.676081 -13.605622 1.2096925 1.4040828 -4.4018655 -13.837284 3.4307797 -10.8293495 -2.4731684 
-253.46254 145.96854 -5.288282 -6.063192 -27.75248 11.637498 11.499427 20.099056 -33.109077 4.5203547 -12.457568 -0.7694749 -4.8039746 -6.295296 0.5393839 -12.77988 -6.77488 6.8211894 -13.063608 -6.366091 
-270.78934 143.34262 -28.863152 -2.6594977 -9.236135 20.312542 10.86906 18.989786 -27.219952 13.024209 -9.355523 -8.39922 -1.7398554 -8.945517 2.9889112 1.9639479 -6.426093 1.8681693 -7.0880013 -3.9037366 
-356.52344 115.76432 6.0355797 31.817898 12.8779335 20.934692 -0.37213933 6.317469 -13.976994 10.032394 -15.121633 -4.581817 -12.837249 11.802018 -9.9920225 1.372002 -12.193024 -0.57202405 -10.389767 -2.8496828 
-326.1703 123.984375 24.041334 28.906206 10.576939 2.931136 -8.702605 10.617729 -31.299662 3.0681078 -12.935297 -1.5157179 -11.678463 8.76538 -1.7541703 -1.2468138 -4.9101048 4.0319624 -9.8068075 -1.0311311 
-210.4347 124.57921 -33.776573 45.372208 9.308187 -15.699812 -9.416441 -5.1490474 -35.828293 13.494082 -17.010593 -5.11018 -3.6253347 10.5154915 13.396545 -13.877884 2.4869742 2.5929582 -12.637229 -6.2666507 
-236.14404 146.81276 -18.593485 15.413805 -0.28269875 -2.4278786 -12.268683 -5.3110547 -18.525335 5.839616 -8.372559 6.5807886 -10.825405 9.7739525 1.6904294 -14.857778 -8.025266 -3.93558 -10.313398 -18.177551 
-212.55095 151.32796 -27.550266 16.800205 -1.9273554 3.102764 -8.712699 -12.219703 -26.429157 7.7126117 -9.119202 16.022718 -17.034119 4.8222256 4.512994 -22.826479 -1.9106036 7.1655297 -15.591152 -6.531786 
-245.36833 139.06345 -24.126001 36.586613 9.117979 -5.6629205 -10.503466 -12.068188 -15.89915 1.373486 -20.969606 0.104816996 -7.4010644 6.1711903 9.169291 -17.097284 -9.492671 7.0817127 -19.98225 -2.885871 
-297.10406 88.97449 29.395481 50.441994 11.946077 8.00972 -18.34046 13.631052 -18.886404 -8.134491 -15.408458 -1.7545753 -10.139289 1.4164846 -2.9631605 -4.419933 -10.9006605 8.485348 -21.644455 -2.703544 
-271.08267 90.07054 33.09822 24.26335 -2.0990856 22.533426 -17.887434 9.926879 -24.064741 4.1061335 -11.188431 -10.937567 -12.571405 14.172608 0.25029147 -3.1326184 -8.623164 2.6198964 -14.230488 -2.4721994 
-270.38464 124.20916 -9.194556 22.394806 5.343111 15.022668 -5.4753957 3.7785022 -33.182274 10.592341 -9.538698 -6.1493654 -5.8077326 7.5517273 3.223266 -5.995859 -12.5035 4.1170707 -14.379506 0.0068380567 
-324.35715 128.15622 10.676932 7.7342978 11.79097 21.57328 -7.9212513 11.291883 -15.906119 8.028301 -18.154749 -5.5690556 -11.225697 6.34157 -0.84749997 -3.4774146 -16.774986 8.890328 -7.436884 -0.83293384 
-282.257 145.29767 -25.748781 -4.447851 -4.4821005 21.165785 10.964151 18.529259 -33.187405 10.793552 -9.614911 -4.503893 -9.889454 -0.4622706 8.107658 6.8322444 -19.425718 2.0786526 -12.516816 -1.7741868 
-377.3136 123.250824 12.353036 26.52642 15.703757 18.986229 -8.760983 7.1816044 -10.120462 7.511516 -15.330841 -2.5132163 -11.88512 5.70891 -6.96369 1.540896 -14.698876 0.6533132 -10.659634 1.2312133 
-384.61673 128.14108 21.479801 31.463985 12.081498 14.899772 -7.792243 12.267325 -9.728572 6.9040756 -14.379203 -5.1384964 -14.215809 0.57657367 -8.496345 6.515572 -12.626155 3.0481694 -8.965428 -0.22859566 
-331.05194 126.140976 11.778578 33.230522 9.596638 11.056639 -17.12132 -4.0424047 -19.484743 5.673731 -13.536336 2.0083132 -10.006173 9.888216 5.5595646 -3.4589093 -9.70363 6.0865335 -10.813118 -5.7698355 
-357.9581 124.49262 22.42289 38.003983 10.53812 3.1531093 -9.168377 6.351131 -16.787178 4.2723756 -13.498846 -3.2745588 -8.094615 5.339457 -6.708865 2.4132318 -5.4902577 4.058239 -9.78123 -0.40947056 
-289.0663 126.79062 2.1699839 30.304605 -4.7158184 6.1390758 -5.7328944 -7.337105 -27.397318 6.8899393 -15.550533 1.8566328 -15.27329 2.1099348 5.78349 -7.1912403 -12.182528 3.4699564 -17.561653 -1.2340382 
-253.42215 142.8903 -24.944584 13.235362 7.4521627 22.779629 -6.1086054 6.064371 -14.596773 4.58631 -21.816414 -0.8554941 -19.302513 -0.85307574 6.1640887 -23.488474 -17.785229 3.4499674 -11.903755 -7.333819 
-229.76105 125.527115 -30.055367 8.901195 -9.047796 32.260643 -6.0367513 13.350246 -25.221523 8.482861 -11.81175 0.04823449 -17.463715 1.1349155 8.044075 -19.292137 -21.529146 11.948649 -14.0884075 0.7149827 
-272.75082 144.41702 -5.369595 6.3977003 -29.828407 7.72611 13.600371 26.412706 -31.831207 6.4979863 -19.10834 3.6077526 -7.0896587 4.481585 -1.9970088 -11.554497 -15.874025 13.138418 -11.261759 -1.9276289 
-268.27884 125.64819 -14.786961 26.81085 10.658631 12.643261 -18.780317 8.688636 -35.191315 12.089891 -10.228903 -7.214881 -10.338915 13.80545 5.8757424 -10.354753 -18.391853 9.478117 -8.661914 -1.2563325 
-332.03247 154.02003 -15.791456 25.592918 15.249111 9.666129 -18.416494 9.585835 -13.148101 -0.48069158 -13.546075 -1.9140494 -7.799008 6.189597 -1.9851507 -3.2628143 -16.17549 6.428831 -8.003223 -4.6913033 
-314.09677 136.11363 -8.843782 24.128944 17.115517 10.4439745 -17.388958 4.8827505 -16.415611 5.537783 -13.402598 0.6328409 -6.60378 2.8917334 7.138277 -6.5419974 -17.723478 4.494759 -14.377315 -5.950571 
-244.39648 105.17154 -1.3967603 43.93699 7.706808 -6.051481 -20.346039 4.181733 -18.62169 1.7217631 -16.198168 1.9213672 -5.780575 4.4358234 -0.5092259 -10.417151 -14.474553 8.842762 -18.991787 -4.2203712 
-308.9153 135.57219 2.8047445 32.104874 14.680111 10.736197 -14.999409 -1.9540182 -13.959556 3.1438217 -13.456629 1.5341865 -7.3284855 11.44368 9.003235 -3.5577173 -17.515444 5.267767 -10.473736 -4.0717573 
-290.86847 125.23177 12.996306 9.83078 3.2337818 24.426893 -7.831338 23.486374 -17.103346 1.2433352 -8.277401 -2.3973973 -10.054491 -4.736128 -3.2114182 -3.225169 -14.647915 8.720598 -12.296655 -1.7020161 
-317.3114 110.86998 29.296339 50.43199 8.055587 11.665726 -13.986956 11.298374 -14.092393 -3.839253 -10.52566 6.829458 -6.81533 8.779582 2.7612724 -0.14506006 -11.5735235 7.9496746 -10.597612 -2.8874586 
-363.97003 128.60408 29.841234 39.140366 18.216866 15.064405 0.39855015 18.845184 -3.2066736 9.855116 -12.198727 1.4110211 -6.5519958 8.126331 -2.6572728 5.4213314 -6.5016456 5.0829453 -7.8135247 1.4207733 
-382.98325 129.34956 19.781471 33.163284 17.330809 16.09034 -3.5479867 13.454279 -9.336166 9.170917 -10.567841 4.6129704 -11.136253 5.123253 -5.16749 6.340315 -7.487913 5.3472977 -6.3018856 -0.22041348 
-398.4531 120.97547 17.952543 30.887518 14.32616 7.891997 -2.5656586 2.1562417 -8.710221 2.055745 -10.426498 4.4769206 -5.814923 2.2777667 -5.722528 -1.7391839 -6.130671 4.364805 -5.120463 -2.488664 
