-316.58435 149.63434 -5.725271 16.503838 7.5520554 -2.112734 -4.3470426 5.2881746 -20.801435 -2.1614227 7.741781 3.451339 0.11732154 -9.321608 -16.15076 2.593261 -10.210892 0.5026442 -4.710136 -0.6059051 
-265.86404 187.35675 13.773554 18.78936 -7.896761 -23.289629 -20.458555 6.217102 -30.557213 -0.36312273 -5.683702 -13.646449 12.43059 -10.502023 -20.226046 8.036458 -7.941201 0.5040509 3.496896 0.6170574 
-295.09067 116.98599 39.547924 20.491005 4.9070053 7.172392 -4.1379094 -12.203157 -26.085447 -5.9417706 -12.267338 9.807034 -3.4399998 0.18685786 -9.818659 7.847011 -12.456465 6.8321824 -6.73841 -3.1537433 
-288.45285 177.81375 7.2921753 21.613365 0.80255914 -20.081156 -4.8112583 14.438407 -38.219185 -12.854814 2.435769 -6.07661 14.336609 -3.4325495 -14.890459 6.9264455 -25.823677 -4.270616 -6.0688214 -0.85365283 
-263.5244 164.74286 -3.0638347 0.32652918 -20.78101 -20.39885 6.687414 9.782525 -24.960503 -6.523305 10.512126 -0.28657728 6.9402885 -0.05733628 -21.651358 -7.8083377 -20.121977 3.2674031 -7.2927313 3.1941423 
-260.70935 182.35995 -13.921927 -0.40134227 0.19426325 -22.40758 -3.8919084 6.0932865 -29.983765 -6.189185 11.46118 4.079035 11.804957 -16.402103 -24.91623 10.689949 -15.874599 -2.8241763 2.2461967 -2.787507 
-278.1588 186.1058 -15.358629 12.815211 27.700186 -13.872426 -18.235926 -10.033608 -34.34177 -9.309216 4.8064637 0.5504683 9.090098 -4.5734487 -18.067215 16.175789 -5.9684296 -23.068462 -0.16723602 8.103786 
-291.20297 168.07901 -18.217796 28.315813 24.483866 -7.5417733 -24.746538 -7.3471866 -28.094372 -5.504877 -1.7704567 4.5776405 4.73639 -8.35601 -6.5796366 2.6422665 -22.60215 -5.1327024 -3.5183547 7.1509924 
-322.84058 122.26569 17.878454 44.92106 38.927235 10.384235 -32.601475 14.275777 -18.634176 -15.163737 -3.5669048 -11.464369 -15.653246 -2.0621786 -4.452383 -4.4095583 -5.9383144 -0.9098586 -4.664076 7.928543 
-274.0579 162.16663 -21.388517 17.663218 34.64239 -14.482407 -27.287453 2.0212197 -25.55248 0.37776402 19.529137 -5.3152514 -6.8123727 2.8570082 -13.852069 0.28037867 -16.95285 -7.9439106 -4.752403 7.5419583 
-320.58197 112.64565 9.140365 47.29887 27.111633 10.161951 -37.50272 14.906119 -7.3173695 -3.2248313 -13.668905 -7.010538 -2.2594533 -3.1940756 -5.07706 -1.8718724 -5.950347 -0.06284788 -7.8197727 10.621995 
-364.6012 138.8493 10.212137 55.062202 25.671804 -6.4936876 -4.2051024 10.3870535 -20.37627 -3.7604015 -15.6634655 -14.454678 -1.8579621 -2.4906173 -21.089489 6.134004 -6.721303 -10.150903 -1.2894337 7.967658 
-342.51077 109.537674 22.903353 37.683895 18.690458 10.62892 -1.7020692 1.8040633 -17.552681 0.21289362 -16.081993 -5.6133084 -10.676432 2.6424963 -3.682682 7.991344 -10.3708515 -0.8059828 1.8446159 3.6805446 
-349.8819 161.13681 29.265354 31.159855 2.3621705 -0.4057541 -7.359129 -4.015024 -20.211575 -11.1683035 -15.939996 7.1471624 -1.5264041 4.6974463 -2.066744 4.943218 -9.173353 1.2563292 -7.1104484 -0.4016339 
-381.24747 130.77287 14.63955 23.525202 17.540504 21.090199 -1.026354 3.789105 -10.588648 2.3685129 -5.8129187 6.153329 -7.7287836 -3.6481273 -10.185169 7.317115 -4.3433876 -3.85732 -11.446869 -1.6542652 
-389.4608 159.01993 23.828512 28.952868 8.710972 7.0692496 -1.4065604 5.003261 -9.188958 -8.692844 -14.727059 -3.8137376 -3.5876448 -1.1698393 -8.534892 2.2782834 -6.6438136 -2.2263637 -5.2131724 1.9805862 
-298.3612 167.49669 0.20893393 23.818275 21.823383 17.56782 -16.172028 -5.6832485 -29.606697 -23.085154 -5.3341923 -5.258667 3.8676796 -2.561345 -13.259831 7.2680154 -2.9040477 -3.7410994 -6.6837983 0.32372057 
-294.8194 181.85999 34.033848 29.783165 -9.838017 -21.976847 -8.521955 -5.206577 -24.678831 -11.77024 -17.180603 -12.678308 2.4304504 -9.409885 -5.2843647 9.375751 -10.992202 0.026258733 7.214369 -5.469805 
-350.04916 138.99098 32.231766 23.585396 11.3228245 6.7104564 2.5152712 -5.4146237 -14.074918 -12.034565 -7.07387 3.1277874 0.033794668 -2.8388164 -6.3119416 9.845924 0.989354 5.3498487 -6.505504 -8.851363 
-293.1398 178.86868 4.1616473 16.096008 18.553812 8.523573 -17.03931 -23.5255 -28.582054 -13.440981 -9.119755 3.4659274 6.7428465 -4.1835833 -5.4721823 8.413849 0.69002646 -1.7529953 -10.165645 -6.1273937 
-293.807 141.13745 9.680482 31.568987 21.74765 6.4873185 -16.340324 -2.6791737 -18.802198 0.22816807 -4.269283 -11.678263 -1.2910132 1.9237401 -8.640554 -0.81569105 -10.383129 -4.912802 -8.065261 -3.0630789 
-322.44623 176.91966 16.444115 28.215729 2.2398453 -0.67788 -12.2009945 3.512023 -23.26848 -22.898043 -18.958122 -11.737252 1.5882757 -0.054690465 -10.692402 9.98871 -4.4102974 -4.5061746 -4.4081306 0.7171104 
-348.02783 136.63837 14.440404 36.995106 21.73341 2.7304437 -13.1757555 0.65048534 -10.58305 -8.489303 -15.119963 -5.269084 -2.5918684 -2.3903518 -9.46064 2.98005 -3.8332982 -3.299552 -2.4068494 2.9656897 
-315.93347 170.28407 8.88611 18.021034 -0.18994491 -9.572228 -0.64751005 6.423709 -17.572577 -16.520897 -9.024639 3.2993984 7.445673 2.0569594 -10.754612 7.51006 -11.061972 -10.5686655 -2.1393263 -2.5231879 
-373.34485 122.500694 14.001301 37.769794 17.082088 9.665207 -2.5612543 10.284394 -7.0678086 -3.8583727 -6.2327633 -0.3928777 -5.514791 3.6348445 -9.437406 5.1738796 -8.392318 -4.4900556 -6.03673 1.657493 
-319.76138 121.697754 23.566793 45.290024 16.021517 3.6625688 -12.330598 0.50168514 -15.279163 -9.9410305 -10.623969 -7.413018 -6.5689945 -2.1728706 -14.165203 1.066432 -6.140661 0.75383425 -8.863613 0.5487976 
-274.0889 132.47015 -1.4432721 23.52339 2.889232 7.419416 -16.27206 -1.487466 -16.053854 -6.39205 2.3564181 5.6911736 -4.3612957 -8.415015 -16.672377 -5.2935047 -11.268193 -0.0107504 -9.439274 4.7973957 
-350.53696 151.16803 5.450206 47.561962 33.064426 1.0400317 -10.047146 0.17747623 -7.447988 -10.209576 -23.773325 -3.9065535 -0.0016487704 -9.717189 -22.605156 4.9221654 -3.3259711 -9.17107 -5.658789 8.433527 
-289.43158 96.47702 24.935785 53.603123 15.322993 -0.12454542 -13.171433 4.305153 -11.999644 -6.932212 -15.230765 -6.7946773 -7.523779 -4.882423 -11.425843 2.0666895 -7.8924656 -6.634741 -3.595746 -1.0464069 
-298.88342 143.22849 3.3674219 30.073524 18.851973 -5.4793835 -19.870367 -4.0445485 -18.34076 -9.330919 0.8689522 0.15565236 -7.6253715 -0.8489572 -9.064648 -6.9397106 -10.216544 1.9969482 -6.5325775 -1.7404011 
-214.54576 145.93907 -39.44139 -1.6964768 24.867424 -17.267838 -17.265 21.188215 -26.55796 -1.5222884 18.351194 -3.7432752 -5.2502723 -12.359755 -21.31825 4.046429 -14.6236925 -1.9920518 1.9431272 1.1635507 
-261.83752 164.32593 2.519845 25.284863 12.140263 -17.85097 -14.733128 3.9652774 -32.881817 -11.857731 5.8677506 -5.696487 8.026014 -0.11092615 -15.452862 7.9734063 -13.109326 -6.3712254 -1.3578237 0.057898257 
-317.01627 171.8651 28.00437 24.373888 -8.969702 -28.787746 -15.041487 2.5420923 -18.087912 4.16224 5.6472406 -9.470803 -0.15096074 -4.7172804 -13.51199 8.493122 -9.2773695 -0.123815045 -5.6080837 -4.6268363 
-333.3656 134.45079 24.369856 37.37146 29.8721 3.3631094 -7.437662 -0.008124298 -27.847069 -2.9874566 -6.2201905 -2.6807892 -16.400883 1.4299321 -5.0820646 9.315615 -7.8277283 -5.0127454 -4.169031 2.1062715 
-373.70285 131.59396 27.745796 27.584654 16.296259 8.999556 1.7714115 6.933652 -14.311135 -1.6463739 -6.577795 1.5228311 -12.218166 -2.987755 -4.466217 6.2481265 -5.9267483 -0.05310342 -6.721729 -2.1918862 
-376.19833 159.15771 13.975351 33.510258 11.721802 2.7515738 -6.912927 8.248506 -7.6577334 -3.2995138 -9.216825 4.1961 -5.1571445 -5.0463047 -10.461445 2.3872044 -8.255426 -4.411215 -7.525506 2.49692 
-305.48697 171.64314 -5.4721127 27.974804 30.936031 -2.808196 -21.74375 -4.0644503 -26.292454 -12.794549 7.8412085 4.6037617 -10.337639 -10.95588 -9.482037 1.6133336 -14.10257 -6.5119314 -0.8151315 -0.5068881 
-332.97375 157.01558 8.637783 31.69439 11.288771 0.79922825 -11.924304 -12.564762 -32.848 -6.804084 -5.135861 1.2238085 0.5482695 -8.313141 -1.7085823 11.504503 -7.732893 -3.0130405 1.4255896 -9.156521 
-412.29678 135.88768 13.269241 33.145134 11.918727 12.42135 4.160229 10.518392 -3.6236649 5.269425 -9.38315 0.8250901 -7.83864 1.4290379 -6.698046 -0.13817985 -10.3292885 0.20277172 -5.8598905 0.5197259 
-278.05154 114.958374 40.360672 25.434944 -6.2905607 -10.08374 -4.5114975 9.471566 -26.495943 -10.99229 -8.42818 -5.091981 4.957207 -3.565991 -8.817283 2.6389809 -10.691489 -0.11793905 -2.5258212 -4.5824065 
-288.36075 153.29694 37.429337 30.74275 1.6037698 -18.351778 -7.028184 -3.7169316 -40.140152 -16.738564 -6.9445324 -6.817684 -6.8613625 -4.7847977 -18.360085 0.5124655 -9.303811 -1.8623638 2.8614993 3.1265626 
-298.52716 129.46123 34.579975 21.407396 8.377163 -11.682125 -1.9916548 -3.3471715 -25.647411 -9.969035 -9.190944 -1.6471695 -0.6168063 -2.3923128 -5.210776 6.413071 -3.6869364 -3.3431113 -2.8324013 -0.32086426 
-281.46368 164.60132 5.277044 34.61725 16.481794 -24.724686 -11.6336565 0.07868597 -34.760406 -17.335804 -6.5156107 -12.065913 -1.7331961 2.6181107 -7.862748 8.19673 -11.477749 -13.966827 4.2783337 2.7591145 
-296.97614 157.48969 31.619925 27.520369 -3.674255 -23.966002 1.85699 3.311252 -26.10083 -16.460943 -15.4485035 -8.444578 0.59764314 3.282481 -0.42159986 4.7357736 -9.475967 -4.9686055 -0.41404077 -0.43976402 
-308.31042 121.674835 38.20597 35.01706 26.15982 -5.480706 -8.108337 -5.344209 -13.074346 -12.023199 -15.734943 -2.6861506 -5.7396274 -2.8583212 -6.632865 8.338581 -13.596791 -2.1077344 -4.780727 2.3917315 
-322.84488 115.874725 43.067284 32.309235 22.875622 10.481927 -5.551744 0.26958424 -28.451443 -7.785349 -10.682293 -0.3342867 -12.680184 -5.498413 -5.155342 8.71704 -8.639773 -2.5976157 -3.011974 1.0364602 
-332.7264 159.21324 2.7345648 17.25803 3.5558145 -5.520746 0.12313279 7.8521476 -13.4968605 -4.981888 2.8784518 13.063037 -3.3361745 -5.8214793 -15.845699 -4.0055447 -15.092233 1.5666621 -1.7335582 1.4614776 
-319.1653 148.21295 31.88303 25.788364 1.1698325 -9.7033615 -2.9987323 -2.0382962 -12.492624 -7.5009427 -6.5751114 1.9158254 -4.5288186 -1.9932505 -7.169131 6.3609924 -9.076961 -1.4765468 -0.5020098 0.23622598 
-337.663 165.9738 16.364832 34.15213 21.327192 11.161656 -12.395425 -10.087688 -26.114647 -15.16355 -11.032804 -0.12887865 -3.2975616 -12.473692 0.18564998 11.234618 -4.2264853 -1.3909273 -0.7307936 2.132359 
-334.81592 118.38555 22.00218 41.98628 11.677292 16.84198 -18.10508 10.743985 -16.630928 -10.628909 -10.821808 -4.891779 -2.2353244 -2.3884845 -8.949444 3.9352183 -5.1515403 2.6598024 -1.55896 5.669028 
-275.86923 95.77678 5.5362024 55.759125 25.190357 -12.113266 -23.785488 11.312593 -19.349134 -14.611426 -7.272654 -4.8681836 -2.1490035 0.27975237 -15.472329 0.7809425 -5.7509475 -2.043971 -5.9445624 5.509058 
-311.1676 166.81398 0.21295547 12.314598 -5.2395086 -12.287629 -6.49608 13.481068 -6.5950413 -1.408929 3.6883943 6.2828846 3.0934 3.7686872 -12.245736 -3.9458683 -18.487568 -3.0183923 -8.186764 4.508341 
-364.21503 169.84718 17.338232 14.834895 -2.9201224 -1.6012921 -7.111387 7.76779 2.921176 0.17172258 -10.071696 3.5773592 1.3054569 2.7556002 -12.702631 -2.3702612 -18.618443 -5.7140403 -7.2938385 7.3409967 
-332.36838 171.36401 -7.16745 -3.547658 1.1859314 5.01851 -1.8061147 8.990041 -6.129179 -8.506969 11.844594 16.625996 -7.947236 -8.426632 -20.248756 -1.2521462 -21.692755 10.470451 -5.832305 -5.747611 
-336.72644 151.10408 21.696869 19.74878 6.193987 -9.223065 -10.299773 1.8391325 -5.470888 -8.406094 -2.986136 6.4284806 0.52201056 6.1499357 -2.3942208 -4.808196 -18.978401 -0.7687884 -3.207677 1.4916924 
-355.37668 130.7946 18.573652 19.43381 20.676903 5.027158 -3.265207 -1.1545709 -6.9246697 -3.7915335 0.32965955 5.2249064 -5.2958956 -2.1560652 -11.305354 -1.9021857 -12.746 -0.05888038 -8.272452 3.6433897 
-392.7844 128.03572 21.057423 31.028717 14.80286 12.478197 -1.1935385 2.28714 -6.145909 1.7964069 -7.3907447 -1.8244449 -9.605652 0.3990835 -12.554906 1.6794074 -8.645627 2.0003881 -5.972484 0.88971645 
-407.83524 131.62079 17.72234 30.449598 11.693993 13.056623 -0.10969043 4.607753 -3.362742 3.428525 -6.8229218 0.1267759 -6.8948407 -1.0662143 -8.792974 2.6702604 -8.653391 0.59288615 -6.302638 0.7644678 
-313.06134 123.38512 31.17712 21.271832 18.868248 7.9110513 -11.978023 -10.009889 -22.057425 -14.751417 5.1720295 2.7445745 -13.384351 3.9116652 -7.4310017 4.4668345 -17.625826 -2.3492577 -16.217522 -0.010955917 
-277.46002 170.5469 -2.248175 15.838435 -14.323085 -36.149845 -0.6673588 3.558904 -36.37526 -14.254597 11.55739 -3.6830487 15.077617 5.356403 -22.36608 -3.8767192 -24.741293 -6.516244 -6.051635 0.40304318 
-235.8435 170.19498 -28.739475 -12.667911 5.585023 -19.433006 -2.9032223 14.001154 -26.085445 -12.393169 27.335827 3.22548 6.9243703 -6.2503343 -36.90304 -6.337164 -13.282409 2.3433979 1.3256421 6.3153906 
-234.244 186.79877 -45.18507 0.7870294 42.590347 -18.421078 -28.9934 -4.2761135 -33.58665 -3.666892 12.801822 -4.514435 9.422995 -0.68286216 -27.3058 8.324082 -6.6768417 -16.999315 -4.827228 10.300202 
-266.30994 144.2643 -12.691864 23.543697 15.334637 -3.5944214 -14.334957 -5.387987 -31.513899 -14.153906 4.8733892 8.4046955 0.5693528 -3.7853823 -15.155214 7.9669166 -13.159343 -8.1986475 -3.679615 5.510726 
-306.8542 183.72217 2.4223487 34.365807 9.878564 -25.034216 -15.871305 4.027026 -22.445612 -12.35293 -5.054529 -9.52426 -1.2218426 -2.3937852 -17.538742 4.8515906 -3.5341265 -9.612081 -0.09331449 3.1264405 
-325.1732 139.43182 4.236706 40.61719 35.639065 -2.721527 -14.282545 -5.3092213 -22.184978 -0.73174393 -10.83742 -6.052699 -5.4347525 4.859229 -10.166091 7.152781 -11.564055 -3.5827522 -0.60382146 2.5887108 
-313.02185 122.015015 44.53669 29.00904 -0.8371152 -13.575825 -4.9736166 -5.234072 -19.978895 -5.397873 -15.74705 4.0559945 -3.8062837 2.8714156 -7.516995 6.7226734 -14.776226 4.3225465 -4.2486444 -0.20937377 
-342.9277 156.19826 20.62721 41.045483 17.126774 -8.600919 -14.904331 -3.8758154 -12.137291 -6.2250805 -10.445841 -5.5663924 -2.737361 -7.005784 -10.032532 7.755222 -3.137046 -2.6359417 1.3371893 2.6153226 
-325.67358 100.83043 15.511127 51.58977 30.676872 -3.2215776 -13.012882 18.804758 -11.826387 -14.392222 -13.114753 -7.4687448 -10.4081335 -4.110011 -8.759959 -0.11507164 -4.8651614 -4.826692 -6.784314 -0.25311676 
-309.14963 102.33281 14.792552 41.835728 33.89824 9.71315 -29.178226 20.119541 -7.060382 -17.254557 -8.029906 -10.370907 -7.0949907 -8.933361 -6.4361377 -2.6184683 -0.9625285 -3.39247 -7.0736866 9.953999 
-354.21326 134.35114 11.182692 37.927193 28.718458 6.9782047 -12.984329 0.3928 -5.587843 -6.5677733 -17.563837 -6.7875867 -2.1602123 -1.4912367 -13.0501995 -3.6330295 -3.710429 -2.7633357 -7.633215 1.4202778 
-417.549 135.56871 9.853836 30.856453 13.270918 13.346699 -0.756029 9.418336 -1.9573754 1.5514858 -10.232861 -2.2479634 -8.397491 -1.1229297 -10.364462 -0.2869624 -7.919811 -0.6614899 -8.137991 0.5284904 
-370.47006 147.61731 16.497692 57.293518 28.223303 -7.118197 1.6316757 13.954452 -16.703915 -4.534574 -7.447732 -12.06584 -6.7959123 -3.8782222 -19.663002 11.073047 -7.911143 -16.240612 -7.0692363 -3.261872 
-302.57922 108.09969 12.032484 58.395657 37.99235 -5.6892138 -18.625992 2.953639 -28.752445 -6.8524137 -20.796465 -13.7314825 -4.833964 3.6816373 -15.81956 4.723598 -5.5583706 0.15811083 -2.909518 -5.4595346 
-332.5446 127.589775 42.846264 30.749407 5.0351944 -6.6583776 -8.649482 4.008344 -26.2497 -1.658439 -18.968895 -1.3741031 -9.800412 3.2298377 -9.599706 4.9922338 -5.093778 1.1094232 -0.039775424 0.69831777 
-350.57947 169.89272 38.857544 31.349236 2.6176693 -10.982267 -17.455498 -7.2876153 -9.604982 0.69705176 -6.605036 -0.36199185 -2.3875914 0.22591697 -2.7462015 3.253759 -6.34214 -3.0866141 -5.459954 -1.7362648 
-401.19064 131.04913 19.68158 28.862553 7.558047 11.646739 0.62873596 9.018505 -5.2855735 2.026967 -10.209131 2.0393164 -6.691348 -0.750771 -11.015007 2.9146738 -8.552136 1.5357774 -7.9261136 2.6551847 
-408.98273 131.47552 18.636663 29.824734 10.882038 11.934971 4.3593125 7.200581 -4.0818706 2.777771 -11.687002 0.27299964 -7.3822346 0.6270881 -9.489722 4.60728 -5.1118603 0.39361727 -5.4765553 2.04415 
-410.77045 131.9571 15.914534 32.02454 10.493066 12.303309 3.3382483 8.826519 -1.7235981 3.804143 -7.765085 2.4160662 -5.5281696 -0.6087419 -8.712808 3.3498013 -7.8019104 -1.7749202 -9.054881 0.029087225 
-402.46622 125.33142 18.760687 26.217197 7.1539 14.079827 4.8762727 11.629208 -0.40150568 4.2224884 -9.686979 0.88350326 -4.843746 1.5661054 -9.553085 -2.0257375 -11.735081 -2.7575593 -7.0040636 2.0456667 
-404.93985 133.62341 15.253571 29.753181 12.39109 14.869202 0.24067953 3.7655423 -3.193421 -0.41398484 -11.6719885 0.22160053 -5.659567 -2.479322 -10.399868 -0.9289311 -7.006213 0.8236588 -5.9126472 0.21771841 
-394.03455 133.19795 21.697563 31.570976 17.965078 15.162203 -2.860677 7.528547 -4.8398733 2.2745934 -12.143662 -3.7262065 -9.467947 -3.7602909 -8.199673 -0.62157875 -7.2070737 -3.3345554 -7.4839783 0.5401505 
-370.27484 142.43834 15.324358 30.374825 26.346537 12.767873 -8.943812 3.8700883 -6.5155225 -4.6473885 -15.477558 1.3502018 -5.4986835 -10.781409 -8.641006 1.7832423 -7.751566 -7.097101 -11.3048115 5.568178 
-292.03708 169.28593 10.969959 18.227957 17.063173 -3.7560015 -10.876646 -6.698347 -36.114147 -3.6901584 -10.328522 0.9121184 10.281675 -12.1136055 -16.718475 0.7277434 -8.042719 -2.809708 -11.02868 6.2308655 
-298.04477 181.9467 18.919384 32.42708 1.5998926 -27.818148 -8.331425 1.499764 -45.47899 -16.747446 -9.126773 -11.195057 6.0051503 -3.3187418 -12.328616 7.033959 -8.489112 -1.557651 1.21745 -1.0060681 
-248.43913 125.60068 13.009965 12.81566 4.523089 0.22343057 -15.130742 1.9960696 -32.67195 -2.4720726 -4.398913 14.305501 -8.137757 -5.214353 -12.818458 -0.5583894 -8.264603 -4.2069354 -7.177378 1.8892201 
-266.94064 176.87173 7.7049155 18.498379 17.96198 -7.35821 -15.5475025 -4.994401 -39.57125 -13.416391 -11.176355 3.3490155 15.245756 -18.607943 -10.088118 14.23349 -12.053947 -7.199217 1.7342385 3.0585663 
-269.3713 111.12657 30.825779 23.455988 16.176334 7.861135 -10.605816 -7.2914777 -20.383972 -11.514968 -18.277431 -4.2581325 -3.5798383 -6.95275 -1.6019486 13.718601 -9.43186 3.3945909 4.644114 0.96319157 
-339.553 162.86476 32.03675 36.542812 1.2813578 -11.194698 -9.017765 -2.2301424 -9.485461 1.6152306 -11.925154 -4.1623263 -1.9755039 1.3990957 -10.152634 4.0529895 -8.848178 -10.531124 -9.185954 1.0160068 
-345.80756 128.44203 29.13662 27.676508 10.607766 -3.2775283 -3.904878 6.567446 -25.081377 -5.0994635 -13.169173 3.6384337 -5.223203 2.838898 -5.7331495 8.032144 -3.9105444 -8.8219595 -6.5829372 3.0494945 
-262.83084 136.20515 6.0509267 22.068514 25.090908 -11.348356 3.9344454 4.6666985 -59.805244 -16.056288 0.0019449128 -6.2989216 -3.8100564 -9.532126 -17.786446 10.318588 0.6009789 -0.41299468 -2.1485088 -3.55081 
-334.9664 149.33977 21.704798 32.303 6.1768327 -1.05012 0.89265513 -6.923077 -25.631788 -18.260506 -17.296991 -2.9387083 -2.396281 -4.602755 -8.31015 6.37211 -3.5308146 -0.6040037 4.5278225 -0.18944547 
-270.7592 164.62321 -2.340015 -1.5958216 12.194536 -20.357122 -13.805925 6.549864 -24.635548 -6.8460813 4.234404 0.3410369 14.593655 -9.296472 -27.06662 -2.1707518 -14.180329 -0.48505607 -2.3165996 8.768947 
-296.2034 172.92583 22.708853 26.883463 7.384663 -12.901642 -20.865095 -9.528168 -31.542698 -16.41915 -0.643454 1.408751 -2.8939657 1.0908248 -10.55694 4.263748 -12.034382 -6.1990914 -0.46582046 4.280234 
-291.6343 161.39763 -15.304311 6.548257 9.882346 -3.6397238 -10.410742 6.755468 -20.693342 -10.415983 17.282469 18.435936 -8.85797 -12.476604 -17.740818 -2.9984665 -18.631672 2.036348 -6.8773136 -0.07688829 
-337.8477 129.53766 16.107323 28.482191 21.954502 10.877469 -15.16898 4.5877953 -7.9850483 -12.749715 -5.881339 5.6459265 -9.070467 -6.644507 -12.820493 2.6629076 -15.656531 -4.884871 -4.800056 3.143363 
-313.16443 127.267494 20.827196 27.101671 17.46485 1.765061 -10.675632 -3.8165104 -19.329395 -1.4073837 -5.2939606 10.517023 -8.859052 5.8022237 -4.7825904 7.7610188 -19.658516 1.0059034 -5.1423163 1.3067805 
-362.30573 173.3237 28.932068 23.595732 -6.6079316 -10.099044 -7.153612 3.1097248 -10.203641 -2.919552 -12.2995615 3.4219475 -2.0542545 4.660868 -1.8191915 6.6389146 -12.104154 -4.6191297 -10.137428 -5.8558445 
-394.32288 134.75482 14.365575 25.832947 11.589194 10.990615 -2.0118005 2.4063313 -4.236362 1.9326384 -4.2519736 3.0071886 -8.441222 -1.6853096 -4.973198 5.3963537 -5.9105 -0.8807547 -11.149062 -3.4174314 
-265.57266 118.196465 32.030407 16.567932 15.413744 4.385519 -7.419264 -11.935681 -29.388119 -20.21351 -16.314156 -0.75308347 3.8942761 -4.7191153 -12.032403 13.068583 -10.565739 -6.813471 -2.602672 4.442665 
-323.65085 166.16425 38.607155 31.874489 -0.80822974 -15.0199175 -15.342424 -11.455424 -13.008895 -5.126025 -11.472323 -3.1676226 -6.538057 -3.4428105 -10.3404045 5.3929853 -4.377374 -1.7773819 -5.5153103 1.4407756 
-317.34955 170.84592 9.4363165 15.524075 -11.345922 -26.319496 -2.6223433 17.172308 -4.2073174 -1.7827549 10.984597 1.9011315 -1.4296106 5.0604134 -7.9131927 -10.401389 -19.354649 -4.185263 -8.010414 0.49999237 
-351.39145 169.6762 15.832689 20.35914 -7.280319 -14.492604 1.4742883 10.997791 -9.179545 -2.2056723 -1.9940505 3.8722692 4.3806014 7.8041925 -9.824361 -3.7591944 -19.865456 -12.995717 -11.571708 4.340954 
-420.26453 139.47992 11.926344 31.442726 10.092451 16.18284 4.2211704 12.002162 -0.3718063 6.016994 -8.584063 -1.0644885 -6.7055554 -1.997103 -12.913676 -1.8419508 -9.510871 -3.7800374 -7.309554 5.0237927 
-262.41394 121.96634 19.924326 10.701656 16.33406 0.1488342 -15.336443 -4.8033023 -35.36782 -7.9656315 9.482632 8.484283 -14.800847 4.6767216 -14.480988 2.5167234 -8.920116 -6.2103786 -13.734502 2.3684561 
-224.68767 174.74442 -44.150608 15.311162 47.98303 -21.163628 -39.899284 1.3141003 -31.398642 -11.402462 26.601847 -2.0529284 -4.4526243 12.873829 -8.992909 -6.182824 -18.007816 -6.2915926 -9.538981 7.309666 
-324.7062 151.15308 -3.8570704 56.311157 37.68818 -17.209723 -15.183914 2.7417452 -19.67053 -14.825753 -16.37242 -12.834806 0.85247225 3.6259258 -14.237802 4.372266 2.1430979 -1.6530528 -9.566249 2.425876 
-335.5681 123.669136 15.703576 31.104391 6.2056627 10.901493 -10.954515 4.889921 -16.816095 -4.8507347 -1.7030816 9.928533 -7.229589 -0.109786406 -10.132894 0.9001172 -13.701371 -0.80896616 -8.620853 0.19808237 
-310.7399 162.40459 36.65039 29.61976 -3.448133 -22.143475 -15.714665 2.5310538 -27.275288 -2.3719368 -11.555345 -16.213474 -4.0302606 -3.564972 -13.336681 6.5039296 -7.3093057 -0.23577398 2.4738681 -2.4684403 
-237.153 162.12509 16.270746 27.932127 -3.719017 -27.365608 -28.484291 10.247362 -42.47673 -6.938119 -14.478636 -21.819965 8.061741 -11.746782 -13.481203 15.58783 -16.446693 -1.6628723 12.708175 -9.613125 
-307.96555 99.358505 41.17086 23.93067 30.523537 5.7851434 -5.1117206 1.7712487 -9.073948 -10.27999 -10.707512 -12.289752 -12.686729 -5.755392 -11.380473 8.108333 -14.126702 0.6855862 -1.6519027 -1.8192906 
-367.74506 155.58543 18.598282 30.014072 4.570344 -6.704942 -0.017407073 6.1986685 -18.156694 -10.4754305 -8.123985 6.0320916 0.695654 2.4981463 -4.4536023 4.2492285 -11.944359 -2.346905 -4.2378974 1.1159763 
-337.31 123.3143 42.134785 23.089151 19.353285 14.40739 -7.5635552 0.43714708 -20.943075 -9.642033 -9.928563 -1.7871096 -15.896647 3.427322 -12.302486 8.680525 -4.5759068 -4.9215126 -3.9342575 4.5942545 
-296.51044 145.25389 14.878957 18.703148 20.164513 2.4943156 -14.67548 -9.035169 -28.169321 -7.624956 5.9811563 10.102232 -10.498432 -1.5934777 -9.471717 0.7138669 -14.709248 -5.036562 -13.849941 3.1931465 
-281.72836 157.34238 -2.3866806 15.16618 25.663473 2.4973195 -27.94146 -4.654699 -27.00197 -15.639996 16.723074 9.815109 -10.519999 1.90344 -4.0661654 0.41227362 -16.489298 -9.204054 -11.55576 4.707342 
-292.75012 160.05591 -35.23272 27.586359 43.229725 -9.092266 -32.01621 3.6634188 -18.552816 -8.219299 6.7347546 1.0870568 0.7372089 5.2407055 -4.3736935 -0.8334439 -13.117145 -1.9600683 -6.1241293 3.0766728 
-252.27374 147.86201 4.8918967 3.2539227 4.7835207 -22.541155 -20.908863 24.190071 -34.378513 -10.320164 1.7021165 -1.2343425 5.1741138 -1.7378049 -14.831733 14.915706 -16.932533 -13.894045 0.07119033 2.6244698 
-305.02454 157.59099 6.934232 37.781338 17.246458 -8.477567 -18.79787 -4.884514 -27.726345 -10.13031 -10.877748 2.9991908 -4.6806226 -1.4858176 -6.8917956 7.273139 -11.8229475 -3.137099 -6.557624 -4.1629214 
-274.11978 153.44049 2.7192507 39.820183 30.813883 -19.310028 -21.8178 6.7753143 -38.33117 -6.3464017 -18.5075 -12.762096 11.8386755 -11.696881 -13.296377 14.082592 -19.782393 4.6719413 3.9636934 -9.215218 
-387.49078 106.01465 35.22235 24.873085 17.57881 12.1355 -2.1885026 4.2027555 -0.6708876 0.54635054 -7.2791586 0.6296035 -9.97222 -1.9923346 -8.642795 10.009097 -13.121753 -0.21814102 -6.842575 -1.527038 
-421.51633 148.4461 10.292102 37.578796 10.267231 10.924134 -0.6055565 7.170663 -1.3596003 5.045477 -8.130922 0.55138534 -8.877872 -0.5120225 -6.410496 3.725497 -8.962736 -0.628076 -8.638648 -0.04013644 
-269.32568 190.35553 -32.69602 -1.0089809 19.426659 -5.9742565 -10.166012 2.918671 -22.398735 -4.1948333 16.892962 -0.8370526 -6.7505274 -8.180009 -24.344261 -1.6152903 -13.786009 -2.5883625 -9.635101 2.8751864 
-258.43616 119.345566 10.435848 9.237262 35.269882 -5.4023423 -12.614956 0.45192984 -33.382008 -11.537522 2.333931 -8.621157 2.7157032 -2.56221 -22.390884 11.47227 -3.9459372 -10.189208 6.9604917 4.419284 
-264.67978 98.48851 26.29411 39.428867 26.114786 3.2512443 -5.123991 -9.473849 -23.166544 -5.351851 -10.819558 -7.5149503 -14.019214 -2.7571478 -7.799128 9.998985 -6.119664 -2.386127 -2.1288671 -1.2452103 
-294.98254 142.07878 -5.3703594 54.309513 47.696735 -18.90372 -18.69425 6.229974 -25.080149 -7.8503246 -11.566862 -5.959784 -3.1796057 -7.825443 -15.932709 8.850667 -8.048105 -3.5762303 -6.1657543 3.9569774 
-289.5547 166.0002 -1.9739516 36.18057 14.7772 -17.611214 -12.368359 -3.5404875 -31.76046 -10.505936 -2.185537 -8.330533 1.8566273 1.0278649 -6.147821 11.096319 -11.360576 -1.7532401 0.057248645 -0.15277073 
-297.83917 128.95844 38.16601 22.556797 19.562563 -10.204777 -11.734163 0.12282435 -20.082817 -4.558569 -10.823427 -6.5899343 -3.6446142 0.5502763 -12.80865 1.4434357 -2.4887319 -4.9833846 -12.5199585 3.43542 
-315.59546 168.47462 41.947403 37.105316 -4.1252217 -25.88511 -14.79846 -9.239185 -23.061405 -5.71708 -11.658886 -12.958884 -7.0662045 -4.415481 -12.902512 7.5256295 -1.7845105 0.7536535 3.7850935 1.2585387 
-336.3575 171.55132 19.444553 34.085957 -1.0296594 -21.207926 -3.5443416 4.4618325 -26.02733 -12.12816 -4.1997933 -9.662486 1.3894114 6.763949 -8.155545 1.7430179 -7.3682566 -7.7099304 -4.098691 1.6441346 
-306.40506 194.26372 -2.8198135 13.4598255 7.131958 -30.606903 -4.89565 14.117166 -31.820618 -14.650901 10.89822 -9.46431 8.796803 9.193848 -21.587696 7.137797 -7.7444477 -18.316689 -5.742005 -0.78554904 
-304.3805 111.606064 12.131418 40.014183 29.43165 10.807945 -36.93315 17.280539 -9.468576 -17.182898 -6.778364 -8.527992 0.12343672 -0.7238927 -6.830267 0.28851232 -2.040053 -0.22888099 -9.795045 7.0866275 
-308.08572 57.856533 61.537136 11.304308 28.408827 9.260962 -6.858634 -5.714617 2.2420926 -9.441878 -8.094883 -1.7683979 -9.269747 -0.26117623 -6.046213 1.0914083 -7.2915125 -2.5569317 -5.5484743 2.405368 
-319.26147 162.76396 28.12583 16.975912 -3.9361556 -18.904041 -12.281056 4.972971 -16.66432 -9.047679 -5.344818 0.81913793 1.4172034 1.3902063 -9.7343025 2.0150528 -15.078929 -6.171499 -5.546487 0.98962855 
-320.7803 149.11066 41.063873 27.997559 1.5942461 -11.1852455 -10.54985 -4.725814 -24.260878 -7.881056 -13.653734 -1.024231 -4.50828 -2.427825 -8.527591 5.282202 -4.381582 -3.2932074 3.967101 5.0461903 
-314.81476 137.40717 27.33826 28.061419 16.234268 -1.138687 -8.410762 -5.2403107 -12.447506 -7.4825144 -9.584324 2.1664503 0.3398081 -6.476771 -10.7588005 3.3459196 -8.049094 -4.153611 -3.531291 3.3051062 
-349.2422 162.47415 16.44996 17.991827 -1.7080312 -7.790958 -9.956675 0.7563343 -6.647861 -3.2100508 -1.5353754 8.88465 2.9364612 0.21736103 -15.890947 -1.016481 -12.776974 -5.817919 -6.142396 2.9913483 
-327.48456 151.10292 12.229641 10.111121 13.135693 1.1796784 -8.165848 2.2651732 -7.6212406 -5.5990047 -6.234395 10.236964 -1.0988892 -6.2563868 -18.495241 -1.1994147 -13.863799 -3.4827728 -8.9625435 0.8413844 
-357.96347 154.45926 37.607845 29.769918 2.7907302 -20.01278 -8.277972 1.2495543 -16.91937 -2.2851572 -15.713828 -6.5145254 -8.0760765 1.5551319 -11.967735 8.556368 -6.5623384 -0.35024667 -3.8579178 -4.9888415 
-397.21228 127.58009 18.153957 28.021648 8.581474 13.425865 -4.7060585 9.091339 -0.4864174 2.8283944 -3.9078336 1.8539674 -7.2977643 -1.1349661 -8.480813 1.7262149 -7.9837427 -5.6068587 -8.086987 -2.1304178 
-245.41992 153.14024 -22.95854 41.143223 43.097492 -17.130766 -52.3907 6.8066154 -28.749538 -11.913543 -13.439795 -0.29313844 10.572248 -9.107166 -10.239999 6.381656 -17.128418 -0.5413547 -3.3999486 -0.39408234 
-288.1853 139.99847 -1.2039928 39.281876 42.776382 -11.694295 -30.912668 5.5375614 -25.582794 -14.881511 -12.495384 -9.199962 7.8478403 -0.9519751 -16.6308 9.503953 -9.658133 -8.694731 -3.4899333 -6.3132534 
-294.89056 102.63402 9.427137 61.038784 25.443687 10.927517 -35.086067 15.848247 -7.9738674 -15.6746435 -16.133924 -14.089372 4.776606 -3.8039615 -8.058865 2.661569 -2.0404425 -1.4273298 -5.204074 5.970186 
-348.782 143.18608 19.982475 50.456272 28.06462 -6.0545 -7.2272534 6.073987 -15.653756 -7.971599 -18.40913 -11.95626 0.83149856 -2.3515294 -24.962877 6.515879 -4.011345 -12.426442 -5.9376097 2.2597525 
-318.46564 102.751816 38.974052 38.345642 20.957016 1.0962411 -11.5882015 19.355162 -25.207115 -1.3781264 -17.260319 -4.638549 -7.892384 4.1229305 -21.792635 -3.1340327 1.5869516 -11.411816 -3.7935266 6.512766 
-352.38962 172.47693 34.064827 27.387846 -5.201763 -11.988476 -7.9825764 3.3802707 -13.568493 -1.3246024 -12.980431 -0.38431466 -7.2698603 5.0951533 -0.9175539 8.1812315 -4.424177 -2.7250197 -9.467416 -1.9243685 
-409.66928 141.5148 8.132719 26.815863 11.421693 14.466 1.1918722 10.662474 -3.8280377 4.3024497 -5.5778985 1.1360735 -8.225204 -5.0812454 -10.733296 4.0094123 -6.616957 -1.1019961 -7.610004 1.6093036 
-419.57034 141.68454 7.520846 33.93099 8.213164 13.413092 0.26756313 10.15588 -6.9407177 1.3747675 -7.557081 -1.563869 -9.110617 -0.42832544 -7.907865 1.3338106 -9.483352 0.6203165 -7.07638 2.3000994 
-349.3266 181.33519 28.337307 28.651316 -7.9566092 -16.136415 -13.506976 -0.609679 -20.630302 -13.106815 -11.760481 3.0636501 4.1454873 6.4470887 3.5369177 3.4431078 -18.751616 -8.675778 -9.949747 -6.1164875 
-372.16418 149.95505 20.14294 30.941912 13.95528 9.996627 -2.9729702 -2.1799328 -16.744453 -11.355068 -13.90648 3.174285 -3.1819901 -2.6808848 -9.885302 4.0406413 -3.225437 3.4474592 -6.762373 -0.84833145 
-410.95447 131.3795 16.034859 33.07197 13.130943 11.856574 0.69351566 6.926269 -4.3833785 1.2932855 -9.919873 2.6997335 -6.8190517 -0.028961075 -7.8683505 2.6565368 -6.6700344 -0.23129171 -8.507069 -0.20375054 
-415.60764 135.30962 12.850161 31.502115 14.509808 15.109562 4.347775 10.0493 -3.1992276 1.1317315 -9.583401 -3.14054 -11.727547 -1.2239715 -4.7012944 5.6658664 -4.3731446 -1.7081825 -7.019007 -3.8004847 
-412.60428 134.89374 17.900526 30.653547 11.438161 11.937969 2.1015363 8.5942955 -0.2789009 2.9534123 -6.4152064 -1.0444112 -7.5186343 -0.6239135 -7.635458 1.4183162 -7.352523 -4.019683 -8.39719 2.7381563 
-407.99915 137.13403 18.62473 31.915182 11.291395 12.187777 2.6192553 7.9520545 -1.2826374 1.7819631 -11.859523 -1.4125031 -7.4830713 -0.3623586 -7.620641 3.5513473 -5.1750474 0.38413566 -8.258144 -1.2444909 
-412.2992 139.49269 15.354655 32.064594 13.201804 9.884763 4.44607 9.355261 -0.6790034 2.9649713 -6.691416 -0.5371038 -7.9585037 -1.8909773 -11.870047 -0.49434015 -7.519587 -1.6362449 -7.6489697 -1.4549094 
-342.5345 172.60641 9.154605 27.421247 11.978527 -1.6403396 -9.973606 -5.4175243 -29.966072 -17.124283 8.636631 12.453644 0.7553649 -5.366547 -7.5263214 2.5192974 -8.067021 -0.86635333 -12.09168 -1.0812857 
-309.2046 122.16035 22.923607 28.368177 22.112356 7.1378207 -6.329992 -12.199677 -26.19361 -13.327908 -3.5449548 -4.754178 -12.416482 1.1198761 -0.984319 7.9616065 -1.355651 -4.289764 -10.815006 -3.9502606 
-238.4997 109.75363 35.241604 25.323677 13.718809 8.164354 -20.229866 -6.9397616 -47.562576 -8.692725 -7.7174478 -0.4420324 -9.624203 -3.3423567 -4.211508 11.94814 -10.7236595 6.0564556 -6.066867 -6.915369 
-295.93323 123.37479 48.507744 27.131952 -6.2900004 0.14395925 -10.289357 -1.7057128 -28.925625 -7.250295 -11.832081 9.4387045 -1.9966766 4.1463776 -4.29156 4.193565 -10.146268 0.7760817 -6.8571005 -6.3317695 
-296.40298 127.77713 39.542915 23.227177 -4.187178 -13.210892 -7.9827456 11.362268 -24.14165 4.38245 -11.946245 -5.2356367 -5.6221237 2.3027163 -7.5941687 3.6855812 -1.0705489 1.3325206 -4.1109776 -2.416528 
-334.74127 155.53261 14.613397 51.55574 31.492126 -7.36153 -16.191872 11.18811 -13.422433 -12.4712715 -20.661062 -4.772621 -4.0950217 -12.120339 -17.478035 5.1286416 -9.881841 -10.376629 -3.7833507 0.02220281 
-307.69263 89.688614 22.590925 41.806656 10.24417 9.196875 -26.735035 21.417768 -12.837747 -4.6733494 -3.936985 -1.3156701 -6.3355236 -0.3120445 -8.5378275 -2.6989927 -5.9226665 -1.4666108 -6.375447 3.6945229 
-339.26477 159.19334 30.03415 29.830563 6.8324847 -7.569988 -5.186178 5.7476444 -30.054321 -13.965701 -6.7276626 3.2752934 -1.3586133 6.262617 -9.4658985 0.21878889 -5.4900346 3.3383508 -0.7940449 -0.46054575 
-313.14996 130.42377 33.290016 7.6215234 4.1056933 6.506751 -7.75801 6.3341036 1.8560075 -3.5035503 -12.133214 5.7016735 -2.7621589 0.7983698 -13.952852 -1.4547983 -12.920055 -6.7726045 -6.6557956 7.0216975 
-324.8381 138.21309 16.12926 41.237568 35.23725 -0.6324354 -20.110073 -1.7990919 -16.761995 -12.423205 -19.338324 -1.5441538 -10.411014 -1.3396033 -11.483352 3.7911143 -7.8588843 -4.726496 -7.6197586 4.928522 
-334.84106 139.37665 29.049883 29.272556 27.610023 9.707093 -13.65699 -5.3536468 -15.377679 -13.724265 -10.112184 1.9731138 -11.428727 -2.2689157 -2.2825482 6.713972 -10.521788 -0.07063585 -3.5084195 0.38953823 
-363.9281 106.34932 33.379128 26.555258 9.178891 6.654591 -1.5052314 9.307663 -17.571228 4.4664774 -10.281055 -1.823428 -9.489199 4.0958676 -14.169758 1.9909587 -4.952357 -6.2030683 -9.787771 2.4796548 
-364.58517 126.90088 30.169594 36.03616 13.692695 13.041637 -5.7209687 10.176711 -17.953093 -4.4186387 -20.324547 -4.200709 -7.3057556 -1.9884927 -16.026375 -1.2892281 -6.4755306 -2.157425 -4.656008 1.6861495 
-376.43628 132.72536 8.541015 42.606655 21.253405 1.3122694 -1.3042372 10.344151 -7.7121563 -0.31308472 -13.184693 -9.6392145 -8.082022 -5.8572288 -20.893719 1.2085872 -5.948822 -6.125353 -6.964548 0.8721319 
-405.1577 125.90604 17.627861 30.447958 9.308633 12.822511 4.316681 8.763438 -2.7503622 3.312527 -11.698361 0.6878096 -7.1956525 4.5425305 -8.183666 5.2184415 -11.093022 -1.9825011 -9.78894 3.49969 
-401.71777 132.08109 17.030174 34.13764 13.089286 10.615687 1.31292 6.253922 -3.7094476 1.3640946 -10.600783 -2.194033 -11.817933 -1.8555281 -9.746554 0.5420122 -5.790818 -0.4780719 -7.981844 -0.12951429 
-325.7143 183.79584 15.553691 17.099712 -11.812884 -27.943321 -6.4019656 14.721242 -15.750196 -10.452526 1.9809725 3.0174544 1.3049997 7.5155663 -10.215657 -5.337104 -15.676115 -7.323324 -5.373998 1.5694467 
-317.393 179.06091 1.9376348 3.2103727 10.042702 0.9562005 -13.415542 -5.5166225 -19.484652 -12.857234 -7.550388 -4.687 5.5801873 0.9421086 -12.66539 -0.19110245 -10.164201 -1.4457283 -4.058101 1.1324111 
-307.15088 181.08733 -14.522984 26.015076 22.591497 -7.4533505 -7.4253826 1.7077228 -27.366148 1.1181058 9.667358 -8.552961 -4.5395474 -6.1079416 -19.172207 1.7778505 -18.553904 -6.6277466 0.67676246 7.015964 
-412.65466 140.47047 13.799068 34.87701 11.733326 14.423623 0.8150914 6.5676103 -3.3214505 2.128389 -6.863777 -1.4011301 -5.032038 1.3448626 -7.848405 1.7426155 -9.392857 -2.5209262 -8.252519 1.3279108 
-399.17642 128.14056 20.839874 31.568869 11.924086 15.411244 2.275055 5.962617 -1.0977688 3.5007887 -10.720473 2.2651954 -5.7064276 0.16923758 -8.541913 2.3194535 -10.634217 -1.7475954 -9.241993 -1.871446 
-416.76605 131.07123 13.30352 32.930317 9.504796 13.058149 -0.80886894 8.152656 -2.712138 6.3145275 -10.201506 -0.14034215 -10.528778 -6.3241215 -9.496166 3.9346457 -10.136734 0.5482485 -7.7020593 2.1146219 
-389.3875 130.77753 16.7741 32.64875 15.676939 8.733738 0.85322636 4.574349 -6.568571 -2.5628679 -7.932444 -0.62578756 -11.927807 -6.1951294 -8.436977 6.1074533 -6.127531 -0.48344094 -5.2289486 0.9405906 
-282.88168 165.15863 -2.7244704 38.299362 41.943924 -12.194537 -10.570323 -5.9787807 -38.522224 -16.750187 -0.70367885 -10.875347 -8.356692 -15.956441 -13.202578 20.610321 -12.82218 -16.524212 4.5467734 8.084829 
-277.43686 107.68079 28.24244 37.300564 38.769794 2.9280927 -11.178267 -6.3386345 -30.186428 -4.1300907 -8.730749 -6.420336 -13.623752 -1.4425434 -6.608583 9.42426 -11.652989 -5.9294653 1.7228516 3.2969687 
-230.5265 129.97942 -10.074154 19.8438 21.88105 -11.030243 -22.265915 -3.570201 -44.87628 -6.221382 7.9438076 -8.569153 -0.91831654 -1.7390313 -14.189673 14.340988 -16.989729 -6.525305 0.20630151 -4.246655 
-250.08371 119.80882 1.7299592 33.668808 26.120615 12.091262 -38.802647 0.82725525 -30.602425 -15.463939 -4.0881805 -5.4896817 3.465241 -2.768599 -13.274263 2.887222 -1.2012261 -8.976086 -8.360704 6.972347 
-301.783 141.58443 24.281616 23.898874 -3.3519773 -18.206854 -2.3068604 1.7974561 -18.169815 -5.5770802 3.8563113 -2.0535254 2.9622872 6.6005774 -14.705868 -3.5868742 -13.285071 -0.5887155 -4.5474033 0.6934926 
-281.5395 158.64122 10.146974 6.0374722 12.084117 -1.129641 -3.2437742 -0.94548374 -27.398952 -12.636555 6.3186054 1.24185 -0.22094811 -8.027746 -21.783243 -1.722945 -10.862174 3.541665 -8.5175495 5.6827717 
-321.4998 174.3226 2.2376451 29.774231 24.544268 -0.5025611 -2.69976 1.9130377 -32.852196 -11.67164 2.1052895 -6.1882463 -7.2209864 -3.248381 -19.395882 -3.9196422 -0.5843756 -9.065965 -12.012966 8.275867 
-394.94788 145.33578 25.64315 37.534092 17.852518 11.206538 1.0986485 4.057017 -5.5294785 -2.1825325 -8.837938 -3.2589297 -10.28766 -5.643881 -11.804279 -1.4236875 -10.50994 -6.366814 -7.262631 2.134553 
-279.9084 138.24777 4.2140384 35.60157 6.708601 1.0334611 -22.469395 -6.951077 -26.67311 -6.3377705 -9.1978655 2.7711241 -3.3579836 -0.47007403 0.98290795 6.6663847 -8.656009 1.0617719 -9.720971 3.469916 
-269.08777 155.12726 -17.893581 43.25292 28.115921 -17.775866 -8.892931 4.293956 -27.835876 -8.260005 -3.9829113 -3.0618052 -0.6568304 -11.476192 -18.091068 2.9011018 -8.888816 -10.671035 -2.5826292 3.0769548 
-286.73828 146.70079 -10.65605 41.975155 27.468407 -11.7371025 -8.29209 0.6738483 -25.172432 0.6960445 -8.729472 -13.935362 -4.1809125 -6.3063526 -15.7045965 4.3984194 -10.383297 3.4225812 -5.0463653 0.12670761 
-264.67398 166.26286 -23.86728 0.8628464 15.371665 -19.934269 -11.843534 4.9351315 -34.695374 7.051028 15.768339 -12.059998 -2.842377 -8.388313 -19.96524 5.8005557 -10.088172 -5.5173435 1.3864875 7.228994 
-243.45662 166.56953 -1.7163771 15.110175 18.130508 -12.27787 -23.67147 -8.078765 -40.263306 -16.915201 -4.993054 -7.590526 8.266527 -6.9883165 -10.455997 9.869984 -12.49665 -10.776212 2.7118123 -0.36889997 
-318.5734 164.62004 12.927985 17.728247 1.847062 -6.4343543 -2.165443 -0.23245853 -21.281385 -6.4484715 -1.6285269 7.7116795 5.0627146 3.3099 -13.790044 -7.8126035 -13.567661 -4.5375347 -12.764745 2.4091475 
-344.1731 162.68196 23.118135 30.116621 9.762188 -4.7933626 -13.738307 1.8290247 -6.080809 -10.662012 -14.415453 1.7904394 -2.7817469 -6.0814767 -6.6878557 5.344691 -8.266333 -9.086039 -7.154821 1.522583 
-326.84894 158.37263 -0.52964616 40.585915 32.532623 -8.597295 -12.514878 2.6610572 -17.417042 -9.548586 0.12420019 0.90188724 -3.8335593 -1.3435532 -16.194466 -3.0628397 -8.231795 -8.494666 -6.70215 3.1636786 
-317.45117 118.87085 30.04171 15.832805 34.483204 2.0808258 -6.560604 -6.254606 -20.749266 -12.191458 -8.023561 -0.7887105 -9.40192 -9.557723 -9.093609 9.98134 0.89070153 -6.5096374 -6.024765 1.3613957 
-346.34833 134.22464 42.627224 25.620327 10.271711 -1.3424271 -5.0373588 -4.7815633 -12.969814 -11.540613 -10.506078 -6.169329 -9.899875 -2.3563201 -7.21138 3.9187431 -2.4866223 0.9768199 -0.8739606 1.144034 
-313.63754 113.8418 19.453918 46.90039 41.14101 -11.136219 -9.334993 3.9107895 -16.297112 -12.51101 -10.402752 -10.13501 -7.191294 -2.9338293 -24.72247 4.517275 -1.0263067 -11.1105385 -4.768005 6.976995 
-350.81775 162.52106 1.221947 34.177567 19.701805 -3.0694335 -5.75636 -0.7698444 -16.24044 -7.563753 -3.7295368 -0.38309002 1.6639687 1.0586559 -12.747587 2.2901332 -12.04511 -9.675337 -5.5015397 -1.4635592 
-357.38058 144.50821 10.791363 47.210434 33.369766 -4.2891054 -15.304674 9.831351 -7.300535 -11.4354315 -17.058323 -2.280574 -7.4324985 -5.8017087 -12.728081 4.9156623 -6.91728 -7.7618465 -4.9092493 3.2926052 
-326.1087 125.0858 5.8290443 46.036785 27.77987 6.32037 -33.03555 10.932113 -13.892788 -14.875933 -6.1247845 -1.9226286 1.1504693 -5.270652 -10.541279 4.4999166 -5.6255693 -0.64937377 -9.889207 6.5925283 
-337.32507 127.43286 32.942654 24.946682 9.028065 2.3500206 -1.7507191 -4.018851 -21.503006 -8.234981 -6.799658 5.0210805 -8.206851 2.2510006 -10.634046 6.610804 -8.425023 0.84794015 -7.2999115 2.201514 
-341.92456 89.879974 15.171199 45.3836 13.08449 22.349396 -24.802292 19.090687 4.8640094 -11.832302 -7.389036 -5.137716 -3.516462 1.3112009 -14.350944 4.601541 -6.783109 -0.028055932 -5.998802 3.6497362 
-397.9723 132.01831 11.999038 38.862286 14.98533 16.535076 -10.261386 1.0809777 -2.664554 -1.8878767 -9.373031 -4.998446 -5.6157856 3.618507 -11.727363 2.57187 -8.963196 0.5380449 -4.982636 0.55629086 
-416.8109 134.3908 13.180359 33.02625 9.6744585 13.070276 4.6397357 10.964567 -0.044125743 -0.681244 -10.326058 -0.32218075 -9.515478 -1.0628564 -8.802611 2.8264773 -10.66786 -2.0128963 -6.922067 -0.013677239 
-411.88086 136.20642 17.561726 32.99493 10.054645 10.114641 -0.2849994 9.875043 -1.8923895 -0.27093205 -8.545757 0.26473704 -7.4613442 1.9243262 -5.8332295 3.8762445 -7.161478 -2.050738 -9.265406 0.23334853 
-428.43695 130.71014 19.429274 27.79554 11.937094 14.525654 6.7454877 5.2884226 -1.6808875 7.4491568 -0.9847666 1.6238358 -4.723037 -3.3603058 0.96890044 0.7357609 1.1269639 -0.84275436 -0.6107155 2.2079234 
