-587.2933 171.59167 43.02385 31.562914 6.356684 35.79648 -14.711125 11.243272 -6.835179 6.223457 -12.972217 -5.8777313 -4.616758 -8.452587 3.5916426 1.5594665 -2.5924728 -1.9628925 -10.601453 1.2675552 
-530.01105 158.92973 37.660187 36.9104 16.330706 12.00964 -6.024436 10.838248 -10.991301 2.953368 -1.2060553 -0.37667274 -2.7577562 -12.304168 0.42778412 -1.1345621 -0.5711128 -2.2107224 -11.736216 -3.5397098 
-347.0384 164.96451 -14.682872 7.2251086 -0.18393761 -28.593855 19.953636 -17.865374 -26.452517 9.0122795 -18.376898 19.31368 10.02559 -20.311676 -9.05678 1.5624782 -14.591152 3.5259016 -25.080528 -3.6710167 
-394.28308 151.38211 4.384952 31.069496 10.793114 -6.4378266 6.4829283 -20.702469 -13.162721 -3.878103 -15.39718 2.6756759 2.425249 -15.898411 2.5112162 3.4624853 -4.3227797 -3.2240517 -4.075989 -6.7576737 
-406.37332 117.821045 33.469097 44.42069 31.16238 -11.116592 -1.7126087 -11.711707 -17.757164 -3.7181406 -11.109749 -4.971246 -3.8470166 -0.44003105 0.7166116 0.14749606 -12.494025 2.6866643 -16.070137 -6.7754245 
-379.18063 88.48058 28.11213 43.51627 13.065236 -3.8963537 -5.7353086 -17.80241 -9.821289 -11.428463 -9.462943 0.3210712 -3.2510843 0.97196144 -4.782223 -6.0393596 -15.689541 -7.179533 -22.860558 -7.079098 
-398.9276 122.969604 18.504892 45.001118 27.01286 -18.891335 4.0382733 -29.248844 -1.9052103 1.8720908 -18.265694 -4.36047 2.1806848 -1.1301252 2.4001532 -15.911342 -3.5720227 0.21196733 -27.257172 -6.5633535 
-514.67737 145.28131 23.84219 44.80468 23.153376 14.441661 -7.047948 -2.2118735 0.5433519 4.8613725 -11.637162 -4.9824915 5.868086 -5.2111835 -0.2760432 -5.602251 -0.38262954 2.194708 -15.307484 -1.5432673 
-546.92554 160.13268 21.701176 35.279568 17.391176 25.77645 -17.49835 7.705897 -4.6672225 7.791868 -9.568582 -7.375471 -0.30290058 -4.6617403 -0.6021366 -4.1372657 2.1264172 5.2673926 -15.217826 -3.8421948 
-568.5894 163.97673 46.782394 36.01722 7.2821665 33.64869 -6.087631 6.944546 -12.053322 2.3518393 -7.1497464 -7.1824155 -1.3552655 -11.69614 2.396772 -1.8766425 -0.5999204 -0.702041 -5.065323 -0.014106486 
-430.90344 173.88971 31.26883 30.284462 -11.350337 -10.698431 2.121989 -8.760677 -22.383514 -8.913984 -11.672587 -4.8881207 1.9974732 -2.6677175 8.442662 -4.370387 -0.55033803 -13.621236 -9.483838 -4.1836143 
-385.99493 99.074646 30.554457 57.042995 10.143409 -20.806244 -7.819618 3.0241785 -16.413633 -8.864146 -6.78085 6.5257683 -14.957589 -6.219429 2.00308 -2.3839962 -18.260801 0.09934725 -14.947416 0.05928559 
-359.2868 149.9102 -3.4040122 25.672909 40.891933 -23.976437 -23.70663 -15.32468 -9.166832 -9.45664 -12.606427 10.230923 4.5531073 -13.0880785 4.435534 -2.6609335 -17.8509 -4.5840917 -10.209049 -14.916155 
-386.95648 153.98093 5.813174 15.593129 10.817535 4.7441096 -12.998591 -1.3824142 -7.3127136 2.1619096 -3.5327718 1.1851168 -2.1173058 -3.3291392 1.2786 3.1370485 -13.661188 -7.9882345 -9.222346 -3.7960484 
-427.9972 134.23195 46.94011 27.754189 9.094689 2.8628979 -14.105952 -0.59087676 -21.531713 -5.933207 1.2452636 -1.5717901 -0.4167368 -1.8520625 -11.055589 4.2531605 -7.395329 0.3673083 -9.207184 -2.7951317 
-423.21408 161.69545 11.476354 34.138355 9.773483 -14.071064 4.767002 3.907609 -32.541615 -11.584229 -8.4039545 -0.5950012 4.5222497 -4.362547 -2.061057 0.2661917 -7.5968704 -8.318954 -6.7442527 4.8472066 
-406.17786 90.49228 64.28193 33.128487 16.031546 17.034798 -17.880468 0.74151695 -5.0363264 -13.174626 -4.74493 -10.223974 -4.1597037 6.6233587 -2.7495782 8.753608 -4.462246 6.2774506 -8.31194 -3.3286448 
-434.2004 135.68842 27.950665 42.85116 28.104836 -2.096335 -6.6904006 -13.769437 -2.1445704 -11.352863 -11.242729 -11.803051 -3.7968936 -2.0568774 0.84025574 -6.098947 0.06589312 12.51448 -16.483973 -4.18366 
-444.6725 146.45348 28.136066 49.103184 29.798819 -5.806892 -6.3690896 -20.170494 -3.1709158 -16.933104 -20.992435 -10.8397255 -5.7264996 -5.1844435 2.0478036 -5.6539555 7.79344 10.593698 -18.700228 0.5320484 
-551.9055 164.92694 40.841015 47.706707 4.97234 26.934332 -5.3056474 3.0527453 0.9125733 9.9327 -12.565079 -4.646999 -6.258378 -12.047208 3.7449112 -8.1568365 5.349199 3.9879565 -14.4687605 4.386009 
-578.77374 162.80486 45.853302 35.755085 5.65442 30.27457 -9.820797 14.152628 -8.062542 5.8638935 -7.770708 -4.5183253 -3.5150335 -8.701983 2.3438292 -1.027413 -0.21322876 -2.4901547 -4.9161053 0.78987604 
-500.45563 150.8927 34.19923 27.018751 11.567174 14.577471 -14.234019 5.355458 -5.140022 5.484505 0.12840958 2.1864595 -0.7971367 -7.6176443 -2.5361607 -3.849604 -0.12549655 -1.8192986 -7.1571064 -0.9497087 
-336.80103 164.56366 -33.20965 -10.077075 10.516464 -14.228707 3.2095337 11.112566 -21.795588 5.7659206 -1.1335697 -5.079097 -5.3529024 -14.2331505 3.690615 5.0795126 -18.795382 2.5629966 -14.316356 -2.1842413 
-430.72787 127.7677 19.107433 38.471054 34.84046 1.9053426 -26.330833 17.62091 -11.63804 -12.492817 -16.224611 6.0783362 -5.886608 -4.850808 3.3598974 9.0289545 -4.4665146 4.0807266 -5.86095 -2.6240377 
-485.1324 168.78487 20.364458 42.061287 24.409107 3.31245 -19.406065 1.879353 -12.31808 -9.096808 -9.77132 -1.4189916 3.7399359 -8.384769 10.4359 -4.198927 -13.70753 1.9454575 -4.69988 -10.732131 
-476.9218 183.5363 52.806736 23.691988 -14.979865 -7.086136 -1.123592 4.4843726 -13.339408 -2.8468466 -13.463625 -6.288912 2.62046 -9.207206 9.840543 -4.8477516 4.6446652 -6.3065777 -11.7862 -6.622971 
-415.4862 102.07787 51.15559 31.268215 13.233898 10.399072 -13.06134 -3.144805 -10.882978 -11.221508 -6.448568 -4.6948385 -13.299044 4.17038 -2.2970738 1.2214915 -5.305821 7.6494884 -6.2982006 -0.13539658 
-415.159 159.01834 18.954132 23.522026 27.849983 -3.1721106 -10.437918 -13.795976 -12.017907 -9.016285 -3.5544338 -0.031951692 -11.770511 -2.5461993 0.9572427 -5.2641644 -11.244945 10.212193 -3.4916074 -2.6455998 
-391.97806 163.15231 23.509506 14.51379 -25.356998 -14.816274 4.7017317 1.8925476 -22.135597 -3.609042 1.0920031 5.0360527 0.99796844 -4.765409 -6.5747614 -3.4435046 -10.044735 0.06310654 -6.512206 0.7887432 
-454.3092 171.33684 30.015266 38.383377 -8.296677 -9.710602 -16.746824 -3.5508895 -11.85313 -11.441568 -8.886889 0.48174873 2.3297076 -7.587749 4.688904 -6.298049 -6.338846 -7.6489224 -10.537574 -1.4712898 
-449.43295 196.15918 28.759521 34.165955 -29.09454 -23.2465 1.8115916 2.247604 -26.811575 -0.9053925 -7.760149 -4.7845335 12.216327 -3.4330153 -0.12452348 -6.626448 -1.3024368 -7.9600515 -9.2610235 -3.3379908 
-401.1792 172.74004 -14.946187 22.481499 13.924666 -14.596948 -10.783807 -0.92812645 -13.910323 12.227932 -2.1421523 -5.263492 -1.9530873 -12.081333 4.680498 1.1217722 -5.6800394 0.8469166 -13.485993 3.5514073 
-451.97 172.04262 27.979404 26.934566 15.325126 -10.504546 -19.80487 -6.8142757 -16.761799 -5.1306825 -0.51076055 -1.8468432 -7.3837576 -14.126572 4.7502675 -5.765884 -9.943313 3.117115 -0.6180929 -1.3098333 
-417.83505 132.13669 54.17763 25.9593 -4.806065 -1.2023854 -11.637646 -6.8834286 -12.584744 -14.470461 -14.871312 3.7911005 0.9775117 0.19870609 -0.852637 -2.033144 -7.7982078 -0.056369677 -11.039585 -2.52302 
-444.7569 120.47093 44.416706 39.227432 -2.0978236 3.4242647 -5.3193164 -6.149681 -16.078417 -5.4063373 -12.836097 -4.227394 -3.489146 2.012322 -5.6298513 -1.9850802 -7.4365277 -2.6668818 -12.216217 1.3557153 
-448.0176 63.898884 50.499023 73.67996 4.644177 3.5088007 1.0515257 7.1978893 -5.967775 -0.50898373 -17.800886 0.33340174 -13.450116 -13.645652 -7.0555897 6.804564 -6.1003532 2.5272865 -9.7502165 9.136735 
-521.28687 142.69025 28.192167 53.144234 24.539248 5.077282 -8.681112 10.878056 -0.7696383 -1.3041077 -12.896805 0.1104104 -5.3114734 -8.547529 -3.4636166 2.983638 -1.7345201 -0.14415053 -11.349499 -1.4477744 
-513.6191 153.08539 19.935547 52.972797 21.582434 12.24985 -10.911694 0.050431915 -3.035285 4.2671947 -12.21728 0.16642237 7.869268 4.563866 0.27973685 -1.2057297 -1.5592933 -4.3436356 -12.756488 1.2154568 
-409.82947 175.35263 2.042596 20.087694 8.247164 -3.815347 1.9196805 -13.782986 -23.20238 -1.3231084 -14.781545 5.215539 5.128259 -7.8602576 3.7397046 0.77111274 -7.3672156 -14.253845 -13.47824 -0.2727541 
-401.39774 103.79787 45.42376 23.825285 20.668104 10.507259 -12.358004 -4.9988074 -16.093811 -15.558038 -7.431322 -9.76914 -4.064258 5.5060997 -4.914098 5.3475637 -7.899184 2.491126 -13.297224 -5.641993 
-410.13455 123.08569 27.614153 44.639446 27.937141 1.4177009 -16.392706 -18.328651 -9.432011 -12.442567 -9.975679 -12.134804 1.8507271 2.9430392 1.1077367 -5.3794227 0.091168135 11.966318 -9.4730625 -3.8129168 
-428.35223 139.63422 19.496033 49.110794 30.799656 -9.470271 -6.755332 -17.591402 -2.1026218 -15.382782 -21.419765 -12.641865 -2.583519 -4.9917946 2.2119985 -3.905615 6.724107 7.6897483 -16.06278 6.8850265 
-493.17487 146.63184 29.39617 56.946682 22.419823 2.3709118 -8.491883 -11.905769 -2.9208095 -5.163301 -16.669273 -11.74179 -0.43938357 -4.779017 3.3560643 -6.7180095 9.458383 6.925092 -14.287938 3.9214194 
-571.8355 162.05147 45.635845 39.333668 6.372775 35.728004 -13.649267 14.942707 -4.9871416 12.060358 -11.747143 -4.853242 -5.05208 -9.87292 1.355919 3.6814108 4.7675757 3.1391678 -5.3575883 0.875634 
-572.2964 162.37956 48.23047 37.487926 6.8089695 33.867416 -9.252422 13.829398 -6.0812817 6.070776 -6.6952133 -3.8394034 -6.2373524 -10.74945 1.2021871 3.341096 4.1283164 0.07553795 -7.936191 1.0241301 
-507.45898 149.63194 45.388786 28.045315 23.882504 14.316708 -13.629899 6.012118 -3.4759722 -7.3770666 -12.58847 -2.2941356 -1.1884599 -11.724731 -0.69713473 1.5676808 1.5041171 1.5278287 -1.7044251 -0.1290492 
-399.12372 150.60553 24.229073 28.779472 10.710625 -4.5949883 -8.749234 -13.271557 -30.283426 -9.9826145 -8.026219 -1.0734974 -3.6223614 -8.905752 2.1959097 -1.6821086 5.51063 -0.79989624 -3.578997 -8.758432 
-358.32675 178.73807 -27.236076 0.070535555 4.404385 -17.419748 -1.2882724 5.380762 -22.24237 7.2068415 5.23413 -3.5575125 -2.288985 -17.554293 -3.4620967 1.7195543 -13.331074 2.8315158 -12.960333 3.78188 
-422.51773 154.75128 9.420247 25.720657 32.732998 -4.671472 -21.215185 11.097698 -12.720828 -7.529203 -5.766676 5.4265614 -5.4542813 -11.554308 2.3163722 5.3443813 -6.8951697 -0.049489576 -5.8393416 -4.888318 
-418.23602 120.25532 58.468582 27.896334 4.852951 5.007715 -5.518803 -6.7456236 -19.89449 -10.4420595 -6.0205245 9.910803 -4.0696626 5.9075203 -5.0940375 1.9988997 -6.7416844 1.8333179 -13.86296 -2.0309668 
-441.6367 177.50049 22.506168 29.112213 8.620463 -13.316889 -12.080813 7.6425977 -32.010952 -11.512604 -11.336777 1.8187814 -5.1158705 -4.7908616 0.70254844 1.2390965 -2.7529008 -2.992731 -7.232957 0.6095323 
-421.6515 164.85773 3.4594622 35.824776 29.340559 -8.811722 -19.253487 -6.222334 -10.098053 -9.672047 -5.5498996 0.512408 -5.3560643 -13.378222 8.796515 -7.3917956 -0.8170794 -7.765551 -8.044429 -10.983873 
-421.64267 180.24431 -13.065576 16.924608 16.845474 -11.565939 -20.42024 6.2993436 -4.737012 3.766195 -1.4649513 -2.919768 -2.2483346 -5.401361 -0.4752956 -5.4745708 -3.9738612 0.7814687 -13.069343 2.8837402 
-414.17648 173.9473 -19.418785 38.51821 30.104576 -26.673458 -20.793743 11.656671 -7.21567 1.8794425 1.3316487 -5.609051 6.494088 -15.734051 4.1910887 -7.563885 1.2466786 2.0607765 -9.626182 2.4906306 
-542.6565 161.95404 10.911276 51.511063 25.763117 8.526144 -18.280216 16.60541 -0.35524645 3.2476754 -9.197272 -2.8069987 3.5756197 -7.005851 -0.40940604 -1.2143159 3.3503385 2.1319182 -13.782419 -1.2470635 
-562.10394 166.40213 34.3094 37.078598 16.849138 28.972609 -16.929054 11.633201 -5.2385244 6.786522 -13.585187 -7.8796597 -0.35308513 -7.2604566 -1.0504578 -2.2936687 1.111423 1.9910463 -9.233666 -3.1292675 
-577.88025 169.85222 47.2425 36.008408 7.6455307 30.794363 -13.5693245 15.023146 -6.187888 7.1829395 -11.532151 -9.124097 -3.4696932 -7.462812 2.1132128 -1.5353154 -0.008391063 -1.0029904 -8.215046 -0.5363158 
-464.51355 180.7093 10.083461 27.116306 4.23398 -6.153388 2.0723424 -7.2949457 -22.842327 4.4623256 -1.5406835 4.6223187 2.2759693 -16.635635 -0.002195577 3.91804 -5.791825 -7.382391 -13.612815 -3.1089144 
-456.83356 165.50185 20.667212 32.98174 19.453087 3.745068 -11.21276 -14.242486 -17.462463 -2.7684426 -3.4174128 -3.737963 -2.958604 -14.451603 4.744891 2.854451 -1.903907 -5.602468 -9.821387 -0.6751504 
-533.2651 140.98712 50.943085 27.956808 19.8162 20.40199 -9.457569 12.6735735 -1.6397101 4.655418 -7.2011786 -3.4019575 -5.4926705 -6.7462406 -0.9697906 9.424754 -3.273328 3.9301457 -12.034168 4.218122 
-401.58844 107.44766 37.87026 43.216507 22.806774 -2.5263834 -10.395601 -8.97755 -19.315296 -1.066163 -13.791382 -5.7635126 -3.6793942 0.5856073 -11.304974 -0.6304685 -8.6137495 11.625 -12.603611 -2.0578096 
-399.5853 164.76888 11.345034 19.861753 6.2369823 -4.6084023 -1.6715096 1.001752 -8.693553 -3.7224934 -6.2128205 -3.1913586 -5.208558 -4.2458816 -1.5141919 1.2876654 -14.349226 -10.173681 -5.575222 4.278002 
-427.1942 158.31439 26.470272 30.394558 8.570324 -3.8017666 3.916133 -10.921252 -23.212671 -13.299155 -9.963564 -0.22968228 5.545041 -3.4369998 8.50037 -2.212409 -5.3096786 -8.217367 -6.1436176 1.9349207 
-386.41226 114.26995 33.14781 36.14867 23.485064 -10.86804 -10.875945 -0.37943655 -15.140444 0.76450074 -6.282264 0.38328966 -5.584926 5.7598186 -6.5097694 -1.5352738 -8.449321 1.1571742 -8.151858 -2.7553704 
-400.25208 121.37196 45.801723 12.263598 3.8750348 8.082906 -18.493813 10.940533 -9.048172 -6.512541 -9.035014 1.4303852 -2.3805537 3.567233 -8.155276 2.130723 -11.62614 0.83330494 -11.249658 -2.0565166 
-462.33105 150.65778 23.763737 52.262424 24.127758 -8.6158695 -12.385564 13.452642 -13.947071 -20.551813 -14.322554 -0.32903507 -3.19752 -12.468001 2.8877718 1.6980034 -8.684534 3.1575437 -4.912611 2.404075 
-467.64612 172.66475 18.325935 47.702835 27.508871 -8.887408 -25.015112 -1.7083198 -13.449794 -6.823974 -6.277876 -7.0426354 0.69377553 -9.796861 4.952107 -3.3202558 -3.9298112 -0.4113993 -4.5173693 -3.9256668 
-428.21964 98.05616 61.421005 35.43195 18.168468 12.979924 -19.580473 -2.2093968 -2.2838926 -13.167301 -12.931158 -10.39855 -8.869599 4.4601502 -9.286002 5.7417717 -1.306334 4.6308928 -9.04872 1.1512116 
-433.24588 97.33213 42.294884 72.71767 17.767086 -12.571485 -9.000059 6.613194 -18.413807 -13.050766 -12.817731 1.0052308 -9.828301 -6.151233 -5.089714 9.07276 -8.169686 1.7988188 -6.5128717 2.3494225 
-443.2054 150.9505 9.001612 57.44561 38.666817 -16.379293 -24.15128 0.090803996 -11.496537 -19.824436 -19.318335 1.9279376 -0.86726993 -14.392242 0.008059051 6.574737 6.1690903 -3.5963244 -8.457652 1.0066304 
-430.54678 167.17558 7.08577 33.28534 37.865685 -13.491795 -20.75191 0.08372826 -15.633221 -8.364628 -7.9522986 -3.4812784 -6.1156383 -5.075143 5.490364 -3.13095 -11.9762745 -0.4138494 -9.178226 -6.101248 
-449.28345 169.56375 27.600319 32.930164 9.218777 4.0194573 -14.202786 -10.544425 -25.25248 2.674762 -9.270788 -3.3038368 -7.7363195 -11.519057 2.7739973 3.886317 -4.479129 -3.1160276 -15.295144 -1.0884383 
-461.23013 107.22417 67.856255 41.51027 6.3666415 11.384037 2.9544516 -14.385786 -15.274451 -3.1123934 -15.515293 -0.047907062 -6.3618336 -2.580561 -1.2519804 3.5245352 -7.2457733 5.0354686 -10.504195 2.4443786 
-465.4405 150.74974 19.094538 64.90541 31.59011 -16.521557 -17.975637 -6.623321 -15.935055 -20.84899 -17.214762 5.4877787 1.2704744 -13.708114 4.945368 -0.20979875 1.9199969 2.33761 -11.043569 0.9243611 
-477.79004 141.28494 14.406681 58.482674 19.868967 -2.0004356 -15.200808 -3.4156 -4.803404 1.3435254 -14.353762 0.7550925 1.3876907 -2.7930577 3.3115094 -2.5740004 -1.0727458 3.2187006 -14.296038 -6.836515 
-533.9966 154.79813 19.517174 44.724926 20.037037 23.434563 -11.278319 6.649432 2.316462 9.657226 -11.763625 -7.8858795 5.636393 -4.4011908 -3.4821343 -2.2404585 3.0581622 2.8896651 -5.1671276 -1.5823227 
-492.66602 174.11772 26.518402 26.585869 9.266619 11.823547 -12.824882 -5.8057284 -12.195904 5.603145 -8.745647 -1.716775 -1.1402564 -11.0191965 -0.90008354 -0.36098418 -4.0022635 -3.257065 -10.768984 -3.551389 
-435.909 179.80412 17.872114 14.6179695 -7.1030903 -6.401821 11.908761 -1.2831674 -14.266337 3.7045147 -12.879002 0.044322968 6.302384 -8.909427 -6.0046854 4.189055 -7.3050537 -7.5065885 -7.6474066 0.71097594 
-428.30753 101.29455 43.305256 39.301727 34.403183 1.1776668 -14.176601 -0.39680257 -8.279557 -5.2862453 -9.086504 -5.927017 -7.9667883 4.1732006 -10.79678 4.727133 -3.2258558 7.7474856 -11.624912 -4.0118732 
-427.90152 113.32347 46.227207 40.86217 20.807 13.662268 -27.705368 -12.120744 -9.271137 -14.020213 -10.30543 -9.741897 -8.391231 6.6126986 -2.168668 -1.0212743 1.9852704 5.4776306 -11.64324 0.72959024 
-451.5674 146.38382 27.360104 57.700882 26.890865 -5.627447 -8.870754 -23.841818 -6.274637 -11.521244 -21.16531 -10.773205 -1.515316 -6.0488496 -2.4581807 -9.505464 9.348759 7.946061 -15.454797 3.7527335 
-544.65546 155.90576 41.192753 45.406235 10.161312 22.663857 -12.166578 1.010995 -7.8249173 2.5239995 -11.524249 -8.216035 -8.578771 -10.500349 0.73422307 -5.8280377 0.47555548 3.3399959 -7.7755966 1.0682901 
-551.8952 146.91962 39.707882 39.845516 2.3574302 29.389174 -9.345937 10.827871 -11.281106 4.209399 -10.940137 -5.1595507 -4.528902 -7.1440563 -0.39608157 1.3920882 -1.1571231 -2.6561956 -11.284612 -0.21812299 
-528.83734 158.17325 37.499542 27.130972 11.94045 15.264628 -13.848652 7.525601 -5.583736 -4.1573353 -8.225181 -1.6695766 -4.7290936 -10.272041 0.5717761 -3.401865 0.11984984 -6.19494 -5.6887765 -5.122243 
-360.09973 138.33954 24.35916 4.396918 -16.290606 -9.485805 0.6375096 -0.07884322 -15.488176 -1.436479 -1.250209 2.2092447 4.373002 -7.692094 -9.972112 -9.853756 -13.736409 2.5426059 -3.0699751 -0.29680145 
-406.6344 163.99611 22.661446 18.792 -16.011168 -3.5493262 5.439866 0.28891462 -24.156433 -10.373162 -6.7822556 0.023637772 4.195152 0.86800426 -5.707126 -6.229403 -4.1365314 -8.320645 -8.698558 -0.32566464 
-556.38965 172.80968 33.51672 29.789602 -2.5499792 24.601706 -1.2979096 12.655631 -15.467449 8.22428 -7.1615534 -6.246809 -2.5340881 -7.029381 -5.663242 -1.5845448 -0.0906713 -4.8337545 -8.043677 0.9182723 
-508.21582 158.4737 32.969772 43.822823 24.55059 -8.81514 -12.334513 0.9535814 -6.5927 -9.900114 -9.402871 -0.8891574 -1.9760919 -14.972429 7.5010343 5.7475967 -5.9720097 -0.08005586 -6.498652 0.59690976 
-439.4149 176.2537 7.337667 35.305008 23.632607 -10.937239 -15.092731 -3.9187748 -17.573284 -13.572697 -6.158435 6.589339 -2.0499675 -10.638273 6.79427 -9.474804 -1.7987323 -0.41501337 -4.022797 -9.640825 
-411.9173 148.44167 5.0694942 34.75563 35.470898 -20.955688 -20.657509 -18.598402 -12.740269 -5.7171993 -7.0754437 -2.9698577 -0.24558085 -0.35183495 7.490862 0.994188 -13.386793 0.7754184 -14.592906 -7.469084 
-418.2667 112.84335 30.600681 42.784687 30.396309 -10.831841 -29.53829 11.388222 -12.719932 -10.729782 -18.938555 -3.0044608 -6.000593 -6.8464756 -1.4358954 5.4217052 -6.656368 2.6258743 -7.7551007 -3.082328 
-360.63388 151.07234 -3.974225 10.274529 5.649565 -11.799866 -10.532171 3.2220895 -23.490257 -0.7062532 -2.3028305 -1.5869452 -4.5799193 -8.183187 -1.5792838 -4.6502075 -9.946205 0.13641253 -6.6483564 -7.8149023 
-512.4721 154.00505 26.712822 32.348343 9.695587 13.00444 -2.294009 12.923208 -10.605133 -0.19344544 -7.4758716 -0.119588934 -0.3262625 -5.5635757 -3.2404704 -2.2554946 -9.074707 0.21277526 -4.0706234 0.9518544 
-368.87674 166.39444 -23.232256 26.605179 18.702116 -39.394295 -19.797607 -4.0504203 -14.800349 11.474658 -8.2834015 -0.7230475 4.3698735 -9.968297 2.0703278 -15.065416 -1.7052736 0.1328208 -6.5632777 6.594294 
-435.7564 111.10308 31.488289 57.65776 20.023224 -15.703349 -11.001843 8.152289 -16.992567 -6.942831 -8.528309 -0.11780378 -12.756038 -2.2854967 -2.7189946 1.4735862 -9.68284 9.360043 -6.896532 1.8757621 
-442.5727 128.56729 20.867071 44.212517 39.4991 -11.141996 -4.5782294 -7.7421484 -15.817154 -4.9314013 -16.25651 -9.043089 -5.289258 -2.1680899 3.466076 -0.68591183 0.5935972 7.1642175 -8.451315 1.0631815 
-407.26263 95.8876 39.03563 43.284748 27.26447 -5.524719 -25.190886 -1.9417796 -9.751035 1.0422995 -13.263088 1.5951526 -3.4753091 6.108361 -6.914137 -1.2492584 -8.90707 7.9331 -11.894428 -3.8632786 
-481.16992 145.64552 34.479843 23.381191 0.72918427 23.920364 -16.189741 1.5425946 -10.022757 -5.973646 -11.225518 0.3403753 -3.0595412 2.9950716 -5.713311 -1.9541986 -11.5033655 -2.9022245 -10.300585 1.8826362 
-482.4827 172.63184 13.383416 55.88771 32.05036 -15.307075 -35.475433 -2.630597 -12.250098 -18.015417 -13.1548395 3.498727 4.167426 -12.571126 5.2898626 -2.7434075 -7.026374 -6.1669383 -5.981288 -5.9626637 
-456.99115 162.34456 24.935875 30.879726 37.12533 -11.828664 -22.546932 -12.179775 -15.319789 -6.69424 -12.075095 -1.7988453 -11.82339 -2.3489065 7.7824993 -1.660361 -12.75151 1.7224667 -7.4233036 -4.690713 
-463.6129 100.87673 69.7696 35.620525 16.76833 15.375841 -12.118563 -7.921692 -6.4679337 -10.730825 -9.09341 -3.9145262 -19.000298 0.6943249 -5.613785 2.544074 -5.6336894 1.2427142 -6.7287636 0.87484825 
-465.33063 162.07298 21.248804 35.13057 17.4676 0.8333465 -11.112176 -9.545265 -22.942942 -11.411457 -7.548535 -0.47230974 -5.9819555 -6.045168 0.535105 -8.972612 -1.7418349 5.6531343 -7.976982 -4.8450823 
-444.1021 147.21672 36.431892 31.819023 11.230068 0.18659762 -4.52638 -10.183858 -30.400242 -17.279913 -16.018778 -0.6389062 -0.5644083 3.5606604 2.6259298 -2.0129797 -3.5685282 5.851226 -11.490881 -4.207365 
-433.38858 117.902725 11.619888 76.62555 28.928493 -14.952984 -14.449183 5.165524 -21.80351 -8.5127 -20.884382 -5.1180573 4.1453 -6.4191575 -0.8437481 4.837191 3.4127302 -0.28086078 -14.58363 -7.7362037 
-461.07166 179.33063 46.30877 15.655572 -21.949106 -6.645437 -11.579604 1.69315 -24.63947 -9.216506 -10.455941 7.976505 5.4779186 8.1015625 -8.185741 -2.6612902 -8.866809 0.1882205 -9.071025 -6.4560304 
-490.99908 184.89621 45.341805 30.742405 -4.312601 -4.1640534 -16.288567 3.7969284 -7.885815 -0.5687008 -9.223957 -3.2921534 8.4543705 -10.176451 7.2867856 -2.8258426 -8.933463 -9.427467 -10.087362 -3.054943 
-439.4077 170.40398 12.254854 27.539879 5.5301456 -4.7016125 -7.505599 -5.4978185 -20.410133 6.1174345 -0.014665657 -0.17612539 -3.9246473 -14.832783 -5.516187 -11.401237 -2.181506 3.0515182 -12.694793 -1.2697278 
-464.49402 117.91581 43.45396 48.82949 22.046677 -5.452937 -12.317812 -2.0480943 -15.724238 -2.8876874 -20.756638 -7.7492166 -4.160414 -3.889134 -4.1322837 7.113929 -2.323029 4.6316595 -19.720295 0.65368986 
-486.6492 150.95023 46.5814 31.291948 -5.7291694 7.910009 6.720957 2.0826564 -19.246233 -2.6210604 -16.212425 -5.9622364 0.24677637 -4.0394683 -1.0367093 1.5182989 0.6091006 1.683354 -8.809015 4.3258724 
-451.8651 101.11984 67.50963 26.699146 6.584257 21.169003 -12.631283 -8.268319 -15.275974 -7.7739663 -15.326394 -0.4993983 -15.182583 6.3778954 -4.708688 2.4102092 -5.279941 0.18461514 -11.423287 0.7144444 
-409.3096 157.53001 -17.862288 47.14843 34.102528 -26.888678 -15.298536 -10.624185 -18.5568 -8.128574 -10.200897 2.143425 6.745309 -6.5346155 13.45448 -8.157846 -1.8161479 -5.271716 -15.8541 -9.538562 
-415.30875 183.68227 -1.8898519 33.50737 -3.1355348 -26.146837 -10.709519 -1.8248942 -21.826574 -6.3507686 -4.262851 2.782307 -0.05881773 -10.511271 -2.4918451 -4.3567433 -8.76179 -1.2847235 -7.0016418 -1.6682391 
-453.16092 141.13553 41.674717 34.51162 1.039884 -2.7079318 -7.8211236 12.165357 -30.766378 -3.3298366 -6.650029 -3.7826881 1.5299343 8.581904 -1.4053162 -6.2558174 -4.6797843 4.6067863 -12.343027 -6.4804068 
-443.95688 62.056736 79.16287 31.86622 4.3206058 25.975193 -16.210583 -5.596177 1.3268714 -12.544715 -9.55263 -0.56553656 -11.254354 0.76211 -9.4279785 6.6123257 -10.710016 3.9551442 -13.849552 1.6586707 
-477.17834 151.48906 53.25691 29.845201 -8.259942 20.061867 -11.546258 5.9564457 -10.524246 -4.91244 -12.38464 -0.5293801 0.85198426 5.4709764 0.21384032 5.263954 -12.800381 -11.747227 -10.457464 -2.0727816 
-539.1622 152.86249 25.417376 38.17396 16.260536 20.150774 -18.823477 14.0025835 0.6809031 6.1531 -13.548353 -2.371923 0.85139006 -4.563153 -3.762776 2.4828727 -3.7801714 -1.5599055 -9.174866 -2.523265 
-526.00806 164.37068 33.488277 36.874344 11.692613 21.792244 -15.063267 3.601343 -4.457837 1.758189 -12.08537 -8.38306 0.87484044 -8.649538 -1.2030209 -1.3874984 -1.534225 -5.0551534 -9.366985 -0.8244803 
-417.85056 171.22934 9.8144865 8.788091 -0.15769958 -0.116879255 1.4482226 5.598635 -14.8139105 -3.8022685 -9.418248 3.4240055 5.7697887 -9.019789 -7.5552335 -0.5116914 -5.4594417 -4.960081 -5.4721603 2.2535505 
-436.2346 116.819176 48.23212 35.951984 23.308058 8.277332 -12.448502 -0.5337751 -11.91592 -11.327887 -10.35589 -6.0521894 -8.336439 7.632538 -7.405421 -0.41479835 -6.2445416 7.576528 -7.5221887 -0.93861485 
-545.36194 149.38597 44.30203 32.935226 6.306473 31.489027 -8.009497 12.252364 -3.4957395 3.2573519 -8.866409 -5.9312124 -6.3340464 -7.1061683 -0.93769085 0.0060064923 1.3505348 -1.2810915 -6.8999753 -0.4860806 
-425.0274 163.40779 3.3432512 29.27517 13.846869 -15.6102495 -18.930696 0.53734994 -7.5606713 5.747278 -7.598196 -2.5233088 5.1649375 -6.4162216 0.111506425 -5.4849024 -5.1506753 2.13661 -12.081782 4.465727 
-391.81995 175.46474 -14.705563 25.8915 2.1221642 -15.40911 -14.598812 -5.571993 -9.566311 11.4519005 -0.54233813 -14.445197 2.068435 -12.990634 0.35015154 -6.7314043 -6.928954 5.388297 -15.323018 2.5700026 
-414.3361 165.32927 -2.5305562 32.74745 2.7924483 -5.482332 -25.884972 0.7562279 -5.419443 5.7265143 -2.1753001 -7.987286 -0.5469864 -15.467861 -3.097001 -3.0023177 -3.2253761 -0.10974821 -12.700258 2.5710478 
-421.2124 129.56943 11.580638 57.121433 13.102884 -17.430576 -24.167877 2.7497795 -8.878388 -4.0919533 -12.511502 -1.4950413 -3.3544776 -8.964913 -3.3662412 -0.34773296 -0.44335017 5.058199 -11.988766 0.028299756 
-463.1224 144.54834 30.866503 75.318016 29.081604 -27.24656 -14.197857 0.4099403 -17.97042 -18.092308 -17.253456 4.679666 -9.107836 -10.200191 4.058904 4.388564 -0.610404 -2.6805544 -12.956279 6.406378 
-437.3599 63.58483 55.934574 63.22044 9.620179 6.514656 -5.858618 4.7697883 1.5654734 -11.92317 -13.427781 11.26517 -9.298594 -9.873234 -6.5146523 11.065855 -1.5859548 1.8496552 -17.639845 7.9394116 
-490.77213 92.306694 53.188725 59.015972 -3.7055757 19.309982 -1.1415805 10.254809 -7.7602115 -3.6571312 -11.702505 6.438427 -21.153852 -3.7462866 -1.974986 4.0867543 0.13950317 5.230135 -11.0655365 2.2574017 
-569.4441 159.51195 36.78542 36.522957 7.8175244 28.759535 -8.566911 16.141247 -8.915797 3.1944478 -8.572059 -0.4234878 -9.092268 -12.737944 4.5454264 1.1320392 -1.4522538 0.6153411 -5.4868546 0.3348979 
-574.0201 161.11383 44.34581 35.72556 8.5720415 35.14714 -10.753001 17.057034 -7.2070684 6.993742 -11.510242 -7.905077 -3.6325827 -10.377734 2.2496412 1.8752234 1.5116411 -0.6646992 -5.9403973 2.5564504 
-556.0937 163.98126 31.128988 27.989975 3.8675172 38.0701 -2.6764216 7.8127804 -14.931542 8.649865 -1.7153816 0.5929297 -7.8833485 -16.853722 -0.4714252 0.6621429 0.7270185 -3.712947 -9.421101 1.7544084 
-563.77167 157.44363 41.07415 35.321045 13.021252 33.814102 -6.202247 11.494769 -7.272177 4.6138783 -5.125675 -2.5456283 -5.673424 -8.288006 -3.060121 -5.51337 0.8674858 -4.3083863 -5.2081666 2.6486416 
