-385.02652 125.338295 21.73579 27.794746 13.128169 14.547877 -3.8456378 14.056795 -9.952161 5.00612 -15.858677 -1.1138501 -11.382679 1.7836053 -10.073671 4.838027 -11.195564 3.9624007 -8.040121 -1.7423946 
-319.5185 118.5606 10.839545 29.454567 19.628078 6.3256683 -22.024342 5.9776382 -11.906414 6.642952 -9.183169 -1.7909071 -18.081512 4.90061 -2.3308325 -8.487935 -9.66868 2.9228663 -12.184923 -4.6925564 
-325.42062 152.66473 13.56878 22.756767 -12.089549 4.2574334 -5.487685 -3.5730124 -29.231651 7.6120996 -3.0293844 11.704737 -7.3051715 -3.13189 -9.1840105 -2.0595255 -3.6199696 3.116104 -14.632061 1.4242694 
-346.3314 116.57406 37.14825 30.544535 14.688729 17.235926 -14.910244 3.4985352 -14.647327 0.6082067 -11.4242525 -3.3166416 -10.176413 6.6118627 -5.0806866 0.10515254 -4.037046 0.8568159 -4.79235 -1.9336832 
-345.39362 121.39769 36.71155 28.841743 8.866437 8.516026 -11.509264 0.26566043 -14.725091 -0.721589 -16.801664 3.495886 -7.2499523 2.470651 -3.9681773 1.8856305 -7.659098 3.2967515 -12.651597 -3.0014906 
-339.2371 166.35768 30.707283 25.794298 -8.641122 -13.034479 -18.455643 2.0152576 -18.841858 6.988068 -12.741346 3.6725214 -0.57841945 6.2710304 -3.0536892 1.9630824 -7.5610833 -0.7436846 -10.372162 -6.0480304 
-361.17062 147.20778 23.179882 31.79171 4.8658185 5.706632 -15.205479 5.1025624 -18.584837 7.4078903 -7.829232 3.3354433 -9.557446 6.971231 -2.6506846 -0.79739994 -17.1451 -0.8092814 -10.427509 -0.7565508 
-306.93973 133.95041 14.860302 28.296076 15.455388 7.2514668 -21.390724 1.0605528 -25.084845 21.298668 2.1990235 1.1130339 -8.546179 6.102289 -3.709075 -11.131169 -14.335656 5.7507696 -10.627754 5.6255364 
-369.96838 138.12357 27.350174 38.016018 14.337239 6.666578 -12.661627 8.997415 -14.610151 6.84556 -15.230582 -1.076952 -7.9948993 7.616711 -9.327833 -0.71573246 -12.726043 2.6480553 -11.773219 -2.9262283 
-363.0902 106.636894 31.74775 30.972954 13.352593 11.651467 -9.968489 16.87106 -9.464569 4.385539 -12.297657 3.6335356 -11.629253 6.555881 -8.44599 3.281188 -12.269704 2.9205813 -9.79444 -0.98921627 
-321.97943 148.05223 19.106773 20.35443 3.4134104 9.993112 -16.393412 -2.2424119 -29.214827 11.683248 4.6960077 11.591265 -16.903973 -1.0586009 -6.289376 -6.4121227 -11.369746 0.06093057 -13.475607 2.2798676 
-325.70584 113.74219 39.686413 32.578976 21.725243 8.012508 -18.944723 6.5605984 -17.779942 0.99051124 -16.116417 -2.6921093 -13.516936 10.7185335 -6.0542316 -3.183566 -6.022135 5.70343 -3.118515 -1.7128295 
-324.13553 122.852745 17.571363 33.591373 16.162746 8.93552 -30.305838 14.325026 -11.421673 2.5387082 -5.110649 8.433972 -18.754522 6.568727 -4.953763 -3.809616 -14.034862 4.662001 -10.072744 0.54800975 
-367.5196 145.13263 21.828773 28.741804 5.892987 7.913831 -10.677425 17.19529 -18.144545 7.7758875 -13.521523 6.782053 -7.354393 3.1627553 -9.311533 2.0782635 -14.9697075 1.4721687 -9.796246 -0.04691477 
-345.82004 140.32858 18.108469 21.54326 13.322895 9.348344 -16.609472 9.098027 -22.93277 7.9699116 -4.0693007 8.083976 -10.298374 -1.9272418 -11.647213 0.7650608 -18.442924 6.9746037 -4.8723416 1.1289716 
-367.1964 126.12582 30.153374 29.082127 13.936362 11.150077 -13.7622175 5.7039385 -18.045033 9.768688 -13.37145 1.6267761 -9.084481 6.458238 -3.1541963 4.466739 -14.251675 -1.782878 -14.6785755 -1.9007001 
-324.78156 126.22651 24.830673 25.071983 -3.2852025 13.639295 -6.4664187 5.0090985 -22.922472 4.855388 -2.9095333 9.143986 -11.186085 -0.6237049 -3.7059386 -5.950243 -7.4985003 5.860322 -14.700919 1.9382807 
-314.95905 145.67023 12.445272 23.912178 -2.449062 8.248227 -2.4733367 5.236885 -25.421328 10.379556 -4.1847234 2.22146 -10.311636 -2.0813875 -5.29494 -2.1288333 -3.5335474 6.9821625 -12.38511 0.46967474 
-343.56223 129.29475 29.913431 33.589912 14.681362 12.763438 -15.948608 -1.4034246 -17.313988 1.890046 -12.402309 1.2341546 -8.650849 10.020912 -0.8463052 3.3368084 -8.041183 -3.8221495 -14.58488 -4.968883 
-339.47208 127.42123 24.280668 37.26007 18.470304 6.1152363 -18.653236 -1.7303983 -17.545748 -2.2463965 -20.10164 -5.810359 -7.8594003 8.889427 -3.8662093 -4.2669945 1.7641534 2.2067814 -14.440763 0.13502939 
-384.082 124.67194 15.02611 34.524708 18.36088 11.101134 -6.935236 13.999101 -6.8899293 5.6787796 -9.798368 6.006731 -5.269301 3.13663 -10.199654 6.0244184 -10.398134 1.5397173 -11.336285 -1.9329305 
-387.01727 134.40659 16.670717 34.63188 18.222757 14.43317 -4.616793 15.136951 -8.540421 6.322516 -12.844867 -0.22655784 -9.692678 2.7211196 -8.095054 7.647066 -9.910772 3.9880295 -9.855438 -1.7248597 
-400.29242 138.2641 15.568919 33.829468 10.69134 10.129136 -6.724621 13.229282 -6.6579323 7.184454 -11.590765 -0.44229865 -5.2505164 4.3984995 -8.588545 3.8609324 -11.156467 1.5583342 -8.27467 -3.905148 
-389.49692 134.2085 21.643024 33.575336 14.971721 11.878513 -5.122959 14.334034 -12.472752 5.8265133 -10.29829 1.6068666 -8.499486 3.2352524 -10.903598 4.306918 -10.667614 2.4940164 -8.196534 1.8335319 
-334.33118 131.31886 11.7872095 19.698538 18.032192 2.2658587 -16.962845 10.583713 -13.104563 8.703631 -5.3726616 -1.2816992 -13.825973 0.6063901 -5.0505795 -2.7248948 -13.426579 9.113325 -11.047022 -2.4511876 
-295.45853 147.4135 -1.4900843 16.803587 -3.2982135 -3.8119295 -3.15017 13.615124 -25.66554 13.245857 -6.6081367 -0.75460845 -10.548465 -6.4265795 -1.8824183 0.17723519 -7.5974526 0.7581315 -13.569875 -6.460215 
-344.6756 143.87184 17.599909 28.41821 16.02598 4.197254 -15.395966 2.568598 -19.032864 7.340475 -4.9698496 3.1447856 -7.542387 6.5077615 -7.1342697 -1.247709 -8.131272 5.863947 -9.670582 -5.2438135 
-331.18494 121.83759 12.902084 26.772905 18.34173 1.3490865 -6.5936184 9.276853 -19.384483 11.122564 0.89161503 5.757568 -17.649313 -2.7548463 2.0862408 0.29438198 -10.549992 8.466873 -13.607571 -0.20415825 
-322.0991 145.74677 18.491203 12.235156 2.1854181 6.4264135 -11.484543 -3.5630274 -28.657043 14.798571 3.7459157 4.7714214 -10.867194 -12.113575 -8.322374 -1.2425895 -8.80631 0.8087256 -19.075315 6.4026093 
-360.82593 133.95953 24.281912 27.468657 12.754667 7.403811 -14.136971 5.2082996 -17.935408 9.481524 -7.0596843 -0.72839874 -7.2755604 5.403165 -4.018412 1.3921247 -15.245427 0.6098069 -11.449204 -2.4334958 
-378.40955 125.23987 21.968079 29.293436 13.036213 11.057538 -2.6644163 14.919601 -10.596495 5.0678306 -15.498276 -0.10982785 -8.796798 0.7593985 -11.21632 5.072633 -15.653109 0.8988643 -11.075112 -4.9302273 
-396.41272 132.17133 19.44285 33.2941 13.690718 11.62342 -6.496057 15.789617 -8.855428 9.089741 -13.040797 2.7251647 -9.339681 1.360935 -10.546616 4.71285 -14.660191 2.143896 -9.198055 -4.091187 
-392.61432 128.15274 22.268965 32.85174 14.314006 12.285261 -2.4667037 12.694353 -10.525451 7.2520022 -12.544338 1.8592124 -9.892432 -0.28873125 -11.404388 1.3872565 -11.779253 0.66771847 -11.000292 -4.3083515 
-394.36026 127.78125 21.595263 33.726536 17.191767 11.890058 -3.8657484 14.599315 -11.142039 6.649336 -14.489397 2.8462472 -8.516354 1.2052069 -11.554988 2.4820433 -12.80215 -0.06106644 -9.465273 -0.6497683 
-394.5807 133.8633 20.57586 33.825092 15.907048 15.387478 -3.431209 16.147587 -9.469244 7.0815563 -14.746492 1.7149434 -7.8722982 -1.8465958 -12.097281 5.2821636 -12.187097 4.4801855 -6.816373 -0.5071103 
-389.29648 137.45169 19.033312 32.436935 10.117083 10.875939 -4.2230077 13.63389 -9.115861 9.665915 -13.8115425 0.41902697 -6.3862567 1.80363 -8.907693 5.944349 -12.158353 3.385378 -10.638241 -0.7795887 
-384.57114 135.77928 25.83316 34.583637 13.549049 10.309332 -9.15941 10.61569 -11.646709 7.2329483 -12.76978 3.4253156 -9.472135 2.984654 -10.528576 6.410589 -10.495014 3.162826 -10.820909 -2.376977 
-327.518 144.86168 2.5405743 24.057446 11.340256 4.5928097 -13.156992 9.603123 -18.554075 10.219526 -1.3317939 1.9174415 -11.365243 1.6193633 -5.5480804 -3.531851 -10.404767 5.4628882 -11.662569 -2.314263 
-302.82596 156.51823 2.9515436 21.735374 -3.275491 -6.039648 -0.834337 3.669736 -24.15672 8.160425 -10.694042 -1.0795571 -5.493382 3.9651566 -1.5880555 -1.6503817 -12.632051 0.80410683 -11.627733 -1.4517555 
-333.69247 122.896484 20.240639 37.57941 15.746857 -3.7678282 -6.455582 13.131764 -18.4327 0.4223705 -3.2532027 0.46541563 -8.917263 2.8369157 -5.84151 -2.11396 -9.625092 3.5262446 -14.324221 -5.5808334 
-322.8203 137.83015 25.59017 44.133102 13.107185 -9.75806 -11.3280945 5.9209967 -23.1329 -4.0812416 -5.033506 -0.55049527 -15.140261 5.467101 -3.530238 -6.6228614 -9.608956 1.7754912 -14.221056 -8.332092 
-333.21652 129.25304 23.287613 53.256367 15.13776 -5.716131 -19.383947 3.6556294 -21.166065 -7.3826895 -10.104999 2.260925 -12.300389 0.112371765 -4.488147 -3.710028 -12.49441 3.947257 -13.458666 2.0736365 
-298.73468 125.30741 2.54132 46.730316 22.993217 -15.571873 -33.864666 11.318851 -17.89837 1.8331778 -6.158961 4.6471667 -0.32083413 5.891996 -6.2203918 -6.726486 -2.2204287 6.015342 -24.059792 0.14527787 
-380.82867 128.81561 28.783379 34.3201 18.01137 11.703542 -11.425533 7.512949 -10.780946 6.0826807 -11.071735 1.0506804 -9.816701 0.30564255 -6.7911897 4.4525857 -10.288951 2.9497185 -11.983751 -2.6550353 
-390.1447 130.17986 20.260063 34.488422 13.470805 12.862576 -4.193163 13.100932 -11.022902 6.1287327 -14.040032 -1.9216684 -9.195041 1.1195743 -11.18796 5.5728703 -13.493416 4.249197 -10.241973 -0.93697727 
-317.6049 124.86323 -3.984392 30.125553 19.569048 0.23905553 -22.399227 17.094948 -5.8360195 3.442688 -5.82085 -2.0497966 -11.744686 1.3884201 -4.636614 -3.3787525 -9.66664 6.794936 -11.460415 -2.608653 
-293.7175 134.76794 -6.310132 28.406363 17.264389 -11.73719 -28.313726 18.878792 -14.853191 10.888693 -1.3179084 3.453659 -8.957101 -9.448874 -2.8028498 -7.9916873 -12.744397 10.366769 -11.85436 -0.097989894 
-289.64203 136.57689 -5.1776342 7.4035068 11.200419 15.107219 -23.111687 20.838331 -17.552315 6.5984874 2.781909 -5.4318795 -19.978218 -8.605954 3.8787177 -2.2397554 -17.767843 11.736545 -8.506245 -2.250349 
-311.45688 129.51086 28.675102 16.47929 -0.080826126 2.681402 -8.035404 10.375798 -27.396904 7.362348 -8.231385 2.9447951 -5.3298616 1.2062045 -2.8740668 -2.1453757 -7.844853 10.083486 -13.001194 -3.1348963 
-274.30112 134.03033 -15.19455 25.070625 13.326519 -15.230436 -34.792522 16.718155 -19.05804 6.9364514 -1.2028 4.2003508 -12.087482 -6.0852666 -1.9714389 -7.146103 -7.4049945 13.437404 -12.001176 4.0519123 
-301.48325 127.43632 7.298206 37.339306 15.794469 -6.0441546 -25.615826 -3.6559699 -28.529732 8.743243 -2.797801 11.347509 -13.428097 9.632479 -1.272799 -10.224316 -10.261169 6.3743315 -16.583878 0.67474157 
-303.55615 131.98856 10.497578 31.250101 -0.9745835 1.9777055 -14.090438 -9.176295 -35.98002 12.012578 3.3542128 22.85322 -13.058979 3.4231975 -1.5914545 -3.7359445 -7.940067 -2.2454765 -22.033035 5.751545 
-346.06482 115.50844 24.491425 27.900352 23.0008 12.146389 -17.238554 10.668823 -16.15279 5.599241 -11.407662 4.1553164 -15.723058 8.231832 -2.3388312 2.4258387 -9.776283 5.443722 -10.949482 -4.1258397 
-335.60223 87.04923 27.221123 35.056286 15.488469 16.426483 -17.487867 20.60101 -8.09557 2.6418543 -7.043558 5.460214 -17.005915 10.581588 -5.943426 0.7257652 -9.559893 4.8755627 -10.572751 1.5774809 
-294.59094 83.05896 26.3507 53.993774 15.601223 5.950064 -16.293728 8.592361 -24.65485 -5.011631 -12.49039 4.300655 -23.767036 2.8019917 -4.215123 1.338834 -11.002967 5.983847 -12.266132 3.2782445 
-296.07797 101.31493 24.337065 18.41871 11.870192 3.0424068 -9.493137 18.788095 -16.327768 9.818425 -10.151868 8.7333145 -18.425581 4.9098988 -5.5468516 4.095317 -17.640945 6.134592 -13.195707 -0.45640266 
-341.07727 117.70574 21.671776 25.33744 7.14928 12.321834 -7.797915 9.45009 -12.646806 6.1681423 -15.569604 1.3748477 -10.486987 4.577959 -10.00749 2.572987 -11.308178 2.7068205 -13.929985 -0.91937107 
-327.3078 150.01717 12.903676 19.039314 -9.048566 3.024396 1.0473818 9.247501 -18.636398 10.960613 -7.635387 2.75138 -8.342511 -3.713439 -8.472113 0.2520131 -14.028056 3.8527036 -13.308756 2.6103795 
-355.84607 156.63591 27.385921 30.405355 0.569302 -4.5693607 -12.116728 7.6189075 -21.897911 3.9307604 -12.552301 3.4524252 -6.378557 -0.96077454 -5.0383205 2.035475 -4.9345126 3.2296133 -6.875551 -5.2684727 
-305.5017 162.52765 -12.791954 9.593506 -5.2970953 9.191323 -1.4792908 12.347454 -30.313332 2.3403792 6.353598 1.4643 -8.591483 -8.585488 -6.7942133 -3.9351683 -13.901783 13.105874 -13.746418 -2.9614813 
-340.202 155.19989 11.742063 19.570564 -4.3716908 2.6894565 -4.2862377 9.684022 -25.599297 6.8153095 -2.0176191 8.812458 -6.5523853 0.24182595 -8.952556 -4.3164234 -16.841995 7.3981605 -9.898106 -0.42408344 
-387.87708 132.90091 17.884918 35.567886 12.355065 11.818982 -4.545424 17.99771 -10.578826 4.816859 -14.1501465 3.05272 -11.242796 3.9653528 -11.876418 4.3106294 -13.239648 3.6435885 -8.382678 -0.26393208 
-387.8174 131.13054 23.587822 36.18902 13.280644 12.42448 -4.930476 15.270613 -10.879925 5.1970854 -15.409607 2.1861854 -4.356187 6.253808 -9.386546 5.1811333 -14.201234 4.986925 -7.862124 0.20670597 
-290.57657 71.92019 27.250065 52.23936 7.6680255 3.4755735 -20.08931 18.144087 -20.927988 -8.324867 -1.640289 5.95454 -17.248302 14.1487 -7.5151825 0.7578427 -5.503889 -0.1157873 -11.689696 3.1576803 
-315.1288 130.38974 3.5445864 61.692978 20.500431 -25.062277 -21.311531 13.36334 -29.310368 -11.038268 -3.5370204 4.910606 -9.061344 0.58319485 4.067154 -3.880516 -7.8431582 0.06543872 -12.024468 7.4902735 
-298.96576 97.12832 24.658604 51.91266 10.164576 -7.83267 -22.357529 17.725264 -21.907288 -9.097395 -4.4077663 -0.76683974 -13.295952 8.827305 -5.835771 -0.623902 -5.0502534 2.9908528 -12.6853485 5.853357 
-292.51437 133.21869 -4.5547323 43.80385 14.909409 -23.741812 -38.737614 12.364748 -16.308874 4.9945483 -1.030565 10.427406 -1.6551447 4.3258953 -5.9844255 -18.15348 -5.6500893 4.34312 -21.525091 4.987501 
-371.3015 136.81433 15.779851 37.64171 12.448577 2.3938618 -12.911379 14.817982 -13.155033 6.9352617 -9.055324 4.01086 -3.3681762 1.6614386 -6.819178 -0.3567189 -11.902499 3.469823 -13.623103 -0.80941135 
-394.74707 134.86963 21.22062 34.44973 12.452801 12.681579 -6.179479 9.604531 -11.814037 8.83652 -13.9381275 -2.0064588 -8.751133 -3.5026357 -12.283596 4.0607257 -10.869941 3.5440767 -9.543766 -3.2765439 
-390.84305 135.6015 19.621973 32.52125 14.008989 10.078215 -5.282201 10.07458 -10.640247 9.104139 -10.829532 0.119324416 -8.247901 3.4830132 -8.052735 4.8051753 -10.355612 2.3485785 -7.5328846 -4.1678824 
-355.51337 114.9985 35.271652 29.447147 18.854698 6.7347856 -11.438287 9.152769 -14.254261 2.8240385 -14.82804 -5.8295813 -12.238437 4.2201242 -9.393877 3.468706 -5.950553 1.6813238 -9.635396 -3.3109035 
-324.18143 144.64107 12.306479 22.461208 0.11525387 1.2676725 -7.277604 3.371527 -22.132423 6.958927 -5.7343616 0.9786446 -9.494942 0.3946489 -6.0047603 -6.2902546 -9.1714735 0.7031096 -11.249663 -0.7954042 
-289.80118 159.86069 -24.445118 10.952952 -4.1971836 10.096735 -12.145813 15.155509 -25.270689 5.834114 8.294728 -2.470206 -17.516325 -14.368208 1.3261694 -4.184694 -15.379054 18.006975 -15.033283 -6.2770643 
-322.91272 118.80648 26.158443 23.055077 7.1282525 5.5317287 -20.04842 3.92445 -23.568726 11.524194 1.9340482 2.7488327 -18.138193 5.328867 -6.046259 -0.9603416 -11.612446 6.443476 -13.094508 1.7959387 
-327.42224 112.681046 39.39168 24.000679 12.409361 9.3971615 -21.62617 4.9856596 -25.505165 7.2185516 -6.1051793 1.0143433 -16.196712 10.120198 -4.7766147 -0.10072157 -14.004702 2.992095 -10.09946 0.08508221 
-302.97623 113.0715 1.6216335 34.606144 23.752388 2.948045 -27.05357 11.388174 -31.934425 12.041522 -0.37516382 10.246637 -19.531452 13.009639 3.256712 -2.1861048 -15.875129 4.8524876 -14.130608 -2.4077716 
-332.08875 145.96614 14.508739 17.346727 -4.048966 2.746747 -14.867503 12.990439 -20.88578 4.8532615 0.1983753 12.092226 -10.148498 0.6292932 -3.861677 -7.514778 -16.858 4.9345455 -10.141367 0.64364326 
-343.09802 129.63837 7.3890066 29.445438 19.613703 3.0520391 -17.970083 17.416187 -20.661007 8.840618 -4.05294 10.125318 -18.458397 2.4949236 -2.1048493 3.391418 -14.252936 3.2758107 -10.543065 -7.3036227 
-337.62793 125.11088 16.770584 24.417536 8.164534 2.058926 -5.844427 19.63108 -25.301857 4.536197 -4.4945207 9.274605 -12.559114 3.157091 -6.582097 -2.093733 -9.732178 9.325596 -11.688368 -6.7728643 
-325.53455 116.86966 18.000076 47.44652 23.695757 -5.6695423 -15.25767 15.572455 -20.18203 -3.9181437 -9.881858 1.4576685 -12.693539 8.425852 -4.309519 -0.7485377 -8.210643 11.758117 -13.901019 -2.7587547 
-321.6942 112.22701 19.800362 25.956966 34.07585 -6.062905 -16.48585 7.225893 -19.549114 -6.411889 -8.745184 6.560138 -16.254387 4.662563 -4.2763977 1.4191458 -7.0833836 2.7046885 -11.457892 1.877285 
-318.23196 122.34006 6.5072637 15.510842 23.892162 7.804063 -18.06992 10.968368 -17.622427 3.9165077 -5.7023053 2.4186556 -21.925434 -2.9485085 -3.6411657 2.978542 -16.808086 5.325563 -9.026005 -7.104647 
-323.08398 131.23473 -0.47540092 20.84615 19.170145 17.577177 -13.477073 14.739777 -17.950504 6.199328 1.9037675 -1.1243426 -17.651104 1.3904505 -7.0618496 -3.6430914 -14.4351 0.93725085 -7.9762135 -4.7723813 
-324.23004 146.25426 -4.3151593 12.569843 7.644816 20.81417 -21.231802 21.464212 -21.282955 6.4885554 5.662179 -1.1193908 -14.835463 -1.7122607 0.5328478 7.216012 -17.817822 9.810349 -8.54128 0.83986753 
-378.9267 134.52362 12.0871105 30.667545 18.082668 14.086487 -5.5119915 13.999828 -8.454457 4.9266562 -14.124169 -1.6001738 -10.229571 0.64198244 -6.6940217 3.4412994 -10.9165125 -0.16807722 -10.289615 -7.8211637 
-341.50812 104.11026 20.976322 31.604584 17.81899 10.879674 -9.032549 11.362031 -15.109102 7.4783497 -14.348797 6.120409 -14.329249 1.5640177 -4.8472195 1.5101247 -12.586231 0.088178635 -9.548691 -5.399811 
-384.2318 125.911835 18.274117 35.17795 14.399421 12.366494 -6.1723905 14.768448 -8.449101 6.2389145 -12.410803 0.033153005 -9.509247 2.3633277 -9.16848 3.0838346 -14.182099 2.8291354 -9.633447 -3.244365 
-364.03088 117.64814 5.9826083 35.503403 22.758423 11.953299 -13.920265 11.560842 -10.570985 5.495315 -10.840864 7.929134 -14.048 4.565531 -12.754962 6.351215 -13.274406 1.2507621 -11.762348 -2.03063 
-363.48828 105.27353 34.23466 24.86825 17.188375 11.248074 -10.00661 20.050955 -15.435176 6.289217 -14.323885 8.13799 -11.493774 7.2914047 -8.057384 0.7904164 -12.221772 3.5558064 -6.5902114 -4.7841663 
-334.5494 132.41592 26.546225 22.295637 14.958613 -0.18745941 -15.011556 1.8118542 -23.229643 4.564554 -8.374572 1.1622769 -13.840317 -0.3192841 -7.755114 -8.050924 -6.2320466 5.843604 -7.5335507 -3.2702324 
-355.68774 152.19193 15.710785 19.98837 -2.6749163 -1.3081994 -5.454874 14.305213 -16.697596 3.7053413 -8.730444 6.738956 -6.747487 -1.5739837 -13.245773 -3.7531848 -13.644489 4.23707 -5.3039017 -2.6223333 
-326.64908 123.59916 20.015272 12.145867 -0.35190985 9.800967 -12.099143 22.513405 -15.675507 1.399178 0.19420157 8.429661 -18.313158 -3.4134555 -7.756846 0.79624045 -16.0568 6.7576947 -8.46546 -5.426177 
-336.97537 121.767365 31.116909 28.334982 7.2588315 10.063276 -20.649677 0.1409077 -29.33306 6.9956713 -7.608258 9.499764 -13.164531 9.702319 0.049429707 2.8933914 -12.67506 -0.9020372 -16.04588 -3.774934 
-340.48297 94.53 41.060425 31.452288 17.803436 13.318919 -21.564062 16.967054 -20.290504 4.2917423 -17.98505 1.3513633 -14.8690405 7.6958594 -7.801985 1.2565289 -8.048188 2.401084 -9.932728 -2.8884947 
-392.88934 135.98706 24.436983 34.860657 15.519056 14.831353 -7.073096 13.464227 -11.971727 6.577771 -11.791649 0.048689816 -10.907537 0.69483435 -12.004688 1.2943714 -11.261478 6.090243 -5.9685364 -2.4399977 
-392.91687 132.10632 20.04658 31.464424 13.500889 13.367539 -4.876099 16.024414 -5.5355616 7.1134133 -15.435832 1.3248757 -11.419692 -0.5769608 -8.888601 6.1239963 -11.264846 2.484733 -8.418274 -2.6608052 
-334.85388 162.00822 6.8812084 11.538128 -14.68535 7.0609727 7.6487527 14.278296 -21.03553 6.729074 -7.099535 5.8731337 -1.9964824 -5.0062733 -10.84019 -2.801389 -8.955594 7.548011 -12.726109 0.45770645 
-320.5659 147.3995 3.033864 14.042026 -1.2191029 10.648837 -3.1934211 19.727003 -16.337893 6.637219 -6.879469 -3.5955515 -9.377016 -3.3976948 -3.4331539 -8.409766 -16.22109 7.8195057 -8.220249 0.21491793 
-306.43747 152.125 2.4048855 13.574184 5.1351633 -2.1826618 -16.049482 10.4104805 -23.155556 12.066401 -0.70812684 0.53805935 -6.9319024 -2.563832 -1.2317752 -16.930866 -17.60342 6.024401 -6.5845633 -0.7570231 
-371.88934 145.33586 20.348852 26.806423 4.296885 4.296114 -8.961484 11.909559 -10.764103 5.677027 -12.684538 2.7590833 -1.0921488 1.9414266 -10.375725 -1.9268943 -16.654745 1.7406892 -5.875663 1.3942723 
-390.91556 131.17117 15.105506 34.283157 15.252496 10.068066 -7.040139 12.2938175 -9.887509 6.007685 -12.361533 -0.6906231 -10.491462 -0.97000206 -10.776608 2.5738525 -12.410322 1.2904944 -12.441631 -4.492178 
-381.53632 126.77853 21.03987 30.960257 13.855694 12.4527855 -1.4952801 14.077979 -8.195148 7.6003246 -13.798336 1.5543667 -8.630943 0.29433078 -9.872082 3.0255594 -12.79928 3.5594623 -6.169569 1.0197041 
-362.10696 122.700356 24.059633 32.36991 7.9310117 11.81242 -11.386839 4.9478273 -11.86785 3.0387878 -12.456796 0.5455282 -11.735744 1.6511407 -10.0956745 1.0069308 -10.071087 2.17853 -11.044727 -0.99354976 
-336.32095 116.04457 32.98049 34.838974 11.10621 14.204443 -20.25984 2.089257 -12.926047 -2.0326128 -6.677294 -5.457898 -8.601878 7.542751 -10.755728 -4.635954 -9.224244 0.39413315 -10.683483 -1.0977769 
-344.42166 138.9477 20.178282 40.043102 11.960441 2.1268375 -23.779432 -0.20477132 -19.690224 -1.0668702 -14.911133 -3.8179708 -7.437322 9.256458 -6.399609 -6.568139 0.047664326 2.5081074 -13.575407 0.6032058 
-366.0089 134.91302 23.136768 31.047207 11.504972 8.6504345 -10.993567 5.6745315 -15.269496 3.0641701 -13.990258 1.1479571 -4.73634 6.6072536 -7.1189356 -1.4165219 -9.767378 1.6246955 -9.680538 -7.7406864 
-380.31903 127.45145 18.22327 25.368853 9.594157 14.438581 -1.6441702 12.934495 -12.136033 6.637342 -12.463158 0.8145331 -7.2612762 0.8012995 -10.60703 3.6307068 -12.15642 2.805029 -9.129352 -2.0139117 
-371.25696 130.96608 19.081173 37.838165 10.51393 1.9303144 -8.890228 10.5121975 -18.626991 -1.7925344 -13.872999 5.4679565 -9.029114 -0.037321515 -5.811257 4.4127226 -11.867613 5.2249684 -11.602413 -0.44332156 
-306.30844 139.4013 2.6081858 28.393965 14.392964 -4.5502753 -20.506659 0.7923849 -25.131792 10.41746 -1.6196235 2.9127436 -10.612587 -1.2080752 0.49579722 -13.741209 -9.218309 4.528929 -10.199735 -5.4353786 
-286.96555 100.89986 8.381307 44.827057 14.433345 -6.795863 -17.511858 5.6140323 -22.320015 11.30688 -3.347281 5.8199224 -14.058104 2.6126318 -3.9229414 -4.9678493 -12.392641 13.42874 -17.05147 -0.62388253 
-276.55124 146.21318 -15.787493 24.5843 8.014881 -1.9374512 -14.903538 8.680696 -29.291142 12.876238 -0.28029647 4.396127 -14.702452 -13.057441 1.9422207 -8.745808 -8.691618 13.6539955 -17.940132 -0.5456164 
-315.01123 141.53299 10.6637 33.982876 19.08659 -6.393577 -29.001451 -4.1565 -26.634392 0.807857 0.60456467 12.401737 -5.1514683 6.0739202 4.4269667 -8.396575 -14.690952 3.8187723 -14.474758 -2.3894887 
-310.1722 113.02518 18.691277 42.170403 15.162282 -4.1586514 -28.836128 12.880477 -15.197157 -5.532223 -4.8812113 9.396895 -12.303696 4.7028832 -2.7234132 -4.181448 -3.5652094 1.9800279 -19.802412 -1.7419267 
-300.59558 95.65781 42.809727 23.88837 -1.7534653 5.9312215 -23.15747 9.880373 -12.453546 0.049485683 -2.2337205 11.149481 -7.838538 8.170639 -8.900068 -2.6435747 -12.808918 2.6947086 -10.863262 2.0322015 
-342.16696 142.86102 26.163383 25.43142 0.050023608 3.212617 -10.576542 4.3143725 -19.57165 4.0684423 -5.2937527 11.338519 -2.8922634 1.3562983 -7.0626664 0.41546643 -14.531779 1.5007191 -12.259969 -0.32226622 
-366.75586 141.73041 23.670544 27.990864 8.6107025 3.1827362 -10.984057 12.738965 -13.461124 5.151111 -10.237896 4.2370796 -10.2809925 2.2655377 -9.295814 -0.6870527 -13.891357 0.5638428 -11.554197 -3.5831556 
-345.3455 108.03854 26.921656 32.953526 7.143219 13.366435 -15.673857 11.732506 -8.963739 2.1734486 -9.643767 8.5300255 -15.914725 4.2083163 -11.609436 -5.2762065 -11.336112 -0.59790635 -11.8583555 -1.0215621 
-351.16617 145.7538 16.389872 24.517921 6.7451663 6.0758944 -11.993037 8.555604 -18.707693 4.239886 -6.1551332 6.309593 -6.5733175 2.1881304 -3.8915427 -4.714098 -12.262667 -0.2817316 -9.167941 -6.489139 
-328.47818 146.00345 1.5585352 22.872341 13.498165 -3.6828456 -24.370728 6.1369915 -20.033607 10.384144 3.333884 4.35175 -14.031931 -1.506394 -2.9740045 -5.5968723 -17.006805 12.067105 -8.284178 -6.3398347 
-347.6368 104.828735 29.459826 30.220371 15.06612 12.099619 -11.966969 16.087801 -13.7276 5.07118 -7.011007 5.1826363 -10.372646 7.208276 -7.8584933 0.64685553 -14.132124 -0.7092564 -15.087747 -4.5073833 
-340.1034 89.509384 44.880142 26.405003 15.102642 13.3578615 -14.308372 14.383922 -10.803747 5.3276534 -10.288393 5.1471066 -13.968945 4.4399815 -4.305514 5.58561 -8.345578 -3.5924716 -10.780564 0.36890036 
-376.59244 118.58273 30.308388 29.595327 11.709995 11.806522 -8.741231 15.360394 -10.567118 6.000446 -12.899464 -0.97578865 -15.659517 -1.752677 -13.845239 1.6105897 -9.239178 1.6168115 -9.902909 -4.420877 
-371.02493 136.08351 15.293084 31.089308 15.22769 9.817512 -11.887826 10.81134 -10.627043 8.056052 -6.0225043 3.0044956 -11.577576 0.26332796 -5.0405645 -0.4866342 -13.457304 3.8244367 -12.205334 -2.5497239 
-388.6123 131.71593 24.736977 33.777122 12.97835 11.986685 -1.4329753 15.484268 -9.590037 10.629681 -13.194779 -0.9802174 -11.054038 -2.3367045 -10.0366955 3.1401837 -14.524987 0.53662896 -6.77255 -6.5853996 
-383.1964 126.585205 25.812119 30.678175 13.288286 12.416171 -1.7500855 14.723143 -12.750866 5.429346 -9.91537 3.6606343 -10.135868 -0.63604236 -11.502834 3.4076247 -14.681213 2.7663987 -9.29055 -0.42398828 
-387.53137 126.181435 23.262032 31.589918 14.744518 11.100109 -3.418831 13.868032 -12.849888 7.965164 -13.550522 1.7436448 -6.5516844 4.2682576 -11.67378 5.2297554 -15.583245 2.2445557 -7.061602 0.79968494 
-391.81155 132.68498 22.527473 35.851948 18.867817 11.106788 -4.964169 10.90469 -10.001247 6.420872 -11.617937 1.1664147 -7.0299387 1.8527635 -10.99921 1.7037495 -14.316423 4.156947 -9.201239 -2.8453693 
-381.99463 120.40244 27.63471 28.296183 10.444064 6.6762996 -2.7359962 7.3798575 -4.3330765 4.901531 -15.594958 -2.483967 -9.606306 -2.7540524 -8.101934 0.94385546 -9.030934 2.7809703 -5.356873 -0.35656342 
