-470.2233 144.39046 10.284676 34.998077 3.5928628 26.073748 -10.157436 6.6133246 -14.761791 13.758018 -12.412776 5.5054765 -6.0473666 -2.0397096 -7.6184387 10.8783 -17.40894 6.2328362 -4.662012 -2.307205 
-305.44287 146.45418 13.50107 46.204975 -13.835129 -23.930132 -7.5653186 -3.602495 -25.593199 9.877695 -14.100004 3.2906194 20.193056 -9.419653 -2.0015016 12.536582 -30.224762 -1.3320355 5.661839 -11.288277 
-336.736 158.73099 34.301086 64.16532 0.04844623 -30.061436 -9.096401 -4.9850492 -35.10385 16.473173 -4.480253 -6.3270364 5.610626 -5.817759 -5.602568 2.6533267 -12.289896 -4.745943 4.052646 -4.2021756 
-268.35605 71.535126 32.11877 46.418083 -0.19994122 12.067239 -18.716883 2.0170412 -26.294264 14.330946 -25.79617 4.40335 2.8361332 -6.337498 -11.842974 18.928486 -17.221432 1.3886157 -1.1145656 -9.105502 
-269.51062 141.18066 5.0697346 35.38951 21.396309 -2.5220058 -30.027082 -20.936272 -27.876854 15.229634 -13.680088 11.680788 7.8846807 -13.225967 1.1059456 16.026588 -19.321716 1.7053254 2.5305204 -15.793625 
-296.83597 147.95076 22.294455 23.522287 -17.49313 -15.533812 -11.875039 7.495161 -19.360985 6.591165 -10.6155 3.0705175 6.050803 -8.391247 -11.058938 15.64658 -26.291975 2.7146232 8.580611 -8.985543 
-263.81854 174.10626 -23.591887 22.6741 8.076889 -8.006232 -19.103167 -7.278959 -27.555918 15.683559 -15.970681 8.304054 16.239185 -17.538767 -9.338855 21.826982 -22.965477 1.5192523 4.2399855 -4.215793 
-350.37524 117.15271 32.9103 28.628239 5.7867527 16.863512 -30.437914 -9.229588 -9.34895 15.490972 -11.956731 13.821049 -7.960836 -4.978051 -9.186637 20.445135 -25.257744 7.7016764 -3.1208954 -1.2963995 
-344.35977 120.766495 29.379381 44.416924 18.115456 19.23682 -27.52745 -2.9558935 -6.1848245 7.415823 -16.14083 11.250238 -9.417477 -4.3374686 1.3107986 13.658513 -15.266829 4.4875317 -3.2486823 -8.511297 
-264.0194 171.67697 -35.098755 10.508718 16.644743 4.4865856 -39.891846 -10.0885 -9.958629 21.02913 3.444447 14.143831 1.6012704 -18.819292 -16.861656 10.893362 -15.680592 9.516369 -5.501357 0.030314803 
-337.21768 104.68704 16.887878 33.325745 0.38095126 11.023367 -15.066051 6.946648 -8.764491 22.020582 -10.7181 4.28728 -0.08285819 -5.8994646 -16.784426 14.267912 -18.811987 2.2080417 0.3691552 -3.4157472 
-317.49713 123.755035 10.148049 54.863388 27.950062 0.5205377 -31.954542 -10.8162775 -25.559181 12.256969 -21.553125 0.90232635 5.4452915 -7.394625 -6.1562715 21.4446 -18.078186 4.9510083 1.4143289 -5.9525585 
-291.00455 163.22635 -0.53534836 27.2854 7.6542425 -7.981285 -16.907701 -12.204833 -30.025282 4.8732786 -6.500602 6.435488 13.960209 -18.444916 -5.667676 26.657183 -31.001913 8.979176 3.1246266 -8.177753 
-396.2697 120.32811 24.33353 52.038174 36.534782 9.940604 -13.672 6.8320727 -10.215565 15.744352 -28.379417 -8.042317 -2.7131464 -0.73398906 -15.127701 5.667671 -16.815563 0.72562695 -2.3930216 -11.020568 
-249.73138 162.11436 -37.93638 25.53472 9.414102 -8.997877 -29.576965 -12.673181 -22.545794 23.844614 -10.162706 13.902937 8.989698 -22.597652 -3.5296712 19.106192 -19.9144 8.896763 -7.7083936 -3.7666788 
-273.26227 57.8518 25.341867 55.267765 -6.278036 10.706886 -14.327894 -8.174432 -28.4244 10.820759 -19.55687 10.939655 -0.8097597 -17.725945 -4.3253803 19.852728 -18.283934 10.565187 -1.3265716 -6.945414 
-412.03156 143.38878 14.993358 34.932796 17.651781 8.119901 -13.3925085 -2.4382646 -19.768164 -1.699439 -12.43275 4.4383554 0.9590058 -1.6620184 -0.5151314 11.990219 -7.1454487 3.2684946 -4.1954594 -3.2253518 
-459.73352 130.9585 13.326673 35.14054 5.5575037 24.78026 -11.382793 7.862348 -10.397201 11.336102 -12.647868 3.1775668 -8.613758 -3.173967 -5.559536 11.189484 -17.09026 7.4790006 -7.376508 -3.2441258 
-296.0293 167.82202 -21.084717 32.895214 36.21072 -3.8875067 -31.595333 -15.549293 -29.47638 12.378246 -4.342529 4.3365417 -1.4249249 -22.287146 -8.11407 20.924332 -19.093794 6.202486 -2.938716 -9.8288145 
-264.76694 124.99649 12.808904 15.757182 11.260917 -0.33475646 -13.708595 -14.486668 -19.692474 14.385679 -13.032971 16.32176 1.549478 -14.303041 -12.09071 17.481186 -21.397125 6.7963686 -0.1479991 -2.6084251 
-244.24274 132.0785 13.538302 5.974184 10.902106 14.654901 -34.027264 -16.752378 -17.37315 11.625425 -7.1826053 12.2844515 -1.3236387 -18.351458 -3.838168 19.198542 -21.8123 5.256394 -5.495326 -7.0174026 
-269.35822 131.75684 -1.4456261 40.95308 1.4670186 -5.2760596 -7.4802213 -13.972989 -38.455215 -1.8691347 -14.737658 1.2828066 21.392277 -22.085812 -4.962683 24.842825 -16.979462 10.330359 2.9722013 -11.47725 
-249.055 120.79617 -12.969984 44.215015 24.9039 6.4354753 -31.587196 -21.41318 -36.290398 12.644862 -10.926395 2.5768652 7.0586643 -23.434874 4.098306 31.225246 -24.619242 3.630202 0.1488672 -14.927748 
-400.39758 115.70928 42.34168 30.367977 26.267769 18.226362 -22.01209 15.50465 -9.972205 8.309442 -14.730711 1.2417859 -4.9143634 -8.346181 -3.9701877 13.902095 -21.742208 -1.5149648 -8.415491 -6.530016 
-333.38812 69.33674 70.9468 25.020695 13.826186 30.047268 -25.201498 -0.38944086 -22.530844 3.635236 -26.410748 5.8261924 5.4696894 -14.644292 -13.333212 26.550747 -22.962132 4.9891367 -5.883276 -8.213777 
-287.37604 143.50922 12.311724 30.100782 -5.865227 -5.9868283 -26.967083 -6.1277776 -15.589305 18.593006 -19.136665 11.469657 11.230097 -4.952918 -12.929615 13.9468565 -21.57195 -4.6883554 -0.8607345 -6.783474 
-324.56802 55.6205 35.274837 83.30381 5.284273 8.14185 -14.885273 3.50632 -12.521577 15.097111 -33.384506 0.42246854 -0.2891353 -4.4179096 -12.892627 9.747118 -21.390038 10.23399 -7.071311 -10.356504 
-362.99304 104.41814 35.97205 57.428074 21.351868 29.796593 -23.118917 -8.071252 -11.72229 10.740353 -24.832512 6.3488617 -13.645878 -7.440612 -0.07149478 12.271677 -26.844505 12.560313 4.5088897 -8.109679 
-384.39435 114.56147 29.2982 44.95367 24.445625 24.068193 -15.349053 -7.2055206 -7.903755 6.681898 -18.216305 6.45276 -8.328685 -9.517745 -2.651316 14.736341 -14.373476 -2.1786957 -2.9838881 0.3702539 
-314.8314 163.214 -18.358433 39.89418 42.045944 -11.046901 -27.574581 -12.3945265 -26.706367 12.4868355 -16.564173 5.4582953 13.101509 -8.2621565 -7.493475 23.318733 -18.577003 1.1379403 -0.44187176 -6.912858 
-425.53198 158.06761 39.59753 37.961914 7.8659363 12.805531 -14.403164 5.3661675 -14.679088 -1.4637023 -11.932266 4.9073353 1.0410256 -1.1992046 -5.0066166 14.4614525 -11.971769 3.3625684 -3.2485719 -6.5476704 
-317.33456 156.56345 -14.656067 28.911669 18.84098 0.83436227 -46.738216 -7.6597986 -8.61389 21.3415 -5.457673 7.923328 -5.937895 -12.236515 1.2667595 13.179184 -25.901028 10.943447 -8.407956 0.22889131 
-299.75464 179.74077 -19.550234 6.1807175 -0.6543691 -0.39411724 -32.17778 -0.8185951 -12.820851 12.302839 -1.7932508 17.890453 -0.23257351 -17.52198 -7.0409436 9.527193 -19.319506 6.67797 -8.318304 -1.4585286 
-413.71484 178.75934 31.928802 24.889547 5.0139084 0.43686172 -31.864567 -7.689102 -10.62431 2.3773377 -4.774386 11.138538 3.08588 -1.7078501 -7.5527744 7.0167737 -11.375058 -0.94053596 -7.6925855 0.17457515 
-379.84265 60.637836 54.240547 54.829796 -12.695668 21.991638 -5.0290027 1.014743 -10.4934 19.365864 -27.310774 16.232323 -3.6445134 -4.0041046 -2.7872934 15.888387 -19.286617 9.901064 -10.986169 -3.048009 
-374.3155 114.59975 23.953878 48.876072 14.209862 9.86681 -16.756859 -3.358258 -10.7107525 12.144151 -18.057762 3.0765314 -4.500299 -5.914171 -5.9058285 9.124875 -15.301558 1.2260728 -1.7829225 -5.179069 
-281.30472 68.47466 29.32802 48.654427 4.3108063 20.293013 -23.310265 -14.002018 -13.041096 21.479197 -22.374998 9.490236 -8.563047 -3.8291795 -0.71144444 14.157087 -30.313368 6.6959996 -1.563129 -3.484308 
-305.01926 132.00717 -16.236124 62.945602 46.811035 2.8252275 -16.615747 -22.342415 -28.31702 14.307622 -21.201262 -11.534509 0.8350408 -13.817718 -3.1434321 26.044672 -41.67263 12.322764 13.561581 -5.5763793 
-413.92358 131.68024 29.287682 45.225777 18.768627 13.365747 -8.448063 1.5297035 -12.134733 8.325182 -14.925622 -3.218619 -6.7605 0.29683346 -3.2095385 10.843397 -15.5338335 1.0422783 2.474476 -0.87705165 
-420.1073 106.16108 10.537796 46.425095 9.004132 21.370134 -15.567669 4.284673 -11.890888 20.464016 -20.117191 1.1231704 -4.9050446 -4.08846 2.0648148 11.356345 -21.81936 3.614091 -4.890122 -5.6372967 
-462.3485 141.01678 16.034159 35.48608 8.471261 20.788746 -14.591158 10.138628 -8.522587 11.681764 -8.954663 1.7799658 -8.540474 -4.670529 -7.4986506 4.4535832 -15.992087 1.3405086 -2.9527044 -2.4747336 
-289.8124 178.76324 -18.00718 29.872026 -12.756298 -21.502075 -12.552578 -2.7877436 -22.59937 11.904726 -4.2968135 21.69132 16.160604 -24.189928 -3.4864154 7.292628 -34.907795 8.791428 -0.8138695 -6.313326 
-323.28992 117.3382 35.130875 22.248997 16.769463 20.491774 -28.599335 -18.337198 -23.721264 9.90891 -11.639187 11.472839 3.2347593 -17.871662 -10.395232 26.444942 -25.414202 4.6406426 -6.4100437 -2.714374 
-250.34929 85.654755 32.986595 40.532948 1.4631635 18.067478 -28.010443 -24.036663 -28.360104 12.676722 -27.447128 9.754684 5.1839066 -18.522718 -10.606457 33.625404 -22.802065 4.399228 1.974027 -6.4522815 
-276.005 147.97641 12.2392 23.236868 -4.545856 -1.662996 -21.14939 -7.1993766 -23.771982 -2.1177166 -9.716025 9.179986 8.566037 -15.225469 -11.216894 16.467514 -20.82911 6.251819 7.1571174 -8.79212 
-351.71268 169.33818 11.321751 24.606604 14.936683 1.74613 -19.07661 -10.707647 -17.446304 11.511759 0.54604334 21.12286 -6.85599 -11.2375555 -3.7172704 7.3176117 -19.980007 -5.468325 -5.327856 -7.582185 
-316.84766 84.27255 31.29365 50.089165 7.1945977 15.050181 -13.121625 -16.711048 -22.357649 15.72415 -21.265036 8.235249 -8.566669 -16.749767 -2.0913916 22.599432 -21.468079 -0.12580766 1.3286048 0.10992983 
-358.39835 116.57948 35.452938 46.7034 23.830196 11.377487 -4.1814284 -15.417633 -24.4181 14.266639 -23.501183 -0.15260972 -5.87275 -17.996687 -0.2416768 24.06307 -25.163681 -1.3499961 4.3958316 -2.085773 
-302.77533 126.54972 16.025536 30.921684 9.981674 14.772839 -29.160536 -21.850422 -14.371449 6.2057624 -10.447503 18.961725 -4.658471 -16.322395 -0.30946064 20.946968 -27.152779 4.3823433 -5.045765 -2.3933556 
-318.0727 129.70348 5.137196 28.187723 20.310337 -0.5024147 -27.619846 -12.333071 -16.955183 11.141083 -1.2133532 3.4890754 -6.929453 -12.03646 0.055748515 14.0491 -15.336297 5.163937 -1.0834936 -4.322993 
-281.94635 140.7454 4.4682837 36.32794 26.698967 -9.420528 -22.957842 -12.075421 -28.156313 6.7920475 -15.134535 -10.166018 4.2172174 -4.582877 -9.441581 17.258902 -15.707864 -3.6526692 2.9845443 -7.5114117 
-397.77826 156.1085 28.169939 35.770874 -5.5075736 -9.609341 -13.202248 2.108879 -14.053369 8.962518 -7.6748548 -0.638449 3.24857 1.4467986 -2.468295 11.114535 -8.543686 0.4078925 -2.4050047 -6.607132 
-335.25638 151.84142 40.41099 32.96931 -13.090869 -27.615503 -29.66568 -4.286568 -18.451372 15.3854065 -6.957976 3.5228238 7.242697 -7.879179 -9.126931 17.84169 -20.501068 -1.1116984 2.903378 -13.3758 
-384.46936 157.38092 16.71185 63.09356 26.882988 -18.74245 -15.007333 -1.0295902 -22.795204 13.300343 -17.552237 3.8086405 3.2064881 -9.181803 -9.696002 4.4607325 -8.571769 -1.6375188 -3.7560797 -9.475841 
-381.50922 88.85491 35.190586 67.38376 11.667304 11.502712 -11.127454 10.010517 -10.190863 1.774403 -27.56685 2.0813043 -6.100157 -2.706798 -10.695255 9.371894 -16.23659 10.112863 -6.768133 -4.594932 
-345.63336 96.90788 19.482958 46.42775 15.172252 11.13355 -23.543585 -2.364237 3.575467 18.731676 -23.309517 6.1305733 -5.337097 -10.320356 -7.994546 15.640303 -20.345299 8.790394 -2.7796497 -2.1213386 
-375.55493 120.3776 30.137564 31.21385 6.864545 20.784819 -29.661533 6.119558 -7.876214 16.324257 -10.999885 11.380198 -11.153272 -4.301867 -2.992114 8.183507 -21.943691 0.0064632627 -7.662395 -3.052724 
-325.93744 172.0252 -3.9658568 15.197547 6.713827 7.243636 -42.908672 -3.8886125 -11.539792 18.500813 -0.8987744 16.21278 -5.7745633 -18.486515 -5.259008 11.465855 -20.84573 3.4703045 -9.578398 -5.909855 
-400.60495 140.20966 12.176678 37.25831 8.636378 5.0425572 -20.009825 -7.733502 -27.380976 5.8486123 -5.564353 4.3399615 1.6073831 -16.346874 -2.6724417 24.918016 -19.674631 0.9604815 -3.2012417 -11.8733835 
-425.59763 120.09372 -1.6283529 50.059517 15.119587 22.723309 -14.790516 3.9906416 -8.723988 12.832457 -19.873428 1.623877 -0.48614672 -5.5282993 4.7179656 9.976798 -24.314342 5.711119 -7.8496094 -5.5773826 
-376.73276 156.344 -1.6501058 25.087095 16.15371 8.340595 -20.253618 -2.8368902 -10.333786 16.953997 -5.0571747 8.582417 -8.363216 -12.310357 -7.2967944 10.76561 -19.631008 8.711185 -2.848157 -6.9512277 
-250.23358 138.25781 -14.646088 38.120266 34.269924 -11.77555 -34.58284 -20.335892 -21.783365 16.333181 -21.657745 2.9566019 10.862693 -11.737384 -12.264928 18.368086 -18.188292 -1.7499567 -4.1615276 -3.9854562 
-197.4764 101.12229 25.5535 14.621877 -4.272347 2.8309739 -29.642887 -9.2378845 -35.264496 -2.97146 -9.973319 11.300617 4.94932 -22.994322 -6.2243557 20.610113 -30.7517 10.784877 -3.4493952 -13.663622 
-281.6634 137.17856 10.557918 40.702282 6.337309 -5.6287193 -21.267916 -11.308898 -34.466816 -1.4756385 -9.355312 -5.957934 17.490356 -25.677776 -3.5478506 26.333118 -20.274601 2.3554544 4.4885783 -13.331798 
-311.0466 102.81254 29.723646 68.08708 33.466557 -5.213468 -28.212711 0.6635904 -24.920523 13.0515585 -24.680346 0.37768543 -0.24791187 -11.821934 -12.314957 18.10459 -20.788603 -3.921826 -3.7825077 -9.198591 
-312.84634 57.152657 40.38422 46.762413 21.833294 27.798124 -29.421247 -2.7569425 -14.934156 12.902355 -21.649675 1.9809897 -10.120014 -6.932206 -7.140081 15.906453 -23.275831 8.972659 0.26885918 -6.19493 
-295.7183 142.70789 3.384223 32.90551 13.036472 -6.226853 -24.884531 -1.2437114 -19.56941 16.713867 -15.691764 2.1754649 1.3746959 -11.450124 -8.962186 12.233953 -19.982437 8.380157 -0.90082675 -8.419281 
-364.2498 159.92079 18.855404 24.250835 16.383184 1.2311096 -15.418126 -1.1133138 -27.060133 2.3936543 -10.463469 12.87446 2.571544 -5.1610203 -3.7146094 14.053043 -12.614909 -5.104556 -1.9095476 -2.1471846 
-385.05783 84.26095 65.05432 36.35737 10.033179 33.563343 -19.7326 4.728765 -13.178389 7.9383936 -17.736511 8.669613 -16.420782 2.3727086 -9.241367 19.466032 -22.70203 5.217403 -5.644813 -1.3761755 
-332.4309 153.31921 19.703299 17.506065 12.505561 9.275796 -24.29671 -5.945371 -24.1101 11.675776 -4.378298 19.314411 -8.587289 -8.740149 -11.831461 11.541475 -13.681646 2.2232234 1.1285356 -3.2100859 
-307.38486 153.92854 1.2141634 33.914234 15.091183 5.1684628 -22.109419 -14.090679 -22.651764 16.858116 -16.960657 12.583013 2.0456593 -15.767507 -12.327944 21.07331 -21.407938 0.79196817 1.2415929 -0.91649586 
-388.3336 127.48486 23.017773 38.09628 29.187662 13.813202 -17.811682 9.4253025 -24.75364 17.324846 -23.817924 -4.305836 -1.9629896 -6.063199 -10.293361 10.972566 -19.057133 -1.256414 3.7911716 -4.865176 
-344.50497 158.22115 28.137333 47.411526 10.151877 -15.261385 -16.901941 -6.088571 -26.245253 5.1379023 -28.985435 -5.6869144 6.186178 -12.428585 -9.026132 13.502401 -2.3953652 -2.727429 3.7855215 1.6741033 
-387.37253 103.20476 30.886963 50.426594 17.441195 21.183895 -5.48739 1.8652246 -2.5160494 10.241444 -22.150478 -2.4049528 -7.6326447 0.70269704 -6.276807 0.9038546 -7.920286 6.200707 -8.617 -3.7621384 
-320.02448 181.4021 -6.29744 20.557123 11.438924 -5.3416653 -28.96487 -1.2085283 -7.614114 7.1191845 -4.771916 9.810307 0.8172435 -16.309462 -9.712319 2.4624214 -14.772945 0.42196336 -2.0582812 -6.763502 
-427.21124 161.66164 7.348684 22.463326 1.7000363 3.9688458 -7.6964645 13.679845 -1.5289326 12.054614 -9.098364 3.2474113 -7.508644 -1.0525215 -9.736055 -4.361249 -17.256283 -1.7815988 -1.3932122 -2.2809265 
-440.14902 121.52874 12.284871 35.761066 12.507409 24.445091 -15.811371 9.257546 -4.154061 14.586149 -16.26014 -0.7178366 -10.823326 -0.3407585 -2.9367003 6.711964 -14.455758 4.6482644 -8.14962 -6.186638 
-406.12384 151.32385 5.9933414 22.875175 14.678214 14.003757 -14.507032 5.3670635 -3.784537 14.532942 -5.386327 7.4458 -8.2305155 -9.381773 -6.691131 0.25002745 -13.019997 4.027521 -7.2166834 -7.5242615 
-222.92499 160.09003 -6.940435 6.9522696 -0.92249066 -3.162536 -28.522919 -17.414001 -22.382559 -3.9492574 -4.0618505 19.278965 1.5596218 -24.06239 -5.598619 12.403568 -27.267694 19.275305 -4.986391 -11.364269 
-269.3346 138.87735 16.207989 13.645264 1.8103137 0.8472527 -19.22672 -8.067145 -30.452843 0.25372627 -10.601363 8.521387 11.595433 -20.863045 -4.496168 7.9613323 -20.991539 6.923101 1.5165951 -9.364483 
-213.14917 134.29118 -11.408891 31.517185 10.574155 -13.65767 -20.527763 -8.462416 -52.091457 8.176431 0.87398064 5.109602 18.310482 -20.806322 -9.682799 23.1205 -25.101887 2.874289 4.8418026 -28.654907 
-324.40582 156.51059 43.09361 45.45054 -3.5809784 -19.592163 -15.002418 -5.036585 -31.498983 10.86513 -10.4296 -0.72096455 7.175595 -1.9061173 -8.929665 9.219135 -11.645613 2.534338 2.9279077 -9.365961 
-360.42795 153.77985 26.823011 35.73911 26.061684 6.3692427 -17.21048 -12.100627 -22.343853 13.014843 -10.633071 10.715912 -1.3289833 -11.397353 -4.407775 11.532714 -17.350578 -7.494546 0.3891412 -9.521545 
-471.1268 147.05084 39.541245 36.29574 22.441463 18.292595 -9.8897915 14.8671 -7.145446 -0.5130817 -6.7073483 -4.059973 -7.6354575 -2.2402735 -4.726749 2.9532435 -12.810648 -7.7409124 -7.21857 -6.609514 
-372.91183 68.64165 42.243847 65.530174 12.370548 5.360339 4.5021715 6.193674 -20.978914 22.758114 -31.583988 -0.06021468 6.420879 -8.070558 -18.38846 17.674208 -15.612498 -1.2502229 -5.361801 -2.2170782 
-286.82086 139.14398 30.94047 45.354626 -8.364218 -29.950418 -19.036137 0.93005115 -40.831955 14.199635 -15.936471 -1.7950395 15.11439 -10.0998955 -11.425674 21.918669 -19.525154 1.9625047 8.28059 -10.383533 
-372.94177 154.37457 49.50694 47.973618 4.4875965 -18.869095 -13.005369 -9.7908745 -31.486166 4.1043653 -9.499279 -8.253047 3.8743083 -1.803154 -10.616021 5.074104 -10.627951 0.08493141 3.734727 0.014249523 
-319.89783 131.57191 20.497694 27.807682 19.507683 -6.491855 -19.558868 -4.8006887 -27.121883 7.5986423 -15.767656 -4.0988903 7.346245 -3.1855378 -14.294727 18.81054 -9.392895 -5.261305 1.3429401 -3.0694098 
-345.91885 167.55594 25.867184 46.17396 9.673449 -32.241356 -22.37558 -11.784614 -25.388786 5.198468 -7.5936685 -5.270018 8.48482 -5.989154 -2.7654252 19.758358 -9.0685215 -3.307891 4.724468 -8.676213 
-408.96484 170.20938 34.12977 38.641212 -15.921417 -26.911287 -17.469326 -13.162177 -11.960665 10.875873 -4.814019 5.858387 5.181944 -5.882653 0.25130096 13.435063 -16.019598 1.6156646 -0.27003968 -9.71254 
-370.0487 172.76822 18.612429 37.48289 -16.99257 -27.4786 -4.8096814 -6.011447 -19.12311 6.231444 -14.802403 15.667391 18.488129 -4.4804235 2.8067846 12.985147 -35.010735 -2.484955 3.4956853 -8.893635 
-383.66995 154.55856 24.60018 22.902802 -13.9277525 -4.74821 -12.601697 -0.009797388 -12.544091 11.454889 -8.425554 18.754368 3.5475028 -10.675949 -9.605217 6.3808246 -20.478111 3.7214415 3.8901122 -5.8118415 
-466.95422 145.20148 23.555712 31.157671 5.6500063 18.28434 -10.504543 6.425449 -10.352288 9.034866 -8.298656 3.6345792 -5.2856464 0.1481531 -2.5806117 7.5342984 -12.630642 0.72697663 -4.781987 -2.347987 
-449.47525 150.90489 24.253326 29.888496 3.7380648 3.326118 -16.61601 3.8831275 -3.6837971 7.845648 -3.1996412 -2.2869174 0.59273803 -4.2941422 -5.1331034 5.415454 -9.786318 -3.3098123 -2.4203537 -1.3777815 
-204.23808 140.42911 -21.028305 -5.325958 -17.340965 -9.945293 -14.559551 7.380544 -3.9887075 5.8497562 -16.212305 26.76136 -4.3128967 -22.039316 -7.419558 3.6979926 -23.454414 17.0437 -6.8405323 -0.3919987 
-333.86398 163.93591 -6.296398 0.12087112 2.6836345 16.991373 -18.481106 4.860655 -1.9703565 4.6402397 -7.0609927 24.43564 -10.819647 -16.432014 -10.440626 6.620693 -15.529672 4.142865 -5.4219685 -5.958144 
-331.61172 164.68044 13.659078 35.551697 16.479586 -4.612927 -22.358587 -17.84597 -30.155226 -7.173412 -8.300761 12.56629 6.729312 -21.668602 -0.30645433 16.39881 -8.091016 7.12888 -9.241969 -7.3183494 
-336.62537 141.18149 -4.4267406 48.6973 42.87102 -16.397413 -41.809093 -11.566758 -10.4171915 5.1256795 -25.384275 3.0043452 3.411972 -4.31238 -4.842685 14.888857 -13.577137 10.388859 -3.2201738 -3.4861557 
-368.70587 91.95111 19.836433 63.36008 30.061577 5.8219604 -24.809492 16.030098 -15.53881 12.600959 -32.75934 0.49319845 -3.6918564 -3.9429007 -13.196389 15.410091 -12.812162 6.1070733 0.11964634 -6.2978296 
-413.04886 155.32697 16.540628 47.65307 59.991497 7.0817895 -25.89547 12.10541 -2.7565315 1.5782757 -32.31816 -11.100256 -1.2167015 -6.49972 -19.765362 4.48419 -2.7744398 -5.48348 -3.9976027 0.25141075 
-462.47083 159.16023 26.347672 35.936028 26.62239 15.046585 -10.422932 11.763043 -6.932689 2.9080977 -14.513456 -2.900504 -6.547122 -1.7190493 -7.8281207 4.3970823 -8.380737 2.7292757 -4.0968018 -0.5815705 
-476.98026 145.62756 23.424812 39.637604 10.678133 17.998318 -16.40678 9.010276 -9.400265 12.225348 -12.442245 -1.8820523 -2.6042852 -2.2639785 -7.898963 5.626722 -10.977528 6.037068 -1.8906231 -8.066082 
-368.9352 95.05027 26.194378 25.839012 4.925644 20.062632 -20.70039 11.888746 -7.470286 19.548035 -11.939392 8.35387 -10.584541 -6.638513 -2.953301 8.359355 -18.237898 5.965374 -3.538188 -9.215318 
-356.91394 132.71796 26.366865 30.23703 6.077233 14.77663 -30.247368 2.1472385 -7.413904 11.859995 -11.581229 9.043762 -11.071005 -5.773202 2.1054292 7.5357685 -26.036896 5.8399787 -1.2602506 -3.835857 
-332.79953 158.16437 -0.5337929 27.489178 13.615899 6.818885 -43.328335 -3.9189806 -7.656902 10.486969 -4.7775364 12.327007 -2.564742 -10.086765 -9.115834 10.695113 -11.426107 9.90854 -4.838682 -5.6648645 
-354.3817 182.3706 10.629914 8.458272 -1.7319613 -1.3391879 -28.84055 7.212121 -7.1665072 10.294705 -0.5182154 17.42318 -4.8585424 -12.749296 -13.87989 1.9735246 -10.844372 -0.016290506 -3.466379 -4.2206154 
-388.57724 150.51277 27.280098 37.438004 20.320194 -1.8893269 -19.279072 8.098774 -6.8004827 6.1578507 -17.615246 9.309102 -0.45961243 -9.595208 -5.6067843 9.013687 -10.323566 -1.244523 -0.06974581 -3.889128 
-328.62823 94.82145 32.820087 36.43814 26.061121 5.558773 -25.618492 3.8271365 -18.810587 4.963218 -19.445456 -6.1913047 -3.1484385 -9.989812 -8.764348 16.733784 -14.823338 -0.6434226 -1.4965371 -7.5363193 
-291.5195 93.80145 13.423421 66.99686 25.535124 6.0066853 -21.985603 5.327286 -23.507713 14.506531 -23.042162 -2.961766 -1.7326663 -4.7670107 -12.453898 10.619577 -13.408835 -0.8520324 0.07365073 -7.923585 
-330.94028 119.03669 16.88531 53.591465 38.377792 10.5425415 -31.954014 -2.8505812 -28.942251 12.609078 -16.332857 -8.497331 -2.5728178 -5.186855 -7.562861 16.64086 -17.85112 -2.7183728 7.398107 -0.44565412 
-310.94257 146.42566 12.273421 30.323874 19.605276 1.0498443 -22.824265 -18.959808 -35.902718 2.0695043 -6.685297 16.997753 4.0304265 -14.606681 -10.000311 24.40813 -14.007151 -2.0825973 -0.44731897 -7.2458363 
-436.46204 132.63657 4.3149433 40.304028 10.099742 19.729836 -13.179236 4.412498 -12.101044 12.332348 -15.392731 0.87713367 -2.2839377 -1.1815217 -5.262329 12.975685 -18.624699 2.0442922 -2.5568871 -6.050338 
-429.75433 108.57472 17.971577 46.37936 4.619648 21.589218 -13.725782 6.365655 -7.996364 18.340816 -15.87056 2.2409616 -4.534047 -4.267 -1.6420916 7.23646 -18.836708 7.2862616 -2.0999103 -9.5932 
-283.0568 165.36038 -19.04944 8.560093 0.50068694 -1.1494464 -31.35019 1.6022413 -11.502947 15.760662 -5.2966785 17.768612 -3.6103423 -17.676847 -10.5941 12.54415 -23.035702 3.4892094 1.7772717 -8.0322 
-274.44183 106.724625 23.230982 21.151402 14.421712 5.263066 -40.272995 -13.740471 -27.216814 17.958204 -2.8226488 11.306554 -3.7275891 -7.7714133 4.8523016 17.73474 -26.328783 -0.056579247 -0.97472984 -6.9186 
-295.20273 154.00879 -11.604886 15.349199 29.300655 -5.5090585 -29.673475 7.7861733 -24.210629 21.897985 3.300755 19.599995 -11.006908 -8.791332 -9.912859 3.9933395 -11.699326 2.0776136 -9.101156 -6.1273365 
-295.2047 66.438934 42.599277 45.19361 3.184038 27.075052 -19.232658 -1.305373 -14.607836 14.732021 -26.374987 12.167751 -9.220984 -9.137753 3.321921 7.8084435 -24.687824 13.601642 -4.377527 -4.509662 
-311.15826 120.60141 7.6664257 53.01308 33.394665 2.406953 -28.229885 -3.7278888 -10.210519 8.560192 -26.399143 1.5981877 -5.767626 -8.791982 1.2017431 7.5868454 -21.199057 8.253136 -4.3581905 -13.783535 
-361.9974 135.94806 6.0780854 54.064896 32.852238 -2.2103121 -31.553616 -7.326247 -15.597752 2.9245806 -17.513233 -0.64530367 -6.4326515 1.2271228 -3.2713091 6.8322654 -16.720757 7.361523 -2.9058204 -4.6875954 
-338.09714 102.28746 26.580181 24.133501 2.5527704 13.415397 -25.278666 -2.109315 -3.7655644 16.868517 -9.483531 17.089567 -7.9125094 -12.544979 -5.429366 13.650618 -18.038837 6.6951427 -6.2396054 -2.7061987 
-362.70395 95.02658 50.92245 8.989782 9.214134 22.81527 -24.089254 12.289988 -2.7922258 10.7354555 -8.287633 13.690662 -8.246853 -3.9357028 -12.958938 10.581991 -15.87791 2.4294455 -7.8844585 -1.2799543 
-385.35947 121.37283 55.18573 29.037554 24.718933 9.734898 -27.320227 -0.072519936 -15.264903 3.8053076 -18.908108 7.443701 -2.7194858 0.11179903 -10.102317 10.387087 -15.913508 2.239448 -2.770402 -2.8479505 
-362.24152 126.12558 16.431774 38.76353 10.044241 14.689655 -16.469545 9.238253 -21.500217 11.259641 -7.9735 6.885453 -1.195337 -10.021989 -13.456992 8.525544 -12.492946 0.7907307 -2.142337 -2.4645991 
-398.88293 103.6169 31.193922 56.269028 2.0770254 8.756858 -11.741894 8.370093 -25.120188 12.052151 -20.375254 -7.01839 7.659205 -7.5303936 -21.056135 14.721714 -12.058768 1.6040616 -4.8806896 5.246353 
-379.25394 132.17702 4.3451896 49.913853 40.967358 6.226954 -22.241732 -10.132767 -20.942684 10.970769 -19.541374 -9.032008 1.2203145 -2.8092947 -11.30811 18.336197 -15.536021 -2.054772 -1.0234305 1.4752011 
-354.2479 147.45279 8.055038 40.059055 14.16187 1.0472687 -7.4496527 -10.28308 -36.868572 -3.374427 -16.034874 -1.3501601 15.481033 -11.678755 -6.8476624 20.54127 -10.336518 -0.7658412 0.6661558 -2.6553447 
-437.01312 129.80446 4.453985 45.207043 15.03719 16.226585 -17.931057 1.80771 -9.120319 17.754045 -14.66737 -2.223817 1.1138471 -2.2487178 -7.2521744 14.409258 -18.652267 1.2299434 -1.0903087 -5.9142084 
-455.71692 133.95563 14.853374 38.12964 13.332933 22.853262 -17.092001 5.7544627 -6.5490932 9.247922 -10.560931 -0.33937523 -4.5686097 -1.2724814 -5.249547 11.099006 -20.833845 5.152155 -5.058878 -2.7301695 
-333.44028 136.2902 7.3363047 26.312344 17.126276 8.203956 -33.17399 -4.9422703 -19.554102 19.89088 -2.2159662 12.750446 -5.8064966 -16.160545 -10.002221 18.964478 -24.993462 4.3759165 -9.171995 -11.265838 
-259.65283 101.566185 -2.8324034 49.020634 26.08894 8.819816 -30.874674 -32.729843 -20.955872 9.850638 -27.032444 0.07476486 1.8146921 -21.503183 2.547752 17.124693 -30.834677 11.105129 -1.6050013 -6.454752 
-223.1009 115.07845 24.575356 34.40587 9.46647 4.8702717 -26.566017 -27.310198 -38.598713 0.30906874 -15.206258 14.371425 1.2737986 -20.489967 1.4199195 25.946968 -22.185637 12.267718 0.4668686 -15.376162 
-300.72604 146.76453 7.8256574 32.224594 21.26585 -0.01747526 -14.934091 -24.72246 -22.709072 18.928299 -7.3539667 17.458302 -5.9314704 -17.025557 -2.366867 12.884303 -19.1245 -2.0708263 -4.26596 -10.728948 
-344.8866 144.40033 11.895805 33.80282 24.921509 6.4848857 -18.90197 -17.819962 -13.419914 18.152283 -4.9254727 8.7713175 -2.3947532 -12.942997 -3.486516 19.645672 -20.342691 -4.4898434 -2.9904869 -2.3595169 
-377.9876 144.77077 22.778702 35.825603 30.43855 8.842098 -22.160786 -8.042062 -8.747997 17.498013 -11.732098 11.088621 -3.4647682 -6.356613 -7.952396 7.641099 -20.259863 -8.468295 -4.9415007 -2.6111135 
-341.25708 156.70125 2.041367 44.14638 53.345898 -11.339966 -35.01129 -16.835394 -23.411325 7.7645426 -21.876587 1.4462997 4.9225626 -6.856806 -7.765163 18.809797 -12.777241 -1.0329757 3.916643 -8.097044 
-304.17496 81.27017 30.761179 51.656834 27.215393 14.29756 -30.950026 -10.02939 -14.796923 9.694389 -29.795414 -2.2538393 -5.0656824 -2.6397054 -6.8726716 17.245026 -21.217258 10.496515 10.501912 -5.0097046 
-291.3737 77.211845 21.332987 58.967842 -1.0936533 -1.3051867 -28.800758 11.562183 -32.26427 9.399025 -14.395355 -5.1728215 2.3926554 -10.454037 -18.37167 14.683803 -13.611593 0.09195599 3.0290058 -1.3876737 
-342.65402 130.31007 58.557755 34.698166 10.78861 -9.5632 -24.868368 -7.656679 -29.458914 13.141432 -16.827671 -4.7012706 -3.559808 -9.410004 -22.634457 8.409778 -14.651768 -4.8299255 4.704339 -0.8270174 
-405.63785 123.5434 38.66843 43.695774 24.515537 13.418662 -9.576216 7.819251 -14.481243 14.219051 -26.459984 -9.07645 -0.5783224 -0.7790854 -23.09737 9.28522 -10.321515 -3.3624203 -5.9608674 -1.2901286 
-252.47192 126.01005 -26.19257 35.66771 12.733621 0.6824149 -30.848562 -17.553406 -17.301191 22.313877 -19.188972 8.583085 3.316407 -17.927788 -12.920565 15.941908 -13.101376 1.1321298 -4.4259834 0.656036 
-403.44113 167.73448 9.411107 10.420756 1.1861548 12.262247 -6.1924973 9.273226 -1.6487743 8.182941 -4.838901 8.907055 -0.5719453 -14.966328 -10.041113 6.426052 -6.9814014 3.232168 -7.764363 2.4984066 
-438.3656 155.38863 25.302889 40.299656 18.502459 11.459706 -16.147058 -7.4277935 -9.539648 15.104816 -12.091908 3.8636508 -5.6179576 -4.9325323 1.9608294 12.100673 -19.0091 -0.6596277 -6.917519 -5.9406977 
-429.96252 141.99385 30.668322 27.11003 18.276114 10.11297 -19.377703 -0.77139217 -13.7508545 18.956154 -13.926334 8.376246 -4.169984 -2.6779616 -1.3915789 16.441076 -11.348076 0.18752766 -5.407363 -5.15758 
-367.50143 52.603138 58.19753 57.021347 2.0640144 22.587814 -15.340666 12.321369 -17.958008 23.18744 -35.38606 3.247731 -5.467437 -1.9669145 -15.156664 13.372849 -17.645426 6.0838294 -8.169409 -11.302074 
-398.143 115.15543 43.320213 44.28718 5.678503 20.737164 -21.46159 7.3493805 -21.739305 11.504804 -16.743738 -1.0959357 -4.0536976 -2.680517 -9.700658 6.5015607 -10.603973 1.132242 -1.6752323 1.5185435 
-420.3449 118.22062 39.04856 42.54623 16.600918 21.745342 -4.5302973 9.520162 -5.01503 13.494078 -23.050377 -0.94844776 -3.0567362 -1.8857886 -15.344384 4.0026445 -13.9485235 3.4899688 -8.426219 -4.0365953 
-272.2574 155.58846 -38.258415 26.43517 18.875002 -5.4230843 -36.819233 -13.887398 -12.485066 21.919777 -8.557397 15.345585 -1.5080234 -15.988854 -10.150593 12.106193 -15.293052 2.800166 1.7214953 4.666827 
-364.06918 150.001 11.345646 12.997828 8.660503 11.060019 -23.072977 -6.2226696 -8.756672 12.787238 -8.001354 12.9885845 -4.832561 -6.403973 -11.646587 8.058561 -9.360263 0.86848915 -7.426552 9.022139 
-368.64572 92.09043 37.025967 49.711365 9.952126 17.244255 -12.210453 -3.4401782 -14.44756 13.095076 -17.015865 7.5774374 -5.0168514 -6.8308654 -1.3737681 15.9201 -16.27535 3.7100933 -6.085835 -1.9964442 
-351.3081 152.81087 4.933063 33.92186 23.424362 1.0857596 -25.965311 -7.462799 -5.8535933 13.356906 -9.709422 9.09847 -3.4042544 -17.29803 -8.475448 5.625177 -13.736095 -0.7868319 -6.257623 -0.84225017 
-288.0638 55.095573 31.048903 74.26921 8.132431 4.8602247 -19.403984 -1.2339507 -20.142748 14.066794 -29.314121 -1.9566754 -0.21705426 -8.583744 -9.975254 15.004832 -18.019867 2.634355 -1.9766755 -5.3449993 
-289.194 105.72142 20.976753 32.152786 11.152406 11.552783 -31.720621 -8.12336 -24.649897 7.190991 -9.892429 5.1861987 -10.281132 -11.1261425 3.074938 14.992876 -21.622828 2.0659056 -2.5990093 -3.2840788 
-367.32675 157.79343 -12.259846 13.990831 11.36128 11.091648 -28.158989 7.681605 2.0287094 16.142464 -3.2387154 12.913926 -18.897642 -12.187114 -3.0910912 4.152614 -15.766183 2.9875317 -5.9959745 2.6207623 
-457.03235 137.1596 1.689211 47.060272 12.197967 17.19515 -20.574532 7.5917087 -3.9722078 14.311273 -24.78122 -0.2784169 -4.706844 -3.4343984 -14.136371 10.025755 -17.095957 4.921269 -6.70151 -8.56064 
-426.3987 136.65111 20.088892 40.171066 20.494339 4.1169887 -7.4455786 8.417671 -13.072452 1.4898585 -17.222998 -11.091175 -4.782629 -0.1771684 -12.129137 3.8794336 -11.525547 0.84761536 -2.741405 -7.429778 
-318.6462 131.09383 14.103716 43.551468 29.563148 1.6248395 -20.981873 -18.329376 -20.162449 10.034592 -19.70499 3.5772645 0.30970615 -12.509762 -5.7729735 19.152344 -13.5191145 7.601497 2.3757973 -3.9260013 
-323.15387 113.1472 8.709564 42.41134 17.345451 2.3140726 -22.636444 -15.84254 -17.363445 17.935219 -13.035499 10.579284 0.49924958 -10.474511 -3.9231033 14.9741125 -18.591015 11.681074 -0.8588111 -3.7221222 
-339.2891 98.87298 29.77731 59.050083 6.0289245 6.9843183 -14.355706 -8.229336 -18.292084 5.941324 -29.786184 4.526813 1.4941788 -11.349761 -4.877519 13.062199 -15.490583 9.410051 8.121394 -4.0092907 
-335.32565 111.00761 17.004986 67.41514 27.857937 2.9018798 -29.538181 8.996776 -19.374355 17.68355 -19.01721 -2.1475117 -2.0740955 -9.043186 -9.963407 12.860384 -15.796001 2.3889427 -1.6873151 -7.47891 
-287.9124 173.96216 -6.8570194 15.984787 3.3451364 -11.090008 -21.329185 2.3738196 -14.396242 13.554025 -6.2143683 19.78225 8.335147 -12.52869 -10.915336 6.112933 -18.464605 -4.0511193 -0.45752355 2.909752 
-308.8343 155.09409 2.6930165 32.251087 17.715427 -0.6289943 -23.292572 -11.41274 -18.288351 15.854787 -2.1492124 10.302645 -8.826656 -12.909271 1.7053366 1.753876 -19.192942 -3.626634 -3.2043586 -7.232822 
-358.53363 141.573 25.832232 41.909603 19.085634 9.694712 -20.43601 -13.542225 -18.755482 6.761686 -7.5723443 2.424793 -2.104799 -8.797788 5.2294307 12.649656 -15.216441 0.18333118 -1.434895 -7.3432484 
-420.79797 127.48443 19.83018 38.35392 10.201931 14.398573 -11.352708 -3.6131973 -12.383054 9.634556 -10.807701 1.2018406 -4.507303 0.54653424 0.5137807 11.703724 -14.589857 6.1772513 -1.1417205 -7.084116 
-445.2284 126.66687 13.227134 37.684654 14.173203 23.978973 -18.224028 0.6956847 -7.178236 15.657314 -18.592947 -1.4544432 -4.0512314 -1.3785157 -1.9773437 6.7805634 -19.861809 2.785448 -4.9930406 -2.6970868 
-363.0088 167.79279 5.6257267 16.273266 -1.1446329 -6.1537895 -15.152357 3.7887218 -16.484268 14.662654 -3.3722222 10.806074 -3.516727 -8.911548 -5.2731557 2.3571565 -11.764103 1.8448249 -3.2322621 -6.8232226 
-275.17285 159.87376 1.9946651 21.70085 -5.908215 -1.7405076 -21.363155 -11.576787 -11.628944 18.217983 -20.769432 12.841131 4.392632 -19.098732 -7.1334467 12.389362 -15.204895 3.753593 -7.8781347 -9.101634 
-266.57495 129.84084 13.099369 15.58392 0.93566585 13.432606 -40.609737 -5.6720834 -14.137057 11.8819475 -10.537462 14.185047 -3.841142 -12.672039 -10.276841 5.3852153 -22.78763 4.923734 -0.27859044 -4.937583 
-303.14264 165.38252 4.633389 30.514353 17.38726 2.8479693 -23.756084 -19.221584 -24.848211 10.171859 -12.643336 7.750546 7.2819467 -23.102783 -2.1244996 23.611265 -18.859695 4.3935976 -1.0953388 -4.794237 
-294.12744 118.631645 7.7013693 42.351288 30.93908 0.8412982 -18.407759 -5.771588 -44.316723 16.812513 -14.463581 2.5037932 -3.0865393 -8.578365 -10.928001 25.118185 -11.025821 -4.215028 0.32510096 -4.0054197 
-347.43127 108.70657 3.2322624 65.611435 32.40533 17.428743 -29.478111 13.538181 -19.034426 12.915651 -16.19649 -8.939935 0.8733576 -6.47383 -3.2111802 14.601185 -16.30277 2.470325 2.1280463 -3.5275977 
-336.5846 157.20288 4.089397 46.433983 35.68321 -2.9252481 -32.269436 -24.947681 -13.469266 21.948597 -18.397575 6.8353214 2.2909768 -17.173372 -0.3107889 19.557768 -19.788797 0.1335755 -0.2746999 -3.3368893 
-344.24966 136.78156 8.706572 52.270386 20.943945 3.6666942 -27.818338 -10.716171 -16.928114 25.597633 -19.881804 5.994179 0.6455206 -7.190401 -5.782223 19.152142 -19.715084 -4.3185477 4.146033 -7.9097424 
-362.27805 86.73519 65.82602 25.652079 1.001271 25.345472 -18.485067 -3.5710554 -9.319698 13.495688 -16.858992 20.380898 -7.915631 -4.663332 -12.246618 12.94196 -19.216063 5.125999 -6.389837 -4.3078823 
-420.56308 154.95401 50.720566 28.065638 5.501225 -2.4779325 -19.857862 3.3788023 -7.3820553 10.915123 -8.792503 9.990754 -9.69203 -1.8262043 -6.179703 11.647835 -13.547321 2.6983502 -4.515833 4.0934315 
-484.81216 148.39519 31.1231 25.89001 16.320358 13.986793 -9.137832 13.566082 -6.7561197 6.7129254 -7.4468417 -1.2822882 -7.5643635 0.29358494 -5.487948 4.484579 -13.042826 -0.83541423 -6.817327 1.6563952 
-352.50342 161.30058 1.1765943 17.56445 21.865486 8.866097 -31.156162 0.117827736 -3.3643305 16.418934 -6.8725953 21.547829 -17.740292 -13.779675 -1.5649204 6.616191 -19.110611 2.3248117 -7.4226575 -0.50881517 
-375.81067 152.88078 33.870506 52.90893 15.506989 -1.6555285 -14.770979 2.7405794 -21.817604 11.29032 -14.030254 -10.618751 4.5236263 -15.74622 -12.693522 14.610765 -19.84625 -8.445482 7.4529505 -6.2906017 
-347.71106 74.963646 43.070847 69.222084 15.83119 17.673153 -30.622337 13.306939 -18.644241 5.801346 -27.2911 1.3224406 -8.109387 -2.6866026 -10.5703945 13.1630945 -14.791877 5.3394136 -4.0473194 -3.747049 
-388.94534 143.3388 14.773512 39.675285 23.372 8.241328 -30.097069 6.2045097 -13.463557 5.420764 -5.3098993 5.5902305 -10.759785 -5.0455365 -1.3287576 3.9212732 -12.827824 1.5249702 -5.6914377 -5.814199 
-311.91583 167.90509 2.4235237 17.48924 3.6094317 1.700221 -23.45245 -8.359433 -11.260686 7.8739505 -8.168183 19.53481 -5.558018 -12.008457 -6.793229 4.862238 -16.75971 -1.1670995 -4.077534 -0.18407805 
-369.38004 138.47878 40.255386 25.814777 -6.2530956 -2.041999 -20.038757 4.674536 -14.686796 10.339138 -10.92519 -0.87846166 8.188914 -7.382903 -8.126818 9.254482 -7.4421573 -3.3612163 2.15668 -1.7949854 
-377.1837 171.46368 3.7548108 32.119762 16.101059 6.433795 -9.454076 -1.6246167 -20.357197 4.423104 -3.4986491 6.181388 -9.423372 -4.702838 -8.215228 7.366914 -5.5193853 -7.078143 0.17175987 2.3216546 
-453.73578 151.33719 15.432687 25.496181 14.904059 19.15479 -12.002216 10.020366 -3.1196275 6.097868 -1.2005453 6.2392125 -13.665839 -1.0488256 -1.8916639 4.5720215 -6.6898966 -1.3332099 -8.970471 2.0258284 
-466.00623 146.45581 6.7584248 32.691227 15.255696 20.377876 -6.7239013 5.5378246 -6.978937 14.214286 -13.518589 -2.2005212 -11.388249 0.6880529 -2.916274 6.732634 -12.18213 2.6437588 -4.0462394 -5.781959 
-444.0761 140.27577 24.56844 36.191345 19.326283 11.89602 -15.99566 0.76798373 -12.714174 6.916399 -12.462125 -5.6624794 -4.0331388 -9.34423 -0.16574033 11.151918 -10.296048 -1.7679563 -3.633515 -5.423591 
-331.50208 153.72661 -9.365189 46.61303 24.270489 -5.536294 -21.622215 -16.680119 -26.286201 16.036407 -6.7792306 3.0307379 -1.6211559 -10.032545 -3.1783 15.750568 -11.319813 -4.0642157 5.3905864 -3.4993596 
-246.59996 173.54665 -26.894571 0.6477298 -10.017152 -7.596415 -12.499324 2.6499748 -11.4132805 16.025997 -0.66033417 22.807295 -10.988231 -16.025757 -15.096644 -1.6783004 -3.4667368 -1.064112 1.7160393 -8.584479 
-351.23166 168.04059 35.142895 47.314926 3.9216564 -23.33353 -25.964342 -11.013702 -32.234234 13.765316 -5.3506594 -1.9628808 3.8642752 -2.6905046 -8.339005 7.0282655 -5.865341 -7.3291736 2.8238842 -6.3297067 
-281.45438 112.78601 21.851265 49.591705 19.830103 7.9875617 -35.185425 -17.73328 -21.550549 13.388521 -30.00486 8.141666 -3.416169 -7.160627 -2.2337823 15.196232 -21.24448 6.107012 -1.3744605 -12.075396 
-314.84738 106.847466 21.560648 43.142124 12.645817 16.49176 -21.78975 -17.56842 -23.415485 12.770999 -15.181819 5.8770947 -3.1052747 -14.027288 5.709774 21.76423 -27.379341 4.3325677 -2.1008518 -8.014711 
-339.74402 93.56207 24.396084 76.137665 19.54915 10.403385 -15.467714 -1.7580659 -14.458483 12.328683 -30.250698 -4.1753817 4.9100766 -8.644939 -14.067954 9.816806 -10.971749 -1.9703878 -1.0528257 -7.123997 
-232.53523 127.121445 -29.176931 61.994488 38.634785 -11.449688 -44.651276 -23.180145 -23.616716 21.101027 -21.18911 2.403968 6.9309993 -4.66623 6.595241 16.566954 -24.206583 10.624088 3.9782088 -14.74908 
-433.47473 142.00003 32.970676 34.47325 17.269173 18.57155 -13.775783 2.7645264 -6.9328594 12.568521 -6.368131 -1.1848259 -11.614132 -2.5649195 1.3910551 0.49261126 -14.212045 3.1035159 -2.7809436 -2.9622324 
-358.37228 168.73787 3.504625 24.04207 -0.4998395 -4.8218174 -18.306112 -3.8845062 -11.171138 12.94569 -0.6588067 18.91933 -0.90144646 -18.807688 -11.920386 5.613653 -16.949507 -0.24162313 -1.9675204 0.038328093 
-332.68066 167.87773 11.818692 27.35216 -8.12085 -11.601157 -12.193069 0.030369792 -12.592304 12.995429 -1.7001878 24.563742 1.7867339 -11.248219 -10.427686 5.7191715 -17.731007 1.2164059 3.3024578 -3.6849577 
-398.75 157.49686 21.349245 24.989546 3.4074419 6.2746825 -10.380799 0.9741509 -13.499607 11.707571 -5.1988773 14.378442 -5.765257 -7.294531 -4.3330765 5.876941 -14.69259 -1.826095 -6.1219053 -2.2009501 
-389.5358 98.40085 18.190884 54.083904 16.273867 14.637087 -19.449038 5.762319 -9.0597 12.475196 -26.21681 -4.2374487 -2.9874685 -8.253045 -4.3929667 9.868189 -18.683495 7.1008425 -0.92818385 -11.824771 
-280.3415 74.698715 29.151646 55.263878 11.527749 22.038923 -22.900642 -6.714687 -14.586758 12.649217 -27.494913 0.5293624 -9.347976 -9.7995825 -4.8467674 17.769098 -27.318766 9.717487 6.501052 -6.518088 
-261.25565 82.52071 30.789734 28.562544 4.3616796 19.74244 -28.50534 -12.185668 -21.114437 10.8053 -16.367802 9.032821 -8.112301 -13.948568 -6.2412877 21.492613 -30.897697 7.2599506 3.9477115 -5.1921444 
-299.6352 171.14066 -4.1628647 19.526499 4.502404 1.3869345 -18.417042 -10.751385 -20.71699 -0.9567454 -11.548523 16.197372 1.9763077 -11.903318 -5.369591 17.96661 -19.855354 3.0887485 -5.917679 -5.5871882 
-298.23166 124.63824 9.568375 30.743416 1.1395342 9.812527 -20.203712 -17.307102 -30.785116 7.0222826 -13.441814 5.4368076 3.2196195 -19.28069 -4.11775 21.283379 -17.19925 8.589204 -1.5517377 -6.4789863 
-395.77295 145.49844 31.257206 44.18712 8.176921 5.9799113 -10.801091 4.371084 -23.625998 -0.18715578 -16.388414 -5.681979 -0.19512847 -7.2239933 -6.994005 10.683906 -12.784551 3.0830317 3.089773 -4.3312364 
-314.27698 143.12506 4.5253286 25.254877 3.773862 2.481711 -27.555046 -3.3024907 -13.474743 7.387464 -14.771447 17.920286 5.776093 -13.945181 -4.277219 10.557874 -18.667189 4.917286 -11.208909 -2.6336756 
-386.41214 140.7867 20.239021 39.938786 14.393666 2.302645 -6.3194857 -2.6052186 -13.3404455 11.738295 -15.174747 0.25908396 0.6131479 -4.7263327 -5.97582 5.361175 -10.689929 1.8746496 -2.8551817 -2.159236 
-325.1498 147.34618 -4.6828938 36.750153 17.20605 3.370078 -22.224575 -8.348846 -24.568014 13.656282 -12.196101 9.927935 -8.901884 -3.8674774 3.377868 5.774704 -13.337823 -0.15950786 -5.6757197 -2.3811982 
-319.2216 90.47916 36.785477 33.13358 13.657232 26.758564 -34.348743 -9.242809 -18.891731 15.165895 -13.029337 14.18211 -14.641811 -1.456262 -2.1414158 15.060922 -29.443718 -0.29761156 -6.495392 -1.9928085 
-379.1084 150.60777 20.929214 47.168797 37.826015 13.87148 -16.380112 -10.34558 -19.675621 10.53771 -19.09275 -11.411712 -12.974205 -12.53323 -0.30700934 18.805426 -22.720442 0.7222614 6.810327 -3.798862 
-454.03955 139.44757 18.825535 40.110268 11.935482 19.212 -12.890869 9.306686 -6.884219 14.611675 -13.667896 0.5316677 -3.0920367 -1.2065661 -3.0857317 10.529471 -15.872367 4.3553615 -4.7219076 -5.449122 
-437.6507 130.87979 13.142406 43.446144 14.118578 20.959206 -12.828573 1.1942612 -7.7760663 16.679604 -20.075304 4.77949 0.6807231 -1.6905305 0.6479495 15.80365 -21.390482 5.0194263 -6.4621463 -5.946414 
-457.12244 136.8596 24.715143 33.380375 12.825361 19.93718 -9.972615 13.316547 -6.528286 9.111757 -11.320451 -0.45311376 -8.187469 0.55177087 -7.72116 2.7223015 -12.773931 4.3094244 -8.382733 -4.18371 
-416.8684 136.86305 22.248861 39.37281 23.876501 7.345263 -6.0226107 -5.229358 -11.134388 9.35647 -14.568714 -6.0400424 -2.6561205 -11.0069275 -1.3990631 15.714357 -15.684363 -2.397722 1.6316552 -5.650171 
-318.35736 96.22782 41.402447 46.325092 17.725307 22.960827 -13.713139 -17.924086 -17.989317 7.2388263 -25.39755 5.804745 -15.997999 -10.323377 0.4471503 18.356947 -22.257767 5.6241465 4.0963264 1.4328263 
-285.62262 138.76773 -7.5592923 59.248947 48.72865 -23.378918 -43.443012 3.06658 -21.083471 9.100805 -20.477806 8.113787 -3.9699259 -0.33639303 -11.27295 7.2836447 -7.0830946 -1.9287084 -3.0157037 -12.469669 
-285.91223 150.88512 5.6784406 28.125858 23.513062 -4.3693604 -36.29737 -10.032615 -21.854588 5.796874 -16.871296 4.985633 -2.703494 -6.416682 -4.0990257 8.910781 -12.383695 -3.9188216 7.6800976 -4.1508837 
-272.37973 92.86771 13.86162 68.792145 28.546495 3.8566318 -30.378654 -2.2546566 -9.9654045 5.666847 -30.007484 3.286034 3.093654 -7.9335303 -5.519026 10.6768 -10.570222 11.8784685 0.76631355 -9.489105 
-356.64578 144.25986 21.348244 34.38707 28.60658 7.2226715 -20.637888 -13.131054 -13.721891 9.821151 -12.722697 4.7633305 2.0571322 -13.440992 -2.4878135 15.050609 -13.932226 -0.33548778 -2.0484967 -2.7163098 
-345.33817 130.59262 43.792747 35.87224 19.405205 7.3601294 -21.41125 -12.580667 -26.759134 1.0462487 -17.972412 9.708657 -1.1901551 -7.0544634 -0.8186877 25.163246 -13.325635 3.0238585 -0.2236193 -3.109912 
-423.69064 150.72246 34.008255 34.44322 17.000021 9.345283 -9.660241 -0.41961172 -12.566182 5.0967574 -8.159215 5.8436184 -7.0769105 -2.205045 0.53949267 11.1411915 -12.7962475 -4.490461 -4.7443566 -5.149254 
-346.55353 148.44199 45.58789 39.216656 0.47397783 -10.949149 -24.094372 -0.78485996 -22.349945 11.37021 -14.0808115 1.4837126 3.321436 -9.755555 -5.0828238 16.372517 -9.356321 -3.9304988 6.1676874 -8.108459 
-340.03455 114.49904 45.37439 28.864376 5.9838853 17.050383 -25.0048 -4.593251 -14.858331 7.888838 -16.843248 13.321723 -5.5145607 1.9811914 -10.287194 13.759168 -18.997051 -1.0573623 -7.053888 -0.39365417 
-379.41238 124.83508 30.746433 48.402615 18.592323 5.1344047 -14.076055 -4.7445045 -26.486866 10.085835 -23.71626 1.0791756 -3.3840907 -3.2275136 -9.845381 20.160318 -15.718282 5.1282864 1.8125896 2.906156 
-351.1222 76.80062 40.873768 57.4934 23.827723 15.452562 -17.160181 -2.1876388 -18.451399 14.273518 -27.75909 -4.2177715 -6.802674 -7.5688944 -11.275319 15.746785 -18.641533 1.3185912 0.1237591 -1.881784 
-424.3558 152.86018 48.481544 39.641106 11.323581 3.5307558 -16.28518 4.092588 -20.091799 -0.66528404 -14.460607 -2.387021 0.17505915 -6.5971637 -7.52561 6.414961 -4.7968807 -0.7291522 2.7585967 2.012655 
-382.0215 173.89272 19.88436 46.20179 4.1731963 -26.277073 -13.429713 3.7156415 -32.07496 -4.534094 -7.888021 -1.7511622 6.3894124 -0.20809072 -3.8701308 15.726493 -8.490473 -2.5572562 4.9909816 -2.4199183 
-478.8955 146.12509 31.664202 28.51808 9.535183 13.44678 -8.354435 12.803671 -10.30636 3.1412077 -10.451739 2.558046 -6.2612805 2.1800103 -7.2373385 3.5339577 -10.440353 4.895083 -4.436102 -1.0864339 
-445.5654 125.20178 24.531725 24.257694 5.379259 16.030796 -5.5342298 14.028217 -8.320759 3.2787263 -7.840643 0.47965705 -9.161644 -1.4053359 -9.46358 4.30421 -8.455879 1.1288774 -6.6363916 0.109127626 
-467.2098 133.5706 38.43614 27.688768 12.415093 15.230918 -6.6404786 12.664224 -4.519541 3.5848935 -8.680791 3.1382663 -8.416888 1.5296874 -9.692952 1.8242353 -5.662684 1.2889948 -8.505009 -1.4736061 
-493.56055 142.55829 38.26195 29.382076 16.399355 17.632711 -13.626129 13.07871 -6.48815 6.075547 -5.5933757 3.183206 -8.815808 0.11444545 -5.730895 6.9277334 -9.5896435 -1.8584293 -8.471851 -1.1139399 
