-284.30777 148.62964 2.8716176 27.415815 31.09946 7.405899 -20.958923 -7.0295978 -26.200867 -14.645706 -15.682617 -11.705738 2.7565215 -5.0142455 -9.882959 0.24247745 -3.3659537 -5.5792065 -5.7244415 4.9522223 
-227.12245 112.012985 0.93949974 16.327457 40.83561 -4.775995 -19.697575 -10.146698 -27.40281 -9.190331 -4.7191195 -15.952662 -8.951042 -4.726417 -4.126435 -1.8986236 -8.058391 -1.0481329 6.3489957 4.013636 
-216.03766 164.23763 -30.220907 -3.7352915 13.3475065 -12.711057 -13.559619 -3.5630984 -26.408075 -3.0303926 11.56406 -3.8782022 -7.2050266 -15.99017 -11.119205 -0.49180657 -17.459396 1.7829344 -1.6389606 -3.2733922 
-282.07855 139.12625 6.1429214 41.16376 23.326027 -8.683049 -20.163414 3.2255237 -15.439878 -7.752157 -9.427715 0.050903816 -5.0445857 -13.379964 -9.656338 7.7888165 -17.360785 -2.419203 -3.0235357 -5.6397443 
-263.48743 163.87213 -23.645538 24.754236 31.267143 -10.969967 -27.745474 -3.3684716 -11.95007 1.274995 3.9929733 1.317323 -5.3816013 -9.453369 -19.074152 2.803343 -15.593906 -9.212993 1.3900143 9.654344 
-276.59564 152.6329 -12.014818 43.896893 45.628784 -13.350576 -30.417137 -3.560123 -22.864683 -10.054621 -6.65391 -9.821953 3.4309251 0.66532606 -13.108055 8.078453 -9.392246 -4.7487345 -3.8315783 -0.78380096 
-298.61258 101.23338 31.762796 33.290516 21.14941 12.985681 -2.5347118 -5.0737443 -25.188393 -5.905573 -12.107731 -4.459149 -16.7591 -3.6905355 -2.91726 10.0423155 -12.880836 -2.322743 -4.640393 -0.32030234 
-317.08707 160.00148 11.849285 37.599743 26.4553 5.7745914 -2.2042053 -12.945525 -32.425766 -9.483265 -0.7546819 -14.089501 -16.292059 -2.5906858 -3.8328187 4.0428925 -7.5549145 -5.8071575 -0.71205086 3.5766323 
-277.29767 200.75888 -5.1222434 3.5309536 -3.4037018 -22.908892 -14.328271 9.177971 -32.588272 -2.5758638 6.997333 -13.960911 12.55669 -5.0094748 -28.904778 8.033462 -12.69109 -4.615251 -2.7964694 -0.91374356 
-314.42807 122.427315 23.188175 41.07265 15.637678 11.592121 -30.778801 13.562442 -14.037998 -14.045704 -9.977734 -8.652264 -0.8215471 -5.5983443 -5.7859235 3.6449542 -2.1645782 -0.62173665 -2.7332628 10.029007 
-337.4808 115.58036 19.123209 48.131447 12.137472 11.243421 -13.391523 14.416584 -18.40537 -8.87379 -0.082506284 -6.260816 -7.972349 1.1452785 -6.9361672 -4.062248 -4.0965567 -4.1808424 -3.9057083 1.7074986 
-346.03162 173.27844 19.206005 28.281164 4.7922406 -3.2189803 -3.970097 0.8153667 -14.387148 -13.999476 -11.762843 6.9501877 3.2928941 -0.4371267 -7.9882183 -3.2483735 -9.209077 -3.044209 -7.0821857 0.31724915 
-370.0164 161.08122 17.47689 30.336857 6.5831494 0.06196128 0.49123213 2.9266505 -23.415127 -9.104087 -10.679357 4.275477 3.3872232 9.510372 -7.8378177 4.259863 -6.4490614 -1.8459078 -6.986185 2.5568376 
-410.7423 142.5416 12.601686 34.381847 13.637998 13.375813 -0.24606016 6.8187795 -0.24558014 -0.19080544 -10.191288 -2.0161695 -7.691769 -0.8863355 -6.2936983 0.5751565 -6.255411 -0.8252602 -5.809103 0.77129054 
-410.44562 136.46452 14.500876 31.180685 13.462716 12.892197 1.0465798 8.834522 -1.669902 1.1361821 -9.630415 0.029798666 -8.309856 2.0906987 -9.244715 -1.0003339 -6.91896 1.7896258 -6.780114 -0.9191299 
-411.7867 132.75781 17.588465 29.480747 18.13243 10.522885 -1.5586983 8.168231 -1.1318849 5.0002694 -5.9504614 -0.089434534 -6.3422937 -2.8327446 -10.931128 2.2113793 -5.7914624 -1.0064529 -7.6830497 2.2725275 
-337.6239 179.56459 42.980602 43.09587 -5.2512994 -25.95627 -10.197993 -7.372991 -24.201925 -8.069341 -13.175074 -17.058311 -4.4862185 -2.872325 -10.937781 2.6083243 -5.195101 3.3863583 -0.9204385 5.6007867 
-390.53842 137.25665 23.446083 32.525806 9.479258 6.094422 -1.7797998 5.596304 -7.290291 0.97438896 -10.314358 -2.617272 -6.6988974 1.9679811 -7.27023 6.1793923 -8.362813 -1.2829732 -7.6338077 1.2804385 
-337.8138 117.81056 33.210625 25.441776 30.486956 3.922821 -9.760052 8.82007 -23.111519 -8.3976965 -10.887073 -0.16063724 -13.9116745 0.29395473 -8.243844 8.605348 -5.625489 -6.9775667 -6.810629 6.1866198 
-311.31256 114.19439 41.998108 23.900352 21.26902 5.690383 2.1954207 -5.0258904 -24.79993 -8.957228 -8.800461 2.2211905 -11.481921 -2.9634507 -9.098293 6.3541694 -8.269345 0.36216122 -10.189599 -3.499544 
-326.13654 172.01378 11.6914015 29.481638 -1.913959 -16.175898 -4.0620475 8.594181 -12.707199 -7.8926992 -13.050759 -5.2286963 3.7023706 2.9441462 -11.064578 -1.7151086 -13.0555315 -11.227238 -7.781695 3.9303677 
-326.97205 166.45427 -6.51749 30.009766 20.330692 -2.9711454 -5.2774973 -2.5112066 -24.465847 -9.837581 -0.118924245 1.2376442 2.1831353 -4.1881323 -5.0432644 4.7843595 -12.237393 -7.053504 -6.1124682 0.5269917 
-360.8791 151.82944 21.013689 36.096268 24.448343 6.9961963 -2.1783066 -3.2254078 -11.830712 -5.091452 -7.597643 -8.366125 -9.411563 -6.1928196 -4.458834 -2.7002945 -15.5590315 -6.3118725 -8.144947 0.57611877 
-406.8285 130.50465 15.798774 30.065311 12.083708 13.503703 0.5678569 9.495523 -0.7897568 5.3811417 -11.140723 0.55057025 -6.09676 2.072891 -7.477613 2.5190263 -10.023225 0.52048916 -5.6662664 1.1209762 
-415.40247 138.0554 8.693163 32.59246 7.717903 10.650871 0.259152 11.361896 -1.0823995 4.186083 -7.3547397 1.1797931 -5.758112 -0.779731 -9.195098 1.6215003 -11.9498825 -0.32436234 -6.8760343 -0.70398957 
-376.90015 112.804825 29.373657 22.950148 12.065559 13.773163 1.0863173 7.819976 -2.212544 -2.208222 -5.0360928 1.5106678 -4.310726 0.88207203 -9.198821 2.1032877 -7.777599 -0.6964004 -7.9085007 -2.9213042 
-207.9683 152.92178 -20.899488 20.729788 33.221058 -25.764301 -29.707027 -0.9304612 -30.546549 -2.833541 0.24733394 -5.702596 4.898486 -5.0571284 -19.582695 7.032665 -23.507576 2.1060104 -5.9455447 4.9486637 
-315.09726 143.1849 12.219358 22.13252 18.43888 3.5903502 -0.1506488 0.3565945 -12.717532 -8.140419 -0.8855644 2.3337038 -2.4160767 -1.357814 -8.90173 1.9647535 -4.4703503 -2.0865343 -8.135839 -1.6509941 
-280.75723 158.19757 -6.3414583 39.851917 35.881866 -1.6072712 -16.050537 -3.164484 -30.401497 -14.600147 -9.552824 -16.0544 -1.9923714 -5.1938934 -11.806108 12.4112 1.7527691 -8.356735 -1.1385688 1.6959684 
-322.6169 156.23859 -5.1478977 48.04648 39.739086 -2.7432806 -15.6730995 4.651494 -14.268062 -5.3307347 -22.92201 -7.5107093 4.550787 -7.163986 -18.75956 8.186193 -4.975582 -9.857634 -5.651193 3.5661354 
-382.72104 163.43665 28.156067 38.84951 3.325735 -7.764616 -11.897818 -0.56511956 -11.944462 -1.5476608 -10.4572735 -4.395741 -4.7401295 -0.060576066 -4.766218 4.6559243 -9.202709 -1.1935823 -3.1360576 1.7818568 
-356.99582 167.06006 23.531368 38.472668 -2.3360574 -15.102897 -8.737935 -2.4532845 -16.788202 -1.8708867 -12.259771 -8.654197 -1.5677581 1.5680465 -10.632442 3.1099386 -8.574024 -7.517335 -9.262804 0.7295173 
-399.7461 141.14783 10.970211 24.295702 4.6296673 11.228348 -0.5012319 9.291454 -1.9888357 1.5249076 -8.3376665 5.127924 -1.4249941 -0.8732985 -10.046426 -3.4188497 -11.317677 -0.38586316 -7.548662 4.5180554 
-377.13336 123.196686 25.622303 26.278688 18.735971 11.034685 -1.3298414 6.8028717 -4.92898 0.767666 -12.633959 -3.6285307 -7.6164594 0.11620617 -6.512147 3.1011584 -7.3138633 -1.5348448 -9.10349 1.0475898 
-270.91467 145.79768 -24.498878 32.702084 47.70964 -17.735018 -30.19482 12.342009 -24.882195 -3.102675 -9.84782 -16.780216 14.328746 -1.0810248 -33.420807 5.1770434 -13.171864 -7.6528907 1.5245857 -4.7458253 
-390.461 134.34389 3.255743 37.380043 16.307272 4.7053504 -3.3542705 8.383142 -4.7511444 6.4789886 -7.702708 -1.4997172 -4.6499424 3.1891794 -12.1735935 -0.9963409 -10.594735 -0.48842108 -4.0908866 -2.7514052 
-370.41 160.31093 24.034708 28.789846 7.627538 -1.5648793 -9.890874 2.2722266 -7.7448 -7.310157 -11.382512 -8.756596 -0.42958778 -3.8573782 -4.9309425 2.5514836 -6.5873437 -8.186251 -1.1818118 3.1649637 
-247.50673 123.98348 5.4383006 25.850504 15.15348 17.901096 -39.903667 0.32323074 -28.321756 -19.682272 -8.978197 -13.828359 3.216428 -2.9896438 -12.722635 6.4627233 2.6590395 -3.7549162 -7.8855643 8.991386 
-282.78546 191.83116 10.166951 18.20869 -11.779865 -25.42671 -8.59903 6.957201 -18.716637 -9.938102 1.323415 -8.522164 12.20562 3.9578967 -7.53341 7.4947424 -10.865719 -12.513788 -4.749804 3.2229004 
-257.7454 207.86536 -23.20863 -3.8646693 -12.687938 -37.005634 0.6729471 35.141823 -19.097649 -11.54324 22.762575 -22.995684 7.359872 10.882637 -32.595615 -4.2272015 -12.508253 -11.766173 -3.0487456 8.998389 
-313.57153 198.1746 5.1704164 20.255623 -8.30903 -29.381279 -3.4587865 14.077148 -23.030464 -8.739476 3.0880427 -13.748625 2.6936579 5.394194 -15.947462 -2.9781754 -7.5785894 -2.6861064 -0.53862995 5.1006546 
-305.02356 173.40161 17.621716 22.928726 -5.3888288 -24.24279 -12.033609 3.5489163 -21.019604 -10.77795 -1.2860051 -2.5029638 4.084163 0.90086186 -7.9520025 1.4731091 -9.673233 -3.847023 -0.20747238 5.6657095 
-268.1177 149.87608 31.116499 16.652214 -9.107517 -33.181065 -2.436954 6.7771025 -30.281172 0.33788046 -14.303905 -13.0459385 4.9997735 12.248745 -9.83046 8.821564 -9.535533 -10.860144 -4.8060493 0.88366365 
-348.56308 160.37564 18.398378 31.761509 16.78009 3.2665448 -18.04712 -3.9923778 -14.822695 1.1617167 -18.348787 -4.471646 -2.5186489 -5.1467094 -14.209023 1.0940952 -4.178441 -5.7882624 -7.798741 2.34354 
-404.7174 134.73256 14.605077 34.60902 12.008955 16.06042 1.0303847 6.839554 -6.474988 1.2339652 -11.045001 -1.435515 -9.389191 -1.3295063 -6.5750136 2.94317 -5.694976 -0.8237202 -8.239071 0.751897 
-403.69415 127.44514 15.423992 29.479122 7.2515817 12.229294 3.282869 6.5616484 -3.7602 3.0411806 -7.9203 -1.4574109 -8.47226 -0.83117735 -11.351307 -0.9069372 -11.331054 -2.372547 -7.2622833 0.9883851 
-363.97354 131.68506 14.727251 35.516556 20.306124 2.7856877 -4.282552 5.502355 -7.6141467 -5.132109 -14.375965 -4.665957 -4.223478 -7.2838035 -12.378742 2.694091 -5.491105 -3.6801882 -3.5553315 -1.8993552 
-257.9759 160.78128 -17.7922 11.983554 34.31416 -7.8074765 -18.803158 -4.4206295 -31.196907 -17.326296 -7.1879406 -8.475303 12.503203 -3.8402567 -16.285582 16.45395 -16.598488 -17.972258 3.650183 -6.8570156 
-262.913 161.08177 -31.665941 46.1116 60.837646 -33.364983 -27.509209 -4.516501 -35.592094 -6.313113 -10.265017 -26.523628 17.926949 -2.3903172 -23.80153 20.584713 -15.527178 -4.258711 4.2662745 -15.761102 
-309.98218 147.05351 -5.389847 60.860126 54.474712 -25.429522 -10.765835 13.015644 -31.539381 -7.5185184 -17.103155 -21.736357 5.741423 -0.6383764 -23.614481 13.614589 -1.1880784 -3.4391656 -3.6137686 -8.081455 
-311.88428 70.04615 40.681435 26.685001 1.00831 20.726511 -7.869673 3.4982586 -1.77243 -5.5647182 -12.822251 9.149532 -9.213319 1.8722227 -9.289661 -0.9911609 -5.8966427 -1.5181242 -7.9868917 1.3937471 
-250.16333 132.49806 -14.361528 19.48272 12.029678 -2.5621233 -19.624905 4.951494 -25.791483 -2.1891208 14.092591 -3.3236759 -5.275319 -5.588865 -16.81717 -3.233348 -17.958956 -4.236691 -0.5413518 2.8038018 
-315.57632 141.34804 0.96750575 52.869064 35.49385 7.540006 -21.514881 -7.322781 -12.759216 -6.5023 -24.440113 -12.73034 -1.2812707 0.2232941 -15.354985 -2.6686997 1.9497092 -1.2396868 -16.81545 0.15500048 
-364.65125 160.60857 42.104652 36.528152 19.712072 0.50477815 -6.7261505 -2.4635208 -11.501873 -8.126297 -16.158562 -8.930168 -7.774473 -5.2964573 -10.439472 1.3408377 -7.3338294 -3.016823 -3.8223763 4.090357 
-300.11987 164.94444 20.556406 18.831436 13.716893 -9.312412 -6.8330846 -3.8826425 -21.03973 -20.854746 -17.64432 -4.5668917 6.672522 -6.255712 -12.499331 10.749683 -0.80215156 -6.970918 -4.395713 2.9656422 
-325.2517 149.84389 15.448381 22.033554 19.194633 10.290455 -1.3837476 -5.173372 -21.440605 -12.451819 -8.916881 0.26799673 2.154298 -5.162318 -18.588923 10.736921 0.794544 -9.696117 -8.992515 1.0861955 
-327.03668 171.92545 -8.66597 15.724579 19.965815 5.7261057 -14.16056 -3.8602889 -8.504262 3.2662497 3.2713327 8.334137 -7.8524876 -6.0579295 -14.226451 -0.22368479 -17.814554 -2.845725 -6.882551 5.6719027 
-307.89127 107.13237 39.30619 23.211636 5.4810386 13.331906 -10.732661 -9.018059 -21.279686 -5.3312483 -11.72668 12.828594 -12.747988 -3.5545223 -8.166956 11.866367 -8.956522 2.9330409 -7.1590204 -1.3070964 
-359.86932 156.77953 4.3040752 28.440084 16.891474 2.6506798 -4.327656 2.1494625 -18.05335 -5.3471622 2.6791089 12.005917 -1.4286666 -2.0062785 -11.988223 0.7451452 -11.708902 -2.04083 -7.4559054 1.2169436 
-323.51242 130.6522 19.186483 19.42151 30.45166 -1.8070704 -10.646908 -2.6116843 -23.239328 -12.783604 -6.8619504 -5.136905 -6.0040226 0.57106644 -10.581468 9.909519 2.8343463 -10.684894 -0.013484107 3.9161932 
-349.53674 133.2659 12.065967 38.530594 24.107107 1.5190644 -8.049655 2.8266075 -9.145701 -3.1565332 -12.786185 -7.97092 -5.050025 0.75397426 -10.19977 4.186556 -0.3621106 -0.180734 -2.2827177 0.6848148 
-397.75592 130.96179 14.848698 33.582493 10.801534 12.265215 -0.14863056 9.977328 -4.077757 -1.9790999 -13.350074 0.6761593 -4.7908535 1.574895 -5.159722 1.1177624 -7.4938517 1.0827311 -5.8591776 4.0024734 
-260.9063 166.77487 -15.078157 25.08065 26.616875 -9.655023 -25.08949 -4.8712673 -33.69726 -7.8512673 2.549453 -7.0490294 5.435316 -5.6976995 -16.006908 6.193182 -30.50106 2.4097862 -2.5920153 2.9704132 
-282.7884 109.455666 26.347363 22.853052 14.908382 6.4041224 -17.876549 0.94499755 -25.199846 -8.670766 4.0990887 5.4600577 -12.470487 6.033489 -13.210422 -2.426124 -11.01012 -6.797165 -4.59047 -7.128078 
-281.25427 205.42729 -13.277274 7.957545 3.3069677 -26.725967 -8.560307 16.003317 -33.34662 -16.860231 -0.8204375 -3.235744 19.682177 1.396291 -22.197874 1.5957794 -17.610685 -12.724048 3.0044518 3.3100028 
-297.47913 171.7343 -14.675905 15.270573 14.630308 -11.559316 -5.9227386 10.05581 -26.910086 -4.02525 5.027374 -4.1519833 7.9619827 -8.681297 -25.94862 -3.7170649 -8.219207 -2.389693 -2.93942 3.5318244 
-330.5335 168.68225 10.609629 32.42715 38.434986 8.927672 -22.109535 -6.696063 -12.487199 -15.711073 -17.90477 -8.544595 -6.1168 -14.512887 -9.308506 -1.2355735 -2.8468618 -2.2194884 -5.576502 -2.8839324 
-330.26157 181.7794 26.869871 24.258831 2.65596 -8.075045 -13.436413 -7.292414 -16.559092 -15.511234 -16.317934 -3.9580553 -1.4229134 -5.3194704 -10.7027025 4.7062607 -4.562453 -6.5173435 -2.2571955 5.3292556 
-283.30115 187.46739 -16.894398 14.757512 17.41451 -11.207178 -16.902483 -7.8851604 -29.510612 -15.174535 0.81322056 8.257476 14.094544 -1.4216936 -15.3083515 7.5488563 -11.018387 -20.950602 0.8920024 9.084897 
-383.48206 145.40076 13.987798 24.047266 10.453934 6.2476873 -4.3906865 -2.5201085 -11.144011 -1.82513 -7.1879163 2.8964438 -5.5605087 0.084070735 -7.951049 4.532547 -7.1339393 -4.592882 -6.3837852 2.3516922 
-329.22525 153.0326 14.706495 34.164677 31.962084 3.522384 -11.842941 -1.9574142 -13.180273 -10.793389 -11.268284 -2.1850543 -2.4840164 -12.254514 -9.7569 6.991898 -9.158646 -10.852779 -7.145281 1.7672541 
-297.32138 151.80417 -19.043068 44.912872 46.68791 -14.822416 -23.430056 3.134614 -26.97579 -6.9296155 -0.23444325 -11.736434 -4.358959 6.971451 -12.594912 -2.5624728 -4.3148193 -6.2699986 -4.681043 3.7461674 
-331.06927 150.60509 5.8802195 21.120232 9.803572 8.644059 -4.668046 -0.9600435 -20.145113 -2.624986 3.4754121 6.731041 -6.066576 -3.9209208 -10.488623 -2.5978198 -7.8908176 1.6154275 1.1540188 -3.3961573 
-301.1652 131.68292 33.18949 22.016182 12.13291 -9.180642 -0.7422762 0.35033214 -26.61186 -16.119778 -16.402155 -5.7992816 -3.7604342 2.0968122 -8.776073 4.751774 -4.4210286 0.6477023 -2.9162965 0.88718915 
-273.44937 134.3369 35.14717 32.004406 -0.5754291 -7.1795316 -18.39569 14.630946 -30.31655 -10.512823 -17.23835 -12.061319 8.0867605 -11.547837 -7.168001 5.5891767 -3.816302 -1.659448 2.3209467 1.0067306 
-297.55713 138.02519 -6.730366 42.120037 45.016373 16.077461 -38.532265 4.3072605 -6.7920933 -8.59898 -18.12714 -23.580334 3.5117514 -2.4303017 -17.77049 -4.8558626 1.8638248 -1.6318043 -14.162303 2.2210438 
-328.668 124.65177 25.71957 25.62082 25.699936 3.7735224 -5.6301174 2.4442203 -10.34148 -4.272389 -15.914307 -12.078228 -5.9248824 0.6456668 -9.259498 -2.2725945 -3.0222232 -3.4006953 -6.6163716 3.3043203 
-311.5742 169.40819 35.659973 34.14604 -0.2303826 -19.56258 -10.639895 -2.8446438 -25.56326 -3.666297 -10.449056 -13.847814 3.2546928 2.3033383 -14.771778 4.3160615 -5.0572 -10.197988 -7.075526 2.9836018 
-276.50668 146.00221 -5.450556 9.591813 3.319163 0.37630832 -17.015623 12.750694 -14.770725 -2.0240629 5.0105014 8.8163 3.0742877 -7.323723 -14.738734 -1.10729 -9.177946 -7.1814923 -0.73858684 6.2555103 
-335.4138 177.75822 26.07686 30.137438 -8.281857 -19.924395 -3.6408916 -1.8136249 -25.3825 -9.68343 -12.990419 -7.6286216 3.9078283 0.7097436 -9.770162 4.211301 -7.2613883 0.25901255 -0.020627234 5.2083564 
-307.5249 174.15091 15.998494 35.554283 3.7511945 -16.668653 -7.7040997 1.4614258 -22.213608 -3.8535953 -9.439056 -12.221525 8.89377 -5.305832 -16.990799 -1.1722652 -7.6776986 -5.7711124 -6.2116375 4.6896415 
-333.44397 144.30042 45.73386 28.143497 15.326863 -15.538483 -3.8386683 3.6945376 -20.201948 -11.894924 -16.078331 -11.819073 -9.258291 -0.15787898 -13.229645 -0.75602925 -8.250828 -3.1393352 -5.928883 4.352597 
-347.30536 155.36969 8.122643 37.19261 26.42138 4.5696583 -13.46011 2.939008 -14.73783 -5.899366 -14.90005 -2.6931453 -3.6996562 2.765189 -9.867666 3.0686948 -7.0175056 -6.7822857 -11.598271 -2.513746 
-307.71326 87.35875 46.324806 43.112785 4.011584 17.91929 -9.06368 6.6637077 -30.939018 1.8940392 -17.864988 -5.196799 -11.156285 -0.14507501 -8.342256 9.571673 -6.433126 -3.096854 -2.4850442 -2.9803603 
-327.85382 91.47507 42.72475 35.59935 2.7261014 8.813475 3.7383723 -1.8009981 -21.527489 1.8009442 -19.07656 5.8692126 -8.283452 6.0937705 -6.706414 11.419829 -9.193821 0.64670473 -3.0220037 -1.2781901 
-323.39886 160.20822 6.481811 34.678207 11.921175 -13.565231 -13.426825 -2.736632 -25.357538 -17.538479 -14.571117 0.43917623 2.981249 4.413541 -4.3910317 9.7344 -7.0875783 -7.8904276 -1.6481366 1.1957672 
-322.03503 161.17781 24.155035 23.024584 2.6379611 -6.1494746 -4.0420947 2.231744 -16.45275 -17.915916 -13.233256 5.9715047 1.2102011 0.03753641 -9.001739 2.3045135 -13.667495 -8.067217 -3.458888 -0.84081024 
-378.46072 148.32059 19.050285 21.203775 2.0807414 14.325073 2.5816395 6.1272416 -18.804855 -13.345784 -15.320092 8.381 3.8933847 -1.4340857 -5.8208933 -0.51391923 -7.7878547 1.6857724 -0.6907313 3.9996986 
-371.4191 140.58575 38.930653 30.629753 16.21375 -0.4160767 -2.3402095 -3.10314 -15.452752 -8.363648 -19.508036 -6.725381 -6.2027826 0.12739553 -6.1796985 5.6697187 -0.72492564 1.4539574 -0.9531968 0.44626945 
-349.66998 154.40057 6.1101184 33.798325 18.540472 -2.2556965 -5.767092 -3.7988086 -22.809061 -6.3748055 -0.9485494 3.1558738 -2.14746 -1.9021857 -9.107715 8.347793 -10.392361 -3.430383 -5.688204 3.4321742 
-325.5505 137.5426 15.749366 34.893845 29.134634 11.220441 -7.694737 -1.2399588 -24.08369 -12.613276 -0.21819575 -8.743682 -11.441844 0.6482852 -2.298811 9.157012 -10.375571 2.6971266 -4.6292114 1.0739326 
-395.74402 131.74557 11.229268 28.824232 10.814281 10.639364 -2.8135672 5.980164 -5.1096354 1.0640615 -7.0129614 1.0246788 -6.1589 2.4697564 -6.2055764 5.0150585 -5.887436 -0.17037164 -9.979862 0.90421337 
-323.7195 163.29364 6.9444103 18.857904 -7.6911783 -19.864029 2.4522324 7.201379 -15.961726 -5.435552 1.6430229 -6.672961 8.101437 3.4577463 -14.619374 -2.1177034 -17.687723 -2.4684093 -4.8292994 2.9587476 
-222.43008 166.61282 -30.661251 -7.8630533 1.5285562 -26.568613 0.40676084 12.55809 -32.15094 -5.8761525 17.843088 -4.039261 2.3276684 -15.061144 -25.36392 -1.2718836 -14.729789 2.3860848 -9.422154 1.5511441 
-301.00247 125.646454 2.3013945 34.97188 13.473777 14.278139 -30.885803 10.323777 -13.155994 -10.715148 -5.6614513 -7.6533847 -5.5925198 -9.055964 -11.437564 8.655581 -2.5842917 -0.19875672 -1.0834117 8.18984 
-309.51965 137.45378 32.588295 17.285124 12.590731 -3.2059152 -2.401636 -3.3153818 -29.615213 -16.0463 -10.65263 5.4970255 3.2125137 0.97719955 -11.7201395 7.622623 -11.206632 -0.60663784 -2.4145405 4.395945 
-322.088 172.44197 -4.7318296 36.521465 36.86441 -4.8805065 -22.031063 -9.775555 -15.991797 -11.291858 -12.178306 -0.8236448 3.2871945 -3.4470751 -14.367589 8.713634 -8.350482 -12.729149 -3.851083 7.8983307 
-307.9972 158.72122 -5.4908133 24.491365 19.103071 2.866486 -25.861046 -4.956966 -17.821407 -6.0119877 -5.6426764 5.8769817 -1.1033764 3.0576735 -11.13745 -3.8291779 -12.218807 -5.1157365 -5.304922 -0.00020227168 
-323.1096 115.58527 28.42937 41.677902 9.588569 6.144574 -11.890698 5.704907 -13.344781 -11.894527 -14.576294 -5.0035253 -6.3804984 -0.525883 -10.6453285 8.037077 -6.3658056 0.17812835 -5.173778 -0.2437643 
-329.2129 106.44169 13.395999 60.590054 12.330229 5.2163105 -3.350288 8.062473 -13.9809065 -2.4419422 -17.390297 -7.1482673 -4.2591314 -11.140565 -20.25713 8.463434 -7.207438 -9.886885 -10.765057 4.0504403 
-346.5063 165.05832 -29.99759 18.716885 25.64712 -0.56671363 -20.403765 8.390011 -2.7461972 0.48590374 2.5904598 12.740218 -6.305753 -8.460981 -13.278468 2.053094 -13.957739 -0.30951038 -3.6188898 7.3182406 
-412.6762 137.97069 11.293791 33.780098 11.9177475 10.461425 -4.367704 14.694307 -3.3886478 2.3020353 -10.330132 -1.3844603 -8.005228 -0.07295937 -7.405649 -2.257697 -10.999363 -2.2676392 -9.444909 1.6478902 
-288.20007 101.8464 7.18278 40.353046 35.37381 7.784968 -18.698416 14.619609 -39.319153 -4.739278 3.3688622 -19.353054 -18.576365 0.8212392 -8.353039 1.2269149 -3.083177 -8.741332 0.40004852 4.405713 
-278.7813 154.04102 13.436349 35.787037 -5.2945995 -26.565582 -16.743706 8.901043 -42.48605 -13.369289 3.4507384 -14.918642 -5.658611 -3.9506557 -13.704646 4.0396256 -4.260672 1.4178969 -1.9359281 2.1918046 
-226.769 121.705185 1.6801592 28.982487 33.60831 -4.922309 -26.07686 -16.01732 -40.013718 -9.2682085 -7.4063168 -11.105939 -6.1922827 -8.707413 -7.5521417 13.854595 -16.358103 -1.8895727 7.525249 -4.2829123 
-283.3603 174.05038 12.103157 28.227028 4.4707108 -14.920504 -8.937755 -14.252367 -41.613777 -12.86403 -3.8567243 -0.7635672 3.8795748 -11.766285 -6.8600574 7.7196765 -7.2351456 -3.3180335 -0.511307 -4.4574566 
-311.6246 103.35127 25.471535 48.8539 19.976433 2.4166086 -19.789782 14.163213 -15.002018 -2.7697878 -16.493698 -2.9702232 -7.7168403 -8.166075 -13.019289 2.274541 -0.8215564 -5.061802 -5.885981 -2.706936 
-289.44226 117.73527 15.045975 39.09879 42.27342 1.4210413 -19.501097 -7.358492 -22.664272 -11.539906 -14.762065 -4.934047 -12.534793 -0.21516842 -8.76533 10.912905 -7.0482984 -4.0368443 -0.9299936 2.951514 
-314.60867 171.98663 -9.8380375 33.953598 33.396267 -4.5052958 -20.180197 -4.855403 -22.291267 -12.139339 -11.184639 2.9440877 7.1583047 -9.392918 -10.433922 9.968598 -4.4146075 -9.589298 -3.5983174 3.5818813 
-315.96432 179.25648 20.36543 32.726368 -8.872303 -35.2536 -7.5270286 4.708764 -18.007656 -8.951148 -3.2733853 -10.892098 -2.1226108 -0.6690791 -8.736278 2.5229213 -5.8910418 -2.4888687 -4.0627065 -2.389758 
-356.09726 153.907 36.48061 32.98759 4.2779946 -6.8450794 -10.898233 -10.239132 -9.723643 -6.666415 -7.987814 -0.42441398 -3.179353 -4.4646983 -8.2063 0.4554968 -9.208189 -0.69863534 -3.7300928 0.73574173 
-354.3833 167.08783 38.599625 40.129013 7.595942 -4.2886806 -12.135907 -10.912953 -20.034704 -8.90106 -15.840866 -3.6057036 -3.610181 -1.9229052 -11.561443 0.042364333 -9.158403 -4.616114 -6.6750484 0.012881809 
-330.64648 146.85272 19.938297 40.805603 5.461139 -1.9161638 -23.737213 2.5535824 -9.283666 -6.133057 -2.0949845 -0.40816876 -2.2982283 0.0327476 -13.577327 5.1217637 -5.229566 -6.426395 -3.2020438 4.6357737 
-287.5226 185.9279 0.26215997 13.567593 -7.4785595 -23.54562 -10.561401 11.078408 -19.831917 -22.433191 -5.905075 9.057161 11.202104 5.436553 -8.913392 -0.04661772 -16.082264 -12.6451845 -3.6799333 4.652017 
-344.66327 168.5008 38.190426 36.66908 -2.1603513 -18.695793 -11.664643 -3.5702353 -13.535843 -4.7059145 -11.486852 -6.573532 -8.869366 -5.961184 -11.779496 -0.24762005 -3.1003015 1.2886889 0.964741 3.0560482 
-370.3556 138.58539 34.047806 31.02509 13.417706 4.521047 0.3713657 5.305889 -12.313554 -11.326272 -21.491953 -3.121524 -6.903822 1.0378592 -1.9991395 4.79454 -7.961124 2.0877707 3.1076632 4.8669434 
-349.97278 170.26312 29.748901 43.193268 4.7983837 -18.317406 -2.5214112 2.5648336 -31.23426 -12.539012 -19.1876 -17.92927 -6.1090784 1.3618305 -13.756919 10.541927 -2.8730304 -1.4258595 5.518175 -0.9103797 
-379.31332 142.34297 14.7437525 39.65801 7.8899894 3.9686017 2.1559258 4.3208275 -19.20206 -7.2891607 -11.095809 -0.48741007 -1.5792283 -0.3916041 -6.588361 10.341396 -1.1685658 2.0805295 -3.6018782 -1.26584 
-391.13153 151.77142 19.93365 40.52825 25.693537 11.213388 -10.611636 1.8205172 -2.4450376 -2.8756895 -18.423927 -2.892581 -7.217271 -6.217815 -14.491653 4.0119686 -2.490666 -2.0560408 -11.687778 2.9875047 
-377.48117 157.90622 19.25752 38.63317 3.7698195 -13.328663 -3.8251584 5.6280427 -16.830574 -4.642039 -7.4516034 -3.8080356 -1.1507708 3.9665968 -11.048382 2.657647 -7.16431 -6.597052 -5.679808 1.6148001 
-409.81293 139.77303 12.77931 31.858175 8.687426 12.86312 1.5657673 10.79107 -1.5880439 2.2925615 -7.1159887 2.824685 -7.07244 -1.5024545 -9.276156 -0.26047838 -6.9024477 -0.85070175 -6.7875156 -1.9668208 
-382.1044 117.303154 27.86472 25.5672 18.513645 9.188429 3.0370944 5.392978 -5.073218 -1.6743858 -6.555596 1.8038976 -5.7288785 1.0175309 -10.342724 3.243902 -5.894737 -1.0364937 -9.214436 0.19061722 
-303.5811 170.1888 10.302743 30.470154 25.093832 -0.08394448 -16.84844 -16.138685 -24.52159 -12.967694 -12.102834 -3.5479758 -2.1955786 -9.938913 -4.5829444 15.2329235 -5.2418046 -7.0069056 3.7290688 9.358743 
-338.23758 138.49704 21.016594 32.948906 19.944853 11.560755 -16.714699 7.807813 -13.742008 -10.715992 -13.663619 -2.4101589 -5.4402747 -4.5515976 -4.0164986 4.2282467 -2.215462 -0.028540876 1.084786 5.795463 
-336.3299 158.52086 2.20403 46.444733 26.252483 -5.1860137 -6.9729333 -7.0481057 -35.21621 -12.619477 3.1698482 2.019452 -7.3713555 -4.924134 -2.0066068 14.336127 -6.797027 -11.058863 -4.6598854 2.2739174 
-400.77524 133.48119 16.841063 31.35495 9.2279415 12.594051 2.225852 8.414244 -3.9497108 4.094347 -8.446884 -2.9699228 -10.748166 1.5163808 -7.5377145 1.8709441 -11.129056 -4.0281353 -9.171498 2.2652469 
-379.18402 121.06876 26.52499 23.05456 11.415854 15.8704815 -0.23912027 5.5268927 -3.9591074 -2.5196855 -8.055667 2.7884386 -7.457188 2.579283 -8.374575 0.9489659 -7.582194 -1.209043 -8.727392 0.86174196 
-208.17975 172.33145 -48.60396 10.890011 22.3908 -24.089743 -24.413109 4.1441936 -28.741346 0.93188053 26.416254 1.1095865 -3.1446066 -8.385209 -17.18933 -3.6225154 -22.358265 3.5170286 -5.525237 7.5907536 
-319.16223 156.6859 -18.946363 65.05786 39.76832 -30.05488 -17.959433 5.281177 -24.648771 -3.5082498 -8.212763 -10.587158 4.8070107 0.094732605 -23.049673 5.024951 -4.3782535 1.1072543 -9.403152 1.8417631 
-307.80832 55.538498 32.320114 57.9384 2.1945946 12.920783 -0.4282735 11.106219 -3.1384525 -2.4938064 -12.644143 -3.7032251 -11.894421 -5.614298 -18.132118 1.4165393 -8.541172 -3.614398 -11.629091 3.9051733 
-299.068 159.64862 -10.638172 29.150032 25.396116 -3.20324 -17.19835 -4.4542394 -14.845376 -4.185171 -2.245595 3.8591402 -1.3211095 -10.995293 -23.578287 2.9222527 -10.529234 -15.800023 -6.2602234 9.616301 
-344.41162 171.30992 -9.379347 44.20268 42.45184 -9.636742 -22.62205 3.4932077 -16.534126 -7.0782647 -12.729061 -9.023582 1.7177384 -4.4163675 -22.500654 10.263229 -5.3637223 -10.702292 -1.1362797 6.236707 
-339.76736 127.09288 17.9938 43.438618 11.526719 15.168557 -25.937983 11.2757 -8.0964985 -13.657885 -6.8196287 -5.394538 -0.46485913 3.0152826 -13.331613 11.451014 -4.481517 -5.301228 -2.4966125 7.6144605 
-332.50735 150.63524 5.6337605 38.377457 15.144392 2.0952668 -17.971674 -1.3361936 -17.68482 -15.74081 -4.0158477 -1.1166457 -3.19149 4.2060533 -9.9340315 6.20335 -13.464246 -2.0872824 -2.4643252 -1.3621361 
-310.34543 171.46667 10.229667 26.521772 -7.0089355 -25.048807 -11.851856 1.8298383 -22.337633 -13.910634 -3.9835424 6.930419 7.258878 5.0743337 -7.106989 5.3677993 -8.076294 -11.119239 -3.5112834 -0.22054693 
-352.92532 132.45892 16.0326 38.443672 14.771291 1.6994447 -11.551478 2.7958891 -21.100706 -7.503161 -8.814528 -0.33232042 -2.2450252 -2.377871 -1.2941713 8.956411 -2.041151 -5.528506 0.3919745 0.08051644 
-353.1389 106.1774 39.869392 28.82842 17.012121 18.062395 -7.729966 9.467806 -15.554277 8.896112 -18.21584 -2.6433508 -13.025074 -0.31579632 -5.3350163 3.68096 -7.028517 -4.8446064 3.6108654 3.6277308 
-340.10764 162.34497 15.282139 37.951225 29.112322 -1.2358575 -18.724665 -9.863698 -19.704931 -12.657087 -17.231693 -0.7233272 -3.8377724 -4.374035 -10.249343 9.078534 -5.8966107 -5.945076 -3.7739427 3.2943027 
-373.89124 152.2776 15.216631 40.781277 18.083584 1.4503179 -6.040432 -1.2960707 -15.539307 -8.71817 -12.352449 -2.335618 -5.912172 -0.88404727 -7.723804 8.669844 -5.775693 -2.0453746 -4.293385 -0.5422821 
-390.13025 153.71996 20.815174 33.31093 8.214362 7.098793 -3.6346593 4.362393 -10.205668 -3.788125 -14.549395 -0.37703767 -4.963874 1.8085092 -6.1091924 4.391973 -7.7287054 -0.8076809 -2.2701483 4.4238715 
-374.62204 126.6631 37.27298 27.620287 18.767546 4.5190063 -5.446102 6.264859 -18.284386 -5.1224113 -18.19505 0.37164477 -6.188714 3.3319824 -9.035686 3.197035 -4.488363 -1.9237905 -3.6994243 1.6496344 
-384.06915 146.12085 14.927139 30.971157 15.069824 6.275038 -10.370228 -0.18402211 -6.31056 -0.16233087 -9.876565 5.38974 -7.673293 0.06966315 -5.3751044 5.402234 -9.884637 -1.9587016 -3.1521351 3.2713058 
-415.0419 138.5663 11.840015 33.5054 7.2757874 12.35398 -3.464782 9.666938 -0.6762284 4.164358 -7.415136 1.3206158 -5.7299976 -0.28812182 -6.440378 -0.3390646 -10.169324 -2.858807 -6.914629 0.8799793 
-406.61246 134.28473 13.532717 32.437904 8.438625 10.695577 1.3860728 10.983098 0.747946 2.5712743 -10.942928 -2.5816252 -8.816511 -1.0180787 -7.0479074 0.10847918 -8.745159 -2.045528 -7.227515 1.6861361 
-414.41965 138.41794 12.0589285 30.007359 9.330955 13.315203 1.6375337 7.1647 -1.5879987 5.5931463 -7.5754523 2.7449489 -6.0570316 -2.583366 -9.422016 0.6907542 -9.341824 -4.294386 -9.472066 0.921532 
-413.86783 130.34077 18.329405 36.377163 13.0472555 11.551417 -1.5983481 9.037648 4.012396 1.9287082 -10.304055 -5.514837 -6.2110133 -6.2199707 -13.019788 -0.63255024 -8.286485 -2.1667044 -5.590118 2.2759368 
