-358.00177 142.11914 30.315067 33.39219 11.616186 3.117394 -5.4966884 5.2699203 -8.427715 1.0468721 -13.758906 -4.1507025 -5.419167 -0.87005717 -0.25151175 3.9379773 -6.511181 0.23883873 -4.461825 -1.091025 
-217.91666 106.541275 23.108757 43.19912 14.434789 12.095584 -25.468594 -14.748062 -12.535876 -8.61547 -31.100441 -0.9160351 5.2074633 -10.569033 -2.9897468 10.785304 -23.43693 10.86384 0.20328021 -6.677187 
-219.93901 97.50306 26.901632 23.655136 15.59236 14.86862 -32.42861 -9.1069355 -10.173291 0.88704085 -17.91788 2.9115567 0.27543408 -12.6040745 -1.1274561 4.5942826 -30.950602 6.402377 -9.953014 -6.426424 
-224.54779 135.00935 -6.2217083 20.552767 16.999071 -5.400748 -25.451553 -15.721378 -12.507065 6.4781427 -20.36119 15.138655 3.0320702 -16.492739 -6.442628 8.307987 -23.811163 4.021796 -4.646235 0.8361076 
-266.6733 149.45798 -2.3656423 15.807092 2.3805459 14.266641 -13.833594 -5.9146547 -1.6068575 -5.0873513 -17.090773 11.612209 9.887451 -11.18882 -11.249178 6.7943964 -25.341942 6.3247113 1.2222047 -5.2381463 
-283.78918 110.28397 46.80714 26.16018 -0.92200387 14.671773 -4.683531 2.9233246 -15.164413 -2.9878387 -25.240486 1.3144296 0.89453673 -5.8642645 -7.3938394 6.902519 -15.956255 3.9578793 -5.9018536 -3.5617702 
-287.64694 152.53343 37.130676 28.575731 -3.285716 -13.4180355 -12.092157 0.99595237 -17.65726 -6.7505765 -25.116026 -7.613317 -1.087583 -1.5977776 3.072812 10.725011 -7.1299276 -3.227512 -4.221937 -2.5942166 
-312.4974 131.37189 5.676202 44.24302 26.988708 3.4090967 -16.958366 -8.269641 -2.9825075 5.0130982 -34.629997 0.1436542 3.2768176 -4.472822 -5.6673913 10.308967 -16.37134 4.3884993 -1.9507512 -4.5177655 
-303.40073 149.14714 10.8536415 33.408676 23.10226 14.8652 -19.062738 -29.115608 -23.830254 9.183197 -31.735518 -5.816849 8.900158 -1.9548573 0.7602461 15.630602 -13.776499 -3.1584582 -11.221734 -8.682508 
-270.56036 98.50716 28.06127 32.96091 27.46186 25.853971 -25.46294 -6.2209635 -20.391884 19.904596 -37.880085 -12.210366 1.5010477 -3.0502658 -8.802953 13.339199 -16.42314 2.5421257 -7.013164 2.6355088 
-276.44852 103.07123 19.31533 46.92424 12.085581 14.887231 -17.218925 -11.0635 -18.39533 9.675276 -31.444777 4.236255 5.1083045 -3.1230116 -3.989989 15.998688 -20.661022 5.5961432 -4.719708 -9.905431 
-272.20715 78.0159 41.96683 56.851265 12.23498 24.979248 -27.164385 -0.25495264 -11.538536 2.0169086 -39.337967 -6.808652 -2.0502915 -1.2673516 -8.646812 10.396695 -21.560741 13.171867 -6.1442814 -9.692892 
-296.841 85.00955 43.01505 52.076813 -2.1598094 31.89344 -17.709917 -1.2251799 -5.877962 5.227834 -25.406933 -3.0352385 -2.6593227 -6.0620713 -1.8743373 9.3617525 -21.615364 7.1772027 -10.570297 -6.6946664 
-363.03165 137.82172 22.941093 31.47025 12.813648 14.721653 -13.092891 2.3832638 -9.946063 8.147112 -19.912827 2.2833033 -6.483587 1.2624105 -5.074959 7.8015585 -12.640268 6.5264325 -6.677779 -0.7508757 
-368.52808 115.12668 24.386116 32.00177 11.66985 12.217807 -3.8564327 12.114824 -8.586139 8.664822 -18.179922 -0.37434846 -6.391716 2.5745127 -11.15844 4.829764 -14.832699 8.621815 -9.877024 -2.0379496 
-373.91678 123.65845 23.607262 33.259594 11.625166 13.534786 -3.8031023 11.917439 -10.321734 6.728095 -23.790743 -2.0282965 -5.5024242 2.3464327 -12.460469 5.304035 -13.602643 6.557255 -7.6100616 0.78872496 
-297.07776 150.78496 -2.9026062 22.630558 14.371861 -5.357784 -10.65686 -7.6385455 -12.8203 6.7943683 -19.77254 11.388997 3.6972783 -7.390251 -4.895884 1.7305673 -30.419142 4.2583127 -7.684468 -0.22069587 
-321.27234 177.53052 40.105408 33.29066 -7.390597 -20.306667 -18.685356 -13.366268 -21.751146 -3.8993437 -18.401527 0.27606857 0.33485276 -3.378767 -4.2691574 1.6484272 -14.25126 -0.38979346 -3.4021661 -3.3934758 
-273.8272 108.310844 49.236706 27.852356 -2.0538695 8.761895 -10.498857 -9.072322 -21.363792 -7.121143 -31.726479 1.2312402 4.89856 -9.181874 -1.9700078 8.203342 -18.369316 5.366446 -9.703254 0.41021687 
-240.83075 127.2454 41.153866 26.605997 -4.6446705 10.269518 -13.234972 -14.605596 -26.343946 -5.124956 -35.550533 8.798252 10.049417 -10.103213 3.0725284 14.601868 -15.815852 1.9344813 -9.989755 -2.3879383 
-247.02637 172.93167 -12.138911 8.725685 3.3056846 1.2433776 -11.355265 -13.6510515 -10.280659 9.394706 -22.286291 18.077997 12.654999 -18.464684 -9.259215 7.3269706 -27.927504 -0.9110631 -4.767828 -2.2719486 
-335.61322 136.87209 40.094254 29.752953 24.31512 11.516775 -9.270351 7.234954 -10.61613 7.776184 -14.383577 1.880394 -10.448925 -3.2958775 -5.875101 5.259438 -16.990017 1.2731786 -9.346437 -2.6834583 
-384.7761 140.6117 21.969095 36.271366 17.65551 12.245435 -3.5968258 13.677835 -6.9032125 5.632406 -13.20655 -1.6505752 -9.561315 0.42363822 -7.948118 4.7415576 -9.661521 2.1722727 -10.105301 -4.334838 
-376.069 127.08545 22.469131 27.4384 12.025346 5.968238 -2.856036 9.82571 -8.051473 5.937328 -14.7244 -1.170961 -4.0062046 3.4011064 -10.0055685 5.778494 -12.627701 2.121212 -10.339252 -2.6179228 
-274.6715 155.2221 -3.3201222 41.494675 36.474525 -2.4354227 -30.035604 -25.46712 -18.451134 5.9239864 -30.84039 0.5254476 7.0151196 -3.9633899 -4.0026226 7.545335 -19.40271 3.753293 -3.6893818 -3.0086396 
-316.77994 142.71768 12.396947 39.277027 24.905264 12.72011 -20.761852 -15.686903 -10.404345 12.057555 -29.475769 -5.946084 -0.1394594 -4.205269 -5.881581 6.5652337 -15.225691 6.3921485 -7.5964913 -2.691245 
-308.53427 107.674034 31.789389 48.752266 11.113017 23.611933 -21.739529 -1.625746 -9.024512 4.828845 -33.50795 -5.778381 -2.099988 -6.999647 -6.5217113 6.06822 -23.835943 7.3739605 -9.810285 -6.8876977 
-334.65143 122.879654 22.871302 47.08994 14.145366 8.101858 -2.7498507 -5.4053125 -6.3275642 7.799263 -31.679897 -3.2940218 -3.716962 -11.0973015 -4.73477 2.8539205 -16.956514 6.45599 -10.680794 -4.842905 
-255.00854 92.90412 32.923958 42.221786 11.979403 21.866402 -29.144447 -11.4085245 -11.475931 3.0448008 -32.24983 -8.901348 -2.4907625 -8.207636 1.6492623 13.167959 -20.471375 2.1261187 -2.3245287 -1.3371209 
-260.8764 92.2612 36.598778 33.30892 0.7419581 18.797895 -12.531327 -4.945547 -25.552984 6.9334407 -37.253235 -8.123821 7.3085456 -3.3904407 -7.2275295 17.28432 -13.256206 -2.640027 -6.4818377 -2.5919871 
-319.89706 159.85577 32.833214 29.832563 -4.5191813 -10.437545 -11.233713 0.5156052 -17.401192 -3.456309 -26.963892 -2.9433556 3.8094068 4.4025464 2.49211 10.31126 -15.156616 -11.358154 -8.689338 -8.509197 
-370.62796 132.22821 19.479729 31.169472 9.407004 14.287862 -3.5873587 12.844151 -7.573711 8.550844 -17.644203 -1.7386942 -5.0653224 2.4134288 -9.385142 4.1005673 -16.841434 4.07298 -5.3858576 -1.290665 
-364.14658 124.646065 27.189323 31.309793 14.45629 12.0258665 -5.4067907 10.849769 -7.6344366 8.110557 -12.758207 -0.9787783 -6.55318 2.3251808 -8.8735895 6.8527884 -10.350971 3.0204484 -6.3618565 -0.8544639 
-264.46725 99.0394 13.609451 52.12294 28.600119 17.821245 -25.27276 4.151251 -13.823609 -3.409484 -22.862206 -15.556932 -1.2185888 -3.6115553 -6.8575306 11.613341 -13.7477 1.4853117 -7.2297177 -3.5935965 
-271.1108 119.14959 18.844698 38.246006 22.457703 8.831584 -25.793007 -16.599052 -21.474094 1.3000278 -32.645714 -1.9934633 1.791975 -2.57828 -2.572926 11.508037 -18.945686 4.846782 -4.4808693 -8.032803 
-290.7049 70.75278 27.344921 67.88738 -8.140626 13.271923 -8.698353 1.4267523 -11.491908 12.823908 -29.228441 -3.8548746 2.0243785 -9.273122 -8.481593 8.766729 -20.975061 6.369395 -11.450915 -8.448369 
-320.37717 130.2731 37.594017 32.925327 11.130711 13.8916025 -11.660907 -5.125284 -23.690466 5.809845 -26.879822 0.90393203 -3.583127 -10.939095 -1.6434313 3.3228683 -16.285545 4.6555963 -10.052994 -1.506788 
-271.1096 165.65178 12.0222845 29.53884 4.445604 5.7985106 -10.249749 -19.661745 -33.10292 -7.602661 -23.955788 11.626797 16.082403 -11.150046 -0.15081035 16.371334 -15.52419 -4.917845 -10.214898 -1.9934145 
-362.28085 137.22057 28.560997 24.683369 10.059648 8.972412 -8.23091 7.579966 -14.610783 1.7547174 -17.17159 1.5773253 -5.189295 4.366229 -8.669373 4.1931386 -11.991957 5.4340863 -8.926925 -0.53114027 
-380.85214 134.61685 20.72261 30.320045 15.966692 11.594512 -4.9596868 13.8332815 -7.1634607 3.796312 -17.261702 0.74219346 -5.3563147 2.2188742 -8.967902 -1.2721171 -13.331125 2.7043488 -8.400521 1.4407876 
-299.09085 128.46727 8.319772 48.50248 21.859854 -10.440986 -16.721014 -8.977595 -10.0308485 0.5138285 -41.013527 2.8572624 3.0260282 -0.098932475 -1.9956646 12.759155 -16.316853 -1.7207003 -3.1393614 -11.15015 
-323.5228 155.07547 45.33326 45.733692 2.2203422 -0.9245815 -11.55748 -6.8486094 -18.447227 -1.2225331 -22.957703 -11.665122 1.4126968 -17.210573 -0.6830552 2.1340566 -18.097036 6.8692737 -7.104721 -2.202073 
-246.79356 145.82271 -1.2413554 24.703526 18.027903 2.7077057 -16.76117 -29.704166 -28.540361 -2.7012873 -31.434654 8.230195 9.970991 -12.874508 4.6139774 13.015801 -22.638914 -5.411894 -2.7370558 -0.29519096 
-305.3944 141.25041 10.993694 35.763924 25.814232 13.020839 -18.002636 -16.637447 -20.808205 7.2037277 -29.227957 -2.9563231 2.1945274 -2.3209414 -1.6212796 17.880089 -19.353373 -8.98321 -11.144387 -1.7047988 
-287.75882 78.95348 46.778236 40.71294 -0.16474427 23.078983 -10.800209 3.4495525 -24.892733 14.068582 -33.64716 -6.7245274 5.3708844 -5.856218 -12.790848 9.39747 -16.36773 2.9176667 -8.927473 -0.85335714 
-294.62448 106.39635 12.836647 60.404255 24.442715 14.8586645 -20.455399 7.514255 -9.845712 2.8205268 -21.970148 -16.302515 2.179225 -6.4242706 -20.792675 5.3729887 -14.42671 -0.5186819 -9.207419 -3.2117434 
-368.07996 131.11475 21.80666 33.94616 19.253244 12.015446 -4.1241746 13.724184 -8.047183 3.5316052 -21.350573 -3.6381183 -6.449799 1.8331451 -15.586809 -0.11325102 -9.750451 4.075092 -9.841453 -1.863439 
-299.26453 92.50392 17.866333 55.046738 23.537552 14.5689125 -24.521654 15.030989 -7.577697 4.938314 -31.640255 -13.144331 2.0866463 -10.096974 -15.371351 10.832769 -15.80457 1.6514164 -6.3566256 -4.029932 
-229.8065 111.394485 16.376974 27.344233 8.001487 24.509268 -27.92445 -14.184333 -19.14976 3.838534 -23.448763 7.472578 0.56481135 -11.813891 3.2079077 13.765926 -31.62207 1.8697523 -3.8534212 -7.113906 
-253.73322 184.54019 -13.998839 8.299537 -1.9641405 -5.0045943 -14.473267 -20.518654 -20.368998 0.7061078 -21.379713 5.6757793 18.380095 -9.021425 -6.589369 8.77998 -22.574883 -8.251677 -7.94555 -7.6803794 
-258.953 128.1377 12.305159 37.87419 22.057835 6.2810273 -33.012283 -21.281565 -17.307909 9.541586 -34.34773 2.2287416 10.757005 -5.2362456 0.7238567 12.936826 -31.382961 8.559092 -3.9090855 -9.747872 
-258.08386 117.104805 22.98533 8.1497 0.15703885 17.394432 -22.422438 -0.30985144 -8.990449 10.707554 -9.538254 8.928356 0.58761334 -16.14979 -11.167101 12.647266 -19.649487 3.1436546 -6.174586 -5.54134 
-345.11542 87.24065 40.831406 33.12375 5.809985 23.354027 -14.399807 16.53555 -10.451275 12.163165 -16.915411 2.7910774 -6.0468607 2.5240622 -8.14725 6.3263884 -18.170456 7.547615 -6.597572 -0.59636056 
-370.2119 124.571686 16.667892 40.086624 12.492321 14.416402 -4.92836 11.824806 -9.941366 13.603509 -18.83493 -1.3971456 3.3739493 1.9882172 -4.94454 9.414426 -15.811116 9.419674 -4.3041716 -2.5076897 
-334.46088 139.9508 11.508949 24.765432 16.846546 12.0458975 -9.3531475 -2.5303938 -11.556728 10.874745 -14.786643 5.3480363 1.2534473 -2.7477353 -9.4882555 5.51149 -20.072607 0.31104195 -11.443107 -1.0883784 
-305.02515 122.05987 9.111256 43.887764 23.35866 17.679869 -30.747246 7.455341 -3.1778955 -0.79444134 -21.236275 -5.3801675 -4.206799 -5.74116 -11.485146 10.72802 -20.100533 2.0763197 -9.216621 -4.876888 
-261.45447 90.21706 41.91436 29.47383 -11.183176 18.427742 -16.04177 -1.2471914 -11.886285 2.3046508 -28.43556 6.1836658 2.0767682 -2.3755913 -4.031145 7.4420624 -25.376608 3.655286 -9.56497 -1.5908197 
-261.89432 115.00284 38.663486 33.341476 -4.1025577 19.11893 -15.55207 -2.939978 -20.518703 -9.031553 -32.346737 8.407248 4.8708944 -7.635169 -4.808671 11.22306 -22.23213 1.581017 -7.590371 -6.4118857 
-203.80898 135.04839 20.616295 19.16694 -21.757376 12.512996 -20.943125 -17.418278 -20.033724 5.2903576 -29.197218 16.611326 12.900772 -8.311143 -13.331638 16.351715 -27.748568 -1.1206748 -6.8104725 0.26542014 
-293.23877 129.35327 25.961403 34.859116 4.821596 18.22509 -10.974842 -3.212285 -26.637047 3.7963762 -26.847458 2.1044436 5.7996106 -7.4617867 -4.232918 11.340234 -16.315062 4.049368 -3.2648718 1.1390052 
-217.91136 111.11596 10.731464 40.874165 -23.613176 5.3331027 -11.350374 -11.810933 -26.74923 0.068804316 -24.725447 9.799136 15.234395 -2.8987968 -9.627262 5.380275 -30.762962 0.48475817 -0.8550489 -4.6096425 
-303.5349 128.80316 12.607105 63.90284 21.478296 6.8726196 -19.094572 -13.777509 -16.339851 3.8221927 -40.8278 -3.694344 -1.4970651 -2.3517861 -4.2997923 8.472714 -16.856123 6.3049083 -10.664571 -12.248156 
-301.89285 119.64669 17.029402 53.445538 24.313341 0.8480926 -15.552632 -8.163403 -10.3029375 9.579808 -38.051895 0.9458377 -0.40511557 -6.7963996 -8.757773 10.972803 -15.993984 -2.8226373 -7.891157 -9.054194 
-336.44485 147.07101 18.603083 33.488907 23.884682 11.212762 -13.538068 -2.3093626 -13.585376 0.3745641 -19.825518 -5.8416376 -6.0784936 -3.040155 -2.1700428 8.50656 -7.8850284 -3.3600397 -8.350942 -5.3902683 
-381.923 138.88788 19.458633 34.051773 17.194979 10.799366 -4.340786 12.957823 -5.1147027 8.582712 -13.740022 -2.0056462 -7.709842 -0.8959676 -10.670662 2.3362503 -12.751026 4.29483 -8.326501 -1.047725 
-381.84558 134.26617 9.459272 34.73141 13.568538 15.738322 -7.180273 9.149285 -8.105312 12.923881 -15.301655 -1.9819802 -2.1839871 2.437475 -8.754066 3.6406069 -14.034031 5.1508007 -7.122578 -3.6780722 
-375.44986 129.8277 20.440338 32.35962 12.277477 13.786808 -1.2379642 13.280381 -6.527934 6.355967 -15.976676 -1.1453959 -6.2494674 1.3437016 -11.196133 3.0389216 -13.17979 2.6879175 -7.0377088 -2.2620037 
-379.46487 130.1117 22.865166 30.995209 15.366377 11.704189 -4.290872 16.52116 -9.566884 5.1829734 -13.935172 -2.7125897 -6.2969093 1.9281602 -9.393485 3.035593 -15.458759 1.4086672 -11.774447 3.163817 
-383.06122 137.74847 19.582144 34.887066 11.796459 9.06898 -4.839531 15.744738 -6.5309367 6.0969234 -14.595708 0.58668685 -7.6119375 3.6921833 -3.9205387 4.7627063 -10.170094 5.282522 -5.6443458 1.9837396 
-231.12158 138.80066 11.502797 18.843061 -8.38392 5.521104 -19.464052 -10.713122 -20.346378 2.360924 -26.894789 14.91827 10.306254 -8.099314 -12.6867695 8.788551 -28.59966 -1.0864451 -1.3417773 -5.0645976 
-196.66652 138.51968 -12.815431 6.407876 -7.8071604 14.849901 -35.52661 -13.564011 -12.625873 8.970084 -18.212059 13.956996 6.001993 -16.308342 -6.2766514 13.803616 -32.043915 4.5858264 -9.237684 -6.717213 
-302.67508 122.70253 28.70745 34.059746 17.773052 22.009512 -22.990885 -9.256404 -15.098648 6.5812397 -27.782454 -3.52036 -1.9401346 -7.7391825 -3.2039351 20.630188 -18.538204 0.9627019 -7.25938 -0.93930435 
-362.62335 151.28249 31.250956 35.704254 15.680088 6.8796015 -7.1969757 2.1380947 -18.381367 1.9103993 -18.161594 -3.9771547 -3.6961696 -5.1725516 -9.898156 4.373334 -12.356346 4.949656 -7.7533274 -2.530143 
-334.94455 148.10112 9.732376 29.285374 21.337597 19.793303 -13.3195095 -13.734749 -24.456987 8.408871 -23.225288 -1.0251476 -1.1639949 -2.276692 -4.480483 13.341328 -8.418464 3.742616 -11.194088 -1.3777087 
-385.18466 133.6899 24.707438 33.36062 15.019436 14.736055 -5.2749267 10.575214 -8.411249 8.042314 -14.807585 -1.8901958 -9.825501 0.016421113 -10.11752 2.067894 -10.876301 3.9088125 -7.831576 1.0556376 
-348.89267 139.01642 8.952242 27.932768 18.630077 9.687262 -8.6105995 3.7525358 -7.0798054 10.828505 -18.868752 1.8218534 -1.5158129 2.2983327 -6.129646 4.7628155 -18.474657 -0.38010064 -5.8473763 -1.1775281 
-221.762 143.98343 -2.3069305 26.642187 3.5362582 3.8376896 -15.122314 -19.33062 -17.828041 -7.366367 -27.091442 8.457269 14.560976 -15.487305 -8.89272 10.863645 -27.756794 11.183735 -3.2807379 -16.475155 
-214.69307 118.22095 1.5917375 43.42715 28.51239 16.154182 -32.844154 -27.982355 -20.374863 3.5090327 -45.09581 -5.4615793 7.2198462 -15.456249 3.9442422 13.466822 -18.831524 5.041584 -5.388632 -5.880968 
-227.91634 112.980576 9.704698 16.526144 7.52315 16.550615 -28.919716 -13.864418 -12.997424 9.061384 -18.695324 3.0008261 4.5868845 -9.072996 -4.4617577 10.6966 -26.418455 3.266775 -2.8808603 -5.9647036 
-273.2388 81.20346 28.21466 55.479424 16.21767 18.405231 -25.653696 1.7499878 -10.530516 7.664566 -38.51843 -10.06224 -2.7065878 -9.54014 -6.696819 5.4072437 -26.342232 10.905767 -0.5916305 -16.514917 
-262.26108 74.51153 2.3913374 66.33725 18.527222 18.470224 -27.915976 0.31538454 -0.7441721 4.884548 -30.110653 -11.503585 -0.31042755 3.0404963 -24.905617 4.218024 -14.546641 -0.6955215 -7.503489 -2.0555143 
-279.2782 163.03052 -5.6463943 17.048973 7.8435397 5.035677 -10.6045475 -5.249648 -11.992886 5.222532 -17.724174 5.7258134 1.8081794 -14.176183 -18.25031 4.8004622 -19.151484 0.22300434 -2.5177634 -6.3575025 
-298.76364 147.00407 2.160689 8.675086 -4.6787996 5.1626954 0.43452516 7.0673604 -15.37776 5.2484508 -11.053433 12.166744 -0.35576296 -10.743811 -13.470417 7.330457 -17.099136 6.1415606 -1.7954816 -8.63542 
-368.2489 123.05038 18.061516 31.421274 14.976658 11.258191 -6.675148 10.690445 -6.7823696 10.025913 -18.001251 -2.956689 -3.441657 -0.2653835 -9.321406 3.7536707 -11.688339 9.227381 -6.6951184 -2.135685 
-298.1581 101.61569 25.86665 37.07754 17.412712 20.139584 -16.198977 0.29856288 -13.863705 13.265819 -27.794342 -12.338116 0.5206726 -7.73847 -8.322052 10.686738 -17.104269 5.297846 -5.043234 0.87434965 
-256.3914 142.25739 14.263541 22.622772 31.934208 7.881136 -28.54004 -22.76468 -19.579773 3.0219784 -30.843645 -1.2799933 1.6188215 -2.6733286 -0.76572376 10.325021 -16.399593 -1.0002666 -7.8384356 -2.066695 
-249.0112 52.83442 35.51301 70.04819 -10.858807 19.74827 -10.54395 -2.0674946 -9.71618 11.799913 -29.490444 -2.8278913 -0.32765844 -11.86222 -7.5877056 5.1782146 -21.853048 10.513666 -12.1543255 -13.200522 
-339.61383 114.91915 18.624573 47.037525 6.941032 7.4186535 -1.1922735 6.261917 -12.783844 8.621798 -21.839804 -5.565653 -2.2323458 -8.338627 -8.181043 4.276972 -15.977663 5.865394 -7.3100324 -5.0708976 
-334.94763 90.18942 19.21534 47.8679 2.146371 14.290417 -8.045951 18.3608 -14.3409 7.80464 -22.553555 1.0113199 -6.596511 -2.6235232 -4.974099 9.733481 -19.779438 12.901128 -7.14574 1.0374275 
-285.31238 135.82909 15.0316925 34.207577 10.974678 2.8426769 -18.233568 2.7443185 -24.257282 -6.998816 -27.051409 -5.5610743 8.275759 -9.686243 1.1259032 8.434817 -12.610805 -0.29130343 -8.132979 -2.0803995 
-274.5387 140.23315 1.2908866 45.04565 25.127083 -0.5694572 -29.592659 -8.802514 -7.2147503 -5.10829 -40.536613 5.378706 9.095356 -4.1866956 -5.0833116 9.298186 -19.16726 3.4223895 -4.9099054 -19.579044 
-259.62317 161.00827 0.4300482 27.633162 20.21621 4.3876367 -26.69143 -26.270277 -14.897121 7.5197735 -24.685373 4.6763816 15.236511 -6.3465557 0.08213999 14.5775585 -15.657172 -10.767886 -8.899767 -0.27370113 
-249.06926 73.800896 47.49016 40.42532 1.8303541 23.293974 -10.395323 -5.9698753 -23.255678 6.4061413 -32.37708 -4.4514174 2.6617105 -12.680049 -7.2873044 17.053452 -16.184246 2.6966684 -6.326973 2.8616183 
-244.06874 108.69706 31.399265 39.938633 20.600756 14.279672 -17.226662 -13.699961 -14.351985 0.43360677 -35.91663 -3.105502 4.3427396 -10.151772 -7.068586 12.506969 -12.698889 4.3599753 -9.051647 -5.726942 
-272.10202 90.83028 21.75541 64.44925 9.769109 12.339345 -4.99032 0.96803653 -13.787504 7.0505543 -31.591793 -7.5807767 0.98720276 -8.137524 -12.8505 4.454744 -15.217852 0.22691175 -6.9382834 -4.6369867 
-266.76404 139.16927 4.7753286 37.094055 21.650427 -2.8045645 -26.028131 -23.471151 -10.274523 2.865443 -29.479265 -0.7651698 8.996929 -4.2692065 2.0192516 3.4195976 -26.636446 -2.6871674 -6.284769 -5.6880345 
-342.47168 148.88127 20.244354 33.035507 19.183846 5.961632 -14.4947405 -4.7125025 -17.701311 -0.4348887 -16.416826 0.2810216 0.5286116 -0.16124403 -4.698058 9.133415 -10.187768 -4.2717485 -13.634899 -4.2421317 
-384.7434 135.83093 20.297451 31.698795 15.997321 11.825451 -9.744906 12.282561 -7.1966357 7.552107 -11.721632 1.1951193 -9.934309 3.1111748 -8.00434 4.3597326 -10.004539 3.4390125 -10.08888 -2.9387083 
-388.8037 135.5181 19.562864 31.82666 18.818243 12.143498 -8.2405615 19.70982 -10.326967 9.05957 -19.048183 -1.292027 -10.05661 -0.67963177 -8.106886 6.2820163 -6.979498 5.394488 -10.847466 -0.8050349 
-378.11658 127.906525 20.026775 34.992584 13.08363 12.472836 -4.30145 15.68298 -5.6516247 9.278963 -19.042955 -1.4315271 -11.274938 5.676117 -9.275143 6.037587 -11.745993 6.587342 -11.962254 -4.4075375 
-391.83557 137.3212 19.287575 34.075768 9.839462 11.994848 -5.3512363 14.449554 -7.9713354 8.786002 -14.268267 2.4367635 -9.502847 1.9316542 -7.378586 3.7753093 -11.04756 1.9171625 -12.071737 -2.4321456 
-380.69614 130.01454 22.507027 30.602608 10.692779 9.376325 -3.74792 12.149492 -8.878823 6.9946356 -14.359015 -0.19143534 -7.459648 3.0198 -4.4063807 6.186554 -11.067731 2.7089078 -11.092152 -0.82196194 
-380.3797 124.040146 24.550938 33.81505 15.752033 12.673882 -0.76870596 11.101758 -11.289214 9.50371 -17.769066 1.139848 -8.602606 3.0416555 -7.3974304 4.5307837 -10.6997175 4.5472007 -8.467541 -2.6863794 
-283.94168 142.82639 33.528072 29.423353 -2.3266647 10.95053 -14.008251 -6.241823 -26.56614 4.356295 -32.21901 4.4693737 2.1534033 -8.521381 -3.7632523 4.4638453 -17.563208 4.326304 -4.8878064 -5.0023518 
-232.26028 181.5866 6.968742 17.554916 -16.046318 -21.118286 -6.996221 -7.7819314 -14.023636 3.3619246 -33.453556 -0.9150012 20.12722 -5.4128284 -11.373044 14.140064 -17.967352 -12.395636 -4.9674683 -4.4843235 
-251.35645 89.49454 32.966064 39.30951 1.3502517 10.001525 -7.794026 -4.0659785 -17.86031 9.596797 -34.704674 0.25334615 4.84289 -5.5674605 -9.584863 9.345317 -13.163336 1.6334243 -1.905653 -8.285302 
-240.70334 112.1227 24.686663 34.222675 15.588942 19.268883 -19.767624 -10.6939125 -20.530745 0.6338765 -35.554897 -9.019019 5.784357 -7.424177 -9.651906 10.785786 -7.951166 -0.4328376 -5.868616 -5.7149177 
-280.63214 96.1417 25.08462 69.31598 10.188206 14.346812 -9.905382 1.5659273 -13.401046 15.027805 -32.38784 -13.290505 8.142214 -4.359991 -18.56853 9.529292 -13.434161 -0.3797461 -7.786632 -11.117477 
-268.92566 156.55101 -1.3174547 33.816257 21.912956 -2.4056761 -30.193203 -26.867338 -20.226154 3.4615064 -31.312065 3.0968695 13.319317 0.13272847 -3.8679123 15.339708 -22.42406 -12.4422245 -1.4425153 -7.1295395 
-349.73572 149.34372 18.872194 29.86642 21.536577 7.325547 -15.329666 -6.2382317 -16.907894 5.433631 -18.56991 1.1812714 -0.4377628 1.1751431 -8.170145 15.61574 -5.455498 -6.1716943 -11.44054 -6.149921 
-354.0264 99.48596 36.13212 24.09683 12.001925 19.158245 -11.069965 20.699747 -12.317183 12.854942 -14.357283 -2.4666193 -6.8613915 -1.0156175 -11.30642 6.8733296 -12.428821 4.8668385 -7.7998657 -1.2371066 
-247.48445 127.62938 5.2493324 40.212097 23.54302 3.7037086 -30.354784 -16.282698 -23.505527 8.491592 -30.879276 -4.3292356 9.176621 -9.109364 -10.896393 15.266109 -29.492157 -4.7310944 4.8234525 -14.478626 
-324.7602 159.87775 7.3787785 17.525131 -7.0826063 0.06637849 -6.1898303 7.0618405 -16.864359 8.685492 -14.195958 9.231201 6.5287995 -1.5111408 -17.72746 2.386171 -19.25535 -1.9212756 1.044789 2.8916297 
-302.40054 97.38461 14.8629265 62.841404 17.98563 13.984683 -22.31321 13.026768 -11.0382395 5.2174826 -24.36719 -18.128874 3.825826 -1.8613527 -20.224823 10.474516 -12.434413 -1.7322719 -6.2398586 0.9998364 
-289.72107 89.15808 33.4374 43.821503 19.033546 20.383993 -23.98092 7.5782013 -8.96483 7.811508 -28.388163 -9.131224 4.700918 -3.7907104 -17.479866 10.097073 -9.675925 1.5287309 -2.6857307 -6.157387 
-276.19043 156.63159 15.440177 23.66791 12.894095 12.327553 -16.83895 -13.74062 -31.378714 1.1120709 -34.89292 -6.978285 9.875759 0.28062832 -1.2628579 18.997911 -6.4110847 -9.620504 -4.86511 0.09557868 
-315.43835 161.66762 -6.3761234 20.622244 13.469913 5.6621847 -14.132056 -6.5970798 -10.722209 18.429825 -14.902039 5.013675 1.38798 -8.409928 -13.59951 8.370428 -16.425297 -2.4472325 -8.020153 0.37089488 
-378.71765 131.26399 23.053331 29.499826 13.141369 8.339119 -3.7632551 12.211993 -8.635752 5.9355254 -17.323492 -0.5597483 -9.186117 -0.12583065 -12.083039 1.7542892 -12.790519 3.2815375 -4.9084554 -0.042268276 
-377.02625 122.590004 19.554253 30.233656 9.963024 9.671545 -3.513121 11.446672 -10.252666 10.340304 -16.363316 0.42928326 -4.9855137 4.616264 -11.877479 4.6795216 -13.450857 1.7710631 -5.976829 2.5224664 
-375.57068 130.76636 24.729437 29.685635 13.507313 15.693493 -4.4652133 14.074721 -11.078852 7.6518073 -17.61601 -1.2301998 -5.7361364 3.9059846 -10.364712 2.9542515 -13.843876 4.066503 -9.748052 -1.1955361 
-382.63025 129.2165 23.347303 31.421926 13.4356985 10.952595 -4.431752 12.70046 -10.323039 5.1542373 -18.175728 -2.944482 -12.186628 3.1723487 -6.6811337 3.709417 -11.384434 0.69022447 -8.93273 -2.3181877 
-349.11023 141.96391 12.301115 33.877213 18.302128 14.205995 -12.655813 -6.738025 -15.116619 4.3412695 -23.592402 -0.10650701 -3.589108 0.78032166 -10.178636 8.584514 -7.752398 -1.475823 -11.067837 -1.2878323 
-388.48123 134.05258 17.356691 34.741875 14.572396 13.181172 -6.136416 11.553035 -7.339842 6.862486 -11.894103 -2.5342803 -9.091836 2.4438128 -8.2082205 1.9256952 -10.751713 3.1747928 -7.5981164 0.2829468 
-389.63428 139.95181 20.84308 34.829453 12.942501 14.921419 -5.6521893 15.266459 -6.910495 8.112994 -14.78743 -2.767324 -10.029122 2.887782 -3.3783827 5.3229423 -9.815065 4.4445086 -8.49142 0.7241763 
-387.6597 135.20103 18.031715 30.544195 12.839603 7.2881417 -4.848535 15.917822 -6.8271785 5.5693917 -12.245696 -5.5664797 -10.2451315 1.0599415 -8.843965 2.0464315 -11.22717 1.8819699 -5.6640077 -0.70006096 
