-358.7795 147.56087 -19.180199 25.106401 5.1960554 15.915264 0.9860952 -8.849959 -25.94057 8.847789 -6.410361 1.3608657 -1.4494364 3.281296 -13.04529 -6.493044 -12.024791 -3.0445724 -10.391033 -7.6101966 
-296.923 146.69331 8.930274 0.16312344 -10.0646715 17.514303 8.883333 -4.4137654 -30.77465 -0.21150483 -19.343624 5.343364 7.146375 -1.8998015 -17.116682 -9.893595 -15.453339 0.82604367 -8.043871 -6.9632053 
-258.2315 143.69466 8.317571 18.858057 -41.31626 -9.791075 5.036062 -1.0578103 -24.182873 13.600395 -16.115793 0.049902543 -11.647905 11.798197 -18.883327 -10.870183 5.711569 -12.810017 -3.3486521 -7.0420713 
-299.77826 131.07181 37.54506 14.344694 -5.011066 -0.3712457 -8.92346 -6.791119 -29.815517 0.33952725 -9.926588 -2.8705614 -15.545254 8.166464 -13.665632 -4.304304 0.27206075 0.07540178 -10.331099 -2.16951 
-244.26541 94.983345 23.076124 11.873869 14.668967 2.4786906 -26.501333 -11.16693 -22.93148 15.251129 -11.511137 -22.907145 -9.830944 18.763958 -26.850706 -17.351727 -2.976005 -2.5120945 -15.8621 16.416136 
-273.2687 105.832565 22.139738 40.42188 8.328098 -6.045708 -24.526009 -6.41244 -28.03585 -4.5765147 -4.9312234 -8.77004 -12.136395 11.452436 -20.421959 -6.0660315 -4.929186 -1.703958 -7.802041 -7.235584 
-216.69957 140.32155 -16.706015 16.83463 9.504837 -4.7873898 -34.119568 -18.63833 -37.32994 13.251361 -3.1083903 1.1034029 -17.62891 20.256683 -8.250902 -19.632582 1.928666 -7.3374505 -6.5018125 -6.996573 
-219.20862 103.00308 1.4955535 37.223934 9.888223 -0.98492664 -30.089085 -17.981691 -34.52602 5.5001383 -14.528517 -9.631897 -4.883307 18.904839 -6.2785263 -12.944496 -0.73203015 6.053662 -20.246626 -6.7660394 
-263.75476 152.92047 -28.335266 25.00783 2.4765863 6.121308 -3.6103694 -22.10472 -30.051388 16.241302 -8.465174 -0.37811142 -3.4621696 8.681306 -6.8014035 -16.494286 -0.53543365 1.2754433 -19.201574 -4.662245 
-280.02985 100.88196 33.419937 16.836178 16.495659 10.543658 -23.451603 -3.9471753 -25.36141 9.968273 -8.607799 -11.736903 0.14096218 16.933266 -14.445526 -6.1633058 -1.4169862 -0.80862606 -11.311151 1.1398091 
-278.3499 140.97748 -34.885746 30.077501 7.9817057 -4.2150636 -14.787847 4.534049 -19.42135 19.37447 -17.532688 -6.490288 -2.90537 6.6426296 -16.706348 -7.741717 3.2799032 4.286641 -10.877332 -2.1223965 
-413.3612 139.36073 22.833181 35.767376 7.556366 1.8074201 -12.305477 5.5234456 -14.005563 3.4779868 -12.842556 0.5646694 -5.413235 3.9214723 -6.193902 4.275946 -9.699093 2.6525736 -7.1144476 1.4454875 
-359.3004 155.1201 3.7061527 27.29474 11.887965 6.272452 -6.7376 -2.1201036 -14.502415 1.277144 -9.85591 -7.911054 -21.964066 8.7517185 -2.8158677 -15.333801 -9.332317 -1.6324375 -7.145902 4.925761 
-415.42078 141.7558 15.09708 35.997868 18.18298 11.30286 -5.601164 5.5142136 -13.217919 9.614352 -12.275949 -5.741504 -6.668684 3.1508093 -9.1473055 0.76157117 -9.13821 -2.0497327 -10.385242 1.0630195 
-401.58835 124.66776 -6.188696 37.978413 19.560118 10.505863 -5.844371 2.9882357 -14.290407 13.848758 -11.145614 -7.5805335 3.87473 11.458431 -16.452896 -4.700724 -7.258427 6.834749 -8.696484 -3.3341572 
-270.90613 142.62633 -28.351488 12.859654 -4.7671843 20.069021 6.677072 -24.316328 -33.098118 4.0391536 -6.742606 -0.23714797 1.6520898 6.5258965 -19.926731 -11.831096 -13.0974245 -4.8084154 -12.80444 -4.1928463 
-168.90764 91.69919 -8.824752 -5.7376413 -20.018438 6.98688 7.686331 -13.827678 -30.24053 2.241155 -13.857763 3.2626355 3.4347935 5.5266895 -15.8752 -2.3035004 -16.106966 1.412941 -18.758736 -13.295432 
-217.6745 113.679535 -30.544346 22.2756 5.4677286 -9.396081 0.30493456 -17.682106 -37.5875 20.051062 -22.000862 -8.449497 -5.589802 6.4664 -21.353443 -9.199623 -16.361261 7.649603 -7.4808273 18.599602 
-233.01074 100.281105 -5.805095 22.863485 10.496422 -18.091108 -24.191025 -12.747367 -27.020578 15.929668 -24.812536 5.5972767 8.416256 8.304035 -21.458569 -2.5868099 -13.902492 -5.5849915 -13.683046 14.097617 
-178.41238 118.53345 -8.274952 5.8205605 -1.1548429 -15.538803 -16.664684 -17.016502 -44.530025 2.9400074 -21.792473 -7.930358 -9.583727 1.4399325 -15.986708 -1.8078821 13.914994 29.281416 6.5177593 11.68985 
-162.06953 110.947266 -30.339743 14.684797 4.9706345 -10.120951 -22.527489 -10.513173 -25.041195 0.110843234 -12.816477 -1.7899944 -11.258595 18.850594 -20.20427 -7.9425015 -4.3033204 0.13985845 -11.198118 -10.278667 
-212.68802 103.416756 9.691138 20.230875 8.424114 -7.4429135 -31.560495 -11.764365 -21.103569 2.2774591 -12.079956 -10.994395 -9.583298 17.37267 -21.098331 -11.707067 9.778273 2.5695477 -12.248745 -2.7433276 
-225.74301 112.813675 -1.9085382 22.683172 5.494837 4.4094477 -30.897316 -18.546825 -26.233328 2.9647043 -6.86881 -8.531162 -10.558529 27.471785 -12.7343025 -13.620446 -2.7662485 -2.8874702 -15.141632 -3.5645447 
-207.01907 107.25986 -27.593567 21.90828 11.031317 -1.5949427 -20.985558 -5.2972436 -28.781406 10.637041 -18.139786 1.1896921 -5.579746 19.976725 -23.38691 -13.556035 4.415116 -2.4615614 -10.3344 -0.28344834 
-270.85095 140.23048 -1.2371565 34.99146 -8.554487 -11.212818 -15.528461 -9.721912 -19.835363 2.233153 -12.109867 3.5168827 -7.463293 5.8052645 -13.868445 -9.637326 6.7420955 -4.3681774 -3.2187884 -3.8990276 
-279.90125 142.3954 -4.605068 24.30386 3.4418678 4.1368256 -10.987542 -21.064869 -36.40092 20.840303 -0.9887159 5.745306 -12.393675 3.2373164 3.8950288 -17.770893 -0.28988975 -8.983462 -12.520907 -4.277915 
-317.23303 153.59166 7.6244745 20.23819 -3.683961 5.0381465 4.316115 -7.2653556 -41.620388 9.752226 -2.0309427 10.486195 -0.41390747 -3.0842557 -11.372405 -15.373417 3.8242743 -1.4227484 -12.325574 -8.56492 
-311.1122 141.71997 18.878311 19.523453 -8.607585 -13.41593 -8.560813 -2.2758172 -22.585127 7.6649814 -11.399969 -5.3925304 -5.512342 3.0203953 -4.6218734 -7.395818 -5.2785883 -7.0098653 -12.873217 0.24313778 
-278.14157 119.97248 20.097109 44.86104 2.547017 -10.5193615 -25.311626 -2.0535574 -26.56077 3.9317102 -12.799829 -0.2767355 -7.039808 4.4999247 -14.377954 -8.229179 2.8692722 -4.7451406 -15.475418 -3.8185942 
-232.42474 134.31462 -52.386387 33.05797 3.662607 -6.3643827 -21.882477 -13.532577 -21.729126 20.915968 -11.107838 2.7482908 -15.068889 8.9948845 -3.9288876 -21.725222 8.578165 -3.9786148 -5.856848 -7.6221848 
-323.33643 141.68114 22.71444 48.09684 11.966512 -17.698845 -25.719025 -4.107581 -33.639816 -6.3447485 -15.923801 -1.4597238 -6.118946 6.185631 0.14545631 -8.195461 7.2186475 0.6929613 -8.262205 -1.3712198 
-312.30933 99.76889 38.19648 16.530607 6.2655673 2.2352726 -21.370884 -2.2278962 -27.19744 4.643137 -9.875896 -1.2964225 0.8808032 12.589567 -16.529625 -6.4075384 -5.244912 -4.632834 -19.754845 -0.24432185 
-313.24744 116.69847 44.179417 26.336039 0.47189966 -8.107278 -12.499131 0.5242212 -23.121552 1.4413669 -8.144845 -2.350463 -9.254233 2.5252974 -8.61615 -0.9125417 -8.23555 -3.5915773 -16.317186 -0.7865996 
-358.86548 140.28926 2.5154629 32.017685 17.566816 8.309884 -6.0588636 -4.0776086 -30.927979 7.0743294 -13.922605 -10.001492 -10.655133 7.4808764 -10.640519 -3.415738 -9.170968 2.2958684 -6.8396454 3.6703844 
-396.0995 130.11494 -13.8270035 32.230797 20.375406 25.033943 -2.968208 -0.12709016 -20.772406 16.863167 -8.922111 -3.8441076 -0.85488254 9.042787 -12.756041 -4.9968023 -10.368644 5.6844344 -9.248721 -1.4774759 
-322.7595 96.150604 24.262047 21.488878 1.4901191 17.291632 -14.639683 -4.093364 -20.689245 3.9212544 -1.9397676 -3.1048334 -10.268675 12.682783 -11.136426 -2.771468 -4.1608152 0.7906268 -14.806641 0.317626 
-203.29413 89.45063 -15.939052 54.402145 0.56775707 -23.501898 -19.985981 -6.4335804 -23.777895 -0.44763246 -16.049261 4.262651 -22.046453 20.378956 -18.628555 -3.635339 5.8010726 -5.6412396 -5.5703125 -7.310671 
-345.08722 114.13881 4.74528 50.765522 12.531597 -7.5073776 -8.392071 -0.74154246 -22.160896 -4.5586576 -14.175441 -5.5028625 -2.8262758 9.421199 -7.816097 -0.5563965 0.8215173 4.555351 -5.7784796 -5.1543436 
-377.60257 155.8818 25.260395 37.68719 -1.8398904 -8.591907 -12.790287 -10.793015 -18.907413 -1.0683125 -8.922043 -2.0885744 0.20363589 2.7581167 -9.12866 -0.02307982 -4.69385 -6.0931334 -1.414466 -3.6716352 
-233.41591 153.01964 -17.034159 16.954807 -11.577669 7.479199 -6.7903795 -36.450462 -32.22966 5.953172 -9.453138 -0.9024653 -8.794654 23.649614 -18.025784 -11.11135 1.1072907 -21.694536 -7.09548 -3.0837338 
-218.42603 98.76749 34.16721 0.06830236 -20.000969 14.347473 -12.309676 -13.04775 -25.945015 -3.4499931 -9.730994 -5.5186086 -0.5245983 15.017733 -22.237902 -7.257246 -6.6093807 -6.205506 -10.337077 0.5609553 
-246.9963 89.47041 37.942238 16.02257 3.211198 13.899826 -19.240505 -12.97665 -28.532078 10.050587 -9.135256 -10.000373 -8.664832 11.375555 -18.349491 -2.321457 -5.244099 -5.382679 -12.283761 1.9042284 
-312.1954 136.41525 22.113014 41.53752 13.715946 -12.339016 -25.631706 -5.384615 -25.913578 8.611851 -18.348118 -4.1247935 -4.817065 3.6126013 -7.7393746 -12.91275 4.165985 -3.140687 -13.167419 -4.2716727 
-247.97952 123.684906 -0.88784534 25.251167 5.4584713 -2.0698478 -24.545727 -14.898529 -31.66175 11.9456215 -13.67532 -2.2524607 -0.5786146 10.116489 -10.936532 -12.479277 0.30270207 2.12969 -14.429264 0.2864915 
-217.53796 176.10722 -24.94908 -5.9268546 -34.288235 -6.6495495 10.700181 -3.549666 -32.762478 11.125549 -14.3109045 2.9407969 2.2107093 -2.6742902 -8.670463 -15.178638 -0.53049135 0.21089382 -15.629818 -3.6953714 
-272.6264 130.18893 29.537178 7.4186835 -3.2453241 12.793468 -12.264172 -15.18926 -30.001804 9.308975 -12.067806 -1.3809533 -4.1135664 13.493668 -7.130287 -3.8293102 -0.43718374 -6.3582373 -13.486028 2.2286983 
-271.14767 89.995094 48.15708 19.018808 8.804985 11.977205 -28.050955 -5.063654 -20.920525 7.8086157 -9.397284 -12.654134 -6.646841 12.849117 -16.433289 -10.831674 -0.6209206 -2.2847795 -14.657552 3.196292 
-261.43698 84.74161 40.36077 28.11979 1.9479607 18.900463 -32.113228 -9.589593 -18.820728 2.6328049 -6.99184 -9.448909 -2.4842107 18.745323 -19.20813 -8.421641 3.3378077 -1.4563606 -15.767068 3.0198946 
-314.22546 127.858315 31.984518 54.226242 1.6805985 -13.936675 -4.4944553 -6.28927 -23.120775 3.5292718 -12.285625 -3.3443651 -11.534695 1.392287 -15.319794 -3.0564926 0.6728109 -2.3731728 -6.7302938 5.193865 
-242.95392 125.603485 -15.18517 32.05169 4.827036 0.37872377 -26.660671 -1.6801142 -25.834625 2.798996 -12.451246 -7.3155932 -6.065195 6.4350986 -17.147022 -10.386638 2.2149115 2.0692368 -10.418567 0.9885471 
-299.4346 145.77448 6.6407304 15.95937 2.5619137 5.845542 -19.402622 -11.46482 -21.764011 0.7402963 -6.5851507 -5.4912047 -3.090394 0.8190421 -15.142341 -7.2224307 -3.6208937 3.7111943 -7.1882663 -1.391089 
-243.13763 142.87555 -0.98696476 -0.92447674 -4.2484508 7.588896 -8.510455 -9.463366 -27.203743 10.918119 -7.6944556 -6.839964 -6.4269886 9.9491 -11.944858 -11.022701 -1.8153021 2.602787 -12.996276 0.68580794 
-322.50143 154.79147 26.316141 21.998482 1.9768625 -5.142264 -2.8339195 -10.816391 -40.735214 -3.2724915 -10.558697 -3.5567503 -1.1251702 5.5507107 -5.4496403 -0.7664068 -4.235221 1.3128723 -6.4676495 1.5308651 
-360.2426 112.76817 32.601864 50.06485 3.3928385 -9.688392 0.34433073 3.612054 -27.663649 12.777676 -21.344149 -9.107973 -2.909754 -15.612496 -17.325623 3.3024063 -9.348873 -4.589842 -4.8359566 1.8877114 
-339.28342 131.13928 20.698254 35.32228 27.581778 -6.1373005 -18.160328 -3.7038357 -24.971802 9.474917 -18.335135 -14.577061 -7.0551257 4.3357887 -18.01013 -10.833402 4.0974407 5.4549756 -9.759368 1.5894017 
-384.87057 148.61151 1.701391 40.941833 21.830822 -1.2682506 -16.00507 0.15897591 -20.20456 7.7815027 -13.727377 -3.9933434 -1.0433152 13.496351 -14.356991 -8.169838 -4.9521847 4.5993824 -11.445248 -8.687739 
-342.46463 143.38405 -24.3124 23.557549 11.405108 13.800889 1.7883843 -3.474709 -26.723679 10.747211 -10.910682 -6.3635454 0.21219857 11.723705 -12.535684 -5.2682395 -6.0316906 -5.111288 -9.693245 -1.6892346 
-233.73741 186.47134 -14.70814 -10.200542 -40.719326 -9.237896 11.320722 -15.8252735 -30.657684 1.715047 -4.670339 -3.5170817 1.6539721 6.011914 -19.341055 -9.057598 0.41764694 -7.4630737 -6.0088205 0.0063654846 
-199.84723 158.15656 -41.79234 -5.9248023 -13.282748 6.1169205 -8.676418 -20.541674 -27.719194 8.508442 -2.2067528 2.1419995 -12.565459 6.148298 -11.220492 -16.370432 0.81586576 -2.9710238 -7.0477505 -2.0586057 
-236.3609 124.979965 5.124376 18.834066 18.66416 -3.6377199 -34.86377 -17.104683 -25.955067 3.4926834 -12.8762245 -6.2098446 -11.124348 20.683277 -14.828816 -16.278269 2.7102242 2.8871393 -10.008275 -3.5841136 
-255.27596 68.979225 40.26934 52.579006 -2.4134521 -4.076016 -13.706634 7.08324 -26.21908 -4.070924 -9.839601 -7.7309136 -15.914654 9.966945 -20.55256 -3.31889 1.8990517 0.86469173 -16.199379 10.291036 
-240.38902 103.07689 24.279121 18.336086 4.9417243 3.2659607 -30.981236 -5.548933 -15.965792 0.14131668 -1.4013475 -0.7916517 -16.457695 12.6633625 -17.647255 -11.582261 -4.1436496 2.899045 -15.101864 1.1538762 
-274.65576 136.56927 -2.111585 43.95079 9.232403 -3.1661997 -29.66221 -17.525824 -10.882384 -7.810865 -14.298179 4.888623 -12.096172 9.857334 -7.9912624 -17.58313 5.1195006 -1.6829125 -10.521962 -1.9948992 
-287.24265 142.88672 -11.090199 20.617476 -4.1431575 9.514637 -26.91174 -9.824819 -16.69781 3.9348798 -4.9959617 -2.4291594 -10.827112 13.212057 -16.03005 -14.924205 -2.4075887 1.515932 -9.430034 1.1571915 
-393.2943 154.5875 22.533241 28.601357 0.7571358 -2.1632032 -15.147509 -4.5875206 -25.410398 -3.7338877 -13.258466 0.15554768 -3.1202025 3.2203703 -7.415038 4.0773973 -6.5899906 -1.9795431 -4.0113726 -1.0606245 
-390.81186 115.50229 -4.045281 45.760334 13.289442 18.028618 -20.559757 9.615177 -14.712932 10.659138 -12.908664 -8.038141 -1.0134377 13.0741625 -21.127987 -1.7900641 -5.2686734 3.8576736 -11.155587 -3.465167 
-295.80423 145.54245 -31.680746 15.497332 1.8507737 17.794075 3.3933935 -13.034083 -23.493324 2.6339624 -3.193918 -4.0026197 4.5609913 6.3217506 -20.686617 -9.5743885 -5.9890137 -8.893438 -3.2751977 -6.8990993 
-180.7796 137.51837 -19.14234 -8.817971 -18.972878 6.4354987 -0.8536125 -28.20209 -27.457047 -2.840853 -16.38751 5.4057713 -4.570055 10.631941 -16.10044 -1.1088171 -18.487295 -11.975508 -12.010639 -12.283695 
-202.87833 114.697685 -11.924854 8.449021 -30.310585 19.64531 -1.1434076 -25.286215 -25.005348 4.0830264 -2.141133 0.9484327 -5.5765085 8.035544 -26.952333 -4.9066544 -7.608095 -14.909655 -3.757604 -11.871571 
-331.56183 128.27834 3.1165187 19.085783 -3.8567548 13.492199 -1.487387 -5.511743 -15.361888 8.714103 -9.972999 0.11716536 -0.43260178 3.0498083 -12.7611065 1.4233149 -2.6611457 -0.42855558 -6.920099 -7.963279 
-281.48572 82.94983 11.598032 37.781574 13.969057 -0.35601848 -19.731522 3.190182 -25.069038 6.646448 -14.400616 -9.977302 -1.2092891 10.329708 -14.727186 -4.135381 -2.6836867 2.5937161 -14.851253 -4.6566434 
-193.90851 113.41434 -10.614982 37.629997 4.4086514 -10.548481 -29.009115 -24.534027 -18.581442 9.835617 -15.433407 -2.0881376 -7.9331875 18.854652 -18.481493 -9.637626 -0.72094643 -7.8583426 -13.460381 -8.706757 
-265.60333 151.13045 11.323517 17.04509 -10.503366 -4.5624332 -16.231133 -13.274329 -21.711697 -2.4159212 -10.190107 2.000977 -11.954543 4.4820833 -14.741612 -4.345694 -9.678546 -0.5202859 -8.283426 -6.572236 
-238.92006 91.744545 20.067453 44.912632 9.236797 -1.5297159 -23.451164 -11.814151 -16.164698 -1.0821512 -11.760101 -8.327829 -5.5849643 17.28959 -14.995997 -7.172454 3.7547112 0.83133906 -8.06618 -4.868611 
-291.3111 97.65361 47.380375 28.130125 15.417653 6.2722087 -28.966682 -1.0440159 -19.09465 -7.6772113 -13.385128 -12.932777 -3.0223303 6.430689 -17.704563 1.4201188 0.5846675 4.4100437 -13.771957 2.0350325 
-271.99243 104.05826 16.31456 46.58404 2.1073034 5.0241566 -24.839334 -17.644325 -15.017665 2.5432925 -8.937023 -3.2337854 -6.207815 18.588203 -22.242353 -8.346413 6.0631766 -7.6721487 -15.195515 -7.360113 
-253.06348 149.5812 -37.459515 13.769064 5.2280817 11.877755 -9.954075 -22.290184 -33.48584 10.933135 -10.81909 -1.7023432 -0.84787655 7.503784 -17.283623 -14.756526 -9.176219 -2.1450152 -17.110672 -3.517487 
-311.7577 161.17007 16.756002 23.583445 -15.377094 7.546562 -4.9319873 -14.701036 -22.538902 -7.405073 -6.422213 8.859857 -1.947553 4.303766 -11.927696 -13.482851 -3.7667804 -7.636614 -12.227257 -8.007089 
-317.80292 170.92198 13.227151 27.293049 0.3726219 -8.994846 -8.699049 -21.485514 -37.773907 -2.0296698 -0.67595714 -2.5804167 1.7737235 3.581342 -7.818752 -4.657137 0.7595095 -7.946768 -10.173917 -5.5501604 
-249.02417 144.12201 -9.642956 -2.7110546 -0.8050544 7.296027 -5.7136874 -8.366705 -28.529778 0.8560632 -2.8888958 -9.995442 -2.8595293 9.409238 -19.88589 -2.4588168 -6.650133 -0.84104204 -6.7152033 -0.89931893 
-333.06265 172.26521 -36.540203 6.646496 2.9289618 21.890362 7.13718 3.4430983 -34.22496 6.5026436 -5.4497046 -7.6011677 -9.22089 0.08437607 -9.6616745 1.0582317 -6.2340374 4.285964 -12.990596 -0.90240777 
-322.69614 103.07431 52.154884 15.39515 8.9195175 15.952077 -17.287954 -5.4342704 -27.45427 1.0646464 -8.004998 -6.558247 -7.250901 4.235651 -14.623454 3.0177329 -7.364648 0.30309194 -8.370991 2.3825536 
-358.48083 146.50723 14.710161 23.58886 10.360144 6.568156 -15.424907 -7.6417456 -25.87176 11.934474 -8.016605 -1.49323 -4.220509 6.1525497 -13.856346 -2.0856953 -11.639569 -5.899143 -7.675816 -2.8137116 
-337.59464 151.15579 -33.723705 19.957113 8.616053 16.074947 0.65429085 -0.42333147 -19.50983 23.029554 -8.09754 -9.576414 -3.345615 6.891093 -15.520634 -2.7469587 -10.282473 -0.5843848 -7.9233093 -4.851493 
-407.85013 129.52605 -2.0832186 34.67831 11.509627 18.42783 -5.9159427 2.2514164 -20.029799 9.956107 -16.272675 1.8609136 -8.035644 4.810231 -15.693508 -0.78557354 -17.117437 1.797938 -12.318091 2.1808076 
-359.40317 175.10628 41.84316 26.691034 -2.8061094 -16.49649 -19.634825 -18.234304 -21.230217 -4.4934373 -14.763711 -3.0859144 -0.25948244 -4.6100373 -8.3788185 -3.3675501 -4.3514194 -1.7005314 -4.4802647 -6.36498 
-182.14497 94.82868 -18.685928 26.863882 2.9669905 -11.634159 -23.298607 -3.721931 -15.667546 1.4480273 -8.825748 -0.5148724 -14.123006 22.128363 -28.13498 -8.956582 3.3692806 1.7395087 -16.320469 -2.7460377 
-261.83844 104.402985 -7.9987826 45.715736 10.336929 -17.366089 -26.656668 3.6918385 -20.39599 -1.2019706 -12.977846 8.2379465 -11.5587635 8.598782 -19.13034 -5.61196 5.1370363 -8.815937 -13.086939 2.6644223 
-413.0307 126.42387 6.5448437 41.738453 10.735866 3.0385349 -7.60341 12.308094 -18.955284 10.964037 -12.986091 -0.8679276 -6.0564375 5.421189 -16.268646 2.3960974 -7.6891947 4.534342 -12.873609 -0.39079526 
-435.32446 139.46193 6.6416698 43.64556 7.0038705 6.155221 -8.6487055 11.660706 -15.0854 7.8377585 -11.587756 1.7322955 -2.6519878 1.6732937 -10.95684 1.9720985 -9.890093 1.3196932 -7.431551 -2.9356692 
-255.25507 144.91234 -8.335591 3.8338149 -18.288462 12.104433 7.29587 -25.431677 -38.44557 12.174419 -3.623238 11.282848 -1.481826 9.061594 -32.01375 -0.13865252 -6.438551 -12.818282 -6.24709 -4.9008822 
-309.07568 156.67065 1.4386314 24.187813 3.4493456 -0.32518744 -4.2922554 -6.764749 -25.035254 5.3917913 -7.0361357 1.9703783 -12.226819 7.8006353 -9.527003 -7.111662 -11.117866 -1.5756081 -9.023968 -6.443871 
-380.69888 158.09525 17.430332 34.835964 10.250127 3.158905 -11.012211 1.2086804 -17.213291 -2.2257457 -12.36283 -10.594782 -12.557455 -0.8299115 -5.907175 -2.36041 -9.6032 -1.3687407 -4.3735256 -4.035019 
-370.87186 143.17871 20.56652 24.56268 12.722507 2.7112021 -8.008006 -1.4383672 -15.2491045 -2.476983 -10.180161 -5.464987 -7.575085 -6.389685 -4.1663647 -2.8226085 -9.369622 -1.0517733 -5.3704243 -0.4865589 
-222.17513 101.54569 -18.224915 11.550552 11.809651 -5.15576 -24.38866 -6.237413 -26.950445 5.424025 -12.008834 -12.151662 -20.413437 7.1663938 -24.625298 -3.4977496 26.484966 39.817913 17.163385 12.261933 
-222.70221 96.594864 -3.229028 16.06756 -13.99755 -3.3912642 3.5748723 -20.135506 -27.907356 7.910967 -17.619541 -9.395193 -5.6107593 9.205364 -29.735098 -10.169952 -1.3803749 17.347916 16.95472 29.475258 
-246.19786 110.061134 -19.611416 13.537034 -2.114031 -1.503885 4.817107 -4.6574926 -30.851677 10.443012 -18.251463 -7.1465626 -5.5227513 9.414406 -24.558067 -17.41398 -21.280783 0.8079908 7.7475924 29.027082 
-224.46089 159.0203 -25.425962 4.4638696 -6.3973413 -4.0674815 -20.688517 -11.729821 -31.813393 17.019905 -13.981303 -1.172641 -6.4793143 8.754616 -21.441399 -16.277433 -6.127845 -4.200289 -12.018517 2.5958874 
-241.51071 119.64155 32.20641 8.507355 -19.715984 6.614935 2.0332787 -20.637589 -36.030975 -3.7158144 -4.32913 3.726781 -6.3094244 11.067572 -16.076324 -7.395813 -1.8992852 -3.4432366 -18.696087 -1.7862685 
-214.48685 80.16672 11.59531 54.93073 0.5611996 -14.588087 -23.853188 -4.955431 -28.058313 -10.912927 -8.302182 3.3201954 -7.0718393 13.105688 -12.342958 -3.7403896 -2.4482331 -13.867738 -19.76091 -5.92092 
-236.94472 73.01971 30.890045 41.318092 -1.0154796 -7.9566946 -19.428583 -9.284985 -24.813454 -0.36444703 -6.412324 2.414005 -11.546644 14.383433 -16.07944 -10.022502 -3.2409692 -6.5519505 -18.11856 -2.3230345 
-225.32404 92.3618 24.424599 4.893589 3.1223292 19.118221 -16.984283 -13.0679655 -34.89398 9.283568 -9.453995 -7.327713 -7.132382 22.947216 -16.863031 -6.6484594 -9.3599205 -7.0077853 -20.159288 0.3514954 
-274.74094 162.07428 13.41465 12.179567 -8.349202 -0.14549974 -1.679492 -9.011451 -40.428177 5.151296 -10.795115 2.8933582 3.029086 1.4095026 -5.46324 -7.8446283 -3.365209 -1.3793321 -10.626619 -0.3685167 
-256.3717 160.13924 -18.382542 29.97501 2.824271 -3.565917 2.9878876 -22.10054 -35.8521 12.887375 -6.9394827 -5.74313 1.29114 1.1433178 -4.853192 -2.8532403 -1.1808463 -8.085277 -14.7882805 -2.2873704 
-257.91928 155.83707 22.642529 3.7635634 -12.269403 -10.890684 -9.327614 -9.044881 -35.22224 -4.2581434 -20.126274 -2.257392 -2.9923503 4.818699 -2.7841275 -9.974339 -6.73059 -6.266249 -11.0394745 -7.8742905 
-265.6126 141.64328 -23.937437 15.41408 -1.9209633 14.627051 2.590924 0.12421931 -36.853806 6.9840317 -0.4571141 -12.045408 4.112241 1.2501984 -14.86957 -9.3560705 -6.523378 -2.9724262 -10.125488 2.8420017 
-328.80566 159.81578 -15.741138 26.75341 6.7195415 5.3486094 -10.342014 -19.397814 -40.547527 20.45977 -7.578393 -12.05571 -4.351364 10.332761 -13.392832 -6.454466 -3.4018357 -5.1913495 -2.092052 4.201026 
-378.1729 111.881355 -3.1506479 39.869698 12.791397 5.804087 -9.473415 6.9935074 -12.505592 16.96431 -12.443409 -2.4789684 -0.24075788 14.319477 -15.948565 -7.886649 -7.8702173 11.089598 -9.697666 -0.9620938 
-275.9985 143.3546 -37.489902 20.092752 -8.302056 10.722303 6.2443767 -19.465742 -32.035004 11.46383 -9.115287 -6.7329206 1.3573776 2.6563215 -14.5026245 -10.402997 -9.0303135 -5.9627953 -10.582999 -1.6868738 
-214.14761 64.18199 43.8153 -13.608508 -13.311397 18.257898 -6.8171654 0.2746473 -29.610626 2.6839187 -10.85668 -3.7254248 -6.2427616 3.6777492 -16.35782 -3.1070383 -9.365174 -2.3669772 -16.262306 1.4125676 
-210.01508 138.97888 0.85464984 4.5522614 -12.738573 -8.8204775 -15.012119 -12.384047 -31.810207 -5.398634 -8.684943 10.874691 -7.733318 9.55099 -14.398146 -14.209418 -5.3930464 -0.10668281 -15.530489 -12.49971 
-255.93481 166.93935 -12.707171 -1.429009 -27.749714 5.299364 14.081014 -14.94861 -30.524391 -0.06809083 -16.21094 4.348958 8.843344 -2.018798 -17.276037 -10.245937 -8.333338 -0.92313385 -8.294291 -5.9653225 
-281.65472 76.37291 51.916443 3.8762054 2.2469575 15.980593 -14.874834 3.5619757 -28.285248 7.781852 -7.856537 -7.8596125 -0.31475332 6.9196167 -19.485561 1.5088327 -3.6761045 5.501415 -11.692885 5.9055915 
-243.34947 156.84044 -28.18604 13.67709 -3.5556881 -3.654529 3.2726643 -12.1735735 -32.56821 11.351786 -4.631162 -6.675853 -14.95599 7.701339 -19.53881 -11.038243 3.213408 3.3006656 -7.0182924 1.3999951 
-238.5893 137.53047 -36.868797 28.95461 19.637444 -15.714201 -20.878954 -20.359623 -20.37497 9.838071 -9.349476 -3.711241 -4.1859303 8.912722 -12.298974 -2.6898222 3.4038541 -3.9666014 -8.109088 -5.9553647 
-245.82097 141.56012 -8.846678 22.728088 -6.8558884 -11.209406 -6.497739 -21.078123 -32.58794 2.0182066 -8.509401 6.0959415 -13.447323 11.641295 -15.0385895 -12.465608 -5.153766 -4.8079853 -11.843795 -6.3635173 
-313.72372 111.268456 37.268528 20.744347 1.2120895 2.4949102 -18.734907 -1.4230142 -27.853275 -5.1315274 -7.094047 3.164887 1.7357765 8.064007 -9.587764 -1.963672 -11.83834 -1.8881414 -9.40198 -1.4233613 
-260.9552 131.80788 -24.794401 1.6395891 -2.1519127 10.331589 -7.6854835 -7.1098156 -18.29415 17.75842 -15.21322 -12.83522 -14.627603 10.324714 -17.436699 -11.536304 -9.763921 3.338726 -9.779244 1.2659225 
-258.1319 153.67505 -41.976665 14.977641 -4.7175226 12.2636 15.313141 -20.60244 -39.547653 12.218281 -10.042966 -3.4933455 8.072371 2.4807308 -16.402475 -15.164059 -8.48854 -2.5656497 -10.132255 0.37250286 
-311.92416 137.37137 -3.0976639 21.353516 -31.772953 13.137058 20.23324 -4.9154253 -21.116432 10.909605 -20.811848 5.822914 0.123303495 -4.173731 -10.60937 -14.247299 -4.985172 -3.3068154 -12.281887 0.77539676 
-383.8473 130.8587 12.301162 26.389463 9.038449 12.671986 -2.4981344 -0.38893998 -15.119753 7.1238275 -9.910177 -2.719885 -5.5912266 2.9644558 -4.902508 3.0934436 -5.8664203 2.8160994 -11.050396 -0.13266294 
-284.67636 127.1322 26.884027 20.594442 2.3100424 -2.6422698 -14.657513 -28.725237 -10.781664 2.058942 -15.6936865 -3.2024426 -20.015102 11.695883 -5.6213517 -10.212079 -3.3976483 -1.8122131 -10.862927 -0.95786834 
-373.52505 126.625824 39.476818 27.064837 8.457162 -0.8670453 -11.179531 -9.816235 -15.126585 1.9820466 -16.749405 -0.055238035 -6.0968533 -0.38874844 -5.4498105 1.8108684 -7.99687 3.1626189 -3.5874486 -0.7410086 
-383.3617 142.86371 23.094099 27.836374 6.18882 -1.5419555 -9.300144 -3.876933 -20.21228 -4.4182477 -13.319994 -5.007016 -6.388481 -6.0860767 -6.4306083 2.6126745 -5.046474 -1.5153586 -6.5118465 -3.5901651 
-265.1836 81.043495 25.841423 35.284737 -10.382979 9.520481 -22.39942 -13.092947 -19.276384 4.408724 -6.030756 -2.4492748 -15.6336975 24.822456 -19.097866 -11.171804 -1.4441885 -4.2551327 -17.517906 0.17092744 
-259.3329 86.22079 55.99034 9.654656 -15.506978 2.3629758 -11.677614 -11.162128 -21.8014 -6.758073 -12.6904125 0.8042152 -11.669941 14.88351 -8.859692 -1.2441416 -6.9411716 -7.6187177 -19.799147 0.86220765 
-255.3862 155.2031 13.869258 14.614282 -27.01934 -1.4456493 0.59520656 -23.469389 -38.20998 -0.08783587 -9.292369 6.291273 -6.3148336 7.362213 -11.780767 -12.475698 1.1453854 -9.261234 -8.189278 -1.7830603 
-250.98427 160.80315 -16.125069 10.481827 -14.42266 -3.4770155 10.366068 -8.543284 -33.98208 8.910984 -10.021997 2.0112972 5.224311 4.807734 -15.035688 -8.285777 -11.534198 -3.7345822 -10.343428 -8.115475 
-286.0737 158.68286 4.69824 7.9812603 -13.741004 4.143557 5.888063 -10.72483 -19.181808 -2.3267813 -14.382192 3.4184082 -4.0045137 2.035921 -12.641183 -6.5851493 -11.720445 -0.87105274 -10.950671 -7.8039923 
-287.24673 142.50114 13.200929 39.56929 5.4186773 -14.186657 -9.980128 -13.081731 -34.11047 2.4500563 -11.013641 2.0512877 -3.898691 6.248064 -9.95364 -6.5139623 -0.8899589 -7.603279 -9.563275 -4.7099447 
-288.5706 134.06691 17.397484 20.546629 1.9725164 0.22336864 -8.599303 -16.95508 -38.71974 11.002008 -11.824363 -0.44632933 -3.7171717 12.004701 -10.511546 -6.1660976 -5.2669516 -7.9764805 -13.577257 -6.091495 
-337.1961 110.55032 36.78206 48.439373 11.363734 -11.934897 -9.198704 -1.8874011 -34.343613 0.85875446 -21.909859 -5.9414344 -4.5300117 -2.8034258 -10.467433 6.505461 -4.7760224 -2.509808 -4.7532873 1.6241516 
-330.38855 132.22765 22.802225 49.669224 5.132954 -5.801898 -10.93327 -8.16469 -25.13813 6.9257226 -18.21596 -2.275528 -6.9898057 -3.6229303 -15.315911 -2.8205953 -7.4868526 -3.3697329 -3.6980748 2.0008564 
-253.76988 170.97615 -42.22667 11.080525 -25.034908 14.712611 21.375816 -13.502645 -30.079756 11.181518 -9.465336 -1.0202792 9.102231 -1.9617628 -18.243717 -6.0825763 -7.9026012 -0.95877486 -8.981144 -0.5312046 
-320.67322 133.9699 4.52033 17.062666 -13.833998 7.973292 -4.7946754 -3.1180506 -13.352154 10.829267 -18.163443 -0.95758164 -1.9872117 3.6111119 -7.8291616 -3.5792897 -4.7373257 -2.1727438 -8.021593 -3.762268 
-308.62646 99.350525 29.692636 25.167763 5.2614365 13.092585 -20.513895 -12.148554 -15.547941 5.9627023 -7.748142 -9.318041 -5.1506767 7.516531 -12.0601425 -1.018983 -6.7893853 -0.9323209 -8.534405 -7.202266 
-263.33682 145.34561 18.94754 14.398004 -15.798265 -9.7469 -17.786018 -23.870996 -21.230995 -0.61175084 -3.385269 -4.4737372 -7.6868844 11.6044235 -14.098689 -0.8227649 -1.8537611 -3.566059 -1.3809694 -8.910342 
-221.92126 113.221306 -23.13516 62.16954 10.758434 -30.59123 -23.209948 -11.912556 -32.46559 3.7845201 -14.532039 14.5642 -12.326581 6.345275 -12.425945 -13.831454 0.24574555 -5.029295 -5.690767 3.8698301 
-340.6569 121.375595 18.582565 63.540146 8.335766 -18.44507 -2.2044458 5.00959 -27.767872 0.27030766 -18.364088 0.98446 -16.407372 -1.359775 -5.0563693 -6.6644964 -3.228265 -0.25555462 -6.4782453 -1.8033731 
-359.77798 103.15042 17.018955 31.123552 21.176662 5.122088 -7.4995236 8.533302 -20.204306 8.657622 -6.8143864 -0.41327435 -3.8815842 14.568507 -8.427238 2.5846422 -3.0435605 1.5700059 -14.628486 1.3230579 
-140.16539 116.31822 -70.525505 26.923971 -1.4684243 -15.785063 -13.370174 -9.319196 -14.052882 22.293821 -20.865623 -0.8552201 -14.153975 13.401886 -22.2331 -8.595666 4.1851726 -4.936846 -14.424299 -6.6302247 
-229.8071 125.35753 -17.530607 48.603035 7.1866727 -13.533296 -22.991865 -13.863258 -30.007118 17.747631 -22.40557 2.8402584 -6.1047 9.677402 -15.397219 -11.29577 5.3220277 -7.5008774 -11.969588 -0.8786475 
-275.12103 127.52433 -1.9915447 58.899353 8.975773 -19.310574 -18.51517 -13.063121 -19.649988 2.6629572 -22.91003 2.05136 -10.31422 0.97866505 -10.101853 -8.059191 4.6626687 -9.631168 -11.888381 -3.3653793 
-243.00551 92.22031 32.290657 24.773813 10.389912 14.994587 -30.894684 -15.156091 -21.078217 4.870664 -9.676498 -15.0096245 -9.405861 14.000968 -12.39152 -6.3524094 -2.121047 2.1356459 -10.704303 -7.3468533 
-263.083 126.292465 16.695557 24.220175 20.981707 3.8519766 -18.030174 -21.932756 -32.387913 13.374935 -23.07321 -6.5468435 -6.4902725 18.631557 -5.457575 -15.549667 7.770935 -0.75834805 -3.5330353 -5.5735726 
-328.8179 162.74774 36.514008 23.104078 -14.373069 -23.636248 -12.261606 -13.234804 -32.512695 15.598919 -9.097625 3.2710714 8.57196 -4.227313 -10.190062 -1.418599 -5.7317405 5.2847958 -3.4958296 -1.2269398 
-250.31877 143.47171 -5.8177705 12.805965 2.791133 -3.0934865 -9.557725 -22.572594 -41.52017 19.867302 3.5477803 -1.4516048 -2.0765936 2.9707422 -6.855945 -8.369854 -2.967358 -2.473643 -13.326853 -4.5718393 
-325.9702 156.23837 -0.7057813 18.461586 -1.9938036 2.9264965 3.4330363 -5.5477586 -41.38273 12.483575 2.7971282 7.4597073 2.432498 0.36595535 -13.875778 -12.669712 -0.38241154 3.2989404 -16.153471 -4.7079144 
-399.0176 118.60592 -5.4771824 40.218437 16.917221 12.463825 -6.2462454 5.0966086 -15.460026 19.150703 -8.916184 -7.665862 -2.1631796 11.318083 -14.234846 -2.2731771 -9.024284 6.184171 -9.642417 -1.0427526 
-210.31903 111.84366 -25.994362 31.249325 9.887146 -6.4287686 -25.980986 -10.353735 -23.8389 3.325099 -15.544963 -5.2705035 1.7245657 18.450462 -19.990925 -7.9321537 -4.551596 -6.844205 -21.199972 -6.9662857 
-228.99564 151.12393 -33.660965 18.301762 -9.581878 11.25848 9.20125 -31.650879 -36.765736 8.806347 -5.7615323 1.8242561 -5.765576 3.4164116 -9.984399 -10.712284 0.27892658 -10.67474 -20.191685 -6.760049 
-259.59927 83.78714 36.53486 22.248253 7.3171515 1.7735796 -0.66292053 -5.8531623 -35.203888 10.865896 -11.631566 -9.141113 -5.865057 9.748913 -13.26596 -3.2001028 -8.802522 1.525995 -14.239332 -5.8711805 
-282.36212 122.34576 23.038977 22.870918 15.121896 3.766327 -17.505093 -12.379778 -24.146809 5.1630383 -10.947148 -1.344323 -14.685948 10.249722 -9.380177 -9.803956 -3.5366423 0.35434717 -7.5643826 -5.98063 
-303.5666 108.79804 45.764427 17.767204 20.672298 -0.51021296 -21.04669 -3.3148534 -16.651941 8.178408 -12.1743965 -13.508641 -14.546263 6.043429 -12.198746 -15.027891 1.0192924 5.6598268 -13.387138 -3.3482442 
-243.5622 118.58073 8.075237 10.402854 15.940419 -7.3582687 -28.768991 -11.139593 -23.582634 12.086646 -13.342592 -3.2084308 -5.4768586 16.436478 -19.728474 -18.020472 -1.1019437 3.0287526 -18.098629 -1.8064662 
-215.88675 146.38083 5.920475 13.770275 -16.042198 -19.601326 -15.258143 -9.3255205 -33.568604 0.6412641 -21.286892 -4.3845115 -14.667147 3.601242 -10.838791 -11.509135 -4.738986 1.0263304 -8.138706 8.551725 
-245.82373 102.43535 38.356907 16.604012 18.597258 -2.6037405 -27.31799 -5.3864193 -31.317617 10.554255 -16.617027 -6.0904293 -3.6179695 18.207241 -14.011542 -11.0881 0.99538016 0.212883 -23.492565 -0.03794331 
-287.68427 134.16515 -0.2559899 29.135542 23.044378 -4.079272 -12.762965 -11.978292 -36.64363 14.948626 -15.085524 -9.24795 -8.842785 17.796669 -9.970324 -10.889095 -11.052753 0.0052544274 -14.946873 -1.5940919 
-316.75198 113.05812 3.0324717 68.10788 5.715018 -23.64322 -2.3328881 0.44669396 -30.944498 9.430905 -15.786039 -2.4638994 2.8606224 4.457071 -12.293835 6.9437523 -7.822837 -4.498259 -5.9529653 -2.9476132 
-352.71533 133.9626 35.133232 52.982063 3.6008406 -4.8867064 2.1375363 -4.549068 -12.652791 8.800105 -17.583443 0.5690428 -16.203209 -10.375131 -9.016173 -7.1919003 -13.008287 1.4455996 -5.3972235 -10.520583 
-336.54053 138.54604 -11.772273 37.321194 4.0675836 12.996543 0.108375974 -8.640817 -21.2584 7.45957 -13.697321 -5.22016 -4.949832 4.0214186 -14.194802 -2.4598923 -7.9655905 -2.047213 -12.953305 -5.570217 
-206.78004 138.0344 -34.85914 24.045807 -15.012379 2.7887378 2.7271585 -13.44757 -28.209322 -6.0320134 -7.910697 4.932014 -4.309638 9.63126 -14.25865 -12.191973 -0.62427276 -1.6733992 -11.793549 -6.5299826 
-225.32419 113.64544 9.403157 14.943915 -7.198664 13.58556 -11.334483 -10.154853 -28.600504 -1.9132322 -12.416479 3.3773818 -2.10812 13.959091 -16.369904 -7.9740524 -11.862289 -4.8930073 -12.198198 -2.1889734 
-218.6929 150.94887 -24.105848 13.739574 -41.356503 13.9745245 2.6443036 -19.743637 -27.239262 3.9754024 -5.1884737 3.2624273 -10.888639 7.5658298 -19.538702 -14.175297 0.36729077 -3.225603 -14.070616 2.3704312 
-289.5768 152.62405 -4.9786444 15.777279 -12.222366 12.868485 -1.3936846 -12.234635 -23.760275 7.4561234 -5.4262857 -0.26843178 -5.616338 1.3877172 -12.275128 -13.569851 -0.6696958 6.905328 -12.29557 -3.1327574 
-288.7619 118.464005 31.381666 20.8937 -11.556489 10.6810465 -4.6079674 -7.921681 -32.67843 8.410368 -10.354183 -3.8915706 -5.8899426 -1.2591337 -11.440447 -8.230618 -3.5922945 -4.2647886 -12.804187 1.3836875 
-358.1828 130.72832 15.730785 44.3368 15.747211 0.02744495 -22.329641 -4.138917 -20.540783 3.199726 -14.04586 -2.2106433 -4.7250614 11.312367 -11.780636 -4.051008 -0.28880775 3.6750836 -11.71412 -1.8205539 
-326.44617 128.53099 22.584862 41.032574 9.312153 -1.5013102 -11.113026 -13.764152 -24.837908 -8.663722 -14.361723 -2.4439025 -11.780926 0.67274845 -9.033675 -4.764044 2.0586505 1.6229185 -8.922046 -2.3489952 
-273.32336 135.17082 14.444576 23.23758 -25.340038 1.8626791 -1.2960932 -22.746536 -22.93374 -9.633138 -17.746061 4.79588 -11.657758 10.643993 -14.171003 -8.186396 -2.8488255 -4.8486276 -5.926859 -3.413723 
-297.4551 149.70534 -8.396628 34.055794 9.229222 1.2582834 -23.7291 -10.933346 -23.800743 3.3625283 -7.7193594 -2.3353732 -11.899587 24.653378 -12.344515 -18.1148 -3.6913402 3.4965851 -14.521685 -12.786721 
-304.46353 112.49429 14.828932 50.65356 -1.1763772 -0.7584489 -5.0110846 -4.5763965 -8.765914 8.390079 -22.634579 4.6011143 -6.782935 4.4045143 -7.1750717 -5.8832326 -7.6520014 -1.140354 -17.079397 -7.223769 
-370.3344 96.16755 4.034356 48.81597 11.419643 2.209952 -7.987321 17.011702 -17.096443 8.456964 -9.522894 -1.7666457 -6.6422825 10.705295 -11.157682 1.5827775 -11.591145 5.838953 -12.464286 -4.224173 
-248.2901 120.34949 16.608725 26.732822 -16.329145 -11.11802 -12.467081 -13.184823 -33.838028 -7.1013126 1.5675068 5.1853375 -20.784433 13.661265 -20.771156 -10.994931 -6.464159 -5.521265 -3.9425986 -11.697198 
-211.39236 150.65715 -18.336882 7.255467 -3.1497333 2.4738805 -19.36113 -23.878023 -26.904123 7.30324 -5.164041 5.580272 -8.647057 18.602516 -18.573555 -16.170433 -1.7811078 -6.9224353 -8.019683 -6.6557274 
-228.54509 99.9534 26.532085 35.21276 -1.3851662 -5.037068 -20.014105 -7.8232784 -27.532179 1.3779763 -2.723958 -1.556185 -12.1898575 11.549473 -15.839277 -6.686541 -4.2638 2.2734704 -13.313593 2.1063373 
-262.1156 173.76256 -24.823612 -4.3694034 -0.41128832 8.3550825 -9.762571 -14.526805 -22.084663 12.120785 4.609692 5.0836406 -12.145599 1.770472 -7.7673645 -14.229817 -13.742199 8.91489 -3.1908653 -5.105658 
-271.35107 149.5237 -4.4889727 13.48856 0.47659937 3.3930128 -18.718237 -13.45419 -16.116566 4.7194824 -3.7347407 3.317706 -19.628735 8.485195 -9.161855 -13.800435 -4.017662 7.025497 -5.7297354 -10.213497 
-283.9926 121.18009 25.346924 26.293736 10.597663 -2.6599634 -28.615763 -11.651113 -19.742134 -8.372125 -9.254368 2.9142706 -13.598524 11.645822 -9.674701 -9.647549 -3.3487484 3.3644395 -4.397928 -8.03297 
-311.93256 163.46027 17.938295 26.513351 11.259327 -3.9414606 -22.421556 -15.683735 -12.8092375 -6.1760893 -17.834808 -5.2968273 -12.05944 5.8728914 -6.306333 -7.1300898 -0.06168249 -2.3814433 -0.99021393 -2.7504587 
-308.10034 136.6937 35.196194 10.138378 -0.7508218 -3.5713751 -18.800276 1.2969513 -24.748209 -2.150301 -9.035801 0.31075823 -4.6579432 5.8034015 -3.7121403 -5.0214715 -7.8484564 -5.1981235 -14.205039 -7.4579935 
-347.12662 147.94417 35.488537 30.224277 9.791737 6.1625757 -25.58746 -18.077011 -32.926353 6.0495024 -9.96512 -10.099838 -15.276379 15.185467 -9.120511 -1.6827772 -3.662807 3.1743827 -5.824802 2.9453363 
-219.72935 159.58884 -47.824966 -0.5574808 -11.280966 3.1402533 -11.4920845 -18.567757 -25.611626 14.079399 4.497435 -4.4628773 -17.85866 8.381361 -21.846367 -10.006548 -5.8808928 -0.9833394 -7.7331033 1.1459428 
-298.6632 151.0371 -4.43619 28.058193 8.882141 -12.519465 -12.954178 -4.9034786 -20.653452 11.260571 -8.804776 -9.874472 -11.763019 1.8807288 -9.968015 -9.971372 4.310695 -0.7383125 -5.6545687 -4.1440215 
-376.18442 136.6944 21.192997 34.041946 10.995678 0.8535324 -18.041725 0.39729583 -19.417137 1.0956941 -18.725733 -4.805025 -1.8222902 6.3109818 -7.777675 3.590188 -0.23892614 2.2124338 -7.2207413 -2.1445692 
-688.7293 76.451385 8.722075 53.506733 30.56438 -17.029383 -27.608246 -21.431046 5.7056694 23.689198 16.59337 3.0575323 2.3049414 1.553782 -7.895402 5.730956 13.569472 -10.950975 -8.611151 17.439875 
