-390.30008 159.94598 -10.157521 50.771954 28.619595 -27.943632 -34.700615 -10.658161 -9.606631 7.4441733 8.166013 1.5601449 0.1343779 14.008739 3.164311 -16.231379 -2.0843678 -7.333231 -11.119038 -9.424866 
-368.64206 144.70563 -17.56828 68.81754 36.819874 -35.711273 -31.347464 -9.873844 -16.589369 -0.26509053 4.0557194 -4.681495 8.450207 13.612647 -8.700288 -1.2390757 6.6227694 -7.3135157 -12.950382 0.37742373 
-348.97397 37.689243 33.623413 48.91503 24.173435 -3.4739819 -20.583998 15.350627 -16.482986 1.0449901 -6.376452 -3.338344 -8.3755 5.084571 -0.7285882 -3.1102402 -1.1897128 10.368062 -16.44563 1.606118 
-343.76996 109.3356 9.122034 75.85337 38.01812 -12.05134 -30.260324 -6.001894 -16.10303 -11.4762335 -21.438509 -10.095823 -5.0375414 -15.941518 -5.388677 6.1706634 -8.282978 0.9266795 -8.55798 -0.35094085 
-330.64517 122.55092 -7.968314 66.8014 17.630936 -38.3217 -17.173042 -8.6855545 -14.053792 13.166064 -13.942335 -13.21967 10.452756 10.110638 -10.629604 5.3647666 -4.6573734 7.57209 -17.045433 -5.654854 
-360.46567 133.40643 -8.05488 62.422153 12.037599 -17.548851 -16.291935 -24.529802 -8.473675 24.033112 -12.629883 -10.539949 -0.17360531 15.160032 6.507665 -5.864985 -10.590026 11.74894 -12.538713 -8.65266 
-382.44418 136.73346 16.60418 49.938194 0.5206032 -9.677827 -24.005938 -21.493 -12.511118 16.86422 -7.5520916 -0.83961517 -3.5349061 0.82277936 11.359251 -3.6692097 -12.628114 14.8052845 -9.3566265 -7.4533024 
-326.39706 146.07037 -11.125863 43.013836 0.964951 -16.192863 -9.090744 -16.316877 -31.948425 0.36786115 -2.4123437 3.696809 1.674402 -6.201186 6.767977 6.811684 -9.8383 0.4290565 -0.83439195 -6.5833406 
-325.7364 168.33195 -17.368391 39.39101 -13.86488 -28.29426 0.082399264 -24.51743 -27.379194 12.116324 11.1135845 -2.7473576 3.1282625 -2.367687 12.792518 -1.2305044 -8.864131 3.0185397 -3.9112642 -10.915798 
-343.5376 185.22171 -30.401085 17.456987 -33.77764 -24.01782 4.7465343 15.936296 -14.713191 5.35536 13.621462 -4.311128 -4.14601 0.66100204 -2.3594642 -3.7148943 -8.824501 8.184957 -4.486442 -7.800226 
-354.0619 169.18552 -23.762089 25.91534 16.698757 -8.724464 -21.152973 -15.141332 -17.560661 1.3075142 1.884673 -4.7979026 -4.293188 4.189148 3.6014163 4.613184 -7.2337418 5.021136 -0.33280855 0.94123214 
-376.71167 154.04893 -10.792294 54.06233 16.717052 -14.080967 -22.946049 -18.420193 -21.128988 11.060056 -0.1827524 -12.963805 -6.053442 10.83973 5.754888 1.2812883 -8.59481 4.255191 -7.0710764 -0.5966248 
-438.89407 160.35791 28.218788 45.034748 -2.406448 -13.602616 -17.310093 -1.2882365 -14.448669 11.681333 -9.054177 -15.694811 -4.939582 6.3708444 0.0773326 3.9454706 -3.8406563 10.007636 -1.355421 1.6473607 
-405.49435 156.1206 16.232067 34.36038 -3.4048789 -9.360772 -23.645521 -4.5680847 -8.27546 7.0730715 -0.42918953 -4.6158547 -5.8685217 8.558591 -5.6916103 -0.580174 -6.3011565 9.962051 -5.1589804 -3.1081717 
-397.88705 156.2348 1.1362967 40.685276 14.7623005 -17.343655 -27.972591 -6.7355595 -8.248005 9.607498 -4.1028852 -7.691892 1.8364758 9.7390585 0.44008216 -2.2564204 -5.7414927 4.993912 -7.148513 -1.5001229 
-429.7602 151.28493 16.717014 20.006086 -11.546107 10.088069 -2.7415369 9.131545 -12.959441 5.7555494 4.1973405 5.8401995 -2.6047974 3.3609784 -8.879536 -1.2393157 -2.501846 1.6423624 -6.7775316 -1.879495 
-433.38074 114.85969 38.78886 32.118248 7.148986 12.316717 -5.2535405 2.4314926 -6.5271673 2.0268993 0.3514685 0.70662755 -7.8975544 9.07998 -9.953782 5.354912 -6.57717 2.0856605 -6.939036 4.148668 
-501.54346 173.29349 49.07202 29.100826 -20.596493 6.4141426 -12.793631 5.430797 -10.433001 3.4365103 0.019849459 -7.9359546 -3.3014615 -2.0674314 0.14114295 -4.4502983 2.8539364 0.030721823 -7.8452725 -2.4413788 
-449.09613 178.00127 31.97696 48.6631 -19.049185 -10.676753 -4.7593555 -0.005420473 -31.885918 1.1188635 -2.5265036 -9.914151 -2.953822 5.8629093 2.344345 -3.7640762 9.481603 -1.7484131 -7.349027 -2.4787476 
-459.64536 168.67906 11.930654 38.34042 0.8038661 2.4004953 -7.2031393 -4.755641 -32.57279 8.145448 4.970426 -1.2539637 -7.511694 -4.2490897 -2.6561708 0.7588675 -1.5239723 -1.8584769 -10.318112 -2.454431 
-441.3663 163.87798 8.868062 30.486437 2.4659572 -5.772259 -21.01235 4.408122 -4.8355436 9.422588 11.522838 -9.105455 -13.09693 -2.5641012 2.1349838 1.9530203 -10.80317 6.6063466 2.6281629 -0.69149125 
-418.1595 157.86273 -4.2747936 34.325394 11.490892 -12.200492 -25.056656 -6.985913 -8.156502 5.247628 -4.9881697 -2.1886797 -1.7726474 1.4714313 0.057137594 -0.27552426 -7.2503715 6.8355384 -3.6556587 -8.715206 
-384.84827 193.18604 -26.131662 13.485447 -31.739288 -30.932566 11.705885 22.106094 -26.785994 5.148209 18.575792 -1.0006063 -13.062682 -8.6646595 -18.380405 -4.434103 1.2086519 9.402558 2.0222387 -8.827853 
-493.40598 158.65973 20.977167 21.809818 -3.2578824 16.60683 9.4996805 10.686495 -13.705937 5.912462 3.9722426 -4.0753155 -13.587116 -8.396082 -7.7611 -2.7461534 -0.11201334 7.081386 -3.1653438 -3.4591484 
-448.79156 128.11005 40.94915 25.775053 4.6079655 3.1637259 -7.8595133 -2.505927 -7.353679 -0.23819229 -3.993668 3.6972394 -8.93772 7.5277534 -8.654579 3.5498984 -6.7068014 2.5540361 -11.864298 2.2992237 
-450.23727 144.26524 24.906374 36.58222 7.605833 -3.8192225 -7.7714257 -7.558632 -16.980564 12.317597 -6.226656 -8.108157 -6.5734973 8.597436 3.8118944 2.3715334 -3.4566386 4.3968043 -11.843375 -3.458797 
-412.7976 61.17741 43.337147 43.85521 4.849521 18.92648 3.7260175 2.8150306 -16.062996 13.650876 -19.161865 0.053307746 -5.6715984 2.24526 -7.441935 4.212919 -11.66666 6.7247787 -3.9067662 -0.39065397 
-479.38443 111.37637 36.95508 46.040096 12.454791 15.637414 -4.069771 1.3977319 -10.44666 3.0678282 -12.283077 -6.154598 -9.435444 1.2007203 -1.538402 -0.30815336 -8.815585 2.7327023 -6.58784 1.4756999 
-434.23642 149.12889 19.805573 40.519917 16.937365 9.366033 -11.742844 -9.048084 -19.14314 8.892881 0.33025154 0.50176865 -1.0684973 2.618215 1.8088022 8.241245 0.8913659 -1.6915519 -3.9421358 -1.4723711 
-433.63904 61.699116 62.54452 48.572342 14.509701 7.6994586 8.06949 8.315519 -35.91012 18.079952 -2.4603174 -15.279563 -8.903334 9.873592 -9.337068 4.502358 1.7081549 3.6338568 -7.0491476 5.0465183 
-451.0902 55.970615 70.71748 54.020477 4.929548 8.500463 8.663294 4.32382 -34.05294 17.398945 -10.683533 -10.30794 -11.028006 3.8868246 -10.209209 7.233807 -6.899263 4.931982 -6.7302084 -3.0559251 
-477.13852 84.54682 57.870274 58.482307 -3.4525812 8.821455 4.900333 2.944536 -24.158598 16.300653 -18.683601 -9.232503 -7.2812304 3.8318913 -14.540828 6.461475 1.1388587 1.8410878 -9.579385 -1.8078806 
-513.8657 163.12294 46.452377 53.958694 -1.36668 7.646859 -15.835063 -6.0764136 -23.787802 2.2133102 -11.751029 -3.4514716 -12.453692 -1.1705296 13.9843235 1.9233191 -5.3028035 6.5684566 -9.037587 -3.1900923 
-460.45557 179.55118 6.6745963 38.483948 2.012868 -7.61587 -4.1364694 -8.337923 -23.662855 9.846107 1.808207 -1.0051012 8.7183 -10.244152 3.0102394 -4.5628996 -9.768285 -1.8239386 -0.66853714 -7.9721613 
-572.23663 167.5911 42.430756 29.810564 2.648682 24.133644 -12.307951 9.698063 -12.189769 5.614911 -4.3761244 -0.6794722 -5.628509 -14.627272 -2.802104 -1.0617484 -2.7428868 -1.009937 -1.9021609 1.572676 
-540.29895 174.6772 44.86039 34.621445 9.200062 18.94502 -14.336582 2.109862 -14.964726 3.0371997 -2.8076403 -2.3177755 1.0501595 -6.923341 5.6300893 -0.48993364 0.05423465 -1.3047167 -2.6592898 -2.2784636 
-482.15598 165.00043 33.644253 40.28345 10.737286 -2.2877746 -12.004804 -11.076011 -16.600801 4.445769 -1.7378564 -9.651097 1.173574 -0.5390633 12.336381 -2.9709368 0.6087329 -2.1430576 1.8733373 -6.720682 
-441.25394 192.87592 28.352692 5.1563134 -25.055044 -8.45528 7.41018 -0.6109015 -22.0363 7.6758246 1.059518 1.8487347 6.0378885 -5.2530293 -3.3672614 -6.0987606 -0.079616494 -4.980418 1.0462567 -0.66785425 
-408.96667 177.35715 32.398643 41.193134 -36.34284 -37.261654 9.703364 4.5177326 -20.238728 6.928573 -3.2126374 -10.756482 -0.13247502 -0.9869055 3.7379553 -5.813806 0.52077395 -4.449113 -8.080438 -5.316866 
-487.96115 162.32266 44.75566 31.314083 -15.88225 0.33474624 0.043477245 7.324583 -9.90702 4.874456 -8.465809 -9.599979 -0.3564514 0.41928694 5.503355 0.6772796 1.0839506 0.073163494 -6.3327503 -3.6387646 
-527.4646 141.26483 27.42746 37.13332 5.1135907 19.663872 -11.387886 2.4973283 -5.8229523 4.3094068 -4.5107055 -8.111006 -7.468715 -3.15417 7.920067 -1.2120997 -2.836381 -2.1923294 -8.304363 -0.39464867 
-548.5918 147.56128 31.773682 39.164608 9.527897 33.448685 -13.511873 7.42098 -8.648385 6.273602 -7.2879996 -5.8039007 -6.780315 -6.52057 -3.0301592 -1.379818 -2.1255515 0.0500181 -6.430078 1.5323322 
-563.8391 159.48215 40.550827 35.717087 9.3472185 32.267044 -15.710468 9.196845 -11.036874 5.0728483 -10.854766 -5.267314 -9.042829 -9.95094 1.4420578 0.32002893 0.5277716 -2.6140137 -3.2627292 1.7998672 
-549.7283 158.01073 38.326954 30.070974 13.812583 21.946903 -11.137737 8.78968 -13.997515 5.767263 -8.288123 -5.264074 -4.739802 -6.318197 -1.5621572 -2.8517091 -2.6538396 -1.213697 -2.619853 2.7751446 
-458.97543 163.45784 43.424637 24.602608 29.559404 26.896717 14.596661 14.128961 8.907337 8.528258 6.2133613 7.5929303 4.730548 1.0116149 4.37201 4.1000724 4.7186875 4.48765 3.1221035 5.4348235 
-506.52112 157.5529 44.258106 30.902811 5.3889008 16.400082 -10.508442 4.6940145 -8.296454 9.090203 0.28696558 -2.3286645 -3.488706 -6.0618725 0.9317608 3.0505767 1.4390855 1.2432085 -8.576066 3.1804373 
-438.10178 196.82945 30.07313 12.768307 -28.618727 -2.8331265 6.418402 5.926455 -24.328396 3.4024854 5.145735 -2.795255 2.3748407 -1.8029063 -4.2941713 -4.148672 1.3815017 -0.46396235 -4.0930862 1.4961791 
-449.3595 151.47667 37.864597 46.75521 14.309503 1.6839476 2.8960178 -10.779617 -30.81298 -1.9074606 -3.471676 -17.62773 -10.235469 -0.26390138 4.678933 -1.2039098 -4.342279 6.829119 0.06649097 1.1786337 
-431.5841 162.67194 1.0801368 77.20102 27.903303 -20.949854 10.500172 -22.93215 -36.61756 11.081082 -8.933745 -21.47071 -2.482919 -9.668803 15.25775 -7.5674267 -4.349123 15.507311 0.12156381 2.124603 
-442.57288 160.75911 -0.44541168 76.58735 22.87816 -17.972364 9.237125 -24.18768 -33.294094 10.91904 -10.681827 -23.717833 -1.5247025 -5.4489584 15.001101 -6.857135 -3.8928308 15.480428 -2.3973086 0.69510293 
-516.3625 134.85387 49.106388 38.954575 21.531654 9.58303 6.6578927 -2.220577 -6.071946 3.395643 -11.774982 -9.699553 -3.996291 -7.009731 2.4564197 4.303664 -6.2129316 9.881834 -7.171629 4.938823 
-542.5213 126.95634 62.068745 23.561066 27.01606 4.9145083 -3.7555335 10.055049 -4.657218 2.460143 0.8662621 -2.8712955 -4.343261 -5.370523 -1.022389 5.4188237 -4.3236723 5.5213284 -12.400538 11.086097 
-412.6588 188.39256 -12.383304 19.490211 13.644947 -21.534723 -16.698704 -3.06113 -13.791897 12.782842 14.546184 1.9869741 -3.759982 -9.813866 2.2729535 3.0432277 -8.693264 0.440405 0.54581475 4.7089276 
-349.46 139.19193 24.753223 19.552525 6.142543 -7.0798144 -22.337252 -5.798471 -10.00172 19.537292 10.276447 -5.9135222 -13.041279 8.406199 1.074836 3.8323088 -6.439034 5.8237605 3.1830266 0.5272682 
-385.26782 169.99892 -26.269566 43.887516 36.515244 -35.514637 -18.350382 -0.09310489 -23.776217 10.501294 9.681469 -23.558342 4.8343797 5.3947024 -6.982433 4.3372707 -3.029521 -3.8555446 3.1385508 3.9712152 
-418.65555 125.31627 25.558495 37.175533 18.340532 -8.032852 -13.612303 -2.0359755 -29.356361 17.408096 2.156085 0.11925379 -5.242876 0.30353588 -2.7010698 7.8442917 -2.8079524 -1.030835 0.52965665 3.0718324 
-431.7403 175.03355 7.9675403 10.264692 -6.317625 -13.3676195 -2.3283603 6.1082354 -18.62565 11.147317 4.1484394 7.738962 -7.033611 -11.821241 -8.917957 -2.1664596 -5.7718267 5.7796245 -4.09668 0.98155636 
-448.53146 185.71532 -12.923468 31.71636 4.3688626 0.7631103 -8.575132 -5.3015456 -20.011196 17.284605 8.961426 -5.6461477 -11.831844 -14.36203 9.044986 1.8344882 -9.533924 4.397874 0.38548228 -1.6086084 
-520.91016 188.9432 20.103497 31.97686 1.8609118 15.349452 -13.50104 1.9115306 -22.456816 10.225577 6.630695 -7.613422 -7.0784307 -9.959602 2.5706918 -4.9238815 -3.379774 0.9162189 -5.0719366 4.863089 
-473.66922 174.01605 35.342937 23.581978 -19.29318 1.3575888 7.436588 5.172312 -30.429392 11.43581 0.0018217034 -3.047668 1.8384871 -2.18275 -13.431864 -4.704748 4.1581364 0.14479075 -5.3706517 6.8780665 
-484.1504 136.13002 64.87831 28.485962 17.366745 7.1058326 -1.7668399 0.086469546 -23.567547 5.769772 -7.2454886 -7.5692925 -6.902399 2.8798072 -4.461818 3.2810986 3.8888044 1.1165239 -3.5986583 5.1869907 
-526.6342 145.5461 63.836895 31.367968 10.81327 5.2036176 -3.7452517 6.253816 -11.579833 5.6647587 -10.524417 -4.1037035 -8.178918 -0.89970565 -6.3418493 6.589031 1.5947095 0.23394608 -5.744967 6.6297283 
-469.1942 136.59592 38.29118 36.5746 19.213022 0.91386056 -3.4975538 2.2901464 -20.2903 0.99019253 -2.190241 -1.6426378 -3.796321 1.1856145 -5.7934246 4.6032095 6.026749 1.784228 1.1522158 9.532862 
-427.78113 186.41302 5.1945896 31.057716 -6.3282886 -12.638081 10.196622 -3.3523772 -38.146076 4.643071 14.872417 -4.3430095 0.95579123 -4.461671 -5.3992014 -0.079293676 0.8098897 -0.92056 -4.085295 -1.432383 
-426.02295 143.01617 14.267283 44.258957 24.178398 -4.6115885 7.2742667 -7.6113105 -40.90883 1.2407615 1.6806817 -24.773329 -8.2321415 13.7393265 -5.8213906 -4.2095323 5.2778716 2.5207412 -0.24249394 7.277141 
-423.95084 94.33681 29.202951 75.16652 16.58106 -10.824528 -16.143974 3.1174955 -31.5501 8.492489 -12.676214 -12.237081 -4.083975 13.826347 -8.217112 2.5887058 11.004424 8.396986 -4.5045056 0.66962963 
-463.21332 171.58934 9.3357725 59.264812 21.690765 -17.623484 -16.127934 -4.6046796 -15.701928 10.683424 7.8636684 -10.507543 1.0984683 6.0819125 5.148859 -5.844555 1.2991271 6.168201 -2.5235116 -7.0288982 
-538.06104 161.32808 32.32028 42.931797 6.2847195 5.2836294 -10.936261 14.67267 -8.983899 9.043649 -1.1259875 -7.026061 -4.6841836 -3.1284666 -1.9849589 -6.4978213 1.1693535 9.113512 -8.285695 -2.4582105 
-550.5021 152.72375 55.37342 36.241325 5.3612423 19.778915 -13.552163 9.5317955 -11.257836 2.3887925 -4.6232123 -8.648672 -9.253735 -3.8746672 -3.083113 0.21241014 1.1106055 10.30548 -4.4444284 1.7469573 
-565.8578 151.28082 44.669895 37.84354 8.576408 23.367407 -11.575369 10.547315 -11.43217 7.375374 -6.3143044 -5.457738 -7.4608936 -8.456031 -0.20905548 1.5756304 2.0706155 2.7086182 -10.5923195 -2.9102569 
-506.47455 171.88759 45.42732 19.36808 -12.0600815 7.775515 -10.371172 7.6117935 -12.570689 10.549319 2.9649718 0.846994 -6.484453 -2.030231 -1.6405923 -1.9768308 -3.4670587 9.745024 -3.7912462 0.22632885 
-462.00803 191.71263 13.509844 34.62764 -3.5934033 -7.9612875 -8.169295 -4.115336 -34.314846 7.2679653 13.420094 -5.600175 -2.6812701 -2.891981 3.511276 -1.8877803 -0.4082631 4.3945923 -6.3704615 -1.514282 
-472.43393 155.1247 4.1972814 52.19306 25.170261 -14.774349 -11.795087 -2.2052343 -19.825897 12.574722 4.224183 -16.649168 -0.96033615 8.095165 -2.576058 -0.907799 2.3150969 6.2511125 -7.3635383 -2.6364377 
-466.32135 166.39842 -2.1006083 67.57735 21.874573 -17.764029 -19.515825 -8.044084 -23.915503 16.343561 0.75050545 -21.373163 8.29112 6.4027944 -5.177617 1.611143 2.095405 -4.367874 -2.7953181 3.1678715 
-470.98758 170.09479 -8.193302 62.779255 23.724134 -9.173969 -16.80957 -8.673418 -23.134037 8.669737 -3.0716572 -15.187764 3.5441966 4.622071 8.674327 0.1265157 -1.0188588 13.55917 1.2873544 -7.313892 
-538.15985 150.99017 53.21402 37.624954 14.716175 16.44826 -13.977043 6.625233 -23.625559 4.9678664 -11.381215 -5.1681085 -2.6072671 -3.4263144 3.0119593 0.069643445 -4.217825 3.225387 -9.158382 -1.4109988 
-473.69672 147.52448 28.62497 27.16027 19.007187 -0.7784017 -12.087176 -5.044494 -23.149765 6.417713 2.6457405 6.8251367 -12.147442 0.6398081 2.2670138 7.8787427 -7.299358 -0.7377832 -7.497574 2.623444 
-528.4116 164.88013 41.929134 35.581833 9.854359 15.196747 -12.931372 0.29965284 -17.222816 3.780917 -1.4568639 -3.2900832 -4.8001337 -8.032153 -0.058019534 -0.2705948 -6.4808955 0.102897115 -7.583874 2.017578 
-537.0364 160.77272 40.407387 29.953844 7.487431 23.27549 -6.2312126 11.744755 -6.297423 4.212442 -4.4884033 -4.1911573 -4.23328 -9.681961 -1.1310763 -0.5373013 0.060731888 0.37926877 -4.2247906 3.6906574 
-557.09064 154.20558 43.402218 36.18314 7.2537622 28.903316 -9.919387 14.994744 -10.148234 4.999358 -10.836089 -1.9066167 -3.857194 -5.5150986 -0.5036013 -0.6112338 -1.122829 -0.90068984 -7.9860535 -2.4730945 
-572.8378 163.43553 43.011795 34.34296 6.9854474 31.187538 -15.06458 13.125951 -8.305642 9.77537 -8.838894 -2.0502005 -4.8141413 -6.0153217 -2.0335505 0.28809273 -2.8867748 -0.9389728 -8.6240015 0.04958709 
-582.4988 164.91597 45.089855 36.13543 6.1064396 30.197662 -10.861257 13.021397 -10.22131 7.2617993 -9.113416 -7.527433 -3.5594177 -11.858274 -2.2808633 -1.1021506 0.47172752 -0.6822805 -8.149051 2.7175465 
-499.91568 120.74851 21.247663 50.563354 5.4062433 29.800581 -12.844406 24.602102 -4.7722526 3.1745727 -2.9542775 -4.8304887 -6.6714897 -6.022899 -0.50642866 4.7104597 -9.360373 2.011271 -3.2672274 4.1112385 
