-520.9257 179.025 51.47276 37.830635 9.70665 4.177064 -6.0194736 0.31497404 -12.374848 -2.336166 -15.213094 -10.72091 -1.5304086 -3.4440117 -3.342555 6.540859 -6.0085363 -3.7402334 -7.7450366 -9.342468 
-349.55353 87.54537 46.31876 32.53024 -14.341512 25.537886 -11.203696 -0.32416704 -17.635218 11.500517 -18.1644 -3.953654 -0.821766 12.992396 -15.874973 8.169074 -10.782508 -5.663606 -12.912561 -6.1158333 
-375.5515 145.82501 22.852646 25.315256 -0.1311619 25.521587 -16.418362 -12.993517 -27.75487 14.146142 -10.432129 2.9397366 -6.8798256 6.165717 -10.254519 2.8643959 -7.4726477 -9.521303 -15.0326805 -5.307375 
-407.6843 172.29942 11.9952545 25.943642 -4.5272565 13.243458 10.177975 -10.156429 -13.581761 0.85541236 -9.671102 -5.0563655 -9.508325 0.46785587 -19.11472 5.757948 -2.4265883 -11.00515 -6.514023 -8.61005 
-423.8244 183.97029 46.89064 42.338547 -16.722393 -23.484081 2.9779606 -22.252577 -5.280663 2.860891 -19.20175 -6.111275 1.1820178 0.82516736 1.831235 3.6428401 2.431962 -8.629214 -12.221186 -5.8701253 
-371.45364 125.035416 46.216354 35.751106 -29.445892 -2.8545668 -3.153054 1.8456331 -18.33831 12.49175 -9.379366 -8.0093775 0.95913 7.1450696 -5.525177 3.3434305 -2.826993 -5.003167 -11.936537 -3.302787 
-332.2254 118.35605 5.861328 17.6865 -26.9403 29.1587 -2.7852907 12.361765 -20.752762 9.014182 -5.374031 -8.538708 1.5307134 3.5160599 -9.948333 1.441274 -9.652774 -6.9801483 -8.618909 -2.8433347 
-347.85037 38.111404 43.63694 78.20579 -13.5302925 15.8948345 -6.3583674 14.391576 -25.473045 10.193732 -17.91655 -7.089102 -7.675387 -2.9696414 -12.705437 10.796642 -7.3241405 -4.36277 -2.7866154 -1.8380122 
-445.27045 115.77828 32.523666 87.49003 -10.337393 8.383265 15.916536 2.0488663 -27.42414 10.299936 -19.638477 -13.901567 -10.346345 -6.191637 -12.943352 2.9546747 -3.781642 -10.151847 -0.8823184 -12.110401 
-524.46625 157.51263 31.359951 45.90353 11.6437435 12.7312 7.765468 11.772299 -4.216554 0.32377633 -9.3822365 -7.605668 -7.1997967 -4.901934 -8.268487 0.97405505 -4.766941 -0.030471198 -7.977384 -7.576494 
-396.30408 141.04146 55.936073 30.272512 -23.547737 -2.9226248 -11.766629 -0.6996282 -21.15604 8.365772 -19.800869 -15.152368 -2.998735 2.140878 -8.589168 15.804515 1.0144438 -5.199628 -13.342467 -8.119366 
-342.69348 114.316666 -20.928856 39.640392 -7.396187 30.215141 -5.422289 1.2558451 -19.289137 17.327385 -15.163898 -2.523433 0.7176516 10.095339 -8.583843 7.4414945 -16.003674 1.0943716 -7.5635114 -3.100918 
-344.71616 182.24544 -66.67491 35.739502 -12.100237 9.740192 -10.933276 -0.897498 -1.5110008 8.584873 -11.614587 -4.8563576 -5.552246 -1.2815857 -4.688017 -1.4423553 -7.3444333 -9.621712 -2.3776207 -11.414339 
-473.58392 172.10019 -26.53885 35.637005 16.488123 25.596867 -4.3572464 6.936555 1.6791852 4.44033 -11.121157 -11.57724 -2.4273965 -0.08031157 -9.15556 6.2742925 -13.769489 -1.2024152 -4.4592156 -5.272701 
-386.63303 157.9821 -40.648495 70.4146 -3.2888641 3.7996953 -16.714817 -0.10949908 -11.834051 10.37223 -13.733534 -7.5401554 -0.54625565 -8.365177 -2.766781 0.766711 -1.5207635 -11.894451 7.662277 -20.216755 
-424.552 193.73833 -4.419353 50.947586 -18.105665 -4.831764 -6.519415 -9.254469 -20.289167 3.9443817 -14.436832 -1.2645713 -0.13812488 2.5090225 1.8733363 5.3942814 -2.9830797 -14.339808 -0.4710297 -18.595694 
-513.74994 174.27333 28.866102 48.13438 19.881058 16.83424 -8.100047 7.572062 -16.38484 3.837453 -13.181254 -12.717068 -1.4953237 -0.16305733 -3.5414279 9.811161 -6.107004 -2.2206829 -8.564449 -3.1843407 
-452.22675 163.63513 11.220748 61.99463 22.43566 8.7967825 -16.736185 -3.7400885 -19.808998 1.2420338 -14.592697 -8.12566 -7.9628754 -4.4456615 -7.528477 4.829205 0.8761793 -3.269375 -4.678085 -11.364986 
-411.82532 177.98161 -13.304997 29.175241 -23.703585 19.439196 10.481256 -4.407778 -13.980227 2.5188534 -2.265951 -8.708492 -8.480508 -10.069151 -21.31739 2.1328783 -1.7924025 -4.837007 -10.109852 -11.346684 
-527.55225 173.5974 33.544083 36.97589 14.946618 21.355606 4.4606037 7.698871 -6.5714846 -3.848342 -4.854964 -6.620207 -11.478541 -12.889204 -12.760693 -0.043656453 1.2902397 -2.4749305 -4.0645905 -5.728295 
-577.2162 183.67725 32.503063 42.274796 20.667562 21.882553 -4.493929 18.048306 -6.507073 2.4163043 -13.173805 -2.5055146 -8.13774 -3.8527782 -6.563615 9.941109 -6.5760145 0.77926034 -5.061472 -3.8785014 
-562.8603 184.05682 32.430244 36.660282 14.763859 25.123268 -0.89555305 16.156227 -11.600761 2.6732302 -10.506001 -6.9175434 -1.2656065 -1.3274509 -5.2300053 6.457816 -6.1453376 -0.8899333 -2.1178012 -5.762917 
-436.6674 173.87398 -7.9656353 32.951355 -5.6932707 26.00178 6.7393517 -12.726864 -7.7885065 13.129548 -10.498149 -13.418594 -8.533787 -4.1400223 -20.7636 12.204169 -7.3381433 -7.887502 -2.1698828 -2.3924675 
-397.17697 171.33586 -4.7889423 39.788372 -41.661705 10.89189 15.231818 -1.532672 -5.260676 13.160732 -19.290335 -15.443994 9.196448 5.688836 -19.760836 13.463574 -11.491587 -21.153164 -2.0142055 -8.516785 
-411.97476 177.74135 32.273617 48.790756 -29.261349 -26.208477 4.867529 -17.298178 -8.084194 10.926134 -20.486977 -11.548367 1.4090897 3.75426 -4.5540204 8.171292 3.9867575 -10.088448 0.8449727 -7.417898 
-393.58948 165.11687 11.461794 42.465736 -1.6218404 -12.639539 11.298977 -12.700718 -19.42018 -2.92878 -18.797167 -10.111865 -1.2851009 -4.214847 -1.965908 8.02797 -0.62858826 -6.6750813 -0.64785004 -6.1063175 
-354.23572 158.34357 6.513608 34.19235 1.8834318 -7.6280236 -3.8198607 -15.564107 -14.022244 -4.178588 -23.9236 6.437701 -5.496765 1.0773256 -12.256423 2.1245875 -1.6670473 -12.416326 -3.6933413 -7.4949393 
-341.96555 102.317764 26.076132 33.559216 14.086339 14.900641 -14.661447 -14.827377 -21.128637 8.472377 -23.601416 -5.8625965 -2.3245964 7.243202 -10.871097 4.69681 -6.1113687 -3.3686533 -13.335396 -6.145614 
-372.53217 102.20844 15.618774 60.43367 13.283363 3.3031795 -13.848751 -4.48172 -24.662344 14.281361 -26.919392 -3.7808805 1.6636978 0.49001667 -8.056945 9.999492 -2.5828493 -2.6991022 -7.8058896 -4.1140027 
-420.8297 168.054 21.658995 49.402206 -15.677872 5.0522437 -2.3493533 -5.139285 -24.759056 0.89303374 -21.34679 -5.3471265 2.1732981 14.131659 -9.075036 10.612658 -6.516789 -11.823753 -3.867925 -9.987823 
-393.13342 148.74164 -4.451547 60.86989 -11.802323 19.492706 -8.166532 -30.91391 -28.181849 1.7977748 -10.862818 -7.509779 3.2086427 12.139197 -6.6506286 12.411101 6.304186 -20.771065 -6.7199 -17.333076 
-393.01532 141.25328 -9.314198 79.57608 2.7495482 0.5669259 -4.7145143 -8.643279 -21.728899 -2.215211 -16.248808 -13.004071 -7.1886053 -8.239475 -8.10238 -4.6145496 -1.2187536 -5.989435 -0.08470631 -13.627743 
-338.47375 142.65749 -36.10993 56.42806 -8.888926 13.546452 -34.301304 -1.5324543 -10.3995905 22.393166 -20.095242 -9.952172 -0.09860672 -2.7968595 -6.210568 -4.6145034 10.545799 -11.134505 0.7339967 -15.492521 
-332.80066 56.132355 36.881943 60.897232 -0.2356294 32.727512 -24.019377 -7.1627426 -17.151304 18.907806 -31.16273 -12.598849 -1.61165 9.674541 -14.123657 6.5214148 3.8749034 1.7992651 -11.370426 -3.375537 
-444.44922 149.57947 11.059592 68.40924 12.618842 15.461633 -7.0213723 -11.449166 -15.863032 12.370014 -25.6281 -12.032917 -1.7836317 2.601646 0.35458115 -2.228576 1.8536017 0.7932438 -0.9221433 -10.294315 
-391.67606 150.78726 30.04644 36.949123 -12.897581 1.8095818 -12.524353 -5.313199 -24.288322 5.621748 -13.745802 -10.927563 2.2378561 11.444019 -5.251257 13.211916 -3.0324986 -8.436765 -4.490076 -3.1220489 
-353.1385 162.26102 -39.27458 59.799133 -8.1614485 20.381496 -24.40733 -16.160997 -13.5569935 15.220531 -14.445417 -7.5778775 -1.8366799 -0.57161117 -1.3430251 7.1250772 0.5065628 -19.066366 13.199899 -24.408018 
-408.76242 166.20824 12.760659 35.28941 -24.565819 8.141456 7.7603607 2.9112635 -13.776335 5.573182 -8.23734 -10.773866 -6.451956 -1.9659286 -14.629476 3.081724 -6.3157635 -15.426941 -3.0500517 -7.9885693 
-346.82413 62.71834 35.600777 39.097637 -11.74444 29.905901 -13.362284 13.779824 -20.096306 14.0814705 -6.0369816 -5.6750703 -0.4052607 4.0676384 -19.530731 16.55476 0.9788312 -5.643003 -5.444537 -1.4505292 
-429.7781 109.03252 41.381012 69.73776 5.159341 8.16769 -7.4009027 14.099116 -20.259129 7.078599 -18.360655 -6.950898 -2.7352135 -1.0510111 -16.935469 8.594543 0.8488975 -1.4080887 -7.709078 -0.26973954 
-391.25488 67.96672 71.55869 39.409813 10.568341 32.678284 -28.554605 4.8670897 -19.354681 8.503154 -18.840944 -24.1306 -3.7810314 16.477285 -20.083467 8.386227 -5.7116237 2.284935 -6.6304035 -4.8027678 
-323.5596 120.91219 -21.526829 17.204319 -8.314611 32.949894 -9.762296 -0.08947447 -16.711021 13.016203 -4.3048816 -8.211272 -6.406905 16.25068 -11.133185 10.287918 -12.992398 -7.6801095 -11.633244 -2.2794423 
-380.0262 115.29156 28.619411 46.50628 5.155882 15.089554 -11.040029 -2.1941266 -30.645908 3.9428406 -16.87899 -8.494149 -9.182522 5.5078716 -9.067363 13.350621 -4.4516015 -3.28477 -1.7885576 -8.510156 
-477.5459 174.46881 32.926197 49.5776 29.166857 4.6854525 -12.037317 -9.645443 -21.686903 3.2203395 -18.248898 -15.05666 -5.029436 5.7729244 -17.153175 10.82833 -4.8373194 6.970119 -2.4095535 -10.195607 
-515.9453 167.50941 22.32705 53.612442 27.82584 10.400554 -8.067098 -0.4147837 -3.8390775 6.0877523 -13.556909 -12.369861 -1.820272 4.378124 -8.505222 4.5963955 -6.0556726 0.81097454 -0.62178797 -7.249442 
-550.45795 172.24278 30.657095 35.45188 21.815895 18.836473 -8.364079 6.5867248 -6.5775313 5.4920044 -10.958401 -7.0558167 -8.57938 -2.9901018 -6.2256904 3.4613633 -8.007806 -0.59758323 -1.6510683 -3.128627 
-550.78735 170.72675 27.879673 40.82226 23.983828 21.013443 -6.1446776 5.824298 -2.8687384 11.672316 -6.755842 -11.812947 -4.333641 -2.39532 -8.860199 9.043981 -4.7764072 -0.10115806 -2.1544123 -1.8198149 
-514.50024 163.41898 29.829233 42.265556 15.556895 19.31002 -8.361357 4.5968947 -8.527999 2.868524 -9.99851 -7.373568 -4.426883 3.0738056 -7.009783 4.9913244 -5.954047 -0.93381816 -5.038621 -4.5262213 
-522.35406 169.04108 24.4064 54.43091 24.562181 17.413172 -11.646155 9.5737295 4.745278 -2.9538035 -10.867737 -2.8721154 -11.235466 2.870516 -5.5702996 9.7092495 -1.4554025 0.09151038 -3.9234025 -3.8469648 
-547.071 157.9406 49.224426 43.901573 17.495296 27.450603 -10.601102 18.395058 -5.597856 11.1400175 -14.21205 -5.8369694 -8.255077 1.292615 -8.570387 8.9123 -4.6835546 2.8062642 -6.511675 -4.463719 
-514.78436 137.27513 45.067154 45.496174 17.53292 24.527782 -6.5293746 13.029471 -5.252885 8.89595 -12.6801605 -0.7751158 -13.483402 1.7871318 -9.846363 5.780676 -6.5053625 4.551562 -8.724908 0.023873435 
-510.14905 155.47894 47.567684 35.398922 4.461802 10.143413 -1.7422984 10.259175 -12.585788 4.124912 -10.941433 5.3554068 -5.945399 3.0510876 -6.3184686 -0.3359959 -11.312939 -1.1187373 -11.947107 -1.2545213 
-473.85822 136.12497 20.376211 51.507996 10.690083 14.87163 1.6788617 -1.4221267 -1.5685993 4.1001887 -13.74312 14.687624 -11.948078 5.354522 3.793696 1.3713396 -10.677469 4.5466833 -5.634192 -5.1411304 
