-358.20792 129.81793 -2.80499 31.063585 6.546694 11.099964 -16.759893 0.38465288 -11.61443 15.406531 -10.200677 -0.6114013 -2.3920555 -6.777457 -6.489272 1.9864458 -12.951023 3.1413155 -10.442291 -3.5877724 
-158.63869 112.013176 -30.792772 13.768843 -12.496085 7.237404 -13.585959 -6.622521 -34.39949 30.657692 -8.211981 -8.124175 3.649965 -20.911573 -20.534395 16.083443 -17.463234 13.421162 -15.592324 0.66142756 
-232.251 128.65364 -9.897754 54.82889 30.950754 7.0453744 -27.27816 -18.322393 -41.280663 22.013105 -23.308754 -12.614973 6.046787 -18.69883 3.634347 14.086085 -12.546866 5.7700415 -5.943232 4.448395 
-258.388 144.7401 -7.477502 25.873648 2.0233736 7.4351935 -19.10774 -11.108307 -24.568153 22.949911 -8.296831 -2.3207793 1.006472 -22.484968 -3.5453706 10.13949 -20.957647 7.639489 -7.6764874 0.3427881 
-191.71254 122.356415 -47.369938 43.40517 3.8924801 -10.568081 -13.553085 -2.491154 -37.53523 36.473755 -27.312294 -7.7334604 15.006483 -26.565437 -13.168362 18.677158 -24.726183 15.3824415 -15.745867 1.0528713 
-240.98566 95.434845 28.088799 46.522903 13.068726 23.185555 -33.911034 -20.067701 -30.307076 10.974813 -25.870222 0.6481354 -1.9844284 -11.050548 -2.23308 19.600615 -18.55498 12.23262 -3.5871375 -6.8482285 
-269.00406 114.09206 21.487186 48.731743 6.871117 18.748627 -14.993203 -16.264364 -38.25054 9.480135 -21.924704 0.4844398 -0.84603 -11.9910345 -10.11327 15.444288 -12.009988 1.6213537 -1.466249 0.5896117 
-295.15588 91.76122 35.093735 46.15293 15.456584 34.696636 -21.14417 -8.9586315 -17.559317 12.9540615 -22.778015 -3.1652222 -13.55164 -10.1524725 -3.9097302 7.3992496 -17.010128 4.080384 -1.4641935 3.8003285 
-319.65408 89.95116 21.135345 57.301323 12.545395 13.31473 -5.644579 -2.572252 -19.306107 17.769745 -30.606462 -2.1719472 -8.819866 -3.6328268 -6.171939 1.6066213 -13.074475 8.874584 -5.901775 -5.864613 
-365.33533 73.09846 34.381027 42.080574 -1.5520583 23.908394 -14.443512 19.213888 -22.760342 18.287325 -19.940483 3.6491628 -7.012394 6.4654474 -9.650484 6.5235476 -9.308396 4.3279643 -6.9941177 -4.3793902 
-320.7169 60.808037 39.303963 34.553684 -16.235619 32.88124 -20.306217 7.0078807 -18.638996 25.446 -19.078772 13.114353 -12.87256 5.5597057 -11.053501 10.147307 -15.490884 5.4825816 -8.076084 -2.8506851 
-307.11557 142.62192 34.83235 35.178703 -13.640812 -9.0067835 -5.771793 3.4077315 -21.99025 16.269833 -20.7746 -2.3776274 10.263103 -12.819784 -1.0584861 11.70963 -18.701986 7.038991 -4.431875 -2.0926304 
-268.6922 81.3714 12.904641 66.576225 17.427937 16.451271 -27.10485 12.453429 -29.687082 10.1016655 -21.392693 -9.836256 -5.646986 3.6143363 -11.430718 9.304226 -11.242431 12.289861 -5.756231 -1.726658 
-262.0601 121.03285 10.027878 33.274624 -11.274845 7.3829327 -14.978126 -14.644204 -28.975101 12.512148 -17.15271 20.153618 6.6897707 -5.048624 -10.289204 6.3044415 -23.010431 1.7906168 -4.948038 0.97084785 
-319.28546 107.54837 44.054577 36.816673 2.6710272 23.902912 -8.106744 -13.486359 -27.902975 1.3016101 -29.912235 14.486376 -12.130894 -9.967878 -5.042134 7.88925 -14.164551 11.695595 -9.639098 -3.327036 
-302.38226 130.04547 17.020384 28.510677 14.533273 13.376333 -21.688387 -21.002378 -26.49778 14.1262455 -10.042403 11.564508 -7.992731 -11.769174 -4.4811115 9.054829 -17.832909 2.9591713 -8.314703 4.199243 
-313.84003 149.15991 -4.9537416 26.16003 -3.0283947 11.431261 -3.4395955 -2.1180267 -21.109056 11.022555 -0.6745025 9.696099 -2.1498063 -17.798006 -14.297139 7.8814416 -12.006494 13.054029 -11.661701 1.5901229 
-290.74103 172.64813 -11.818738 29.233246 -22.33204 -17.154135 10.967423 9.672405 -21.471054 11.765906 -4.4149942 9.296575 11.178599 -11.719173 -15.165342 -4.159133 -25.867804 5.7837186 -2.6688712 6.2780504 
-409.57635 140.71979 17.04201 31.104513 8.846068 10.870841 -5.559384 11.747218 -6.9992867 9.037012 -8.745477 2.6219058 -5.071748 -0.75766826 -5.838808 1.4038787 -12.583486 1.4242421 -7.0526133 -3.8526607 
-260.44562 151.27072 -32.016518 21.258062 -4.6062555 9.395576 -16.467686 3.91848 -21.975945 11.614947 5.0581307 1.2632775 5.9685307 -22.672947 -15.224111 12.825708 -16.957066 12.158351 -8.663208 -0.62051487 
-234.48329 168.76503 -33.647625 24.668283 -13.843027 -3.76066 0.95053756 -6.565228 -28.322039 11.225861 0.10590919 18.21708 11.38982 -24.146576 -11.181445 2.3225107 -18.295616 5.8521533 -9.36581 -3.4170885 
-258.03122 162.10529 -11.055832 22.15227 -6.511656 3.9256964 -10.624357 -12.9421 -23.721254 0.6864174 -19.3526 12.812313 7.0706615 -10.102227 -7.985525 2.7390094 -16.074623 -0.5067413 -4.4295387 -7.4152856 
-257.14017 100.70303 7.942744 37.032043 10.55573 13.6357 -32.234287 -16.019316 -12.914954 23.834927 -18.2434 6.330865 2.1545203 -0.39162642 -8.618298 2.062233 -13.32549 11.681552 -14.207734 0.8200226 
-325.0293 47.34394 59.436253 36.188274 -5.8404512 38.994892 -30.600657 13.945357 -10.053251 14.309287 -22.791216 2.486806 -7.110476 1.4188552 -9.080512 7.2810016 -18.940834 14.959761 -11.100684 -2.5521095 
-327.44977 80.82473 50.694794 40.369358 11.880055 25.100573 -15.464667 -1.1992327 -20.268835 10.411636 -25.596676 -2.05662 -12.545905 -4.915764 -6.7649174 6.686825 -20.577284 9.78732 -7.8561096 -2.2511575 
-321.4516 164.21245 14.932495 35.958347 3.7990057 -3.6196806 -16.926285 -11.2738695 -32.19185 10.493206 -20.035627 9.249325 6.3838153 -10.556239 -16.374722 6.7898874 -13.263095 -7.046732 -2.9325352 7.37963 
-363.39102 146.09981 5.519729 53.32348 26.317404 -1.1443046 -13.560164 -3.1218448 -10.354196 8.672514 -22.242685 6.999011 -7.009174 -3.8085115 -10.306978 4.3339868 -9.954388 -1.7004981 -6.8556113 0.5351877 
-353.03217 145.10086 4.3718376 36.361362 8.120926 11.221387 -3.3133154 -4.8971157 -12.867469 8.173459 -5.6321254 6.8777328 -7.271795 -11.885531 -5.7443113 -0.8177517 -15.482078 8.977947 -8.197126 -1.3148359 
-325.94284 160.34943 11.297609 27.34784 -2.7963598 -0.16801606 -1.5082166 -10.698906 -14.335944 4.3350306 -18.89008 10.263683 3.7746844 -14.260132 -4.1726813 3.3539662 -12.316082 3.4926958 -5.082185 5.408679 
-325.81668 145.66327 2.7512407 36.855766 16.23841 7.3355813 -10.748111 -22.178555 -15.84199 5.067843 -17.850378 9.61519 -1.9123544 -17.719524 -0.7321837 10.25088 -8.580873 0.65337837 -11.662048 0.69819486 
-326.52408 146.2719 18.434137 36.032288 8.00988 6.8502326 -15.143934 -5.832684 -10.217879 1.108829 -16.058025 10.315548 -7.8977823 -10.978999 -3.0219073 0.63317364 -17.974268 2.4325104 -5.6685514 -1.2551782 
-319.22385 125.9462 15.651552 52.81061 24.121561 7.523246 -23.192116 3.3539972 -18.070482 8.377241 -28.85508 -3.5633578 1.2239178 -10.103681 -5.530578 3.4365904 -10.664793 4.2367887 -6.411191 -6.548212 
-292.90515 59.12561 28.904154 77.75881 4.291033 13.309871 -13.679676 5.368433 -18.736898 11.144662 -33.133175 1.3150051 -1.2219013 -7.4077096 -17.129744 9.748302 -15.721725 4.2152576 -10.11456 -4.567816 
-386.7821 117.99072 18.219215 33.778156 8.628529 10.907032 -5.771994 10.287745 -7.907269 12.07465 -16.478937 4.333453 -3.0848243 -2.7039363 -12.20007 2.2959135 -10.80019 5.9413 -9.502845 -3.9795384 
-288.88638 151.42706 4.3640423 28.7394 -21.78324 -16.47309 -6.427014 0.6232669 -15.406315 7.201601 -12.742058 4.500317 16.699934 -14.187803 -3.8163214 5.202994 -26.79179 7.294197 -9.116874 1.402722 
-251.36209 156.01959 10.332581 32.005157 -20.91528 -12.142085 -6.1925845 -0.7480687 -24.765068 0.8189833 -23.977633 6.915947 9.336212 -8.213314 -1.550286 1.0247335 -19.47385 0.65152323 -7.1289706 -1.1238428 
-324.46045 108.7144 40.607285 44.261856 1.4380739 9.288368 -3.37236 7.1492615 -23.206244 10.823469 -32.04013 3.4913006 0.18741877 -9.472767 -9.7792635 10.669814 -17.415356 2.2771883 -1.746813 -6.5328364 
-259.86496 126.38818 12.301161 37.03498 2.9525163 7.618633 -24.203613 -18.408485 -20.13434 13.008572 -11.124614 6.812191 -0.9138817 -12.319029 -3.2423687 6.4336085 -19.235636 0.92443573 -4.45765 -1.725299 
-337.60022 137.35403 2.1006143 56.30742 14.313412 -8.566235 -20.438953 -13.131363 -9.786632 9.478817 -22.131632 7.2303553 2.3227532 -2.6384013 -5.2762756 2.9151165 -7.534975 1.9517809 -10.450035 -4.9489427 
-337.16177 121.4688 15.054155 52.98477 15.74445 5.5214157 -10.857225 -3.9081328 -27.873997 14.846205 -29.085215 10.471523 -3.530425 -10.145007 -11.283013 9.672794 -18.073223 0.93944997 -9.264189 -2.2414627 
-321.66003 166.72215 6.879457 36.850716 -5.1499963 -6.5631437 -7.8156567 4.2073307 -15.477607 7.8304462 -23.735512 17.890114 13.116665 -19.784225 -8.90752 5.415066 -18.721355 -1.4198039 -9.232614 12.56236 
-409.60532 143.7503 20.008965 41.332924 15.615151 10.688296 -4.35161 8.881768 -11.341987 3.4062183 -10.742548 6.693632 -2.1690226 -1.0268048 -3.7029898 5.030217 -8.519984 3.3240938 -9.851193 0.13884896 
-434.02274 144.75246 11.73341 39.51888 12.982535 11.289722 -2.9419913 14.677012 -7.3673706 11.088551 -11.9263935 5.9382915 -4.619769 3.9372067 -6.6034207 2.9775286 -9.596985 5.067547 -8.954271 -0.43532604 
-299.77304 138.40454 16.416847 33.260544 -4.3999557 8.075524 -10.691411 0.095790066 -21.94794 1.470483 -29.937721 5.9074345 12.183715 -13.29286 0.27450824 11.530094 -20.83771 12.998455 -9.609381 0.7276734 
-297.73492 133.36407 9.95822 60.90566 35.02586 -4.3215923 -13.737 -7.1514587 -14.440684 -4.0080533 -35.763317 3.728171 -1.8817136 -10.39105 -14.065394 9.8602495 -7.224859 1.2609285 -6.7061586 -1.829364 
-304.68323 75.2176 45.899673 52.456093 0.3342603 22.344044 -13.313952 -10.660176 -16.62298 7.728626 -33.964027 3.110347 -2.472123 -4.5999 -9.448116 8.824468 -12.704267 7.3328533 -3.80719 -4.735314 
-327.2611 136.19434 0.7947092 38.559486 25.156029 11.4147625 -18.693941 -10.804317 -5.38644 7.897984 -24.595625 10.887095 -0.6929205 -13.65872 -10.706643 1.5127753 -15.790717 0.06837482 -14.912704 9.486099 
-383.98154 98.536835 46.17498 22.334719 21.170492 16.280373 -13.423928 11.490627 -17.137838 6.592621 -16.783546 9.372389 -8.344761 2.2119632 -11.841509 6.3783035 -14.384937 5.4536304 -15.253716 -2.1793652 
-399.41367 117.122 21.06438 31.697157 11.143051 12.072594 -11.057793 6.463154 -9.398302 11.427947 -18.564018 2.6231446 -5.083436 6.869475 -10.950726 4.9109674 -14.032147 8.73172 -9.90581 -3.434597 
-403.19446 135.86984 14.729506 30.546774 13.9816 14.589033 -7.1191397 5.5645666 -6.8677163 7.823511 -8.83263 1.4123372 -5.5417843 -3.5766344 -5.9237614 2.5916023 -11.814989 -0.6107867 -11.231349 -5.0372167 
-261.66656 163.41092 -15.397902 19.20345 -26.46681 8.496015 6.741269 -7.3008356 -14.138996 8.487598 -10.01452 18.884789 1.0941272 -19.307154 -12.018856 -6.876595 -16.457747 7.331953 -8.7598915 8.006905 
-287.83337 96.34566 49.952717 19.120174 -9.411687 23.95118 -13.724125 -1.4238042 -21.707006 2.1011808 -15.035215 13.548346 -4.7262416 -3.4569356 -10.510117 9.896174 -16.687187 2.8412132 -10.277618 -4.30075 
-273.24756 145.82025 3.185853 48.097073 13.975799 -1.553857 -10.539184 -15.131053 -25.806267 2.260378 -39.60343 17.28732 11.661771 -9.674999 -13.735477 11.528673 -15.366213 3.0750973 -5.158381 5.461466 
-317.7025 85.31979 47.08376 39.968437 10.679663 30.905693 -29.123962 1.9268562 -14.849457 4.4279156 -22.211466 -0.7194098 -8.666033 -4.100469 -6.967916 7.924297 -16.872105 8.406644 -2.1913137 1.5848023 
-372.7061 133.67967 19.263098 44.65877 18.939194 17.370579 -11.645516 -2.9146996 -12.33209 6.3512783 -25.282393 -2.8393068 -11.673132 -1.8420001 -2.8787029 3.3793924 -11.599503 6.594925 -3.427123 -3.5998583 
-414.2112 126.244804 13.117888 41.785553 10.017909 16.070715 -12.428385 6.9438944 -11.662604 12.440494 -18.321629 2.6041276 -7.389489 -2.1498096 -11.587749 8.579453 -10.968101 11.44289 -11.239742 -5.4608603 
-296.82635 155.81464 5.3067417 32.627598 -11.157324 -15.087418 -5.437893 -2.6342566 -30.676785 6.8806133 -20.171686 13.342197 12.347855 -5.771195 -2.4654257 3.4857526 -14.571252 -2.5126505 -10.430981 2.0106816 
-283.25012 100.428314 39.838516 28.994698 -6.4074407 15.3995905 -3.4398875 -9.330891 -33.727375 -3.2281442 -26.04776 11.760073 2.0644464 -3.958591 -3.3456287 7.2057157 -14.53382 5.418335 -8.548406 -6.440054 
-183.18225 129.80682 -6.269015 33.142136 -9.221268 -1.5558616 -9.280201 0.278935 -59.16552 -5.6276712 -18.229269 6.855997 10.232975 -9.723581 -3.4099512 8.072308 -15.821396 -2.093805 -11.541839 -3.0934002 
-253.57777 102.721275 34.108414 40.205513 -4.308209 12.418407 -5.6551666 -5.0680428 -45.90602 0.8851826 -28.20541 4.0480485 6.763544 -14.650582 -3.2978468 10.435609 -15.787377 9.8227215 -10.580613 -10.454694 
-316.4664 137.46443 39.140373 40.006535 -5.6356173 2.0964599 -2.4304986 0.8326641 -26.236382 4.069076 -29.524065 -11.190031 -0.14534007 -10.216661 -4.5560923 11.018562 -15.149776 1.9281191 -4.5136952 -13.934193 
-269.07068 114.55636 39.54321 41.456974 -9.515593 2.5600932 -0.9401298 -3.318336 -31.855255 5.900073 -33.975666 -1.6030061 8.042014 -3.6465733 -6.909242 15.186874 -18.773073 -0.4984346 -4.363668 -5.689774 
-342.85458 159.91557 48.656906 47.377823 -1.0579967 -3.473187 -6.1694875 4.4956875 -22.220732 7.3152204 -30.899916 -10.652338 -0.5508237 -17.126282 -7.6239395 12.413073 -11.128337 3.9214401 0.83642113 -5.7760806 
-426.09402 145.34279 9.893126 35.46602 15.43699 16.508743 -9.461163 10.8887615 -10.596469 8.220169 -13.779991 -3.1216416 -7.342336 0.86453193 -6.4000406 4.942087 -11.381666 6.7295218 -10.059859 -1.6974063 
-418.7556 129.54723 15.138865 30.925205 14.315138 10.172794 -8.003009 11.668076 -9.302583 8.8342085 -14.022137 4.009377 -2.9860716 3.6579106 -5.7484546 3.601381 -10.885592 3.0314293 -9.251858 -1.594928 
-274.14667 158.42134 -14.48653 14.514827 26.554941 2.4594488 -18.000397 -12.367285 -43.223606 6.0707655 -7.5554833 -0.7262709 8.323154 -7.1460366 -6.833555 14.20943 -9.018479 -0.95988846 -19.242682 2.641773 
-284.72894 152.7103 -4.147173 32.614975 -3.2046576 9.836902 -10.072895 -2.892924 -21.317978 7.227785 -13.078202 11.590347 3.8382378 -6.1133966 -5.5663486 3.412183 -18.28201 3.7593243 -7.422179 7.6672754 
-325.75256 163.32709 10.707592 24.560617 -16.214102 -0.37426546 1.3928536 0.6360087 -15.025402 5.30744 -18.939941 15.201041 5.06559 -3.2373478 -13.069173 -3.0077543 -16.484032 -0.7366328 -3.1578963 7.062254 
-263.7905 155.74232 -18.644585 26.138184 -12.958235 2.6538565 9.88174 -3.0532446 -22.327589 6.1391473 -5.9548254 8.699598 3.5896564 -16.74717 -16.807987 -2.9210799 -10.422342 6.797754 -7.2500143 8.359378 
-260.12317 90.46248 48.13371 36.634224 -26.614454 11.7562065 -3.3877077 5.21111 -34.653347 14.502845 -36.86413 8.927509 2.5917501 -0.050524678 -10.109635 13.29647 -15.769847 2.1938734 -0.06987715 -4.963686 
-284.4601 81.90809 47.08068 49.57548 -4.47818 36.081074 -20.991798 -13.779936 -29.997955 5.2658234 -24.966936 12.039494 -18.349766 -7.181683 -1.8835152 16.946175 -14.337716 3.742896 -5.1246715 -1.2759326 
-297.90353 114.90199 23.243774 47.61068 3.1422193 19.890635 -22.886255 -22.332846 -29.915483 7.4043775 -17.87143 15.531353 -3.5057962 -3.9536352 0.32195595 12.263907 -14.495891 4.062535 -7.9119196 0.6672232 
-324.32724 83.58233 46.60174 42.97186 5.615255 30.573507 -30.663797 0.7129984 -14.534169 9.759401 -21.63638 1.3544021 -11.245708 0.43885136 -1.8800536 3.586162 -15.857995 8.153607 -9.654573 -6.0115275 
-373.70508 136.84662 24.830917 42.12003 21.410519 16.083012 -14.292903 -4.620646 -14.910463 2.6685016 -16.914236 -1.6758546 -13.13565 -5.906005 -1.5970262 -0.609771 -11.878764 7.2701316 -8.086529 1.4871593 
-326.57666 126.448364 34.54712 45.325783 -4.1684246 3.5613132 -13.9157295 1.0817136 -30.72701 11.607138 -26.56206 -0.4071647 12.638918 -7.128866 -16.787926 9.960247 -12.632232 -4.1900473 -6.904368 2.9674332 
-352.42957 150.45607 -6.3726673 39.909763 15.836619 2.7572668 -4.9546576 -3.4611251 -14.250774 11.122589 -13.584072 11.091883 -0.35194412 -8.2079525 -16.436619 4.2224064 -5.1074986 -4.0890427 -10.411602 2.339562 
-384.136 110.965195 27.615278 38.85118 13.426851 11.55069 -12.763164 14.840488 -10.602044 6.281495 -18.455347 4.5416546 -3.7073004 -0.5249293 -9.760145 5.853678 -15.582949 4.0380273 -11.375993 1.0531126 
-372.87097 140.83728 9.4808235 32.56844 9.925798 11.8114805 -21.867252 -9.404036 -13.203728 16.0334 -3.5757403 16.235682 -7.594151 -7.4482684 -6.320433 3.5729103 -15.357657 1.3094611 -13.035789 5.9639397 
-410.7716 125.076744 19.389336 31.535454 13.326756 12.537849 -8.30583 9.1661825 -9.841011 16.62047 -10.860129 1.9747581 -7.365633 3.7058973 -6.7632456 5.7165093 -12.349382 1.7234045 -6.899418 3.042386 
-408.18832 117.27121 23.67674 34.592766 12.152837 14.66418 -11.019146 13.071744 -13.046029 9.322054 -11.095463 1.6090583 -7.003534 1.7275734 -8.920074 4.3665514 -12.143092 4.996431 -12.517949 -3.0874617 
-419.56494 109.92721 24.209475 33.70951 17.307762 19.205765 -5.519951 9.966056 -7.137684 6.3180766 -8.563901 -1.9349707 -0.91881084 -3.130624 -6.147161 5.2911377 -5.889525 0.978983 -6.0022926 -3.28458 
