-376.19745 145.93073 20.4973 35.00981 4.430165 2.0315664 -6.973884 13.610587 -12.315102 2.7578344 -18.548561 0.7641713 -6.453909 2.4353337 -10.060642 2.1679194 -16.069443 -0.5057972 -15.468272 -5.072131 
-348.80112 151.05826 26.301569 33.72479 -1.2133474 -0.17742126 -11.044094 8.03889 -19.994509 0.24284881 -15.571616 7.4907413 -5.3789053 0.48977524 -7.208401 -1.7431864 -15.29228 -5.322134 -18.901728 -8.673334 
-286.44595 70.8776 35.328926 53.720867 -3.51616 3.5553598 -17.313526 20.686134 -19.484547 3.0206516 -10.547068 7.300693 -18.775173 1.3494917 -8.489505 0.04847993 -13.861279 -6.1229105 -9.8783245 -4.1596394 
-250.10663 87.37112 -16.216015 78.252396 -17.968973 -3.9801722 -12.746741 12.429523 -10.3140745 5.9954004 -20.690163 20.499855 -17.390053 1.6733726 0.6388205 -15.110387 2.1768744 -9.43419 -24.01085 11.450792 
-329.2685 108.01463 17.83133 49.94563 -1.9283804 7.320718 -7.40674 6.903171 -2.1044486 8.527807 -13.668367 9.272153 -9.772257 3.0922122 -2.9667432 -6.9477415 -4.223406 -0.9499956 -16.618137 0.15553516 
-224.475 118.303764 -54.605007 38.96106 -12.917015 12.619373 -5.6766577 8.2478 -12.542466 4.763689 -12.741855 -1.5891709 -7.878912 1.0134792 -1.1239038 -9.521413 -14.440901 5.939915 -17.163918 6.6706796 
-249.43279 106.70024 -47.137936 59.551655 -12.855992 9.684696 -6.5749183 20.075914 -6.6948333 7.6632776 -21.260015 4.6792607 -7.5604577 0.97563004 5.4186454 -10.795262 -4.876052 2.2605162 -29.500654 13.463518 
-272.6989 86.702934 -21.018362 79.56886 -7.885035 -10.469445 -12.743282 19.555794 -8.24522 3.6942647 -18.66935 16.976183 -14.292638 -9.004882 1.4922564 -9.868418 -4.7752643 0.741236 -25.200632 17.14223 
-351.6794 127.14924 7.477601 60.45661 2.628753 -2.3430681 -6.0904193 13.006351 -14.110379 3.5857234 -14.535686 7.4222903 -17.013279 1.6504703 4.15102 -3.3551278 -9.233294 2.5838025 -18.58175 0.06275177 
-320.7014 125.93533 6.6458044 40.37674 -7.4494724 7.991079 -6.6345067 8.499808 -23.058619 -0.43707037 -17.774117 15.67606 -8.085698 -0.14064619 6.410948 -9.4745035 -10.709419 -1.7640834 -18.295187 2.2829244 
-326.05273 107.18878 30.270176 34.76949 -1.4989325 5.8793774 -10.144195 14.575321 -22.218029 2.0226102 -18.163261 7.90104 -10.259526 0.0029043092 -1.9540598 -6.54186 -10.6346855 -3.9295986 -13.363859 -2.7490585 
-318.40778 112.72232 -0.12978894 65.59263 19.194157 -9.269402 -14.904572 16.911928 -12.78661 -13.251449 -28.95561 19.82104 -14.6964655 -19.839903 8.08733 1.3923913 -17.473543 2.8383133 -3.2831957 2.908359 
-295.40793 108.52424 6.2025733 50.192764 -9.362415 8.112759 -4.850907 0.66803217 -8.862583 10.703306 -12.551084 16.790112 -10.457671 2.0596032 4.8564587 -5.2617116 -5.6383142 -7.0553837 -18.806791 6.18466 
-315.73672 128.26855 18.745438 36.15947 -14.597192 10.70737 3.0389762 4.978618 -15.640591 1.632224 -16.91852 5.462048 -4.7007256 -0.39104 -6.67052 -3.9062374 -10.690804 -2.1473153 -10.606948 -5.942268 
-334.47778 137.1574 22.37695 33.81193 -11.438682 9.412543 -2.752836 4.251589 -14.348461 8.53137 -18.531467 11.120735 -7.588529 6.9529834 -4.746462 -1.2914946 -12.394028 -0.7104545 -16.276089 -2.1314268 
-321.36304 104.4138 25.55143 51.63762 1.3183166 2.630942 -8.435895 19.944466 -15.376475 3.109878 -9.896715 8.603476 -15.389339 9.643674 -7.794489 -3.19195 -14.012005 0.16043445 -16.326694 -5.333229 
-349.54443 146.2114 20.531412 31.004238 -7.0670147 2.0388422 1.0833052 9.031471 -10.9822 1.6886821 -15.103092 6.6905255 -5.493957 7.0904217 -3.4079926 -2.135501 -14.056994 2.130706 -13.811069 -3.9693353 
-311.00732 142.80774 -19.287561 20.268656 -1.5184258 7.3368206 3.7835665 16.145117 -18.575256 7.4538574 -3.9614115 3.4362416 -11.578322 2.0386043 -7.567625 -1.2690606 -22.583704 10.152032 -13.539115 0.027842946 
-320.21973 148.31512 -6.284257 33.297005 -15.223138 -1.3169829 3.790315 6.7327523 -17.741444 11.518571 -11.150517 14.191171 -2.1643977 -0.95368874 -3.9284728 -11.452099 -17.364225 11.478497 -22.370865 5.6381097 
-372.21902 136.99675 18.053804 31.026848 6.5862393 14.875717 0.048084896 14.641344 -7.3506317 4.6420903 -11.865383 -1.1378974 -9.617775 2.225121 -4.0839067 3.341818 -10.741543 3.2745461 -8.597182 -2.319329 
-378.52078 132.09737 13.4726715 32.61916 8.564891 15.559416 -3.8314984 12.400746 -8.466882 7.1464267 -9.814544 -5.4398336 -10.966601 3.7918024 -5.8942075 4.7479215 -12.154264 4.223316 -6.632796 -1.8302133 
-292.9473 127.852 -14.352312 36.431206 -4.9345627 12.280964 -4.376004 12.917677 -22.945427 9.687649 -3.0732584 -4.871014 -6.801295 2.080594 -4.179674 0.23095915 -17.557331 6.598876 -20.677883 1.6954532 
-259.86163 117.38131 -22.774044 69.94222 -6.0086904 -16.119078 -14.418021 8.299454 -16.774385 3.6182027 -4.101873 11.988089 -7.3386517 2.27909 4.056999 -13.437773 -10.9797945 0.94141686 -20.23296 8.705028 
-287.36697 112.14547 -1.7553321 69.58411 -2.6405063 -28.036226 -3.2433147 12.195908 -25.724953 -1.0286703 4.4409833 8.707751 -15.921744 11.255106 8.366911 -12.825746 -7.279774 2.0671113 -21.72962 0.3701212 
-335.5121 127.13168 5.040205 29.942345 14.0523615 13.74836 -9.996519 -0.92252946 -20.021109 3.3052356 -0.8166318 2.8113909 -14.567883 4.889956 -7.4576144 -2.3900685 -13.674336 2.225666 -11.474472 -4.436842 
-315.9542 136.43071 -25.71118 42.809525 11.28749 -1.9061037 -9.943383 21.430115 -15.478031 2.6215239 -4.507869 0.7864516 -15.9687195 -0.39811727 -7.637475 1.3920509 -18.004128 6.950876 -11.808801 -1.3242941 
-367.96216 135.4699 30.820679 34.096703 9.615947 9.346633 -9.825389 8.11347 -17.01715 2.467412 -19.246515 -0.27842745 -10.542433 1.9041544 -9.4053755 6.4799995 -9.063972 3.0817406 -11.164866 2.317505 
-377.3104 127.9732 24.063469 34.79699 12.6692705 13.921801 -6.8305697 13.018944 -9.753659 8.21993 -11.204788 2.6199055 -9.279949 1.2575074 -10.058985 6.2702026 -11.448024 -0.84912705 -12.069153 0.30109 
-380.69754 137.87422 12.975643 35.257027 7.8599033 12.730348 -2.818136 14.220134 -11.678137 6.8825426 -11.713275 1.8035837 -11.649696 0.7335875 -9.368207 4.3453803 -9.529658 1.4639734 -12.428682 -0.44972575 
-350.77673 135.85861 13.008612 15.842124 -0.18412124 16.450342 3.7922864 6.693372 -16.757233 2.670812 -12.929721 3.6113048 -5.904107 1.4713001 -12.208974 0.71030194 -11.3452425 3.4125135 -10.425496 -3.8694277 
-317.63287 144.5635 15.134306 26.62289 -30.205841 6.450396 10.004063 2.6346738 -12.4715805 4.547716 -25.635736 17.147293 1.7868924 -0.5640321 -7.980945 -7.4269867 -21.032742 2.3745112 -14.0000105 -0.337005 
-348.34943 137.07239 21.24038 33.909267 -13.9234705 8.393149 -3.049898 7.42305 -10.114662 5.75991 -18.601128 16.102142 -2.643772 2.3274777 -7.589544 -0.6401918 -16.766413 2.5487673 -14.223796 1.6363119 
-238.07356 96.375435 -32.839462 56.52353 -9.188438 6.7071667 -6.4150925 11.487369 -19.313627 7.914385 -13.857496 -0.32261276 -9.731076 1.4022878 -5.674391 -6.1826963 -18.241508 4.061925 -19.547066 5.2087955 
-310.607 115.838486 27.16267 35.3236 -0.31928444 14.292457 -8.420044 -0.96180415 -18.32266 3.9893694 -21.343393 2.616252 -9.391739 1.9708031 -5.6962423 -8.052976 -7.606903 4.9036665 -13.393989 -11.168068 
-309.07324 150.03156 1.7941805 33.080368 -16.864342 10.81323 -3.0285864 0.22116004 -29.416252 7.8110886 -4.226851 15.886684 -13.461059 -6.6265597 -2.2850332 -8.188907 -15.683404 9.102619 -24.47878 -1.815767 
-325.43246 134.16632 13.934482 46.64902 -14.163922 17.68071 -1.7012857 -7.547433 -17.794294 -1.7524595 -12.080687 6.466923 -8.727744 5.7953053 -2.1904347 -7.5908303 -4.6369443 -0.018467903 -20.657537 8.160725 
-298.1523 86.52714 16.980774 44.116142 -11.118046 18.884993 -17.368137 9.966346 -9.308433 8.666712 -6.883824 4.424993 -18.544165 10.417586 -5.2307115 -10.866353 -8.476619 4.9755573 -15.475052 1.5212934 
-322.99463 119.81996 9.136551 48.86232 -0.0830005 4.5654397 -1.9670792 -4.715793 -19.955698 5.1513176 -15.505833 4.0298967 -7.921797 2.267069 -1.5588535 -4.8996916 -8.424333 4.184838 -17.251596 5.06677 
-350.67224 133.78711 18.903036 26.444508 -1.2492871 8.989522 -0.25188616 8.870979 -10.980536 0.7107977 -17.790314 6.9061637 -7.0691752 2.4067621 -4.887518 -1.80759 -12.251565 1.5523566 -16.189999 -0.8339031 
-380.53052 125.2236 18.09096 30.086134 12.612398 12.765644 -9.879631 11.4548645 -9.235045 3.631863 -11.095775 -1.0482002 -12.801402 0.93962884 -11.4327965 0.31409574 -8.764179 2.2965176 -9.444179 -4.7869005 
-312.32684 125.0372 16.060596 28.86857 -7.135349 9.051992 3.50626 1.6212282 -20.19382 2.4988685 -9.85308 7.128516 -7.3348117 5.639162 -7.0684032 -5.1314096 -11.449152 0.50056297 -16.264229 -6.1160607 
-312.3149 108.26349 30.299068 34.17532 -12.9640045 15.435211 -6.8457127 4.162008 -13.118221 0.8818623 -16.928772 11.972541 -10.2219305 5.215883 -6.7574224 -5.5916805 -11.8405075 -6.1174054 -13.54431 -2.7165353 
-345.583 121.97032 26.555164 51.568375 1.9227872 4.3601284 -10.698131 11.7678175 -12.35379 1.0645369 -7.9823556 5.494408 -17.639242 5.4866095 -1.225271 -1.7493315 -11.277632 3.5872586 -13.162464 -6.9778385 
-346.52942 153.13965 14.759864 22.862404 -13.123988 9.359877 -2.4409928 2.9984345 -18.31388 -0.46199575 -15.863388 12.742825 -5.9401655 3.031185 -9.068099 -3.2324612 -11.263668 3.4809022 -14.463433 0.37633812 
-317.30997 147.11057 -13.377277 31.808498 4.1868396 2.6896067 -11.704586 8.678886 -19.94317 4.3824253 0.68414223 0.4490725 -15.122125 5.1635904 -4.973656 -3.184257 -12.86058 6.103731 -15.300698 3.8927765 
-332.51254 123.46988 6.375411 54.23512 4.6851506 -12.372198 -7.8681455 11.993863 -18.966675 -1.1718965 -0.49130905 2.8295145 -15.577332 5.411338 5.6109967 -4.0386767 -8.991867 2.7780793 -7.655131 -0.35400015 
-344.2967 113.29727 8.002568 34.932724 12.432216 13.805557 -6.3407474 13.60004 -9.865565 1.1027697 -3.1362028 6.4418306 -15.722606 1.9700224 -5.9566994 0.9472396 -9.309156 7.8217196 -11.296028 -1.4875379 
-381.4839 128.60954 15.592512 32.404263 16.236076 20.227226 -7.926228 10.345823 -12.22126 8.730863 -8.187457 -2.525788 -14.496242 -0.4437696 -8.707557 7.9460535 -8.989432 4.5975513 -8.606498 -1.2840104 
-386.27554 134.69269 20.69593 37.957893 12.687374 8.826646 -7.8235955 18.782927 -6.6862864 3.4683733 -15.260182 -1.4222153 -15.989597 -0.38869107 -7.9193935 3.1875181 -11.607311 3.2399573 -12.326144 -4.2114363 
-377.0205 128.46957 14.629421 38.655685 17.757763 9.305538 -7.3287354 17.736519 -9.087531 1.9105678 -9.189061 3.4089446 -18.164152 -0.18428753 -8.647997 -0.703316 -11.241833 3.8867183 -6.5715566 -5.0886545 
-395.14594 137.70837 16.947096 39.76409 19.031288 12.367166 -5.7882404 16.592598 -10.545045 3.6391382 -11.284727 -0.5958971 -13.2850895 5.121682 -6.010813 4.499166 -9.471615 1.9097383 -9.55299 -1.9731581 
-390.18405 135.29327 20.184402 33.63055 14.702022 10.825281 -5.959043 14.281694 -11.238377 8.588545 -13.741566 3.2998016 -9.518212 4.1752334 -14.789869 2.963438 -10.663032 4.655557 -10.741405 -2.3785021 
-318.07578 131.0685 -7.3442593 27.31591 6.3396473 16.521818 -9.549443 15.437919 -10.328527 2.9339244 -0.56705976 0.37309748 -19.893139 8.056404 -11.630235 4.1402903 -11.871133 2.1938648 -7.961352 -0.5281308 
-279.92615 140.72269 -31.998514 34.57196 3.2253132 -3.4966707 -10.587787 13.221327 -7.485093 6.438181 0.7801756 6.7861176 -11.6234255 2.4821286 -9.439522 -2.2525377 -23.32584 6.1684947 -5.534744 -4.960107 
-302.2011 61.474922 42.175983 40.021885 -3.2659233 19.424131 -19.589691 12.997118 -4.3956447 5.322334 -13.58861 10.355597 -11.6116085 1.4784644 -5.100561 -4.4035993 -9.8793545 -2.558367 -9.8589 -8.166698 
-355.57358 118.11929 19.187185 47.279472 11.866969 0.7912422 -11.444793 9.413507 -18.385979 7.9080057 -17.384129 0.49506176 -11.492214 -3.711369 -1.9705094 3.7736697 -9.844724 -0.058064833 -8.686155 -1.2395163 
-362.42883 136.7105 20.186398 27.407665 7.635376 4.657719 -6.32358 8.904701 -17.776894 1.7989733 -11.347519 6.148617 -8.697084 2.79117 -5.1385474 2.6739666 -8.680935 1.8607459 -17.162601 -7.232739 
-348.0282 143.88771 12.041763 40.254612 -7.249929 7.0439944 1.0685207 -10.026362 -21.94727 9.973639 -10.3319435 20.847113 -2.972007 -2.3792183 -7.0743594 -4.375894 -11.125899 2.9029293 -26.02949 -3.4343078 
-367.60138 134.24416 18.413498 34.606052 3.1954095 13.992863 -3.0609436 1.1986289 -13.539616 7.8196836 -14.904678 8.153736 -8.441729 -2.4643044 -9.20964 1.509764 -11.77872 1.0970732 -17.228344 -2.0845172 
-372.81577 119.61105 27.129911 33.001312 8.679474 13.21963 -4.4561367 14.249074 -4.398402 6.977177 -11.847866 1.6825676 -11.251461 3.6307733 -8.762552 3.1067514 -8.850463 -0.59678143 -8.6799555 -2.9413779 
-394.24426 137.1366 19.638548 34.78911 16.916685 11.923086 -5.0386505 14.206381 -9.689025 7.2392654 -10.271161 0.7612254 -12.225722 0.6058885 -10.523198 1.2380728 -7.27776 2.4673283 -8.268032 -1.561609 
-282.87823 112.61219 -11.768391 32.356113 10.391401 9.068305 -7.027015 9.504852 -7.2177343 6.3090386 -4.1296635 -0.32762337 -16.731184 7.265646 -7.9532146 3.9894273 -12.775463 5.4753137 -14.123028 -2.3212364 
-316.63562 119.30781 6.9811845 70.19746 -4.019303 -9.206361 -1.4383119 0.89834267 -11.964951 3.8824747 -13.817959 7.5048914 -7.3949227 -0.55319977 1.9073511 -11.317625 -9.330437 -0.44740137 -19.122337 -5.5390525 
-370.77957 124.00448 21.721046 36.175644 10.417568 9.515724 -4.506197 8.329633 -6.226151 9.675693 -16.755743 2.886537 -7.5812902 0.3859749 -5.4715247 1.7329787 -11.135907 1.7881074 -15.108743 -5.960884 
-386.78256 132.56157 23.15439 35.7095 14.533861 9.297556 -7.623048 10.382785 -8.64457 7.4935174 -13.708048 -2.8606513 -9.80142 1.569399 -6.992778 4.803667 -13.468098 0.28324696 -12.337777 -6.3985643 
-385.05902 129.52295 22.692375 33.35908 12.484207 9.313778 -3.1489818 16.14811 -4.3949 10.426607 -11.875796 1.2213602 -12.56217 -3.4367375 -9.816448 3.1631594 -10.301595 4.0993686 -9.452493 -5.295146 
-401.11456 131.72571 22.29703 31.650032 12.007409 18.480623 -1.4649856 12.193337 -10.422215 7.434726 -9.501222 -3.305653 -9.475639 2.7849178 -4.7481184 4.1911936 -10.05522 7.809415 -4.930812 -2.566511 
