-291.57455 91.51295 24.090193 49.784332 23.950409 7.4350324 -4.233175 13.584881 -23.763262 3.501221 -21.286165 -6.413326 -9.782116 -2.416932 -8.667026 2.4073496 -7.7719913 5.985697 2.2173555 -5.768715 
-260.7252 102.8309 42.457737 32.38472 12.788672 22.306398 -17.495293 4.2402005 -16.711327 -0.45160308 -13.099463 -17.447868 -14.755759 -2.3261843 -10.708001 -3.3678095 -11.962458 11.343229 -1.7750405 -4.23246 
-265.92255 140.49252 17.802588 27.568428 22.091366 13.178641 -4.3599615 -9.731921 -39.282833 -5.7418175 -12.849811 -11.938974 -8.375846 -3.0090072 -1.8505194 3.71866 -6.7891345 7.137924 0.99673104 2.0510283 
-290.28934 94.2811 39.636395 32.231823 6.3606586 25.2767 -16.659885 1.9343885 -15.628545 4.2645087 -7.7137485 -1.3310506 -9.028446 2.6057608 -7.950141 9.933414 -15.138284 3.0934286 -5.213474 0.72574836 
-254.44572 84.45212 27.972298 40.384304 12.522482 22.858955 -9.247154 -2.077081 -30.462742 0.8560374 -13.672202 -18.399332 -20.606316 -0.60515654 -10.900639 0.71382767 -14.136929 7.511407 -0.9682098 2.8032353 
-248.58954 130.90573 16.557903 47.71874 27.04455 11.863638 -2.969115 -7.2671714 -41.758076 2.7214067 -14.08028 -27.281199 -14.147966 1.973005 4.6190248 2.0432625 -15.59414 9.660882 2.4449458 -1.0744939 
-278.32986 153.6528 7.643976 28.161617 14.052288 12.890156 -1.1880658 -7.6659994 -43.781998 1.7557375 -5.286122 -7.3772297 -8.529067 1.0388565 0.24504311 4.84514 -7.6630163 3.2959082 -4.2845373 0.58665943 
-303.3629 177.21442 0.023063025 11.094788 3.682002 15.670142 5.6350307 5.1079335 -45.48937 -2.6642866 -2.2621675 10.812632 1.864439 -0.2342969 -14.032926 -4.695756 -11.02327 3.9195104 -10.286335 -1.1737807 
-314.30768 156.02284 16.2891 18.477203 6.518339 12.980601 8.181316 3.6266894 -44.390423 -6.3241735 -5.2651467 13.008436 1.5916785 1.562432 -19.321484 0.50786746 -11.0041895 3.037517 -16.039028 -7.1822567 
-359.28568 149.76825 22.26951 30.192013 10.46957 13.944535 -4.3942466 2.2673023 -25.536516 0.43992707 -11.885477 3.8558774 -9.487495 1.8562026 -10.347225 9.586284 -8.991322 5.7051973 -12.524732 -3.2024016 
-328.29535 84.81265 49.682648 29.680302 12.018234 26.693474 -10.618785 12.486676 -15.714081 0.5019614 -13.925073 -8.887548 -14.641146 0.16270341 -9.127067 8.6450205 -10.851331 5.7085757 -7.898492 0.09017624 
-273.70056 112.85555 44.245773 38.571785 5.5416346 9.909008 4.521237 11.779969 -48.963703 -5.7702236 -32.660446 -15.20306 -13.720861 2.8155649 -9.151522 3.7059581 -12.592972 4.803337 -3.865067 1.2798362 
-326.1004 110.10904 31.624472 63.754498 12.093041 9.3316765 -9.054751 10.961882 -16.452065 5.466696 -22.26692 -6.17574 -11.821659 -0.28061295 -14.699805 3.2392642 -7.8834133 6.4989934 -10.307887 0.31908083 
-322.14243 88.1899 36.155567 58.040176 -3.9720807 23.441978 -9.73048 9.709423 -18.451542 4.8666325 -22.502136 -4.831033 -13.135525 -2.4912784 -13.61548 3.2286541 -6.246642 9.648449 -9.195698 1.3822865 
-352.7677 130.58104 17.291265 33.43471 16.422812 13.564702 -8.209697 4.7060537 -15.749003 3.2570658 -17.669231 -8.356164 -13.222865 -2.565114 -6.883177 2.4161966 -12.115089 0.49367502 -3.3956058 -1.1978372 
-304.4758 129.72133 25.98921 42.357273 12.000785 17.052233 -10.337321 1.6191764 -21.016153 4.6217794 -15.442106 -12.0921135 -8.039333 0.7762077 -6.3282948 3.1296463 -14.261597 7.5090737 -5.704741 -4.6711874 
-220.55315 171.71317 -31.512857 3.380844 17.883675 17.642418 -16.408154 1.1463943 -28.915178 -4.2201514 1.9077235 -3.974645 -5.4187374 -0.7434709 -17.03426 4.261629 -16.569315 7.784477 -0.73109746 -2.4519608 
-334.15814 155.10274 12.646348 19.459097 17.37482 14.513977 -3.821937 8.42785 -15.645335 0.522573 -4.846794 1.7187233 -12.713322 -10.063085 -13.962742 2.9059007 -9.0855055 5.354749 -5.816872 -0.36709628 
-334.61707 138.95113 26.092644 54.446205 22.151474 2.9552197 -5.7052026 6.186096 -26.649626 1.564264 -22.661829 -15.957555 -7.3536115 -2.7651033 -11.442713 4.7046876 -3.8255098 4.2549624 -4.7853694 4.6125684 
-332.9905 145.89828 25.41323 41.63787 19.769554 7.7003946 -10.242878 -4.1030936 -20.425478 3.0192952 -19.956688 -16.772026 -10.27779 2.416781 -4.240169 3.5653403 -7.9834366 3.4941874 -4.079082 0.06845013 
-304.56506 80.93756 46.03862 55.11882 3.6419623 24.366793 -9.132666 15.57285 -17.720219 4.6987457 -19.36188 -12.988151 -15.140734 -0.4797851 -14.665922 4.82072 -11.039357 4.537634 -8.954479 -0.6446545 
-322.45578 113.2577 43.714687 34.280064 16.766148 25.270477 -6.9686346 7.779165 -30.19077 -5.961439 -17.775124 -9.750853 -15.548181 1.9518999 -13.643454 4.1871166 -6.058678 7.4855447 -2.7748604 0.40555662 
-322.40805 110.77802 27.163877 53.13248 15.963771 6.7750072 -9.606827 16.1179 -21.094225 4.7961636 -21.157726 -5.637314 -14.425007 0.52723193 -12.404771 3.069035 -10.587896 6.6765366 -5.6094494 -0.07360535 
-348.89334 139.43782 33.91587 43.95605 23.014086 9.311911 -7.1105013 6.3969336 -16.52634 0.99134976 -20.649284 -4.2748604 -11.006853 1.3832057 -10.1486 3.1148107 -5.1355486 5.5533786 -4.7506003 -1.7761627 
-315.09344 158.95343 3.0374134 12.69423 13.828977 18.77139 -3.394699 1.1829005 -23.285835 7.4530463 -0.96497643 -1.5395558 -11.50936 -2.8645692 -6.4757442 0.9739211 -12.839368 3.792882 -5.4003243 3.9672186 
-282.54178 71.830414 26.399376 42.51053 3.301423 16.579567 -18.992176 21.925003 -22.012758 12.181698 -9.336083 -1.2666373 -6.692919 -1.2517651 -5.9989357 3.715858 -8.824932 2.70292 -7.3778133 -1.4835442 
-297.11655 137.00447 16.603607 47.54316 35.763245 15.587335 -16.059963 0.25423443 -36.46068 -5.950245 -28.758907 -24.083326 -14.136195 -0.16105577 -3.1358993 3.6524134 -13.059308 7.5593762 3.3851388 -0.12751558 
-278.0445 37.715836 52.808266 54.24528 -17.074886 30.430672 -5.963184 0.95628804 -13.688775 15.418538 -25.73692 -2.5222278 -17.052118 0.8276323 -9.272411 9.626453 -13.231823 5.7984333 -8.072148 -1.1653057 
-304.0168 133.24947 27.32603 51.84981 20.454397 15.733873 -6.3310027 -3.4069111 -27.223833 4.307969 -14.522115 -21.556599 -15.503582 -0.4528238 -3.0465014 0.1642015 -7.194547 6.1270533 2.0095897 4.4980536 
-358.69858 136.22916 23.27172 36.91858 14.427311 11.304033 -9.700012 7.6789813 -14.115351 5.643605 -14.06711 -11.920606 -12.432793 0.8426354 -8.391619 3.63757 -7.217948 3.647541 -6.0253105 0.78867507 
-337.4506 151.3707 2.5611172 25.915932 9.327576 19.405952 0.068276726 -0.87587494 -30.107767 1.8571208 -5.060565 2.9816155 -4.197439 0.3398932 -8.99654 7.57313 -12.962026 -0.34733644 -11.436173 -3.2028189 
-354.09415 154.57086 14.624917 24.217873 4.967508 13.311657 1.9228467 5.3216205 -29.853598 2.0620449 -4.689295 8.74781 -3.207893 -2.670252 -13.60611 1.2650981 -9.015301 2.5355947 -11.7866535 -5.3292274 
-369.14365 133.32294 10.751558 33.701252 12.652276 14.03067 -2.746587 6.7223454 -12.987184 6.4585834 -9.198013 -4.6157584 -14.538049 0.35323688 -7.9707513 5.175254 -6.6685143 2.038022 -6.443205 -2.061565 
-381.94077 130.00008 14.820103 32.665688 13.42909 12.187214 -0.16856135 13.331617 -9.136569 7.2209287 -12.893397 -1.2112616 -12.858625 1.1263137 -12.588909 7.351218 -9.046278 4.159013 -8.206628 1.319977 
-270.0183 169.81828 -9.397267 1.945567 -0.46995878 20.277903 -6.6477637 7.4878464 -19.745712 -5.347707 -1.0484767 4.162429 -11.731719 -2.7005064 -14.202705 3.0552835 -14.06296 2.8713493 -3.7559094 -4.0063686 
-333.2281 153.52533 -9.009984 13.874661 16.58878 12.927702 -7.1613636 7.7809777 -19.194138 7.419584 -7.6931815 0.7451826 -16.277664 -5.12224 -9.489015 3.2153778 -15.078129 1.365127 -2.0626438 0.36659104 
-384.10403 127.3475 23.081886 37.220036 14.625898 10.646931 -11.99131 12.264701 -3.8169878 6.531551 -13.881831 -1.5041622 -8.136034 2.2106788 -9.420561 6.6184444 -8.076721 5.7404327 -8.834981 -1.3335317 
-365.3411 113.89364 27.180342 29.610832 6.5655894 11.083022 -8.726015 11.639115 -6.9097075 3.6497786 -9.703938 -4.621676 -10.699216 -0.9591252 -9.979934 5.9765077 -10.052928 4.757465 -8.44718 2.024747 
-305.76437 144.50348 6.240365 23.3726 16.23239 17.530798 1.079478 1.6597106 -29.36652 1.9543654 -9.649453 -11.380107 -9.810149 -3.9023654 -10.817102 1.4669715 -11.883938 -1.0004184 -8.545495 1.2112397 
-243.21484 175.00461 -27.509895 6.828803 13.624234 14.977373 18.070639 1.7322313 -42.330734 5.821316 6.417818 -8.24692 0.16666788 -1.8110784 -22.825544 1.306009 0.76952434 1.7572074 -9.261222 3.7848918 
-247.98668 172.43529 -14.252219 1.5015365 12.531671 17.22992 13.0562935 4.3884044 -39.120697 -1.5137951 -2.0260081 -3.7104394 -6.5002503 0.07690774 -18.33331 -1.9594122 1.2440997 6.6332173 -12.62289 2.4339495 
-333.86185 148.10883 16.651228 22.429338 4.8708296 11.844471 3.238756 7.107691 -24.235275 1.6147755 -10.949743 2.739297 -5.0884547 -5.9398136 -14.21805 2.751311 -4.023766 5.125415 -7.6889124 -3.0739172 
-301.03616 171.27402 10.0088415 11.579244 2.2767339 13.857534 12.828666 7.145071 -43.2871 -9.445735 -6.1634674 9.321231 3.6237428 1.7380716 -16.300596 -4.9956717 -13.321365 6.3838634 -5.433771 -1.1182774 
-309.28116 169.11705 13.332907 11.751997 -0.039958555 12.067182 6.98193 8.040159 -42.634445 -9.013262 -6.807301 10.965495 0.9256687 2.077025 -17.676933 -1.7256403 -12.0522995 3.4068475 -8.994216 -5.1973314 
-317.4456 165.87523 15.427639 20.747854 6.880519 13.823831 4.467177 -0.056337994 -46.735046 -6.344028 -5.1130795 9.987831 0.9750466 -0.0033596887 -10.813933 6.136278 -9.353127 1.5773638 -13.665787 -5.099376 
-363.02713 130.96565 25.259308 30.460157 15.058073 15.497204 -8.626057 2.1260006 -19.430408 4.6882286 -17.685415 -4.3896847 -13.7914295 -0.32667407 -9.069202 7.7192054 -6.729858 0.9811683 -9.53163 -1.4124389 
-383.3778 125.102036 22.51739 33.826874 15.1753435 10.501107 -6.5184116 17.253078 -6.569254 8.438881 -15.083149 -0.6239213 -14.402493 -1.7696242 -13.251137 4.0019984 -14.116003 2.8670332 -7.969129 -0.4888089 
-342.92426 91.111275 34.776997 35.473248 2.9109306 20.351063 -6.069497 18.459703 -10.446314 7.4923162 -13.047382 -2.7694497 -9.116807 3.7606053 -10.37794 4.2341347 -11.810847 7.288369 -9.629498 -3.2941103 
-274.30908 118.6961 29.384338 54.501648 16.381775 1.9963883 -11.481594 10.373249 -32.352036 -8.668278 -28.260628 -16.987892 -11.447906 -7.045568 -13.200308 7.2559958 -8.081226 2.773095 -3.2550838 -0.39122373 
-241.67299 101.794 39.17961 41.4191 8.815395 18.22875 -31.56798 -4.867282 -21.794064 -1.2033076 -21.775488 -16.806746 -3.8143735 7.901228 -12.100705 2.057141 -16.091864 12.620366 -7.0704727 -2.4873183 
-264.35046 70.324844 43.221573 48.630905 3.6012907 34.298805 -14.760335 3.9631789 -27.418785 7.922387 -12.959405 -18.164713 -17.54852 6.7130637 -13.09176 2.3170362 -14.700069 6.927214 -5.6316314 -1.4788134 
-307.54276 128.59515 28.978952 47.250378 24.310884 16.53805 -8.447272 1.3867834 -28.181759 3.0804477 -16.60733 -20.332449 -13.307026 2.4515173 -5.6241455 3.5507698 -11.433315 16.046753 -3.5464 -0.03231038 
-369.6488 117.35683 28.790955 34.700844 12.073263 13.399349 -4.128972 12.388975 -10.827416 5.322859 -15.270338 -3.381327 -10.404821 -0.89446616 -11.109909 4.3611965 -9.189161 -0.068271026 -8.80569 -1.2260303 
-358.96057 105.01402 25.948565 42.76468 7.2832203 8.858875 -3.8316455 16.05812 -17.793919 10.970195 -18.662094 -0.70406556 -6.877367 7.6194916 -10.182422 7.8166785 -11.117632 1.053383 -12.088852 -3.3620653 
-279.37912 145.47746 4.3738885 44.394382 40.01915 14.705719 -12.661322 -7.2393165 -38.087685 -3.2338371 -22.755333 -22.670553 -15.651084 1.0397484 3.0290267 4.040114 -8.617255 11.229703 8.523811 -1.8214626 
-273.784 163.15965 0.4019362 28.218414 21.327644 17.20657 -6.9711623 -13.791205 -50.819366 3.5964584 -4.8352 -11.729411 -5.2852826 3.009985 6.4354134 4.6711984 -12.3478985 4.8942747 -4.840437 2.374913 
-363.4525 129.38727 24.074226 36.248924 17.628033 12.457692 -8.363705 10.561376 -10.536358 6.563587 -11.038223 -1.1668749 -10.006007 2.3571596 -4.231463 5.947547 -9.922248 2.7984304 -6.3431954 -1.2283292 
-378.888 129.28746 19.922493 34.64314 10.907035 12.732298 -8.447885 17.167229 -6.772463 8.172688 -13.140731 -2.6285257 -12.6590805 -0.6098994 -11.888925 5.415272 -7.4824753 7.2811866 -8.414026 1.068576 
-384.3072 127.832954 25.969612 34.677467 13.4124365 9.531054 -11.157856 11.752723 -8.43684 9.745289 -14.121603 -1.4568393 -10.547161 0.27773845 -10.173708 4.8271575 -10.259243 6.338119 -8.109197 1.0306545 
-381.34174 126.60444 23.52193 31.11833 12.900162 11.298725 -5.5793552 17.954075 -6.483741 6.4232345 -16.76917 -1.8043376 -9.028362 -1.0840446 -10.14848 5.1271253 -11.464321 4.985086 -7.0776596 0.17319757 
-375.37665 124.71327 29.14818 35.751503 13.569674 9.890369 -4.7459164 12.875822 -7.0347114 8.032351 -15.993969 -4.727825 -10.252727 1.2323889 -8.601904 5.275401 -10.274224 3.0751867 -9.6369505 0.46666044 
-381.29947 128.42255 23.004015 37.152214 13.054142 10.692614 -5.7139263 14.968779 -7.218433 7.193669 -15.250789 -1.9691596 -10.27874 2.487091 -10.608833 4.259517 -7.7755303 3.4320374 -6.0555058 0.9161004 
-372.53125 120.4755 27.912468 34.97527 11.461038 14.300834 -7.982317 13.372001 -13.223842 8.320593 -11.448539 -2.8805482 -10.835738 2.3142405 -5.383064 7.638048 -6.1402063 4.7783327 -9.686758 -1.8070145 
-243.81258 94.47262 14.2882805 19.75385 29.942 18.609161 -16.903883 1.3157896 -30.962318 5.4635944 -21.850334 -6.541464 -4.794101 3.8425047 -7.5842776 5.117523 -15.815929 5.361347 -3.5879016 -2.7539546 
-269.19556 102.29494 47.331867 36.47743 26.760263 8.841531 -21.27884 10.958828 -33.02503 -0.22035342 -20.639412 -12.536305 -13.801533 -0.65832853 -12.438075 5.9972 -15.029451 7.836292 -4.4793134 -0.3322604 
-302.21143 76.214645 53.51344 52.25934 -1.8501933 25.845415 -12.73574 18.297543 -20.612185 6.302337 -19.521767 -9.702435 -15.575049 -1.1966109 -13.397243 3.8473918 -10.670261 3.9676836 -7.4051046 -0.03345222 
-315.01147 152.40953 12.691965 28.423607 21.101976 2.4009676 0.68226594 5.090925 -27.702396 -11.56894 -20.76481 -6.383587 -2.1689239 -1.8798856 -6.323636 6.2784557 -5.841846 3.221766 0.9124906 3.450905 
-312.61462 138.5663 27.489489 36.05742 16.652964 -2.5026848 -7.231269 11.301819 -18.327541 -8.602054 -24.12191 -8.654922 -2.214903 -5.3475604 -10.130359 7.810368 -6.226053 -0.022021983 -0.92519337 0.923083 
-285.02197 175.85307 11.302095 15.595769 -9.589909 -3.0993843 7.527431 16.006084 -31.002441 -2.9514346 -3.905891 -6.8768234 -0.70986915 7.132977 -11.427398 1.2976155 -13.344387 0.6665818 -10.12727 1.3113959 
-271.67624 179.70036 -6.4747667 6.382925 1.7827576 13.630613 7.952468 5.9926105 -42.31094 0.956115 -3.5468547 -3.1399572 3.3066192 3.285798 -22.724138 -2.8138173 -8.488658 6.630861 -6.1370077 3.8880463 
-287.7042 121.616104 12.513721 19.840702 11.913662 23.68463 -13.398899 2.4353805 -22.116478 8.493581 -6.0957346 -7.780264 -6.410248 1.6188598 -7.3800287 3.8038623 -19.23628 4.1560655 -2.204543 -0.4115196 
-278.06363 165.1995 11.931327 24.461533 13.72047 3.8910027 -0.93862027 -0.5824178 -30.511318 -3.694436 -16.26164 -11.169163 -4.5383334 0.6949869 -5.841463 3.7301004 -12.944535 0.66575855 -3.7884517 2.5132837 
-282.4679 103.03376 33.61803 60.458427 1.8892852 8.841151 -11.136051 1.7158805 -19.278511 1.2342725 -18.957304 -11.880491 -13.087749 3.7592976 -9.296833 1.245523 -6.557504 6.0635896 -7.536205 0.10877662 
-279.6505 145.55545 16.467274 43.89519 28.440708 6.536802 -15.963991 -0.8128248 -24.505676 -1.8142776 -21.127134 -19.14888 -8.696467 3.804246 -4.393961 1.6864911 -8.653735 10.282482 -2.610652 -5.3590975 
-290.40173 123.097305 34.007946 48.203476 15.223768 25.099583 -10.874003 6.176665 -26.935326 4.6504493 -15.828395 -23.849455 -12.896447 0.27327788 -7.093316 -1.9517045 -11.715852 4.6267376 0.31288147 -5.9337955 
-345.66327 149.87308 13.822386 32.74925 15.522254 23.28002 0.5239797 1.2873529 -28.562065 2.2636273 -9.802115 -2.9701571 -7.2433953 1.9014999 -6.62088 7.8685126 -8.4321 1.2933682 -8.311998 -2.6161902 
-349.55594 140.30634 20.28484 37.611317 16.63369 17.000496 -9.252209 4.7869644 -24.32814 4.3134136 -14.550247 -9.348586 -12.8104515 -2.4470036 -6.3043 8.859329 -10.837415 2.653987 -5.3916497 0.3120401 
-330.887 150.58353 15.8991375 26.940351 1.9991717 10.42818 5.137888 5.017668 -40.474133 -5.1372848 -11.652268 5.530572 -0.049094573 0.17345269 -16.230082 3.4268367 -5.937244 5.5817385 -12.742028 -4.6599464 
-378.50366 134.89505 19.470425 32.12671 13.659685 14.97871 -5.472871 10.240343 -10.672436 7.605524 -16.102257 -1.7874148 -10.046508 1.6058776 -11.143803 3.7063289 -11.741535 2.422474 -7.42349 -1.0798833 
-389.89908 134.42305 17.219473 33.23769 15.401483 16.923504 -7.4268537 12.670354 -9.295417 6.9776917 -14.100286 -0.9338808 -9.818801 -1.1418767 -7.7068157 7.7073007 -11.783522 4.9827447 -8.22086 2.0855708 
-302.2884 159.28162 33.76829 32.042465 6.4129376 -8.8260145 -6.5252647 11.991083 -30.789639 -1.050554 -17.110325 -10.041063 -8.261712 11.445368 -5.706775 0.2439031 -7.3331585 0.9371278 -10.794407 -3.2721534 
-295.37814 86.04296 53.67784 57.636333 -0.5153927 23.766472 -17.314384 15.554545 -20.337402 0.10451683 -21.841078 -7.583486 -12.345139 -6.3634953 -13.05749 4.223734 -5.8254395 2.3058555 -8.762138 2.8118775 
-341.74936 134.92715 5.9380918 29.415958 18.755262 21.867214 -9.731026 7.238459 -18.439533 10.866353 -11.667744 -5.073039 -7.718544 4.5890036 -6.1454034 2.3472784 -16.253746 3.7202144 -4.8048186 2.1438067 
-309.4913 152.99231 6.90165 49.618843 35.83635 6.588233 -15.430579 3.019435 -25.229443 -2.9525313 -22.596731 -13.0658 -6.2924466 -4.561424 -6.4095936 5.096341 -7.122961 7.6418424 -3.5192766 0.8270203 
-279.8995 81.92758 37.58167 70.880005 1.2672797 15.4973755 -9.649311 3.680934 -20.140564 -4.3748813 -25.024992 -14.755295 -9.954821 -0.1489696 -13.338664 9.180768 -5.716644 6.686033 -6.4997354 0.5344038 
-319.9943 136.82265 24.458921 39.045605 22.33131 4.059394 -13.652645 -0.5803561 -21.486593 -9.034792 -24.837597 -5.624681 -5.8092313 -7.400515 -6.827926 4.2664227 -5.6944714 7.0862803 -3.7729847 -3.381678 
-316.34082 84.60461 46.508537 38.03868 -0.23926057 22.878075 -11.78183 11.657191 -14.876903 5.0771637 -15.256332 0.79546094 -13.958485 -1.907874 -12.122723 2.348133 -8.839404 2.8236039 -7.211791 -5.2745056 
-291.0536 65.050156 52.72645 64.04475 -8.034783 29.616272 -6.9417744 9.49644 -22.338726 8.805691 -22.500301 -6.0824375 -8.81213 -4.401247 -13.826405 5.455345 -8.313719 -1.3605527 -8.5560255 -1.5831892 
-366.2881 132.11826 29.620462 39.21738 16.154068 12.330402 -5.9512916 11.6447525 -11.825025 1.7788912 -18.11296 -3.6930723 -12.118989 -2.3320684 -10.14735 1.0605452 -6.7357187 5.576722 -7.693609 -3.1700914 
-375.3575 124.15506 27.922424 31.725443 14.1986885 14.814693 -4.3182507 11.282653 -10.180693 8.516912 -16.290747 -0.056682333 -9.661716 -1.8567709 -12.438346 5.030527 -8.499822 5.3347344 -5.476071 -0.5347369 
-354.799 104.48216 28.786373 39.171314 10.482358 9.279636 -4.565119 15.345954 -16.113195 10.656578 -16.080414 -2.3716137 -8.122532 1.7626795 -11.682331 6.811715 -10.307527 3.031081 -5.842826 -0.67984504 
-300.85257 153.23442 13.032889 35.3034 28.757996 16.40385 -7.36782 -2.3298638 -32.75248 -5.8283644 -24.549696 -18.790567 -11.609997 0.27830422 1.1398923 3.2609658 -8.319401 6.4035473 3.6242137 -0.31420293 
-271.08853 113.67468 25.897543 17.19813 2.2683003 30.732395 -9.204975 2.235532 -16.596884 3.1463327 -8.13216 -2.4898427 -9.796087 1.3060403 -7.7664404 2.4498847 -12.996743 4.0784173 -3.1915991 -0.31919616 
-282.99554 94.748535 39.823345 46.789265 2.2285385 32.184868 -7.6730747 -2.7894921 -30.493217 2.160568 -19.530205 -15.995438 -20.568972 2.0348003 -5.502152 6.7798605 -10.227799 4.0176535 -1.9902272 2.162254 
-331.3449 136.48553 31.605944 33.854317 6.2002134 21.513786 -11.731812 0.41610038 -27.576685 0.5974164 -16.97325 -4.806105 -11.201122 1.8899748 -6.9695086 9.271537 -9.720088 4.7534323 -4.7020416 -4.947427 
-232.79694 141.64761 -16.679762 15.583119 13.362749 25.49456 -19.355381 -1.1644583 -26.885511 0.92264354 -8.551235 4.0507565 -12.568371 2.2786963 -9.730342 0.762923 -18.768126 8.434569 -5.7693353 4.0414853 
-332.24036 117.93483 41.701862 33.943306 11.024231 13.526442 -4.4703445 9.665789 -19.200047 11.493774 -24.699371 -0.44391647 -14.549816 -1.8386561 -14.791999 8.265932 -15.379215 3.66199 -4.8985343 -0.017643651 
-335.0033 108.54808 24.231785 60.90204 10.73941 8.99217 -14.25938 21.266506 -22.27203 8.459803 -19.691196 -8.52908 -12.844999 -3.415642 -11.404434 7.2427807 -10.359267 4.8402004 -3.4423547 -2.817157 
-340.4169 108.80822 32.456493 55.57992 10.979703 16.939508 -0.70460254 12.513851 -20.053251 4.5411606 -22.16607 -7.300872 -13.480893 -0.83789665 -14.044491 4.4184666 -10.65604 4.2847323 -4.554157 -1.045084 
-297.12146 107.62389 22.958488 34.262054 6.2340775 24.755142 -20.211866 20.326103 -26.641836 5.61366 -23.079763 -6.678671 -10.027339 -3.5818622 -9.26554 0.7017109 -7.9216733 6.8170643 -2.2638037 2.4510021 
-343.97372 152.19124 5.329411 29.626139 6.118376 6.7414618 -3.4488668 12.932929 -26.072615 -0.806194 -8.776572 -0.36292845 -11.502826 4.475458 -12.32527 -0.32568732 -11.899067 2.5910537 -8.775993 0.18523084 
-374.32852 137.25754 15.147095 37.65737 12.304119 15.7827215 -9.390094 4.5601516 -14.16891 7.721356 -12.349482 -6.1891575 -11.258 1.6404543 -5.98046 8.542655 -9.469544 4.72024 -5.2337165 2.357623 
-396.13416 143.34496 13.727168 38.396355 10.932703 9.621555 -10.967638 13.410061 -9.109043 6.942372 -15.98827 -1.1483309 -10.042497 -0.033321857 -8.635888 4.7441044 -12.490741 4.204292 -9.483951 -2.1783726 
-384.11096 131.711 21.180323 31.926914 9.739248 7.772075 -5.0913644 15.538021 -9.220873 6.253546 -17.618507 -5.547448 -12.440922 -1.2591522 -12.43612 4.8593907 -9.182769 5.809005 -9.864152 -2.9815838 
-384.494 130.93831 23.889185 33.35884 13.97656 11.643493 -6.060901 10.4430895 -11.205039 4.640148 -14.778752 -0.86326957 -8.679483 -0.1366628 -9.16321 5.1481853 -9.39468 2.8121495 -10.984281 -2.266156 
