-310.34918 160.65825 -1.6803751 33.859375 -11.939555 -9.433596 7.913258 -2.328635 -38.07325 1.9012182 -0.39721096 8.875824 25.399263 -2.4819407 -13.576369 1.4862144 -11.088384 0.93756783 -7.9544644 1.8165591 
-290.98587 163.27805 28.578697 40.808723 -20.132698 -16.513815 3.0452762 -5.218626 -33.105595 2.7090547 -10.996928 -2.5975878 19.563345 -1.2372767 -8.647866 5.362984 -15.677458 3.861092 -2.0137956 -1.2200309 
-330.01627 164.88445 43.68926 56.831192 -9.122268 -28.624613 -16.580791 -8.112767 -32.13797 5.091692 -2.987647 -12.979034 9.078892 0.40377703 -9.345156 5.9715023 -5.157399 0.654269 -3.6935773 4.417103 
-324.38293 139.75977 23.364183 35.816216 -2.4897864 1.0455298 -2.5389273 -5.542276 -27.906713 -2.4242694 -14.190007 0.22297308 7.9314194 -0.69849515 -5.7951527 9.611704 -6.3762827 5.3304014 -10.003141 -7.946024 
-271.16418 49.373093 47.47206 61.170315 -9.283593 13.33195 -9.4808235 -9.355708 -29.543985 16.813335 -25.858257 -7.503516 -5.754794 -0.825165 -10.539145 5.193075 -18.454082 12.2540245 -17.031654 0.8399546 
-222.59937 105.53285 -1.4929674 54.63644 28.708933 -10.832821 -30.666708 -15.360029 -22.401802 10.230891 -20.028423 -5.385931 7.595354 3.4767797 -17.184105 8.3901415 -18.24888 10.052875 -11.285283 -2.7999856 
-267.901 116.567764 34.592953 35.33734 16.321384 -1.7420747 -15.905865 -5.527814 -27.676735 0.87660986 -4.361338 -1.7941775 -5.356119 0.31728977 -7.6633434 3.261768 -14.788411 4.448605 -6.3756957 2.4253294 
-160.45314 155.13065 -35.76422 -0.22970676 -11.422413 -14.801666 -9.275009 2.6206715 -17.793198 11.3539715 12.064886 9.037243 3.1888287 -31.379007 -22.938168 14.081002 -11.118965 8.089822 -8.950822 2.3280742 
-224.34709 161.38329 -40.970993 24.857939 0.07432726 -16.985191 -13.35019 -7.369051 -15.078589 11.262609 8.307418 1.2351418 -7.3966575 -23.47332 -18.113178 9.929142 -14.731594 1.1864872 -8.004476 6.5539923 
-287.3832 138.12277 -1.3840679 36.02308 17.13166 -12.107319 -22.354422 -9.225889 -16.90052 10.603233 -5.649136 -3.9186478 -0.9765486 -1.3895419 -13.366437 7.9660983 -19.986408 -3.514261 -2.972053 -0.33422694 
-233.07875 176.27708 -10.877296 14.207194 -19.696787 -22.455439 8.672403 13.682304 -27.913616 -1.8396301 1.3710413 0.8172016 -2.6690886 -0.9876028 -18.875792 5.544056 -10.74592 7.4923115 -9.925118 -4.3341312 
-227.19984 171.51521 -18.290041 7.3318534 14.796742 -14.053146 -9.816043 7.5386863 -29.473026 -6.418332 11.648884 1.9773432 6.0893226 -3.286526 -22.04633 5.7709923 -3.948285 1.7290348 -17.624062 5.7849436 
-270.67502 132.35802 39.151836 37.619175 -2.3292732 -13.066771 7.3645496 4.1213746 -31.685007 -0.21208042 -15.437298 -6.9177895 -0.9423828 7.3585105 -11.026915 8.333599 -7.2366495 7.2782917 -8.113793 0.45661756 
-282.26245 86.633095 41.797604 50.59927 3.5530634 13.660919 -9.32217 -1.0871304 -26.308084 8.060429 -32.530075 2.487893 -0.046477634 0.06163947 -5.8229966 12.49506 -14.2262335 10.185413 -8.68838 1.3022306 
-276.44202 88.98992 34.441345 55.962246 -2.8016074 10.203836 -14.573484 -8.175625 -28.510386 10.562977 -19.671333 7.7513714 -3.3625615 -6.255739 -3.4181452 5.509286 -13.743544 7.8927937 -14.852846 -1.5584525 
-281.05878 131.0851 22.904327 43.31128 6.6566896 -1.9105914 -15.492554 -8.29015 -30.918419 -0.55490357 -1.8622363 7.222119 -7.6167474 0.078089304 -8.317909 7.329205 -13.464481 -1.8039218 -11.9689 -0.6898543 
-277.22415 161.69333 12.322799 26.208574 -8.800727 -9.581567 0.46466303 3.102684 -36.137142 5.426008 -11.55163 -4.367235 3.4881673 -3.7085657 -15.956353 4.834791 -10.561448 7.601933 -14.15115 -0.4838215 
-277.63467 133.34889 37.431927 36.117676 -13.568181 -0.314078 3.8389978 -9.690425 -45.076862 2.8187628 -26.978542 8.87339 8.3512945 -2.5578876 -12.700758 8.869976 -17.153095 10.5448065 -9.25594 -9.894835 
-284.75583 137.43297 40.903923 37.01088 -16.632328 -13.135042 4.135206 -5.4670925 -37.0562 -1.8880944 -25.379503 -7.8037853 7.4666653 10.560401 -11.629349 13.387138 -14.536735 5.2335086 -6.152672 -1.584907 
-297.41418 155.86299 16.569744 36.605225 1.311194 -4.231018 -2.8925323 -11.146156 -40.492058 -11.238919 -8.032725 -2.7314692 11.239198 -2.1853616 -11.074056 21.482098 -10.627782 -1.1869893 -5.4510107 -6.6863437 
-325.01324 86.24926 35.653004 45.72973 -10.159171 16.789846 -8.627989 -4.241591 -28.956373 14.685316 -24.164165 9.163508 -0.20958556 -7.018769 -4.755766 14.274693 -12.057567 4.213747 -12.063122 -5.238657 
-315.30698 66.53988 45.8219 66.40213 -5.128229 21.121834 -13.941273 -1.350197 -22.300722 15.102241 -36.19474 1.4229105 -7.640463 -8.009027 -0.78677624 7.9558697 -15.03163 12.499203 -11.432799 -3.6966138 
-316.01642 75.28119 38.04616 72.906395 2.8320537 9.818928 -12.883965 8.114025 -20.805895 13.017792 -33.94734 -0.66005296 -0.74960357 -6.2556877 -10.201692 1.8147227 -6.521384 10.773178 -19.21497 -3.4479818 
-291.45627 85.692535 33.18991 68.21962 6.4572706 11.491246 -9.111044 -8.416971 -29.681505 10.378343 -30.669718 -3.8180225 -6.592399 -5.121276 1.1069733 0.97176784 -18.88376 9.5626135 -6.927477 -5.5288043 
-359.68732 133.51913 12.407725 48.556282 22.200026 0.41150555 -5.700081 -7.4785867 -19.040213 0.27251208 -22.700869 -9.192082 -2.8822803 -3.7738926 -6.119395 0.34556675 -13.014418 10.112259 0.32441172 -5.8882184 
-400.10193 120.956696 7.715368 40.192593 12.674877 12.934248 -6.835622 3.3768969 -8.123118 11.178711 -15.873372 -1.2735721 -6.4995255 5.0371366 -9.802701 -0.054622702 -10.554592 2.5057647 -6.670521 -0.24544907 
-365.01425 134.92787 4.9176846 28.02909 1.7658228 12.571386 -7.956194 -1.917188 -8.058765 2.5065536 -11.274536 10.265462 0.9138992 -7.243456 -11.550507 2.092021 -7.590503 4.846319 -11.051288 1.5502889 
-222.52081 133.08636 27.499815 13.607468 -23.005156 0.78630364 -17.143005 -2.8432853 -20.182026 -9.08988 -22.473219 17.013296 6.9049206 -5.807926 -9.71521 -3.6445863 -15.503752 3.6758597 -11.26784 1.1150507 
-240.86603 128.7917 16.36909 52.016922 16.145506 -20.200325 -12.868504 -7.556617 -19.766418 -10.436238 -31.080462 5.2139025 10.665376 -4.8473163 -9.093747 5.3523107 -14.459026 0.08419207 -16.703253 0.09575907 
-335.64273 144.71912 3.8797014 37.090904 19.179686 -0.95552826 -1.9793142 -8.601211 -23.33903 3.0949936 -13.362675 -0.49921927 2.545003 -9.285008 -13.401927 8.045785 -14.4249525 0.242686 -8.070334 -3.8593457 
-294.81726 140.43349 18.320847 29.230381 2.1230962 -15.677806 2.435373 3.8483336 -38.95051 3.126687 -14.160098 4.728754 2.678257 9.964856 -14.292742 8.456575 -10.135829 0.47434554 -11.059791 -4.834812 
-272.03046 124.57712 33.712616 43.950672 -14.146688 1.9893343 2.7580452 -6.5907717 -41.758865 -2.924016 -18.276861 1.5377798 1.007786 -4.9431877 -6.861493 8.675398 -13.194769 2.8979864 -10.5543585 -6.131624 
-268.96396 173.0212 -12.595252 22.10763 -4.6839895 -17.13969 -4.5123577 0.5140423 -29.625807 -5.2711954 -2.7306724 3.761603 13.440068 -0.5013854 -27.321062 7.2047663 -11.41731 -0.85336703 -3.5747638 0.22687946 
-284.34457 115.88219 6.9875417 82.839 13.56608 -21.622276 -15.004869 -0.7820033 -28.61506 -0.23041198 -25.680265 -2.7123957 9.409136 -8.744551 -18.403461 8.899836 -9.077893 7.790377 -14.750131 -2.105733 
-321.6156 133.73224 9.204681 81.836784 22.34315 -25.564512 -3.5676122 -1.3003966 -27.414967 1.9626975 -24.604975 -7.931607 7.0605297 -9.25824 -19.187218 10.738998 -11.951256 -2.289911 -10.120345 5.663119 
-290.52008 154.05463 -1.2783462 63.692383 41.30942 -33.117466 -6.4368405 -13.088471 -31.120056 7.0442505 -22.96299 -8.1119375 4.0496426 -3.4766395 -16.626852 15.770549 -21.574736 6.1355524 -8.467298 5.841983 
-315.98993 163.29903 15.640377 24.099371 -1.911374 -3.7412796 -24.251541 5.894461 -23.564045 -1.8153148 -9.9363985 6.646078 8.851032 -0.08136206 -12.874662 -2.6505127 -11.441609 2.2911386 -13.47159 5.745151 
-347.5895 166.10507 29.631723 43.763832 11.836036 -8.6967745 -21.256409 4.551382 -19.834574 -9.569989 -22.218714 -14.823654 1.0906155 -7.938352 -8.569982 8.829198 -5.0329924 5.020533 -7.609682 2.3528655 
-338.47742 148.37204 5.064507 49.36467 15.638416 -3.1681201 -18.828 -5.275418 -31.006355 -2.4137053 -16.113218 7.8381925 11.861121 -8.87623 -13.387699 17.582178 -6.293282 -1.9916052 -10.022399 0.021112707 
-343.36182 151.90326 2.2600677 32.571857 6.8708415 3.1972578 -16.027409 -5.164623 -30.447655 -4.0399985 -2.5811024 10.259357 11.849998 -5.8335614 -13.16377 8.33151 -3.5550728 -2.6247282 -6.281024 2.2229323 
-222.7992 131.07745 -6.447007 16.337626 -18.030642 2.3523476 -16.163795 0.94315743 -22.268621 11.052128 -0.8691561 14.377459 0.40661436 -17.818764 -15.695866 4.143513 -4.5113964 6.196388 -10.39436 1.8978983 
-326.65253 116.46605 24.061226 50.969044 16.856134 5.157284 -24.846 -1.4373645 -18.08977 4.5523868 -22.87636 -3.3506165 -1.3934687 -2.2565749 -12.282209 1.5451262 -13.25211 3.9964132 -10.200776 1.5380458 
-291.6232 95.67301 16.831202 74.37265 14.086835 -2.5151908 -22.875853 4.7185473 -27.336977 3.7673607 -20.584496 -6.397818 2.0728247 3.7381363 -9.67501 0.58384216 -8.979693 10.731318 -15.16531 1.7531238 
-307.6974 110.85547 25.71071 53.1624 -2.9957454 6.0411777 -15.830198 -4.8111258 -19.15366 4.8247952 -26.669132 3.0704374 -0.49010447 -1.2699928 -12.259252 -1.6606919 -16.643116 4.601469 -14.807877 -3.082162 
-398.52747 136.36774 18.294147 35.510635 1.553309 8.593198 -8.384221 14.826972 -8.091172 4.0102887 -13.808987 4.6594796 -7.566892 6.352885 -8.719941 4.254306 -10.056416 5.2497525 -12.147679 1.0142019 
-379.47293 132.7162 11.902817 29.255554 16.357357 10.06944 -11.91419 4.750331 -19.504587 4.5025873 -10.174932 5.0029516 -2.854877 -0.05908468 -8.762881 9.352021 -4.7796993 0.85575294 -11.9192 1.0892762 
-294.7896 147.88782 0.798705 34.354023 31.432228 -1.712275 -21.360184 -13.561547 -33.770737 4.838694 -7.4466076 -0.047939513 0.886629 0.586478 -6.7715573 18.177507 -15.529829 -4.310779 -6.154135 3.4654078 
-304.338 152.25514 -10.664326 52.238125 36.42123 -15.9179535 -21.514292 -13.097575 -30.659763 3.0887177 -9.2028885 -8.101848 6.45629 3.2772388 -13.478107 13.166218 -8.510706 -7.451755 -6.9388127 6.9180727 
-317.17865 131.46461 25.97844 44.665188 16.767975 -8.371785 -13.313919 -4.4047723 -24.92644 2.3660798 -20.655945 -3.609325 0.60272247 -5.0432267 -11.262517 7.809187 -11.837088 -2.8673282 -5.787037 3.8122249 
-284.59402 163.75154 22.768349 31.075314 2.600431 -24.695559 -10.71779 6.420388 -36.643135 -17.69343 -24.0482 -0.8552983 4.3755727 -1.763782 -6.5055857 10.57629 -3.1220305 -1.8929019 -10.172453 -0.55836743 
-267.48483 107.04815 18.446152 57.626106 12.354076 2.8453734 -17.481153 -8.661183 -38.928375 4.924266 -22.014223 4.4728813 0.5343673 -2.265533 -3.456204 13.228085 -13.356369 -0.12766059 -7.520789 3.9846137 
-368.46283 138.66547 4.967306 51.37362 28.712307 0.34295475 -20.14701 3.7798293 -17.358686 -0.11799669 -21.374563 0.30004087 6.024096 -3.0198395 -6.6408825 11.59886 -10.749883 1.1875172 -7.6059527 2.2078307 
-407.74512 137.77881 13.127531 45.391308 11.676905 5.111654 -8.967642 6.2910976 -12.423772 2.619728 -13.954867 -1.5148633 -5.1362214 1.6556308 -6.5909815 0.1546234 -7.7771707 6.731469 -7.6871405 -0.6982108 
-404.61868 119.47511 13.045612 37.57415 11.959756 7.3223724 -1.276514 11.257832 -8.992542 5.7858033 -13.187254 2.8836818 -4.6716623 2.3598003 -9.047207 1.2556571 -10.29517 4.376218 -11.696575 0.9911014 
-355.5623 103.58749 30.477592 37.871166 13.55283 0.8269999 -6.402952 -0.5518432 -25.950327 9.002729 -19.872576 6.3786106 -4.246786 2.3150358 -11.735721 11.745186 -14.26984 3.8151288 -7.2116995 2.3654091 
-320.01843 164.91498 -7.2053967 34.224174 25.345741 -11.183502 -19.395557 -5.8189363 -29.666008 -5.380052 -11.250105 -5.3529954 5.4892817 5.2252927 -6.6189556 7.3709726 -2.3024333 -3.588715 -7.2176914 3.1834095 
-314.92657 162.72021 -19.973503 12.544407 17.669052 4.1259255 -25.999327 4.2074924 -20.498598 4.569492 1.2647204 6.6335273 -2.0977554 -14.264202 -11.772669 4.313998 -2.7721581 1.0950375 -12.528911 6.81867 
-313.58466 165.42711 -3.8021307 24.484169 26.068153 -6.948305 -25.61705 -9.380312 -30.899136 1.0357814 -2.046916 12.368063 6.417341 -2.0398288 -15.6473255 12.901572 -1.8246596 -7.126586 -12.862462 12.719088 
-345.39816 160.88731 -3.0386713 33.322586 19.541405 -1.5684094 -13.055874 8.180281 -18.817291 -7.259552 -11.28222 7.170518 0.6304854 -5.968483 -13.6244955 4.2562227 -8.245233 0.8559717 -11.223266 -0.7113091 
-356.933 172.24445 24.695267 46.212765 0.78221416 -21.18505 -13.802145 0.59089494 -25.62297 -2.2931294 -14.536312 -2.4745152 3.7500887 2.4978435 -9.068392 10.480324 -0.6310689 -1.1414757 -4.9475083 5.0397453 
-309.44815 177.50967 -10.413423 25.314888 14.150917 -7.188396 -13.264852 1.9655957 -34.228752 -5.363808 0.0065515307 10.581176 6.820967 -8.152423 -24.266287 11.107029 -7.574223 0.18589589 -10.32316 3.8943799 
-330.99146 135.0456 32.878567 35.674026 -7.236789 -3.0606909 -16.659182 5.4403515 -29.198425 3.0915554 -16.825277 10.352108 5.139871 -0.6754795 -8.828899 8.47224 -10.498666 3.311366 -14.992467 -1.443441 
-301.03754 97.472534 38.349144 46.992317 3.211911 10.635652 -19.986391 -5.552546 -21.646015 4.495153 -14.763972 10.738438 -1.9432439 -7.6522956 -7.394348 2.903089 -14.644026 10.755443 -13.2809105 2.3096113 
-240.07492 101.26308 39.72548 31.549103 -15.605467 14.027681 -7.666375 -9.727457 -39.214584 -4.7306004 -21.161568 16.4361 7.8555994 -8.32357 -4.900338 11.1005745 -13.707142 13.899204 -11.46 -7.8881016 
-284.8221 90.592 50.15886 29.497227 -4.0042286 14.902614 -14.247282 -4.5729194 -35.802246 -1.789846 -20.200474 11.858583 -6.0727463 -4.7772765 -2.707439 10.430374 -8.32261 7.7363305 -16.317423 2.3218384 
-318.89243 155.0047 16.892334 33.098564 4.129408 -17.58571 -13.653462 8.821687 -24.474426 -12.051605 -19.347391 -3.3041449 8.120115 3.978133 -7.972246 4.5266438 -11.160673 1.0033373 -16.223331 -2.4152973 
-337.12415 127.895004 34.185806 46.242405 13.031768 -3.3766305 -5.5042334 0.618015 -31.91915 -9.782009 -30.770908 -4.06793 0.04863176 -3.0021484 -12.795196 7.409305 -12.551815 5.3304324 -5.828898 2.2027576 
-310.57526 164.1826 13.036791 19.096727 -11.8735695 -17.791046 -13.209415 16.137957 -27.784252 -3.5388496 -12.7318 8.062183 5.3188353 5.7138505 -6.2761602 8.712672 -10.666535 -2.3816292 -16.697592 3.5044296 
-331.84943 152.86656 -0.69421387 16.092192 20.028961 2.2956686 -31.676853 -0.80307704 -19.375553 9.752273 -4.7760262 8.786109 -0.061374903 -3.6744936 -13.848581 5.035683 -7.1697955 -3.382551 -15.651265 9.409603 
-325.05664 174.48782 -2.0391252 1.5701975 -16.821943 -8.681014 -7.542328 22.079361 -15.078725 -6.407801 -5.776863 12.133999 11.023432 -3.4559963 -19.873524 -0.43010828 -16.32234 4.9398346 1.0425353 1.9117849 
-396.90384 122.42259 14.952798 37.61426 8.493452 13.235401 -6.9097176 8.344701 -9.2030325 7.9263906 -13.910201 1.7781366 -3.3313098 0.66386586 -11.550458 1.4437639 -6.4096093 7.2724247 -12.542713 -0.40120468 
-417.39856 134.69214 8.817643 38.802822 11.731752 12.115209 -8.357231 11.635134 -9.565386 7.7176023 -14.291685 5.209709 -9.374754 2.381404 -6.809953 2.4088626 -9.481708 5.679476 -11.324104 1.9834597 
-324.27893 155.67365 -6.711317 30.183645 19.258865 -3.8798735 -18.124023 2.4546163 -22.473114 7.6829343 1.470026 6.1265745 -1.0890967 -6.4458117 -15.907322 10.150234 -3.5332232 -1.8997362 -15.387043 0.8955713 
-343.6269 151.31549 8.940659 57.230293 22.86054 -15.985094 -18.030514 1.3473393 -25.811243 -7.837496 -19.065653 -2.893363 7.0374026 -2.8807547 -7.5614166 11.3473015 -3.2836199 0.544753 -8.629414 6.3775396 
-395.34485 141.72835 25.877092 42.57555 2.34095 4.7381167 -9.824139 6.125774 -14.521523 -2.024185 -17.233137 -0.19168504 -1.3572745 2.477856 -5.698171 3.583131 -9.8114395 3.1682196 -12.700212 -0.83155495 
-315.42947 92.75516 19.100168 76.95809 8.567751 -3.208057 -16.466198 8.009253 -23.478422 2.0499682 -19.808756 4.062064 3.3414557 -7.118589 -14.001865 4.5146317 -4.9452453 5.873803 -16.836918 3.5503018 
-336.99463 128.47614 19.582739 65.74877 16.269966 -13.995071 -11.226629 7.797953 -28.681627 -1.3021905 -17.21455 0.21280353 0.054700535 -6.1631413 -5.98615 6.2607584 -5.8309665 4.682899 -10.6003475 2.9189262 
-308.5256 95.93399 48.114952 37.968536 -5.49045 -1.8015281 -17.519793 10.768696 -30.863808 13.538717 -26.171474 2.9265637 -2.539972 1.7093071 -6.7802567 8.120892 -2.4534826 1.1149569 -10.830791 4.462908 
-251.36667 69.81998 53.806576 43.754887 -3.7841585 13.713796 -13.828472 0.2818705 -23.242062 4.798566 -24.767824 4.951722 -7.2773337 -6.0348225 -6.0611663 7.2531867 -8.932133 10.056377 -9.275211 2.3375921 
-232.80008 117.49883 8.13541 35.66725 25.905107 19.839516 -26.670631 -16.249956 -24.435005 10.041778 -26.612143 2.1999075 -2.8612497 -14.175599 -7.0311494 12.748939 -19.057692 2.6386294 -5.290149 1.5475308 
-259.18237 177.15154 -19.460394 20.44507 26.387306 -7.334197 -6.88567 -5.317085 -32.239407 4.178801 -2.0856137 -12.950616 0.46870083 -11.726663 -18.26698 17.321438 -7.5652685 -9.45779 -10.708589 1.1597226 
-281.04703 154.44312 -19.841911 57.259995 46.24109 -22.386393 -22.515955 -5.71612 -30.373878 2.1482697 -25.201881 -11.394375 10.53393 -3.5252872 -12.291366 5.195624 -11.758003 2.877813 -11.0577345 2.7781513 
-300.10986 105.81204 16.21776 65.48062 22.553963 0.8406581 -23.09174 0.8115049 -17.247267 -3.107087 -25.005934 -5.353305 -6.8775654 -5.8600025 -8.360247 -4.9855213 -7.7445774 9.492384 -11.463854 1.9306026 
-316.76254 82.52531 29.395695 63.899895 1.7764231 14.325699 -13.438992 8.936936 -26.08155 12.365355 -20.923096 -7.4632154 -3.526364 -1.935827 -6.021515 2.870951 -10.320954 10.393948 -8.980353 2.8046865 
-364.47717 129.86641 14.875607 55.43612 23.968771 -4.191248 -2.3385193 0.8735835 -21.373465 4.731987 -15.124913 -7.139568 -2.242949 2.5357609 -5.1287665 7.0870924 -12.283827 3.4533453 -1.5253536 -2.699146 
-404.91022 122.08016 14.145202 39.288662 14.503579 10.198298 -11.662172 9.952732 -6.591009 14.34926 -18.042185 0.7961541 -5.868088 4.513842 -8.884755 4.8463764 -11.066936 5.6616507 -10.234278 2.573878 
-366.31012 117.793594 26.892159 37.972813 8.846003 3.8909802 -9.928015 11.505413 -26.921335 6.3941984 -12.129887 1.6189139 -0.6350355 0.5260803 -7.4758625 3.6202257 -2.3933597 -0.7227442 -10.530923 2.4485834 
-297.26883 151.494 -7.9188747 39.151745 36.199955 -7.2751293 -18.458492 -13.1755 -30.755602 -2.16136 -18.34084 -9.712971 9.61224 -1.0099235 -16.658113 11.733784 -2.3500683 -3.2646868 -3.0429754 7.9067264 
-337.3901 145.93158 16.226475 35.695976 28.650642 2.9347463 -28.740475 -0.30728805 -23.869925 -5.519911 -18.197086 -7.1495 -2.0905905 -3.290151 -8.198512 4.8015676 -2.1968105 2.525704 -5.7769456 9.526476 
-285.37286 130.22581 24.995718 38.04851 11.2438545 -2.8597603 -17.335608 0.7545606 -47.640205 4.459801 -9.016832 7.2775216 -1.3251367 -10.493215 -11.341432 11.344983 -5.782982 -1.0206015 -7.0836115 3.9724529 
-288.5094 105.990265 25.434715 66.705414 24.423117 -4.798762 -14.932026 -3.6423166 -25.45503 7.8687234 -32.896587 0.78913414 4.135848 -5.0618625 -9.564753 11.216642 -11.88996 3.329094 -7.4857244 -0.010115968 
-315.7951 162.27731 3.254012 39.112617 21.979116 -4.3453555 -9.659428 -11.870436 -29.461174 -0.72708726 -24.585773 -2.2466388 11.884789 -4.325612 -17.239267 18.424656 -8.081615 -6.884524 -3.249725 2.7357664 
-327.58292 152.04422 -12.793342 27.14927 33.34099 9.44746 -20.535862 -7.1038103 -17.234686 3.3558683 -8.005135 3.2162929 3.9456744 -1.316119 -14.93444 3.8989482 -8.651511 -3.9176831 -10.598873 -4.54286 
-312.66534 83.93948 43.005405 58.82408 -0.18702644 19.990084 -17.460812 -1.1971278 -12.995019 -1.2668601 -24.135508 2.027625 -8.522171 -6.174892 -7.2025747 3.1092162 -9.728286 6.5535254 -14.854701 2.1726897 
-300.03967 99.79031 52.57149 60.431046 1.7475196 7.3582926 -11.155062 -4.8412075 -17.912466 0.37136582 -22.331362 -5.3617263 -2.7731512 -5.4944515 -9.936042 1.633935 -13.429674 4.082645 -13.8856325 2.2327209 
-329.42758 94.10855 21.784346 60.416286 8.269367 12.717156 -20.886152 10.686433 -16.051561 -2.4549432 -23.661358 4.4314747 -3.7312164 -3.5480433 -12.889568 3.4774272 -10.750496 4.8128114 -12.496158 3.534008 
-323.28912 160.6098 -21.299202 32.626625 33.19526 1.350438 -21.510952 -1.756968 -31.664726 1.6175348 -3.3057182 -1.5478226 2.0691059 7.9909244 -13.222951 5.1759033 -4.028545 -5.493051 -14.600135 5.6524568 
-332.89688 127.28552 9.829818 45.58968 25.007341 4.777625 -23.807714 2.6637225 -32.21992 5.3371925 -15.656455 -8.378326 3.062038 0.43378332 -7.454611 10.94087 -3.1049285 -1.7462877 -12.182815 4.9559326 
-327.457 76.259 36.209908 45.20994 -1.6396378 17.247326 -9.369193 -2.2288315 -18.170055 11.385036 -21.965864 1.5838392 -0.504111 -5.8545246 -3.4128911 11.939749 -11.142199 4.443194 -9.98408 4.7056885 
-321.18875 50.235256 47.51315 58.13977 -9.600693 26.051645 -16.170458 3.9449072 -11.40194 16.156687 -29.169804 3.9709368 -4.419285 -9.637547 -6.442808 4.525636 -14.097995 12.418357 -16.609802 0.7818136 
-371.873 103.17558 25.981754 59.5825 2.65944 20.828354 -9.765996 9.857567 -12.538164 6.391958 -26.336252 1.3202225 -2.4489546 -6.7448044 -10.066683 5.319071 -16.358164 8.102873 -14.516549 0.68967307 
-365.9303 134.20303 13.939752 56.516582 25.519056 3.4034822 -21.373304 4.1410904 -15.17445 6.6777935 -24.769241 -1.2252795 12.727437 -4.0703225 -9.15469 11.74406 -8.925761 6.849867 -9.918089 -0.39838892 
-406.73248 128.99051 21.689838 32.05361 13.439417 10.369949 -10.053411 15.176455 -11.01668 11.251774 -9.8250475 0.40091026 -5.020159 0.28783825 -8.680686 1.7548562 -11.29806 1.9666661 -10.61663 -2.1182585 
-413.99255 120.2944 22.548275 32.49031 13.102985 8.294878 -7.538927 12.538829 -12.116764 5.480156 -13.609776 4.4468136 -7.719477 -1.0093971 -8.329443 4.8214626 -8.944191 3.344513 -12.368471 0.373241 
-419.7059 113.15851 31.51029 30.544348 16.131964 14.236119 -3.355374 12.150739 -5.068938 5.1600466 -14.465207 4.9010606 -1.6236881 0.5729452 -7.06905 0.21243663 -8.009163 4.775362 -5.6697006 -1.405032 
