-511.32358 133.30461 43.56233 40.802486 12.634169 19.471481 -1.5740799 10.876312 -4.9795856 3.9260974 -14.089072 -2.8482115 -9.697956 -0.9291691 -6.4297 5.1431713 -5.0335684 1.9117674 -8.454517 2.810018 
-213.75034 152.9627 -30.244215 32.847263 -16.071768 -9.124408 39.80426 -33.85559 -40.947594 35.57209 -7.4858966 29.083866 5.407075 7.878263 -27.966335 -8.082492 4.2469482 -7.500702 4.421778 -9.403377 
-257.63788 172.88252 2.445804 30.135643 -36.88014 -24.671726 28.766924 -25.72297 -32.077442 21.196283 -14.515386 10.101078 7.7697754 5.787742 -20.334812 -1.7567496 -5.3057942 -14.969299 -3.5773833 -13.535181 
-180.36028 153.28368 -29.047798 13.897171 -27.88202 -3.8661795 6.765906 -20.649757 -25.624752 6.425305 -1.3216258 12.602519 -2.5435555 -4.8687496 -6.9415307 0.3813142 -11.130029 4.390202 -11.324463 -11.948055 
-185.27202 128.30627 -13.683365 33.770645 -3.614266 3.0271525 -5.6820703 -15.8958435 -50.34658 12.119518 -5.300348 2.2860374 -7.1436844 -3.7993655 1.6002316 5.866101 -2.352717 -3.7880313 -7.224088 -9.913347 
-236.3406 119.08627 25.604542 41.11428 -42.71605 -6.8154025 11.805363 -10.056583 -36.726402 6.930789 -18.530321 0.4128179 -0.33470285 17.747091 1.1811433 4.72245 -3.5136044 -9.530436 -12.765205 -5.260593 
-281.6492 75.21344 53.858368 18.260132 -18.719933 19.933376 2.4187672 -4.0194073 -27.353827 4.4184704 -16.597202 8.232947 -6.643396 13.113428 -9.8543 4.089822 -9.895497 2.6328592 -8.090376 -5.713697 
-249.22223 125.09432 38.62034 34.48121 -33.323074 6.7571545 15.886577 -3.453513 -31.480307 17.007723 -15.85944 6.146761 5.7154717 15.394093 -2.954975 8.406475 -2.4669778 -4.6187477 -7.041233 2.4221735 
-330.76724 60.13005 66.405235 31.39428 -1.6598994 20.046574 4.8029203 12.598906 -40.116806 22.512638 -17.699825 -0.93399227 -7.075453 10.057352 -8.562005 8.814355 -4.228957 -2.196351 -9.759949 0.89724606 
-340.33826 176.72174 51.404404 31.8294 -19.702757 -7.6128674 -6.6214585 1.8200022 -40.842014 4.8431563 -11.998809 -1.9597552 -1.9187908 2.0156968 -3.3889709 -2.4774778 -7.7024393 -6.0224357 -7.2407327 -7.9610095 
-269.18402 91.203964 20.080605 36.639923 1.0191994 6.12222 -16.337603 -14.94955 -21.882246 19.253563 -15.116091 -1.1268921 1.4655895 6.7042575 -10.070454 4.3665233 -13.87877 0.45740855 -1.6235582 -7.761167 
-364.19412 158.47203 46.90239 34.434532 -27.629045 -13.434479 3.0917714 1.8495165 -35.748314 9.710304 -16.311434 4.8217335 -2.4453564 7.817129 -8.5055275 -2.799474 -17.207989 -2.255108 -3.2545652 -4.624909 
-307.44196 119.813385 26.538378 27.167198 6.4528255 4.627628 -5.9857197 -9.9946575 -35.103283 15.799584 -17.362467 9.295373 -6.2398577 6.962216 -4.6093636 6.1549764 -16.668425 -0.55514646 -0.020806737 -9.179699 
-257.55148 144.45546 27.984793 18.472565 -30.902222 -8.736306 11.733875 -12.513014 -30.193478 12.751972 -14.283977 9.430647 2.2389715 9.955425 -4.2997684 1.4918038 -10.023627 -6.083002 -10.35602 -7.6778326 
-356.26642 156.86261 19.12545 40.932068 2.300219 3.358458 3.3568404 -5.3842363 -26.394283 5.2563543 -11.153863 1.022159 -2.84165 -4.5066147 -2.9591706 5.444261 -8.339889 -1.7260113 -7.636661 -10.914867 
-323.11642 160.74628 16.86131 29.344984 -8.695076 11.763472 2.8685684 -20.319822 -26.573303 6.0885296 -3.1953762 6.97892 -9.204704 0.9809865 -1.6963482 1.1086606 -9.501219 -3.1344614 -3.507352 -9.506946 
-328.31125 117.13021 22.29568 18.487492 -1.4636517 21.759819 -7.9891324 0.21548274 -30.286757 17.427238 -0.15372695 4.7637234 -8.371297 2.9810567 -11.29682 2.1058674 -17.30645 2.0381005 -8.673181 -8.251491 
-375.90744 130.88019 40.659615 22.420021 -18.751305 5.8158016 -5.328951 14.465861 -29.900848 12.626075 -5.4177604 6.1659045 -0.19090222 10.401131 -16.919815 -0.3540473 -16.904192 1.3147223 -9.227489 -2.2180035 
-452.06555 107.56118 39.977467 37.29912 -1.5913942 22.519154 -4.3709264 16.505207 -20.045658 3.1639197 -12.936634 7.3247213 -5.9078655 1.2474535 -12.119127 2.4897075 -13.401994 3.4515297 -11.460686 -1.0948642 
-280.92154 148.26154 32.221275 33.38749 -27.873108 -6.908468 13.189046 -4.881929 -30.485016 10.616403 -25.400059 -1.4871774 -0.47374684 6.389831 -6.4215035 7.6424875 -8.888828 -13.982609 -11.556077 -1.9314597 
-267.32806 160.19313 -3.2069886 30.790855 0.34017113 -8.081057 7.9983234 -13.274952 -19.599718 23.72062 -15.051655 13.091181 -7.024119 3.6433148 -3.9996066 9.613783 -16.462414 -4.2139506 -6.4842877 -8.485989 
-300.22833 186.01471 7.7791977 34.519417 -25.95886 -7.189185 16.845184 -17.692986 -33.9749 4.65405 -9.402236 7.9566555 8.120487 8.42889 -5.4287124 1.1442151 -13.213081 -14.90795 1.8179258 -10.095843 
-274.3838 161.81493 -11.01251 31.36428 -4.4441724 -4.97877 -10.978374 -16.09066 -22.726753 22.189114 -2.0924754 3.5464773 1.0906426 -0.94118893 -8.190774 6.5269527 -16.12673 1.2281895 4.2472186 -10.325572 
-394.4303 142.02562 28.050053 77.909225 15.851471 -18.071589 6.7000337 -1.6639446 -28.14418 6.7033095 -24.112684 -4.755286 -7.424157 -8.489188 -15.604198 15.6154585 -10.845972 -2.7459192 4.811277 -4.271687 
-453.62473 111.17779 39.08989 48.84461 12.165076 15.740509 1.275461 12.336208 -26.67299 15.622112 -13.705765 -5.6503353 -4.281673 3.5182176 -9.462322 12.550578 -0.9540874 -2.0044792 -3.72389 -2.069171 
-368.6508 141.83719 83.520706 51.387028 -7.78455 2.2916172 -13.86497 -3.3047986 -36.772373 12.106542 -19.83376 -9.444626 0.6692163 -0.85584515 -10.984475 6.4905176 -4.770756 -2.4843774 -2.4006023 -6.0057163 
-367.42798 144.23593 77.470474 47.46086 -0.21881798 -13.5805855 -16.910793 -10.313991 -27.787067 -0.8370351 -11.753459 -4.0277233 1.2721772 1.5747089 -5.0569825 2.8867347 -1.2320737 1.8087472 -5.718852 -3.1470108 
-345.30524 177.27385 66.76364 41.88536 -14.504924 -32.467934 2.823579 -14.925304 -31.527758 10.518766 -9.164968 -16.50004 0.73565733 11.134873 -8.882738 3.8779068 -4.1345387 -4.6503296 -9.027744 0.93556935 
-316.01547 185.42953 30.756615 29.00253 -42.094772 -31.763567 16.88037 -8.253347 -8.765618 8.169099 -8.1364765 -12.291096 0.15894328 11.034795 -5.5961356 2.7927806 -5.1647305 -2.967099 -4.768209 -5.3916416 
-338.0219 133.42627 32.311752 66.04039 6.0806675 0.5424125 -8.922725 -8.575714 -23.15776 1.4726048 -22.366035 -15.32814 -2.558802 0.21751183 -3.7987196 11.210191 -1.2350494 4.695448 -2.5923908 -6.1870184 
-357.29895 158.968 9.685109 46.750942 3.2062624 20.108915 1.287363 -13.042753 -41.883224 3.1656256 -5.7351446 -3.9064713 0.88140815 -0.9616162 -4.1786146 14.890723 -1.7447865 3.2107348 0.79135597 -17.084557 
-416.32443 122.32651 61.21329 40.961555 6.7552676 14.52495 -0.09625191 -0.2486246 -33.423397 -3.8603091 -9.182156 -7.145023 -2.3295822 4.277409 -5.6748695 9.659036 -3.2391067 3.6008284 -6.716302 -7.5919027 
-406.68805 146.77554 18.585829 70.18787 22.111893 2.758194 -9.588548 -23.07867 -26.962852 8.135579 -18.437069 -19.492048 0.4276338 10.376202 2.560909 6.980043 -9.584125 3.191828 2.4823442 -16.829811 
-501.34485 167.62152 4.4040146 40.540024 7.675527 38.44045 2.4442031 -8.78222 -17.593195 19.675598 -7.6308737 -12.5276375 -7.0843787 2.022843 1.2210295 14.543276 -11.447984 -3.1846666 -4.1838307 -6.9374843 
-408.8976 149.26276 5.2245603 38.50891 6.0467124 25.0447 10.495998 -9.459708 -17.95845 12.591868 -2.402136 -4.364135 -0.52115846 -3.0347025 -7.505951 4.747274 -7.7061286 -7.836709 -3.476336 -8.37859 
-195.72105 147.96526 -14.959416 29.640835 -32.550114 -4.6110325 5.815552 -26.890432 -36.28549 12.356923 -10.347858 0.3953886 2.1117399 7.520937 -7.789605 3.4948335 -10.625999 -10.226704 -2.332142 -7.671937 
-236.21791 106.78577 49.963776 30.076307 -30.703121 -10.068793 -7.440655 -5.672298 -41.518757 23.079542 -21.83271 -11.405972 -5.001308 12.167522 -8.648385 8.646954 -0.93547904 -10.785602 -8.8818245 -1.8847175 
-232.46687 147.67535 -20.978857 5.8622417 -1.2661904 -1.7636293 -0.7984412 -12.658478 -32.661015 22.728777 -2.3332257 3.7739444 -10.493251 -0.9198009 -12.343044 2.0427756 -14.372587 -7.0370393 1.4520599 -9.438827 
-310.88345 135.86201 34.399494 41.761536 -16.371725 8.242771 2.2964435 -6.395094 -40.86741 6.6784163 -19.320097 -4.3035746 7.672251 9.842868 -7.9212747 7.7210517 -10.834009 -1.3301016 -6.540648 -11.163217 
-355.95966 91.92675 49.52678 60.494003 8.324413 23.632542 -14.735896 -4.4315863 -27.384794 8.425291 -22.796858 -14.052341 -4.1203055 4.236033 -5.6737947 4.6320186 -10.73958 5.9163566 -3.2095323 -10.764743 
-383.41226 130.7178 33.158947 51.803448 15.423593 21.43386 -5.4454556 -12.35072 -27.87394 16.356516 -15.561454 -15.130681 -6.8075047 6.4634624 2.3213496 -0.78262484 -8.263739 4.4098606 -0.2863593 -2.3610246 
-427.03104 100.931335 18.583427 40.65352 8.220603 38.34157 -9.32208 3.2342048 -18.516436 22.82578 -1.6208185 -11.634031 -5.316018 4.516642 -7.556851 9.379728 -7.7625604 -5.6313863 0.33528802 -0.40156704 
-422.63724 88.286934 52.49324 42.791782 10.944378 14.550897 -0.9054854 10.207825 -30.730995 14.246083 -17.542454 -11.935488 -5.467147 6.807335 -11.298368 8.853324 -2.8885467 -4.465093 -3.961051 -3.511486 
-377.33694 165.10577 77.34398 57.878696 -12.125473 -5.791967 -3.8612845 -2.6238031 -34.53429 8.344508 -20.21354 -14.787728 -5.469418 -2.662766 -11.4053755 3.8648844 -3.419799 -3.7249005 2.1915662 -5.801913 
-301.5302 68.34131 20.886532 72.17995 10.926693 34.217243 -27.739609 -2.2697105 -29.634878 7.0432377 -16.501019 -20.055346 0.32624042 3.057106 -16.185009 12.212887 -4.9259915 5.489105 1.2476659 -13.585705 
-259.2426 142.0514 8.404811 28.669914 -30.754892 -2.4222777 2.8915784 -8.508856 -36.93957 21.055788 -2.186181 1.0511646 3.817668 3.1499448 -10.339436 1.5265608 -14.312117 -4.081979 -0.59428954 -6.3020954 
-349.10916 91.690796 63.02997 49.117798 -4.2998343 21.1717 -7.476692 3.5544038 -37.499763 17.68641 -21.77415 -10.360628 -8.827235 3.5209193 -9.966242 6.535193 -4.5390043 2.2698832 -3.4215977 -0.68267953 
-335.1849 100.59782 60.403625 31.971628 -10.084521 21.865501 4.05685 -10.7385235 -42.15534 6.8683414 -15.908909 13.001853 1.3843884 11.543613 -13.494201 12.34966 -4.8145328 4.2644706 -4.2388606 -9.370999 
-426.88672 162.57635 24.003582 26.877615 10.202851 18.47096 6.8190928 -5.751773 -24.477907 11.224775 -7.749833 9.048019 -0.9392202 -0.31636238 -5.990063 3.2703884 -4.0038414 -1.9484899 -5.390659 -7.445753 
-303.7956 199.84006 -35.097458 1.1638026 -9.865818 6.9302106 31.486593 -8.398272 -20.85559 19.618492 3.7093675 6.1156783 5.5255094 -11.548866 -10.182449 -3.4127095 -4.2829523 -3.241031 -1.8411734 -7.292628 
-426.27448 130.2466 9.937725 34.122334 7.2879233 37.72684 -1.1110126 4.7882056 -10.536214 19.825396 -2.5221968 -6.0980535 -0.9421767 3.3742113 -10.518525 10.191267 -10.97033 -1.0855621 2.364146 -3.4742692 
-382.50977 115.23563 37.442043 43.906723 4.5302024 23.999846 -3.0950172 -5.8513823 -21.492836 8.762289 -13.93246 -6.1435657 -0.6708039 4.3048573 -2.8888113 8.315831 -9.313414 1.9564328 2.4633315 -7.6954107 
-286.64343 86.06252 43.905006 36.349976 -5.481802 36.949783 -2.4968157 3.3361964 -40.322422 7.7695794 -21.780699 -2.9669788 3.8605413 5.5941424 -10.693311 12.9185 -6.018741 3.2455235 -0.65682644 -8.386601 
-239.47688 133.59323 3.3645205 49.174084 -0.2757838 11.577525 2.9406188 -22.320627 -47.152077 5.9403186 -5.2558346 -4.351216 -0.90431446 5.225341 1.9653945 16.47912 -10.080844 1.6748891 -2.247791 -12.381669 
-388.4859 119.958115 58.40714 36.266785 7.5123773 17.017632 2.8246198 0.9194122 -36.36787 10.8709545 -17.984741 5.5134435 -9.383947 -1.045219 -8.0650215 14.022093 -7.346877 3.2919555 -6.1038303 -5.0281014 
-510.6275 144.36049 44.89462 50.497646 18.97339 22.66912 -3.0391765 16.812904 -5.983157 9.620379 -8.998308 6.5857663 -8.436832 0.9839164 -2.353338 9.468334 -3.7521384 5.7082005 -8.1591835 0.4277214 
-350.70328 115.76004 41.757378 38.639652 0.22681512 10.032064 -5.9063554 4.877021 -37.315052 5.386448 -12.755939 -2.8900962 5.505939 10.205625 -13.892012 8.338978 -9.141689 -5.503846 2.75334 -6.096179 
-296.78473 144.81784 36.282967 20.800459 -21.211857 -5.9833016 4.559208 9.78458 -24.656904 10.814497 -6.73778 0.70826656 5.271806 8.692404 -8.645502 2.5725334 -12.523622 -3.371062 -3.5784628 2.4363987 
-269.35016 95.98014 35.627377 64.46561 -16.96255 5.732151 -6.529211 17.361404 -38.49361 4.521026 -27.406975 -18.163105 -1.8528707 8.984502 -7.051121 5.328145 -0.44726658 6.6124897 -2.5485983 -3.598203 
-324.93625 145.91634 28.845816 54.706192 14.330721 7.7707376 -17.733374 -8.214418 -40.5877 0.6916716 -10.014949 -3.239304 2.0721796 6.5775604 1.749025 11.849895 -6.351 2.6673107 -8.740671 -2.9756885 
-345.89966 160.66647 38.549656 23.088572 -12.546684 3.6893878 -2.1742022 -6.479766 -33.88246 -3.9300058 -9.6556635 1.941691 4.651323 3.4572623 0.7198341 11.152103 -9.99253 -1.9151851 -6.8330307 -3.8445942 
-360.946 144.20981 19.190681 64.742615 33.44368 4.6397347 -14.946489 -7.7420306 -19.751848 -1.1142373 -30.274519 -8.887489 0.5215543 5.084584 -14.717695 9.25891 -3.8375003 0.7293408 -3.9384181 -1.5513434 
-393.44873 154.56133 18.232216 37.3376 9.20782 12.018836 -2.51555 -0.20593756 -21.321577 6.2728353 -11.485793 4.308155 -0.6611839 -3.3845003 -11.094838 0.96407783 -14.085187 0.44009823 -9.586182 -7.167204 
-381.49084 182.02875 24.17955 15.207604 -16.681057 -4.9606624 14.915063 0.43410662 -24.65703 13.323076 -11.695147 -1.2706409 16.644346 6.0877256 -11.679705 6.4475946 -15.50591 -12.34412 -6.1116114 -1.7456702 
-389.3534 111.655525 38.13025 39.9225 10.660617 22.092499 -8.2450285 2.309469 -22.725306 14.810081 -15.507699 -5.871717 -6.435598 -2.8238816 -10.816254 7.501844 -11.537929 3.8521636 -2.3138893 -3.743081 
-392.036 83.34543 46.28056 68.55737 10.231557 29.61567 -20.610216 0.4184546 -20.52132 13.520084 -24.436031 -12.7962055 -3.5278625 2.1537304 -13.27934 2.6420174 -10.648477 7.6173673 -0.88741636 -7.8869376 
-335.48798 57.42048 30.537258 68.04689 17.935577 17.263437 -12.799066 5.729255 -24.06271 5.8561587 -17.669622 -11.695894 -4.037084 10.637562 -10.173212 7.93843 -2.0968614 10.211783 -9.010523 -5.406782 
-420.68417 176.55055 39.9875 41.585705 5.313513 -4.7320395 9.190327 -3.5132184 -30.602943 -7.748815 -13.054263 -3.2679071 4.4933453 -1.2050397 -0.4183049 7.828364 -4.053249 1.0331305 -10.858646 -10.445529 
-423.22455 134.38507 35.507465 32.099567 13.862224 21.40202 -11.651365 -1.3305285 -21.992645 12.715792 3.2481568 2.27848 -1.1455138 1.1320106 -7.7823358 0.7021291 -16.827278 1.4866353 -5.9185767 -8.292456 
-452.81174 90.00574 61.690918 24.685268 19.642931 24.190125 -16.047272 11.542479 -11.91206 6.39946 -9.606083 -0.84904045 -7.5682473 -1.2990677 -9.972909 7.779807 -11.775951 2.0575848 -7.928388 -2.1280334 
-507.22424 123.938736 60.887783 37.78603 18.67194 19.867886 -7.6338863 15.925093 -10.693585 13.343911 -15.449352 2.680727 -6.3425097 1.6884469 -7.2991357 10.004807 -6.702529 8.893041 -7.266527 2.5978348 
-532.43317 148.09917 58.271652 42.822628 15.185918 15.420024 -1.9156653 16.894165 -6.987322 5.865459 -11.059139 0.052287683 -6.597249 -6.8153033 -8.375218 9.213055 -9.0457115 6.2787075 -6.4261312 -0.59684694 
-541.4257 155.12117 50.856636 43.62524 12.369109 19.950516 1.7469255 12.728814 -6.523112 8.339267 -7.69619 6.901041 -9.702584 -5.5609336 -7.676223 11.027049 -5.614653 3.9619436 -9.185682 2.5173426 
-510.19614 114.28993 57.200966 35.633335 16.785564 14.224931 -2.9507763 15.986913 -14.034719 8.218978 -17.664158 0.22827552 -12.617505 -0.6733727 -4.8556147 9.517095 -5.257092 7.357884 -10.143684 3.702785 
