-330.058 140.17072 -0.0836099 15.867722 5.879197 16.424236 3.629794 1.0235374 -20.408367 7.7677407 -13.227912 3.6297696 -10.77929 1.9772818 -6.9147506 -0.7888025 -5.888553 -3.850558 -3.0206866 -7.217964 
-276.17126 132.55983 1.9847932 13.755038 -2.9231308 14.3239765 12.126535 -4.371168 -26.89794 12.045495 -18.236921 10.559103 -16.456627 -1.1329678 -13.611752 -1.7321165 -2.164158 -9.4451885 -0.007983844 -15.433356 
-266.4984 131.77528 17.236353 20.413853 -18.087631 -3.3405488 13.83802 -6.3611507 -19.679115 0.8648244 -26.167934 9.497993 -11.810376 9.934567 -1.960673 -0.22548625 -1.7643418 -12.442305 -8.398845 -11.608805 
-234.04108 72.461716 37.285046 21.66161 -27.868704 6.4987564 -1.5354791 -0.22464603 -20.567963 4.741443 -19.756775 2.1717443 -13.175159 16.24342 -11.52499 -0.77022487 1.7200171 -2.5160089 -16.116447 2.67533 
-238.31877 120.06082 3.1614647 11.6222725 -34.45802 7.527104 17.156288 14.925532 -20.246029 2.0545409 -23.383783 6.7597466 -15.922311 14.042415 -9.85882 -14.520372 -1.9651911 -4.0924115 -10.820263 -0.21902482 
-279.95767 141.55391 0.5322326 24.737486 -19.488197 -4.4816036 15.058348 5.499838 -12.159432 3.1514697 -22.422405 1.3038768 -10.339096 4.1196504 -9.148136 -5.502637 -6.251706 -15.494339 -5.711625 -2.453032 
-318.7864 138.8408 9.9195 33.296738 3.6263914 3.1471105 6.629318 -0.66023916 -13.922146 1.8101662 -13.769413 -2.2455418 -7.043249 -0.78331256 -8.229565 -7.5063496 -11.81255 -10.682207 -4.753425 -3.396382 
-281.96555 67.256775 45.337402 36.532047 -2.567619 27.96003 -9.188581 7.3298664 -14.384242 4.5789666 -14.212971 2.5761795 -13.250663 2.1990178 -11.956686 -2.7265935 -6.4767838 1.0681738 -20.136467 3.1109726 
-180.6167 143.95538 -42.201576 -3.1194859 -33.321404 19.9028 9.65448 8.593047 -41.882126 10.084667 -15.633706 -0.407984 -10.173247 12.57633 -1.9012803 -9.099355 -5.5236526 4.3934727 -12.674 0.050991084 
-251.6601 99.048096 6.7147584 58.966866 -1.9799104 -28.647316 5.4688435 9.378061 -38.443058 4.2116585 -15.507462 -0.3999975 -17.14273 5.7848454 -3.3840551 -5.9342103 -1.3848447 -2.7356791 1.223687 -0.89529294 
-227.09505 112.906555 -28.702755 10.904603 3.7171717 30.833082 -15.405531 16.106266 -15.432338 -7.322982 -14.584636 -15.34658 -16.027086 20.327688 -11.822708 -7.8618417 -12.827649 5.696739 -22.192364 -0.64877295 
-269.17175 116.6205 5.5867405 41.149586 7.070827 12.609646 -19.424885 2.0901854 -34.783443 14.477363 -15.826511 -15.089401 -8.079444 16.647322 2.433405 -6.539681 -7.175376 5.200556 -13.061591 -0.77108335 
-274.14734 121.34261 -5.5462437 33.86321 21.234625 17.043245 -24.699158 -1.4194374 -25.480177 14.919866 -19.520636 -11.010767 7.011974 9.702819 3.8011034 0.93960404 -10.001212 1.234956 -6.058658 2.1795764 
-253.67313 124.69979 -11.369248 8.080759 -0.7391264 17.120388 -0.85511565 19.761166 -21.67867 10.856966 -13.133579 -5.098843 -14.629719 -3.0891676 -2.034289 -4.0131965 -9.306161 1.2828965 -8.668405 -0.5128168 
-267.67923 109.80871 8.318268 45.497467 5.862557 2.0093837 -25.001646 -10.427176 -25.171055 2.8881712 -12.98778 8.702105 -13.481411 11.0945635 13.608168 -4.298731 -8.587177 5.5119524 -17.576515 -8.18093 
-320.63318 103.988846 3.6851397 35.12566 16.747576 21.292528 -10.757664 2.2310991 -5.4441857 14.242245 -13.074182 -0.93527496 -16.183699 16.315678 -1.6944618 0.44728857 -19.63399 6.199536 -5.5096416 -4.4755116 
-315.964 111.27042 1.6280136 24.864481 13.916893 19.168314 -3.0283196 6.705779 -3.8029447 12.604748 -7.4982095 -11.183033 -9.514624 8.778517 -7.0941997 3.0070632 -18.136063 2.7038639 -3.7354841 -0.99665576 
-241.88522 132.99779 -33.54036 6.507733 -1.1320509 16.099566 3.9801996 4.470807 -26.042202 15.611874 -17.022654 -6.5099664 -18.02228 5.5410786 -6.910299 -15.883367 -3.356162 -7.0370293 -8.750991 -14.330026 
-241.77951 111.03329 5.4262924 17.15695 -3.0570745 11.635121 -1.8737893 -2.971921 -29.404135 11.689034 -8.517931 1.7379543 -23.95529 -3.1926808 -2.8565311 -11.228905 -13.97714 -0.37704307 -16.299461 -13.444662 
-224.92557 126.88349 -31.023525 14.337407 6.7566333 11.167297 -33.448284 19.257326 -22.192345 14.113946 -12.422737 -8.331074 -15.558221 -1.7570343 6.16903 -13.058921 -13.128636 11.670463 -1.597028 -13.799053 
-242.7973 143.92513 -39.21788 18.793964 8.734492 16.300245 -26.014458 -1.9058318 -24.161686 11.329248 -23.016869 -14.3925085 3.1233199 -2.8816094 3.573507 -8.672568 -16.757814 7.686928 -10.310969 -1.7113253 
-277.7202 117.89875 14.062168 26.550102 2.920048 9.3433485 -14.209014 10.819222 -16.547771 -6.392479 -15.771715 5.0715785 -12.027554 -10.30837 -0.18682109 -10.065089 -16.105669 7.6835012 -15.778605 -9.32187 
-290.1033 96.721565 29.540937 34.02626 15.856062 20.128273 -20.959444 9.067302 -14.133829 4.8096194 -12.241911 -6.3493757 -17.15717 3.2978532 0.3883062 -11.773565 -13.056368 12.20332 -11.165498 -10.4349 
-256.70712 149.16805 -23.511198 27.4406 13.184393 4.705092 -7.246691 -0.8768978 -21.706032 8.679192 -19.073847 -6.5260563 -13.406806 -5.455912 4.722447 -11.924938 -14.3562975 11.5407 -10.946961 -11.062217 
-252.60104 153.30717 -51.20184 5.7037563 1.5188298 19.949797 13.950361 21.196207 -41.018944 8.2683 -3.265788 -7.902479 -4.5441995 -5.674553 2.5236769 -4.004689 -16.739437 7.6565704 -10.02348 -7.6170435 
-277.05765 128.65303 -10.048197 12.207916 -3.9452848 13.688577 -2.6587672 15.824568 -23.42547 11.149069 -6.955911 -6.565266 -19.104982 4.3166 0.8823683 -4.8076677 -14.983112 10.083174 -10.3978 -10.990494 
-295.30408 91.613884 23.494179 36.114452 -6.6204166 15.520394 -11.182937 16.493488 -6.414972 1.9846388 -7.0820975 0.03038323 -22.687965 2.876193 -2.986547 -11.483958 -6.999817 5.0358877 -14.507282 -0.7591877 
-272.09555 86.4147 18.847008 44.518803 1.7070866 26.721687 -24.179983 2.9335032 -20.061638 9.161083 -14.742793 -11.459473 -21.017601 16.428066 5.75521 -18.46366 -5.827277 15.509991 -11.047251 -3.214912 
-271.026 115.95905 6.8714604 40.439816 1.8074499 18.91691 -20.73242 -8.908571 -29.120087 10.150954 -13.448514 -9.226613 -17.092785 11.990707 15.046927 -19.418924 -11.389839 13.401528 -11.760039 -7.604948 
-280.0536 113.06765 0.65749997 20.610628 -2.8820443 25.333033 -7.96393 19.795929 -24.285168 3.973883 -10.989394 -7.7871222 -17.449793 9.221989 7.692437 -10.94191 -17.29268 8.356212 -10.789995 -4.004102 
-212.69005 112.43157 -33.314583 22.005285 -8.435599 10.388245 -7.186115 8.125069 -27.558176 23.83481 -6.2375927 -4.567164 -24.683573 3.1801977 6.2776737 -21.889542 -9.558231 17.167446 -8.083783 -3.8676367 
-244.09961 122.52223 1.7231925 12.8575535 -12.520769 21.447565 -5.4438906 1.9471965 -29.665764 10.335653 -5.2378592 -5.872241 -14.903359 1.0549649 -6.760608 -10.364259 -15.155973 1.29182 -13.059368 -6.2776337 
-307.0432 129.07596 8.798945 37.824284 9.603756 4.801836 -8.653917 7.337431 -28.35441 10.246061 -8.061422 -3.9893172 -10.643696 -3.2116334 -2.951116 -5.200855 -17.628315 6.4942713 -9.245376 -0.9040377 
-304.8521 141.90111 -16.550102 17.572714 14.497511 14.691271 -9.761428 13.298565 -20.8102 8.050655 -8.133399 -5.919324 -9.696247 -2.7327063 -1.583669 -3.6374228 -19.301796 8.762076 -8.025359 -4.4293294 
-269.92236 148.03642 -23.451332 18.145248 8.731087 9.510812 7.818778 6.444352 -36.427578 10.073407 -8.43449 -0.625685 -9.567273 0.3532421 9.860761 -16.148548 -14.660292 5.5322514 -10.337943 -7.343701 
-272.63538 81.406204 18.147976 48.03174 16.067335 8.210146 -30.857714 18.760668 -33.951256 3.8770642 -17.803381 -16.82764 -5.815301 6.1294594 -7.9408503 -3.459375 -9.645252 4.669876 -22.95986 -0.033969563 
-306.18472 143.44716 -15.758475 38.08301 36.348564 1.6306602 -26.694124 -10.108248 -19.025997 11.981609 -23.111353 -17.43701 8.118879 8.747073 -7.7065897 -4.710099 -1.7454951 1.880651 -12.815275 -4.5410557 
-368.6713 132.24475 17.30913 37.098537 15.9189415 6.8035154 -13.330986 6.3588657 -13.32632 3.9075983 -14.667328 -5.422804 -10.2966385 7.2436743 -3.6663878 -3.4844139 -12.988192 2.9805276 -11.358566 -5.697687 
-318.79907 103.40352 14.968694 35.031246 10.11043 13.247849 -9.851025 5.135084 -18.868696 7.0908647 -15.9212 -3.2242737 -7.742869 7.3411417 -1.9617786 -2.742386 -11.878878 1.168152 -12.183169 -4.089965 
-236.67226 141.38892 -22.641111 29.152422 -7.068174 -9.95016 6.2208424 -6.49462 -39.740166 7.4082956 -13.672002 -6.5077734 2.6804726 -2.8745105 7.743189 -8.941411 -10.432667 7.770574 -6.572431 -7.899572 
-260.8192 123.254776 13.2832775 22.955011 -25.473246 5.8817725 7.1077347 9.008692 -39.279503 8.338764 -18.601992 2.4966962 0.6337053 2.2276232 0.11359363 -13.080596 -6.6846805 7.764106 -18.206423 3.3440635 
-303.8697 155.33928 12.821482 16.257784 -12.686233 0.3592347 -5.360042 9.270809 -35.058994 1.4627471 -13.867687 2.4301805 1.461863 -1.7264909 -2.669872 -8.337733 -6.4417553 5.955997 -5.6773353 2.6479304 
-305.26172 90.487854 23.756836 53.558376 15.370588 9.632519 -26.564999 15.7705345 -25.154638 4.108149 -22.750868 -11.719859 -4.4320216 -1.9806718 -11.355701 2.9778268 -1.5932348 2.2708037 -8.064454 1.4559414 
-294.99387 116.49613 14.193134 12.927166 -2.7159052 34.155083 -16.421974 16.998652 -19.242804 0.36306635 -9.79428 -5.514838 -3.6576734 6.010313 -10.261654 -0.01745783 -8.301486 0.8440171 -10.046764 -8.359145 
-318.81885 137.29164 14.06313 14.173043 13.50392 19.250036 -9.868744 -8.13915 -24.12986 4.3611846 -12.210179 0.05205536 -9.518403 8.871771 3.1270075 0.92475075 -6.9867315 -1.9259001 -11.798154 -7.445921 
-383.5604 134.125 15.0225725 32.74066 16.649817 15.376787 -8.102479 7.3083334 -14.113159 3.8889513 -14.706224 -3.0149536 -12.234045 4.673813 -8.197867 2.0188823 -9.128307 4.760345 -9.573711 -1.8055047 
-349.16074 112.77272 4.872162 39.97597 11.020381 13.323742 -7.6575317 4.420008 -7.7584033 11.407513 -18.194841 -6.4858646 -9.115287 15.759419 -8.481948 1.4598132 -10.511811 5.6968846 -8.845051 -1.7251861 
-315.52203 125.91291 -15.035424 28.572197 13.051018 13.87875 -0.9368354 3.3793578 -16.287558 14.38719 -16.467216 -4.4171634 -8.142602 2.7281892 -2.153903 -8.950019 -11.916184 3.7073755 -10.092972 1.4006314 
-183.95062 111.8385 -35.626842 0.23147148 -26.35003 23.344614 23.49299 22.029823 -41.11299 11.28961 -21.325935 -8.139423 -9.169943 -6.7095404 8.696515 -20.295036 -4.078035 3.848606 -21.87122 5.3343253 
-143.3686 128.05058 -71.24289 -8.075146 -20.096676 4.5571723 23.773478 23.678844 -44.237354 27.918787 -23.454428 -14.618047 -8.994358 -3.372504 16.285706 -21.835405 -1.3717626 2.8962622 -16.149834 -4.7659683 
-235.55762 96.921425 -0.07577176 28.798897 -0.44348738 7.741043 -15.570271 2.4339023 -25.08117 14.568704 -15.306087 -5.401533 -12.96018 9.827933 12.859985 -13.417212 -8.367822 3.380919 -13.045425 1.6451743 
-269.32126 112.790054 0.15008041 42.07045 16.617329 1.3662828 -19.3023 2.6411126 -21.07006 1.8014588 -18.937307 -1.5172116 -10.134858 10.420111 8.546749 -9.9915905 -5.8040543 5.6135583 -16.416487 -10.371789 
-272.7243 100.11511 16.133793 52.05489 14.785215 -12.439627 -16.817575 8.5495 -24.983686 -1.9263164 -13.510023 -1.3476881 -14.693061 5.2294292 4.58724 -4.4565616 -11.543438 5.82908 -15.312771 -2.652225 
-287.35306 133.96057 2.332676 29.098751 5.891474 15.550053 -21.179989 -2.0840125 -13.998386 5.1070065 -11.352004 -3.8634703 -9.618992 6.39147 8.360165 -13.616299 -18.56218 10.817678 -11.277119 -4.192455 
-298.90585 116.38311 18.354418 31.991995 3.3930886 20.88388 -16.915382 10.082178 -21.356756 -9.3087435 -11.875256 0.9129045 -8.62404 6.8951244 -1.7105988 2.389806 -8.798605 3.3355908 -9.496347 -4.490256 
-325.17618 140.41956 11.648891 19.632683 5.6342907 20.921623 -3.6576211 1.1379211 -16.069756 7.345531 -8.086336 3.7587123 -16.798521 1.8694131 0.2722365 -2.9729629 -13.912312 2.6426344 -7.403691 -3.406607 
-286.8568 127.30899 -0.22947778 46.7602 10.939806 -13.68238 -6.1462545 -6.4881144 -22.662176 -1.4949148 -15.847606 1.269509 -14.125994 2.893634 5.095619 -0.8815087 -8.619363 2.172633 -11.424282 3.5541737 
-292.13217 127.65926 16.096579 27.786898 2.788232 2.1893053 1.0050509 -0.3985426 -30.745432 -2.5346942 -29.154432 3.974639 -5.429347 10.516466 12.588909 -3.6533763 -12.618458 2.8813457 -12.575571 -3.725229 
-270.36865 92.47685 10.710367 38.15693 13.760825 8.872982 -33.21255 17.644194 -30.43967 9.5081 -14.183325 -11.685126 0.087514244 10.391994 2.761461 -3.3836505 -8.904734 3.6493144 -13.492284 0.591798 
-219.45973 136.79657 -49.926453 19.876205 0.7717292 5.085793 -2.1575937 3.2929146 -35.255657 17.754122 -17.586428 -4.049464 -6.8479342 -2.1765916 14.212092 -19.572105 -11.191001 5.274357 -15.854726 2.048376 
-276.48557 137.7412 -14.570862 12.41132 -26.252598 5.116352 20.511774 21.26699 -30.903374 11.77831 -16.63141 3.3100152 -8.348917 -6.125797 3.1514547 -12.744314 0.09147329 11.170377 -15.684611 -0.15501283 
-361.98267 123.87576 8.75962 30.593021 7.7457767 19.176987 -6.929205 13.384245 -8.779179 9.37873 -10.165805 -6.7421556 -16.7333 5.4962683 -8.184258 -3.9177759 -10.331379 0.91347015 -11.160168 1.4323989 
-271.04117 110.1597 -0.9278026 28.295132 0.7008574 10.544542 -7.1617312 -11.575792 -30.45731 10.714282 -14.746899 3.3143733 -16.531507 9.7930565 -0.7925029 -11.73008 -13.971834 -3.0955896 -15.735018 -4.9320655 
-192.24724 137.55324 -39.833916 13.481608 -32.768406 8.957653 26.886114 -9.7291155 -36.933586 2.416408 -17.660135 -2.2555578 -4.200097 7.438715 -4.894337 -13.194557 -9.462384 -5.8640423 -17.068382 0.181331 
-245.15106 101.28597 23.551388 7.8144436 -13.730996 24.631063 -7.119846 12.503016 -30.559238 -2.9265454 -12.5294 -10.0273485 -16.448318 2.8943222 -8.827106 -2.9002168 -6.383626 -0.82754505 -13.169016 4.602237 
-273.22482 121.11856 9.83085 21.154078 -9.84164 19.121578 -0.8818705 1.682682 -31.997152 1.272529 -4.040658 -0.027414292 -13.51955 7.123944 -13.493279 -8.886468 -3.0581996 -1.9113683 -10.551058 -3.94625 
-240.68625 111.51721 1.1888328 10.872057 -14.611666 22.103798 -3.5306578 14.233266 -32.13154 1.043022 -9.247241 0.61079144 -12.302393 8.821641 -4.182577 -7.680374 -8.694046 0.45184597 -19.90081 2.901944 
-246.37828 148.41367 -37.270477 24.699064 -16.872343 4.146327 11.100636 -2.4441404 -42.74739 16.86378 -6.0583515 -5.7519364 -12.549857 3.4274454 7.033444 -10.981299 -3.677033 5.6900697 -18.15673 -5.5369654 
-201.71867 124.383736 -70.82504 26.974443 4.792863 -2.8497393 -0.1756382 15.302699 -31.365309 24.42247 -18.729343 -13.668233 -4.6917863 2.4709623 14.335988 -21.79615 -9.125333 17.39067 -16.323868 -3.2420819 
-252.3938 138.05011 -41.860138 19.056105 3.8677979 -0.09005038 -4.567673 8.74247 -14.102211 11.638764 -21.851667 -6.127653 -7.2043934 4.348519 4.287574 -13.794689 -11.588402 8.905487 -9.352673 -4.2549 
-183.01154 138.69254 -94.33252 -14.383233 13.614841 23.282188 8.666221 32.27718 -49.28752 1.5362337 -5.986807 -12.048458 -9.429479 5.9618855 17.94658 -8.314786 -12.77967 3.628909 -7.9502325 5.7178125 
-233.25461 140.48944 -28.663523 -15.050481 14.366991 13.979679 -18.259138 -9.044211 -24.300985 27.68772 -20.663746 13.28043 -9.836482 6.8039303 -1.2607265 -3.418196 -6.9745708 -12.5174885 -1.9222941 0.48002255 
-233.41302 140.99513 -37.355434 6.3539934 4.779698 12.983271 -12.5326 -5.3971863 -17.857775 10.339736 -20.651274 0.4837015 -14.353609 13.149332 7.8223147 -10.638476 -11.853153 0.7441035 -13.145556 0.57216716 
-227.76608 117.014 -14.915473 -12.760276 -5.068383 24.587 -5.2616806 13.956748 -18.4802 9.86501 -20.944992 -0.39281163 -26.646818 3.1497033 15.803541 -8.685749 -16.685791 7.266348 -17.739122 2.6460392 
-315.54297 133.70753 16.450384 27.8572 0.33224785 7.879957 -7.6736975 3.098292 -21.544266 3.0702484 -24.003942 -4.0314307 -12.213258 5.4937124 9.413847 -6.630966 -12.298096 3.1551695 -16.584661 0.5758417 
-288.9028 150.63129 2.6232507 24.773853 -1.401401 3.819276 -9.90248 -15.897629 -29.32247 1.0686264 -31.66489 10.232964 -4.796935 16.430565 6.480266 -3.7428427 -4.8079886 -3.3152034 -8.567948 4.863886 
-296.83078 152.8158 -4.089408 18.974817 -20.404068 1.3596166 9.238237 8.372453 -26.259212 9.179524 -22.583946 5.6988487 -10.518222 13.064668 0.97627383 -7.0191007 -2.5447307 -2.6209373 -18.335287 0.6927693 
-243.42163 102.869675 -2.0546045 20.37388 -6.3048306 17.994942 -7.473683 12.210599 -25.473125 12.749236 -17.361124 -2.0843067 -8.052769 6.3104763 -4.9208927 -9.96162 -4.2175207 8.285328 -22.407383 1.5236716 
-264.61835 123.25056 -17.033817 38.849167 17.923376 -10.325982 -1.7636111 -5.6275 -7.2389426 5.949393 -21.104858 3.4384909 -12.986906 -0.637004 6.8249326 -14.288825 -13.073515 5.3138013 -10.298143 -2.3567114 
-252.29655 139.2095 -8.757527 27.250711 5.6324906 -7.078017 2.3926792 -20.069098 -29.121758 8.192971 -9.039224 2.9694452 -14.627275 -3.8115795 11.663097 -10.338593 -9.276766 3.0529447 -18.885576 -7.0680246 
-261.80054 114.00837 3.8038821 21.876766 -11.6484375 8.782562 -0.12809436 3.3248625 -30.43281 10.277578 -12.803936 6.8668475 -4.8394094 3.094476 -4.510687 -12.75235 -15.794898 5.2794967 -12.413554 -3.1347208 
-297.60266 77.18788 46.216084 26.24003 1.7965829 35.489517 -18.880316 19.003658 -20.111265 1.4567915 -8.532948 -2.9694457 -8.926533 8.192435 -11.831462 -0.13312551 -9.474554 8.637783 -8.93385 4.715064 
-285.02518 121.46955 -2.4996648 52.172745 13.219508 -1.044761 -17.251186 2.084786 -24.530855 13.997121 -12.448104 -6.5495973 -2.151904 3.5778983 9.263167 -18.131111 -11.358475 15.330669 -20.71096 -12.071586 
-294.84518 114.92795 16.837246 34.077312 11.4894905 5.8852673 -10.8883095 -4.1402664 -22.954378 10.619477 -17.21552 -4.5812006 -10.675864 8.825077 5.847947 -11.083886 -12.089199 3.4223833 -10.322038 -4.9906554 
-296.31653 137.35048 -4.3433714 27.12243 13.73193 8.462987 -9.309092 -10.705998 -24.238234 11.759557 -13.563141 -2.5115514 -12.018735 -0.7001946 3.2762642 -5.665939 -17.961876 -5.7102084 -7.028239 -0.26940298 
-332.79413 125.210396 22.209564 37.96657 15.990025 7.707189 -15.746196 10.241259 -20.43656 8.404177 -22.201235 -4.29526 -4.5616827 3.5557725 -7.535053 -0.5866793 -7.8863087 3.8499467 -4.9475093 1.6511497 
-288.9413 98.027084 28.943888 12.946712 -8.894962 34.753563 -9.334097 18.635033 -22.822412 4.797253 -16.296177 6.3704276 -12.595171 2.89309 -11.400685 -3.0499523 -12.174529 8.543031 -17.930979 6.543643 
-317.78326 133.96124 16.199806 22.529951 6.6536736 17.098446 -11.273479 -3.5173144 -27.143175 1.527041 -13.5072155 5.7672477 -8.890897 11.256051 2.5942621 -4.901978 -5.788514 1.3158327 -13.4971 -4.371892 
-367.8388 119.0516 11.199998 31.157173 9.985716 16.755611 -6.0410175 9.156857 -7.250423 11.851791 -12.26946 -5.335879 -12.830105 5.0283003 -6.303404 6.334608 -13.749202 0.4570927 -6.8930454 -1.2917008 
-358.39343 115.13143 14.32557 33.781593 10.109168 18.897697 -4.7427335 11.362982 -7.6521487 14.531501 -10.551341 -3.3445387 -7.3690166 6.580625 -9.92038 -0.762419 -15.459776 5.141419 -3.49224 2.8329172 
-312.39328 108.4989 41.20354 11.677648 3.9205403 30.16976 -15.387466 15.30438 -23.485361 6.8478003 -13.160621 2.5754573 -13.792204 3.1983883 -5.2116632 -1.3794465 -9.386738 -2.3463583 -13.32052 -0.49153286 
-221.74896 95.98314 3.3350685 32.393723 -11.054864 10.474926 -8.865953 -6.5794773 -32.149647 15.199982 -12.986976 -1.3031038 -17.055904 19.422005 7.491755 -20.255806 -5.3751097 -4.6598306 -19.991913 -5.044923 
-204.4278 138.82112 -28.154818 -3.243995 -12.132562 11.043617 -6.313875 3.920948 -24.267683 11.522683 -11.19782 -0.32476318 -21.533926 13.382119 1.5405787 -14.728354 -0.88203526 0.7807745 -8.749193 -14.873973 
-226.0048 84.81154 19.965214 17.88405 -25.969553 16.622383 -8.8897505 -0.8796754 -30.939247 11.03798 -7.2445245 7.656843 -11.4581995 9.723621 -6.778745 -12.024194 -1.723369 3.2158537 -17.04514 1.5247436 
-293.30127 110.59237 14.242543 48.366924 9.108845 4.2275248 -19.703293 2.4024293 -24.426365 7.8429523 -16.021156 -9.619052 -11.537823 13.710663 -0.45775086 -5.3174 -4.4380207 4.9140267 -10.038224 -1.3494722 
-253.03735 134.97087 -26.794586 26.134863 -1.3228692 10.382336 -12.132041 3.3978577 -16.496565 12.28124 -11.555317 -0.79214656 -11.661569 5.2067924 7.575821 -18.315557 -11.799471 4.245462 -14.542186 1.6016544 
-304.08606 148.52289 -16.346636 13.814158 9.05379 14.221038 -1.2415236 5.4499106 -13.9529915 2.531464 -15.454512 -2.1199539 -9.937678 -1.196861 -2.6876268 -3.7631993 -14.009438 6.302787 -8.031865 3.7268057 
-299.76703 88.305534 29.075745 45.521317 -2.9720254 17.093239 -19.209225 14.162746 -18.284487 -4.474371 -10.854477 -0.83920926 -13.716922 9.374925 -5.950541 2.5850449 -3.2711701 4.8124213 -16.210253 0.75888705 
-377.45905 131.10358 20.09542 37.730152 14.026509 7.482137 -9.065178 16.196009 -9.245616 -1.7126132 -13.841826 -1.95077 -14.666233 3.1625528 -3.206055 2.4548476 -11.182601 3.269579 -9.3725815 -3.319319 
-395.77515 137.54144 16.034246 34.338455 16.927254 14.299098 -8.888438 14.521606 -5.754418 7.567126 -14.694073 1.0763822 -8.606535 2.280333 -8.221452 5.030692 -9.268392 2.526572 -8.953489 -0.6086596 
-380.01697 124.32061 25.62138 32.02088 15.376783 11.049691 -4.343071 16.930035 -9.575161 8.817485 -10.320827 -0.58822376 -10.219283 2.9542193 -9.132305 2.817479 -12.04012 2.7844305 -10.480053 -3.0538652 
-383.9149 127.81121 24.513 34.052982 17.313585 14.206311 -6.2137594 15.4295 -7.358248 8.759537 -14.226792 -0.37934166 -8.577661 1.0722653 -9.184125 1.8017423 -14.367714 3.1760387 -6.802228 2.341387 
