-426.353 135.66931 9.800395 45.22442 9.3322525 10.715846 -8.896611 10.390135 -13.945196 6.7058945 -8.96796 2.315782 -6.1700435 0.7447883 -11.369109 2.873767 -12.69249 2.1210337 -8.114812 -0.09876548 
-379.32352 138.38303 29.439405 36.13257 4.4312396 0.557662 -6.322976 -8.411231 -16.869692 -0.73198575 -16.4722 3.2570798 -4.126657 -0.8981154 -0.9564893 3.4968567 -8.760551 4.3901978 -8.986382 -7.330549 
-320.44348 135.11456 5.461926 41.09156 8.89518 -0.9607123 -4.3547974 -12.121381 -10.874353 -6.8461285 -18.54085 -4.355534 -2.5301116 1.6121012 -9.556516 1.9811978 -13.563517 6.7706 -13.861481 -2.928718 
-345.53235 153.81987 21.60308 44.84351 -0.055629943 -6.7257876 -10.501186 -7.53497 -15.573902 -9.891225 -17.982233 -5.9108653 -6.905124 0.5142715 -4.23633 1.5106037 -10.413235 1.4884955 -13.846198 -3.0698843 
-264.76227 127.643036 -7.4772305 28.064892 -18.740723 4.8752804 0.8595195 -9.086865 -6.474802 -11.689078 -12.532167 -6.1919384 1.4904072 -4.167864 -11.586739 3.185161 -26.592754 3.4544873 -12.651583 -2.6472874 
-289.41672 88.83949 21.407097 16.325092 0.3823715 19.300575 -15.717028 3.3749483 -8.362326 11.158025 -24.32147 -5.7789288 -7.447474 -2.0846803 -13.58494 -5.2557287 -13.126125 8.863727 -17.627922 -3.973448 
-404.76807 141.81096 18.341982 35.097828 12.759384 9.501527 -8.205507 6.9890795 -12.388079 -1.3510262 -13.379441 -4.57598 -6.4884777 -2.3118472 -6.936848 -1.6962717 -10.558116 0.034327347 -6.4097877 -4.7514944 
-378.42676 104.8912 25.023405 43.532917 -2.3291829 19.957031 -10.5503435 7.536883 -15.760494 3.1783257 -14.178668 2.769468 -4.028717 1.1509337 -9.287686 5.3129478 -13.082632 3.8351135 -7.5105295 -0.20543692 
-256.8265 136.1464 -32.72961 13.132141 1.7181604 26.302837 -21.249231 -6.3762774 -5.4251103 2.8858752 -18.316036 4.090768 -2.0461395 -8.060045 -1.3111293 -0.24903949 -17.146475 11.972326 -11.232631 -0.4877538 
-351.04318 156.73753 25.798107 25.087887 -12.599245 -3.9913695 -3.5871103 -9.035122 -14.773029 -0.0083786715 -21.654774 5.8997254 -5.111497 0.84088135 -2.3299053 -0.6466475 -14.425591 8.588093 -12.660516 -4.517667 
-323.70178 136.44463 7.6132627 37.37363 -4.6474996 17.482853 -2.31722 -8.392355 -12.707491 6.0620966 -20.445803 5.536038 -9.093937 1.6987029 -10.153466 1.2886434 -13.391016 12.599775 -8.63985 -7.7865 
-274.96317 117.5686 13.728465 34.96424 -20.965668 13.046376 3.2705994 -13.578283 -39.3472 5.5541883 -26.38236 5.023433 6.1288857 5.2462854 -3.6363716 5.302702 -15.051917 7.406634 -17.297832 -5.19227 
-274.75827 102.77049 4.175403 33.10193 -19.074497 32.242516 -2.9403772 -26.394161 -18.7638 13.36782 -15.921101 6.9850345 -3.9209204 3.3765152 -0.6093923 4.91668 -11.507492 3.0973485 -15.776796 1.3072433 
-281.70508 134.95459 -22.446836 15.320153 -8.858502 15.99626 -2.258249 -21.240244 -0.33186004 -0.21738382 -11.245802 -9.588429 -5.090887 4.802386 -11.993265 0.62113255 -17.829954 10.382074 -16.70913 0.39501613 
-301.9893 148.2162 -10.334155 26.957245 -13.558228 16.715397 8.192226 -26.556576 -25.613935 -8.003078 -14.172867 13.976101 -4.435327 -1.8714782 -9.812658 5.238629 -16.918327 5.852962 -13.379195 -11.689535 
-316.95697 137.19298 -2.7692666 29.54946 -13.469894 11.144848 -0.3348555 -12.934202 -22.777498 1.2695965 -16.324314 8.501558 -2.9538205 3.8563826 -8.146142 0.56115746 -14.588348 6.0543275 -6.983181 -9.344403 
-295.77832 112.117546 1.1432512 35.08179 -4.596096 15.525896 -22.85366 -11.957582 -10.557195 7.173067 -24.849436 0.046998926 -8.200263 12.258776 -11.705227 -0.70514363 -13.309392 5.5547137 -16.582819 0.8793373 
-314.2438 76.637634 17.861576 57.12161 11.916723 -6.8291683 -12.096559 14.703757 -31.712341 13.14365 -24.465569 -3.8968573 -9.92227 2.0255334 -10.889982 5.7615466 -10.57521 3.3475175 -8.191533 -7.412954 
-346.25912 95.729996 32.604748 54.708878 -8.432595 10.712904 -12.570046 6.2519894 -20.95684 8.431648 -22.607746 -0.23202997 -6.606393 -6.5319157 -7.1909714 4.7313595 -11.638806 6.8465447 -7.0356655 -0.7863171 
-325.43665 101.022255 -0.86286926 46.103165 -7.1276746 18.709324 -15.416872 3.5602417 -12.548925 0.6384771 -24.128212 0.9133107 -2.7061963 -2.6659193 -7.1121182 2.6919632 -17.095861 7.0171647 -11.944496 -0.21650441 
-321.07944 141.75586 -14.135208 25.977797 -3.306329 19.301561 6.4060087 -9.29826 -7.8600454 -5.2010937 -15.76236 -5.278657 -3.1055353 5.691085 -8.074429 8.221716 -16.350182 0.40151426 -12.065278 -1.0337031 
-323.71402 120.57954 7.0957165 59.00843 -2.8492117 7.966691 -13.841615 -15.9665785 -13.312763 -6.926724 -18.536299 0.11155701 -3.252326 13.3713455 -3.6705573 2.3070188 -15.196252 10.961361 -16.224281 -1.6602516 
-323.99985 71.09918 23.819946 54.726654 8.7449045 0.1893922 -9.577164 16.307428 -34.362762 13.048504 -25.357765 0.43785965 -2.7761123 -1.1400667 -8.094355 4.3969135 -9.802753 4.7090054 -10.190566 -3.331 
-290.19614 146.95547 -4.28819 13.203602 -6.6818824 5.5415134 -8.052628 -10.651934 -14.549535 3.2643843 -28.380333 10.785852 -4.3107386 -7.717989 -5.177145 2.4606378 -17.108103 13.505914 -12.040854 -4.543588 
-283.0768 106.42128 5.204478 76.46252 -18.661556 -11.711806 -7.140809 -15.801544 -3.9537184 -13.847141 -21.46761 2.5767646 1.361897 4.369665 -13.940827 20.67559 -25.504925 3.0349023 -19.890175 -2.8147326 
-321.7411 130.75319 14.120568 46.529552 -10.042227 2.186255 -3.8701468 -11.57093 -29.899559 1.7998289 -28.960226 -2.619837 0.5853119 8.14003 -8.782492 9.05548 -14.340541 2.3767076 -12.766591 -4.4059873 
-273.7991 67.749306 29.71262 37.470963 -23.741295 30.821913 -7.0483804 -15.861118 -24.799543 11.690262 -20.064358 9.0589485 -0.9816344 3.402089 -7.023353 8.784563 -14.156398 7.740025 -15.255988 0.48949024 
-314.5841 108.960175 17.734444 42.41689 -13.930057 21.136482 -6.970888 -24.508734 -28.79003 6.0638485 -18.013992 0.42274725 -2.5469744 7.847667 0.001068751 11.031723 -11.719118 4.034639 -12.790941 0.8413508 
-272.0207 72.11173 36.07929 29.723167 -21.491995 32.17282 -17.116917 -12.946644 -33.423576 4.591836 -27.688164 9.939808 -5.952468 4.6565843 -4.116215 8.690487 -18.625929 11.4767475 -17.081795 -4.08117 
-332.7232 137.68805 5.7357855 19.749834 -5.3158703 22.82458 -6.355916 -13.668957 -29.06631 -1.0677776 -16.073751 20.53537 -8.227018 5.007409 -10.595976 6.0444355 -14.36523 7.246595 -13.861955 -6.7007256 
-339.7967 90.584404 23.895573 46.9309 -3.8057082 9.906781 -1.6212426 -5.067036 -20.438524 9.340664 -14.88029 2.077439 -2.0925896 0.73180586 -9.937293 8.72688 -12.899987 2.363289 -11.592261 -3.5360968 
-355.08176 100.95973 21.079058 47.509468 4.211176 11.926386 -13.147783 5.279244 -16.915117 4.8208294 -22.985743 -1.8275104 -4.5530443 -2.1856139 -9.526753 11.018616 -10.844203 4.7639575 -7.1143665 0.95323205 
-351.72488 128.49582 15.643056 57.05277 -4.399875 10.505 -6.4640164 -1.4043573 -10.085338 -5.294125 -17.705118 -5.767952 -7.388939 0.19897437 -16.690535 6.000617 -14.716999 4.2749877 -12.6327715 -0.67819905 
-306.6554 144.42671 -22.29705 29.062819 5.3720965 20.587656 -0.54077524 -15.209974 -10.6665125 1.1479058 -21.523397 0.267576 -16.111658 5.0750256 -3.0204725 3.421531 -16.74752 8.553779 -6.4747443 -7.5678644 
-328.1052 144.03473 -2.3575823 43.94038 -8.783627 15.007448 -10.4735985 -19.049082 -19.097137 -2.640909 -14.958681 2.706956 -2.9207485 13.79303 -5.544089 8.398237 -17.962837 2.8303027 -9.058581 -6.8815317 
-388.57205 124.36124 12.35411 38.001915 4.9300985 16.966846 -6.8960457 1.8486636 -7.513148 5.7815523 -15.060879 0.6260753 -3.7789204 1.4478362 -4.2533913 1.4889005 -13.719916 4.8899193 -10.249727 -7.801134 
-312.4152 108.20536 24.343634 17.505726 1.4106543 21.64563 -8.937707 -4.330694 -8.317641 4.585143 -14.472288 0.38912308 -3.9630258 -2.791434 -7.3863177 0.69932854 -13.288074 7.078608 -12.295112 0.27798107 
-297.75424 104.496925 29.29671 59.977966 -18.569033 5.369243 -15.900645 -5.547205 -14.495769 -4.2160516 -26.572258 -2.4488096 -4.309584 -4.837275 -2.8108687 7.5585194 -16.588871 7.7506595 -9.128575 -2.998887 
-346.11575 120.064384 28.794312 50.00969 -5.338704 4.758155 -16.119703 5.058831 -14.544279 -1.6556944 -24.262648 0.6397116 -5.012941 -2.3716059 -11.263181 11.495787 -11.15012 -0.8681724 -9.100264 0.3351529 
-342.63864 124.7551 -3.2087767 30.876984 7.482276 12.1982 -18.21386 3.5876875 -9.17889 1.1730802 -16.266932 3.5944629 -1.3273286 -0.78983176 -10.357815 5.744964 -11.149839 3.3453963 -7.8464084 -1.8767586 
-419.67014 134.9377 13.180213 39.98378 11.399199 14.146854 -9.528988 9.05555 -9.56276 7.9012156 -14.283137 1.5896755 -4.4853363 1.163783 -5.778001 0.8420086 -10.914689 5.9685664 -11.565033 -3.5083623 
-428.3641 138.65233 8.133322 37.299496 4.757186 8.313614 -8.380548 13.679432 -13.602727 4.6500072 -15.3641405 3.9114413 -9.227798 1.1771665 -5.4703436 4.71653 -12.164926 4.284523 -14.709895 1.0749898 
-371.62082 135.84726 8.239544 40.20497 1.764169 14.615058 -9.770789 -12.188682 -18.564878 3.7747507 -20.937782 4.3118415 -4.869265 5.428048 -2.2763197 3.2757108 -14.146525 6.935859 -17.241127 -5.753996 
-338.74652 149.72539 -15.164041 21.382446 -4.5302825 19.035156 5.4515767 -5.0549817 -9.313166 4.8822956 -20.02292 -3.6508074 -5.9690866 -5.5534534 -14.799724 0.29837996 -14.745723 15.94605 -19.793064 -1.4307579 
-337.7652 150.28989 15.480534 31.329372 -21.17187 2.9336774 5.2732754 -12.600096 -16.251118 -1.1669347 -22.622929 7.864537 -5.2776833 1.3681666 -6.243778 2.941381 -19.343994 10.34994 -17.094332 -9.997623 
-313.614 118.6033 14.073658 73.76999 -12.828284 -1.4710582 4.9507985 -16.69665 -12.955962 -7.789251 -18.879766 -9.971874 -6.4497204 -9.311066 -2.8377295 12.927263 -20.214169 11.084142 -3.5100713 -7.990679 
-284.86243 132.38596 -1.9894232 38.788734 -18.365883 9.529919 2.1031156 -20.89566 -25.2819 -3.1751518 -18.98158 2.8485785 2.63967 5.3350325 -3.5079546 6.7761655 -13.715136 7.20294 -9.566578 -8.378605 
-259.35608 86.95638 2.580093 46.008648 -12.904156 21.53366 -30.859884 -4.98304 -9.115115 7.262848 -23.705772 4.681051 -0.57386327 4.5834804 -13.587795 -1.0379475 -16.79836 9.452354 -14.068019 -2.8940003 
-288.99023 62.237846 29.22253 73.72055 -19.79306 17.552605 -14.221922 -2.9897242 -16.160166 1.6411926 -27.814323 2.060112 -7.329298 -5.3977475 -7.0722904 11.910214 -13.350599 7.4720087 -6.2596507 -2.7008448 
-327.194 148.4661 -16.81672 33.694347 3.3569033 8.888263 -12.924754 -1.681314 -6.9647927 1.8173665 -18.336773 -1.3572555 -10.875852 8.286556 -12.0679455 -2.665695 -13.231821 11.405943 -11.336334 -6.102045 
-322.47495 140.1483 -24.85319 16.74083 0.098432966 25.144814 -12.601417 -0.7980273 -6.337751 0.09269068 -17.745981 3.9180565 -2.7098813 1.7812581 -9.515442 2.8229501 -15.521694 11.678563 -9.31334 -1.2350497 
-361.98816 152.80164 26.036478 46.03605 -8.208958 -2.3577662 -9.052582 -13.530522 -22.546894 -5.66217 -21.842573 3.0254564 -5.287932 1.6096256 1.1597991 6.476797 -13.227783 13.378887 -13.563481 -1.1502175 
-285.63437 82.644875 2.1059265 57.669853 -18.58077 20.159172 -16.773787 -5.148183 -9.849584 8.750969 -31.813686 6.727923 1.7686601 -1.1040094 -13.683408 6.042288 -18.617924 9.032355 -7.036888 -2.1925588 
-349.1693 105.52035 21.054514 21.773478 7.387753 15.286285 -25.474173 7.7029333 -11.429651 5.2674417 -18.77003 3.0050483 -5.2116885 1.8042943 -3.6003833 2.1793828 -15.5850115 12.069991 -11.355047 -2.5885184 
-338.3394 113.76175 15.382219 33.757133 7.35494 13.372325 -25.263634 -0.6391667 -6.294279 4.68254 -21.4185 1.4226607 -3.506034 4.744735 -15.49096 -1.3444318 -11.6140785 10.967927 -24.892908 -1.3371353 
-325.01318 89.777306 37.94667 59.96016 -7.929473 16.44586 -12.350643 4.109394 -17.447788 7.5857306 -23.686335 -3.64676 -2.523118 -4.4775076 -11.1579275 9.146384 -13.496916 6.0444293 -13.423855 2.311593 
-326.392 129.79108 1.0789591 61.40306 0.7455087 -3.9318705 -1.7970895 -15.445552 -15.618831 2.0281906 -25.146746 -3.8406134 -10.056141 5.891744 -10.000331 5.4466515 -15.312291 4.10002 -10.237235 -7.0655375 
-288.27756 102.37573 -2.4765837 22.727467 -10.183492 27.528908 -5.319274 -12.873195 -18.806725 6.3460026 -19.265312 7.1598163 -6.063283 4.131081 -8.465625 5.9153132 -17.472557 9.762714 -8.99488 -3.970718 
-330.86707 86.35532 26.064314 40.39521 -11.586006 30.670004 -4.2618265 6.0980325 -19.044918 8.520867 -17.764154 2.8521395 -9.802573 0.056602135 -14.95911 8.948245 -13.177742 0.6654308 -9.357635 -1.2644944 
-333.59058 103.78191 21.253485 59.760117 -14.776705 15.3433275 -9.802258 -9.528942 -19.733253 6.999578 -23.72997 2.085513 -5.299821 2.2484279 -4.9854245 6.317318 -14.612278 9.3442 -6.1876955 -0.8748066 
-329.32446 136.51189 7.4746265 44.337975 -8.385647 9.424336 -11.682662 -21.564886 -13.895306 -0.03244543 -17.82954 -6.572725 -3.529375 14.89838 -4.4583874 4.7049866 -18.246513 5.660437 -14.909166 -2.906147 
-334.95642 123.97916 11.555204 38.233597 -24.276695 15.863873 2.1754367 -4.1449957 -19.357628 3.995431 -22.584568 3.8670323 0.6285339 3.9255855 -8.177933 -0.9846772 -14.04337 7.744573 -12.86332 -3.2683597 
-413.74115 133.11858 10.233006 36.501957 2.4221947 9.357315 -5.699251 13.873883 -11.838496 4.1019907 -14.739363 2.0916429 -6.3541646 2.4393137 -5.015379 5.739449 -16.09457 6.7784214 -10.556883 -2.5893052 
-381.12222 88.079056 33.795982 34.910103 5.3468513 22.631454 -13.213058 11.405467 -13.452134 5.7406445 -12.333225 3.0534863 -8.427153 1.8224711 -7.5079856 4.5753284 -11.6224785 7.175352 -6.5759597 2.18868 
-296.26178 123.6403 18.520082 21.370909 -11.933746 28.836422 -6.45863 -19.896431 -29.5514 0.86704797 -16.676123 5.642326 -9.813877 0.9920688 -6.4489756 2.5018446 -14.100023 4.945493 -15.693307 -3.0933948 
-306.94208 95.739044 2.7993448 26.129019 6.472641 24.476793 -12.303397 -2.7637594 -3.3244753 6.7984486 -22.82389 -1.4545894 -9.889973 6.768924 -16.950693 1.004392 -18.12863 10.3963585 -13.080547 -2.0281155 
-342.18356 130.52768 -2.3972363 40.814133 8.206072 7.4628057 -4.850803 1.6387519 -7.2070518 2.4290466 -25.207993 -3.9851964 -3.04765 -0.10801283 -11.93419 8.401167 -16.85411 5.758922 -6.255002 -2.3853025 
-412.7829 123.05649 18.26792 34.090046 7.662711 8.958722 -9.190632 13.8785 -12.137859 6.015177 -14.310595 3.0579522 -7.8294153 4.3065124 -8.888335 2.0684195 -16.278542 3.9649484 -10.890133 1.3143442 
-426.2035 136.31271 14.002902 39.58686 7.858801 10.012379 -9.366128 11.734154 -14.371321 5.005803 -13.309241 1.0105813 -8.65151 5.1037436 -6.1187677 5.1506195 -12.543138 1.0185639 -13.34392 -3.1569624 
-434.2203 134.1093 11.048796 36.741913 13.343 11.081555 -9.212893 12.23779 -14.069952 5.4821258 -12.85156 9.282018 -9.305281 2.9963422 -8.554787 8.894491 -12.108622 6.4047647 -7.0198083 -2.5294926 
