-497.2328 142.41733 21.390175 31.103432 11.918949 22.57088 -8.549929 9.634843 0.75028825 4.3026814 -11.996362 -1.080914 -5.533544 1.50415 -8.432104 4.6218033 -2.7737017 -0.15933317 -5.828461 0.5598949 
-416.82373 187.76842 35.688644 6.8140874 -10.215478 -5.2407446 -12.11343 9.809936 -5.050327 -0.78097093 1.57454 4.5584474 -7.770946 -5.9661365 -13.814014 -1.0137472 -9.995571 -2.9175978 -1.2234185 5.9709797 
-392.96503 179.02179 43.195873 22.170834 14.327891 11.805241 -14.859538 -13.433038 -16.162523 -13.040702 -8.055257 -3.3279152 -6.5244217 0.8415528 -5.854433 9.125839 -1.9225928 -12.449858 1.9548391 13.6572895 
-344.6402 123.08672 25.900944 32.361797 40.122276 12.351822 -20.36773 -24.70123 -14.48131 1.1261202 -10.999215 -8.686975 -8.776454 6.3199134 -4.483929 5.2258596 -6.1011076 -0.63649213 -5.1549335 6.3985395 
-374.20105 99.10638 42.178005 53.85953 15.897668 13.366933 -1.2282575 2.185989 -7.3620167 0.3463512 -14.60636 0.59677017 -8.51673 -0.04075469 -13.577694 1.6760468 -5.888087 -1.0248106 -3.5539167 -0.2065398 
-401.4532 130.48973 44.44295 46.57849 17.56834 13.806144 3.7324321 2.3746252 -13.313565 0.16947535 -14.192793 -7.0586886 -11.349646 -3.1972585 -11.664862 1.7125795 -6.086184 -3.722391 -3.6338239 -0.27484763 
-350.7904 90.907135 45.910713 31.78622 25.970123 10.829815 -7.8661 -0.5640478 -7.9097104 1.0422605 -10.128212 -5.007661 -10.906589 0.31834725 -8.445072 3.2754052 -8.327805 0.7728028 -3.2712872 -1.5378301 
-376.90405 146.90688 32.940475 22.803413 18.205708 5.0295277 -12.811778 -15.914461 -17.083744 -4.761759 -5.1176853 2.3033495 -9.78592 -4.9647694 -6.872478 5.002718 -13.101631 -0.49679714 -1.8430274 3.4622643 
-424.15686 124.70163 27.681904 19.295506 -1.0080903 7.669486 -1.9081843 4.377593 -3.5741053 6.932717 -0.9436099 2.779448 -3.7925715 -1.2380458 -12.598143 -2.5400243 -12.43187 3.120278 -1.6081091 5.5666337 
-474.70544 150.14476 34.47335 36.438755 12.155507 16.420109 -8.8122015 1.2544357 -10.058197 -5.0578136 -8.482898 -5.042777 -0.33999872 0.41346118 -4.3536816 -0.060314476 -3.030081 1.0752695 -5.2841973 -0.94059265 
-385.90344 113.982506 67.84562 24.94363 13.637677 24.869865 -12.058723 -4.83945 -13.599002 -15.3617115 -6.8863463 -6.3269105 -10.037027 5.6924915 -9.646294 3.370267 1.8909842 -3.5104303 -0.3616635 5.179759 
-373.94626 115.14136 62.940464 36.097237 5.9042315 9.6667595 -2.0280852 -16.33007 -10.965892 -4.289384 -14.7994795 -0.9540365 -12.195017 2.27025 -6.917883 2.2416945 -0.15790467 -0.8887336 -2.926308 6.431257 
-397.7279 140.66904 46.128563 30.11196 7.9499216 -5.6602535 -14.053114 -10.486258 -9.37222 1.101302 -4.883776 4.0981 -1.7304255 3.3685746 -1.6453391 4.1150365 -9.877854 -2.2040186 -8.094369 0.11719689 
-453.1455 118.67404 18.974052 25.612152 13.417388 14.348711 -4.214155 -2.673119 -4.8318853 7.518459 -6.437327 2.5975695 -9.607834 -0.4608008 -3.4525137 4.6384954 -15.014092 -1.2292289 -6.6103935 5.613094 
-440.98224 150.34052 32.065914 21.676407 12.846872 3.3101747 -9.625151 -2.1419187 -12.055149 -9.611344 -0.8914329 12.718359 -2.1452909 3.0739212 -9.232648 1.6892684 -8.342341 -3.1127048 -8.486929 2.4458833 
-301.382 123.35418 30.462362 23.40985 19.68052 -1.0666637 -20.988571 -7.1655393 -10.873682 -10.203355 -4.33291 1.8372413 -2.7059286 7.1454687 -4.6339884 3.345039 -9.250895 4.9411664 -7.687794 3.0327578 
-339.30414 135.42856 26.491425 35.409103 18.699657 9.592412 -14.845348 -8.540996 -15.377496 -15.352005 -9.410525 -3.1815243 -6.3138976 2.5749757 0.41395235 4.812758 -8.179192 -0.7157189 -11.75168 -0.56365156 
-346.96838 152.35837 25.852127 26.219257 13.410582 1.4699988 -16.588371 -9.996329 -15.87914 -5.4706125 -0.6336046 6.8698416 -4.4982605 5.0645075 -3.3049722 5.261331 -6.7899423 -3.3075674 -6.868397 -0.612331 
-346.40564 97.11152 56.145668 19.753517 13.860356 18.023933 -10.453094 -6.509683 -0.42770824 -4.5504017 -11.894555 5.9878216 -15.939904 0.7173033 -12.560134 1.9344665 -3.9356427 -6.0264173 -3.7112846 8.2378845 
-391.10965 164.19911 51.312973 25.9022 18.153635 16.155895 -16.916903 -12.287638 -18.921505 -14.678761 -11.707861 5.6221633 -6.192954 -6.226971 -18.414417 -0.9020393 -6.170603 -11.726133 -10.779042 3.250288 
-356.6029 168.10373 15.481812 0.40689766 15.923389 12.662822 -20.23696 -6.8871694 -6.7751436 2.933685 7.0788403 7.7893863 -8.971128 -10.962757 -9.592546 6.2429867 -9.881893 -11.258024 3.7123353 9.144338 
-368.7384 177.89886 24.305552 12.153497 19.12622 2.6544552 -21.01457 -8.158442 -24.94796 -10.745543 -0.49370056 11.788329 0.6047417 3.946555 -13.654382 2.198894 -5.233952 -9.173216 -6.3651314 9.588624 
-377.70142 148.56584 48.04351 7.48851 -2.8249562 4.0708094 -20.753471 -1.124867 -18.327705 -8.346432 -3.7819316 15.617059 1.109263 11.38675 -10.021253 -0.10513401 -9.320015 -3.294218 -4.48075 5.525548 
-381.60846 84.872154 39.0381 62.363213 21.798758 12.070554 -10.613868 -5.1857934 -12.871414 1.4263961 -19.436012 -3.2840805 -9.244168 6.6604176 -14.714715 3.5759654 -6.2697673 -4.1751666 -2.163238 5.216662 
-411.72357 136.28026 42.011265 44.94352 31.405714 6.2003837 -19.980122 -16.089235 -11.96463 -5.1056576 -20.126278 -4.64754 -7.0604057 9.071982 -1.792135 8.322648 -3.0782208 8.509593 -2.8624291 -3.2936158 
-465.0326 114.031494 34.13686 27.898125 18.10395 21.146122 -5.9440403 -0.10496034 0.16640967 3.3107116 -10.104436 -1.8859439 -7.138777 5.4456224 -7.501436 0.15167028 -8.2727165 5.3434963 -5.4717264 0.78463936 
-439.50583 134.46939 30.449179 25.890116 10.307232 14.530446 -8.306988 -1.61715 -12.278866 -1.9768062 -5.4060893 6.766798 -5.6486187 0.49241388 -8.761525 4.9517574 -5.574762 -1.7744832 -8.277486 2.9451044 
-404.40268 164.26721 41.600456 28.200611 8.199012 5.41163 -19.557045 -12.112222 -20.5124 -8.523258 -2.8876796 13.721591 7.167692 6.2523966 -7.681293 1.9417597 -3.49177 -0.8398905 -8.112777 -0.99210316 
-450.42844 150.00995 35.36939 28.64169 9.275947 16.699936 -13.082506 -5.1765194 -18.033363 -7.1685586 -6.5075793 4.9046845 -0.3440692 3.634054 -2.6177282 9.184797 -0.025500562 -0.6871939 -12.423408 -0.6637633 
-494.16177 138.62471 29.737576 33.89959 14.369365 24.601068 -3.4124959 10.08241 -1.1805516 1.7871816 -7.1369934 -1.0012412 -6.2090435 0.20670415 -3.1085334 3.910456 -3.9109874 -2.1146367 -9.569686 -1.0035927 
-508.6903 146.05933 24.164673 32.142414 13.569765 26.069881 -5.5219026 14.887516 -2.279197 1.1845871 -7.3629584 -5.9055076 -6.953184 -5.000243 -8.844611 -1.7757517 -3.4384549 -0.7462725 -7.1677237 0.66649216 
-437.15515 162.76376 50.70094 33.401913 16.313728 3.893298 -12.582199 -10.947756 -13.907479 -7.607495 -7.589308 -3.2403748 -3.0924962 -5.5992985 -10.181431 -3.1972373 -6.4878764 -5.9322243 -4.7402368 4.082997 
-426.0826 143.36781 45.213844 34.847626 21.456642 16.092281 -3.3196344 -2.5166943 -20.232609 -8.291714 -17.149544 -3.340541 -6.7953835 -0.8125422 -11.699784 5.1031704 -2.363041 -2.107577 -7.0039687 4.704251 
-407.17053 105.58013 73.49887 20.309408 23.790792 28.143188 -18.547462 -2.4699886 -12.806171 -3.7770658 -12.104367 -3.3810143 -11.421427 2.04916 -8.54499 8.804439 -4.39556 -7.013209 -6.1087704 5.6728454 
-379.00162 186.55106 28.832344 14.454514 19.121655 -6.539334 -23.33356 -13.678734 -21.798822 -11.439223 -2.0554168 9.698969 1.9062457 3.7874975 -5.9597564 -0.99023414 -11.336068 -5.884054 -5.9159 6.8818283 
-398.53992 107.07719 45.36617 31.422808 6.173152 19.795803 -2.8801868 -5.602434 -16.605703 1.9336531 -4.6323643 -0.2880792 -5.9608006 5.2370386 -16.64103 8.500117 -5.3710637 -7.321409 -3.7095103 5.184493 
-427.704 178.04344 32.529526 22.514845 -6.827598 -9.836945 -16.352787 -5.4330893 -11.0306015 7.636226 3.5581174 4.4856763 -3.530969 -0.43617386 -4.5443454 4.964474 -5.042546 -6.1658535 -9.540356 0.28079683 
-493.68665 143.8637 12.923597 28.805277 7.5884333 23.441792 -3.4459426 2.3455331 -7.800014 7.2170315 -3.1394572 -1.9499457 -9.224911 -3.322281 -5.1654034 1.8773227 -7.193293 -3.6657753 -5.9973316 0.7773608 
-425.1018 176.18431 31.02183 10.733061 6.905382 -5.2472754 -7.0269094 6.9406714 -5.744282 -3.6157787 3.929253 6.866176 -1.1180634 -3.0032597 -13.583492 -4.991819 -12.881329 -7.099761 -4.503298 4.4453897 
-373.2288 162.83319 31.82809 19.23136 15.87628 3.655996 -18.405403 -13.901428 -15.721137 -10.685403 -11.448198 5.0765057 0.454207 3.3596096 -6.3255 6.5433445 -0.19395913 -9.080464 -9.172062 5.269559 
-369.76254 133.57135 23.280874 15.663788 13.177264 -0.41692224 -22.035393 4.3102183 -6.4622207 -3.1021104 -9.058736 8.717975 -5.2597685 6.6399274 -8.856318 2.1924877 -8.430038 -10.638492 -6.95967 9.465159 
-423.7101 106.33115 51.894417 33.04191 27.546608 21.328024 -10.505619 2.3028142 -4.0769324 3.0744758 -20.129704 -8.412088 -10.243803 -0.21311347 -14.2078 -2.7848403 -10.907803 -1.1070027 -11.951572 -0.81851506 
-375.8402 154.59209 48.95897 3.8659167 6.513235 6.6698284 -33.72214 -3.742581 -20.378601 -11.88467 2.2329683 9.992893 -5.3976674 4.3098626 -9.718003 1.3865412 -10.566516 -5.068133 -4.6656537 6.808893 
-445.80933 177.07216 50.997982 19.570955 16.767235 2.9760537 -19.309727 -8.859626 -10.92867 -3.014151 -10.452576 -5.9104776 -3.9732509 1.4161936 -7.9689984 -1.2715987 -2.3090277 -3.7754211 -8.866989 5.5003924 
-328.43536 176.75084 17.505198 14.940844 37.532227 -3.0697954 -20.201797 -32.87657 -30.17892 -4.6395354 -9.883366 -2.0451117 0.8166605 4.006589 -18.056278 4.003688 -4.2467403 -13.000569 -8.342777 7.252897 
-360.58588 188.40303 32.044888 10.640541 2.9660559 -16.439283 -14.127921 -13.296648 -25.607655 -11.396412 -2.3119426 12.050875 0.89747113 3.558968 -7.397206 1.251327 -5.93318 -9.375439 -9.795934 2.827304 
-383.22855 151.40674 61.509235 29.511953 -12.960214 -14.095358 -23.384634 -11.395875 -15.218777 -3.3636801 -3.5038862 1.7104819 -4.822403 5.569933 -8.609844 -1.6570168 -2.586108 -3.7245817 -6.2324104 -4.466785 
-363.56787 163.37083 7.933703 7.2834635 15.54933 13.084319 -25.749125 -8.431848 -9.848235 4.5250535 6.40302 8.231251 -6.2583466 -2.0539432 -9.579805 6.853328 -6.1475134 -7.4674115 -3.3818064 7.9238076 
-460.98572 156.96674 47.67988 36.9806 24.496862 16.062069 -3.3295946 0.9664529 -11.788432 -5.737916 -9.248539 0.8116184 -9.094048 1.1463113 -6.6638284 3.4109542 -5.3789234 -0.19675303 -2.8635342 -1.0134542 
-448.91296 170.31339 39.620083 29.031372 25.636557 7.8105164 -19.537857 -7.800071 -5.166073 -1.7999783 -5.8911676 4.5394397 4.889204 1.9511259 -10.514655 -6.9833407 -5.4192214 -6.3318872 -14.144981 1.2509149 
-509.43268 146.61543 27.254143 30.849144 9.97134 21.53738 -6.749102 12.571241 -3.6557105 1.9794589 -5.144884 -0.19378778 -4.1319485 -5.4534802 -7.3151703 -1.661651 -3.860685 -1.8678651 -8.630886 -0.4536527 
-402.7944 187.28139 37.278164 15.430941 17.916983 1.6800429 -21.304625 -13.429462 -6.6545334 -7.257542 -7.5567956 -1.404779 1.2160945 -0.17821404 -11.103286 -0.7803579 -4.9087543 -10.96667 -12.764484 1.1808752 
-382.92007 203.16666 31.57432 -2.8998406 -8.907598 -10.29262 -12.772182 5.3156185 -5.6892524 -6.7536106 4.3098063 7.540229 2.9073052 -4.487055 -9.334827 -4.7688923 -14.819343 -7.479998 -4.3458743 5.368789 
-503.1529 151.14497 25.928263 23.434767 7.9383206 19.124763 -8.9972725 11.007347 -4.228727 2.720514 -1.4308991 4.5857177 -2.89768 -3.6574266 -6.536817 -0.51837516 -3.5056264 -0.300367 -4.5923605 4.218099 
-402.31442 73.1006 55.62999 29.474508 11.532193 25.304949 -10.9825 5.319315 -2.3467934 1.1118827 -9.083414 -1.6443702 -12.612484 2.9562316 -8.587263 5.4762425 -2.0945828 -6.4515734 -0.23863326 4.759622 
-386.31018 130.72298 50.43454 14.481574 18.77989 7.4218006 -20.236948 -5.3568316 -17.367653 -4.637896 -1.1365347 6.734747 -6.057874 2.247849 -4.977358 3.1152604 -3.9895825 -2.9637635 1.6908162 3.9069998 
-443.18002 169.07335 21.574104 15.695406 -2.6797545 5.169332 -9.301218 7.611651 -14.9661455 -2.7203577 4.5945797 10.843235 -1.0228966 3.6262653 -11.926778 -7.7666245 -6.6827235 -3.516792 -4.077338 8.137964 
-494.6499 157.48969 21.672 22.466684 4.108789 17.264603 -5.5592847 10.591366 -3.7669475 3.396575 -3.3793771 -2.1888227 -5.436435 -5.033658 -7.375206 -2.5855186 -9.872748 -5.1053333 -9.110902 3.7619345 
-502.37122 155.86594 30.36457 25.596718 6.8467174 21.97715 -10.798534 7.947526 -4.1201487 -0.36227888 -7.114991 -2.4655461 -4.859902 -3.2089589 -6.2913666 2.3820412 -1.5816164 -1.9899559 -6.683009 -0.45650128 
-406.30725 143.875 50.124638 30.361324 6.5547857 10.488453 -10.714771 -6.4433637 -14.865616 -8.9163475 -8.816708 6.9328723 -4.2232175 5.1594 -6.5322323 2.0614896 -2.0813456 -5.2366233 -7.1447067 4.632242 
-393.67752 179.12134 58.81372 24.223236 -4.6420035 -18.64725 -20.299599 -6.012001 -15.023093 -10.230164 -8.442902 3.3444493 -3.3001077 2.1992826 -3.1897402 0.6275604 -7.584161 -1.3179898 -6.3835735 2.5354662 
-393.86487 88.93535 75.65604 18.862059 12.245687 20.229166 -16.750267 -1.8377832 -9.034791 -9.822559 -10.239613 0.29988712 -10.59984 4.7908316 -9.6276865 2.847522 -4.5199065 -4.923694 -8.7227955 1.0640378 
-399.13596 107.773125 49.119247 23.80175 11.550883 18.915298 -10.844072 -3.5257514 -10.55944 -5.8824644 -5.4044437 -0.87271965 -14.050523 3.3115456 -7.894021 2.2926586 -7.937732 -10.39936 -4.685301 3.512616 
-392.42215 163.4716 40.481525 13.773407 -9.365366 -10.774464 -12.44642 3.3297858 -10.69344 -4.65467 -2.7617772 2.894033 -0.5960328 4.2366085 -7.5242515 -2.005515 -9.435524 -9.134762 -10.366638 4.367529 
-447.8249 138.74847 45.064243 30.926273 21.89429 20.469955 -15.814758 -5.21605 -4.953224 1.3910899 -13.928618 -7.1236334 -9.943871 0.8175906 -12.636912 1.4801887 -4.9549756 -1.7858742 -6.8810806 5.069216 
-376.18076 128.97356 51.403362 23.110125 6.8714786 10.798585 -11.264065 -6.0669107 -15.098251 -6.7692595 -6.0579014 7.907217 -7.078682 2.3041146 -13.571377 -2.1106114 -10.118067 0.19197549 -2.1711082 4.4579525 
-358.48685 85.334206 52.770256 20.759766 -13.879967 -0.14132203 -9.476597 6.3002987 0.46823135 8.979545 -2.5769458 3.6171756 -5.6979156 -1.5455151 -14.16558 1.4587591 -8.688069 -0.17917432 -8.132994 -0.036455896 
-354.01932 101.43295 56.981743 27.316477 -0.49756983 0.6829421 -14.439577 4.547617 -2.7890468 3.393377 -7.264524 5.9993463 -5.9160595 2.7462263 -15.168211 -6.3462048 -16.42968 -3.0396197 -7.904951 4.6087856 
-341.69885 97.26327 56.21989 28.376768 -1.1156778 7.225769 -9.86058 0.84208506 -12.401 2.386412 -2.80592 8.575428 -5.5203114 1.7028917 -10.8201475 -0.31168517 -15.641026 -3.5720952 -6.1418457 6.904896 
-385.55618 72.71303 61.982525 39.938946 17.958508 17.619072 -4.173074 0.006858614 -10.850227 2.8377228 -12.448575 -1.6757631 -12.295502 -0.22110483 -12.948929 1.6768544 -9.531594 -1.6156156 -3.6896608 2.471552 
-375.0352 102.89643 58.496162 30.273882 17.62862 24.857573 -20.612549 -7.9565024 -21.808262 -1.6489613 -7.3468323 4.956381 -9.522805 -1.3290656 -11.866808 8.9332905 -10.254165 -2.1611433 -2.9640121 4.8492312 
-413.42404 166.0255 47.98694 14.795262 -4.8070936 1.2759582 -9.6888895 4.931798 -6.5404625 -1.8757161 -3.5546198 13.347521 4.6558213 -0.81457543 -17.31961 -9.128741 -15.81356 -2.6298487 -2.3189902 7.634084 
-393.02222 164.10378 53.386417 8.769015 -4.308567 -9.124859 -9.103771 6.8529606 -0.19647534 4.523376 6.4321 10.888295 -3.3210063 -5.669706 -15.917236 -7.4579773 -15.618428 -4.0461054 -7.28685 0.6342239 
-394.39252 165.88057 20.684017 17.295998 16.112204 9.588257 -32.801758 -9.168175 -4.9630184 6.7292438 3.3050878 10.228036 -11.78704 -6.1841087 -6.266405 2.3255763 -11.745123 -1.3761433 -1.8570544 7.745419 
-417.43686 69.80901 40.9373 26.242653 7.774002 16.645346 -7.466605 9.643763 -5.0932503 2.4352503 -10.212369 1.1387184 -11.088619 4.349511 -11.422346 4.132256 -8.394877 1.165641 -8.845086 -1.7286453 
-417.5398 86.03275 49.149555 26.70407 6.9042945 22.0191 -0.44906935 8.139803 -5.5439663 -0.10732797 -16.04962 -1.2292928 -11.072614 3.5861096 -8.861454 5.19968 -5.0666738 -2.1140337 -8.376527 5.8516626 
-424.3932 124.38505 44.763252 37.999035 26.268885 25.526928 -12.125449 -9.159901 -10.681007 -1.7615607 -13.431151 -3.4384174 -11.532598 2.5156574 -6.476708 5.589922 -0.14702132 -2.0109713 -4.1429844 6.627413 
-377.91525 117.170135 18.707142 27.559345 33.728268 9.83088 -19.039885 -6.597766 -12.786594 2.6546233 -9.302641 -5.4109783 -16.132183 2.5548315 1.1298277 9.380065 -12.459614 4.995336 -1.4235299 1.7194371 
-381.88156 131.88832 34.51174 10.188452 4.088147 19.70741 1.2882451 4.332645 -8.633044 1.4245694 -4.3149004 5.650444 -10.048125 -8.108099 -15.984593 -0.12055901 -6.256888 0.26590115 -8.220112 1.2685373 
-403.88928 80.08333 39.720173 28.901218 6.747526 16.775505 -2.8369484 9.6026 -8.07332 1.6241922 -10.735338 0.788955 -12.186252 0.018235948 -11.658742 5.3327966 -8.472303 2.1945431 -7.8833256 3.382965 
-331.80652 75.95848 42.824203 34.302567 13.600255 18.361053 -7.769578 -2.7794447 -13.462148 -2.6831725 -16.588802 -2.9126873 -14.527576 4.9194584 -6.240629 8.105226 -6.3605313 1.8253771 -4.2970376 6.21543 
-398.7405 94.77774 64.33718 32.50351 17.01375 22.567863 -8.383341 7.025989 -9.351048 0.22773112 -12.39645 -4.0527825 -13.100053 3.345649 -8.537563 3.0432818 -6.236057 -0.06445212 -3.5952983 5.2924013 
-404.3418 93.653305 28.495317 38.52754 27.87867 13.454232 -15.211718 11.776766 -2.0489285 -1.7107005 -18.806374 -1.293501 -10.459702 2.2552948 -9.938618 3.1816173 -3.3017254 -2.6021018 -8.660977 2.3381302 
-482.07407 129.48434 21.035406 33.04525 10.974688 25.98724 -9.08418 7.971549 0.92469585 5.904196 -10.240245 -5.2069244 -5.8304653 -0.90270793 -9.594813 0.88193417 -2.8997393 -3.1175761 -6.5534554 0.703675 
-493.70328 136.07657 29.128828 31.86904 15.297245 23.062088 -3.3332367 8.919235 -1.8911738 4.161104 -9.452223 -3.5967484 -7.28924 2.185694 -5.653453 -1.6387793 -3.5553195 -2.402987 -6.3410015 -0.011791521 
-390.37842 163.41588 16.598167 3.7699344 2.6844528 5.5040803 -5.6480093 5.1978235 -5.586513 3.2593057 1.8133003 6.3125405 -5.0154943 -7.90407 -17.175089 -4.805929 -9.660991 -2.9304686 -3.5088995 8.950078 
-376.65378 174.62555 24.52252 19.422646 21.015877 7.6671505 -14.209518 -18.033607 -16.34856 0.16077703 3.929273 -0.29456446 -4.5215707 -3.9307256 -5.1281767 5.755437 -3.9985318 -13.188998 -13.382995 5.0747433 
-388.67725 113.444984 58.97678 31.356733 16.81836 29.536217 -11.041948 -9.911561 -10.36486 -4.854981 -8.647937 -2.6599586 -18.691729 1.7050992 -4.794031 3.421762 -6.1149154 -9.860312 -3.3874567 7.9414945 
-458.46692 155.83629 33.746674 37.58644 26.853025 18.333729 -8.1916065 -4.4878073 -6.93726 -3.6893969 -11.147398 -6.637554 -4.5953493 -4.7367907 -1.0576009 1.1210957 -7.3946133 -3.609077 -1.2417226 1.3725058 
-438.6908 117.58317 40.19777 32.4121 19.844902 16.975737 -6.1685953 -1.1507564 -1.7085909 -2.6190016 -9.034576 -5.0431166 -11.390582 -4.1191683 -11.305815 -1.644865 -5.8309116 -3.4603086 -9.606248 -2.399122 
-341.9894 77.28804 48.889362 51.99319 11.255067 19.250221 -4.6025414 -0.11244016 -12.528375 -2.304113 -15.052571 -1.90879 -9.936961 -1.856106 -11.948814 -1.3116332 -5.4986515 -4.3281975 -7.339008 2.067015 
-357.55386 134.62029 29.706993 40.65495 4.3214116 7.509128 -16.980442 -9.686762 -15.721409 -4.0450954 -3.245352 2.3959239 -4.5147047 -0.9844964 -8.640055 -1.3780825 -9.399181 -1.2307127 -7.9962463 0.50345397 
-344.14423 152.6837 57.503986 17.722626 -14.737015 -10.386912 -3.0360506 -2.8649342 -13.457508 -10.444973 -3.957339 3.1683187 -0.9514228 8.086021 -9.140158 -5.8646526 -8.216625 -5.180822 -2.4674606 5.3628416 
-346.87555 106.64058 38.489323 48.70335 22.261362 10.605937 -11.829954 -2.9171612 -10.412538 -3.1885402 -17.891699 -6.218617 -6.2174277 5.1032114 -7.3840647 3.074598 1.7239795 -5.0310464 -2.0141532 7.4912534 
-406.92612 124.451324 37.65943 59.51171 30.155714 8.313951 -16.588434 -5.7974944 -11.644045 -8.505277 -18.51888 -7.6426673 -8.829128 3.3403463 -7.0066295 2.5059824 -5.888838 4.435059 -5.664651 1.0583616 
-431.5853 114.227104 23.903208 49.156925 32.690945 12.086834 -9.64233 1.9234505 -5.928296 -0.031656638 -15.324437 -7.888879 -12.671383 2.9363208 -8.37495 -4.648775 -5.934742 -2.2095392 -8.705739 0.4248835 
-370.76138 119.155655 65.924 30.137566 19.88884 23.587444 -18.606394 -10.514333 -32.19982 -7.1154175 -4.841515 -2.7459502 -17.206919 0.54129493 -9.988218 7.5931973 -4.458643 -11.680846 -7.994478 4.130341 
-405.3144 160.7506 46.108803 34.160904 23.25787 16.863539 -21.064823 -14.464123 -19.799221 -8.3797035 -8.868984 3.0473068 -3.9583385 0.017986722 -5.281264 7.3455005 -1.9644839 -7.7128305 -11.829105 5.175934 
-475.33105 158.5012 21.547804 26.191744 17.300833 22.782646 -12.920573 -0.34411857 -16.071995 0.28613397 -3.2798185 5.3662233 -4.475292 2.3317308 -6.404384 7.3362756 1.3919804 -2.683687 -14.653752 1.1657003 
-461.70898 110.67031 30.294712 32.912632 10.444894 23.784828 -3.7446501 5.5238113 -5.7582183 5.127617 -5.767191 0.035882022 -13.583475 3.138327 -5.6914587 6.039561 -9.854679 -4.092849 -12.222253 1.8199278 
-469.8452 134.20148 41.60861 30.712769 7.0346923 14.009963 -10.458983 4.144384 -6.6591983 -2.0907981 -8.855609 3.7839139 -5.1434946 2.3020005 -5.9920645 1.6278051 -4.8159375 -1.9984126 -12.281528 -0.5365775 
-388.46768 153.98877 47.831764 6.5340085 18.247143 18.427551 -26.13253 -11.921643 -8.743164 5.889775 0.45182785 8.98678 -4.1760345 -1.414347 -13.039937 -1.1423386 -3.3399506 -5.109206 -10.065939 4.0136304 
-377.3975 155.22252 37.253166 25.310934 19.866295 4.0413275 -12.813933 -11.164684 -24.629059 1.0536443 -3.7461221 -5.4133997 -10.43292 -1.7746145 -13.0471325 -0.9319604 -6.01671 -12.150294 -11.849265 2.3063166 
-384.31165 138.66895 55.015102 26.27277 25.120724 25.418758 -14.180317 -11.874884 -23.083195 -3.5478244 -5.0034966 -3.347291 -12.496143 0.6095987 -8.20403 8.312965 -4.4983273 -12.063252 -2.9623315 3.1705155 
-423.00143 167.29489 49.92726 35.18486 25.521643 18.525856 -16.17254 -15.335878 -16.934608 -5.915678 -8.622031 -2.6211467 -10.656051 0.45374 -3.9176924 10.586323 -1.920654 -7.2513013 -5.1769133 2.1543489 
-400.63406 136.55304 45.10763 34.72446 24.758293 19.080128 -17.742483 -17.019976 -16.290993 -1.290528 -12.834939 -1.3163104 -7.839391 7.0178475 -4.3573194 4.879232 -1.4304569 -0.78553224 -8.885779 2.6374621 
-380.60974 76.05075 38.857986 60.425835 4.3190317 18.481655 -1.8902013 2.3856332 -9.471161 4.296428 -13.404855 -1.0852998 -10.04324 -1.6559334 -10.327523 1.9867892 -4.578676 -1.7852777 -7.329665 1.5807096 
-376.29797 162.25114 40.313786 0.6424095 -4.223197 7.149314 -5.450141 -0.41010365 -8.98648 2.1438453 1.947947 8.210321 -6.0704656 -3.7268305 -16.715563 -5.8900776 -11.489712 -2.9866 -3.796651 8.034901 
-415.05646 184.32951 39.575214 12.340382 -8.62532 -15.54089 -21.494019 5.133028 1.9969213 3.282857 2.0567002 7.029225 -0.23171398 1.094333 -6.625363 -3.478428 -3.9691577 -8.454748 -8.874539 0.17694436 
-401.2511 126.41824 34.60362 25.972433 10.322456 12.800884 -18.409874 -13.755502 -4.8190956 9.239989 -9.4496355 5.839411 -0.18710777 2.6859174 -8.118016 2.3482172 -3.4895515 -7.3419647 -8.92053 8.511662 
-435.34274 152.03928 35.699768 16.60761 24.01426 22.552208 -12.5301895 -11.08124 -7.055958 5.3709083 -5.8075128 -2.2399008 -6.0515313 0.1869234 -5.3418803 0.39490142 -5.7197757 -3.5821512 -9.420574 0.83982986 
-397.50455 101.59087 45.937054 44.11545 10.916836 21.46752 -4.2054386 1.370316 -10.5874405 1.4202286 -13.6046715 -1.3078192 -10.876377 -0.8682126 -10.542146 3.028195 -1.2858627 -4.3103337 -3.7932658 3.4468482 
-399.6229 125.377846 24.481497 43.16875 20.297075 31.891327 -8.970964 -8.19512 -9.292475 -0.25349632 -12.143912 -5.1962185 -11.044773 0.19958891 -1.7467936 4.755679 -6.06427 -5.836223 -3.4001744 2.198144 
-411.06702 113.98858 49.45693 29.74833 12.811323 16.200672 -13.47796 -11.779719 -17.258778 -1.6691964 -7.411814 2.8463984 -7.830874 1.8622297 -2.6257162 12.613024 -2.2709582 -4.7690487 -12.345493 3.959835 
-459.63855 127.36525 19.218819 27.78961 14.365819 22.129074 -7.408605 -3.0396109 -5.9227896 4.5537705 -9.904858 1.1110076 -6.0818987 5.6795444 -3.3372707 -0.3790998 -7.1062346 -0.5797564 -7.629347 0.5777528 
-469.19818 119.205536 24.997032 25.57205 10.101784 27.844366 -5.3717937 4.8358283 -2.1598022 9.18621 -5.0724382 3.4163213 -8.098956 -2.379406 -7.2506146 1.8851285 -6.5942936 -0.010560711 -11.1344 1.033246 
-416.71225 149.04872 22.267532 13.882473 15.947896 11.609491 -13.845735 -8.877079 -2.7209773 6.3028965 -1.1516769 7.1814346 -10.301835 -9.070628 -10.464641 -1.8180841 -13.409412 -3.476605 -3.5546284 8.704495 
-344.01605 173.28114 7.531432 2.8873968 29.948029 2.4797235 -20.79245 -14.033161 -9.827959 1.3989735 -0.16739093 6.321679 -4.726057 -5.3076916 -13.63516 -1.7163635 -17.47346 -8.834997 -4.6876755 6.5413914 
-360.1383 125.0043 45.46041 43.04944 23.130949 8.973802 -10.691281 -20.732088 -27.89761 -6.661148 -9.727634 -6.2605934 -15.055431 -2.8888578 -8.295796 2.261178 -9.583828 -8.788021 -3.1247108 7.4350476 
-365.328 121.350494 42.430984 46.54745 20.244576 9.819936 -12.312441 -5.953226 -17.9748 -3.934348 -15.738678 3.4556723 -1.6746796 -0.17878045 -17.3866 -2.5868878 -8.645041 -8.002277 -3.8031082 3.281288 
-360.83936 187.92976 33.086906 -3.2756152 3.3986528 -3.6027975 -12.857883 -5.000357 -15.759454 -1.8224646 1.803736 10.710428 3.0543094 0.4058762 -12.355228 -1.376935 -8.459414 -6.5528355 -6.627565 4.7537265 
-416.66467 185.08669 51.246292 23.88961 21.672028 -3.755124 -17.195969 -5.5651765 -14.9183655 -11.50133 -7.911606 0.9173749 -0.07551554 1.1444737 -9.144667 0.20107491 -5.9890456 -1.4631773 -5.3817997 -0.10386128 
-355.20642 92.900604 34.147552 56.07405 18.171244 13.40691 -13.183958 -0.8225968 -15.338696 -2.9446568 -13.43856 -2.1943104 -6.077044 4.1005774 -11.9313965 -1.1954305 -3.0431054 -3.2094452 -5.187444 3.873309 
-407.1945 137.07625 49.614967 28.419098 7.7627316 8.056733 -14.597614 -0.90895736 -4.186374 1.469501 -6.673147 6.3775015 -3.0119505 1.640904 -9.762228 -1.8810071 -8.215565 -7.3969736 -5.237188 1.8296945 
-419.48145 133.86981 52.617397 25.347313 12.864395 22.82286 -18.861666 -10.994887 -11.3878975 -1.9126345 -12.295339 -1.0016595 -9.124085 7.4887366 -6.5978107 4.9590497 3.1825502 -2.9178302 -11.432878 2.6630697 
-386.41113 77.322 23.875692 50.33091 18.8916 14.514701 -14.252265 4.393241 -7.887614 10.342395 -12.927742 -1.1118121 -6.9361157 5.891195 -9.504827 5.9009075 -1.4428284 -7.2535343 -4.438512 8.266432 
-347.42892 143.7605 33.66067 15.134291 11.848833 9.409678 -21.282446 -9.616455 -18.053114 -6.1001973 -11.048804 8.318147 0.33674124 9.865066 -13.505197 0.27710873 -7.6552267 -3.3463612 -10.280157 4.071825 
-438.3477 160.68774 45.71886 20.948421 10.580766 14.094744 -12.218564 -7.945669 -18.661407 -2.0410318 -13.023548 4.9211664 2.7334833 7.259479 -7.348276 4.9005566 -0.23275429 -3.2765758 -12.799979 -0.880913 
-428.64478 145.2369 49.11647 21.302795 -1.0429292 6.250895 -16.335403 -0.6723864 -8.80691 0.12693462 -5.786382 11.81041 1.1240447 4.7151823 -11.099757 -1.3774822 -9.450982 -2.4284935 -7.2891684 3.7298715 
-439.6876 124.16995 23.657246 19.507156 7.5662985 17.776817 -11.361687 2.121111 -3.2914178 6.9920435 -4.2846627 3.6636114 -8.994496 4.511901 -7.2405066 1.6566787 -10.730635 -3.826575 -6.858749 4.3694925 
-471.71985 124.62153 30.207737 24.980652 14.371924 20.796509 -7.014856 5.95838 -3.2852461 8.107587 -6.807774 -3.1520152 -8.142717 2.9402895 -6.3265395 3.0210123 -6.3067217 -2.1645648 -7.1086693 3.9404154 
-389.94046 169.06598 35.943996 14.239816 -4.2139454 0.034837298 -11.002552 3.9557774 -7.326963 -2.9738765 -5.5631857 7.1321163 -2.3212192 2.4154997 -15.804689 -2.6712801 -10.385011 -3.8712583 -8.095265 5.917367 
-354.024 176.76137 30.442553 7.0431867 4.575037 -4.3825145 -20.829403 -3.7318735 -15.288099 -6.4828205 -5.0918713 10.055081 0.6726965 7.936176 -11.78432 -1.9170766 -7.8628616 -9.515923 -11.659914 10.101106 
-361.9394 96.69386 32.21347 32.855675 33.34488 9.344157 -18.212534 7.829775 -4.7998548 -4.2205014 -17.319572 1.2925097 -4.1767545 7.375521 -8.907085 2.6335626 1.4253284 -3.48392 -5.840416 8.146925 
-442.12952 136.12009 46.63682 36.698273 30.50358 22.28906 -9.522297 2.8188155 -3.1099749 -5.4923186 -17.471645 -7.0643606 -11.653402 -1.3576186 -10.161523 -1.1850926 -5.202055 -1.2316623 -12.2711115 -0.807902 
-472.48312 139.97577 19.41805 29.13658 11.237847 20.696281 -5.984744 3.5158014 -6.4857426 -2.4741864 -8.178351 -4.299835 -5.4331512 -0.19589107 -3.6837797 0.5975838 0.019368364 -3.3953407 0.22168334 -0.4695282 
-413.00082 166.94157 39.839443 37.35211 23.46296 1.6243166 -12.74522 -4.4317203 -17.087244 -18.096409 -17.556774 -7.3023877 -7.299505 -4.110584 -6.793089 -0.5427831 -5.5447774 -4.464596 -4.0972347 -0.097417444 
-393.63257 117.48073 51.96433 41.735504 3.0733838 18.563393 -1.0755997 -5.054932 -18.51814 -5.196306 -16.065237 0.45752567 -9.623617 1.9140668 -10.7792225 1.1996969 -3.829531 -7.862688 -4.951242 2.46441 
-346.8739 107.45562 21.104645 43.766663 3.0827057 16.381742 -17.625109 -12.073496 -12.366196 5.7276025 -5.0083523 8.035435 -3.021779 -0.17275684 -7.8780756 0.9109876 -5.8104134 -7.6484647 -3.3027697 6.879238 
-362.214 194.47351 13.461941 -0.24803755 -1.3986369 -7.765151 -10.208607 2.5176516 -23.937065 -11.121892 14.314643 20.67091 -8.275194 -9.10117 -9.377749 -2.2159646 -6.1694813 -1.2958031 -6.81789 0.6504498 
-365.7282 153.67284 29.237942 16.442028 26.321182 8.073078 -25.177662 -22.410158 -23.926844 -3.2603583 1.4561915 6.925939 -9.924876 4.9559627 0.10046334 8.6643915 -5.743893 -13.823382 -5.643397 8.405245 
-392.39896 146.4889 59.975613 24.12071 6.6834683 0.65987515 -12.957504 -15.305693 -22.256107 -4.851852 -9.388184 -0.8066176 -7.2529407 5.49621 -3.6991653 1.051526 -4.6290555 0.63281524 -1.0669839 2.5900333 
-418.50537 204.50684 48.651928 14.0602455 2.3930202 2.0631552 -17.141106 -6.011179 -15.834224 -8.391218 -6.193185 2.0767472 -2.2902975 3.3904104 -7.019286 -0.8562727 -5.6288114 -5.3263574 -7.363846 3.6542506 
-392.85843 130.50938 43.478714 31.2019 11.4852085 8.853201 -12.323471 -1.1111976 -9.321659 -2.7695718 -7.5614123 0.08177141 -7.058527 1.8403426 -10.274787 -0.6265051 -5.189672 -6.290006 -6.6378007 0.6228667 
-449.04678 127.85673 28.512953 42.23374 11.418206 19.735918 -0.36442485 8.373278 -10.811634 -0.55681485 -14.822645 -7.083288 -7.856985 0.42733195 -9.922215 -2.8813732 -5.3619404 -2.7728996 -12.064759 -0.45841694 
-447.27496 90.17373 57.17873 15.567893 12.639029 19.787186 -14.772694 7.3483624 -4.579799 0.3752836 -10.726132 -0.5339843 -9.2480755 6.3845077 -7.486724 0.55330414 -6.6144896 -5.339452 -8.354918 0.5131963 
-384.43198 151.7737 46.912685 30.966858 27.4708 16.117655 -24.692019 -16.461147 -22.565887 -3.2190843 -12.778721 0.9022895 -5.764719 6.1637526 -9.999416 2.2189047 -4.522425 -6.8230066 -8.699657 2.0433865 
-413.67712 193.78044 41.3319 18.965755 17.771523 -15.177397 -22.95088 -3.0981324 -17.565798 -13.466188 -4.7141953 13.099238 8.700684 4.603205 -4.149595 -0.42978498 -4.072752 -2.7325182 -9.107974 1.9775543 
-468.7525 131.70477 28.981 29.887184 6.3117037 21.313828 -11.044044 1.7630831 -1.6788708 2.115595 -9.33056 2.2239027 -4.7181296 3.9866033 -4.9823155 1.2825953 -4.635358 -3.5139575 -8.964949 -0.75120926 
-455.41077 104.96857 29.170553 35.43655 9.663883 25.845226 -14.039836 -0.42329788 2.146584 5.395826 -6.615984 -0.9406003 -8.107125 6.176079 -8.374968 0.9258003 -8.097566 -3.8894327 -5.7821407 3.0285027 
-495.20786 139.6818 29.055733 25.622185 10.6585245 17.40147 -9.6427355 5.3520107 -9.898727 -2.9494994 -6.17585 3.580052 -6.006967 0.6379875 -6.3333216 2.1537945 -5.3332562 -0.15158695 -9.810737 2.7032793 
-403.92294 190.79535 58.82228 31.574009 7.831797 -20.35084 -24.69121 -5.7557063 -21.159056 -16.01306 -1.2962058 4.73411 -2.9097128 3.1501486 -4.932459 2.5277328 -7.08095 1.4269596 -4.805514 0.7658465 
-367.0579 135.08682 66.304405 1.4557548 17.39842 8.509245 -31.35241 -2.8678687 -11.99415 3.0538902 -3.1156354 10.335536 -9.63915 -0.088366516 -14.691103 3.8088565 -6.6797023 -3.42664 -4.128998 2.122837 
-316.73083 196.57695 10.671129 -11.936408 12.286411 -0.038296275 -21.587791 -9.885005 -29.695923 -6.1732116 12.105093 7.3191504 -2.026904 -1.5305712 -17.515497 -5.0117664 -10.528943 -8.052931 -8.069614 5.5706034 
-371.7638 124.5455 44.36405 32.348118 7.423278 11.575672 -8.903439 -2.0284371 -12.667117 -3.4232044 -3.0359645 4.002777 -9.884808 -2.2704358 -13.449939 -3.1175907 -5.9661627 -7.846173 -11.417225 2.2634 
-420.62326 156.7164 39.981445 39.479355 26.502594 18.912247 -30.336967 -16.909454 -14.758593 -4.131295 -12.548352 -4.546046 -8.5668125 5.4259953 -0.76235247 6.9777226 -4.6160355 -2.6135895 -6.6723385 2.9705455 
-485.11438 148.09499 32.33829 23.002975 14.958576 14.873683 -11.045927 0.5882116 -7.7309165 -3.5826912 -7.534367 0.42952484 -4.1387606 -0.29335463 -4.2401953 4.9456253 -5.449415 -2.9612796 -12.658138 0.65579605 
-446.66702 186.60098 42.175205 19.321432 21.371788 1.3110633 -23.25797 -10.654961 -18.781755 -14.042545 -4.150191 15.095027 5.794058 4.5052323 -9.903519 3.2969348 -1.8954179 -0.3142021 -12.240894 1.771024 
-416.2972 177.8779 50.250896 20.802208 3.520238 -0.49320814 -11.878391 -6.7075872 -10.902721 -6.305751 -9.807358 5.8104706 3.0608099 4.429044 -6.397562 -4.585751 -6.295269 -8.909005 -8.963034 5.661944 
-366.5505 49.400047 77.29461 22.733809 7.9753895 45.58597 -17.79989 -4.359187 -3.8349104 -1.767398 -7.067571 8.955551 -17.861977 7.9196124 -8.777255 -0.43730825 -1.9032285 -6.357936 -2.5585613 12.331658 
-480.13254 136.93753 44.569405 30.79449 16.412163 25.953957 -8.66394 5.433175 -5.772706 -2.0336943 -12.916849 1.049601 -9.360429 0.92193234 -4.834629 6.4775076 -2.9672217 -5.119508 -4.6563396 3.5211077 
-452.5805 160.85625 30.237528 16.240707 5.049744 8.546063 -7.3400564 9.760049 -8.729422 -2.1618853 -0.71345073 1.8195313 -4.27707 -2.1420987 -12.593937 -3.0542989 -5.7247753 -1.7258773 -4.769601 4.645104 
-382.6653 105.52788 42.344177 43.831387 28.406853 13.257274 -8.187856 0.993824 -7.826327 -4.279919 -16.574234 -3.034371 -9.024974 0.34284484 -11.3541 -0.86176676 -2.839362 -3.1550581 -6.173154 7.710262 
-439.0138 156.0706 43.350487 36.381794 27.326633 14.363746 -11.776108 -2.5775468 -7.968266 -6.1223483 -14.782645 -10.130487 -6.679291 -1.9195788 -6.353853 2.2100377 -2.8690042 1.7750311 -3.3715928 1.8365495 
-401.27005 139.17336 49.18257 23.134438 17.025803 2.3856905 -19.786697 -8.862135 -15.460377 -7.1684756 -12.967318 2.5264368 -5.3818455 6.547258 0.1316095 9.006315 -0.6922422 -0.18853879 -5.0718603 6.765303 
-416.18637 131.25092 41.548183 39.624786 44.761936 21.469513 -22.73486 -3.1522927 -4.5726585 -5.555613 -25.993889 -10.70895 -10.301088 4.2982 -13.688069 -2.0295506 -0.2711043 -2.1294382 -10.613966 3.5740385 
-396.76053 108.4344 46.933258 47.29962 12.172636 19.664425 -5.2490034 1.3467698 -11.353671 -10.275568 -17.030273 -3.2646112 -12.434265 0.3882725 -9.819423 -0.23056401 -9.078994 -2.7173307 -1.9924581 2.15254 
-348.21545 176.697 15.699202 -2.116599 12.372621 11.622847 -11.380155 -2.2904747 -12.771135 -2.285649 7.1410904 3.7525215 -5.1794224 -13.098801 -11.5229845 -1.8652649 -7.463889 -3.1714911 0.8838341 7.493138 
-413.40036 165.12672 37.052254 26.529018 13.834602 13.508244 -5.118404 1.9757124 -9.62254 -8.670267 -7.131 6.564652 -3.0523844 -7.385592 -13.4021435 -2.175572 -5.1804147 -5.142753 -8.762045 1.1534659 
-396.35422 98.88084 23.184872 34.012405 34.68409 16.38472 -21.907152 4.8555703 -1.3470483 3.4340966 -14.9725685 0.0982577 -8.617591 3.6126409 -8.886945 -0.3238443 -1.9783832 -4.48301 -5.517724 7.941068 
-463.2411 155.4231 34.37642 32.798447 29.49047 25.204277 -6.80262 2.312148 -4.6850643 -2.0586557 -14.0846 -7.923524 -5.997807 -0.61485004 -7.642724 -3.3748128 -2.9470086 -2.1425846 -11.390614 -2.4650939 
-463.0657 126.52972 15.349934 31.377708 14.03293 24.101387 -16.054604 2.4346225 -0.67674834 10.225839 -7.833807 -1.2019521 -5.719449 3.5881696 -6.8226223 -0.9712802 -5.6491165 -2.609956 -7.0169973 1.573378 
-500.109 140.80208 25.628113 31.980032 7.008597 23.38697 -8.629044 7.4080877 -0.5737595 2.6586733 -5.351055 -2.2544966 -6.0166416 3.3606741 -3.2773817 -1.1547791 -6.4571204 -3.1851263 -7.2567053 1.9142613 
-396.49887 205.94698 42.25781 19.974253 -25.405663 -38.227627 -11.270108 3.2786577 -18.977005 -2.4565012 1.3134933 -2.4693813 -3.322992 3.7130556 -10.888839 -5.1796155 -7.375533 -9.608176 -11.40715 4.3160543 
-362.05844 124.1999 31.412868 34.525967 0.16486253 8.973315 -23.97305 -11.112118 -12.861578 4.9425836 -7.431159 6.8133082 -6.7544804 -1.4499823 -4.8193207 2.8142948 -9.804037 -8.755046 -3.4908562 3.605368 
-383.0388 122.41804 32.609047 35.3546 19.212494 5.4834847 -18.019215 -5.0078335 -5.925196 4.560115 -7.626198 1.8981868 -6.6381636 -1.6369318 -15.399117 -0.69572663 -3.0627692 -8.145451 -5.715879 7.8089733 
-466.87146 157.15482 34.842377 38.001606 24.69778 23.91705 -12.762624 4.8309565 -1.6102238 -5.499045 -11.772934 -12.042011 -5.1588507 -2.7015882 -9.404118 -4.1696897 -0.31372994 -3.2672594 -10.387934 -1.6710222 
-488.8358 137.72955 29.61304 39.82856 14.26202 16.090174 -10.7390375 7.356225 -4.415558 1.7473812 -11.26532 -5.7928753 -16.085417 5.058785 -4.1911335 0.8604977 -6.0813622 2.626644 -9.683402 1.7661948 
-464.60336 143.2851 31.442617 31.73288 7.9991083 12.29112 -8.418411 2.4772236 -9.989201 -5.229696 -4.3361692 5.722166 -3.1739774 0.28512082 -6.3136163 -1.5968257 -4.655041 -1.8052773 -11.604341 1.1480968 
-398.13135 166.77806 44.993362 27.607178 6.636145 -3.3974771 -18.971636 -9.28491 -20.225323 -7.632137 -2.627641 16.732096 6.9988647 3.1564722 -6.281587 0.32054794 -0.27457428 -3.4631698 -10.172939 -3.2989323 
-448.35773 173.41908 42.23439 31.15725 16.31546 6.092765 -17.732319 -4.2665844 -17.560677 -5.742791 -10.186352 10.953566 1.4778007 4.4054537 -5.7263575 3.106149 1.6573898 1.1250684 -10.146976 -0.008938577 
-501.22818 154.10634 31.961246 30.482002 13.863609 20.874647 -10.7492075 4.8076305 -6.7732944 3.1887403 -8.38756 0.2926482 -5.2539444 1.7227107 -2.409564 6.155225 -6.3100824 -4.2730203 -6.5223656 3.1681397 
-495.42984 149.3245 24.52583 28.684309 9.027451 21.842031 -7.0923276 9.556013 -4.791063 0.17866452 -7.7714334 3.9699876 -4.613394 -2.6059167 -4.0538464 -0.14325884 -1.8421636 -2.9386766 -12.393056 2.8401334 
-433.6151 125.885376 12.320467 30.76379 13.290924 16.278982 -2.562339 9.341151 -2.9366314 4.1749816 -8.861772 -1.1580274 -10.826308 4.6625285 -7.1072226 -3.007338 -10.336934 -4.157453 -8.416409 4.2235737 
-476.49393 132.40114 34.360134 22.025455 2.6485574 17.7893 -5.1228204 10.453062 -3.4266775 -1.0930436 -7.3324947 1.5695164 -9.298788 0.73563105 -7.3161793 2.0169678 -8.445576 0.5933122 -10.202476 -0.9911487 
-477.00964 132.07259 32.81586 24.72224 9.874793 19.972315 -5.747138 9.643447 -1.1997215 1.7238251 -8.688989 -1.1510282 -9.374984 -0.524313 -9.421103 2.53637 -7.7687335 0.05919601 -5.868823 3.5449336 
-387.0125 104.90556 38.918842 30.833422 16.643944 20.439238 -15.640808 0.12205211 -2.3500333 -3.347044 -9.510421 1.233139 -10.593085 2.6904798 -9.3141985 1.2058457 -5.1073365 -1.6851921 -0.4103325 -0.33235702 
-330.90613 139.5152 50.418682 34.1259 11.135687 8.90399 -22.916512 -3.3830385 -19.714794 -11.788117 -13.7452135 2.0845003 -6.020404 -4.9397545 -15.362362 -2.0023243 -1.6135297 -3.230256 -3.3795788 -1.7885957 
-335.89908 105.91348 60.05119 29.07601 1.4099034 7.0009713 -4.3318453 -15.858787 -13.616197 1.8390263 -14.84543 -2.1338906 -8.6538105 4.0740514 -8.612794 7.8257275 -0.3013408 -1.140476 -1.845125 3.7813787 
-365.88123 105.65738 60.89127 38.080887 16.59183 12.25296 2.2672937 -11.151855 -13.213106 -1.1908523 -18.10677 -4.4403043 -8.78432 1.3879199 -12.450818 8.901468 -3.065628 -2.3062963 -2.437089 9.3984 
-400.96567 163.46849 62.25687 34.49173 -1.3085623 -2.9417217 -20.335985 -7.4592185 -12.427087 -3.3101585 -5.9771953 2.1808305 -4.924414 2.0503702 -3.2556102 0.131654 -3.7276907 -1.7041757 -7.12097 -2.309742 
-462.91895 126.77867 29.407284 32.0072 11.829725 14.864203 -7.412528 6.0067635 -5.1248584 3.8058107 -6.8221955 -0.28956044 -7.1536813 0.14380445 -7.230044 4.036388 -7.047562 3.4828808 -8.302351 0.060834877 
-397.49545 186.5329 26.16915 10.4807205 12.5537405 -1.9516966 -24.61408 -14.160982 -18.544737 -1.245967 0.15673405 3.3312044 -1.2274482 3.9574068 -9.22689 2.1852446 -1.792728 -9.350429 -14.605129 5.636502 
-356.8238 197.18901 38.88746 -0.8738244 -17.648623 -32.035225 -11.345504 10.576203 -18.2598 -6.1387353 16.225193 6.0315127 -9.976357 8.282187 -12.955579 -14.728733 -5.2167616 -1.4035678 -10.135046 7.779748 
-442.32257 122.63074 44.997116 25.963383 1.3629142 16.964617 -13.646478 5.892562 2.1703196 1.3355386 -2.8602114 2.569406 -3.2788706 10.74866 -4.843265 2.2843378 -2.0444336 -4.2320194 -9.717387 -1.0054536 
-448.49332 106.54008 38.216778 39.931057 6.094529 23.383373 -16.780096 0.016909493 -0.5175898 0.7372215 -6.5473156 -2.3452337 -10.5358 6.68973 -5.57022 3.8736577 -1.6165406 -5.5046387 -10.317516 0.47164753 
-514.4858 150.14584 34.797287 30.490587 7.234763 21.769066 -8.173182 10.927517 -6.078545 0.34152025 -10.092095 -3.2172475 -7.9063644 2.672012 -5.3449273 4.78536 -5.8030057 -1.906098 -11.241381 0.26144388 
-472.59534 126.338326 32.973495 35.057663 4.406897 23.519554 -6.2700877 10.973429 -1.4866952 1.1498163 -6.5437627 1.5380149 -10.161282 0.57193196 -5.452445 -0.0017572509 -3.7540371 -2.243509 -9.19713 1.5433717 
-337.98703 79.83913 66.98776 16.192192 8.274804 29.17437 -23.301504 -0.7311475 -9.04594 -7.055202 -12.016418 4.9720163 -9.295194 5.5900307 -14.784617 2.671549 -2.3960726 -6.4323554 -2.247965 3.220755 
-395.2326 177.20969 53.583828 17.60172 -2.2344553 -3.219565 -15.681671 -6.08677 -13.423037 -0.9873784 -6.5190206 4.3506975 1.7221282 -2.0783682 -9.292913 1.6372706 -4.5459404 -7.105949 -4.81641 -0.07596503 
-400.23743 182.46033 40.116146 24.3629 30.985086 2.459015 -20.198626 -13.148392 -11.315296 -7.55223 -2.8094573 6.413069 -2.1385007 -9.082079 -12.436372 -1.5109853 -11.183224 -12.829764 -9.211076 3.565119 
-410.97937 176.90573 28.67944 14.812236 5.699246 5.7689657 -5.8244057 1.5705594 -8.677376 -1.0004908 1.4230024 5.3762593 0.9587382 -8.14112 -15.069739 -7.616699 -5.9252167 -7.0820737 -5.7433186 3.1851578 
-312.64578 176.22362 -4.8703256 -9.110789 7.346842 2.6578 -19.723122 -1.0785836 -12.037925 7.990398 16.640005 4.6283274 -3.7809858 -12.920005 -3.7654982 -0.42944577 -13.163219 -3.5506716 -4.2966566 4.2840867 
-387.64713 163.70673 40.969093 21.555195 22.196531 -0.06583337 -22.873333 -12.187207 -13.235747 4.3353443 -12.865394 -3.3405561 -0.81235623 2.79974 -5.6788177 4.4520507 -0.3945803 -2.7349277 -5.3591824 5.4432163 
-446.7712 131.0956 32.529507 22.292511 12.20788 20.462996 -8.238435 2.395049 -6.0554223 2.914048 -8.763541 -2.1000304 -8.026984 3.7645137 -6.591328 3.841381 -6.752514 -1.2008271 -4.486757 5.2163677 
-390.77808 172.59442 44.21349 16.558565 0.39134464 -7.9051776 -18.451607 -8.20192 -14.795013 -3.8718991 -1.1925428 10.963634 -2.5698428 -5.1632223 -9.907828 0.19500609 -5.12689 1.0396276 -4.2096114 -1.0105692 
-409.526 196.66707 45.02927 25.603405 0.007434633 -21.410954 -30.11414 -3.7398958 -8.218203 6.366018 9.925478 2.9285092 -4.70565 3.380477 -5.661728 -4.0369744 -3.7409232 0.65895545 -11.120546 -3.1288924 
-379.88824 188.10056 40.940754 1.9014462 -15.81604 -13.023289 -13.882198 7.514155 -12.464144 -1.4493948 -0.8962649 2.2967348 -0.95286345 -0.010304372 -3.546301 -0.91033405 -5.4589024 0.9078009 -7.1583047 1.453169 
-394.97946 186.38762 25.204245 -1.2547536 -5.6173763 1.3501909 -7.385948 18.747387 -2.4623983 -2.5260618 3.599974 12.014557 -8.884522 -10.492068 -10.190408 -4.141868 -12.3229 -0.41264826 -2.6440423 4.268603 
-402.62634 157.96771 25.689758 19.699373 32.970528 18.214338 -20.28814 -21.67273 -10.653473 7.118113 -12.065493 -7.2051425 -2.144024 2.1223156 -4.634815 -0.46854702 -0.1540694 0.48440823 -5.2187505 -1.819849 
-422.10223 137.87271 54.563442 36.655514 9.806052 8.572744 -6.845822 -4.271999 -11.788634 -0.81008923 -9.815641 1.8803395 -5.4697514 2.4070196 -4.4404616 7.327299 -1.7941685 3.7177896 -4.771441 4.3101707 
-434.34363 98.26949 25.23807 30.526754 10.717417 16.566671 5.218876 1.4136094 -8.4019575 3.1499562 -6.184583 3.3275292 -7.144081 4.000835 -6.392576 1.8974631 -5.172102 -0.3296192 -6.758987 8.746418 
-384.29572 125.96167 71.20273 33.722237 3.988332 -3.7818227 -6.5855613 -9.969046 -15.347463 -3.8549902 -10.83006 -3.2822948 -8.063524 0.8128925 -10.691547 2.534022 -1.246658 -0.6101149 -5.6914177 8.135326 
-442.19415 102.837135 62.404907 29.83466 12.694253 29.247114 -9.49932 2.4783332 0.35819638 3.1300669 -7.772959 0.98265487 -9.467603 3.8844426 -9.385714 0.9241507 -3.064084 -6.007411 -7.3868766 3.6081839 
-381.6942 172.55579 26.910912 9.117368 19.924002 23.239616 -35.2179 -20.470268 -7.2831597 4.5681834 -0.5942404 10.46052 -4.4142666 -5.001997 -13.969431 2.0887518 -7.079506 -6.214569 -7.197425 6.8530884 
-386.49216 83.85429 24.058441 53.464817 12.349891 20.64821 -13.627411 0.7230765 -8.121467 7.1410785 -13.852197 -1.7098122 -8.752613 1.7204338 -11.028254 8.411797 -4.212461 -12.411325 -6.1053696 5.489916 
-413.98865 69.31054 55.934025 22.248732 6.363699 33.387787 -14.86635 9.389657 -4.091748 2.368872 -14.865816 -1.0872571 -9.932743 7.896536 -12.342568 5.7726173 -3.329918 -7.439789 -6.0024295 2.8262727 
-375.82043 96.39436 13.850528 33.21199 9.451183 21.546339 0.7416418 9.951583 -13.20774 -2.8681822 -11.921485 3.907622 -9.0539255 -0.46988642 -10.960214 -1.6608502 -10.869678 -0.62211823 -9.916666 3.7042503 
-482.70892 118.9351 34.708492 32.84095 5.3792095 27.11022 -8.557675 12.580317 -4.70292 0.26346377 -12.600571 0.77601635 -11.671916 0.82291687 -8.168001 4.217566 -1.3840128 1.560182 -6.8251653 2.137667 
-430.77786 113.235565 32.90473 18.344492 6.96612 23.737679 -19.112114 -0.42561784 -7.86787 9.601887 -3.6309729 7.5968986 -7.960483 -0.1161685 -15.358063 -0.23449291 -7.9825463 -5.859383 -11.067248 3.8894033 
-445.8377 85.331436 51.889412 21.524546 7.3039684 30.002947 -12.377178 8.369704 -4.503765 -1.7318971 -8.369549 -3.350865 -10.666905 5.4034343 -7.4125977 6.5180006 -5.6484146 -3.473239 -11.607518 2.317509 
-451.7848 109.48506 34.32076 29.015835 9.087597 17.115055 -4.560116 12.046078 -6.6167946 -1.6049731 -14.410307 1.1348803 -10.252459 2.4488392 -6.747753 7.1127305 -8.682154 1.4741948 -9.099899 4.583001 
