-265.31262 119.86452 32.03762 16.653385 -11.569008 3.9323206 -2.9737902 1.9251302 -33.549023 4.2685847 -23.293097 -0.79723096 -12.88722 19.176931 -4.011564 -10.787517 -7.2870493 -4.228883 -15.260227 5.5677667 
-225.59334 83.638336 23.412985 13.00057 -12.724855 24.726152 -21.911203 6.555854 -31.204502 10.108882 -17.39079 -13.9402075 -19.4547 18.97254 -7.4232397 7.625059 9.413307 20.658424 -3.094518 12.561813 
-210.54118 129.05867 -29.936287 3.0068161 -6.972775 14.958784 -3.2115364 -1.032268 -12.836198 6.970559 -14.332336 -17.620502 -16.102346 12.561031 -11.991085 -11.562057 -18.315586 7.2808433 -13.364087 10.910849 
-323.2663 134.31041 15.130764 30.775438 8.033504 6.6204443 -11.934913 -0.8219454 -13.9827 -8.232348 -13.839002 6.0681086 -25.235258 5.40865 0.8322898 -3.6309137 -6.196726 -2.4115944 -8.114462 -10.05792 
-298.2258 130.83792 37.711315 39.392517 -18.472437 -16.425772 -0.41271985 -5.9639907 -23.696577 15.86096 -27.363066 5.0815606 -17.647652 7.6990356 0.7140195 -3.5429127 8.85201 -4.4048386 -10.844593 -9.279821 
-283.26312 139.85892 16.55878 27.86634 -27.45314 -6.786497 16.576546 3.4177885 -23.624197 7.0221167 -22.912477 5.2311497 -15.744902 14.23792 0.5635479 -3.5287764 -3.1197362 -4.961378 -18.798372 -4.046639 
-257.0006 99.30095 24.960781 15.573857 -19.44391 18.117887 2.3408432 6.291465 -28.093458 7.056309 -13.666996 6.041544 -12.35587 9.292023 -3.7997103 -5.7360144 -8.065662 0.5107022 -18.648125 -11.121818 
-241.71066 148.44893 -6.317827 -1.3353019 -12.811152 4.4617248 8.232563 -1.200557 -29.749546 6.505623 -13.603377 7.985438 -20.139593 3.2879176 -3.1181345 -14.326582 -2.447831 -2.1636715 -18.275906 -6.8516946 
-221.73264 77.95381 25.175978 15.598541 -15.640287 22.138191 -8.530864 -1.5146565 -22.089455 7.667936 -6.1388855 7.1575217 -16.145416 5.4305744 -6.0803227 -7.4314675 -3.8457239 8.387767 -14.484761 2.108343 
-265.05658 103.22485 19.429844 23.87597 -3.088962 21.976992 -11.019424 6.4394093 -24.174166 2.4925566 -17.05425 -0.52262473 -20.135338 15.544473 0.06862429 -5.5948105 -11.046031 0.91142666 -16.1333 0.5638606 
-259.107 161.67682 -1.624768 -1.1069378 -28.830269 -4.8061123 13.592345 13.069912 -22.82236 -3.674094 -16.987225 -2.8974323 -20.33095 15.040134 -5.7877417 -7.174654 -3.497898 -0.88838995 -13.109752 -15.22118 
-247.9457 153.05273 -49.891464 9.271293 -8.929322 9.994215 9.183324 8.163724 -20.762852 7.8110046 -8.125482 -1.4916269 -25.648275 13.425022 -5.4907565 -11.9223175 -3.1399581 -2.1738265 -8.208218 -1.1350335 
-245.07913 98.65156 11.567497 15.274833 -19.07796 15.818134 3.6163576 6.877985 -20.996256 8.762082 -11.148328 5.497318 -11.852741 8.0982685 -8.256642 -10.739516 -1.4857521 9.776127 -16.31365 -3.7840238 
-213.94466 142.21944 -35.148052 0.8956972 -21.68496 8.422951 27.824768 4.360498 -32.62352 9.382785 -19.412336 6.039092 -15.50252 10.347773 0.0631627 -19.903067 -4.540087 2.2941427 -12.053738 -3.4250307 
-283.342 139.69908 26.522724 17.280209 -3.941614 4.632296 -2.8747058 -2.042823 -38.036697 -1.4252229 -20.204033 6.4847174 -7.099543 0.5050316 -5.0134153 -2.8255055 -6.6209607 8.53225 -10.805737 -6.3925714 
-271.38287 155.1733 -24.59249 14.997101 9.373026 11.537636 -5.4634185 -2.045094 -19.574022 -0.94616956 -15.945916 0.45401108 -11.551603 5.560844 4.8438063 -8.806795 -15.82336 8.382939 -13.353139 -5.7226205 
-287.24573 143.34372 -25.301613 33.923203 10.869617 -12.34593 -5.948547 0.9108558 -13.865168 0.6224015 -16.487724 4.0961595 -9.646036 -1.3015939 2.6655667 -3.1346273 -9.241411 2.3519928 -7.207926 -3.7751775 
-284.07 152.09828 -18.646511 9.240518 12.671288 8.329464 -9.138446 -3.9151764 -25.026756 0.63757026 -13.048575 0.5554849 -8.089421 -2.666518 2.4554307 0.30825785 -14.283016 0.63894093 -4.277682 -7.247318 
-275.46008 129.89044 -34.66157 19.708809 16.86086 16.438883 1.9038413 7.533043 -13.371236 12.404379 -16.821692 0.6353576 -4.80011 -3.1368437 9.439831 -13.101179 -19.841421 8.899085 -6.261005 -2.9659417 
-373.9965 123.800255 22.135963 33.04217 16.354383 15.428558 -8.085677 8.762456 -10.810613 7.0607953 -14.990958 1.1368616 -11.964301 3.4111824 -7.4349313 4.721193 -13.657081 2.325475 -8.575461 0.9693185 
-357.23868 119.06909 6.22063 36.916973 19.271246 16.662395 -3.1004367 9.097792 -3.1468654 12.134366 -13.093301 -1.7303177 -8.137778 11.820166 -5.371176 0.40968582 -14.524587 3.9129384 -5.2493343 -1.3601557 
-390.26273 133.33496 17.62673 31.962486 11.570579 11.502422 -9.363306 12.278585 -9.398559 4.444252 -14.451126 1.8569902 -10.337365 2.5196857 -7.456881 1.9533437 -10.612438 7.3022494 -8.557927 -3.0668492 
-275.55176 112.26926 12.800304 31.57969 -8.500432 14.72928 -1.1736493 -1.4906074 -27.520107 3.7703874 -15.561079 0.32168084 -21.11891 12.832354 7.434728 -10.769011 2.1127195 -2.1714919 -21.413927 1.6300788 
-219.33669 99.90836 2.257098 12.72887 -12.063801 26.310646 -4.41514 4.624839 -27.92028 8.770226 -14.464359 -9.64748 -13.691448 11.53441 -1.909135 -8.734157 -4.3094997 3.067504 -19.888836 0.329566 
-194.07178 130.4768 -33.493046 4.5588837 -40.057377 11.539158 26.313545 19.378883 -44.3835 15.349247 -30.199575 -0.8378427 -1.0932882 4.03793 6.8796654 -23.016327 3.9000006 1.8015851 -16.340975 0.20564961 
-237.6173 112.862625 7.2718515 28.238142 -6.408979 10.814069 4.5867863 -11.204609 -30.378532 11.127241 -19.580595 4.3927884 -13.751856 8.529439 8.804889 -10.281614 1.5699975 -7.081059 -16.073072 -3.2139692 
-219.61362 132.51024 -20.745792 23.440605 -15.918034 8.147374 12.8672085 -21.324022 -33.104477 29.604977 -12.218733 8.502303 -17.11504 4.959407 4.812549 -18.401499 0.32449034 -5.0162477 -11.671132 7.855585 
-245.33333 131.61713 7.8505926 12.13343 -17.402672 -3.6159058 2.9941804 1.4627783 -39.396194 3.4874856 -16.863838 9.246474 4.758422 11.587031 2.2475739 -10.471321 -11.315199 3.151198 -12.71288 5.514996 
-270.97 131.81958 -10.794955 46.960823 14.773902 -10.370655 -7.1533575 -9.243583 -9.749179 2.188505 -26.943392 9.484626 -7.2630134 -7.1085324 8.571232 -5.727346 -13.802823 7.400199 -5.932473 -6.329243 
-257.8136 153.22923 -7.075375 18.136114 -15.28069 2.6719496 3.5703344 10.558369 -31.642601 3.6374037 -21.609627 -8.605094 1.1483934 8.89365 3.4680958 -15.972536 -6.528552 3.854337 -13.35179 -2.1556227 
-287.81296 156.7084 -1.3961209 12.173473 -9.4180765 -4.9259515 11.253494 11.39752 -29.470364 -8.179165 -15.016122 -2.652661 -5.3501806 9.489137 -2.6755037 -9.495636 -6.556554 1.6035807 -9.64606 -3.1100328 
-270.08456 139.4858 -8.655161 26.254387 -6.4828544 6.028323 -3.081174 10.329926 -37.373127 14.2444725 -16.681854 4.793417 -15.216236 4.2923846 8.096623 -10.221291 -5.486325 12.704167 -8.787586 -1.6420237 
-292.823 102.20981 10.057408 37.48033 27.121885 15.534807 -28.797207 7.05184 -15.872421 10.205536 -25.018972 -9.285748 -7.5047817 7.971863 -2.0095787 -7.0394697 -2.6855953 8.763147 -6.55063 -2.1036904 
-285.54224 136.73085 -5.5693555 34.214214 28.882473 12.579456 -19.216242 -13.839607 -10.286674 12.250775 -29.766249 -14.238671 -0.40891993 5.302797 0.20197529 -6.641766 4.7774816 0.18958966 -0.7779431 -1.0805277 
-295.03772 129.60576 -7.978362 26.289547 8.77877 11.612757 -11.831271 1.4997888 -19.253477 10.215812 -13.771854 -3.7564294 -11.499132 5.041558 0.037797503 -8.23144 -11.457179 6.190858 -10.98251 1.2336503 
-277.97394 148.62784 -28.285849 27.04361 16.536549 12.915996 -9.022174 4.370716 -7.15777 6.6298504 -16.002829 8.382272 -14.490276 -1.9166207 7.3157535 -8.79808 -12.98233 10.8872595 -12.227184 2.2298121 
-273.37625 118.53746 1.126813 13.677376 -6.6883307 30.879408 -2.5565903 16.05803 -18.346527 -0.5790416 -14.803692 5.2872124 -13.056054 0.18574217 -5.5673165 -14.37686 -16.131016 8.48794 -15.092963 -4.4385743 
-264.96606 111.52409 27.649805 9.689587 -28.268244 22.180126 2.2738216 18.824238 -23.2249 -0.43994614 -15.630992 2.3171756 -6.270174 10.380262 -4.288076 -6.6805253 -7.655065 11.618717 -13.11481 5.1442943 
-297.123 123.146484 27.976688 23.105728 -1.8032873 10.320134 -13.555879 4.112214 -22.643135 -1.0443156 -10.986223 2.3533988 -17.230175 12.166899 4.5510154 -3.97926 -13.32958 2.6009755 -11.394055 -3.179596 
-282.69107 105.755646 30.755608 25.478886 -1.4717132 18.739712 -16.237803 3.5970256 -17.069893 -3.0193994 -9.568096 -4.1967306 -10.959009 9.584193 -6.6307425 -5.8095064 -6.9987845 0.4343979 -12.554089 -0.82523465 
-285.33365 135.76402 4.0849676 39.10974 9.703075 -3.023099 -7.6479254 -8.707622 -28.15751 -8.515347 -15.206894 -4.1756697 -4.062221 6.343704 4.3905873 -6.402601 -8.720449 4.9066825 -10.104343 -0.2950877 
-250.72914 137.67809 -10.148089 18.554636 -3.2387025 13.118336 -11.423038 0.35020787 -28.035011 1.8420334 -12.1170225 -7.7857547 -2.6051967 8.166689 -2.817191 -1.329247 -11.519946 4.8834925 -8.904275 -6.903312 
-286.3449 130.39458 8.589627 11.497031 -0.18632242 20.317799 -19.68122 11.550377 -33.009537 12.143609 -15.799672 -10.480946 -12.101182 4.4127116 0.429222 0.6468634 -9.980306 12.134347 -12.088677 0.062266774 
-295.60645 139.74744 -8.830471 52.622513 4.6576753 -5.387875 -12.774814 -17.35981 -25.723185 3.2221367 -23.21865 -2.1472044 1.5325434 15.614979 6.20575 0.54041725 2.0433137 1.53886 -16.108284 6.3839984 
-354.30453 131.09814 7.7113385 40.732876 9.320779 3.8442917 -11.407467 -1.3804537 -13.025049 7.5062127 -17.046583 -5.2787404 -11.388269 15.03893 -4.5882783 -1.0338452 -5.8866925 5.300401 -12.878305 -5.419466 
-368.45605 126.1709 5.926786 32.78111 17.077448 19.046307 -0.71897686 10.252221 -5.1093316 8.869299 -11.895153 -3.4497998 -10.27857 8.154847 -6.1522617 0.8985713 -13.06032 3.2782216 -7.6678076 -2.545475 
-282.32123 116.3012 6.0357723 12.46453 1.0483067 26.179087 -7.380566 6.4362926 -21.911097 3.6447232 -15.040578 -7.6084127 -17.385084 9.218238 -6.241432 -14.849762 -6.9952993 -2.5850348 -12.643803 -2.8921149 
-172.2448 134.38814 -53.959553 -4.53758 -23.404545 16.883738 12.354313 13.035976 -28.956306 3.7177756 -13.245891 -14.258862 -24.576155 23.53376 -3.3786948 -15.809594 -5.3968143 -16.398848 -15.6614485 -3.8935628 
-239.37723 147.88797 -32.384228 23.726694 -11.325688 -4.165867 1.3538413 2.7508965 -9.2955885 -0.7032374 -16.170223 -7.0949316 -13.523233 14.817622 1.1477033 -8.72477 -1.1975043 -2.30363 -3.0968645 -11.193819 
-288.71088 129.61153 17.946611 26.826107 -8.10647 -4.4522033 6.0330477 5.526071 -28.607016 -3.2135537 -16.496437 -3.098214 -11.284212 8.402087 -1.1319612 -6.648274 -0.955228 1.1142688 -8.119757 -4.2508264 
-259.8028 132.03093 -11.1527405 35.158665 2.3792448 4.052213 -21.775198 -6.726202 -29.55215 8.237791 -13.12317 -5.0686016 -11.394304 6.874691 13.520115 -16.29197 -3.1649542 -4.594897 -2.4336476 -2.0708942 
-254.69081 133.87306 -13.444869 29.622108 0.37267864 6.4022846 -9.180139 -7.192105 -31.053772 10.680096 -8.012322 4.3570356 -23.925377 10.429419 4.5522833 -17.350986 -3.5261774 2.5988233 -12.037719 2.800763 
-235.65549 135.77957 -35.782936 12.282553 6.113643 14.381443 -10.378381 7.7374334 -21.311451 4.8063703 -19.873014 5.274069 -17.492334 2.1783917 -2.2159102 -16.839663 -7.4081583 2.172528 -11.175535 3.0816617 
-276.98483 111.912025 14.317459 18.06808 6.8798547 29.427237 -20.027084 8.889891 -13.95396 0.22303578 -15.17281 -7.699757 -11.026502 6.7161083 -2.3072395 -15.233446 -9.714589 4.0608525 -13.924739 -2.7383378 
-239.82983 129.68355 -8.801162 15.955787 -3.6235495 11.943543 -11.502795 5.1647177 -34.5252 11.817741 -12.963549 -3.5042076 -15.004828 5.3147235 7.7698264 -20.556961 -1.7815255 11.114119 -18.029108 3.1805904 
-277.3048 160.59566 -2.1592414 17.841394 -21.368357 -8.150127 11.20895 4.0738034 -34.44832 2.4409559 -15.079939 6.956989 -14.127731 6.891601 2.339994 -10.402203 -1.9386773 0.9828603 -20.744087 -2.9784002 
-253.65378 76.65726 35.812542 38.716793 -1.3083978 18.98707 -26.720266 15.093635 -25.059855 -6.267877 -12.798839 -3.5573912 -9.816342 8.562702 -5.917474 -5.1371546 -7.2002583 7.4659405 -20.21656 -1.2144814 
-267.6195 100.98465 18.521702 36.68906 24.35381 10.385698 -26.485653 6.461353 -24.628794 9.813539 -19.690115 -13.480335 -10.26981 5.710627 -0.3452016 -6.344992 -7.673548 3.1948328 -12.641041 2.7648304 
-258.5724 142.6811 -11.29952 2.089828 -19.521322 12.664606 6.375156 18.615444 -34.08746 0.38583237 -8.065665 3.112228 -5.466394 0.18341798 4.203883 -10.1172695 -14.615029 5.717512 -9.349157 -4.2282047 
-331.64993 152.23744 22.902245 20.553476 -16.452421 -11.010677 -5.8000593 12.968829 -18.32575 7.6891217 -14.609419 -2.2042534 -0.8917018 3.9319267 0.077999964 -1.3161088 -8.243836 0.47156334 -12.503498 -6.6683717 
-230.1407 136.88525 -22.039017 9.935218 -8.597599 17.88911 -6.27833 13.365849 -26.8402 6.8029838 -16.582685 -9.241932 -23.126505 14.554874 2.4329984 -16.557888 3.210858 -1.1155926 -15.867081 -5.5053687 
-210.53743 122.22616 -25.21457 -3.5616863 -22.427664 27.346676 13.894208 17.998158 -32.905876 11.05989 -17.17198 -13.029452 -7.7467093 3.219764 -2.5024278 -8.246235 -8.099865 3.0439503 -17.249527 -3.8223865 
-227.92242 152.40894 -39.094246 -14.936992 -18.059534 13.996329 11.725129 10.944467 -34.37397 9.393052 -11.37687 -6.5106525 -7.966375 -4.5216274 7.5991874 -12.107144 -9.657479 7.724813 -15.343726 -4.9287486 
-249.98639 144.93394 -12.916171 3.1295285 -7.2018 10.791916 -3.2000332 -1.9451296 -21.137367 9.055046 -16.180044 0.10405784 -10.266905 8.439474 2.3483276 -14.871798 -2.8645198 2.0971932 -12.173544 0.9467313 
-284.7057 148.86505 12.914776 25.172762 -16.778328 -5.1995535 1.7976998 -5.8273115 -34.903385 3.7006962 -18.520987 -1.5334985 -1.7046661 4.352944 3.3186789 -4.146979 -2.618601 0.6035389 -14.989051 -8.223504 
-280.36154 150.14606 -0.65564007 21.454357 -10.782532 5.2578177 1.7094574 -3.4707863 -27.030539 1.8794312 -18.184635 2.2314773 2.647472 -0.24510187 10.142197 -5.8141932 -5.6921773 -1.5766822 -11.038422 -3.8168073 
-311.02954 121.687294 31.84831 35.84819 2.2089863 -5.0834613 6.0830503 3.5932093 -24.615774 9.833472 -19.30386 -5.2542424 -7.5726175 5.8597813 -4.7156043 -4.93664 -6.431356 -0.3821087 -8.318259 1.6013471 
-288.95975 148.57663 37.75276 25.693398 -27.943426 -22.613981 -4.467511 10.442815 -36.352596 20.079538 -27.568619 -2.6834197 -5.1245418 6.3624525 7.873693 -0.35201502 -2.7592113 0.5827598 -15.580275 -4.007662 
-357.24268 144.47012 26.365984 27.1988 -1.2516719 5.7879205 -5.004717 8.829248 -20.130487 0.89109015 -23.364134 4.8987513 -4.994943 9.437365 0.55578053 -0.13295491 -10.863254 1.3424146 -11.850801 -2.6567407 
-393.2619 134.54529 21.4014 35.17626 14.786521 15.271678 -4.4311957 14.765971 -9.278683 4.146005 -14.615932 -0.11372529 -9.666365 2.429833 -8.673333 4.0500317 -12.086514 3.800992 -11.550756 -2.433125 
-276.24637 154.38016 -16.253344 14.539163 -8.291555 5.5433803 8.219323 12.662796 -28.983255 2.1671503 -10.064997 -2.0608685 -5.650774 -1.4295974 -3.0849097 -6.526663 -8.992421 11.581385 -12.515118 -5.6734204 
-217.84283 133.1292 -45.37131 34.49791 7.676199 -18.504477 -13.412349 12.218807 -13.514993 2.9560072 -15.289285 -9.423828 -5.2724094 -4.8097663 6.677825 -4.366425 -9.497063 6.8150125 -10.4606695 -3.0613403 
-272.17734 52.10928 47.88499 40.71717 -3.146756 22.831306 -25.11733 25.027601 -27.793789 0.022049163 -8.878473 -1.6490561 -7.4701557 5.7219214 -15.6610565 10.15924 -8.74002 2.7283347 -6.9960485 7.053203 
-370.00763 119.684814 25.86737 43.1508 8.372356 14.697749 -7.9902935 15.634022 -12.521116 7.5685425 -10.2828455 -1.5498822 -13.93401 6.7334323 -9.266532 4.1726294 -9.894093 1.5191138 -11.96985 1.8310388 
-337.90662 130.41779 11.349818 33.251595 14.920704 6.388742 -4.982239 3.677992 -26.001057 1.1878276 -5.8181305 -1.3070558 -7.6971874 4.6050158 -3.007334 -2.6354725 -5.8033285 -1.5857942 -9.38726 1.7715391 
-220.41132 120.22484 -34.73583 41.08343 2.837777 -1.9108742 -17.939539 -6.5082774 -33.82271 16.854528 -15.3921795 -11.450846 -2.863794 5.214163 4.3138604 -12.591835 -2.5217578 1.3585492 -4.7180862 4.752728 
-224.94048 139.5548 -30.795692 14.13443 2.4605346 10.629138 0.91358906 3.6742685 -30.94495 13.916969 -16.005611 4.2488737 -10.843017 -0.4744025 3.9599495 -17.071014 -9.3483715 -0.3488315 -8.802198 -2.6430943 
-268.93396 122.89666 -18.557825 53.89947 16.512966 -20.84416 -12.164356 -3.6482353 -19.178322 -3.1138127 -21.27836 0.45905155 -1.1827872 6.9958405 -3.840733 -5.911249 -2.17661 3.005725 -15.026666 5.6231456 
-331.5082 100.11575 -2.6818626 45.49974 7.0057 12.00973 -12.502948 10.665492 -13.649807 12.141641 -12.087652 -1.8555001 -15.478455 19.805733 -15.221673 -0.71120566 -17.005192 -0.2482871 -11.045382 1.3827256 
-298.64975 111.41049 2.2060728 41.136845 11.137081 -5.227845 -11.263065 14.79845 -14.709525 4.790143 -12.02874 -0.52559805 -6.7439265 8.394486 -8.069073 -4.4768734 -10.01009 -1.4033533 -14.986857 -2.5916853 
-252.19667 120.40435 -15.794497 53.099716 11.07613 -28.086334 -4.4832425 -1.6798557 -17.191116 -1.5062275 -14.317871 5.575039 -11.817272 8.359926 -4.324241 -8.406322 -8.7627325 -11.190306 -8.839405 -13.398208 
-382.09485 129.38632 23.858278 33.698288 17.34182 11.565507 -4.7581654 9.310016 -9.396981 6.0555634 -9.610813 0.9199965 -11.90945 -0.28176296 -8.459507 2.7223132 -12.06378 1.9066434 -8.373516 -1.5360923 
-285.02872 142.2673 -17.11461 15.558648 8.80898 1.0286283 0.67814213 4.001894 -17.469345 17.672844 -16.696402 -0.29488897 -16.99803 10.405295 -9.340444 -9.660991 -10.327029 -7.4079037 -7.584114 -4.692693 
-289.43558 153.92863 23.414715 16.754623 -17.473518 -19.240719 -0.6006934 10.295261 -15.7135315 21.303112 -22.80024 -3.9942026 -16.163494 -2.778476 -8.464512 0.42880628 -3.3254871 1.3292174 -7.566637 -4.3205786 
-261.66016 149.55255 -11.723803 12.399013 -27.58192 -6.4066067 10.470105 15.148167 -33.564987 13.555347 -18.08805 -4.0258875 -7.532076 4.474061 2.4803684 -11.284515 -5.3463473 0.84564537 -10.924861 -3.5838368 
-237.94211 151.07689 -3.671374 17.438211 -21.547688 -12.69683 11.191624 1.453335 -42.9149 4.087581 -14.474178 4.810002 -9.55522 10.043489 2.8084514 -12.259168 0.054798976 5.2525764 -10.371272 -4.6459866 
-249.63184 149.93854 -27.53675 25.038357 14.182147 -2.5443263 -13.31644 -0.49303633 -16.132328 9.536467 -15.828552 2.5350924 -4.6480966 -0.47205937 -2.4073312 -7.6956263 -9.854092 8.207484 -6.772944 -0.39176837 
-257.70984 109.127716 19.613106 34.975567 0.038519964 12.007343 -28.41226 9.500518 -22.069008 -4.551278 -22.718431 -2.1106968 -1.9372885 10.60684 -8.193768 -14.597218 -8.623776 2.9082375 -17.461042 -6.005248 
-273.1323 147.1669 -29.055725 35.719894 18.908424 -1.2899328 -25.529337 -0.47753778 -11.622562 8.5789585 -19.153496 -6.518327 5.5698776 -1.2658308 1.7746853 -12.668687 -13.771793 6.241766 -13.951438 -9.004114 
-287.89435 116.44376 18.373384 24.275482 5.793367 19.659512 -21.937872 2.3967237 -19.119423 8.073342 -6.40759 -8.174093 -6.567967 7.8330255 -0.2547224 -8.291484 -16.431517 1.881815 -11.998842 -3.9552393 
-295.46072 90.0631 25.000267 44.079704 1.966847 11.178496 -21.911106 12.900937 -21.385113 3.3563209 -10.617437 -8.185356 -2.4432333 3.9276373 -9.695787 1.5806603 -7.435379 2.5228007 -12.237568 -0.5234288 
-259.85718 142.28214 -39.002598 19.81611 2.36055 6.5764065 -13.279285 14.291031 -10.915307 14.164005 -19.830727 -10.039735 -3.8544397 -1.7026844 7.140213 -2.0358393 -14.913448 14.300853 -12.095331 -6.4329615 
-380.96317 133.1928 17.735788 34.666996 12.2207365 9.68442 -6.755237 12.7462635 -12.9654045 7.512585 -16.192352 -1.6516104 -13.402939 -0.078050405 -10.1613655 5.2855053 -14.105183 6.1233606 -9.168153 -1.8422097 
-400.63074 143.70615 16.056768 37.734547 11.216173 12.765581 -5.363097 15.808537 -12.388686 6.2488894 -13.254764 -5.012292 -12.99817 1.892816 -7.6847787 4.359171 -12.92467 0.43598157 -11.559379 -0.39127806 
-390.35864 128.85956 17.924686 33.641624 10.844242 7.5525284 -6.08715 14.73567 -8.235664 6.317448 -13.611027 0.4903884 -9.3733015 1.7005154 -10.178012 2.5597432 -12.510174 0.08374098 -15.000981 -2.1409585 
-385.30023 136.4177 15.013914 34.473785 14.591363 12.429964 -6.7785735 10.886664 -8.757482 4.636572 -15.224738 0.91778874 -11.962725 -0.029577626 -8.819614 1.6782281 -8.234486 5.7536855 -7.59719 -3.9738307 
-393.29233 141.96848 13.784672 32.81523 10.797449 10.432851 -8.658971 13.35969 -9.821866 6.9778614 -14.690347 3.1468945 -8.884372 1.0315585 -9.95924 3.3740847 -12.083143 3.9062605 -10.20376 0.2468399 
-406.99838 131.03899 24.396843 30.155174 13.3315735 4.5655994 -2.6694634 16.366135 -15.1122465 8.712327 -8.822375 2.5359223 -11.397824 -0.09221467 -15.428752 -4.086473 -14.169742 4.0349765 -7.2480164 -7.938582 
