-487.87598 131.58122 30.622545 24.876915 13.649312 19.800207 -11.595933 9.002331 -0.043469056 0.74776626 -14.37037 -3.6364822 -1.9415692 1.1617559 -9.881936 0.84099823 -4.0861244 0.6274103 -11.938454 -0.39907008 
-338.70987 138.62495 10.642161 20.834106 8.348754 -2.0499873 -17.214256 -10.455008 -13.352629 -2.5702822 -2.621036 4.4991636 -4.247617 4.969358 -2.6212175 -0.38516343 -7.86545 -7.767831 -6.0576706 -3.119686 
-346.42886 187.00104 -3.2264 17.493883 7.6391253 -15.63847 -6.984165 -14.507523 -28.398325 -9.266776 -0.68257904 -0.52999055 1.7497396 -2.8619971 -1.2267957 1.5540996 -2.8811755 -8.990925 -8.217838 -2.720979 
-361.68948 196.60107 6.103417 21.382032 7.657099 -22.67165 -9.491134 -11.736718 -21.40873 -20.783003 -11.667042 -7.1048265 5.381307 2.380436 4.4077954 1.938415 0.8822315 -3.6354566 -7.7663465 -3.3283882 
-388.53064 129.63776 30.426497 14.240372 10.452751 7.1433053 -6.6488223 7.995089 -7.696389 -1.538543 5.499687 6.1374025 -1.4213763 1.5089194 -12.191045 -9.361114 -11.110349 -9.454851 -9.392055 1.8863972 
-411.99777 96.94352 80.40891 14.664378 20.829958 25.491512 -15.406667 -1.2752713 -22.294624 -6.9166026 -10.943951 -4.739309 -12.606467 -1.7772679 -7.662649 -0.35693857 -11.24227 -2.02207 -9.240354 1.691366 
-438.74924 94.612366 65.85554 33.68479 9.5655775 28.154556 -7.1674414 6.26507 -2.4125953 -3.5706248 -14.912084 -1.1954653 -12.7870865 2.4357913 -11.334853 -2.5745902 -3.9431562 -1.206034 -8.4406395 2.8782256 
-470.54633 135.25882 26.812994 55.60208 9.625435 14.380175 -0.5334122 4.441885 -6.905792 2.006468 -17.310577 -10.02556 -10.608854 -1.9885924 -12.052647 -3.9163847 0.5695948 1.6684923 -14.610844 -2.254002 
-458.43884 109.2759 56.54868 31.869743 16.212524 15.727849 -3.8210094 5.357734 -4.1721473 1.652284 -14.12894 -7.864916 -4.0529943 -2.3935792 -10.344466 -2.1950564 -5.1738014 -2.125863 -10.3928995 1.7909312 
-395.41843 112.14571 66.79609 32.42923 21.546165 20.944426 -21.483818 -5.409071 -16.262997 -12.6652155 -10.992916 -10.784746 -13.666084 2.9341617 -5.2066593 3.6205232 -8.476746 -1.6018513 -2.1362348 -0.2297318 
-391.60477 147.45648 31.07487 33.385937 26.280039 10.160191 -13.067683 -12.905638 -19.906612 -12.883419 -18.20159 -4.56046 -2.064805 0.404137 -1.5451007 4.7576365 -1.4244198 -2.5154593 -0.72580796 -3.712755 
-454.6105 157.38547 23.577734 37.34598 3.0908384 7.844513 -1.9462439 8.02606 -9.187267 -6.5802026 -10.643517 -10.849451 0.072150126 0.09683323 -2.218914 -1.8177812 -11.556347 -8.773165 -8.7263365 -1.144733 
-495.43185 140.42682 12.822717 29.083313 3.98113 26.332851 -10.8878565 9.440571 -1.8141465 6.7084217 -9.365923 -6.474166 -4.96563 1.6584462 -9.344575 4.430316 -4.013459 0.009013732 -8.972522 5.7296076 
-453.80072 106.28921 17.532866 31.60651 25.538025 12.440219 -12.421893 0.63883996 -3.583186 3.9372826 -11.949734 -5.389551 -6.7474246 10.788118 -13.195733 0.19197746 -2.9944756 -2.4039023 -12.508332 2.5823295 
-480.27533 138.45792 25.437918 34.18248 19.162834 17.381672 -7.322153 5.55721 -3.7601497 1.6568048 -12.026209 -2.9776676 -3.1198442 2.2643218 -7.687501 1.6653167 -1.0232601 -1.3004216 -7.427619 2.4961045 
-351.62274 125.952324 33.21825 32.204067 31.694437 6.8365135 -9.562884 -11.002441 -6.8044024 -2.8916442 -24.038292 -14.328384 -13.663008 5.2528768 -9.603792 -9.867926 -12.463554 14.227299 -3.096289 -6.1783504 
-381.3622 135.37671 26.994928 37.00975 26.123953 6.217722 -1.3440738 -13.736669 -6.473787 -3.4979792 -25.248636 -14.145064 -15.331589 0.48988533 -1.3589575 -12.753351 -13.3221655 12.339771 -4.4227595 -7.3750577 
-304.4557 126.999115 -1.5543777 21.210556 15.897234 -14.829315 -8.046702 -19.28015 -22.74622 -3.1642103 -10.323066 2.2960417 -0.50091064 8.120883 -1.0084299 2.0800266 -20.971474 3.4901617 -8.157616 -4.2384124 
-315.70926 138.3742 -18.865837 50.806046 31.682505 -27.132822 -7.1385827 -17.079882 -10.15754 -5.848722 -25.028305 4.3554626 -0.0122818155 -0.20295101 -5.1832075 2.1270041 -11.689413 9.682948 -11.286039 -4.9721885 
-361.92096 172.58514 27.501076 8.44192 10.643256 -9.542261 -10.181402 0.5706673 -11.982888 -10.723188 -25.788887 2.4593594 0.33133474 1.553506 -7.7946463 -2.7599187 -16.582237 -1.2607425 -9.071552 -1.4311614 
-346.3843 141.9351 22.144876 36.661026 41.723434 -8.641089 -18.552181 -13.721361 -8.738918 -4.207545 -19.417423 -8.89173 -10.733753 11.960712 -9.917303 1.865172 -6.5013685 0.50829023 -12.676116 -1.8104299 
-402.5332 71.740715 77.25998 31.981415 12.495046 25.180239 -4.2854695 -2.0968149 -2.2389746 0.95587605 -15.102748 -1.7843497 -16.358303 5.656167 -14.23441 -0.5842899 -6.3559065 3.6074536 -7.803736 0.19124418 
-386.67426 78.04008 33.556213 58.037834 9.335796 3.013381 -0.6234262 5.333891 -18.840637 4.012855 -11.804651 -5.360346 -6.9353714 12.981876 -13.855946 0.2041939 -2.8173077 -2.6835082 -11.4823265 -1.0101094 
-409.21695 161.54913 -11.334105 23.4422 9.33937 6.972971 0.05372115 12.734598 -21.69668 -6.3835793 12.326969 10.23934 -2.0508182 8.8217325 -12.0516205 -6.586854 -7.666274 -7.2135334 -7.2928433 10.06796 
-394.64334 155.31357 16.110863 25.791098 12.873893 6.023361 0.0056851506 -0.64637715 -21.039398 -10.412386 9.616734 8.02297 -0.4796441 4.5325737 -17.563581 -4.9684577 -2.101604 -13.527111 -12.811684 -0.44446898 
-372.41458 178.38025 33.555256 10.147216 -0.9842182 -8.976162 5.797888 -1.8407121 -21.966927 -10.644612 -8.472118 5.848978 4.6376143 5.8044434 -13.084322 -0.9939323 -4.4377937 -2.8258362 -12.958825 1.9989185 
-368.47913 173.0678 8.324874 14.472763 37.93588 -5.9032598 -9.704869 -7.4590325 -10.18939 -18.212446 -12.927562 -1.0176278 -0.3210907 9.620214 -5.8853197 4.3311834 -14.822368 -2.2309287 -15.07506 6.3573003 
-357.26013 74.070076 63.772068 25.741945 17.854088 17.165117 -8.969913 -13.477896 -5.005504 -9.208506 -8.080845 0.3537626 -15.175915 8.2135725 -9.016468 5.178251 -5.3772364 0.39393568 -8.636881 -1.552876 
-389.5844 102.359215 57.73679 46.433083 16.51406 16.693865 -1.9563948 -3.308647 -12.938706 1.4204435 -20.347057 -6.3766193 -13.567379 6.357736 -15.68745 -0.47855747 -4.7916546 6.420824 -5.9135976 -5.0664444 
-406.9022 150.2438 17.1083 60.018223 32.543373 -0.9910687 -19.58668 4.742194 -12.320971 -5.7728214 -16.235544 -15.728843 1.6846485 2.8933852 -21.222246 -4.418389 4.415217 1.0837679 -13.023436 -3.1688929 
-374.31625 176.84047 4.9200296 36.089542 8.648409 -8.754851 -6.705485 -8.394053 -35.24041 -19.160269 5.6280217 9.2329645 2.5912619 8.657584 -9.558863 -3.8243022 0.17921592 -7.6739416 -8.209861 -1.9161096 
-379.8019 140.56386 33.414303 24.95076 13.684803 5.5967984 -6.0323524 -6.8768024 -12.257403 -10.856008 -5.293818 7.044989 1.1029496 7.1100545 -10.942585 0.18049642 -9.239947 -4.170239 -7.752534 -0.6071283 
-405.4174 125.89966 44.67592 36.96363 23.300295 4.027207 -5.5160127 -12.956029 -15.012078 -10.792868 -11.609254 -5.370947 -11.311174 0.8744401 -8.933622 3.522213 -11.284573 0.2273737 -3.6310375 -3.072211 
-407.16663 141.36072 18.982824 68.63363 27.466661 -8.1911545 1.9636868 -9.0772705 -9.128054 -1.8076253 -22.14189 -15.288731 -4.107093 2.2889493 -10.486797 0.61406285 -2.0172129 7.6168494 -11.405369 -2.2665224 
-391.72028 148.46066 32.397625 41.677628 29.547215 4.736835 -6.289189 4.6002426 -15.970812 -11.074826 -12.503481 -5.4889874 -1.962143 2.9548433 -6.3740025 -5.667932 0.22493649 -2.8226683 -5.250864 1.5456734 
-380.23108 162.44562 22.008558 38.44771 27.806309 3.7185712 -20.461124 -5.0635023 -17.47994 -16.976957 -15.051753 -9.34985 -1.8335443 4.980115 -5.5571604 -3.5195644 2.8378897 -1.6777939 -4.9518223 4.0556297 
-405.546 147.74637 11.445957 47.24878 15.136398 6.772405 1.270721 -6.4185524 -30.730232 -3.1486087 -3.3231297 -6.868336 -3.3918905 7.704822 0.4588713 8.374032 0.9271646 -3.2739353 -8.536144 -2.173294 
-463.75208 135.4485 28.016006 28.598825 10.331502 15.366621 -6.0230947 3.1583412 -17.111094 2.195239 -5.516363 -2.6289992 -9.006827 3.5101538 -2.4899836 5.9963465 -2.5150805 -1.2718633 -10.57143 -2.4508848 
-487.27182 131.51585 25.21273 30.75395 16.344818 27.080158 -2.7855754 13.997827 -0.56273407 4.82601 -7.260615 -1.0968107 -6.104234 3.8070896 -4.1440096 4.8351536 -0.9839418 -0.5524422 -8.613068 1.367067 
-482.62662 131.24983 36.086742 26.073387 6.265119 22.40136 -2.9986887 15.081142 -3.7532794 2.7297246 -7.1166077 3.0416737 -2.3479996 1.9136279 -6.1332884 3.424966 -1.8994402 2.6910028 -6.635715 2.7459502 
-392.81873 166.36932 9.208233 34.43595 -13.442378 -12.143299 9.532832 7.479891 -42.210644 -11.114254 2.0065536 5.678712 15.083649 15.87884 -15.947573 -13.397731 -10.453268 -10.46226 -11.4814825 4.0807395 
-416.7133 157.95538 19.44299 38.867016 -14.009831 -7.0063596 9.394543 7.093667 -29.784115 -7.395846 -7.113995 7.5026364 15.329359 20.205217 -3.3952477 -7.1007 -12.054297 -4.135627 -10.447304 1.9177004 
-450.01172 133.84424 22.314598 36.861603 -8.527794 15.129757 -0.9360925 4.9288116 -22.71971 0.9202788 -6.0759106 7.0114145 7.923539 6.9189143 -4.3759155 -0.712414 -3.1730344 1.1627967 -7.9089947 -4.7693996 
-497.10526 135.86115 21.039093 36.478306 2.6411202 30.01951 -11.012391 13.439105 -5.792086 6.5546246 -6.925858 -1.062383 -1.9199336 -4.355652 -6.29506 2.077752 -5.5637794 -1.1583924 -5.338442 -3.6612368 
-498.30197 130.57323 30.148733 29.311842 6.3042645 24.753046 -7.8080597 12.3488 -3.5958395 1.3466516 -8.569169 -1.2947004 -1.2114846 1.4464202 -5.495631 2.9380522 -6.606074 0.2461055 -8.569966 0.27855915 
-481.5487 130.39827 37.41476 27.593956 10.934108 23.626333 1.1790758 11.092556 -0.73535687 2.3758142 -7.1678367 -3.0043328 -7.737624 0.42559814 -9.531362 0.23155838 -5.6807923 1.1617808 -9.38366 0.029109849 
-349.5787 149.45667 5.9434443 73.37419 27.267393 -35.25856 -8.44321 -2.255528 -20.44289 -26.360039 -11.2189045 -7.0146832 -0.41077697 1.1682911 -12.252635 1.4484874 3.8670382 -11.775845 -7.8478413 -3.1830895 
-384.42053 68.11618 76.66424 27.562696 20.288977 17.8606 -8.512658 0.03863271 -3.0760982 -7.416035 -11.631546 -4.0724487 -11.951435 10.201619 -17.959902 1.8320498 -1.6459918 0.06790462 -8.813643 -1.5818793 
-381.9671 128.79915 37.515495 45.38819 22.899517 13.203884 -18.597078 -0.20616966 -9.200589 -15.540161 -17.291428 -11.5158825 -8.380178 2.5837529 -12.751679 1.2655358 -3.368683 2.1598887 -7.679002 -2.0890274 
-378.08023 139.96419 30.064596 42.878498 25.481636 8.8039 -14.246526 -7.851388 -17.26999 -9.001201 -8.095039 -3.4584186 -8.852516 2.7566175 -2.5571349 -1.0607495 -4.39796 0.848652 -8.076939 -2.1771555 
-378.1633 121.61778 25.993774 39.911446 24.423967 15.5076685 -10.135764 -2.8750763 -14.126186 -4.5241146 -5.713393 -0.490479 -14.467797 2.118641 -6.357906 2.1386752 -5.1996074 0.09758314 -9.106869 -1.9765131 
-391.98883 113.87416 56.135174 33.02135 15.839767 3.1621857 -3.1307595 2.4898431 -17.859365 -4.899266 -14.874527 -0.26554066 -10.306309 7.5119495 -9.257308 5.1025987 -1.5472282 3.8667934 -7.225868 2.7749662 
-437.4377 134.031 26.184763 37.97459 8.515662 12.471389 -2.0364003 8.136845 -18.628994 -6.4708242 -7.0717254 -2.297377 -7.2334647 2.2345145 -5.3690815 1.7398423 -3.3930178 2.1354322 -9.257915 0.79239506 
-461.3927 124.981415 17.232922 33.8363 6.70063 22.17167 0.52036834 13.039995 -11.597176 -0.4199088 0.4142544 6.356621 -12.544323 2.0057137 -6.6502323 8.307606 -4.6361547 0.08033906 -14.382551 6.4098163 
-453.15918 143.46393 20.169739 24.83387 -0.40905935 13.700079 -0.8252547 11.537175 -16.684559 -2.693835 -2.0795424 7.9873147 -3.7202463 1.6118774 -13.999332 -2.0436504 -3.4679446 -3.7777774 -11.540783 -1.2176669 
-397.13092 174.23157 27.89035 20.443624 -6.132995 -16.491068 -0.6279859 15.375095 -15.919434 -10.449047 1.7895627 0.51873493 0.81359416 18.080635 -4.752468 1.2788584 -7.968917 -14.986952 -13.161372 0.78940177 
-421.38147 159.36078 29.998766 40.29756 4.06991 -1.0135251 0.5082075 7.0027933 -20.791178 -10.92225 -14.116764 -6.797951 -4.157148 10.602615 3.4751203 5.8016086 -3.8841565 -2.9017355 -14.397297 1.5687809 
-477.03976 145.82112 24.315773 35.09135 10.367833 13.531582 -4.8058753 8.149583 -8.238712 2.23966 -6.3559136 3.1100323 -5.0871887 1.1287106 -5.831749 4.00198 -5.1643085 -0.08814407 -12.681193 3.4517524 
-378.45822 118.65958 30.472757 40.58537 27.320595 5.5058117 -8.104212 10.834627 -20.581192 -10.367255 -7.4815283 -4.190617 -15.057451 2.2679026 -4.2403774 -3.7239413 0.18061307 4.5488243 -5.308112 4.724638 
-360.5223 147.11136 24.003248 26.131178 23.659472 8.493889 -15.164032 4.0812583 -19.48495 -16.032715 -16.870955 -4.230296 -9.038861 -1.911644 -5.219859 -0.31762987 -2.3408918 -4.1747103 -8.272213 3.6313052 
-376.81726 163.86029 15.724182 36.83815 25.201836 -11.452223 -5.9905324 -17.859016 -24.604733 -11.175263 -12.547507 2.9888985 -14.130558 -4.322031 -0.38752598 5.667862 -7.559334 -2.2158957 -13.061394 0.03264978 
-424.03543 140.26268 35.319313 39.48251 21.488482 3.652682 -6.3455377 -0.6877637 -4.3140736 -5.807804 -15.307017 -4.1221724 -9.676403 -3.9916372 -6.870038 -5.471091 -6.820127 -4.0958877 -10.432595 -2.3025064 
-429.60904 148.59811 19.275839 47.164444 22.366777 4.586704 -10.036312 -3.5760584 -11.622194 -2.9493363 -9.779672 0.17662579 -7.6688623 8.924334 -2.2703907 -2.2098062 -3.849116 -2.6541972 -11.824177 2.2704024 
-440.2728 143.34044 43.17649 35.03975 21.141043 10.976647 2.251919 0.08478514 -11.055172 -9.271626 -13.389129 -4.6837215 -7.538464 -0.5199552 -10.491391 0.25224695 -8.56515 -3.9350963 -9.691129 1.5306188 
-373.5043 119.56022 54.43975 27.493765 12.093501 3.663159 3.3107147 0.9808095 -19.207466 -1.6319804 -18.700787 -0.9402571 -9.945224 9.286885 -16.417206 5.176611 -4.73073 -1.6424776 -11.202649 4.1921425 
-360.83615 113.27774 65.32573 18.964003 10.468288 10.454945 0.26113048 -11.246245 -14.934392 -10.15543 -18.299696 -7.170698 -11.713093 7.7819104 -13.603237 0.07571835 -10.238047 1.498125 -8.322089 1.4488894 
-362.46835 158.69623 40.46545 31.408403 13.306863 4.742629 -6.753378 -4.3356543 -5.840407 -4.7391686 -8.296146 -1.5678029 -12.10037 -1.1266074 -6.9394035 -2.1262665 -10.911352 2.5561783 -8.230846 -5.363305 
-415.87766 147.31728 23.482832 25.576128 13.731097 21.525192 5.826292 10.875191 0.7162434 0.8227218 -1.7742531 1.6320491 -2.6090455 -2.072137 -8.92631 -5.997783 -6.895338 -0.94456035 -3.732211 -1.0702223 
-482.0298 131.04971 17.840761 31.662546 8.57049 20.428202 -3.4079022 10.855062 -8.293993 7.1617837 -2.9464707 -0.10129857 -7.908015 2.717536 -10.464079 2.9988675 -4.7558985 -1.0586895 -10.878985 1.127251 
-501.64273 143.84035 20.385086 31.858425 9.977242 27.982836 -6.380892 14.412037 -0.6137479 3.7761633 -6.7586765 -6.9294224 -6.7709937 -1.7654595 -2.6325474 3.9767118 -3.1708353 -1.5327402 -10.355275 -2.4383147 
-478.68848 122.18248 29.137133 32.215588 12.316235 18.343422 -2.7697783 9.317134 -11.943522 1.6087688 -6.6391788 0.103676185 -7.0604324 0.85119504 -10.203779 1.9760747 -7.1354237 -0.09325499 -9.06657 1.9702706 
-410.78952 111.31081 59.6363 40.964485 13.529984 17.57783 1.9731818 -12.678598 -8.958088 -7.628174 -15.182117 -2.5569274 -15.912886 6.3818884 -7.7317557 2.9286456 -0.5552857 -0.5842339 -9.980106 4.8092594 
-434.41217 144.20882 35.42951 44.3327 16.35586 16.023407 3.23978 -1.6141376 -2.82538 -0.16458899 -8.846571 -8.672348 -11.827732 -5.5296764 -5.5812054 -4.6332016 -4.5740385 -0.3968578 -7.8677387 -0.3836657 
-471.34436 143.94376 32.055187 36.185383 17.999403 23.357164 2.2200782 6.564693 -4.722132 4.38854 -9.169281 -3.0551605 -9.211468 -1.8168356 -5.4842496 -3.6407013 -6.5075154 -5.591116 -10.944042 -3.0713937 
-346.92133 124.503365 17.536737 5.907156 -9.922997 -2.7882533 -1.5905225 7.354204 -11.634373 -13.9445095 -1.0337096 9.861454 -0.1381132 9.077474 -9.011858 -4.156398 -7.1181455 -7.073304 -7.1282067 1.5702428 
-374.31677 176.93019 46.710075 30.218597 -6.520979 -9.324772 -8.095346 -1.5661104 -19.35913 -19.436684 -15.6545515 -7.6990376 -2.4761 5.5306993 -0.50473934 -3.5266478 -2.5231075 -0.69735414 -7.7681155 0.02893167 
-394.24527 124.33651 53.27742 35.64464 12.023134 5.2989774 5.310981 -5.363686 -23.462042 -6.671474 -13.952868 -5.139265 -7.7720337 7.645941 -12.430424 0.02668961 -3.3443537 0.91347003 -9.726512 1.6523015 
-372.79248 148.35658 26.206238 46.23717 37.760105 -10.596503 -9.040992 -14.808202 -18.621199 -7.650287 -13.760888 -11.812434 -8.124777 6.076221 -7.861957 1.1588401 -5.3849125 1.9789238 -8.239559 4.682234 
-392.00055 154.56137 28.278032 51.42909 32.583656 -14.445589 -10.393257 -7.487894 -10.523594 -16.279964 -7.879118 -7.430908 -6.5847697 5.583208 -2.7523024 -1.1292243 -1.369822 0.19209385 -9.777554 -4.191776 
-379.8444 122.772446 35.987606 46.87617 23.265207 0.6323027 -3.931778 -13.28889 -12.04734 -6.423748 -11.574393 -8.266452 -12.666245 6.9898815 -6.9085417 -1.3147123 -8.998705 8.617199 -4.8036537 -1.3431941 
-424.59045 124.709946 24.893005 57.395096 27.212084 1.9776257 0.93201554 1.4945911 -18.097898 4.760374 -17.574074 -11.378103 -7.2865686 -0.19094454 -6.471632 0.7260351 -8.247383 6.423685 -0.23997307 -3.1624365 
-438.91003 107.98409 30.218184 38.690258 17.474964 9.391686 -5.140004 10.162055 -5.177702 -1.9961166 -5.700109 3.2710803 -7.028092 3.8832293 -9.222948 4.8196063 -2.7109966 0.2978273 -9.0834675 -1.8703676 
-394.1941 125.436905 37.66149 40.971046 26.809515 9.3168745 -12.893708 -1.5336978 -10.56773 -9.993042 -9.39389 1.6638348 -3.9688482 11.920265 -8.907733 1.6719927 -5.2029743 -1.5966882 -14.945286 -0.4723816 
-379.51416 170.66113 10.068167 17.815458 -1.3771962 -3.9298413 7.1095347 7.68853 -23.517134 -13.051881 10.08002 11.489961 6.0744205 5.634065 -16.83629 -12.742054 -12.158912 -11.076255 -12.913906 2.922848 
-410.17682 118.06551 53.368324 34.050022 11.429053 9.819228 -1.153745 -5.8437443 -10.206944 -5.2299476 -10.574093 -1.1670748 -5.4430037 -0.25859118 -4.9029446 -2.346395 -2.7731006 0.2710322 -9.892524 2.6890852 
-360.60803 93.068245 35.310944 55.29187 23.824862 1.6657157 -4.8919516 8.618738 -21.1295 -7.879558 -14.566426 -9.716045 -7.3106747 4.443236 -16.66029 0.46058294 2.8940847 -6.6524277 -11.257869 -2.9663172 
-345.82428 157.85248 -3.6856084 49.61628 33.248627 -22.611366 -27.255236 -6.3677096 -20.261528 -17.901543 -10.488476 -13.559846 6.1999426 12.321467 -5.7122827 -2.8004675 6.899571 -8.161417 -6.2180424 -1.1170913 
-445.304 148.20541 33.862595 29.877737 21.01801 11.308154 -11.148573 -1.4187751 -13.220208 -5.4670753 -11.5789995 -9.625441 -4.5064692 -2.2809012 -8.829973 -2.6832566 -6.511651 -5.173929 -5.1801896 2.0190039 
-465.57303 107.36276 23.129456 35.089176 15.911312 13.539615 -4.3474717 18.480286 -6.620384 1.1126078 -8.8981085 4.1081104 -12.382959 3.6951175 -10.028448 8.481513 -4.7772036 -2.2385612 -8.205956 1.0341263 
-470.43756 107.2556 28.138603 29.137054 5.9542627 20.95033 -7.6360035 13.6330805 -2.5542011 1.7514037 -8.106759 0.2837938 -8.096722 1.5797215 -10.0904665 1.9319412 -5.42244 0.8219598 -14.931251 0.09698786 
-448.5143 88.04656 31.74224 33.607944 11.196153 13.508304 -1.2994958 11.968456 -5.663215 5.293637 -7.0366173 -4.0592475 -10.03147 1.263037 -9.244399 0.3360379 -4.6655793 -0.6836593 -10.154419 1.7342128 
-414.0357 79.091446 17.134268 35.658157 7.222685 15.949941 0.90557414 13.540196 -10.40359 2.7757025 -4.5881104 -0.95583194 -10.961267 7.063494 -14.551777 8.937398 -9.911066 -0.6298972 -10.354519 5.0822124 
-420.15466 143.77042 13.281915 32.31787 25.469492 -0.8925671 -11.195451 1.9167361 -6.10102 -7.182324 -9.482433 -8.112591 5.1423388 6.160545 -11.429154 5.2664566 -5.0086813 -3.6796176 -7.3363376 -0.8907675 
-300.78653 167.47525 2.6284819 25.869778 33.705772 -4.078655 -9.287388 -20.846626 -20.883902 -20.870607 -28.58058 -3.7561743 8.640957 1.4718851 -17.730158 9.915872 2.7331996 2.8519192 -15.553201 3.8997753 
-365.91992 135.48615 32.2587 36.25935 33.844654 1.4862738 -4.950995 -14.126501 -15.871102 -9.467903 -20.946716 -6.83376 -3.8446867 -2.1270442 -17.847414 3.333817 -4.7076693 1.617331 -10.396682 5.1941705 
-333.2464 167.04408 14.996469 28.488747 8.786542 -7.740789 -5.2477217 -13.725172 -24.69977 -19.69086 -15.277668 -8.219716 1.395974 2.6248908 -7.6633735 -0.15745799 0.2985458 2.4348106 -7.916437 4.502409 
-349.38486 93.769516 32.959133 61.119976 9.061018 7.274351 4.044909 -5.304178 -13.136942 0.55348134 -19.180658 -7.4347897 -6.81728 3.3828728 -9.428814 0.69011486 -2.902419 1.5294607 -11.909725 -1.6410811 
-345.85864 132.43205 -0.0022102993 57.235516 23.734226 -4.5548353 -9.6725235 -0.6392017 -24.846786 -10.079959 -20.008871 -11.3419695 2.466996 7.3115745 -12.633526 0.8765492 0.8354212 1.5867378 -11.710402 -7.177224 
-468.34674 107.68281 27.927792 27.240818 6.1091814 21.38119 -9.669349 15.0841875 -8.462276 -0.034886062 -8.609185 -2.386444 -7.800605 4.1308036 -5.0527697 1.8148185 -5.8399024 1.1956598 -13.199429 -0.6024934 
-457.6112 111.50368 14.439355 31.806692 8.845351 21.130589 -4.441338 11.233515 -9.985767 -1.065946 -2.4106936 0.43491077 -13.7748165 4.802784 -8.3432045 1.7250053 -7.150144 -2.595405 -7.0298195 0.6518079 
-490.8058 129.18541 19.947575 31.83021 6.2453766 23.395926 -8.594116 16.194386 -2.7090254 1.8031993 -6.856241 -0.73283154 -11.334191 -3.3802195 -8.3696575 0.98341835 -2.3866436 0.9109339 -9.553528 3.507491 
-414.04294 151.56891 21.950687 13.007252 -10.593011 4.342722 11.017309 17.40799 -13.192843 -4.988396 -4.210494 3.60738 0.29670036 2.8660834 -18.592201 -6.572954 -10.64387 -11.876243 -12.87712 4.77493 
-402.182 168.61781 35.956703 29.514902 -11.61355 -15.320199 4.3272395 18.180977 -22.505852 -5.32329 -7.62848 -5.517768 6.741308 12.09457 -14.797026 -3.4275954 -6.744193 -6.4380245 -10.664306 -0.59763336 
-397.16483 94.017365 66.13055 25.659702 15.216149 19.05809 -5.5118427 -1.0988374 -2.8360136 -12.606784 -11.021359 -1.7804214 -14.973206 10.181263 -18.042124 3.4122 -0.3281554 -3.8599722 -6.4220824 0.58768463 
-359.48102 150.04851 25.302515 31.58392 12.615173 -4.4295654 2.7266455 -6.0432734 -25.140648 -14.145437 -13.422098 -7.962436 -8.409435 4.657374 -4.7540975 7.85839 -7.7609763 -3.0482445 -5.7733355 1.7743077 
-373.13684 146.1416 26.09027 46.248634 22.114532 -2.8481886 -11.169969 -8.558245 -33.951534 -16.460712 -16.879742 -7.555491 -2.6039925 6.949558 -11.43416 -0.49300322 0.73789215 -1.8411028 -11.9445915 -1.8966972 
-392.55145 122.15226 40.6388 50.097942 33.512924 7.8751473 -14.291637 0.3472468 -5.283978 -5.5436687 -20.53069 -10.725416 -0.4313826 2.0902865 -19.573402 -0.85721594 1.4583945 -1.9238448 -17.921295 1.7592001 
-367.1455 147.53351 28.310472 28.836107 15.049111 -5.690155 0.22535785 -3.7965562 -25.182577 -17.251242 -9.919491 -1.1331989 -0.7838109 6.9836903 -7.470798 -1.1928048 -6.6729107 -2.247905 -11.916007 1.6520803 
-393.2161 160.90646 41.10665 30.663248 0.486738 -3.893879 8.116879 -6.3272758 -26.60633 -18.651508 -6.3298817 2.3653216 0.7232802 8.72634 -8.56047 -3.7570105 -10.128298 -5.749255 -5.8839464 1.6917795 
-413.8782 102.06068 51.622807 26.515036 24.713205 12.472213 -2.6604793 -2.0371022 -1.2346076 -7.0861716 -13.548375 2.7249339 -14.4348955 2.4179575 -13.340865 -0.4376615 -8.294937 -1.2906729 -6.344652 6.612882 
-410.89954 160.3758 42.4212 21.373787 7.446154 0.2671532 -2.6144485 7.0209026 -23.999544 -14.647328 -16.076506 -2.3574 -3.483698 9.843838 -2.5645134 3.8744206 0.9927988 6.0725675 -9.651434 -2.3592114 
-394.9382 87.144516 54.081535 11.304006 10.414514 18.456984 0.3379062 -4.142991 -12.619741 -4.755934 -1.1923442 8.476885 -3.737793 6.4352007 -11.960521 5.8288193 -3.0050986 -3.0388093 -3.297732 -1.8962517 
-360.5128 188.48239 -20.130749 10.6109495 17.885912 -9.199887 -14.909885 8.1022625 -24.385328 -12.074251 18.409174 11.051079 5.9364033 7.9915357 -17.266487 -5.705775 0.17573674 -19.500965 -16.917366 12.508198 
-458.72916 149.96283 20.288721 39.455643 25.231525 4.1900964 -14.781494 7.3531275 -9.243897 -5.0201507 -9.003231 1.0299891 -3.1872478 0.7282168 -3.5432248 1.9066194 -0.8219476 2.5869343 -9.38657 -1.2993598 
-503.833 145.66266 16.233486 30.845497 11.740062 27.785133 -7.608402 13.2475 -6.0009027 4.5006824 -10.218669 -2.8694649 -4.152396 -0.39195538 -7.434778 1.4145061 -5.5402737 1.892692 -7.344829 2.2330818 
-484.9887 123.341156 33.274254 24.462442 11.381359 22.45452 -5.2730923 14.271937 -2.0921588 6.996794 -9.815678 3.0897367 -5.3071313 -3.8933973 -9.504056 -2.2074447 -6.5469327 -2.9011548 -8.510539 0.65569717 
-375.71942 179.39276 -6.8189535 23.88263 -9.741806 -17.993721 9.723352 14.359966 -44.046593 -20.023968 12.703834 10.675253 11.826525 19.54256 -16.500496 -14.069005 -3.1406727 -14.369518 -9.401241 3.0333378 
-385.95764 147.02364 15.77352 30.93814 -13.709333 -4.312803 6.6827016 7.0752788 -28.671822 -12.402861 -6.494219 4.9627705 13.125432 22.10071 -6.412057 -2.005454 -7.1653204 -6.544218 -7.1131034 2.641394 
-426.22122 140.05736 39.3794 36.762585 3.6125937 14.352561 -3.1677496 0.64636695 -20.252224 -8.527629 -11.251569 -1.4430028 -4.10128 8.6449795 -1.1860076 5.1874785 0.23139018 -0.27242008 -5.9146957 1.1072112 
-414.3466 107.8686 53.498978 33.305023 19.410387 14.315197 2.121341 5.5847325 -3.7941763 -5.671475 -8.444719 -2.1259458 -8.364689 1.120192 -7.029008 -2.1544905 -9.525125 -0.39375198 -11.252532 -1.9826995 
-373.4885 150.50958 24.380617 46.38266 17.208672 -3.8132832 -2.0066116 -10.388855 -24.787031 -7.6408367 -5.429129 -12.34656 -7.700213 6.35774 -6.142092 -0.16801007 -7.383961 -3.9877484 -7.1499395 -2.881564 
-385.1405 153.4607 10.764566 47.92387 22.848375 -13.866543 -1.7682779 2.6542082 -31.679012 -16.459951 -6.894938 0.46787888 -2.0192702 -0.20826186 -9.958279 6.5950627 6.5388203 -4.833639 -11.509556 -2.3592908 
-385.0689 91.124245 51.42891 35.45004 29.133877 2.993307 -8.376147 4.074964 -10.783806 -6.249988 -10.7637825 -7.4159927 -3.0819216 8.0713005 -12.818853 -0.91598254 -2.0639868 1.4067076 -9.130694 -6.267889 
-416.59583 97.33219 62.939133 26.470978 19.446997 17.981585 -10.880793 0.2793337 -3.190544 -5.9035797 -12.6065 -9.318207 -11.248948 3.8246367 -12.097517 -0.7586683 -5.471724 -1.5347688 -7.8841333 -3.3485496 
-418.244 100.8249 37.084763 47.682125 15.173143 15.052948 -1.3305405 7.836797 -11.207286 3.2051744 -11.998753 -3.1796246 -8.890904 0.4964609 -9.295466 1.4299216 -4.487619 -0.9963906 -11.935131 1.5545777 
-418.04648 135.1142 38.188274 37.36808 4.4582577 10.003789 -0.3012263 2.9698505 -21.758377 -10.114664 -13.061396 -3.2629864 -5.0673146 6.1805077 -2.1752152 7.335367 -5.3620353 -2.7334852 -6.0490026 -0.21555716 
-425.96118 120.51964 50.412697 28.950846 16.374296 21.646235 -1.71468 3.619422 -0.8878588 -8.890726 -7.8844843 -5.50486 -12.465306 -1.0479846 -7.7389493 2.7760267 -4.352336 -4.1552525 -2.7105715 -1.8720847 
-419.34912 125.097305 39.71188 36.166336 20.174404 10.880995 2.1562304 -9.0569315 -12.5021515 -7.5469418 -8.319938 -9.678914 -8.5152235 6.0336075 -3.4245815 4.556581 -6.3640895 1.1733758 -0.63507074 0.43448818 
-401.75427 119.29252 30.313446 37.435806 18.062206 13.75124 -0.42338392 -2.637837 -21.860844 -6.456159 -8.982874 0.25901508 -9.4936 1.6809546 -5.8032684 7.905442 -6.8360953 -1.250876 -6.609484 -0.029741764 
-382.30246 94.05557 41.866753 25.843742 1.485335 11.351852 2.4208345 -3.4801822 -23.440931 -8.1696 -6.849649 10.651682 0.15523815 11.087076 -10.343377 11.525379 -7.5895166 6.594261 -10.763575 1.4346415 
-465.56482 114.06424 33.775818 31.155922 4.940349 15.783327 -0.8341428 10.039648 -11.030194 3.4815462 -9.682205 1.3377051 -8.912984 0.7151376 -8.74772 4.4022207 -5.2788906 2.1593218 -4.715071 5.2789774 
-497.62878 140.23547 31.432491 25.199553 6.2266507 20.538233 -8.023026 14.74976 -2.1437304 3.098217 -7.6316867 -2.3811965 -11.149938 -3.3062325 -9.773802 0.23097818 -4.5547543 -0.35836685 -9.16352 0.95159614 
-409.4239 172.78424 26.537682 10.679204 -9.82015 -2.9612348 9.170773 7.5806327 -17.458961 -7.76279 -5.335619 8.693821 8.556876 5.8961496 -17.211937 -7.838976 -13.638096 -8.410349 -8.429508 2.7684681 
-384.49625 156.07031 39.910664 27.857613 9.049105 2.0835483 -5.4701447 -4.390217 -26.90049 -16.052362 -15.019224 -3.6095493 -8.444475 1.9420791 -5.3429384 2.6556816 -5.5318766 -7.7349987 -7.1758018 1.6424823 
-399.15002 114.22604 49.61432 30.818167 16.435474 11.780324 7.5670004 4.59393 -8.554902 -10.605835 -10.697501 -1.5949616 -10.294234 4.6184053 -12.510307 5.0330095 -5.603464 -0.50434566 -8.75965 0.50662893 
-407.26968 137.9127 33.60514 49.787796 22.395332 1.4781661 -1.6562498 -5.2932634 -13.318286 -6.0165772 -17.271513 -13.676682 -5.0366 6.704466 -16.289751 -3.0946164 0.6810207 -3.0712237 -9.027913 -3.0216613 
-392.4297 100.37657 23.114878 54.278976 24.707607 -2.6827686 -0.9766685 7.569492 -13.197535 -9.714902 -12.814854 -3.2691107 -9.827469 7.5907617 -9.81005 3.3206253 0.40082085 0.009397824 -5.644024 7.9913983 
-380.42834 65.16467 31.804165 48.083794 16.140398 8.110614 -5.190852 15.502302 -13.987839 -3.1555574 -8.880146 -1.4517843 -8.268374 5.0977716 -10.831784 3.014685 -2.3528757 -2.8992193 -9.066263 3.544927 
-400.53125 146.97186 35.97682 20.67318 2.272745 9.610682 -3.936421 8.67843 -12.067356 -13.35388 -8.78025 2.408321 1.148349 9.241185 -5.849428 -0.05096857 -10.360911 -10.917271 -12.497698 -5.127789 
-398.89417 154.20232 9.065063 38.934788 34.326656 -1.2047173 -23.652163 0.9200073 -22.559515 -16.941301 -4.874836 -7.2474723 -4.5277615 13.992766 -6.7581263 4.0812273 2.776475 -10.975154 -11.653342 1.92949 
-409.72916 115.058876 27.727388 13.993964 28.010397 0.15591934 -5.3817515 9.100786 -12.116455 -2.2300982 -5.1694574 10.3688545 -3.2473536 2.4702053 -13.698138 -0.58430225 -3.00543 -3.304482 -10.684576 1.848178 
-424.8353 130.39183 37.911663 31.809404 15.343386 10.817943 -6.4820676 11.235876 -5.812693 -5.893957 -7.2632937 1.4361655 -7.441619 -0.25386626 -12.653809 0.57085687 -6.599129 -2.270238 -10.847249 -1.8303716 
-431.13937 145.34549 33.070778 41.163372 14.510256 2.4011242 0.48984718 4.201994 -19.3968 -17.22672 -10.858698 -1.8426312 -3.50919 6.157872 -11.587528 3.2387722 -0.13245074 -7.831994 -14.758704 5.0930243 
-455.00912 168.29572 34.17697 33.364815 -4.9033175 1.0128675 -8.135161 8.795098 -8.672194 -2.365504 -4.946187 0.36954877 2.8928194 6.293103 -4.189985 2.058435 -7.089215 -10.046872 -12.979922 -3.7010715 
-433.89215 133.44342 27.830122 34.97292 22.740257 5.1528788 -1.9764194 2.8473783 -3.6409929 -5.612016 -14.423467 -7.524271 -0.6572303 0.6661193 -11.957334 5.8624315 -1.368772 -2.237916 -7.5660925 4.3842688 
-479.12402 128.98758 32.378136 30.939213 7.225736 21.37988 -2.4268508 6.5645733 -9.545286 4.9594717 -7.846868 0.85539794 -7.7653112 1.1316675 -8.834369 6.288808 -6.7524967 2.1056151 -12.6351385 2.5220523 
-502.48138 132.95091 23.341497 33.445 11.07917 20.765165 -6.268821 12.9482155 -3.2369897 0.3946792 -10.358877 -0.28944588 -7.8845835 0.41016716 -12.508397 2.1258774 -4.852384 3.59595 -8.533317 0.3401094 
-497.13785 133.92207 27.595467 32.397785 8.980983 13.62488 -2.3513594 14.447438 -5.4747353 -3.1319034 -5.838878 -3.7501428 -9.771778 -0.60195386 -3.517202 -0.3746175 -3.0395322 -0.06931051 -11.746875 -1.6485326 
-444.848 123.41755 5.983609 37.598545 9.150996 8.493488 3.7551508 10.384062 -12.030592 -1.8034899 3.9893756 8.396293 -11.122608 6.048892 -12.672313 2.337817 -10.2721195 -4.126464 -9.415399 1.0728401 
-429.15744 172.8023 32.114975 19.75003 -8.479287 -3.3115606 1.5716567 12.960857 -18.812977 -13.9462185 -7.706838 -2.4440248 1.5457171 11.636444 -3.7279735 -0.9607865 0.012457741 -1.9630454 -8.622605 4.920229 
-415.77155 146.95451 21.85815 35.145084 26.461937 7.361841 -8.550381 -0.069168724 -22.512934 -6.4791813 -9.795549 0.9762122 -8.318345 2.541505 -2.9293408 3.510325 -4.2865887 -2.8580182 -6.3253713 0.89885926 
-452.31204 138.81624 37.79398 37.760216 19.063564 14.304973 -5.2246614 1.5830091 -9.471584 0.3345517 -7.662417 -0.6426734 -2.902553 1.098584 -11.1055975 -1.2724872 -4.9453993 -2.390129 -7.7906747 -1.7600847 
-389.4371 136.91621 27.209782 43.821625 22.563084 4.9638114 -13.786019 1.824803 -12.302318 -3.687094 -12.039585 -2.6064007 0.50994176 5.6593313 -11.736238 3.3358924 -5.489103 -5.8376884 -8.025218 0.69379425 
-330.61145 160.09822 9.776328 9.872284 7.0662975 2.0688171 -14.76368 0.8101537 -20.22547 -16.710194 -5.978925 13.716839 4.594562 0.025486998 -11.7316 -1.7818767 -13.384249 -12.8429985 -9.571042 -0.8229434 
-407.262 168.8944 38.22194 29.526045 8.785257 5.175533 -12.810055 -1.8777025 -23.567728 -21.574558 -12.913813 0.45452684 2.7974706 3.0689328 -1.0094446 -0.52036774 -5.1215205 -5.231312 -7.153279 -0.8396535 
-380.04688 89.61187 47.265182 51.9197 13.141157 12.536125 -2.799718 5.527505 -10.635812 0.9111278 -13.857101 -3.2089002 -4.905062 4.0536137 -11.627888 0.16424102 -4.715716 -1.4423699 -6.3089685 -1.1570413 
-342.71307 129.49216 15.635142 52.89345 19.853073 -4.6433463 -22.387478 -6.156263 -21.069958 -10.941059 -22.460758 -10.728943 2.6178684 9.0690155 -7.5 2.0192013 -7.789484 5.524393 -8.318544 -11.192823 
-363.61652 170.3097 -4.1052203 6.3228064 2.0687513 2.6752498 13.751163 8.543537 -22.943281 -8.232479 6.0106263 5.375517 7.832055 0.99857247 -19.400633 -4.2051435 -11.312255 -9.893489 -9.465077 -3.3925638 
-398.3457 180.48216 0.6230913 11.644288 -3.4157045 -1.619184 3.2868977 17.73835 -18.717516 -18.341501 8.155777 13.829226 8.189178 -2.342256 -17.217148 -14.148274 -10.396207 0.60338366 -7.055587 -2.7201283 
-394.30664 142.52434 18.253258 25.462238 -7.6347265 4.122403 2.8953462 16.529297 -4.6283054 -6.60714 -0.5327807 3.7748413 -1.0019481 8.64617 -6.5888104 -5.0766773 -11.732751 -5.1507816 -11.2627945 3.862537 
-408.1322 155.42303 31.896244 38.823025 -2.4762824 -2.5022256 -11.129864 5.665392 -12.492354 -5.9324784 -3.7542658 0.49748978 -5.9781966 3.7842975 -3.6245718 6.983459 -4.5548553 -3.335199 -11.230004 -2.3115034 
-428.1129 80.90939 31.31835 41.39698 15.8997755 12.941264 -1.9806353 9.192855 -8.087598 0.2956825 -2.5938742 1.3549998 -8.31508 0.6540406 -10.523464 7.386411 -2.8505063 -0.07433862 -13.841774 1.6682687 
-475.94714 105.55112 34.986618 35.77671 5.772511 17.013424 -3.461623 10.940223 -9.935543 8.692846 -13.75788 0.031069437 -9.926571 -3.2937117 -7.930228 7.545918 -8.763633 -2.530324 -10.2188425 2.0926266 
-514.6048 148.05151 24.31742 29.330767 5.6603703 21.89901 -8.980894 12.979724 -0.95307636 1.2577255 -9.095662 -2.4715383 -7.3415427 -4.1292033 -4.409439 0.45585835 -4.304251 -0.45737424 -9.25554 1.1893936 
-397.16202 99.24986 28.889858 54.827858 15.702824 -4.148391 -8.810534 7.7314615 -12.595482 -10.356724 -16.274075 -1.6143428 -4.7816916 2.4571378 -12.182418 0.6376337 1.0497569 -3.6993518 -11.070792 4.1684813 
-368.8356 99.41996 23.612185 48.270157 43.138992 -12.909274 -15.497654 12.359917 -9.30601 -17.327822 -19.968233 2.29454 -7.6699395 2.147685 -17.23964 -0.21378428 -3.4032223 -1.0912181 -12.337591 1.3240722 
-327.03992 147.06012 11.560408 20.697678 7.1998987 -8.598186 -13.230935 -1.463738 -25.854233 -13.652374 1.8276484 13.225402 2.715459 3.3722486 -10.916599 -3.1703875 -6.026163 -2.7780194 -9.228902 0.30667055 
-353.93457 90.81495 48.04128 46.452026 11.72356 1.5448811 -8.578922 -3.484751 -15.900362 -3.3209596 -11.989464 -2.0647113 -8.175182 4.302402 -10.861416 1.1198031 -3.1550722 -2.111423 -8.966568 0.2219855 
-367.6435 116.33043 50.519028 43.28856 19.551659 -0.60275567 0.8059753 -8.429745 -8.991675 -6.282253 -19.29316 -9.33619 -3.913306 -0.5929075 -15.102322 -2.0059156 -1.7745209 -1.3202269 -11.465336 2.4171097 
-372.1588 128.95499 37.959526 34.84092 12.186995 6.536108 -3.972108 -10.659468 -12.195692 -6.410911 -17.019323 -1.9143634 -4.2636495 4.6219163 -6.669462 4.689169 -7.5414767 -1.6221812 -4.5704136 7.7838154 
-421.55533 142.14728 24.619715 56.94214 40.08154 7.7907877 -18.298164 2.9712882 -10.995431 -8.70853 -22.897957 -10.10192 -9.044927 3.9959226 -14.032496 -7.4472327 -1.6682729 1.7321279 -10.581323 -0.3161821 
-474.02795 158.03236 34.41959 38.59767 30.659733 20.113773 -13.4802685 6.5974097 1.9287915 -7.6527047 -14.738308 -7.4923673 -6.8041615 -2.738138 -11.422645 -5.3845096 -6.2045455 1.2486774 -12.980365 -5.1274896 
-387.46494 172.7948 -20.411697 45.40745 49.218277 -18.685923 -27.303194 2.0030518 -18.77504 -17.892113 1.1685804 -5.061805 2.512985 14.402825 -10.936728 -2.1626348 3.6856775 -11.917529 -11.487086 3.320336 
-400.1537 166.68365 25.48185 40.5088 13.475728 -4.1567664 2.5558443 1.0941899 -18.04252 -18.77002 -12.160143 -3.1648836 3.044728 10.122406 0.34070438 -0.65242374 -4.9466314 -3.5265493 -11.692399 -1.7806901 
-428.15784 173.13951 31.53105 44.257412 19.800785 6.251699 -5.993045 -5.623995 -15.818244 -14.624501 -9.048944 -8.397466 -5.761384 0.35125372 -2.839547 2.1333299 -2.0264509 -0.84482396 -8.637146 0.8649808 
-414.74326 171.25423 33.724373 38.084484 2.4324522 -0.6268584 -1.1104573 3.416966 -17.556711 -13.0406 -6.181476 4.868331 4.1550746 4.1397552 -2.1499739 -4.8348856 -7.879559 -6.3794937 -12.049667 -3.7558107 
-381.67175 142.56258 31.864265 27.52138 4.614202 8.904625 -0.38284287 -3.820299 -16.697628 -13.499411 -10.152958 1.2751772 0.6922418 8.269965 -2.1498847 -0.22623794 -2.3672864 -0.5456795 -5.1028347 0.33252838 
-428.61914 135.4927 27.288048 46.675575 22.928684 3.0643632 -9.349127 4.7646694 -12.356785 -8.402337 -17.049803 -7.525591 1.4142905 1.023337 -6.5032287 4.8576307 3.3300023 -1.341678 -6.088953 1.9380635 
-446.38342 145.16005 11.2348585 36.83465 11.178509 15.692287 -2.1691024 11.026108 -18.729244 2.5187898 -6.616435 -3.6863039 4.0185385 3.3131855 -10.279591 -1.0724406 -3.371592 -1.1469089 -10.588293 -0.9222972 
-399.2243 149.40175 42.976536 26.700842 -4.872764 -11.209389 3.0656831 5.0083857 -16.06026 0.79459816 -17.533243 -5.7658496 1.4370091 12.371217 -10.909514 0.34883848 -11.289377 -4.959475 -10.626965 2.9842424 
-436.87067 152.21735 32.880627 42.53574 16.90007 -0.077294454 -6.037624 7.473744 -10.694028 -4.6648884 -8.726827 -7.1338077 -4.2798514 0.65590614 -8.030109 0.1452184 1.2397797 -1.1764109 -7.8974705 0.32567677 
-426.80844 104.36693 39.544357 35.472954 13.308786 14.056505 8.307777 4.2663364 -5.1366143 2.5772166 -11.723801 0.40542412 -3.105345 2.564584 -19.079817 3.5173616 -4.776427 -6.8941565 -12.072772 5.438016 
-333.2821 177.33405 3.740716 21.884605 -1.7292852 -8.484836 -5.433879 4.2613907 -21.431719 -3.3289847 -0.043552715 5.5416927 5.5970345 6.5186777 -10.834596 -3.6922197 -8.227513 -5.129046 -4.9091625 -0.53890055 
-444.29874 166.03455 32.787186 23.234241 -0.24090454 -0.3819435 -2.9669251 12.144824 -5.8994007 -4.4312267 -3.296326 0.8353758 3.8964052 8.676409 1.6490555 -0.7437367 -10.698031 -8.3616085 -11.302987 0.7521823 
-435.6194 146.21393 32.59662 25.836964 -10.05635 12.721823 -5.4942594 19.212791 0.502502 3.4485724 -5.7297645 -5.7984257 3.7257228 5.5006475 -8.626774 -1.2732288 -9.250485 -8.72568 -11.251783 2.5474958 
-440.40308 173.37337 40.68948 25.980371 -0.12502712 -3.8828752 0.34467444 11.112789 -6.5128007 3.6559916 -6.207232 -6.248742 0.3663751 9.53941 -2.1834419 3.2801447 -9.230877 -8.74773 -13.74892 2.278847 
-467.15884 129.37213 17.780958 27.19405 9.266561 17.773933 -5.294895 6.881258 -3.2758484 9.046813 -10.247022 0.52284527 -8.366667 -0.68384975 -13.958959 2.1755483 -7.7344522 -0.69177395 -9.378384 5.783931 
-482.7743 137.51337 14.490716 19.017447 6.512498 25.318638 -0.08520147 7.227357 -5.0721464 8.646933 -5.945069 -1.7547864 -8.148266 -2.0456936 -5.389234 3.9766693 -6.9642315 -0.16986302 -7.529434 -0.19661242 
-400.43793 150.78297 42.0624 27.214346 11.737123 -3.8358052 0.032264393 -7.4780865 -24.389702 -14.4150505 -20.093702 -1.5486009 -1.3734401 10.733788 -4.815157 2.3379197 -3.9245784 0.99400014 -9.176366 -0.7864335 
-325.45886 187.83797 -26.853205 12.492012 21.284111 -18.310347 -3.3056083 0.78019714 -28.005964 -14.566631 15.13365 7.231457 -1.0436083 3.8755188 -19.616325 -6.4981837 -0.9926086 -18.621376 -11.139768 3.2034733 
-406.14914 146.4765 32.438705 42.3606 22.534006 0.7517399 3.462284 0.5979335 -22.222298 -15.04155 -13.057541 -0.77809495 1.1061091 6.429838 -8.280285 1.7531966 0.7639587 0.018138673 -9.272513 3.6279526 
-404.64304 65.84526 71.379036 28.266624 7.539866 24.32925 1.7234266 -2.3528886 1.5327308 1.8407559 -16.381676 1.6562287 -14.142834 4.7081156 -11.984668 2.5872412 -7.1571927 0.2608748 -10.4467 2.3855438 
-411.35367 150.16606 49.37429 35.597115 4.9238358 -1.2690974 5.9298596 2.1926494 -20.363035 -16.338861 -12.870854 -7.4223843 -5.3354425 6.2463694 -1.99583 3.810426 -2.1738997 1.9458766 -9.360935 -1.4881473 
-477.55307 167.7752 47.17073 41.574497 13.372715 11.480725 -8.957922 3.3043292 -8.854804 -7.8270526 -9.995427 -9.117956 -8.552948 -5.181546 -3.5293028 -1.2909656 -0.15386245 1.5886706 -1.0959162 1.2682409 
-427.94382 157.95357 28.147488 29.912014 13.352049 2.1630285 3.0262756 1.6553106 -27.579315 -12.281852 -5.5205584 1.4495654 1.0041686 7.358912 -3.7559881 1.7877012 -2.7673807 -1.782196 -8.851588 1.3542448 
-471.71414 128.43431 31.753471 36.81903 10.326466 21.824202 -1.0656962 11.514675 -0.9748399 3.6934462 -8.444896 0.9390767 -6.9836445 0.33575454 -11.436209 -2.9046223 -4.3652115 -1.6376774 -4.8143125 -4.088152 
-490.61707 133.63205 17.628557 38.42997 8.911394 21.29174 -9.298679 14.636826 0.16993436 1.387699 -8.355999 0.6474354 -9.732342 -4.6128063 -9.710326 2.762856 -2.833627 -1.8242065 -7.3411355 2.8192654 
-511.431 143.84695 26.26206 28.48069 7.090486 19.611538 -11.530419 18.824396 -1.7666274 3.8152156 -7.7610016 1.7824599 -4.71326 -0.73856753 -5.317536 1.557154 -4.5749073 0.15152349 -10.686996 2.7668028 
-440.68445 124.34847 35.525093 32.546585 14.301685 8.229226 -4.3220463 3.792246 -12.095616 -6.563473 -3.8739939 8.368203 -10.654567 5.7765446 -8.376286 5.629878 -12.485055 -3.2005315 -11.314805 1.8779206 
-423.47296 146.85136 39.45758 33.25954 11.963058 10.856997 -0.45750937 4.3356566 -25.53413 -13.110574 -14.952277 -2.4422863 -5.3483534 9.620647 -4.189829 2.9520924 1.574513 -4.0999985 -8.073539 3.5104167 
-440.45593 132.77422 31.699379 54.916645 15.307629 3.4504325 1.450158 7.963423 -8.5162 -3.339057 -11.333986 -7.399843 -7.84459 1.547916 -17.138445 3.8583455 -2.4560995 -6.7721453 -9.223393 5.4611826 
-415.8675 144.46536 34.339096 31.74841 30.678795 4.7465506 -1.7006325 -5.3913455 -20.256462 -6.9240327 -5.0561686 -1.0308642 -4.4030933 2.8673496 -6.604368 7.207963 -0.9014436 -0.8906795 -5.248184 -1.1049671 
-420.279 82.255646 65.22244 31.081339 13.767344 25.495987 -3.552161 3.6666613 -1.080629 -1.914295 -9.786116 0.15434879 -12.506329 8.416823 -11.703976 4.0211186 -9.8113985 -1.1854326 -2.97336 -1.9685999 
-431.66437 101.94653 34.961483 40.17984 2.6760194 24.999815 5.688474 4.854809 -11.1748085 4.803366 -15.376783 -0.90783405 -7.5960407 2.2853732 -12.451842 5.8640604 -2.7198708 2.155309 -8.7060175 -1.3313609 
-498.4774 134.2889 28.637186 37.107433 5.00991 23.307163 -3.1264038 10.76386 -7.301575 2.2708714 -13.749357 -1.658862 -4.344947 -2.8651452 -10.89549 3.2196271 -6.879945 -2.612203 -8.965728 -5.0460944 
