-334.7328 117.82244 4.498549 35.554977 -3.0944316 5.307913 4.711042 12.95176 -23.943306 9.802166 -10.451034 -4.6055927 -4.352122 3.2863507 -14.891456 6.430776 -7.247831 1.5502734 -4.110905 -2.9483335 
-317.50925 165.46568 26.729734 30.001945 -10.427695 -9.683045 -0.55210656 7.0838523 -12.684205 5.8292847 -14.113813 -10.607777 -7.4779096 0.8616794 -0.738745 10.5396805 -0.72012585 2.509785 -6.382559 -3.9420521 
-265.4228 92.05364 7.140284 42.42348 10.1747875 17.154728 -11.076586 -3.331156 -26.331917 16.846924 -16.01624 -5.196923 -12.709438 9.255684 -7.465284 1.6658252 -4.7032127 5.900203 -12.145022 1.5353701 
-251.55281 125.68842 -36.972935 47.213486 19.57115 6.005503 7.3150506 -19.067543 -23.50742 22.889906 -14.517465 -8.4797 -15.3330345 5.65395 -5.19614 2.8697233 -16.338945 0.27943727 -14.997343 2.3713102 
-290.5821 37.706738 62.80827 43.52841 -4.73392 41.999897 -24.129438 9.30083 -14.63077 5.6395817 -12.682353 -3.0242412 -17.817749 13.400214 -11.069626 2.0089042 -9.720356 3.5406303 -10.117845 8.9185295 
-318.06995 123.81904 21.632307 53.360336 20.22745 23.888174 -8.833791 -4.820714 -26.959038 7.5927005 -14.581338 -9.625493 -21.571907 2.240424 -5.901833 1.4297109 -12.850604 7.5316367 -4.915825 7.9922733 
-293.76358 102.64213 19.769941 31.325247 10.283199 21.505264 -7.678293 -0.3917476 -35.83931 7.2152176 -12.1605015 0.21670903 -20.042076 -0.73532677 -4.777418 12.147861 -6.676002 5.953011 -17.78748 -0.1547094 
-279.94614 163.67023 -18.350847 27.112486 5.34231 7.711877 12.915807 6.08085 -29.456882 4.4627166 -4.9818225 1.6530908 -11.267148 -7.763782 -5.6247087 5.5211797 -10.51413 4.6649027 -15.238072 -7.389677 
-289.5046 119.997314 15.183785 8.191916 -4.6593323 9.042381 4.421597 11.083372 -22.70681 9.535031 -2.3624787 5.515522 -10.828386 -5.171287 -14.078442 3.4382246 -7.0920935 8.321471 -12.660213 0.032237053 
-295.9884 138.26308 11.122076 25.437824 9.750494 14.579259 -1.1657058 -2.098319 -31.386955 4.0515985 -14.071478 -3.2488012 -4.0143847 -4.122626 -15.589183 11.401757 -5.0194716 -3.3434901 -10.9814825 -0.789542 
-322.9388 113.452484 19.695898 35.22737 10.322539 14.0368 6.5650873 3.111434 -28.413828 16.962517 -11.169466 1.2248762 -9.05212 -0.6255781 -7.920187 9.699253 -5.317619 4.441839 -12.089022 -1.2314559 
-367.22873 153.51833 26.094286 35.655586 3.935203 4.9545574 5.4353824 10.845472 -26.102226 -7.2987375 -19.176384 -6.8202457 -6.2503567 3.0241745 -11.174727 5.093561 2.0112019 8.261921 -6.3112597 0.56365955 
-297.9857 90.34648 41.071228 38.699066 -5.178944 1.872207 4.0322747 12.971169 -31.380802 10.684564 -18.606308 -9.679149 -11.884829 7.616829 -9.402262 9.770034 -0.603925 8.210476 -12.849193 1.9278482 
-373.61386 139.8811 16.52082 59.13716 10.925659 -7.614803 8.170918 4.1693 -26.695677 3.7882757 -12.634013 -8.653065 -2.5225818 -1.5470469 -15.6608925 3.0213852 -1.6029818 -7.041727 -11.820892 3.581623 
-395.04367 117.05071 11.34049 36.678158 16.348442 15.724969 -11.601601 5.722803 -9.593261 10.880482 -9.632412 -4.3110623 -5.533881 9.069694 -9.50071 -1.5245248 -7.3988714 2.939547 -11.807571 -2.97445 
-356.42932 158.21576 -6.2735467 20.24961 4.195342 -0.576319 15.560954 11.464726 -23.726223 12.547189 -3.5443375 -5.8271155 -1.3399353 2.3286326 -12.67622 3.8914053 -9.527527 5.0835295 -5.4184875 -5.092838 
-323.13617 175.6739 19.592543 33.187344 -9.699855 -23.872595 11.758977 11.80615 -17.111103 10.125151 -4.1569877 -18.140419 -10.474276 11.461174 -13.727965 12.66817 -0.7125075 0.13496612 -7.990967 -9.49798 
-306.72626 84.07663 28.262947 46.60281 -13.373744 20.36299 1.3969926 5.037949 -22.826256 6.485517 -15.530365 -1.4003755 -9.297769 6.947428 -5.269039 5.392013 -0.33180436 4.276504 -15.374673 3.2154937 
-327.59647 140.51396 11.313765 54.374435 8.407589 16.859898 2.493617 -13.744653 -41.2276 7.6087627 -7.675525 -13.694796 -21.000471 2.2929788 -5.7082286 3.3118212 -2.7693286 3.2734306 -12.3927555 2.1232913 
-368.2172 151.56165 8.654595 58.003193 24.428492 4.2082725 -5.445997 -4.465572 -31.286476 12.361227 -12.022116 -22.640537 -16.394936 10.972637 -4.30025 -0.9303878 -8.2913885 9.949604 -6.566163 0.66838455 
-401.414 135.57996 12.437166 49.034676 12.146145 2.7773104 -2.2975416 9.973495 -18.95054 8.483714 -14.340688 -5.7773438 -5.132087 1.9080966 -11.384073 4.890857 -7.9463096 -0.30775654 -11.834128 1.1332456 
-330.9767 141.5047 3.240753 71.22122 36.52686 -11.953304 -5.6237717 9.212293 -24.314484 11.328686 -10.524692 -17.59326 -5.240833 6.216528 -17.235765 -0.5004618 -4.7078714 1.7428093 -14.127805 -2.6607556 
-329.89105 137.51503 25.358013 65.46969 19.338816 -16.063671 9.796267 15.8792925 -25.711962 10.037514 -7.8188086 -12.858514 -3.5669796 4.4302254 -14.653724 6.467245 -4.695556 -1.5264424 -18.187937 -1.1130306 
-340.9123 138.20053 25.245811 54.993515 24.013508 -5.8819346 5.54781 11.396565 -18.062954 5.0313377 -12.098541 -12.755697 -3.5086548 1.3432976 -14.25652 5.5470567 -4.869954 1.3294364 -13.616068 -3.3006146 
-277.15125 161.51196 -19.551157 19.820923 16.386356 7.4100933 -9.065292 -8.363239 -14.309411 18.226173 -2.3860664 -8.021418 -8.146133 5.3443155 -3.5196218 0.7221734 -11.364376 0.28233746 -6.065245 -2.542695 
-367.5552 156.5466 -0.7475071 32.743515 8.387011 21.470589 -2.3155088 -8.8047 -24.490675 0.3977164 -3.7570467 6.110592 -15.314053 2.9165556 -3.2228754 5.427661 0.952418 0.01849834 -16.700102 -0.5342726 
-416.5692 129.95044 12.63897 32.844433 11.079418 15.929415 -8.367101 11.530519 -9.924512 11.020478 -8.081684 1.611446 -3.9287474 7.6306787 -7.06443 6.445075 -11.353049 3.9885626 -5.910631 5.5410824 
-355.5857 157.71606 3.1483831 24.417881 13.325654 5.7722692 8.612106 9.167666 -24.062416 5.113487 -10.168377 -1.2048297 -3.7506113 -7.168118 -9.855484 6.1794076 -10.361009 3.377563 -7.5207596 -8.233098 
-296.42386 126.27654 16.648108 32.995285 -1.6760706 -0.44738853 10.43259 6.008 -31.379843 1.0633218 -23.3679 -7.865689 -3.0849826 6.847703 -11.100224 13.312615 -2.7532468 -0.37833098 -11.644248 1.9561732 
-278.04733 132.25311 5.9691706 40.134476 11.029424 8.315871 10.588908 -7.585073 -41.381287 9.100179 -14.905768 -1.8143591 -9.562951 -5.382959 -7.129327 16.384274 0.33286348 4.4230084 -11.6582365 2.701988 
-346.74866 110.16188 36.42045 37.84172 10.815723 21.15766 -5.44235 2.0200028 -17.689323 5.4953136 -10.546101 1.5764 -9.246849 -0.73121 -4.9925117 7.6368933 -3.957091 -2.4066117 -13.167093 3.6620436 
-313.97772 140.03075 8.556462 38.38666 21.953737 14.490679 -4.86161 -14.686591 -20.381458 6.038229 -14.810357 -6.5198355 -16.417995 -3.9139147 -6.399578 11.117851 -6.39 -1.9487275 -10.619602 0.17403913 
-324.0633 121.41867 21.22661 55.550724 31.325993 -4.52516 -3.352402 10.338277 -23.168392 6.9277883 -13.019549 -11.393522 -12.14854 7.5982013 -15.060442 -2.0512538 -3.1262715 4.44496 -14.35081 -1.0846694 
-296.8679 100.18367 20.020576 44.22824 15.561281 8.772752 -4.0083065 0.46332276 -18.510612 8.874885 -14.87563 -6.5129986 -12.94244 5.063213 -8.967206 -1.2065644 -0.9527413 8.375109 -14.3311205 2.5518725 
-285.54822 82.38759 24.914555 81.555336 4.858417 -0.20796415 -3.2303803 10.659078 -25.800058 13.699456 -20.244207 -7.4810038 -9.488252 11.098082 -13.639585 -1.5241059 3.8926866 7.7338004 -23.951612 0.33263743 
-290.7371 102.06174 22.50404 52.450882 2.2447069 2.8444724 2.5592394 11.542714 -28.56383 10.3663 -18.410362 -15.79826 -9.178325 7.437522 -20.383461 -2.3647685 -3.5930676 2.423217 -16.987516 -1.222501 
-307.4016 142.59009 -4.652449 37.66259 6.5921082 5.4357967 4.5455875 0.4685156 -30.168745 12.683928 -2.3780415 -2.4299822 -13.545438 4.454765 -5.4093432 6.247582 -6.114901 2.9505434 -11.185892 0.74894977 
-308.25034 137.88707 33.328217 39.81141 -4.006572 -10.106528 8.277626 8.867892 -32.236107 6.378279 -20.182117 -14.226927 -15.065403 8.758053 -7.9440403 11.7515745 2.773591 8.920153 -8.414307 1.6674383 
-332.13937 144.2374 16.595863 32.45429 -3.1953459 2.3559568 1.2848505 11.109002 -26.655897 3.21613 -11.942681 -7.3423886 -6.563696 6.5588436 -5.9204946 11.445035 0.9890747 3.7254765 -11.493754 -0.57959133 
-325.42578 137.52582 17.249226 47.224472 13.817098 6.0209427 4.3088136 7.933305 -24.330294 10.792633 -9.899073 -8.954653 -14.997903 0.6727491 -15.276016 3.614604 -3.4957983 -1.2069243 -12.849094 5.5378137 
-322.26172 120.82187 13.669987 49.630978 15.810913 7.766754 -15.019896 7.1983542 -23.231276 3.817621 -18.817858 -11.318722 -10.040861 12.016308 -6.8674054 3.543563 1.2670327 8.491618 -9.385703 2.8858423 
-328.31277 111.72739 7.3991604 60.6363 11.384861 4.569784 -8.708212 6.6621413 -19.883461 12.272381 -14.909634 -10.98794 -4.5602665 12.829138 -9.909554 -0.26335308 -0.7171517 7.638866 -11.533507 -2.8007278 
-387.58038 110.50312 6.7540054 37.88594 15.495434 19.826538 -10.620544 7.1627555 -10.876672 13.969387 -12.207138 -2.4650137 -5.070528 9.041868 -12.671194 0.7850825 -7.8662167 4.197411 -7.8661304 -1.2575718 
-394.70395 123.61996 11.561944 33.72809 13.796429 12.868137 -7.6488605 4.641533 -13.679833 9.7725115 -11.618197 -2.2640743 -5.741154 2.20993 -6.8070397 3.3383353 -6.9843645 0.89936215 -7.1081343 -1.8331326 
-234.70107 168.04234 -36.440105 3.811334 -1.2324713 -18.037989 39.696213 11.606221 -30.835032 16.354872 -0.110733986 -12.689602 -2.2714624 -1.1594858 -20.823034 9.462795 -13.062504 1.0551411 -7.6660757 -7.690618 
-320.98785 167.66112 17.550161 33.264053 -8.928646 -14.7987385 14.076725 11.316668 -27.251055 2.7472227 -14.7921095 -12.557195 -3.9088495 6.3191195 -9.698331 15.082569 -0.7812446 3.4363182 -7.5944614 -0.89839005 
-327.841 158.43495 6.7131405 37.178196 12.147749 8.067928 10.154212 -1.6160804 -49.28817 -2.1179287 -5.523236 -4.7143855 -7.3967404 2.3873672 -11.695332 11.898872 4.942618 8.564131 -16.510292 -5.421048 
-308.2209 154.80663 -7.8349934 38.349255 32.596 5.945321 0.4765054 -10.311744 -28.763767 6.947798 -12.4378605 -3.2534459 -8.112484 -4.5249176 -0.991853 20.394472 -8.371112 0.71680176 -14.6412 1.1814885 
-337.29596 158.27943 8.787021 28.28189 8.630284 5.7626076 12.431904 -0.602828 -33.93946 -7.0708175 -4.433512 5.700127 -0.44354126 0.55507123 -15.2012415 15.279863 0.7568988 4.53707 -7.521285 -6.973631 
-319.49765 123.96974 7.7077427 40.39452 14.297538 12.0129 -6.0950103 -0.983763 -22.862337 7.6070013 -14.795393 -6.0944095 -9.137116 3.0309534 -8.603326 6.3074236 -1.3012489 7.948411 -11.278762 4.1797624 
-268.79773 76.57209 15.763927 83.576866 9.0393715 -1.181675 -2.912449 8.564327 -24.0924 15.571323 -23.432178 -14.299913 -11.948567 10.694653 -18.755642 -2.7153618 -0.46934018 8.637501 -21.14728 -1.2250301 
-289.3586 136.24112 2.313638 47.89058 15.096717 2.563538 -4.6301675 4.9263897 -25.939335 8.807014 -19.46334 -3.7386339 -9.6768 2.1541452 -13.3674965 6.9224405 -8.169368 2.753868 -13.036575 -3.507607 
-298.665 128.40387 -6.1039996 21.949219 10.131051 8.717852 10.073439 2.4562504 -34.589035 21.56926 -4.529875 -5.4142227 -16.117281 -0.66404736 -10.618119 12.280822 -4.676894 1.1492939 -16.015223 0.22329351 
-290.86703 126.05591 -1.7817625 33.78752 20.90601 8.617725 -9.4320755 -1.462959 -23.516068 16.414125 -14.976994 -6.6119285 -9.009555 -1.3801302 -7.1900916 6.3214636 -6.291823 3.1269436 -11.659788 -0.018417941 
-289.6094 113.05406 -1.0824125 20.049616 17.34747 11.064437 -10.260154 5.4886637 -22.774708 15.843689 -9.390177 -9.424763 -14.477783 1.6891553 -2.0101607 5.8043513 -13.891421 2.9843903 -6.6680274 -8.79962 
-281.13037 139.75323 2.5137808 17.205372 -2.1790648 12.384277 3.9139256 4.891353 -31.060722 10.454464 -5.7317452 -3.946963 -11.781747 2.764326 -11.283301 7.919877 -5.1452036 -0.3944027 -11.534206 -6.850532 
-284.5369 97.719444 4.542135 65.080376 5.153881 7.769333 -12.43665 -5.5383096 -23.743143 13.574188 -12.886808 -14.953923 -9.73614 12.113714 -8.026555 0.61197674 -2.095879 8.572805 -11.677623 -10.121651 
-327.36188 147.79707 -12.242268 63.2032 20.895903 -6.44208 0.654512 -9.101955 -23.827377 25.313599 -15.33991 -18.706388 -2.7564523 15.269823 -7.66535 3.7741437 -1.0573208 11.746196 -10.122355 -11.383871 
-400.7585 127.205025 -4.109068 48.80098 17.383152 11.133751 -7.9905744 2.4779673 -16.993618 12.332565 -14.890691 -6.385726 -1.3226196 11.111791 -7.6492224 3.573143 -6.150647 2.3053877 -7.7518063 -3.160807 
-334.36584 139.16925 -12.540486 36.381706 33.063198 5.602188 -7.890491 -8.124279 -19.442497 17.016153 -16.811214 -15.690533 0.16430463 8.968003 -10.929317 8.774364 -3.3649728 2.6078012 -8.868198 -2.465296 
-284.0631 159.59575 -2.7938778 34.93069 23.212925 4.2255206 4.40383 -8.184512 -33.937485 2.0297613 -11.62327 -4.3761415 -10.316501 -8.015177 -1.8335459 14.907586 -3.6605039 2.1630363 -13.125797 -5.2254763 
-263.41525 119.00621 1.0115272 29.597971 13.701214 13.404424 -1.422544 -5.025525 -44.792175 9.51878 -15.449792 -5.65189 -14.935857 -1.2562041 -7.531468 14.380615 1.2042696 4.167483 -11.544422 0.1323408 
-321.45053 62.923138 38.517567 47.215527 -8.907551 38.171738 -16.304787 7.614875 -22.166882 10.874238 -8.7314415 -4.2728977 -12.59728 7.7582846 -7.556321 5.670643 -4.2498994 0.2513992 -9.228371 5.2880335 
-325.467 170.25652 -19.687527 20.901192 -13.923101 -5.586811 16.169657 12.297749 -29.333225 9.843389 -4.2176137 -4.859701 -3.9657414 1.4279866 -16.437082 4.114439 -9.604931 2.1410174 -4.5201063 -3.068799 
-333.912 152.69597 25.524342 42.60724 -5.0355988 -18.450966 10.537703 11.07516 -20.34188 8.308587 -16.055428 -11.629375 -14.0366955 2.3949792 -10.98152 13.60626 3.898092 8.905995 -11.564998 -1.6018754 
-278.7876 112.82117 8.030471 39.653557 -1.836553 -0.29542372 11.253666 6.400449 -39.88746 17.298752 -15.673623 -2.5570178 -5.6859503 -0.88562113 -10.90937 8.054312 -4.0089684 -7.528729 -11.475013 -4.636918 
-282.8284 87.2618 23.691446 53.28917 6.865386 12.091149 -22.679888 9.237286 -23.215855 10.65654 -18.942669 -7.4425025 -12.268823 5.614267 -7.7935605 6.999539 -2.3478413 5.5212407 -12.097563 -7.935908 
-337.89264 147.84467 31.81602 35.841564 12.762397 12.885364 -2.035391 4.46285 -25.863804 0.5420037 -19.696898 -3.9701784 -11.559564 -2.5147827 -7.772299 10.987621 -8.612892 2.4987838 -7.407826 -0.47816527 
-332.32755 136.23972 1.783844 56.884655 21.231958 8.618828 -8.006733 -0.5969369 -32.61613 4.935366 -15.728712 -9.355377 -11.580308 5.1755037 -6.67632 13.290723 -4.8547573 1.2408376 -12.145033 5.061019 
-321.607 93.722435 2.0223289 80.93003 0.39631546 -3.0105581 -5.06622 9.9478855 -29.780409 7.184406 -16.948631 -11.000473 -7.9299264 9.102901 -17.90228 -0.27590016 2.5771604 5.659829 -14.340337 3.3652353 
-366.55322 143.75307 21.852499 44.92905 22.492794 -0.98765016 0.82369876 7.4750495 -11.860767 0.05695682 -10.750357 -0.14771523 -8.881673 -1.7473058 -4.417356 6.687594 -10.11181 -2.0263178 -10.813234 -4.5891595 
-337.97037 90.87884 49.3163 23.816296 31.517252 12.153179 -9.552372 11.42889 -24.467972 12.422355 -18.117939 -4.4063087 -13.988877 7.711236 -6.4497724 6.0256476 -11.570469 6.076155 -8.39538 2.190309 
-385.0973 121.07769 10.938591 32.79823 16.392332 17.465351 -8.472133 4.193766 -17.89995 17.376652 -13.25405 -5.2413883 -6.636228 7.893593 -3.6097188 6.6056347 -10.406145 1.8925304 -9.383422 -1.0751199 
-362.0059 140.2348 -4.437306 28.034664 13.974361 10.209993 -1.4728068 7.65442 -16.921936 14.38438 -4.3180404 -3.451374 -6.952125 2.7635207 -5.255503 9.4479475 -9.2617 2.24376 -5.9264827 -2.6773055 
-293.5256 91.57731 21.296387 52.29344 13.40113 0.123614945 -9.393152 5.3121533 -25.281513 15.766854 -16.53859 -7.7686224 -10.107794 6.024687 -11.112118 2.777918 -7.2972903 5.7125955 -9.673463 1.4815134 
-284.92883 133.64555 -13.206048 19.894793 10.506309 9.981464 -2.1769392 1.4742885 -19.906284 18.896347 -7.2983866 -8.61046 -15.75256 0.39187792 1.9005923 7.112674 -12.535254 5.5944614 -10.215671 -5.9027295 
-319.0497 153.38022 9.20132 25.167862 -9.345864 3.6869116 16.3427 14.7078285 -22.61981 5.3113365 -8.30633 -5.072747 -10.636902 4.7286625 -12.263123 7.6098776 -5.509733 2.534323 -8.62986 -4.487008 
-332.61807 165.43849 14.491826 24.971458 -8.08276 -8.333722 18.06381 19.317383 -17.989433 8.002304 -4.3893423 -10.585435 -7.30422 11.6276045 -11.044633 4.951513 -3.4148932 -3.6423116 -11.9342985 -0.43486083 
-332.529 145.08551 30.569191 41.080334 -8.112669 -12.833878 2.7157059 13.695777 -16.093597 12.686229 -3.6024327 -15.167416 -13.259137 9.027875 -11.595027 5.0894346 5.995647 -4.8280754 -13.071339 3.978007 
-323.2989 135.03685 29.38998 44.4926 4.8924613 -9.520494 2.7620609 9.727114 -22.61342 12.019721 -10.687407 -12.930571 -11.868243 3.7326965 -13.764035 4.5127707 2.7470605 -0.23031364 -7.7176614 -1.0190967 
-320.12766 57.43935 12.615421 50.055473 11.034206 10.897123 -10.692767 25.524197 -36.682484 22.213587 -15.069105 -2.1441777 -10.369361 10.558725 -9.257133 7.0219884 -1.9741573 3.5000288 -8.239046 5.2158556 
-308.7195 155.62642 8.647819 28.580116 -10.680321 -6.9043736 13.878641 15.423582 -33.926254 7.4963512 -16.095442 -19.059685 -8.484757 0.8588062 -8.713558 13.997829 4.226715 1.1854932 -10.194042 -7.9200583 
-278.4127 71.89955 27.480843 58.19335 -2.2315118 16.491804 -11.754007 9.089048 -17.73035 8.831753 -18.597221 -4.4612713 -8.823036 1.0438161 -12.333407 10.277704 3.3017797 2.8445528 -9.174419 0.6875804 
-295.64856 125.16157 10.370134 40.866146 17.609865 13.990984 1.2862135 -11.253986 -26.878227 10.510496 -20.060143 -6.9529595 -5.473088 -0.23437224 -6.3907733 14.303043 -2.5318851 0.6168161 -6.299185 3.1089144 
-296.02133 116.48116 18.440155 47.062794 -0.7298283 2.3088837 7.9733734 2.875453 -34.94051 3.651763 -32.96295 -7.2385535 -0.9517411 -0.24927324 -11.901403 14.981293 -5.195147 2.997773 -5.8121495 1.0680813 
-289.20828 81.66763 10.913532 74.850685 4.4656277 14.006564 -12.513584 1.269271 -19.106855 14.557027 -31.538364 -12.1060505 -6.53585 8.03129 -17.356285 5.860825 1.9699146 8.776398 -9.763533 -4.508487 
-289.82254 60.10112 20.081553 74.81403 -10.067718 19.806644 -11.970911 10.384436 -19.823122 13.548715 -22.78021 -4.5347147 -7.975111 6.8554974 -16.804375 1.7818873 2.2931437 -0.024970982 -12.909255 0.89229447 
-294.90323 83.58577 20.203695 69.147095 -4.210618 3.1191964 2.429359 12.767232 -20.18615 10.451008 -20.621338 -3.6400146 -10.105236 4.999178 -8.61816 2.3009286 -0.3698294 1.9882668 -21.299273 0.57835364 
-276.92935 68.777855 28.8528 50.91715 -2.0198674 17.171717 -8.539094 16.34457 -18.67939 -1.58495 -16.460287 4.35439 -11.2634535 3.2060618 -10.606724 3.1130586 -7.348552 6.1938944 -12.901797 1.0029984 
-330.3409 98.34238 39.386856 53.928787 -2.9231305 19.892483 -17.558834 18.658737 -18.01166 3.3102422 -13.957177 -2.1911378 -10.196174 0.32556376 -10.47842 3.1929982 -3.5167627 2.5614853 -14.125231 -1.2426397 
-348.48245 132.14226 1.4287226 32.0159 13.002914 16.089851 -15.16192 -0.06705517 -31.457756 13.527987 -7.676177 -6.8992443 -11.861141 9.46982 -1.6903895 7.0671253 -6.755195 4.081279 -12.879105 -3.0065794 
-331.92908 82.784164 25.18366 49.65553 22.96024 -2.9238129 -15.041042 18.677044 -24.596687 12.074282 -16.431053 -6.16847 -13.398502 10.0847645 -16.605194 -2.3498514 -4.559636 12.524543 -16.555294 3.096615 
-386.9574 140.59851 16.022758 40.92849 27.489563 4.531475 -14.300798 7.9833775 -12.836395 5.7952194 -17.377771 -3.2373161 -1.9124432 2.782636 -14.748066 3.4561632 -0.25922668 0.017482387 -13.708611 -5.1735497 
-409.50183 124.973145 8.884025 40.982395 14.493839 10.679169 -7.618371 9.442591 -15.475396 6.2676945 -14.296899 -3.1839993 -4.464166 9.316521 -10.023752 0.65669274 -4.907245 -1.2719997 -11.688456 4.8468804 
-397.93234 126.282104 3.920093 34.544155 7.139834 15.542952 -7.519265 10.301087 -15.7891655 8.405211 -11.463101 -2.7118425 -5.095707 5.1765423 -6.026516 3.7624936 -6.2200985 -0.30108526 -11.672614 -0.5063689 
-255.47157 157.38026 -22.910528 15.991094 8.9906435 1.5698371 5.5434685 -2.766624 -19.70414 14.296108 -3.5743167 -7.8796005 -20.082754 -3.5559878 -0.31491196 2.1932707 -10.710753 4.0098658 -16.254194 -3.784729 
-326.8565 186.91107 9.381053 20.021446 -24.492702 -10.34707 7.45562 18.74349 -17.136576 0.27813223 -17.829525 -7.8796406 -7.045432 3.0190706 -4.8963103 11.755758 -3.3174102 3.010821 -6.517659 -6.621336 
-350.0119 115.204765 44.631397 37.122868 -0.9238025 5.0494905 -6.9115715 3.6750195 -19.395767 5.6043797 -19.161484 -2.398769 -10.105373 4.1981707 -4.344247 5.5618486 -1.8716588 9.774338 -10.69237 5.9741306 
-330.61746 122.65336 36.198463 37.65859 -7.904638 0.35963398 2.0510423 8.068702 -27.853296 -0.3858687 -20.23901 -12.85486 -14.079014 7.2308655 -4.704621 9.051892 0.15487188 5.2734046 -16.356218 -3.3294919 
-284.39587 120.13555 -5.478372 24.91118 -12.745843 18.912083 -9.406028 5.240298 -30.470259 6.381948 -8.702645 -1.8176134 -4.783221 6.7324033 -10.933987 3.5528438 1.8361816 -0.026988003 -16.56607 -4.9377103 
-292.29623 111.06005 21.48333 34.232483 -11.069929 24.051224 -4.04912 3.9418843 -32.636837 -0.1280494 -9.032656 -3.1764507 -13.384578 7.2563467 -11.185094 6.352299 3.4173794 5.0106754 -17.894157 -3.9096951 
-348.36047 128.9995 13.586734 52.22594 5.3600063 10.6283655 -0.88989747 -1.7508684 -22.73726 4.4673376 -10.602113 -6.822311 -10.987906 10.094241 -9.185022 5.14738 -1.2693931 -3.328576 -12.700386 -5.552981 
-321.39844 92.13598 24.530886 66.48371 5.170881 7.2303705 -13.925869 9.589882 -21.84073 8.6688795 -19.813944 -13.820001 -3.4373007 4.820693 -15.592045 0.38493806 -1.558869 3.3329177 -11.015675 0.98268867 
-366.2193 128.12213 23.659916 53.712162 18.284966 3.2098665 -7.5447226 9.26618 -19.663675 5.475135 -14.606798 -8.317613 -2.6026993 5.101281 -13.13286 1.1633378 -6.4255924 1.5409055 -13.650042 -3.4282866 
-369.84445 129.195 33.742832 49.968796 11.654675 8.666943 -2.7396755 10.035636 -19.809586 8.831166 -15.57882 -5.880348 -2.6401925 -2.5833814 -10.791013 9.484671 -6.7388906 1.6562423 -9.945851 0.7106732 
-308.85 93.7525 32.30917 50.28311 11.06112 20.700064 -9.145393 -0.54836476 -18.732084 15.554302 -13.838955 -10.426696 -7.2775183 8.303796 -11.646815 8.465999 -8.8662195 0.07960066 -4.170961 5.3750253 
-314.77905 81.1683 27.183563 52.988457 8.9548235 20.18358 -10.91319 -0.22695191 -13.327938 10.041905 -19.244745 -6.455267 -6.00693 6.304106 -13.554686 -1.0960443 -4.5356536 5.772481 -8.106374 6.2460065 
-358.21838 138.68102 17.35508 26.40702 -4.964276 7.9014077 -3.2947328 17.540182 -17.116152 0.9802994 -12.522892 -3.6431613 -6.3904686 7.1861997 -8.073722 6.470945 -4.3781466 5.5417056 -8.239561 -1.4571909 
-411.57056 153.06871 30.428864 36.629177 13.960495 1.0366231 -8.138676 13.408327 -11.223384 3.0727549 -9.54867 -0.46618298 -7.4558587 0.3130421 -7.984892 1.2668086 -11.599934 1.8387351 -12.911012 -3.2067077 
-403.13953 150.28516 27.901606 38.808403 13.330643 -2.0173073 -6.641004 6.809812 -16.02702 1.3441359 -13.97435 -4.6589313 -8.559589 -2.3545105 -11.785702 4.4002705 -5.611376 5.3891697 -7.0125594 0.49560112 
-382.15863 136.33698 9.126464 38.638367 20.65424 7.67169 -13.992737 5.2201576 -18.443872 7.6173825 -14.877587 -8.635525 -10.26759 2.9161992 -4.3896875 5.293828 -6.4525704 7.7450604 -7.5193653 1.1490034 
-420.8562 137.56696 13.118987 36.89943 16.401438 8.47499 -6.682338 12.960588 -9.481138 4.5602555 -13.291023 -1.6601726 -9.143357 -0.13771264 -10.694091 2.9130578 -11.39836 4.789258 -12.824075 -3.5092583 
-287.26068 155.17418 -5.973297 17.668636 -8.134052 14.634576 3.1141336 1.2221073 -38.0088 8.081567 -0.72181576 -2.4975865 -6.899135 -3.3007965 -12.82218 11.655978 -1.1484401 6.754066 -14.695607 -10.247271 
-349.56122 112.58237 37.174973 19.396708 7.2150593 20.25303 -9.470402 18.764235 -22.915134 7.78079 -10.653038 2.857215 -6.442812 0.8217945 -12.90268 4.387127 -8.181021 5.7589245 -10.489465 -4.415718 
-345.40698 120.82654 11.479373 20.580324 14.907442 9.764888 -10.14176 7.2725754 -24.291851 16.878143 -6.988875 -3.5123591 -13.472069 8.167123 -13.016343 6.7518764 -9.235393 6.015457 -10.7055855 0.3203445 
-420.45078 142.43565 15.225739 30.530708 13.703445 10.508218 -7.0352826 13.368023 -15.421385 4.7564793 -14.344275 -0.9383526 -7.1731195 1.3056592 -9.621449 7.6838355 -10.02537 5.3887243 -8.117311 -1.1205573 
-429.936 145.14406 14.249003 38.57195 14.814021 8.738293 -10.092332 14.261189 -12.965063 8.354366 -9.95396 2.6606793 -2.8366907 3.42654 -5.5753603 7.0998206 -10.779136 3.283995 -10.850171 -1.888437 
-479.38025 130.51018 15.754728 25.818237 19.177055 8.663607 -4.8024163 7.308928 -7.168602 6.2158947 -3.1057858 3.6376681 1.8647401 -0.7733224 -5.334233 -4.60724 -9.828306 7.154692 -4.304059 -8.146795 
