-369.38528 224.62329 4.448384 25.954247 -42.29055 -23.127092 11.87611 0.49945724 -26.627062 7.5830364 -3.4117403 -8.697835 8.520515 5.491901 -1.3066566 -5.5948124 -7.056637 -10.235496 -2.3333564 -8.483715 
-322.917 166.73296 45.89291 36.24133 -27.186573 -14.722822 14.243467 -8.063447 -32.79975 5.4110084 -16.798958 -7.4196134 -6.2552795 15.812288 -1.5002803 1.140779 2.5846343 -1.5341203 -3.2822134 -7.9977994 
-276.05453 123.07799 -8.105076 33.450645 10.486772 5.1921024 -8.590083 -11.669436 -23.841274 17.263891 -8.518121 -3.0853014 -1.7974739 13.333218 -4.348801 -0.8733991 -19.295824 4.8248158 -3.911723 -11.471302 
-308.8643 197.85541 -30.240316 11.368365 -1.4162878 -3.0485764 7.0361514 -18.677132 -19.04267 6.743925 5.43288 4.8069024 2.0232282 -1.9685326 -5.523273 2.008612 -11.550229 -1.261862 0.28253257 -4.2969327 
-320.3656 182.52869 35.22789 42.49773 -21.619364 -24.580065 2.7772245 -3.590495 -33.14392 7.1844807 -19.36711 -17.377062 -4.9655933 1.2807348 1.7778691 3.1858313 1.228709 3.0252104 -1.5728798 -3.828265 
-238.85359 96.24667 11.36818 41.144894 -21.578646 12.83062 -14.958561 5.91043 -30.846981 0.7778943 -13.24714 -10.374996 2.902047 7.8853455 -5.951892 9.892583 -7.4592905 3.4668543 -3.580575 -8.829768 
-346.20984 176.94406 26.99221 42.48914 -22.813368 -27.669256 2.0612783 1.8378966 -20.733559 7.032957 -8.807345 -8.589987 7.7054815 2.2485404 0.23901218 16.073547 -19.419458 -8.1203985 -7.1848135 -12.356351 
-325.484 178.98114 -6.7800837 29.015293 0.9570727 -6.8208838 2.2314844 -16.907093 -33.279198 4.03277 -16.012592 3.3319683 10.212585 3.9466875 1.0936837 1.4288609 -8.742188 1.0154575 -2.292137 -12.731439 
-277.61978 137.46297 7.23229 38.617218 -7.46344 2.47966 -3.0011094 -13.832592 -37.072266 2.1993256 -11.786316 3.1683497 -0.4576294 8.099628 2.5737147 7.72171 -8.219212 4.105438 -6.743258 -4.7610483 
-205.3507 158.60947 -44.17933 17.532406 4.7798157 -8.173437 2.887652 -27.166016 -24.14822 19.30435 -6.5814753 9.525913 -9.905725 -1.2309369 -4.873048 6.238812 -13.681715 6.6748867 -6.56949 -3.228787 
-258.52823 129.55789 24.4166 31.689993 -16.093767 6.177341 -3.9296324 -9.940759 -40.181473 12.123249 -20.19193 -0.20496832 0.3241416 9.939724 0.79514295 12.883907 -12.121494 -2.861558 -8.584262 -3.2184215 
-294.46722 162.3071 -20.498756 14.63312 2.5956488 8.187654 3.4167063 -12.997052 -19.680428 23.857162 -1.1381738 5.6129107 -7.892344 2.9978032 -3.3822412 0.88195556 -21.539062 1.2144928 -4.84761 -8.046875 
-317.20343 109.4379 28.056026 37.83121 -6.322447 15.259788 -21.911003 -0.25713876 -16.298855 4.458109 -13.151865 -12.393795 -3.490806 6.5502925 -4.935877 13.303538 -6.717081 4.627442 -0.95501083 -7.2535944 
-397.26724 164.04683 42.775124 39.11202 -23.186605 2.5600867 -12.404076 4.1855907 -22.100504 3.059373 -5.114003 1.7013378 7.8119183 3.0671976 -9.221115 7.2511816 -20.034208 -4.5925837 -6.5132627 -8.04437 
-408.13797 178.35701 14.56042 34.56337 -6.029153 -1.3594801 6.57889 -19.880552 -22.99375 5.9148135 -21.393623 4.87933 4.2735863 6.718175 5.348582 7.8488364 -7.8380084 -6.5382423 2.558425 -9.321979 
-276.95032 139.6844 -34.019398 25.982525 -7.58369 5.31411 6.46954 -30.273844 -19.411476 11.0135975 -0.7985502 5.237217 -12.325667 -0.25499547 -10.469346 -0.9181988 -14.94327 -6.7572546 -6.0344677 -9.718325 
-236.48831 106.019936 14.660526 21.90281 -24.468588 7.595642 -14.904034 -3.730977 -33.59008 8.041996 -7.760851 -2.7358809 -0.37160164 1.8842286 -8.319987 7.69438 -13.9653015 -1.5974699 -3.7249074 -4.0656705 
-259.50192 153.56906 11.1366205 22.599754 -0.9715026 -4.1403446 4.0096498 -20.964167 -35.259476 6.598456 -25.36965 4.3776608 -2.1083179 -0.6867989 0.6634452 10.646448 -12.829699 -3.3490274 -8.049492 -3.6607378 
-285.40918 167.74155 11.990151 12.322233 -4.71343 -7.843109 6.46923 -2.7918332 -48.965744 2.0228837 -18.194912 -1.1670042 5.5154905 11.21317 -0.36674106 10.174653 -8.775296 -5.503363 -3.00627 -8.134252 
-281.87823 97.549355 35.752995 31.857805 2.37587 28.959154 -2.2094905 -11.793248 -43.480232 14.179311 -16.5458 -9.319879 -12.475852 11.916585 -1.9729317 12.723087 -7.4155326 -0.14650297 -4.3997383 -2.8349621 
-412.5922 154.5236 15.21999 47.31293 20.153458 25.147537 0.6392546 -15.77652 -36.732468 19.856411 -9.206996 -12.452457 -13.508368 0.97849435 6.151991 7.3318396 -6.7999806 -0.490677 -0.07550345 -1.1234661 
-439.895 139.62077 -3.8062003 34.727375 -15.000961 44.89786 -1.2564254 8.757647 -34.682907 16.932152 -7.203047 -1.1932425 -2.7350218 7.708353 -17.026503 14.0233135 -10.255283 -6.593532 6.082512 -2.8012173 
-376.02533 185.12762 22.185509 40.930473 -8.860716 -17.604094 14.009755 -8.367815 -22.776516 7.725831 -12.294777 -3.5600832 3.8547413 -3.4709425 0.5679069 5.576074 -5.5146713 1.4354978 -9.894858 -8.117754 
-284.6829 167.77934 -9.631189 35.356728 7.1557336 -7.349785 6.0171623 -20.12527 -27.666975 14.270072 -10.190121 1.5768789 1.0411608 8.138968 4.1640825 0.61966044 -12.524445 -9.670171 -7.026775 -10.761629 
-279.27603 156.96118 -14.960951 17.714108 -12.6396265 -5.23964 -6.660906 -1.0323966 -17.661041 17.954788 -6.026308 -4.915534 4.6480045 6.7625694 -5.319342 -2.4456685 -16.888268 4.3050895 -8.902547 -7.7126575 
-259.30548 132.66232 -1.9050331 36.07005 14.316517 -1.5816138 -20.744303 -3.4264433 -22.908699 9.139069 -9.787212 -6.017567 -1.6497084 2.8321095 -8.056753 0.6591208 -14.0458765 2.0667992 -6.2382016 -10.159852 
-248.36073 168.269 -23.356346 4.472016 -5.729155 -2.7126067 -5.5924215 -3.4501457 -22.73869 23.037638 8.861391 1.1153665 -11.248109 -6.783281 -4.3374367 1.0937465 -9.6228 3.2201414 -8.901098 -2.422158 
-334.8177 188.34999 26.422634 20.329697 -47.40056 -11.538867 31.260424 -3.0259917 -16.219444 20.703876 -14.394106 3.9751272 12.047333 -3.6793475 -10.097241 -1.5560346 -20.665089 -8.586429 -1.5990233 -0.78484327 
-337.12805 153.34267 45.846596 11.876045 -24.779518 -6.5819635 -5.92671 -0.26831096 -17.839064 17.803062 -8.689388 -1.3066229 6.200225 -4.2104897 -3.8034298 13.772135 -7.1146502 -3.6124415 -6.917719 -5.631389 
-276.88522 98.078995 24.107704 54.84857 9.445098 23.582756 -20.940517 -1.680654 -33.530605 6.8714833 -19.27033 -19.653734 0.021652328 -1.7703092 -11.101852 10.477813 -3.9917402 0.16311982 -3.1195135 -2.1607356 
-308.0981 196.45734 13.663427 17.993662 -41.128628 -14.316457 13.5940275 -8.161752 -27.520725 6.2795014 5.0155983 2.240035 9.163494 -1.9213042 -1.0822906 -5.9178576 -12.522807 -2.9317162 -7.817337 -14.293364 
-407.7638 197.21875 29.884752 38.824112 -12.09943 -18.388664 0.8666951 -2.0958312 -16.485939 2.422183 -7.5273185 -4.781544 -0.7280869 -7.8219857 -0.8868186 1.578542 -4.3447475 -0.122082815 -7.156584 -13.148473 
-281.87186 156.74504 2.2682772 11.949726 -18.279606 4.774339 5.0947876 -4.774988 -29.018002 -2.0396042 -6.1439524 6.835393 10.796991 0.81708294 -6.255251 7.7510552 -17.281467 -5.3431206 2.2420526 -10.215267 
-353.28662 169.5526 19.234255 37.801937 -17.966507 10.811376 -8.155987 -5.507509 -26.578384 -7.212107 -5.3630457 -9.912315 6.324778 2.25111 -1.2191864 10.281556 -14.764233 -0.5172964 -9.015043 -15.392536 
-345.01312 132.68082 2.878716 68.03064 17.617636 5.2504416 -12.331452 -6.1674337 -20.7347 1.2973838 -18.905159 -1.4305567 -3.9044309 4.373668 -8.273022 12.309437 -9.139302 8.446125 -9.101322 -12.447908 
-304.9182 136.24957 4.2486486 34.09 5.0612087 10.916018 -20.82102 -6.4088283 -23.072687 16.851562 -6.6495156 -3.0886912 -1.7731808 5.9023075 -8.382164 -0.58944833 -17.617664 3.5835848 -7.512047 -7.793434 
-348.84094 78.5794 34.861263 89.137955 14.41215 2.2977002 -16.813711 13.352316 -27.747232 8.781801 -13.3831215 -13.426169 -3.8525517 -0.091623515 -14.264287 8.913384 -7.472727 -1.8079268 -6.458502 -4.564388 
-364.3547 100.78897 32.623604 69.65777 16.812391 21.682486 -31.085209 10.15668 -24.689041 -3.8636143 -15.024543 -12.560084 2.9665422 -3.8874364 -14.069138 1.4232461 -9.24213 -0.2655362 -8.140941 -9.1513 
-340.1919 185.58766 12.931882 14.642855 -39.39638 -6.6370416 19.539722 -6.841181 -25.165178 12.143557 -8.52206 -4.9070425 7.370975 -1.6465936 -11.107199 -0.78831667 -17.590494 -10.429412 -7.086931 0.2831768 
-414.69885 142.24107 -0.9252438 22.115038 -4.449278 25.053688 -1.064913 -3.3310604 -15.558784 23.618906 -8.848148 -6.4657354 -7.4373016 7.9627743 -4.9007397 4.135361 -14.458328 -3.8324916 -6.6373496 -0.6540452 
-509.38617 160.5647 18.902582 41.86783 14.744169 26.013603 -8.424437 6.790992 -7.9219155 11.815257 -9.650574 -4.8699055 -7.0553265 4.815566 -4.909665 2.5657816 -6.835373 -1.5710454 -6.0210104 -4.075733 
-200.10149 186.22018 -66.938416 12.653523 1.2274693 -24.951496 -0.60946923 -15.120732 -24.23414 27.824116 1.9368057 -3.9723587 -7.820488 -1.5712695 -4.927983 -5.698715 -6.6149755 -3.8800137 -2.4108968 -11.462254 
-345.95233 169.19075 -0.9749489 47.13897 17.953669 -11.813069 -4.9319687 -12.166901 -16.006325 4.748306 -11.337028 -5.78926 2.20679 0.7346699 0.4826926 1.3506151 -7.755419 4.5171013 -13.914003 -12.195726 
-373.47745 172.62395 28.54194 28.90563 -25.986448 1.0832441 9.413921 0.24417602 -24.30365 9.875102 -9.443111 4.566938 7.8295507 -1.8052529 -8.108442 -3.6302936 -14.880217 -8.978755 -7.221028 -10.047543 
-298.37222 125.00668 7.309377 34.801006 -1.0705076 11.014719 -15.812795 1.0010834 -18.088081 14.607219 -5.257192 -6.886366 -3.8362591 13.301571 -7.5372753 -0.15698273 -17.691305 8.956492 -6.079771 -10.320154 
-201.39064 164.5329 -39.67873 24.454033 -0.7583669 -13.300971 -9.784914 -17.83981 -28.771353 19.659447 -0.89802384 4.1148424 -4.5122967 8.1014185 -5.5167966 3.7307086 -14.173908 1.4681195 -5.1651754 -12.990221 
-294.18863 143.24529 13.922457 44.38135 5.3977113 -8.569025 6.8550916 3.0969512 -22.44048 5.905598 -15.451828 7.1574783 -1.6749264 -1.1470063 -2.1324396 3.455728 -9.968225 -3.6588025 -8.611455 -13.106706 
-363.33398 124.884926 27.925938 69.61408 18.278358 -7.864725 -10.452861 -3.4958353 -27.0199 -1.0472913 -21.638569 -0.54728866 -3.5730143 -3.1346378 -5.8324537 10.748394 -10.769696 3.7157526 -3.0715542 -13.6559105 
-389.82584 122.94615 12.004987 38.918507 9.485677 21.253407 -20.472713 -3.202382 -14.878328 14.887931 -4.3612413 -2.7156901 -2.8563426 2.8639479 -0.87718004 9.0521755 -8.20396 7.891339 -4.706174 -8.448785 
-409.3395 186.33197 5.5664573 30.282738 -4.2404838 2.7589025 11.454783 -7.4908915 -17.097569 1.5122907 -2.3974814 6.405532 11.014034 -5.039328 -3.9451137 -5.601506 -18.073597 -7.032676 -4.71916 -9.7204 
-407.58078 169.61531 40.42956 25.0867 -19.179817 2.8132315 8.202684 6.2605877 -24.895035 10.8904505 -5.8871555 4.4934354 11.573975 3.2676573 -12.089325 -0.4113637 -13.478778 -2.2464726 -9.491484 -2.5585527 
-310.50305 156.78876 -3.6812313 33.718307 -9.173911 0.77005875 -8.270281 -1.792803 -24.54379 21.400587 -0.81771976 1.6572208 0.84161496 -0.96755767 -9.604303 -2.847534 -10.477455 2.5771217 -1.7843672 -12.213363 
-353.3442 141.94092 35.048992 47.611946 -6.818353 11.535205 -15.509393 -10.542262 -27.914585 4.974282 -12.2868 -7.8814774 3.4957614 4.0602965 -1.3999729 6.090306 -3.875478 3.2811773 -5.5405126 -6.177263 
-357.5298 184.19559 20.565012 38.145134 -19.996233 -15.124908 13.692949 -9.1116905 -28.039429 -4.9347157 -14.771954 -3.398885 6.888674 10.580692 2.9454062 0.28206274 -8.5707655 -4.8797364 -7.3531246 -12.8660755 
-376.53128 180.55591 -2.3282166 13.3371935 -2.6344728 1.9903319 16.900064 0.7795902 -24.450342 6.8947773 4.1479073 7.8079624 1.7289244 -1.4223518 -9.0635605 -8.722134 -16.637861 -2.5962152 -7.388443 -3.8904436 
-363.02805 111.85102 25.618538 22.787947 3.9086583 20.508593 -9.507296 2.1209025 -22.192533 20.221737 0.30435002 -5.8390527 -4.759202 9.607503 -7.9688907 -2.2794316 -13.955479 -0.9220698 -8.820751 -10.143973 
-394.39886 152.8885 12.8412895 54.953247 8.3011675 10.116154 -27.339851 -6.273557 -25.045958 18.983597 -7.630357 -6.456545 -0.29045644 11.643786 -2.2489603 -8.338771 -10.6746 7.556866 -8.376966 -16.501411 
-382.279 170.9826 0.38622963 34.80614 7.28503 10.746259 -25.867672 -15.434017 -27.283207 22.470673 2.7514224 -6.272872 -1.6790392 0.668943 -1.5187424 -6.230136 -20.14566 6.1290045 -7.3348017 -11.368169 
-480.29086 139.5487 43.694996 27.982965 16.69879 18.629427 -4.8696957 10.389156 -13.423196 9.770425 -5.312811 3.8874998 -5.7765226 -4.34038 -2.535141 4.586617 -11.340054 5.1446996 -10.152278 -3.6702762 
-550.72394 156.17816 47.47624 39.43523 14.697157 15.386356 -3.356794 12.364004 -8.513973 5.7464657 -12.582666 -5.389106 -7.0785923 -4.270014 -6.98309 9.150686 -8.034853 2.866692 -5.791594 -0.62254274 
-509.28207 150.4759 18.435558 58.846416 8.167875 27.026909 -8.064669 8.228756 -3.1656291 4.2564445 -3.1617076 -9.577808 -1.9701533 -5.1994653 -6.432747 6.7364693 -10.008356 2.117558 -2.6818187 1.0893397 
-491.30554 140.63533 15.951991 55.88092 10.703991 26.00221 -6.084184 10.257237 -6.1117706 1.1912627 -7.910021 -6.075286 -3.5116994 -6.643485 -9.217668 11.3949175 -10.050615 4.9042683 -6.683411 7.691196 
-517.37787 149.56573 11.943161 63.612026 9.750017 29.265337 -8.126359 7.353915 -3.650997 4.1366634 -1.1232562 -11.164838 -1.4769698 -3.4246182 -3.8273206 9.135559 -9.767706 3.1211116 -2.174849 10.571509 
