-423.16745 137.8474 10.708495 36.23834 10.238381 13.9916725 -1.4313174 5.148363 -1.3234001 4.0680976 -8.768446 -2.1836133 -10.788028 0.5158954 -8.842713 5.084646 -8.220286 2.1818683 -8.899078 0.08509262 
-344.2244 124.83158 27.634422 18.188528 -2.5146446 13.388377 -5.920484 1.2819835 -16.891052 -3.4326448 -5.7946873 -4.0595875 -7.2251043 -0.52636707 -4.5420938 3.249808 -9.852193 -2.642972 -12.528355 -3.0705674 
-290.6939 120.16268 -20.827812 39.675632 -1.299974 2.6697257 -0.90758747 11.108049 -12.116511 -15.829417 -2.281774 2.0422592 -14.050147 4.3098984 -4.753598 -2.4931412 -17.655956 -1.0079545 -9.09885 -7.062477 
-303.14536 118.65069 2.2902637 27.055122 -6.965025 6.2695556 -11.026912 4.040247 -9.577002 -6.2413864 -9.97241 2.2997313 -14.364794 -1.8551352 -6.0272465 -5.0181675 -12.711218 -1.277804 -2.5508933 0.33341673 
-295.60272 155.53096 0.899616 4.57955 -24.652546 4.038864 11.901239 -16.309273 -16.540144 -8.374639 -8.818528 11.426799 -9.978582 0.9969709 -4.6243606 -3.7094507 -1.9583089 3.4839144 -10.963642 -6.5373745 
-331.21017 157.80887 28.812283 20.027908 -7.611327 -7.4178104 1.3937448 -2.2787333 -9.768509 -4.9621077 -17.159725 -9.6335945 -9.357036 0.40502536 0.76145244 5.941682 -0.053628393 -2.3264303 -4.905217 -2.0024266 
-334.3166 156.86404 19.586363 16.835411 -4.959214 -0.19130665 7.189585 -6.708691 -14.960013 -5.3269944 -16.182364 -7.683826 -8.673594 -3.0955238 -4.232726 6.8115025 -2.7867155 -1.256859 -4.497602 -1.853408 
-308.66568 117.953 22.618275 12.933622 7.7957897 12.657839 -4.5594344 -15.798213 -12.135304 9.335253 -19.891874 -0.575735 -6.4203844 9.661596 1.4871274 -7.4990716 -6.3700776 3.2085288 -4.3003445 4.7573147 
-336.51923 118.22173 35.15621 24.04269 18.09377 6.3002586 -7.83697 -6.6562753 -10.949061 -0.049735785 -12.704575 -2.9606357 -10.36561 6.692543 -5.0762086 -6.5252743 -4.1097074 2.8370275 -9.16339 2.7925358 
-297.60776 142.53503 -16.324944 16.099155 -1.2427014 12.005618 4.283394 -6.04713 -11.7414055 1.0841476 -17.506365 -4.684388 -15.058204 6.69826 7.1028285 -13.220164 -2.8954678 8.6479225 -8.366322 -1.0413195 
-328.28357 142.06467 -4.171437 28.705383 3.9342241 6.243803 -0.5861698 -3.7353277 -7.501536 -1.1277555 -19.428776 -7.036661 -11.608509 3.3990278 2.0536413 -5.5233316 -7.515737 1.2561218 -12.985617 1.3404659 
-358.77106 120.11838 37.76115 29.763634 16.425848 0.42350733 -5.082638 -3.6819077 -11.180286 -5.9697084 -18.198744 -2.895639 -9.273757 0.4442713 -4.4791803 -6.569689 1.5128337 0.23185772 -11.399776 6.9131627 
-354.78238 124.524574 21.662315 46.073517 8.91601 -0.43374094 -3.0115366 0.8161571 -9.536198 -10.249425 -19.820808 3.4082236 -12.330082 -6.69951 -0.30056223 1.9676359 -6.8723745 3.76285 -9.423209 -2.2999547 
-330.2511 165.67174 -0.44329008 13.020776 -2.328994 2.515996 3.605084 -6.111243 -19.009115 -4.618453 -8.674491 1.5336603 -13.036678 0.8837515 1.8348852 -4.847332 -11.549435 4.9485383 -7.013979 -2.910413 
-346.57745 102.42052 34.42601 36.450382 12.65195 -0.1265598 -3.0741405 3.6446254 -14.420483 -5.25633 -8.338576 1.4085652 -12.095536 -5.0449862 -0.114969626 -3.9387965 -11.557824 7.101375 -11.675849 3.873455 
-342.36646 142.96858 38.751503 15.72076 -10.899366 -4.42766 -0.8742651 0.43210208 -11.528059 -4.89623 -14.975514 -2.4623384 -3.7755344 3.903445 -3.0994797 6.8071856 -3.5076258 -0.6045771 -13.361732 -0.85083574 
-401.36163 131.96124 12.765797 23.673323 9.877612 15.173281 5.812777 2.6577654 -4.515209 2.6608725 -8.6280155 -0.9040443 -11.472584 1.6020353 -9.067036 0.7190967 -10.61826 2.8608441 -8.819027 -0.76089793 
-404.483 140.95645 2.8426638 25.389866 11.962249 18.752192 5.9052186 7.5675354 -4.11093 0.86314905 -12.463338 -2.1412783 -9.649198 4.1408434 -7.2664466 1.3778987 -9.661917 2.2012014 -4.869375 1.5303075 
-377.3407 155.9999 -9.930213 15.375214 13.75615 12.095742 2.0874279 6.8852177 -13.155079 0.21044797 -8.387565 -4.159384 -13.22964 6.4941907 -3.9428034 2.6808805 -8.84587 -4.7469926 -9.622844 -6.5975933 
-329.16183 167.76152 -8.429997 -7.574959 -19.979712 15.224101 26.857885 14.1438465 -19.496536 -3.8597531 -19.57292 -1.7363527 -2.7640393 2.558609 -3.1909833 -0.30618975 -7.5636926 -7.254871 -5.877798 -5.8208733 
-310.79 162.2044 17.260033 9.766101 -42.39031 -8.250595 10.854296 2.3885303 -9.486339 6.438419 -20.535603 -7.7923756 1.220101 -1.445567 3.2647943 0.23011144 -8.692412 -13.217722 -7.889204 -5.926941 
-331.77252 145.58955 20.465664 6.975468 -0.49711567 2.629545 9.79282 -9.845054 -22.81503 -5.3820133 -8.848464 -0.40041536 -6.764016 -4.3862605 -4.037902 0.16524526 -6.2253757 -5.1620812 -12.126931 -2.163221 
-285.21866 151.95801 -11.852431 -3.503086 -26.81855 15.8814 24.295061 -14.523136 -23.020245 -4.347555 -10.61245 6.24952 -6.2106857 -6.351505 -4.185913 -2.6917999 -1.2754979 2.8121886 -14.834793 -3.3663971 
-262.08127 132.07283 -17.024704 34.5775 -13.61275 -3.708769 0.46421534 -24.727377 -17.484331 -6.9021935 -11.559688 16.607056 -17.39418 6.072151 7.794976 -12.474521 -0.14604384 -1.3400453 -3.8231986 -6.282193 
-306.0879 123.971405 20.993383 23.511692 0.6615558 13.2198925 -7.908478 -4.6416135 -18.045523 -4.6414776 -19.006674 10.9194355 -15.695433 2.4522426 -0.046729222 -6.609864 -3.5530024 -4.334071 -9.704819 2.5798311 
-258.65292 159.95879 -34.728134 -7.837145 -17.41689 21.126041 8.147901 -14.834885 -17.630463 -0.08954075 -12.901619 9.231309 -19.328682 6.91316 -1.4675486 -13.331736 -4.9860563 -0.74476814 -2.8404298 -4.441427 
-294.32312 162.29094 -10.023607 1.644623 -18.749508 16.811441 15.552031 -10.588032 -15.880986 -7.7445927 -12.567398 4.6818104 -10.735882 7.6704736 2.368605 -4.3502283 -3.550975 -1.2657771 -5.820882 1.9950156 
-302.6305 92.78597 49.23449 0.011258867 2.3599396 16.574015 -3.0247605 -3.3517673 -14.14683 -2.160807 -9.753808 6.6128216 -11.211575 -1.4838728 -4.269091 -4.5306034 -3.3547688 0.33345854 -8.74845 -0.5585083 
-300.68958 136.28065 10.961036 24.16483 7.980045 5.136645 -13.1858225 -13.660462 -21.155935 2.726985 -13.425676 -2.5321028 -10.744197 8.719361 4.029354 -11.314621 -4.813772 7.234037 -8.271258 -4.8927965 
-277.13416 145.93913 -3.044412 10.037744 -13.556095 12.711735 -2.8631465 -15.99616 -25.791246 13.759231 1.0152342 2.6339426 -19.776623 8.289677 6.9355617 -10.392922 -11.994806 -5.367953 -8.252392 1.3458852 
-339.47836 150.30405 8.560114 37.096367 10.149321 -4.8290105 -5.91251 -8.138743 -19.72645 -5.353886 -5.040254 1.653677 -14.90606 1.280302 4.1576376 0.020633379 -13.952441 0.1245931 -4.981896 -2.115467 
-345.3013 148.91304 15.896379 39.21957 10.845623 -0.13065699 -3.6673193 -10.083788 -28.382843 -11.161301 -5.471671 -4.1607666 -12.726085 -6.956977 2.9873643 -7.622307 -8.202269 1.8728158 -9.104874 1.4483248 
-326.58752 105.28927 45.84265 21.77873 7.6368732 15.829276 -7.4706693 2.123297 -12.627697 -12.515888 -12.52053 -2.2962902 -15.569338 -4.949059 -4.435442 -3.2766314 -4.9117365 3.1391482 -5.4141126 4.594523 
-284.2253 137.44757 -8.889276 6.139612 7.476023 19.196743 -14.335334 7.998509 -15.582703 -0.41769546 -11.990654 -4.4874215 -15.826878 2.1235642 -4.8512807 -1.6797576 -15.773047 2.9012148 -7.905926 -7.870352 
-319.45178 170.68349 -9.56406 -0.483963 -7.032152 7.060127 1.5121304 2.4329197 -22.103878 -3.05017 -9.200049 -4.1791587 -12.222074 2.5514832 4.332455 -5.636186 -8.023359 3.4283035 -11.39425 -9.882952 
-331.14886 159.05371 14.875429 16.603357 4.658655 5.182697 -17.124819 -10.786193 -15.718571 3.1176207 -8.040397 -6.1338506 -5.665818 6.0002484 4.673887 -6.4084706 -7.3750763 3.3464057 -6.185231 -6.934211 
-310.08948 105.128174 28.661089 6.4836807 12.439048 17.830833 -20.120056 7.0867352 -15.5361805 -2.375463 -16.095299 -0.4100327 -13.074684 4.4357104 2.1101446 -7.9232583 -6.9369106 1.7004659 -14.408656 -5.50727 
-321.1344 109.25296 32.89959 3.0881743 17.517925 7.322675 -4.053781 5.825807 -15.693085 -1.6215434 -17.796267 1.0292553 -14.114026 2.2676744 -6.667387 -1.2000417 -8.685236 -0.027312914 -14.646155 -3.3708813 
-300.127 126.0504 6.77694 30.441664 10.222136 -6.008856 -11.520214 -13.840269 -15.418133 -3.8925133 -26.47662 -1.3060191 -10.627221 6.7889166 5.8778677 -20.4903 10.580307 5.647274 -11.768147 -5.1503067 
-391.93912 136.80591 7.63209 32.167572 13.23775 8.295798 -5.144842 1.7805487 -3.7920375 -1.8693517 -11.064857 -0.05770755 -8.087928 5.280623 -4.6636214 -0.94531375 -2.502444 0.7209287 -9.503378 0.18887064 
-406.63028 134.39114 10.279415 27.746157 9.260505 15.138709 2.3410487 5.8056574 -4.302379 0.4700064 -6.556564 -1.5017425 -7.270373 2.8233922 -6.2671933 4.4453025 -7.8636646 1.4093289 -7.131864 -0.5457116 
-340.45428 136.44481 6.1205316 20.088615 14.412496 7.6422 -11.336265 5.0476785 -14.232012 -6.4280806 -6.050591 -4.608618 -6.565969 1.8673834 -2.2211676 -9.72288 -10.059541 2.3843176 -8.354033 -7.6066337 
-328.98358 140.3129 19.839582 18.21586 16.745422 2.6712828 -16.280155 -0.15733963 -12.568614 1.557454 -17.293133 1.2855328 -9.743565 1.7428447 -4.0406146 -8.943919 -1.8691156 -1.116202 -7.6986074 -9.308873 
-323.8198 85.730995 53.02357 11.652073 15.63268 12.168362 -12.713204 8.792203 -23.513577 4.674192 -21.098904 7.775483 -12.64415 4.1667995 -3.9872262 -5.7941875 -2.6242325 2.918107 -9.930294 3.2083719 
-288.31317 120.49698 0.8970015 26.770979 0.7729806 3.4056463 -11.097855 -10.701115 -21.149149 16.771578 -18.294624 3.0690222 -7.2209525 5.981786 9.850357 -14.769429 -3.6554728 -0.6752271 -5.407747 -6.391675 
-268.34448 125.872505 -17.24903 42.931717 -0.7229455 -20.308958 -11.169864 -0.017621517 -18.372759 -4.5729327 -12.616061 12.726663 -3.7583973 -3.4364588 8.968026 -11.781934 -4.102346 -5.105542 -17.159473 0.67244154 
-385.9077 131.8229 11.349613 32.633957 6.957401 7.6635675 -0.4334277 6.229015 -5.375517 0.50070924 -10.990095 -1.0174364 -5.008638 2.325101 -7.0056686 0.47484365 -10.132875 -0.89566296 -13.494058 -3.2048984 
-408.47034 129.25697 13.072775 27.702888 9.415429 16.28167 6.029412 5.811209 -4.9416804 1.3036084 -9.465594 -2.3855886 -9.104587 2.6795137 -9.076497 1.2030287 -9.630073 1.0884178 -10.054558 0.194536 
-317.32123 158.60199 -10.630272 -11.823466 -9.718093 22.15558 21.470917 -0.76971835 -27.922789 7.1722813 -2.6790953 -0.81334555 -11.36254 -11.167169 -8.017215 6.8954897 -5.3855925 0.017292103 -10.761416 -5.831623 
-319.63666 165.19711 -1.7006726 -3.3847363 -11.077985 17.56284 13.591919 -2.6351614 -22.320866 5.033985 -0.1451841 -1.6016792 -9.334009 -16.938234 -9.705273 5.944338 -4.9141088 -2.9494913 -8.427687 -1.0856122 
-319.15723 151.74123 -5.3997364 27.527157 -0.61186916 -6.226198 6.1311398 -9.705738 -19.720497 -4.567611 -1.3033351 1.0804145 -11.317221 -2.298676 -0.31379518 -3.5812716 -3.833004 -5.409177 -6.5950155 -1.1574177 
-295.8395 137.14456 8.836393 34.333252 -0.5031883 -7.7532444 1.454428 -4.505884 -31.261559 -11.810874 -4.783001 -7.0118227 -10.114505 -7.9969735 -0.48873806 -6.3515058 -6.3935795 -0.95395035 -8.938646 -4.808938 
-260.947 105.15637 12.00594 17.766422 1.2579426 13.977931 -15.637005 -9.661677 -18.037113 6.60957 -7.8061914 -2.3634753 -18.596903 7.7910867 0.018715939 -6.8810124 -4.9582477 -4.2206287 -3.6554384 -4.0445576 
-304.965 81.18276 42.527664 35.870834 2.1034088 13.505585 -16.658882 8.520149 -24.227108 -9.000805 -5.40127 10.405474 -20.015484 1.6932782 3.332707 -6.6293306 -9.56242 6.058802 -6.9373837 -2.770419 
-273.3925 119.43717 -11.742635 25.465122 8.1119995 9.785502 -11.347382 1.1304345 -19.806099 -3.870139 -11.3631735 6.5319953 -22.204124 3.596205 5.8796635 -14.41886 -5.40866 1.9676238 -8.621651 -8.788981 
-304.5192 79.38895 32.192883 45.730694 -4.8812003 8.900386 -14.999126 14.149137 -19.603615 -4.0786552 -6.24496 4.3682904 -7.8799167 -1.6054425 0.99971634 -3.0808847 -10.502642 3.381208 -6.4705734 -2.6974852 
-315.60245 83.790436 34.969036 45.15999 -0.15451972 9.796879 -11.547507 11.826593 -27.048864 -2.2643762 -7.317164 -3.3531635 -12.663453 -2.2181714 -0.080765955 -2.5935566 -11.658194 1.3886571 -8.781379 -4.919935 
-354.18924 128.20366 27.457253 37.949417 9.101161 6.9169965 -8.341946 6.8112116 -22.85867 -9.529988 -1.3182365 -3.3041303 -13.875914 -4.7205806 -5.141935 -0.4335979 -14.3684435 -0.6969731 -7.548318 -2.9424644 
-304.8302 134.81961 16.252628 5.604117 7.773762 5.921726 -12.971638 -0.92937386 -29.638876 8.100577 2.3107152 -15.331312 -6.592039 5.6514835 3.393903 -1.0175018 -12.274984 0.01609254 -6.117 -3.3086398 
-275.96512 141.12384 -17.195318 31.15626 1.010325 -12.465133 -4.0881925 -6.633887 -16.900198 4.809889 -20.893421 9.329231 -9.734202 2.0059273 10.634737 -15.582523 1.0368608 -0.9703763 -13.127844 1.3586208 
-358.84045 137.08356 -10.644754 51.285934 8.11437 -14.856768 1.6129655 3.3793628 -11.415228 -3.1458423 -15.16854 7.208992 -11.524367 4.994616 4.900463 -9.419589 -7.7420297 6.8128533 -13.112051 5.2423368 
-393.63885 131.62347 5.6272025 24.495216 13.108173 8.520116 -2.6682892 6.628508 -2.5263355 0.9462776 -10.019804 -5.6197987 -13.921194 3.655814 -4.9924827 -1.8615782 -13.759675 5.3140817 -9.111133 -3.2772756 
-394.2312 141.32574 17.584557 21.192894 0.28762436 4.0710926 0.13576402 6.4628696 -4.823542 -2.3239298 -11.000305 -4.04611 -6.2909546 0.8110001 -6.180663 1.9204532 -8.9968815 -1.5007067 -9.917514 -4.9370227 
-268.10046 151.06288 10.040471 10.253932 -18.920885 13.723851 0.91678876 -21.773893 -31.183289 -3.3207402 -17.039717 0.2825394 -8.603507 7.9928045 6.001168 -6.4923363 -6.208615 -6.245002 -3.6905577 -1.2211609 
-303.4291 92.90851 55.420315 10.513258 12.7092285 13.69397 -18.286625 -0.049905777 -16.136574 3.2077043 -13.241077 1.0225354 -7.955078 8.80277 -2.4670146 -6.3534794 -6.1729426 4.5069675 -10.000446 -0.013738049 
-300.77777 116.776 11.861631 41.224564 6.340474 8.5997 -10.517581 -17.388931 -9.382779 0.50138974 -25.628384 1.2218771 -10.850756 8.014919 -7.0101843 -7.009194 11.153913 2.3804884 -6.68184 4.192635 
-254.93181 119.92178 -10.782531 26.339321 1.5036981 -0.9416648 -12.199459 -18.792404 -23.241682 0.7585623 -9.176751 8.278795 -14.285509 7.951103 11.463602 -12.608978 -4.7931757 -5.631034 -7.6462803 -3.7719998 
-280.03818 86.31979 33.99803 42.12841 5.113084 -4.80584 -15.327377 8.8575325 -23.878222 -10.829647 -8.52797 2.0800219 -15.615984 -0.6618766 -1.5527406 -5.070471 -4.7270727 3.522152 -3.4479566 1.6806262 
-279.45544 120.676476 -16.199453 45.275887 2.3175812 -12.5718155 -13.815754 1.1769742 -13.128873 -2.416381 -9.332896 7.769214 -10.882475 -2.6992846 5.431848 -20.82492 7.7008657 -6.2193675 -13.438902 2.5760918 
-341.71875 143.19633 5.4350643 45.277912 10.120235 -14.363281 -7.5946493 -0.81359446 -10.891938 -5.3357663 -5.7004375 1.9303899 -9.608486 1.7351159 -1.0027943 -7.24666 -3.1322682 3.6365814 -10.753961 -4.9594154 
-367.54724 163.4488 21.081308 29.416365 4.84306 2.8691893 3.446601 -3.8264596 -17.203209 -7.1247234 -9.551361 -5.0559545 -6.1097965 -1.5471175 -5.580199 -4.437752 -6.845278 1.6892982 -7.1939993 1.4529349 
-318.05014 155.90872 2.0036285 19.652153 0.33433554 12.78656 -8.613196 -18.68737 -23.37072 13.912823 -3.7919197 -3.7021027 -13.00667 4.219052 6.0046773 -11.445794 -4.831366 -7.320984 -5.6753693 -4.603117 
-318.15643 105.95987 27.570995 28.605965 1.1570814 9.389584 -17.551273 2.65314 -16.173296 -2.4130182 -6.2956724 0.88998437 -12.981405 4.7910304 -2.775627 -5.9104624 -7.054076 -4.0144615 -3.5449603 0.64529353 
-289.9946 130.95079 -14.771413 39.076183 7.0141516 -8.567146 -18.688324 6.018803 -11.224129 -10.290638 -9.375614 6.0834274 -10.483581 -0.73482466 5.42818 -12.641781 -2.9986148 2.0111399 -14.042219 -1.6189733 
-292.78543 123.04865 -36.655235 22.34385 10.027954 27.879597 5.015767 20.807623 -11.483372 -6.7737556 -9.72802 -5.4630475 -7.7251053 8.726618 6.931227 -5.4810987 -12.955316 3.2963333 -8.818805 -6.2478642 
-290.48853 141.55534 -19.50455 15.043568 8.044128 10.002714 -11.799703 14.489262 -7.4321876 0.25993672 -16.699394 -8.063383 -7.4269047 4.846775 2.3536792 -7.4502225 -0.49795735 1.2505307 -12.746989 -7.387401 
-313.18207 173.56413 -19.13216 8.989363 17.316288 3.6214437 -13.161238 -0.5461576 -13.951371 4.629929 -15.769418 -2.1653104 -10.902867 7.6928186 -2.5290575 -14.358541 -6.270411 4.947424 -4.800732 -9.786423 
-309.398 136.57697 -23.994165 25.844885 0.6806621 6.8813696 -10.423855 12.05917 -4.0744333 0.90598774 -13.849795 -3.1381242 -11.604954 0.051459417 2.3797848 -6.8093786 -3.1748784 8.046929 -7.312005 -5.2758374 
-341.89246 101.757774 24.539543 49.439514 -0.16651313 5.200801 -6.4673443 8.4439945 -18.947279 -2.275955 -10.597308 -5.213749 -12.920606 -3.802795 1.3841841 -10.107552 -4.929369 2.966286 -8.93017 3.8966837 
-328.2975 147.54686 17.198725 10.619561 -0.3494322 7.0272655 -0.45755693 -6.434898 -27.736187 -8.494918 -10.267862 4.3540044 -6.438223 5.3199024 0.19275866 -3.5622625 -2.3431368 -0.9162742 -10.585552 -0.46360493 
-321.46918 95.98935 42.72968 33.11579 6.411279 4.5736446 -18.331509 15.074495 -23.54548 -9.99847 -10.725829 2.8873286 -13.739515 1.7167848 -4.5257072 -0.049053565 -4.375556 -2.2651353 -9.337969 6.6977224 
-307.87653 142.59557 -9.677006 48.956493 3.6942182 -11.313897 -15.725353 11.640788 -20.418451 -5.726479 -6.133932 9.052895 -10.581832 -1.1566995 1.3637425 -12.544582 2.614496 -7.531206 -14.973804 11.663549 
-360.8518 134.35333 2.462695 31.96227 7.12397 4.3393345 -3.8106816 5.336269 -4.8052707 -0.042328015 -6.8724346 2.9667099 -4.7657743 3.1165683 -6.7430334 -2.6310606 -6.544436 -0.9037078 -13.265698 1.1773832 
-406.95084 132.79706 8.6396265 31.635471 16.115492 17.62011 1.0081116 9.276939 -2.991274 1.1600312 -7.521043 0.6828288 -10.42285 2.0787015 -9.29189 3.2695508 -9.863746 3.518635 -8.187975 2.2721353 
-340.3488 111.19904 27.831696 33.199997 7.5054636 2.0826225 -2.236636 3.3260927 -11.6998005 -3.082703 -15.979904 3.5637157 -12.612872 -0.77153504 -2.0967996 0.08364662 -1.348281 4.433223 -11.695374 0.23689312 
-268.48285 126.59935 6.4938517 31.628624 -1.0062169 -7.4523907 -2.325904 -15.769034 -21.780865 4.443787 -16.34182 -0.78563786 -4.4050293 3.034016 1.5841492 -6.8711605 -2.382385 -5.4436603 -11.451036 -1.430983 
-271.41272 124.92981 6.325823 36.810116 6.123896 -8.133138 -9.561064 -15.2459345 -10.826792 -4.5323653 -19.516731 6.2254663 -6.522516 -0.7086826 6.235337 -6.4685507 5.3694496 1.5958108 -7.035628 0.026505683 
-244.86063 139.3072 -29.471758 15.37357 0.88125837 18.54798 8.490681 5.3082356 -17.514519 0.24996842 -8.946701 0.29786363 -5.6164246 5.4636297 10.406082 -12.353374 -2.7674088 -1.5433631 -5.6611485 -8.138157 
-297.09546 149.86432 0.42770004 22.075111 10.806085 9.169902 -9.8588705 -14.248032 -21.800585 4.7344475 -13.142323 -5.6116023 -3.820216 5.996703 5.5307393 -9.420976 -2.7122612 -1.7811843 -10.44753 -6.654768 
-255.08234 114.4353 -3.1353106 13.699153 5.0496683 -0.4403801 2.7368166 -5.6896386 -10.828712 8.1658945 -20.368587 -3.9579659 -10.58754 7.0193744 -1.7356868 -5.7700253 2.5137396 2.6345394 -7.341338 5.5357313 
-306.75317 123.46868 18.65142 18.463385 7.979367 -1.426904 0.6923087 -1.2975669 -16.438864 9.557218 -9.17206 -4.9917583 -14.900645 2.868552 -6.4620457 -1.5379946 -2.7122066 2.0351157 -7.412562 -2.418102 
-305.4177 106.495125 36.407608 7.804147 -4.1565804 -0.29527444 23.95186 -15.917973 -31.062246 0.2703758 -26.126888 9.05924 -6.781789 3.6126451 -8.388226 1.9152284 -1.4905488 2.2885373 -11.050448 4.862744 
-344.71667 122.96134 19.870022 30.108212 15.537825 0.35094726 -4.9767127 0.177295 -24.907818 -2.1333477 -16.477728 -2.2751703 -14.123806 0.7717459 -4.2856483 -1.6918257 -5.0842824 2.0910158 -10.919257 2.8634 
-311.47217 152.92676 -18.552284 26.53224 12.938627 -5.381091 -5.7808714 4.254893 -14.785317 -12.675465 -13.760651 -7.181406 -9.824472 12.881687 -1.2598581 -7.1373343 -5.5512023 3.9813488 -11.846036 -6.540974 
-297.93796 148.18138 -25.648481 13.850052 5.1236286 8.677922 -1.4141557 12.128109 -11.525254 -7.1936526 -2.8602233 -10.2126665 -13.247589 11.018703 -4.31097 -6.9662423 -6.059369 -0.84854394 -5.4884443 -0.5874928 
-281.4716 160.76465 -27.34217 -2.5980437 -5.0804806 19.539444 4.266647 -2.4993317 -12.779537 13.861457 -0.0018819174 -11.287683 -15.220978 10.769059 0.64770263 -7.7389364 -3.6817045 -2.4407299 -11.635593 -2.2332134 
-303.99765 96.514786 39.59007 20.204782 5.146161 10.612141 -15.964754 6.90716 -16.251429 3.495744 -6.3476825 -3.5495462 -14.124705 5.756731 -4.238116 0.78086936 -3.5568323 0.07949821 -8.95528 3.3822463 
-296.4839 130.75941 -2.6104875 45.02555 9.340671 -19.599812 -12.749971 6.355903 -19.64782 -3.704578 -7.1076746 4.176914 -4.8537426 1.8095487 -1.2847784 -4.883975 -2.6921015 -3.2352939 -11.462887 6.096138 
-335.8002 145.05032 -9.809722 35.18996 5.863411 -9.74439 -11.052866 2.1802201 -9.531933 0.009400738 -10.0982485 0.6021391 -5.9084916 5.080811 -12.450518 -10.842631 -0.29745197 -1.3007264 -16.877 3.8707325 
-415.1312 135.40892 12.161303 32.17037 12.218967 13.11851 3.5609524 10.50154 -4.27246 -3.5615747 -8.4638405 -3.4161673 -8.404325 -1.0697788 -10.7248955 4.738018 -5.343912 2.2932527 -9.661223 2.073298 
-334.0054 142.07251 2.4923267 -6.088148 16.038702 8.268567 9.273371 4.7403026 -11.846188 -1.6419102 -11.074777 -11.40201 -11.217645 10.209934 -7.2242975 3.5975494 -8.914562 1.829546 -12.485411 -0.24055725 
-293.7572 96.389725 49.58029 15.384033 4.983662 8.438047 -13.131172 -0.35821342 -13.090252 6.6152472 -17.783976 -2.5543776 -2.8290892 5.6757245 -7.17679 -4.457145 -9.159541 1.1981872 -10.089705 1.2483855 
-291.1082 118.444916 43.05623 -5.717837 -5.6477265 5.3616548 -5.040456 -9.242474 -16.11025 -1.8343489 -10.395872 7.493102 -8.093225 13.624718 -0.61261433 -2.6526804 -9.535923 -3.9269893 -12.980405 1.9708818 
-330.09283 165.17896 -1.5314221 -1.5499338 -16.19284 10.437143 10.788038 -3.39166 -17.538979 -0.24008411 -10.889095 4.4517612 -12.155917 3.8397942 -1.6471261 -5.38141 -9.856057 1.3902427 -9.769897 -1.0807446 
-387.35776 134.28413 12.761078 19.574482 4.006072 12.910374 6.6477695 5.267878 -3.6777632 4.722656 -5.918151 2.7278078 -15.257414 -2.9597065 -12.374712 5.0603065 -7.011563 2.5941665 -8.812179 0.89596295 
-406.2431 127.76824 15.574502 30.38637 9.534117 13.404835 3.995635 9.320043 -3.7020853 3.2005014 -9.784064 2.3650484 -6.6175795 6.815801 -9.152768 6.4953475 -8.422856 0.94579816 -9.157534 0.13389084 
-423.27103 133.54002 19.676718 35.22262 12.240451 22.217566 9.718581 9.749732 -8.468963 -4.3435035 -10.579583 -0.32906485 -6.9733086 0.7353165 -9.332898 12.018822 -6.7705936 -5.015182 -10.392974 2.916464 
