-367.98376 142.40445 34.062416 34.365997 6.5021176 0.22066355 -8.493709 9.885795 -22.810247 -3.7874668 -14.199497 -10.939756 -8.960178 5.8278522 -6.673586 8.337552 -10.627015 8.936819 -10.020687 -4.925733 
-197.361 74.73801 43.88421 20.425156 -34.487633 32.082954 -1.5445554 7.546096 -41.39582 -6.1158886 -21.040714 2.364681 -18.499071 -1.4709496 -5.2463856 -5.260254 -11.858396 12.578768 -20.0756 1.3547955 
-230.826 65.48035 44.618797 62.43328 -7.133521 11.680202 -17.37668 5.3358645 -44.89277 -1.6384846 -24.894596 -8.385586 -15.033497 5.347686 -2.3720193 -2.3537502 -5.3264494 13.356344 -17.339548 -4.390848 
-280.7716 110.208694 41.50831 49.931618 -1.019959 13.637985 -9.376505 20.45305 -42.600613 -12.216095 -26.820671 -6.7372513 -1.4510989 4.9876533 -7.5073657 4.6809855 -9.213746 5.7072425 -13.049877 -3.003665 
-248.61453 58.84783 47.7912 57.72576 -24.344595 20.381027 -5.946516 19.66116 -47.43533 8.082334 -17.916584 -16.5142 -5.183784 10.206796 -3.9868393 -0.09730217 -7.5621185 4.985362 -13.952691 1.1665587 
-287.54645 163.56021 27.778023 14.94085 -16.532158 7.675222 -5.737944 12.45736 -28.572191 -11.48164 -11.194821 -9.404373 -1.6326467 4.034529 -8.255049 -0.04050464 -7.682484 3.9419413 -12.352708 2.1251073 
-260.00916 99.69749 36.60034 37.31296 -15.323277 18.158472 -13.605493 21.715515 -40.502182 1.5777007 -6.835517 -8.086829 -2.5885181 4.6702337 -9.660395 -4.358286 -2.6739721 9.755574 -9.784262 6.744205 
-367.13586 147.20975 48.428356 36.466496 10.329236 11.485737 -13.391643 11.82174 -25.374346 -0.6438907 -19.494934 -9.33397 -3.6606724 -5.1301494 -9.236337 1.1474291 -2.8281207 6.042036 -8.012252 3.4802606 
-325.41263 136.26364 23.975033 20.838154 3.1023347 24.748396 -4.5756874 12.467038 -22.883371 -4.1789575 -10.175145 -8.133033 -6.601745 4.956546 -4.5275507 10.461223 -13.731646 7.1694574 -8.895066 0.5181582 
-327.22522 119.03634 32.057644 38.865154 -2.1236334 20.472195 -4.8336706 4.842404 -36.629375 -0.80155647 -15.927897 -2.0576167 -4.965742 7.447874 -6.203641 7.8305035 -1.975932 4.329554 -8.417987 -0.7744686 
-326.62097 137.96791 31.955973 23.152807 -4.828551 13.931046 -2.2382867 9.747444 -38.58841 -10.902009 -15.606605 2.6400943 6.814433 9.964006 -7.2890253 4.6546206 -9.991155 2.4873796 -7.262461 -1.6430467 
-244.15924 36.46981 40.814205 61.43362 -9.133153 21.003248 -8.633189 9.609888 -34.237373 5.9619665 -18.156548 -4.6675863 -11.631158 1.4453366 -11.791401 2.5351946 -3.3040059 7.724596 -11.996634 0.039713196 
-259.16025 82.23447 64.685104 24.967432 16.236511 20.85401 -14.169094 -6.841784 -29.424479 -4.3862095 -10.865439 -7.3449817 -16.143972 4.6905794 -2.7360072 10.798691 -8.922996 3.8853667 -9.1652355 6.2201133 
-302.4118 123.10669 33.02363 18.6107 -14.195157 5.9191427 0.34124315 10.6455145 -25.094957 -3.7640042 -21.80374 -1.1753726 -2.3142242 15.065994 -2.091656 3.0751631 -13.29963 1.4129689 -19.327812 4.991403 
-315.65222 78.12548 40.27791 50.715992 1.6863726 13.321806 -13.523999 22.929863 -34.36847 10.706576 -10.150187 -5.737875 -12.442941 4.6713724 0.67408466 -1.0476778 -6.8809032 4.8503375 -13.089828 7.330018 
-324.89642 141.85439 21.511013 23.168427 5.300684 12.921644 -1.1474612 18.278406 -40.6161 -5.1071095 -16.636383 -7.8211355 -3.6493247 4.25024 0.31035203 4.758741 -7.000811 1.0039455 -4.1310635 -1.9486517 
-313.1151 84.94858 57.68083 33.25873 -19.105658 17.043417 -4.363432 9.115168 -22.383495 7.462226 -22.629843 1.3398492 -12.386949 5.4975505 -7.0785375 5.242413 -7.1151123 2.1481242 -18.50391 3.594858 
-297.91013 111.99643 29.144993 36.552143 -25.435064 17.591526 -9.198864 11.202161 -33.856667 -2.0626607 -18.969166 0.25186887 -7.313108 8.860455 0.4018308 4.7977657 -14.542149 -1.0871817 -14.082008 -5.1734395 
-358.92297 147.22528 28.051908 33.261974 -0.71805507 9.368911 -10.933703 -0.19097799 -31.938063 -3.659372 -14.942568 1.4315289 -4.382869 1.1171042 -6.7819505 4.444996 -5.4582653 -1.0510926 -13.288155 0.38903978 
-357.3971 155.90906 42.577343 34.202713 0.6472262 -6.5480437 -13.785791 3.4358017 -19.124609 -2.402742 -12.939432 -6.121099 -3.8696012 4.4020796 -4.0027246 8.982255 -5.168969 2.958551 -13.098857 -4.9743533 
-360.82388 154.98688 46.193375 35.196224 10.2741995 0.4392022 -11.66326 13.18787 -26.310068 -3.2074087 -27.824268 -14.104412 -15.109002 -0.6862466 -8.244381 9.315217 -4.3462353 6.892454 -6.483889 -0.7261576 
-360.52036 161.38327 28.789106 30.390245 -3.555837 -4.2003784 -9.391065 12.823508 -29.005606 -7.499804 -20.105167 -10.028088 -2.2265048 4.355584 -2.93928 12.917826 -2.2209613 5.688061 -9.560154 2.9543643 
-289.20804 79.054306 39.632214 27.780548 -12.013083 25.837746 -4.5772834 7.183401 -28.79044 3.4926867 -13.266186 6.7493773 -6.2929153 7.876298 -6.545375 3.2047565 -7.2111335 1.4467775 -17.73114 4.6072392 
-348.2858 113.29688 46.024384 47.795273 12.098951 27.457785 -11.135754 3.176172 -23.34485 2.9801207 -19.527752 -9.9191265 -22.05517 0.6598209 -1.8268915 2.5584688 -12.486413 7.4948635 -5.57429 6.2141223 
-384.9337 114.0685 9.495233 33.95206 8.050859 16.95835 -5.6552906 7.769706 -20.511269 12.268476 -4.5963497 1.025926 -9.221956 2.996331 -6.078681 5.731136 -7.1385293 -0.7560941 -11.595248 4.7422295 
-347.93713 155.0201 33.583515 26.94615 -0.72078246 -0.22343656 -4.2427263 16.315615 -41.818672 -11.511548 -25.239182 -16.320791 -6.163955 10.651727 -3.6466665 10.186848 -8.719578 4.62249 -14.7997 -0.7377606 
-233.45361 68.37937 50.117294 35.63388 -30.685112 19.719881 -2.4230158 12.59498 -41.759018 9.832055 -24.44624 -4.4449363 -6.0956473 7.2664914 3.3694518 8.292355 -14.041943 -0.8314698 -15.517003 -8.596875 
-277.7187 116.67517 53.537857 19.120958 -16.09182 -0.8191249 -2.2579982 22.301657 -37.13713 7.1334295 -29.934696 -4.5745645 -5.571987 13.994017 -2.075891 6.3891783 -3.6092763 0.19313113 -13.92537 -0.611046 
-302.64145 117.13848 30.915457 26.09502 -17.99851 1.2119852 3.268298 21.061832 -28.496395 1.5067806 -19.475525 -3.2549906 -4.290132 16.312462 -0.37241352 1.3954233 -11.040512 -2.5853262 -17.242987 3.1261172 
-294.89587 89.739136 39.068756 33.50669 -10.427706 24.808632 -6.5482845 5.9175506 -30.930502 3.1918695 -14.653878 1.9060508 -14.42051 1.626378 -2.8965676 2.358624 -9.096554 8.718761 -13.306173 5.0376873 
-317.79858 160.80247 22.949562 22.020483 -21.776237 -0.84476405 -0.6407978 20.374727 -30.432386 -6.2506027 -16.23958 -10.202616 -1.1953645 14.694587 0.76715493 1.7487078 -11.865267 -1.0173742 -14.720638 1.9961035 
-376.73294 132.16563 16.458935 22.845064 2.8500516 5.8839035 -7.6047244 6.688965 -15.466358 5.0711136 -8.5167885 1.8015279 -5.93482 7.51632 -0.5395507 6.291202 -9.7544365 -1.739267 -14.831713 -0.30532494 
-355.01904 146.79424 18.823858 16.759865 1.6497887 11.594769 3.296361 7.703659 -22.011673 -6.631695 -3.9285295 -1.1768159 -3.0486293 3.0101178 -9.522399 3.7105076 -14.04187 3.0158587 -6.5519824 -5.688614 
-308.4565 167.33014 40.4608 23.73383 -13.550873 -12.427479 -7.1730094 10.755372 -29.727152 -9.816884 -14.522369 -21.565495 -0.14711832 6.11597 -8.524523 12.672789 -10.6099825 5.150265 -7.909803 -1.9515224 
-280.22345 107.43959 28.587128 46.535725 9.408534 16.862572 -8.9894 12.109612 -48.543636 1.6554056 -6.8791003 -10.453411 -6.1124926 3.5565236 1.8977265 10.070083 -8.586315 5.8970695 -7.8042974 3.3364077 
-295.08463 148.93147 25.168596 6.278723 -15.382397 13.414173 5.2203417 18.650118 -21.018257 -12.897946 -5.4173307 -3.03566 -7.902809 6.795881 -7.0754046 6.92013 -13.350255 6.042551 -10.358062 1.8532118 
-359.80447 134.77922 20.531128 31.63004 -2.8402715 10.115243 -9.997999 5.9645267 -21.45616 2.6457002 -11.193737 -1.6833118 -6.1006002 2.9963443 -1.3283405 5.2580137 -7.9833016 11.033489 -9.338063 5.6180096 
-243.64485 132.33252 14.928068 -13.715853 -12.74151 22.167065 -5.917213 2.8799353 -34.22246 -15.148853 -1.6378264 -0.09387864 -13.917154 10.792654 -11.382874 5.080017 -19.119844 6.785031 -9.883347 -1.1846555 
-270.31607 129.24901 5.6177273 21.855661 8.509879 9.936466 -13.158976 -12.977707 -42.51991 1.3282243 -9.396313 -5.0812407 -10.134022 5.868753 1.9740069 16.278494 -14.91486 1.0546921 -8.424777 -1.9350553 
-261.27786 96.47761 52.668728 20.975504 -11.536121 31.75825 -1.5030668 7.0040064 -44.428444 -12.141293 -23.165382 1.2393365 -9.962482 7.02521 -2.575951 2.9126322 -7.4075937 13.288694 -15.734341 1.9043835 
-308.74588 117.90365 59.137993 31.064188 -3.562447 16.40904 -5.306287 12.213735 -27.024921 -1.7485973 -31.88032 -6.9164042 -6.8931456 6.094063 1.7931466 9.095452 -6.4737263 1.9363397 -10.195308 -2.8000565 
-292.42035 117.66743 43.5215 30.156986 -8.867687 22.551516 -11.652514 4.3933816 -30.712881 -0.6207 -18.718727 6.4763713 -10.629791 10.555053 -2.2487214 7.222723 -12.055379 0.9392552 -11.497199 2.5010583 
-335.75647 145.91838 24.456526 19.24592 -6.129542 14.201395 -2.5586014 14.880674 -33.004982 1.707378 -6.2246776 -0.6290758 -4.346712 6.4055567 -3.5951777 9.617851 -9.752694 3.1862538 -19.09927 -0.4726705 
-355.22482 147.24615 45.598114 39.81393 2.876408 -1.7350032 -3.3211455 9.360607 -21.064981 -2.1065154 -22.758162 -14.969807 -9.07503 5.2493844 -4.9849014 12.433458 0.073121175 4.370226 -13.989848 2.0674918 
-304.76175 84.42451 54.74863 38.175606 -11.0660515 15.716777 -8.21693 28.168234 -42.909256 6.3437524 -23.146332 -12.021964 -4.899458 11.104633 -0.119198166 4.800077 3.3927863 -0.23442405 -14.634478 11.258821 
-337.0963 149.77875 13.289158 47.19599 21.533438 -0.5674235 0.35994163 5.7647295 -47.972794 -4.0218315 -10.863826 -15.29769 -10.267765 3.004646 -5.299527 5.283712 -3.17978 3.9103 -5.8785405 2.459361 
-312.4417 102.61453 47.494843 41.73668 9.946011 18.84504 -0.7498458 2.1382246 -39.611683 -4.71128 -14.613896 -5.0640774 -13.121545 1.7938647 -7.557313 8.013486 -3.5363798 5.281155 -14.682285 1.4401381 
-277.14188 25.469782 69.11233 55.14662 -12.23872 36.863907 -12.083647 4.847219 -25.543537 13.503439 -21.4144 2.0090697 -22.359322 4.570232 -1.7835617 -1.3771472 -7.8640976 3.8288794 -13.725924 12.012291 
-308.39978 141.52753 25.670662 28.53459 -4.042647 12.017719 -3.7236166 13.8046055 -39.27121 -4.687402 -22.511436 -6.202352 -9.998482 8.24751 0.083938226 11.052378 -0.49046347 -3.2757921 -12.570913 3.6879218 
-316.20444 141.42032 -1.2469451 38.566647 24.919346 2.90119 -9.2335005 0.35505232 -41.641045 -5.3747 -14.5849285 -7.6577115 -13.4671 12.236401 -2.4804034 12.661643 -3.4612606 1.5238664 -10.151923 4.3193636 
-365.9069 157.89938 28.804146 31.640816 4.263343 2.622637 -4.818037 11.050497 -21.953697 -4.9902983 -16.055424 -5.446361 -6.1572976 3.079236 -2.2564163 9.141415 -9.351197 3.6160953 -15.99047 -1.5892776 
-369.36975 145.06989 27.778984 40.49533 6.1023006 5.278717 0.057937622 10.460256 -22.106102 -5.902073 -19.587616 -7.7669964 -11.998993 3.179876 -3.2744062 6.422285 -1.4344833 7.3347344 -14.735245 1.930297 
-400.67606 145.59235 24.518435 35.159286 6.971575 2.6346676 -7.5351434 7.215185 -18.58126 4.612357 -8.177387 -3.3417122 -6.606223 2.959042 -8.902968 8.18948 -3.4323757 8.542837 -9.044002 -1.5798689 
-374.4635 141.48615 28.8702 23.876823 2.6898887 13.434323 -3.649354 13.895735 -20.493309 1.7073977 -11.00678 -1.3871753 0.7060592 2.173286 -4.3922677 9.436626 -3.909716 8.368698 -12.202706 -6.685477 
-389.58755 147.97661 38.756516 44.443058 18.869068 3.5803533 -8.167633 3.2500663 -12.683704 -0.31147385 -8.951954 -3.138868 -10.722466 -2.4820304 -5.174274 6.552905 -6.6069865 8.138717 -11.197366 -3.561185 
-344.32806 150.66002 36.534626 18.909166 -6.1679373 -1.0687709 -2.2507024 12.36315 -15.268382 -1.8867177 -12.402366 -8.125693 -7.5802884 1.1518463 -2.6867597 8.577227 -5.985264 7.1671853 -18.341112 -0.34131888 
-314.07678 134.82603 40.46788 12.467677 -0.81221265 29.90999 4.93915 18.537458 -37.34749 -11.26949 -22.14624 -4.9772334 -3.3459373 7.0338187 -1.8066756 4.4956894 -7.227551 12.9197445 -14.533839 4.0775805 
-282.6462 47.03818 60.488457 51.79842 -3.3366277 16.501314 -10.696605 14.893599 -37.604843 12.078028 -20.471783 -9.121537 -12.538362 1.9773089 -9.298944 -3.58675 -10.544291 0.04341422 -11.492114 7.1686716 
-299.7528 145.97223 25.247131 40.571636 13.466843 -7.679549 0.6728923 5.1408725 -40.925625 -9.0938225 -24.605667 -16.974997 -9.379605 4.3347225 -5.660383 7.6611004 -0.4167845 6.591005 -8.356298 -0.27408186 
-307.58344 56.683792 55.095135 56.999233 -6.8654113 21.635635 -13.668481 7.541616 -26.969215 15.350616 -16.509676 -3.338328 -15.239 7.737353 -4.5662537 1.3559058 -5.4859424 6.867405 -12.898413 7.6730313 
-326.08768 82.62375 34.48701 50.5169 -7.670846 18.50363 -8.190451 9.710496 -27.329103 6.6276484 -11.952002 1.4032301 -8.3745775 5.6833863 -5.2142262 -1.4238589 -10.699035 4.245665 -12.893836 0.65653497 
-329.71106 171.77893 4.8743114 2.6744418 -5.9315443 6.2162952 -1.3277891 14.652333 -27.721256 -9.150345 -12.737583 -0.19968647 -0.1739582 11.784672 -5.385584 1.3990197 -14.65123 -0.38411278 -12.264435 -5.888332 
-326.1917 118.63175 31.154629 40.733444 1.7414455 6.2652254 -9.084235 17.244942 -35.3055 -0.9164415 -14.435174 -10.367832 -6.8420014 4.7955694 -2.9527318 1.9784971 -6.864267 3.7380748 -10.839355 5.3836775 
-340.18512 143.24747 6.4444394 43.215034 23.70778 6.9679403 -5.0897975 3.8824687 -46.562134 1.1861155 -8.658469 -10.873141 -11.19172 2.1613166 2.6171007 17.15589 -8.00236 6.9204493 -3.6888602 3.287437 
-353.8696 106.4713 13.249005 31.156359 7.848516 21.146143 -5.8689146 7.552656 -15.210941 14.532674 -8.035627 5.438109 -10.630177 6.0560336 -4.4804807 5.890905 -10.443689 2.3689525 -14.373915 2.2653253 
-286.97934 50.306545 35.01041 60.6686 -0.817858 17.91439 -15.741174 24.50941 -36.17617 17.5817 -10.106382 -11.141937 -4.9142776 7.4895267 -1.022365 -2.5061598 -9.077992 4.8790336 -8.381969 9.814592 
-286.20523 159.96294 30.3074 18.833685 -15.143387 8.236526 -1.6076056 9.413238 -39.732662 -12.407216 -7.9996796 -0.53706867 0.09506328 7.8864517 -5.370293 1.6700354 -19.018171 3.2191517 -10.3294325 -0.024420539 
-313.04214 95.88487 45.961494 46.119427 -14.348199 10.229715 -6.671546 12.751478 -18.573479 6.500291 -19.723824 -5.5008698 -8.09608 11.126343 0.93375874 9.25474 -5.3459797 1.5847992 -14.736016 4.4731164 
-321.8302 106.13852 22.688179 48.49785 11.649666 17.20873 -4.7079144 9.9086485 -29.155138 2.3496187 -23.364174 1.2022538 -15.64662 3.5750537 -1.1137375 5.1364346 -13.604446 0.76970303 -9.441433 6.3012676 
-351.45663 140.5557 13.175401 44.835083 25.87716 0.64355403 -4.5342073 4.8876896 -37.001556 4.4975114 -17.422363 -3.7713928 -11.215718 10.914297 -5.696735 7.158683 -4.3372746 6.922646 -8.125494 6.6645203 
-353.56738 133.24127 38.09918 42.49876 16.533127 -4.1025934 -2.5343163 16.175735 -29.094717 0.038069725 -16.69106 -7.7182446 -6.628668 5.815544 -10.953158 9.452538 -2.3068933 1.3657308 -8.181288 2.524873 
-294.31342 99.164764 38.01371 21.21185 0.967417 28.089018 -11.283749 -0.6021588 -29.91646 -1.7278008 -6.9468417 5.159852 -9.056638 6.0994067 3.5975199 6.735354 -9.556559 1.6963502 -15.95452 -0.68457675 
-301.7572 42.951237 54.67503 50.924824 -19.944633 31.122925 -9.043459 4.0415006 -22.880453 13.8105345 -20.72344 3.5195932 -13.626298 6.654404 -0.4612415 0.28798857 -3.8407636 6.40384 -12.712586 6.8583555 
-319.6927 94.18454 48.54971 30.480581 -10.150345 25.112396 -4.55601 9.176594 -26.083597 2.9749827 -25.183508 5.727167 -10.205483 -0.48623875 -4.879611 3.4175892 -7.2964883 5.318695 -12.057867 6.00381 
-404.22476 142.93602 17.124954 26.546091 -0.4284138 16.527021 -6.362838 15.704929 -21.436556 4.8674297 -13.924226 8.70281 -5.7519855 4.437924 -7.1625705 5.594832 -11.182595 4.78275 -6.438519 1.6637406 
-387.94705 152.38387 16.463985 23.966705 8.187666 17.473063 -1.9553239 11.183542 -25.93281 1.4175445 -8.432529 -2.995679 -3.8866975 0.81586754 -3.2965631 8.037703 -7.513788 -2.1262004 -14.85132 -5.4701457 
-296.07388 75.80051 58.85477 42.574474 -25.105383 13.153199 -9.426359 15.200862 -27.857395 9.633099 -33.16867 1.2014176 -9.903418 8.54386 3.729647 9.081769 -2.1534798 4.942968 -14.041935 0.30621275 
-402.05197 142.48608 25.60994 39.685093 6.5745964 3.896575 -14.959647 8.845401 -15.719216 7.1806083 -9.966885 2.7307527 -7.1821017 0.30172622 -5.8721156 5.09543 -5.5443363 7.3827267 -5.332314 3.3739061 
-433.9386 143.45168 10.228313 39.299 9.767244 10.011845 -6.918339 10.032444 -14.422738 5.357909 -9.157441 2.2285492 -5.9927697 0.38107178 -7.773863 4.2507305 -9.922867 1.4282835 -8.643599 -1.7323354 
-433.95538 143.82603 9.159251 36.78398 6.0377636 7.888295 -10.844866 9.807618 -14.7558565 2.133208 -12.330492 1.9617249 -5.18336 0.7808324 -8.464524 4.3419714 -10.264063 1.8205824 -10.983507 -0.26298484 
