-336.0436 147.56183 6.2465215 23.258352 4.6959515 -1.7211223 -7.614624 -4.412027 -26.555054 19.257622 -2.0066621 17.202494 4.8080845 -13.878686 -13.694704 -3.6124458 -9.150575 -6.7686014 -10.775825 -6.4058204 
-334.4224 156.15521 22.379456 34.531628 13.732264 0.826352 -4.113351 -6.962326 -30.991228 10.495494 -4.448509 3.9487467 4.2144017 -5.1476135 -7.9495883 -1.5220609 -3.3900073 -5.845285 -8.460745 -6.330225 
-305.91418 159.86966 17.916553 33.055805 17.169914 -6.078308 -3.8921814 -8.418344 -32.091377 4.030457 -14.677601 0.81477356 7.6529617 -1.1265119 -6.800116 5.4072175 -8.2824135 -4.817868 -9.917092 -3.4486012 
-279.12128 93.7458 28.540077 28.265253 -0.80253524 13.751834 -15.724398 -7.4289603 -21.938395 15.876519 -11.379885 4.136696 -3.2376163 2.8767068 -11.799399 9.646685 -11.227558 1.6339412 -8.789043 -1.9829932 
-307.2987 140.77448 15.09758 31.732239 9.385023 1.1134887 -18.156572 -13.276725 -26.008705 14.683886 -13.691774 3.0678122 -5.6885595 2.6854377 -0.35340616 2.0182168 -15.407414 -1.9532781 -11.097377 -2.9930115 
-247.76663 148.04816 -14.707989 2.1041055 6.283163 -0.92957807 -18.75371 -11.26145 -31.841043 19.208614 -4.8862705 18.328249 1.0094199 -14.916765 -16.333078 1.6976572 -16.820242 1.3967075 -7.2051296 -1.4705291 
-342.34924 148.03006 4.959072 36.684807 12.051867 -2.2501075 -6.9266405 1.3403536 -23.567596 8.956794 -9.072445 -0.34898314 2.3345113 -6.0379224 -20.683199 2.5312233 -4.2358994 -1.1433871 -9.7409935 -4.9901876 
-311.52005 85.04967 32.820343 37.606995 9.025394 13.753485 -17.320698 -4.924756 -21.83423 17.34246 -13.299298 1.2243776 -1.0247147 -0.4220686 -17.294853 6.345977 -14.135154 0.6117964 -12.777197 -4.628805 
-296.85056 115.64263 28.206062 25.675583 9.755662 9.231324 -18.093239 -15.006921 -31.447365 12.049081 -13.193215 4.0290937 -7.1638784 -1.2031342 -6.5559845 8.759055 -11.842671 -2.011699 -10.223042 -1.8372977 
-297.89166 143.7653 20.095125 32.48468 12.000499 0.45024055 -6.4009957 -15.544442 -41.901333 -0.4688536 -15.811436 2.6748507 -0.27224612 1.0801839 -12.063185 4.398818 -4.956003 3.556741 -7.494 0.36761248 
-297.2905 136.67839 13.47582 43.422176 28.948647 4.380074 -19.66428 -14.200556 -35.325665 7.120126 -21.150032 -0.70466423 0.6796477 -4.752643 -7.3819895 13.554323 -9.031218 -2.9828486 -5.781148 -3.411293 
-295.84772 114.46715 33.390537 30.541487 -6.1898437 4.9524255 -12.91177 -14.373413 -41.761845 8.511326 -19.46935 5.9708986 5.216626 5.0983877 -11.266342 6.7096715 -9.0095215 2.5900335 -11.918377 -2.4529123 
-324.2296 147.91457 33.368492 39.93553 -15.120422 -12.008944 -1.2007958 -6.238851 -38.362984 9.222697 -23.504333 -1.2708571 10.64556 2.14131 -4.164503 4.0721416 -9.638887 -0.9636154 -14.136254 -3.6571918 
-325.34763 163.35724 37.732243 44.897686 -10.070969 -18.436928 -7.7144675 -13.556232 -25.087255 9.367031 -16.31781 -5.404465 3.9717112 -6.4049964 -1.829525 4.328335 -6.5029407 0.14503881 -8.977282 -6.2520375 
-306.14023 170.71599 0.6199232 3.077457 -16.885109 -7.0518427 -4.0480847 0.4139503 -7.9813623 3.8017612 -22.01869 12.695591 12.929869 -10.374865 -5.7012095 -7.206994 -19.489397 3.7896495 -12.623323 4.692397 
-326.26965 135.0604 40.881386 28.420944 -13.091296 0.5695665 -15.965081 -4.7968197 -31.69854 13.688321 -14.905487 8.6624155 8.040692 -2.6842632 -6.6141634 10.521245 -8.173784 11.066203 -10.391676 1.0440569 
-331.5051 79.54071 31.064701 42.100464 2.6464527 4.936794 -19.086596 4.6236615 -16.703491 8.288912 -13.06721 -2.5611205 4.4550776 2.8129911 -11.895721 10.150747 -10.922511 7.27812 -7.5623007 -5.5618057 
-330.5592 80.64048 33.979614 52.198494 18.590425 7.997735 -9.890858 14.209936 -23.013277 13.698723 -23.793036 -7.249137 1.5673351 4.307102 -20.653145 5.9542027 -6.256775 -1.2044758 -15.525126 -5.135278 
-344.452 121.11949 25.764929 41.097385 24.369436 4.3231635 -15.761339 -0.16108268 -21.169233 12.097695 -17.652103 0.9361942 -3.1084144 5.678621 -5.500326 3.3786454 -13.08312 1.5411305 -7.2188168 -5.384107 
-348.18884 102.504974 29.264347 51.345257 15.791545 8.638132 -6.2287283 0.023329735 -22.55656 15.671578 -26.165785 -7.1401196 -5.3124576 2.8861628 -15.935613 4.3904443 -8.626024 0.5832036 -11.38352 -3.2972937 
-329.07584 155.00253 6.8173313 29.672188 23.05504 -0.35246372 -14.991211 -14.638286 -52.174175 6.7975116 -3.6664484 5.797764 3.6561644 -0.7155875 -6.9315257 16.768082 -8.377813 -5.2570505 -12.537823 -3.9132047 
-340.3278 143.47055 20.496077 33.29684 28.690512 7.3790054 -22.442759 -5.9242773 -27.65848 1.9022117 -17.373419 0.7225524 2.0324152 -2.311372 -12.436611 9.709079 -3.459338 -4.2011285 -5.1208763 -2.633905 
-379.29602 133.41754 20.711447 29.057974 14.555904 7.127123 -7.4310293 5.1678305 -17.403618 2.6030369 -10.107057 4.146364 -3.9591446 -1.7754989 -9.324651 3.318545 -5.3677845 0.9840535 -8.521747 -5.1170406 
-361.22028 95.68995 24.181162 46.259052 21.327291 3.8972392 -5.0966578 12.84935 -15.490592 13.619189 -22.56884 -5.555286 0.08684008 2.8429193 -22.48917 4.149942 -9.127312 -5.5394397 -13.411553 -2.5466795 
-327.14673 123.73207 21.726322 22.116585 8.451194 2.666779 -18.262136 -10.403958 -30.44285 17.865232 -0.9604213 14.242367 -2.8563569 -3.3957214 -15.328083 5.813393 -14.568303 -1.9695536 -13.278385 -1.2549286 
-416.48248 131.79004 12.96354 27.894804 11.710998 12.681 -6.601847 11.160969 -12.769786 8.003061 -11.023072 6.6529665 -6.514011 1.8395154 -7.6222763 3.5633574 -11.8418045 3.4336298 -10.648581 0.35408986 
-422.71204 142.64899 13.90702 35.92477 8.603675 10.042014 -9.0735035 10.642285 -14.635267 2.5865712 -12.709695 3.8796115 -4.162848 1.1307021 -7.500885 6.5939326 -10.432524 -0.011418766 -9.836557 -4.073385 
-271.79047 167.26129 7.439525 22.032412 -19.697927 -24.321184 8.38307 -8.954113 -32.55251 20.753147 -11.752358 10.706929 16.152502 -7.761919 -14.477507 -8.469335 -13.456589 -5.0460253 -7.290655 -0.79399145 
-286.66028 155.2112 19.295454 43.404305 -27.685112 -28.309563 6.6967893 -19.55622 -15.668483 27.150671 -24.607836 4.94168 13.595887 -5.249748 -2.394055 6.595697 -5.60668 -2.5585918 -11.271925 -4.083105 
-380.50595 138.66075 15.986921 29.866539 4.731744 12.686155 -10.6457615 1.2024361 -13.393586 7.550548 -11.357377 3.615496 -1.7449616 -2.189615 -5.839323 9.652221 -8.368722 -0.17477274 -14.800234 -6.332864 
-401.0168 127.53057 11.092855 31.478027 9.425958 18.480688 -8.4256935 6.0495 -12.894473 10.1643715 -8.225817 6.56992 -4.7486463 -3.1161304 -7.7721395 9.091993 -6.239884 1.7285179 -13.757446 -2.73405 
-422.171 142.22835 20.823421 39.434002 14.079829 11.829656 -5.3201823 10.53369 -12.240894 2.1810942 -14.084643 0.9559371 -5.9045496 -1.4690534 -8.678623 5.3025227 -8.894756 2.4778843 -8.57123 -2.5861933 
-357.74704 127.579994 21.798946 32.5221 11.348336 15.323322 -11.532091 0.69466615 -17.236582 9.710134 -5.0169687 1.7463644 2.6771414 -4.5699162 -8.3918 3.1605225 -9.536629 2.121265 -8.512593 -2.3831506 
-304.95898 149.77618 -5.432551 36.95231 14.180901 0.20908083 -23.43554 -22.041693 -24.857088 17.079214 -17.612888 -0.6618556 9.316116 4.873821 -2.9129574 -1.7595549 -15.1672325 6.551727 -13.786603 -2.919923 
-278.26932 127.73991 16.515074 9.584476 1.138268 5.9261436 -25.369215 -16.82804 -31.31263 10.343896 -4.788908 15.730394 -3.0261831 -10.282363 -7.327697 4.042415 -21.11823 1.9285142 -19.122746 -0.5301959 
-314.11334 64.4563 51.8221 36.96544 11.080609 24.474602 -16.135767 -0.9315286 -17.854193 11.482907 -25.040474 -0.18551016 -8.495808 0.19649431 -11.776945 1.8693115 -12.468758 6.037807 -13.754049 -4.560686 
-328.64203 94.94681 33.771973 46.92003 20.555183 13.213091 -22.751387 0.9724903 -24.965319 11.666426 -19.854633 -12.48634 0.78296936 1.3268865 -17.734068 8.60161 -16.289238 4.0764155 -6.0848083 -7.22071 
-256.49588 145.88776 -14.335244 31.333548 28.291307 -3.5509121 -18.634588 -18.562737 -39.441586 31.1706 -10.275405 8.182889 -1.2225623 -11.500141 -3.9715762 9.8567 -20.415318 0.41153482 -10.457492 -5.779005 
-313.5343 91.39981 43.14543 47.6058 13.582067 24.567944 -5.681717 -9.101555 -26.515112 18.736145 -21.947044 1.2871977 -8.205695 -2.296167 -4.2085094 13.827575 -16.071844 7.024106 -8.6233015 -3.242419 
-373.25876 135.17616 23.248104 36.739597 16.436806 14.068829 -12.35242 2.6930647 -30.696987 2.003334 -13.573597 3.1463542 -1.2762617 -0.9155657 -8.67084 8.154294 -13.731887 0.70002747 -7.6828113 -8.183043 
-351.08087 155.5801 39.0551 37.87214 -3.1068344 -12.980247 -14.48715 -6.1629734 -30.287876 3.9055116 -18.945625 -5.085986 -0.97862625 -2.5168936 -15.586829 6.485367 -10.07595 0.9481504 -8.984673 -3.0763185 
-317.25113 141.5629 9.92325 34.370758 12.988365 -0.109816976 -1.0841638 -19.535353 -43.458683 8.479496 -10.509847 5.5611362 6.9958825 -9.969344 -9.156466 16.283978 -11.4408 1.4324062 -12.23726 -11.525866 
-305.2337 153.78917 12.816611 31.23386 7.601107 -4.0204334 2.743044 -23.743343 -49.599663 6.749966 -8.559761 10.970497 12.884533 -11.171472 -12.99174 15.51549 -8.476676 0.5405132 -10.697642 -13.479679 
-303.12305 150.14618 10.673655 32.125263 -3.3006706 -10.3855095 0.498441 -24.922585 -43.079773 13.880723 -7.7601676 18.67923 14.115841 -9.966234 -16.432716 10.253971 -12.726344 2.3962424 -10.114918 -16.690487 
-316.81482 155.31595 11.822075 37.17561 -11.467864 -11.135646 4.1923857 -12.2537565 -29.62619 13.980274 -9.438066 20.126385 22.710737 -8.433125 -15.665203 6.00653 -23.287434 -2.3166723 -5.207005 -15.385284 
-397.08777 131.99057 22.671457 26.459593 8.700512 10.255477 -8.359456 9.270401 -7.968104 3.4945314 -14.781446 3.599486 -2.3150494 -1.2837857 -12.092169 2.7118502 -8.657093 1.4351526 -10.139025 -2.3460188 
-387.29056 103.119 31.188835 26.791458 9.201734 16.173952 -9.743589 11.328636 -11.372688 7.1311636 -11.531083 4.4870043 -5.3338695 3.3335497 -12.546965 7.7510266 -10.451984 3.1195884 -8.610815 -0.88982606 
-358.09802 148.0189 13.430869 14.819292 7.441078 7.6993885 -17.620144 -4.8171134 -27.083199 1.9699184 -13.105931 14.520272 3.5979457 -4.8354783 -13.899719 7.562037 -12.023708 1.610221 -10.888745 -2.8315282 
-317.81042 115.17779 21.740778 30.323591 14.812312 9.443043 -19.033388 -17.00137 -26.671215 14.621469 -18.0812 9.63265 -3.41046 -2.575832 -4.919715 6.011091 -16.154005 1.2929718 -11.735232 -4.030281 
-318.37122 99.17342 31.403618 43.59295 15.651749 15.511141 -8.219229 -19.94033 -28.426605 14.557753 -24.270576 0.40196213 -6.698423 -2.852952 -5.120558 9.031786 -18.602993 4.0449634 -8.154642 0.45663935 
-409.95938 134.6817 21.027184 36.42056 17.918303 10.097538 -5.3126616 9.304649 -8.720373 9.121312 -14.067434 1.6351763 -5.248406 0.68042463 -7.221672 2.592907 -13.262309 1.2799972 -10.202605 -5.965792 
-327.51233 145.17914 -4.059044 34.719387 19.450592 -11.794665 -8.386638 -15.201801 -31.655008 29.212912 -9.922827 9.252211 8.721496 -14.868524 -4.8109336 15.429249 -21.650938 -4.154597 -9.219565 -9.32844 
-305.22223 84.75731 30.7311 42.78225 7.787333 5.973121 -11.463565 -9.465656 -19.21749 16.487206 -15.461395 4.654424 -0.11253813 -1.368902 -9.468838 11.143234 -17.86602 0.19373375 -9.979046 -8.186154 
-296.1529 134.4732 22.323055 41.86356 12.709721 2.9168575 -7.73036 -20.92093 -31.00122 11.459187 -20.995676 8.878378 -5.9770603 -5.129958 0.9032059 11.235035 -14.335061 0.46438116 -16.445492 -13.898749 
-354.16736 123.45445 39.830044 39.845234 13.422462 3.8624606 -9.716088 3.890166 -26.415306 12.575768 -20.729305 3.7523096 -8.339963 -4.7134194 -7.995791 8.168899 -10.912255 0.949632 -13.082115 -7.3235297 
-356.52243 123.07593 43.60264 41.88651 10.253254 1.0930514 -7.0923986 10.717024 -33.193844 10.608405 -27.756405 -0.77339494 -6.829593 4.228363 -19.530386 7.255345 -8.946022 1.398771 -8.373805 -0.5446486 
-370.30313 119.26777 26.451431 47.713177 13.505938 7.082719 -12.1422615 9.222631 -17.094606 5.122349 -15.728356 -6.610699 1.4980284 -3.9576895 -19.852224 8.077321 -9.999905 -8.005029 -12.193023 -5.274924 
-337.40195 156.21388 1.6059989 23.88211 2.850422 -2.7203407 -5.017489 -4.0792465 -20.0951 10.341053 -0.53733444 15.724545 3.4151125 -11.293827 -18.590382 2.5311174 -13.924604 0.255067 -3.8339946 -6.0041895 
-363.007 144.21825 14.9727955 30.77131 13.520819 4.5049047 -8.3813925 -0.40833813 -19.712502 2.2421508 -9.341025 8.634023 -5.002738 -8.2141 -8.400531 6.504347 -14.599674 -1.2978576 -9.102058 -9.141237 
-354.33768 94.05514 39.27042 42.243168 12.444298 5.9410534 -5.274009 13.377967 -33.27628 21.53297 -26.478523 1.6646682 -5.9095306 1.8330879 -17.331547 7.1670566 -8.820125 1.8269961 -8.065866 0.92867756 
-357.72443 141.27443 23.563423 44.87272 10.787925 3.7401102 0.89456356 -16.095741 -43.479446 6.2492375 -22.513294 11.740908 2.6336954 -9.4179 -7.3446 11.0359535 -10.585846 11.897648 -12.418851 -10.715601 
-377.0074 144.0883 17.630123 38.399845 8.215383 4.036383 -3.0934858 -9.086895 -30.693176 3.6222262 -15.747896 12.706378 -2.1599526 -6.9076333 -6.668356 9.965527 -5.281056 10.477299 -10.024525 -7.4856167 
-361.2482 109.4435 22.084028 53.828377 15.795569 7.1405606 -15.911379 8.7963 -21.547293 6.4425974 -20.6582 -4.3548946 1.1382632 -6.7134314 -21.17403 4.6571074 -9.088601 -5.096863 -7.8390985 -5.5204816 
-360.60684 136.01318 20.163803 47.17075 16.15251 1.8540194 -14.304243 -0.18421131 -28.820618 -0.9785794 -26.296738 -1.2279744 1.4123698 -4.963606 -18.624403 5.237668 -0.97161317 -2.537258 -5.7969046 -6.3872986 
-326.065 153.97461 22.225828 42.91323 -0.55424607 -6.4659896 0.61668724 -9.8644085 -33.48602 -1.788013 -27.560564 5.180063 9.896446 -1.6594758 -2.3030665 3.3606024 -14.170609 9.789395 -4.190764 -9.733049 
-383.3168 144.95909 6.1480875 53.44015 22.955154 0.4017173 -8.554776 3.1048145 -19.262318 8.9874935 -21.65314 5.4429283 2.0102017 0.23419836 -7.9130435 8.399296 -4.3012943 -0.2581661 -15.103792 -6.734818 
-422.84644 133.63788 13.392622 34.865288 13.445197 13.312566 -5.116157 10.406461 -7.426495 10.322891 -9.1947975 7.43523 -4.6003385 0.6302642 -10.138531 4.846551 -9.568834 2.6823435 -12.212403 -0.12324781 
-415.6754 129.89398 11.298065 36.385483 11.559173 13.523641 -10.616233 9.96038 -12.078792 12.744779 -12.467083 0.80551827 -0.33354324 2.3471975 -9.427967 6.1896796 -12.952929 6.156656 -7.5971503 -1.0616305 
-453.4337 140.01804 13.768405 32.669636 9.01973 7.87736 -2.6700017 13.718681 -9.495892 4.137143 -10.193999 3.7705421 -1.7239088 -2.823946 -3.8906956 3.31933 -7.674906 1.7553425 -14.953229 -5.9631886 
