-341.23553 107.35359 16.757189 60.550095 10.336437 -9.563844 -2.4477382 -9.268031 -26.138632 3.5980334 -27.280113 7.4785757 -3.1932805 -7.470426 -8.8748045 5.542431 -18.099825 -2.230115 -9.711708 2.7408168 
-280.24036 94.43775 9.7718525 53.02762 28.485365 -11.093105 -16.875559 -17.020063 -21.105782 21.432842 -31.91627 2.6856422 -3.8251827 -9.534023 0.65316623 6.723003 -21.528725 20.3881 -17.244106 -2.000163 
-280.03455 49.69751 43.04501 73.30674 -1.8442262 9.00626 -17.170244 2.443433 -22.360558 7.457985 -33.169296 0.5845695 -3.277206 -9.338346 -6.6239576 8.875607 -18.002983 9.514998 -14.614546 -3.5656407 
-306.4813 92.18948 36.668354 37.09818 11.523453 17.196754 -20.563116 -3.827023 -20.250023 11.868698 -9.546773 3.6416202 -11.625433 -4.983247 -2.1102746 10.094022 -17.568632 3.8440394 -11.217566 -4.8616033 
-381.50916 142.90276 8.15824 41.60245 17.910912 6.6617093 -9.660802 0.45874038 -20.428741 6.918694 -13.971113 1.6890852 -9.783599 -6.7511954 -0.68671596 11.274173 -16.94769 -2.1471431 -6.6417375 -7.4599566 
-416.91495 138.07031 15.194458 38.741547 11.984554 10.355065 -5.6468124 10.349244 -10.962432 4.313795 -13.7127495 0.08373042 -6.9926243 -4.068339 -8.969201 4.1162167 -15.60672 -0.61844337 -10.227403 -5.9661417 
-362.34656 76.06585 50.585407 33.452106 6.8019795 27.591803 -17.121542 8.271458 -14.238963 5.5227914 -15.758447 -0.63733536 -9.3130045 -2.5177166 -9.367111 11.379067 -18.06703 7.393038 -15.576472 -3.6903403 
-384.964 132.68947 24.091663 39.005455 17.16101 5.750803 -7.533299 1.7771233 -21.522964 5.1484895 -16.129978 0.9044132 -4.890136 -1.2709084 -7.854271 6.64057 -5.644058 4.7016335 -10.436665 -0.5149797 
-335.29895 151.83202 -12.979728 43.688194 20.049528 -10.630916 -14.128416 -9.179881 -30.532475 8.511323 -4.8411007 1.8006628 -2.1363313 -1.7991363 -11.261259 13.908413 -10.22548 -0.64106154 -4.705236 -2.9265616 
-424.73572 149.11716 13.647385 38.962536 13.180073 8.693998 -6.787711 10.036794 -12.365361 4.6338153 -12.556046 1.5672226 -8.819989 -2.3158755 -10.684628 3.8026538 -13.248524 0.07154664 -8.363173 -2.5657358 
-320.18658 130.09727 20.60826 47.793526 -8.52657 -7.516695 -14.516268 -1.073094 -34.135033 0.7252632 -14.339986 -14.021415 -4.8469377 0.9251228 -3.2016168 5.2513704 -6.023882 5.591413 -12.544464 -2.9679103 
-367.15854 154.72021 27.17871 45.467445 -4.216921 -14.821947 -4.5011864 5.4073496 -20.589241 2.7688599 -18.896986 -8.624161 -8.448362 0.91931534 -2.1826696 6.9229927 -2.0309863 5.4820013 -10.926308 -6.8165607 
-315.036 125.63798 0.76269764 41.615948 10.146938 4.8997726 -13.041405 -11.060066 -22.367289 14.385322 -12.324994 1.3293902 -6.7748313 -9.615627 -2.8768017 10.009357 -12.6105995 3.183399 -7.8153205 -6.051877 
-251.98944 103.49116 27.444315 26.781662 14.164125 5.220008 -18.477287 -17.675337 -38.940674 11.83831 -7.1243305 4.9405637 -9.801949 -3.1252105 0.45472896 13.054196 -15.016231 1.0557402 -18.495161 -0.6848391 
-301.17697 118.29442 10.785558 7.456118 4.077035 15.703186 -14.525125 1.5991162 -18.117456 13.008273 -8.640215 9.10168 -11.541932 -12.497158 -5.4503407 12.42167 -11.824177 1.4477048 -16.059723 -0.32682836 
-311.6607 94.838974 27.939087 43.164814 15.25973 13.798095 -9.866364 -6.595055 -23.171484 5.1420765 -12.017087 -3.604997 -15.476491 -0.3848503 2.0266855 4.5759096 -15.649433 10.043198 -12.219632 -2.1320887 
-329.2 126.650116 -4.00046 61.030857 45.660763 -3.7527602 -12.48222 -5.3386497 -23.752575 6.752121 -26.676174 -19.09972 -7.2826724 -1.9515359 -7.9980273 4.756155 -21.426214 10.830322 1.8694997 -13.916878 
-338.9004 140.9422 -14.275382 57.643257 39.173798 -4.6453 -20.763498 -11.914219 -24.153484 1.7828479 -18.889694 -14.530406 -3.9239964 -0.393469 -0.5790611 11.662719 -14.572998 3.200385 12.8356285 -2.5697653 
-351.36026 149.11133 2.7055867 32.622017 -2.0571642 2.2256868 -9.638579 -6.769555 -20.579298 0.4851483 2.2965834 12.175854 -6.5648894 -3.1686053 -5.757522 4.0812063 -11.516006 3.45736 -14.64915 -12.738373 
-316.48956 117.44986 32.894848 21.283012 -2.1301181 9.080409 -21.352463 0.07532459 -27.800184 2.886734 -10.425535 12.731837 -6.6435905 -2.9792538 -1.4508847 6.0873055 -12.895292 5.930451 -16.326805 -1.4549476 
-284.54382 105.91312 20.789116 8.242477 -9.321423 8.479479 -23.923395 11.780369 -19.747488 9.401684 -16.895454 15.413906 -9.511784 -8.908946 -5.365074 4.7562695 -15.424759 5.7978215 -20.26149 0.9765055 
-332.19867 143.68147 6.2179766 32.939625 13.196479 11.556347 -7.405547 -7.311193 -22.537205 -2.176704 -14.916622 3.314661 -6.09164 -6.344718 0.179612 7.656335 -14.663086 1.68275 -13.87559 0.30641192 
-275.8736 76.13753 32.15405 31.910055 3.5732145 11.846615 -8.829488 -12.025733 -31.140089 16.801674 -21.448822 12.169063 -7.2907867 -9.12037 0.6711944 20.599419 -22.513533 7.290305 -13.662944 -3.5077767 
-272.6921 118.64453 35.815765 21.209047 -21.392658 -13.616322 -3.5791082 8.798864 -36.92302 1.7848543 -17.04244 15.214671 -2.8742893 7.0134516 -8.124443 -2.2453237 -21.154455 3.2113206 -11.573497 -1.1582239 
-341.8578 127.14202 37.259983 41.049454 3.5757167 5.104377 -5.191586 11.103539 -22.575933 7.2607446 -29.130241 1.8481598 -7.21292 -4.306466 -4.5121183 9.827013 -16.45939 6.225168 -6.455017 -5.504515 
-292.8187 17.041769 42.119896 60.134415 -14.327436 34.957733 -20.173471 13.2464905 -14.239066 18.557571 -28.878868 9.152121 -0.30096373 -5.6727076 -4.2303886 7.740546 -17.865911 8.342689 -15.832827 -4.397716 
-336.86087 137.56432 15.186135 20.40033 -29.450514 2.7713456 -12.439869 15.677577 -16.729294 18.197824 -20.161232 13.577497 -1.8751932 -1.761101 -13.348489 -3.140719 -17.015526 -3.7168393 -12.336013 -0.26005402 
-352.92807 163.55995 4.7040653 24.548767 -10.762982 1.4786601 -6.0892587 4.6145773 -10.296769 1.9605117 -16.10711 10.85271 2.6325452 -10.556527 -12.713725 5.314152 -16.129507 3.4842186 -9.885782 -2.6103027 
-318.9564 140.1093 -2.03786 39.397408 17.031157 -2.3230963 -19.939598 -12.072011 -21.798597 3.9523249 -17.050154 1.7848922 -3.176404 -2.807128 3.9673975 4.6062074 -22.852297 4.3277774 -12.026882 -6.2369037 
-313.51038 88.4288 -2.4712894 54.737488 39.14157 1.7067237 -38.138264 20.551165 -22.056602 5.2566814 -29.370174 -5.1302176 -4.3968396 -8.02235 -4.392746 -3.0652611 -7.876759 4.679278 -10.907938 0.7316335 
-349.72192 141.00563 -21.159868 56.363037 58.994846 -3.5729709 -27.84861 5.269352 -13.001166 -5.7403736 -32.465046 -15.253025 -3.2006636 -1.9097015 -22.963776 -4.330054 -3.618337 -1.0989138 -11.234586 6.681349 
-379.9015 144.0816 -6.0621443 52.9757 40.630867 0.9587219 -27.295332 3.0929186 -12.301734 -7.986244 -30.186602 -11.502934 -6.9866276 -8.230765 -16.5395 -0.91678756 -3.6543171 5.079663 -8.608403 3.3021708 
-418.63895 140.10321 6.34197 43.254887 17.824493 5.6572933 -8.287516 9.8609295 -14.676812 0.58310056 -15.605523 -2.3274102 -5.3957734 -1.1521993 -8.595758 4.5075703 -10.747877 5.611912 -7.2250724 -2.3329911 
-367.26944 124.78536 7.9042435 42.844364 16.702225 4.6190357 -19.740582 -2.566878 -15.650572 7.839655 -11.530632 5.797674 -6.5068355 -2.3651881 2.093276 4.1604047 -15.404602 4.623387 -10.454035 -5.3791866 
-341.2492 118.30737 13.492669 37.33858 25.082266 1.2501742 -19.330238 15.13957 -13.098857 9.664425 -20.005333 -1.9115461 -4.4156914 -8.35911 -5.370183 1.447289 -6.2322335 0.6656953 -8.288268 -5.516269 
-335.96152 162.36237 -5.136085 28.38694 6.2771835 -12.877066 -11.780461 7.309493 -16.86407 -1.7445141 -10.343653 -0.9739344 -2.0874856 -0.16452114 -2.8860254 4.6801753 -17.15843 -2.9579625 -5.6701465 -3.3389902 
-366.45743 165.35555 16.62827 26.36939 -11.573348 -9.884213 -8.063768 17.777016 -9.177268 -2.7275848 -16.898308 1.2911944 4.4448843 6.0819674 -4.745622 8.31732 -21.61307 -5.507025 -9.870508 -0.8673068 
-403.8596 144.19696 9.171263 26.972908 1.4993721 8.256956 -5.1274323 9.048292 -13.349293 4.5523396 -8.428709 4.4481645 -6.334366 -6.08295 -9.115048 3.2414293 -13.8080225 2.0005598 -9.128815 -5.3879447 
-358.76608 128.89604 9.6516485 35.729675 -7.8053613 4.667947 -6.5966496 14.681887 -12.64457 7.8433805 -13.736279 4.5137405 2.126323 -5.5844526 -7.564778 3.043788 -19.337473 6.128972 -9.553898 -7.0588317 
-324.1419 127.760956 -15.250346 26.721903 22.07452 8.680393 -23.374449 2.1996634 -6.632804 18.047173 -10.528368 -1.0478402 -9.261898 -11.280273 2.7704482 10.114851 -16.907827 2.5481126 -10.552001 -2.485259 
-405.54144 145.52605 6.962648 42.54567 14.993046 5.753418 -6.683901 9.595118 -12.836731 7.0528126 -18.265203 -2.373965 -8.013111 -6.54307 -3.2434142 6.109745 -15.3376665 3.5979679 -3.8546689 -4.62907 
-318.18445 111.46343 -10.065816 43.163525 22.946943 1.6684463 -27.099901 8.918621 -23.972795 10.934895 -15.790791 0.7941102 -9.264276 -3.6285663 0.68640697 7.0128894 -16.890646 4.740582 -11.716015 -3.959078 
-366.48148 151.82738 5.7088923 30.884068 4.524028 -9.027867 -17.748394 10.326662 -6.8015304 8.620954 -18.694132 -1.7112865 3.0149617 0.60692716 -6.610501 13.094308 -13.559688 -5.410319 -13.494588 -3.5227554 
-422.13443 156.51447 11.401094 39.092175 4.973144 6.8935246 -9.290126 16.262533 -12.907922 4.101193 -16.639183 -0.7600688 -6.7727833 0.5603712 -5.7473717 9.36862 -11.958052 0.43067396 -10.959774 -4.116452 
-399.1608 131.29446 8.252487 44.146336 13.038316 9.968733 -7.7369056 12.880326 -15.8446 9.718155 -13.514177 -3.0311246 -3.827398 -0.30050966 -8.9445 6.5572357 -10.798977 2.5126665 -10.464411 -2.5691571 
-333.46896 120.30728 8.864564 53.393093 33.451828 5.1289673 -10.81334 -0.25641334 -17.898224 0.92195714 -22.851545 -10.369434 -6.848406 -6.2302713 -3.173833 7.7789884 -20.425848 8.121887 -1.2018315 -9.093318 
-348.1083 141.19395 -5.9602776 36.711273 36.254467 5.972281 -17.971292 -12.070965 -11.71143 5.500395 -13.431241 -5.4883456 -7.713618 -3.1256256 0.6711446 14.936364 -18.68294 1.1437774 -3.3027148 -3.4033775 
-326.96802 50.880615 63.82967 26.201015 5.293485 32.73771 -21.94004 2.689683 -18.144606 12.29772 -21.206623 5.020658 -10.25676 1.3875623 -6.60163 9.29986 -21.014168 8.3586645 -13.871046 -0.16314946 
-358.62247 122.52421 6.125515 59.33812 34.06389 -8.765988 -15.215476 10.551659 -21.859138 -3.782094 -21.884403 2.951462 -3.2522926 -4.9139853 -11.049583 14.264607 -12.500353 3.2746325 -6.956783 -7.281079 
-324.01514 152.83368 9.755726 33.097305 -5.3091865 -21.084885 -7.3699102 9.699301 -21.919104 3.9069319 -16.489773 1.8785768 3.697002 -6.0099897 -2.85706 2.8373983 -16.40995 -0.16483068 -11.883808 -2.5076714 
-334.63974 173.26927 5.447134 24.707022 -19.00786 -18.379583 -2.7376432 8.811628 -15.884907 5.71821 -19.749313 0.995654 4.712974 -3.0786293 -12.0567255 9.846749 -18.673887 -5.412742 -4.93373 -3.919019 
-337.12616 169.60477 -5.5071583 13.095329 -21.438257 -8.617465 8.976731 6.3917217 -14.054934 8.659443 -11.003659 7.640383 0.79813266 -1.6177752 -17.73375 -0.4020223 -11.014697 1.7442898 -10.87577 -0.9064737 
-399.15323 126.37582 7.764501 34.198765 3.7585363 15.694343 -3.2621908 5.637459 -12.589577 13.985424 -15.212952 7.051682 -2.1890438 -3.754873 -2.3111842 8.012946 -16.321712 5.6337075 -6.7201557 -4.8803034 
-368.06677 148.01114 21.146318 45.416782 -7.1999335 2.4329436 -3.823803 -2.7353504 -22.24653 4.4629245 -16.12294 2.506528 -3.8966243 -5.2219663 -0.4138153 11.61651 -9.040843 5.739684 -9.550613 -9.812983 
-316.7616 80.75279 36.526466 37.522686 27.471375 20.09907 -20.781301 -2.4149542 -23.475565 15.872197 -27.696228 -4.7579474 -7.455942 -1.6602788 -5.9344 10.79636 -23.371626 13.858408 -5.95777 -5.349119 
-330.8661 140.99594 -10.14892 64.07265 46.570053 -7.9527683 -10.72997 -6.8221216 -24.10565 10.377304 -34.440598 -25.305483 1.201843 -3.4591622 -15.010076 6.444883 -20.618824 10.290327 4.876633 -21.011824 
-373.79688 137.07234 10.850477 44.135227 27.010714 6.5311413 -12.573412 -4.1571536 -17.13822 4.048375 -26.426155 -9.182842 -5.6053615 0.82403827 -9.013145 1.5033754 -14.883345 10.23975 -0.082901 -9.881719 
-412.398 124.52337 19.013426 29.514261 11.883728 13.722407 -5.804841 10.253976 -10.863598 5.3518524 -16.648325 1.8584715 -4.559464 -1.5409554 -6.5001187 5.4587903 -12.386417 2.1439378 -12.357374 -1.3333803 
-417.58582 130.24911 18.639702 31.191109 11.335629 8.471909 -8.109281 8.99963 -11.460171 7.95337 -11.692398 4.052191 -4.6383786 0.1275884 -7.1801386 5.0481076 -10.673901 2.575921 -7.516254 -0.87006193 
-377.9732 143.29865 7.2969623 36.61157 23.403246 18.796135 -16.143911 -9.965714 -18.394272 7.8174076 -13.939243 0.9236486 -11.032755 -8.255012 2.3517084 8.290714 -15.79414 2.048472 -6.8975167 -6.691066 
-361.81787 162.61804 10.413265 32.234554 4.0979433 -3.9074123 -11.296643 -9.551954 -34.389847 -3.5420456 -0.616293 20.283115 -1.8145747 -3.1912484 1.9798985 7.5676203 -7.805422 4.8804703 -18.767113 -16.332653 
-354.17883 146.554 -2.16441 34.07851 17.795895 -1.074415 -14.761312 -6.4832773 -18.561693 11.240246 -6.436709 4.796767 -10.088744 -3.752093 -3.38331 9.571469 -14.567995 -1.5811543 -12.082312 -5.302805 
-326.4436 152.54788 -16.13155 53.08684 31.472067 -13.592201 -18.314878 -5.185227 -29.210629 1.3631177 -22.04159 -1.5528846 -5.7784534 -12.762588 -4.3712735 13.875101 -12.4635515 -1.3470451 -3.9346504 -1.407354 
-379.46695 144.47473 4.5887084 54.85096 27.094866 -1.8439263 -19.350863 -1.6163657 -15.358217 -7.615268 -21.244778 2.0627565 -6.797586 -2.556799 -0.8745359 5.853606 -14.141823 7.089842 -7.9243207 -1.5374033 
-383.68015 153.87549 9.941521 37.046646 14.677397 -2.0858917 -13.444609 13.539085 -15.917982 -7.6265507 -19.331911 3.8863916 -7.716652 0.2040738 -4.11312 4.5042486 -10.076534 6.4539466 -10.955138 2.9572475 
-383.29523 152.88776 9.762081 45.435757 11.724801 7.2585526 -19.759624 -3.2194238 -25.40037 -4.5815907 -7.8441577 9.88552 -13.869501 -0.31339923 -0.4406236 -3.121356 -10.968035 3.7680233 -17.848576 0.11675564 
-422.91687 132.54367 17.62934 32.881443 8.257954 14.883877 -5.7759132 14.141302 -13.137718 8.710704 -16.428623 2.4370399 -4.154489 3.6467874 -5.676042 4.9366693 -12.48199 7.0416107 -6.7855377 3.4646244 
-391.81424 94.7517 37.65232 29.399675 3.071833 19.382957 -16.774529 10.937493 -15.001561 7.71413 -19.744202 12.38229 -8.1609955 -0.73494387 -3.7969759 2.2821012 -14.549698 6.7059407 -15.893134 9.134009 
-364.83615 98.06594 49.889206 23.84002 2.8890624 10.629794 -16.773525 8.941605 -17.720573 6.9765296 -21.361717 7.1768875 -10.158759 2.4961984 -6.547381 7.3604245 -10.583404 10.670924 -13.496661 -0.21071757 
-345.64 160.6166 19.063505 35.798656 -6.9667983 -17.842506 -18.633446 10.220969 -14.993515 3.7312224 -20.309961 -1.6003573 2.9205425 -2.6021118 -7.7244744 7.913861 -15.325572 -4.4659824 -7.69145 2.441179 
-303.82828 87.40846 12.576992 58.096226 16.174618 7.478086 -27.270243 10.027219 -22.9842 4.9641075 -24.296824 4.3617916 -4.8097525 -5.75597 -2.4036708 5.769871 -14.770545 5.0264196 -14.009978 -1.8908073 
-385.34558 119.75853 3.6223695 33.483574 11.3378 17.153357 -11.339602 -0.0530497 -11.498002 15.1700325 -9.024099 5.8690934 -10.946228 -5.2459507 -0.6392539 9.820696 -13.979669 3.447329 -11.379669 -0.45203638 
-320.7192 148.27136 1.1581994 21.121788 -18.381554 3.850591 2.9153867 -3.900018 -6.4661613 7.8623657 -10.732595 6.1273146 -5.1037655 -11.802629 -7.962843 4.153184 -13.9227295 -0.22520171 -11.592929 -3.0452814 
-288.81595 157.37357 13.968888 31.358334 -45.25326 -28.893942 11.384022 -2.9427397 -3.962176 23.006231 -28.134254 1.1713511 9.002477 -2.4249773 -8.367418 5.9163904 -15.7174425 -16.030354 -11.300112 1.0562464 
-420.40234 140.4713 6.3759685 33.02905 0.46578205 8.873875 -6.2182674 8.083248 -8.053575 10.766613 -11.878697 4.013842 -4.1316624 -4.9345975 -7.5808096 3.6942415 -9.986854 -1.8166523 -13.951274 -4.0412884 
-402.16684 112.28126 15.163108 42.009922 7.398299 13.804894 -8.803485 11.161038 -14.272081 12.4583845 -13.2651825 3.7826548 0.63802695 -5.159828 -8.645794 3.525172 -13.501266 2.006783 -11.282516 -3.059106 
-284.12073 65.33539 35.30582 60.350666 14.468782 25.551506 -26.006638 -8.738751 -23.454891 13.665512 -27.753572 -0.49385846 -17.741264 -4.5810447 0.8220775 2.0420012 -25.11317 11.389721 -6.5657287 -2.926334 
-321.68265 85.21268 10.670964 70.435 24.710218 8.70412 -15.69887 13.34194 -20.934313 11.300672 -30.259779 -5.7814326 -4.2455387 -7.936688 -5.504509 4.662095 -13.215099 10.276177 -6.551068 -12.401666 
-301.69394 103.55911 -17.261833 65.98803 50.748802 4.987377 -43.52009 17.589382 -16.01796 0.6370752 -30.103838 -7.7279587 1.7125394 -11.848179 -10.806831 -2.313712 -5.7001963 1.7321082 -14.397522 0.4209299 
-358.2821 141.27676 -10.936829 51.822887 53.09272 4.275948 -29.979366 11.181941 -5.5774703 -1.3473346 -31.637794 -8.275423 -1.8406385 -3.5757709 -20.345495 2.123701 -5.7095733 -3.7966642 -18.954014 -2.1262574 
-399.3106 144.57219 2.432519 49.313217 31.875841 3.196191 -13.785087 7.0995345 -15.419834 -0.5377142 -22.95504 -5.4876823 -3.2768588 -6.5474625 -15.899965 6.4902744 -9.926572 -4.5203915 -6.8308816 -2.3703744 
-339.5328 144.98367 17.577501 24.647013 -5.8905354 -11.432507 -7.841389 5.918457 -9.93948 10.497151 -16.40376 -5.298397 3.2076132 -0.15280867 -10.42116 11.566337 -14.11761 -6.8347855 -9.041592 0.9191493 
-354.95135 157.52325 14.040589 42.484848 8.307987 -10.448048 -3.119214 13.61083 -17.188745 -5.726563 -19.515337 0.15417029 -3.830666 -0.9782516 -3.1068401 8.512523 -16.37982 -2.5008862 -5.0842366 0.12091451 
-405.64612 134.39021 27.184093 36.31578 15.933648 7.5545435 -8.595943 8.15749 -11.792637 6.7192535 -15.955677 -0.3956095 -6.106458 0.56859916 -4.6733212 4.2129993 -12.037534 2.295953 -10.834674 -3.3312092 
-358.48608 108.22446 15.128719 44.497177 19.802864 7.323725 -15.510197 16.966898 -20.528141 5.434221 -15.43317 -0.33130777 -7.4606113 -4.8291287 2.9773154 6.9182363 -10.800215 0.5638682 -9.790309 1.8276901 
-289.30276 154.81993 10.727108 31.019264 -2.256899 -33.356586 -9.449403 14.757174 -25.279387 -1.8858784 -22.838358 -1.1917374 0.5416501 -6.528074 2.0729315 7.5560093 -23.073599 -0.95330185 -7.21053 -2.7809672 
-272.6096 55.75797 36.205532 57.124138 7.820643 10.270132 -17.570175 19.458763 -14.548643 -1.6835161 -32.981194 8.89753 -6.9805245 -11.701925 -1.348412 -0.06408647 -18.840597 3.600525 -19.174484 3.7063494 
-300.26456 120.671036 -14.059013 65.970215 36.340992 -16.394964 -20.86469 5.2044683 -17.920387 2.1229682 -28.811428 -0.124246836 2.4527612 -10.660386 -2.9214435 13.205881 -9.400223 7.2673907 -8.303327 -7.4972687 
-317.4466 159.28459 2.332124 24.02113 -20.140234 -7.0699973 6.884628 -0.46084875 -4.939038 13.465737 -17.7832 4.1495466 5.950945 -9.236352 -13.238345 8.791337 -15.321987 -2.583148 -8.392507 -4.234819 
-282.5995 54.392124 49.02503 26.833183 -6.8883524 16.507452 -14.188531 1.8835502 -10.098513 7.7995734 -27.620033 6.554028 1.2193666 -2.22588 0.5542996 3.8251648 -16.414827 11.828774 -12.192951 5.044878 
-291.19107 112.80615 15.209232 24.462706 4.3565793 -1.1519004 -8.607423 6.1930375 -22.107761 5.8559227 -12.200751 4.328537 -14.077074 -5.3467045 -2.9710279 1.1903005 -17.700567 7.3361797 -10.126223 -1.4433111 
-297.67194 171.12186 -45.68472 12.929248 2.9749737 -9.743069 -9.927085 15.492869 -10.848698 6.5070033 -2.8755946 3.834095 -24.267174 -6.323253 -3.7767246 1.4445479 -16.884989 9.370372 -11.784824 -6.5276804 
-364.52155 152.87651 8.15651 20.758268 -12.171871 4.4859705 4.8429337 2.3477592 -9.013093 6.801362 -13.620814 5.0538545 -3.3573122 -10.061214 -7.9763064 3.1399925 -13.469436 5.5285783 -13.457983 -2.6675541 
-345.23978 156.14787 22.358932 35.538506 -26.387321 -8.502955 0.9317094 -3.2939672 -8.758481 10.558679 -26.76524 -1.5331252 10.2646265 -4.5460525 -1.809603 11.925578 -19.853634 -2.3690157 -14.2265625 -6.4265995 
-387.0382 149.60428 25.920322 34.75664 -7.851656 2.458846 -5.3690352 6.3239193 -6.692588 6.079837 -18.207191 3.6340861 0.21583615 5.531339 2.1356516 12.9097595 -14.428567 1.0917678 -10.789925 -7.089595 
-425.00977 136.77335 11.668518 36.16906 9.256438 15.222844 -9.989779 10.483828 -13.167958 6.9174194 -16.965845 1.8112289 -5.8320837 -2.9278312 -8.580938 7.4570355 -10.845659 6.494591 -12.174773 -4.3007326 
-330.3346 144.19781 -10.993618 27.026869 18.531828 -2.4257605 -21.4037 3.172932 -11.209111 15.944553 -5.283058 4.448625 -10.64561 -7.594589 -1.4456648 6.6521163 -17.26592 -0.6562389 -8.880459 1.0520627 
-289.67712 121.03421 -8.82913 48.52434 26.408424 -4.354222 -41.924713 0.26167932 -14.512697 8.22837 -19.676435 3.4413207 2.0840197 -6.738396 -0.45177734 8.116471 -20.171509 5.9483795 -12.9615135 -7.0480266 
-317.36188 99.43026 25.712502 43.97586 19.279963 14.499296 -30.346762 -5.3660216 -16.772581 4.666941 -22.337473 -2.1682858 -5.6142063 -0.2551388 -0.6645261 5.801934 -21.988188 11.7687645 -11.828935 -4.8369346 
-325.39526 113.941895 17.275997 43.8832 17.06173 16.902391 -21.072128 -0.13950938 -16.817348 12.658726 -18.219883 -1.3426714 -9.8814125 -8.222087 3.354241 6.6325436 -23.014603 5.182117 -7.7051764 -4.0919304 
-351.23212 124.063194 19.604511 46.897274 21.820015 22.513454 -11.884221 0.38597646 -13.471322 2.6189988 -14.756641 -2.020359 -16.316498 -8.015545 1.2761648 6.792494 -19.235008 3.0094657 -2.860339 -1.1325129 
-366.61758 111.0504 20.228891 58.909275 18.379713 2.376739 -9.77532 13.59867 -8.916996 -5.199037 -23.601402 4.86807 -6.293301 -9.181691 -8.164689 10.141737 -22.426737 3.887329 -6.467374 -4.050776 
-308.12503 86.97614 12.518818 53.065647 19.595379 11.089181 -17.713577 5.9874644 -31.921974 9.813621 -20.44477 -6.24621 -6.993054 -3.278817 1.0947577 7.746338 -20.089792 1.8871545 -8.694094 -4.2007785 
-305.6665 65.69267 30.80069 64.434845 4.9469995 6.30918 -11.18008 14.825045 -22.406904 4.847163 -21.784687 3.1494632 -8.249233 -10.978247 -5.5901814 6.647247 -16.250324 -1.8209089 -9.469491 -1.4249715 
-271.1282 111.94809 -25.091152 66.37636 35.769035 -25.452438 -24.008013 6.535787 -21.352839 1.3760754 -15.962116 -5.1302066 -2.4032574 -8.325692 -10.490144 16.399633 -20.267235 3.0832305 -7.8302493 0.20450905 
-342.29953 153.87544 -12.9116955 42.314312 36.654373 -7.8634677 -19.585005 4.566488 -11.428002 0.19078535 -14.008301 -5.858 -8.532005 4.737671 -9.313511 -3.572581 -18.68099 5.9307995 -9.480038 -5.6395683 
-375.7823 120.30275 -7.068678 27.469883 11.87716 19.5466 -9.73043 5.2940836 -6.5293503 3.1900783 -6.752708 -0.7704303 -11.602018 2.2812948 0.5224131 9.026766 -12.76762 8.19809 -7.4070263 -3.3807406 
-323.1508 144.92448 -13.281978 40.426533 24.50719 -4.024194 -14.9011345 -2.312822 -14.680393 12.162331 -15.1067095 -6.9019103 -13.343216 3.035131 -5.5693297 2.0782697 -19.855614 3.8698103 -10.052358 -7.702156 
-285.724 91.58017 12.40649 27.99289 17.39167 13.746287 -33.391006 3.9369333 -12.753071 14.339048 -19.008638 4.248939 -11.217047 -8.397603 1.0320615 9.896947 -22.16295 3.2342749 -10.274557 1.5167909 
-337.499 97.17601 39.412216 56.21203 27.080963 -2.0534906 -8.308486 19.221367 -28.476677 9.201092 -23.034681 0.6293916 -7.1171274 -8.435368 -7.9326205 17.33926 -20.920448 4.536342 -8.341824 -5.0108967 
-344.64304 119.652275 8.902119 74.76515 34.26433 -10.709694 -12.677753 19.548828 -26.629509 -2.4989595 -29.148735 1.1220179 1.8261884 -10.635341 -15.770791 16.841911 -12.024916 1.2310121 -10.931286 -0.42205268 
-369.9753 141.19928 9.84177 44.22135 3.2152214 -1.2759628 -3.2010288 4.359264 -18.437159 2.2217317 -14.9947815 4.021875 -3.232174 -1.3137605 -7.726759 9.123223 -13.851598 2.0334928 -12.604285 -4.7025757 
-400.30417 149.3461 16.967493 32.60704 -6.8198366 -2.9839673 -9.055733 8.637625 -15.546149 6.324479 -16.942774 5.3006835 -4.351927 -1.8416362 -10.086231 5.279894 -14.945842 1.3103514 -7.153451 -0.23809555 
-417.53143 127.38885 13.553733 35.661514 9.857649 13.666005 -6.410407 13.197033 -13.571018 9.311169 -13.497107 2.083396 -7.311115 -2.8380704 -10.785248 6.5329328 -13.556919 3.7868288 -10.52635 2.9947913 
-417.9131 133.06335 11.109401 34.707146 8.784595 17.802603 -5.079482 9.711202 -13.211031 6.914166 -13.532276 3.4711604 -10.163337 -5.0338283 -7.428105 10.16205 -12.318219 2.7249224 -13.443371 -3.5332847 
-422.2039 131.80365 14.31694 34.929157 9.284661 11.178075 -6.4086943 10.336209 -9.881602 5.912309 -13.44742 5.2927036 -1.9376572 -2.1490657 -5.8433123 7.9260645 -11.022479 3.189155 -11.622522 -3.3224607 
-443.85223 109.68849 19.626179 29.219767 18.370049 11.105629 3.477555 2.8614242 -5.474147 -4.059366 -10.220335 -5.137117 -6.840575 -7.319495 -7.467189 -2.0520067 -1.0665165 -0.095008224 -6.1509895 -3.4884634 
