-361.44928 132.11765 22.100965 38.70394 12.305939 6.666659 -3.1388347 11.170589 -12.352027 2.1962035 -18.117653 -4.681464 -7.524659 2.8518553 -12.023972 3.081921 -4.2495065 3.0995808 -4.0879564 1.377481 
-316.7285 161.75827 30.171974 32.659416 19.586864 15.677906 13.972179 8.920857 -27.764965 -12.271547 -25.238659 -7.9428763 -8.983119 1.4961516 -12.214579 -3.479265 -5.9806576 -0.19343686 0.29708037 3.0815408 
-271.31433 103.65579 28.385399 48.8425 11.858772 18.58718 2.2758284 -0.57324696 -42.252613 0.81855613 -21.88123 -11.854204 -18.14203 -2.2096615 -8.8712635 7.1472116 -11.266435 6.6323214 0.94051087 1.4523209 
-249.79118 85.12155 23.532803 48.97336 11.931494 24.953491 -10.288378 -9.869841 -45.04371 6.7617106 -22.248177 -21.254534 -15.232647 6.9855094 -6.8472357 6.1503687 -18.360168 8.330715 0.082520805 -2.9588854 
-212.17548 107.36046 0.5013 42.2165 33.11992 2.9478977 -17.085142 4.3658295 -36.408882 -2.475877 -31.28417 -19.699951 -4.7319717 0.4906437 -15.515871 5.7285743 -16.074 12.589077 -5.8434563 -5.3288903 
-260.56845 129.05624 28.374165 29.147013 7.2047186 7.7694645 13.952837 5.168149 -39.703167 -5.5591674 -24.593575 -6.717082 0.3093537 -4.5442657 -16.514261 -1.4345119 -17.242603 8.75137 -0.062281713 -1.5669519 
-246.48859 125.220024 8.051314 49.180653 13.769552 21.563532 -11.8351755 -12.3309145 -41.311787 5.405092 -12.653435 -13.88764 -4.8597827 5.262168 3.3987987 1.7644119 -16.553047 11.820881 -5.5100603 -5.009508 
-266.37045 158.44989 15.7582855 27.47834 -8.331978 10.923599 -2.2192929 3.2540944 -45.642273 -2.1235678 -15.78665 -6.5122604 1.6970662 8.129484 -4.457295 -4.3784657 -16.7781 0.7122586 -5.81056 3.4414263 
-313.07166 153.48657 13.007816 50.48069 21.905506 -2.9774172 -1.8951064 10.071688 -29.445683 3.5901544 -20.834682 -12.502967 -2.0643878 -7.8703938 -11.425487 3.282342 -6.1215606 1.062628 -3.2121365 -1.7081132 
-301.2623 142.1599 27.323448 56.456104 29.923729 -0.32388985 -7.918841 9.83633 -23.85007 -5.642837 -28.429617 -10.514561 -3.2763224 -6.231733 -7.184348 2.3451846 -6.846935 9.243049 -0.970247 -4.2538633 
-303.13242 131.32137 29.399902 48.275433 24.936014 5.951656 -6.022642 1.3542169 -26.778723 2.9807868 -22.091148 -13.878683 -7.056694 -1.043575 -3.208867 6.061705 -7.610155 6.7815933 -1.0100819 -1.6518321 
-295.5956 128.15753 22.133625 36.015625 16.5287 5.2838516 -0.6521976 11.193488 -33.515087 3.6611633 -17.524628 -7.9922976 -7.292 -4.8150234 -13.651406 2.8972504 -14.071993 -0.7201359 -5.1141267 -3.348647 
-298.88208 141.32901 14.951612 23.594238 -1.2182045 3.5040262 4.334263 13.567303 -28.549469 2.102177 -11.109756 0.40669972 -2.5669308 0.3662361 -17.968899 -1.3433187 -12.418156 6.941003 -5.2641187 -1.2567923 
-290.6857 140.67949 21.895607 35.63405 14.736513 18.319935 3.1293077 -3.0666175 -49.72427 -3.9240804 -22.175379 -5.6373115 -5.104455 0.04605301 -1.7229056 7.361837 -11.083451 7.992803 -0.14855327 -4.377438 
-274.4269 92.07266 48.99673 26.79697 2.584255 36.949207 -16.69867 -3.515027 -31.659315 -3.0380957 -13.652386 -6.3764052 -11.877999 5.8114247 -2.1697931 17.052507 -13.594883 5.4836707 -0.7431748 -4.741015 
-285.04065 139.22498 13.049776 19.04975 15.161292 17.740625 -14.90785 -4.0476503 -37.659378 9.575316 -5.430372 -2.6583722 -9.934513 8.8197975 -3.2683024 4.6681814 -21.471518 -0.9450042 -4.73732 -1.5565808 
-334.61426 127.45302 44.845684 36.063217 11.464722 18.564724 -7.0861053 6.678174 -21.68951 -2.6665184 -23.677462 -6.893348 -13.394307 -2.9090152 -11.749389 2.0915406 -13.23122 6.7002125 1.5391545 -0.20361307 
-308.76724 109.748764 29.982758 65.169235 9.057453 15.006082 -5.2523494 11.694929 -20.050995 -4.4497995 -27.678324 -10.525776 -9.761259 -5.644981 -11.547875 4.2932663 -8.5536995 7.2151465 -1.1775252 2.1041193 
-303.20718 133.8013 9.89337 25.315731 19.307894 22.468624 -6.8812513 0.6051595 -18.883114 10.76008 -9.859588 -10.820558 -7.7684817 2.6228118 -6.7898893 3.5859244 -15.849645 5.370331 -2.6204648 0.28182533 
-343.4544 130.63036 27.109592 32.784786 10.3162365 20.748873 -10.7925205 6.280671 -10.715664 5.862914 -9.859177 -2.105958 -10.82072 2.3044667 -8.129444 4.2536006 -14.896269 4.0191755 -3.112502 2.9676886 
-316.05072 155.14066 18.313951 25.523924 14.0221 18.973763 -4.079547 0.8080018 -26.141447 -0.086871095 -15.051849 -1.532437 -6.9983654 4.726371 -10.134484 1.4358437 -14.608477 5.476423 -2.5502079 -4.7287817 
-291.9462 95.881256 27.205757 50.08085 23.791697 19.671612 -24.288551 22.170288 -27.345428 4.9447184 -19.775093 -13.723121 -10.133009 -1.8215493 -8.03816 -1.5909797 -7.685091 5.4468746 0.28735942 -1.8353043 
-331.93616 158.84998 28.483643 28.068203 11.732906 8.532631 -2.1091635 6.413061 -24.662687 -11.9857855 -25.342548 -13.08738 -7.196751 0.47660413 -4.251409 6.073434 -6.7419353 4.239322 -0.053317122 -2.4178896 
-312.68512 121.60017 29.929129 47.43339 14.505709 12.854904 -10.311069 6.2269 -21.782587 5.857033 -17.112352 -5.2229834 -11.623988 0.9360659 -6.304656 7.7282486 -7.374914 0.23709065 0.43923065 -4.8136945 
-328.47083 155.83426 15.573822 31.757132 17.401615 18.470259 -9.615021 -2.3698492 -24.741247 6.003526 -12.445107 -3.840738 -14.788856 -0.08993551 -5.5262675 3.6848276 -13.054439 5.378647 -2.5678005 1.1783339 
-312.89645 144.55133 20.328794 24.47761 5.9404774 13.36504 2.285287 6.1541977 -22.828638 -11.691273 -22.87496 -6.0699406 -4.8062625 3.6736925 -9.102805 7.013584 -7.5341744 5.3365636 2.4929733 -0.8668642 
-314.93335 130.27478 25.081648 38.490578 16.276457 10.256594 -7.2437253 1.6949759 -14.891615 -2.0455344 -18.764719 -3.3967047 -9.64212 -3.6544647 -7.695977 4.763183 -8.8253975 4.479573 -2.8730843 -2.2685463 
-302.8346 149.1518 10.602256 17.08728 9.145589 10.464536 0.6504329 0.4771792 -34.44676 -3.6318338 -11.735767 4.146858 -4.653787 10.898919 -7.656103 3.3013182 -17.3559 3.8600888 -4.757912 -0.5119271 
-353.8724 137.55013 18.996248 25.679264 4.6767254 9.192586 1.8622515 18.455986 -15.701204 2.1838388 -15.214927 2.598044 -9.106143 -0.9593173 -16.557112 -2.672093 -15.394253 5.1087627 -6.8950157 -2.2174158 
-347.8796 137.04048 15.650079 58.10422 25.49407 2.1082501 -5.4905167 5.7285266 -20.916826 7.4198303 -26.406816 -6.2836885 -7.374827 -6.5319967 -8.999716 6.4864798 -11.072782 6.560404 -1.7843671 -0.8913894 
-377.75012 129.20148 15.897327 32.29348 13.354926 17.987007 -6.06451 12.475118 -8.609722 12.00218 -13.772786 -0.9432377 -13.089286 1.5560957 -10.551585 5.4215765 -12.363154 2.17227 -5.5210156 -2.624224 
-343.7452 117.80538 6.9568653 35.605694 7.4148154 15.985399 -0.372237 11.583039 -11.961514 13.996977 -10.186948 -5.2672076 -9.316423 5.6772156 -13.365542 5.3769894 -9.319902 2.657319 -6.1015778 -1.099669 
-363.9425 134.01018 15.4613905 32.139175 15.825594 10.0663185 -6.325285 10.53313 -12.0424185 7.391343 -10.738934 -3.6925023 -8.606581 0.987481 -9.004074 -0.024759028 -13.430599 6.864004 -5.1711597 1.3145908 
-313.22192 155.6317 0.74309665 15.694818 3.3862906 15.211849 20.386179 13.966574 -26.577108 -0.8761282 -9.966671 -4.367993 0.36047083 4.410876 -18.10272 -1.4555727 -9.075938 3.7004018 -0.048799913 1.6292781 
-298.93997 172.96257 24.324347 28.701416 -9.681599 -12.298674 8.1335535 18.505262 -29.28738 -7.837338 -22.911821 -19.133736 0.21406311 10.171276 0.19949405 2.608843 -11.386265 -1.4877071 -6.437646 -0.31393787 
-315.59885 160.79549 11.029987 21.975622 1.363633 4.1644855 10.517918 4.901998 -40.603107 -3.2730494 -12.287591 3.5127342 2.2551928 -0.8206698 -9.885344 -2.1388452 -9.283792 4.356954 -4.302526 -5.1172247 
-296.62854 164.31857 9.492428 14.803667 -2.6181762 10.284208 12.28194 4.743458 -41.09689 -5.584338 -5.8327136 8.363214 8.762798 -0.5527494 -14.93199 -7.4721103 -12.083447 4.009183 -5.569252 -2.9483266 
-303.97635 155.21648 4.988567 42.72145 15.303109 -1.1505227 4.065729 -2.9437933 -34.964104 5.2217283 -12.991626 -8.478105 1.3270037 -6.94731 -4.6272793 4.8577237 -10.637781 1.9196976 -3.2864003 -5.426069 
-257.17053 145.54054 4.4717727 32.993385 29.584324 3.9902196 -13.014806 -10.14385 -35.97169 -3.0680776 -20.070929 -18.574364 -5.323183 0.0663912 1.3923198 5.5000587 -18.762215 5.83593 0.48134682 -6.30962 
-216.38763 161.5084 -13.333935 3.6091352 13.946111 6.8739843 -16.763828 -4.1674433 -39.69107 -0.3167367 -9.225034 -19.460152 5.209531 4.579726 7.2391086 1.4570508 -20.607332 7.2523837 -10.075314 -0.55130047 
-227.77316 147.13931 4.4150662 23.370195 18.647045 3.733974 -10.078869 4.6367474 -36.828133 -8.865274 -19.013832 -11.54301 1.2839125 -6.5413046 -0.48046404 7.0276847 -19.014694 -0.042521052 -2.5099194 -3.2137942 
-247.93956 67.4324 55.705803 46.296185 -6.498781 29.568878 -17.0363 4.324709 -12.269181 2.1896837 -18.11373 -7.964859 -9.184956 4.8605046 -10.837849 3.439988 -11.390531 9.873843 -2.5878437 -5.567251 
-277.7553 138.55121 8.603212 44.17568 30.479692 12.143127 -7.018114 -2.6819701 -30.174204 9.592443 -15.736552 -16.154062 -11.637919 -0.83793473 -0.049480967 4.7845435 -11.470146 5.2512455 -4.1229577 -5.637483 
-344.81604 155.79866 29.199806 41.969246 18.021456 9.320445 1.8067036 8.497719 -17.985811 -6.4173055 -22.3507 -13.748442 -10.612145 -4.41836 -2.6347954 1.9532229 -6.848697 4.3738194 -0.58666694 -2.4025416 
-268.71988 127.282295 35.15637 35.233448 11.744572 5.2118573 -0.31855434 -0.8010908 -32.17232 -2.1636791 -26.243753 -13.797977 -10.093388 5.1943755 -6.1447244 8.165623 -8.442684 3.604521 1.8196462 0.35197386 
-252.97873 135.94174 10.1142235 32.06807 23.556072 6.9375324 -7.385436 -4.6682305 -35.44893 -0.4026631 -13.516969 -8.188832 -3.0972655 -1.3346046 -5.763146 2.7394712 -9.657802 6.0004086 -3.6558979 -2.7775607 
-290.5199 142.33795 22.291222 57.78622 28.07208 -5.7529507 -10.804653 2.4377408 -30.364265 -1.8875338 -25.212782 -12.125699 -3.9466188 -5.193346 -9.093539 5.8400526 -9.719495 3.4327745 -3.116316 1.9695401 
-329.68558 137.13727 30.825249 37.740967 18.201698 13.093008 -7.3011103 8.560046 -22.950846 -4.7286596 -27.369219 -7.638478 -10.357508 0.35375378 -8.993004 3.6741295 -8.674043 5.733933 4.3998127 -0.9641395 
-277.382 114.288414 10.448634 41.217487 15.25058 15.656399 -10.834729 17.46754 -38.32912 -0.6993975 -18.146046 -5.975916 -4.250052 0.32429388 -4.0517416 5.1781173 -7.1559167 4.8663287 -0.4792037 -3.8089786 
-346.5966 149.75053 19.270473 27.18803 1.6601322 4.172981 -2.6344566 12.26084 -26.27045 -4.819536 -12.692343 3.2142076 -1.1334528 10.3812 -7.42247 -0.6904766 -11.626526 2.6550539 -5.698813 -0.5672976 
-341.28204 115.16504 10.815444 30.332253 10.775999 17.949944 -3.1669338 11.275645 -14.381161 6.0547214 -9.721491 1.30589 -8.337652 2.0078557 -8.328902 3.8899815 -11.554194 5.642083 -8.855889 0.74600786 
-296.10474 151.26468 -10.301699 25.117712 22.20821 6.6658916 -19.877098 9.951443 -21.906443 8.010335 -11.645434 -0.74070925 -2.791089 2.3169458 -7.6177716 -2.529577 -14.509349 3.9092963 -2.9132097 2.4375637 
-287.59424 155.0263 -20.881615 4.2845545 6.759354 14.1246 3.4929233 9.629108 -25.27392 8.194973 -3.25076 -1.7032437 -17.25306 -4.3451133 -9.435923 3.8595064 -13.432076 5.0907555 -5.9563007 -0.3255203 
-358.68152 126.318756 16.487543 32.68537 15.219051 19.502192 -4.9540877 7.119991 -17.239586 9.627796 -14.77356 -6.812304 -11.967198 4.870617 -6.031284 9.154116 -13.632516 1.9082671 -11.458698 0.446464 
-357.48224 122.48094 9.3078375 33.79904 15.2037945 20.779686 -7.56653 5.6713085 -17.23755 13.989194 -11.763599 -4.263662 -12.867189 4.469455 -9.516645 8.842382 -10.052412 1.465029 -4.755729 -2.2415502 
-308.32883 153.12608 -7.3901653 22.064123 10.6870985 12.644728 -0.6826789 5.1829042 -29.689772 9.743623 -6.7267737 -9.742081 -3.7083724 -3.3538172 -7.442919 0.690331 -13.7462225 0.39365572 -7.1952157 -0.3241429 
-252.23172 142.46004 -3.640341 21.270813 5.2492905 15.977953 -0.6100807 1.7209023 -35.58695 10.319243 -0.08831808 -10.264659 -6.087884 -3.988714 -8.653973 2.632928 -10.302967 3.472513 -10.596035 0.29605865 
-289.3058 143.36534 10.5311165 48.45083 27.935572 12.703239 -7.902254 0.5382154 -34.899143 2.5781162 -19.907173 -17.283361 -3.4440734 0.013687558 -8.770242 6.184683 -11.248783 9.880949 -5.290201 -0.8731698 
-292.34857 146.22589 18.755253 27.208532 15.853997 18.628492 -3.39851 -0.717847 -25.024397 4.299721 -12.914712 -6.161871 -6.0296106 2.8119574 -6.726846 5.9251733 -9.429392 3.377028 -8.84105 -2.8704376 
-267.89728 93.09231 26.646935 60.04576 19.24964 11.01627 -9.070944 7.181364 -26.215502 5.3776574 -26.954218 -7.447939 -7.182759 -0.12671709 -5.812462 6.9123325 -14.112535 8.206394 -4.9093757 -2.9486346 
-306.57666 76.88637 54.336113 50.96749 -0.038147397 29.046072 -13.143366 8.456168 -14.0623865 13.316266 -31.07883 -6.2830033 -15.23385 2.4422064 -9.222586 0.92752975 -11.373898 8.709217 -3.6222425 -0.9945185 
-306.19345 167.79498 24.429346 27.891083 8.633876 9.11903 3.1845388 8.012763 -30.788597 -11.383899 -22.004894 -10.957475 -2.723292 3.4472945 -2.011211 3.667263 -7.512491 3.9737332 0.54537606 -4.1385245 
-346.73007 158.05998 30.21049 32.80387 9.942247 4.9417973 -7.264788 4.904379 -18.362453 -8.807751 -17.935707 -6.307478 -5.313086 1.4943078 -9.605978 0.0051427814 -6.54097 2.5991573 -5.5260143 0.46502018 
-322.98526 161.44244 -1.8395839 29.430098 1.4527639 8.316798 15.066013 1.8034662 -46.130013 -4.165574 -6.1613026 6.3940988 7.693731 -0.30053684 -12.566857 2.0378516 -9.2091875 5.5322223 -11.076138 -10.408216 
-343.23093 155.67627 3.2244306 36.49311 0.98070705 8.2283 7.6974387 -0.039881706 -45.511105 1.2315983 -10.125137 7.122759 5.8089886 -0.36409986 -13.898218 7.5729184 -11.188829 7.585511 -9.11566 -11.241271 
-328.18982 140.32355 15.558811 42.552536 18.210752 18.00037 -2.0555642 -7.160176 -32.646862 5.1191444 -13.348702 -8.735165 -11.573816 -5.8056393 0.18491548 8.498811 -14.180001 5.938021 -0.12454467 -4.7771287 
-319.4358 154.80157 21.825233 33.404694 16.993082 17.714895 -0.40188196 -5.6336794 -34.68915 -7.21208 -15.474764 -7.590489 -11.810191 -2.828559 -0.268271 10.7243805 -6.265589 6.5866947 -3.1354167 -3.865667 
-297.19226 166.35638 26.460518 29.827127 7.414616 4.425382 4.484869 8.319876 -36.599407 -13.973431 -22.409904 -11.664949 0.42916775 -0.35863665 0.7147931 11.227902 -5.642434 6.2965426 -1.7538995 0.48391682 
-279.39172 95.54932 42.30143 38.779594 7.2190323 19.119799 -11.208302 12.101349 -28.737013 5.8060865 -23.692085 -13.908687 -11.827959 -6.875093 -5.833956 4.88938 -3.6558058 2.476797 1.1763492 -1.5370517 
-331.81805 149.18628 27.04123 47.900856 29.184713 7.055987 -8.106248 13.7776985 -15.303196 -7.6367893 -30.026136 -15.354248 -13.031619 -7.873644 -12.399448 2.374568 -7.0114875 -2.3985796 -1.627587 -0.40911698 
-332.82214 92.09419 31.1462 57.571594 5.743138 10.738178 -2.535341 11.112176 -17.308983 12.780834 -26.764011 -1.6166359 -9.53564 -5.0950575 -13.534321 11.280216 -17.34928 0.512978 -6.752719 -4.7282248 
-312.93585 97.74362 44.248447 36.11519 5.719303 21.706604 -7.445829 11.278672 -29.218702 8.915676 -25.753838 -4.369819 -7.3850946 0.18939652 -9.507003 2.3947978 -5.2173443 2.6090047 -4.1254673 -0.120146856 
-291.6428 121.6266 31.173302 59.356888 20.61126 7.5636377 -13.277569 11.542819 -26.397688 -7.2680655 -26.961575 -10.164086 -9.743899 -0.7246026 -5.888235 9.15537 -10.2318535 6.388857 -1.6497489 -0.6078588 
-277.92078 86.47152 23.655325 68.8301 10.765989 14.706881 -8.533317 2.9802585 -21.44332 -3.907697 -26.539528 -15.429982 -12.4754925 0.34148952 -14.96571 4.766138 -3.7726843 7.7888284 -4.2506013 -0.16678408 
-313.4823 144.44193 7.1866574 42.84236 27.984222 2.1591072 -7.6365085 -1.6871504 -21.843723 2.8536112 -22.306856 -15.435194 -4.972055 4.5398035 -5.7479076 0.14784628 -9.226491 14.249495 -5.165189 -3.6342137 
-364.83463 120.47363 20.577917 34.21016 9.579793 13.539862 -6.898826 8.740423 -11.398155 9.077153 -16.276651 -0.6086144 -10.848426 0.5012368 -11.068394 5.9099865 -8.729313 5.1724453 -6.8182144 -1.4163582 
-363.13095 116.35495 22.436277 30.147617 7.398022 12.568627 -5.640647 10.222157 -12.042583 7.1021867 -14.647012 -1.5298407 -9.870081 0.9608252 -11.083187 4.3925657 -11.004944 4.081491 -6.998411 2.6555655 
-337.51877 130.68927 9.530658 27.707684 5.9487824 9.68094 5.8047113 7.883229 -29.708496 6.7564163 -9.825474 4.2346997 -2.732253 -0.5220991 -10.39718 4.3973236 -9.06406 5.2390356 -8.158318 -3.3728893 
-331.22278 153.20587 -0.4932022 29.159891 -3.6924074 4.302808 13.032107 2.538492 -37.992752 1.6876231 -6.836915 7.710193 11.146366 -3.1088717 -13.79635 -0.6637552 -10.141578 4.8962407 -5.1704803 -9.887875 
-369.4702 150.54602 10.157204 35.532093 6.8476872 7.192515 -6.317976 2.3229032 -23.156796 3.2791512 -8.848069 3.3654041 -2.106712 -3.3823743 -9.846226 4.683646 -9.912523 2.6133006 -10.464863 -8.963015 
-293.88342 123.11065 9.372037 34.342438 3.4472225 18.259638 -8.01833 3.0808496 -25.743156 4.052502 -16.678453 -6.369213 -8.171914 1.8686583 -4.7686706 0.4404779 -10.820524 3.6191835 -5.066953 -4.276148 
-282.54 158.79521 31.77319 22.066261 -6.50428 1.863006 7.0516376 10.931314 -27.9537 -7.3848777 -21.532454 -10.869198 -1.5555075 5.5130816 -7.0448475 0.6438107 -6.904977 -0.5115683 -5.380798 6.109137 
-273.0469 141.28961 -8.563714 26.299917 18.002022 15.000035 -8.890086 1.8328645 -29.369123 5.928308 -9.08684 -3.151901 -4.9156346 2.5759542 0.7051539 2.5650141 -7.825564 2.452222 -7.8120627 -1.9105268 
-279.2871 112.087616 10.164498 20.635231 10.336729 21.771976 -23.41991 12.251678 -14.982217 13.870903 -11.069426 -7.00054 -7.7094707 1.0444493 -5.861212 -6.5567703 -16.288063 11.633084 -4.378793 -1.3025341 
-326.932 62.072334 53.69844 29.690887 -2.6275506 30.928568 -21.279217 23.28915 -8.828842 12.2036705 -9.828134 -3.658922 -10.388167 4.2525225 -12.364052 10.649529 -10.815956 7.264437 -8.914379 -1.8738054 
-353.83142 137.52184 24.715603 36.95375 16.75435 9.627064 -4.740152 3.4539573 -17.241533 -2.746886 -19.546892 -9.914655 -8.906146 -4.3529906 -6.672687 2.110197 -7.2056537 7.265497 0.21258228 -4.127867 
-281.28647 109.00331 43.330704 38.775356 11.020014 14.423348 4.4805913 5.753724 -40.030704 -2.2362711 -21.719563 -7.9244514 -14.93287 4.029831 -11.852786 10.481714 -6.6078095 3.8403087 -0.2010152 -0.7999611 
-254.95456 121.27933 31.731398 37.695442 2.9454596 15.855499 -2.4420552 0.35610792 -37.507317 -5.9451237 -27.967102 -13.447173 -4.6832676 9.095685 -0.85981536 3.131414 -12.109472 4.7024426 2.750063 -1.0196456 
-276.96286 163.16203 -4.653531 23.857027 13.259322 9.549404 -10.116433 -1.7951444 -37.53205 12.195779 -2.846726 -5.7008176 -5.2171726 1.0712862 0.8345419 -4.1736474 -15.850348 3.8050685 -1.6221324 4.3347874 
-300.15103 145.0417 2.9068348 29.320822 25.489553 14.72169 -20.098457 3.7145975 -19.073296 12.837339 -17.067177 -1.6221932 -5.7732825 0.73063064 0.53243566 -6.2856216 -13.584135 10.383146 -5.344239 -0.8447019 
-290.11636 86.08617 39.97352 31.941097 -2.1011171 27.859322 -26.278591 4.6076894 -19.956299 15.876598 -16.570879 -2.3441324 -6.68244 1.7469945 -4.495991 -1.2071135 -23.40641 14.88882 -2.639074 -3.9564006 
-349.87534 131.3669 34.297333 36.67207 14.869395 14.729468 -11.949757 12.394708 -20.647495 -1.3017049 -22.853212 -6.6203995 -12.304799 -1.5723768 -6.7496533 9.525416 -5.112769 7.9536276 -1.4540789 0.8802019 
-311.21646 104.751564 48.211258 44.27751 13.842968 13.032437 6.7238865 4.1319995 -28.310827 -0.4282129 -27.495441 -10.368691 -13.819054 4.432452 -13.323546 14.405419 -5.6680355 7.254849 -2.9801102 3.0600653 
-307.24374 145.53296 39.1961 31.24149 9.557719 21.374178 1.5072396 -3.4675539 -29.60757 -14.3878765 -26.351847 -6.9325924 -10.008384 1.2180346 -4.5896406 9.938772 -9.019663 5.61527 3.158283 -1.1600379 
-329.20245 145.90015 22.400116 30.234911 17.239443 13.374369 -10.168273 -4.8923244 -25.616875 1.9216563 -15.341539 -12.092953 -14.253243 4.0118203 1.6498475 10.610764 -9.842236 5.428057 -0.29792774 -0.34047285 
-310.63434 140.86176 15.040829 51.517345 35.46434 0.71505916 -9.539885 6.2982693 -27.296595 -6.9503922 -25.447529 -14.700031 -6.512518 -1.0839171 -4.4656763 4.1147065 -9.422324 11.406994 -0.27324817 -3.8399615 
-353.64246 127.98861 26.082516 33.955814 13.610098 8.385515 -5.3371243 11.81501 -7.9870777 2.1284742 -14.530331 -3.4765477 -9.993106 0.23903534 -6.169667 4.920336 -8.317148 3.881715 -6.0295134 -1.4248788 
-284.30267 104.36319 36.438656 51.413982 8.708144 20.128782 -14.34087 2.5296638 -20.466932 -0.22471704 -26.100708 -7.101895 -8.621543 -1.3386251 -5.7798085 5.7690897 -14.182909 5.382056 1.2619528 -6.073963 
-323.7318 147.1961 19.576883 31.027557 12.02705 24.74424 -4.0961227 -0.6497213 -35.572666 -3.3678885 -18.63726 -1.6284208 -10.604123 -0.39443684 -1.1295457 10.04593 -4.1309414 6.4880424 -6.2865014 -4.432068 
-299.3865 120.425644 11.241857 37.234715 8.916946 22.338266 -22.349977 3.7664728 -18.457981 13.694042 -12.170086 -5.466787 -3.241583 4.1264005 -7.4004984 -2.1118257 -19.635033 7.1833124 -4.952938 -2.6865396 
-349.35602 106.75272 23.151897 33.41534 4.0628915 21.48507 -13.013545 12.251432 -12.036947 9.858094 -16.402092 -2.6436625 -10.281973 4.596066 -11.066559 8.43357 -11.346759 7.8354163 -4.803814 -2.167287 
-365.8734 133.91794 27.016144 40.370182 20.137442 9.548184 -7.984594 7.9468 -10.607791 4.597184 -20.675722 -5.366661 -12.060845 -1.111744 -9.869839 7.9309287 -6.193178 4.9394865 -4.8046055 -2.2472594 
-280.25012 142.0626 17.480625 43.51768 26.39833 14.008641 -18.54614 -4.210785 -26.143238 -3.4402158 -21.707691 -13.768219 -7.3236065 7.2180805 -5.703434 2.676932 -11.585329 9.922933 -2.5818224 -6.8163357 
-328.40564 139.26436 28.617493 35.341003 13.4144125 14.649292 -9.81782 2.3935194 -16.327505 -0.08153025 -14.266944 -5.548368 -7.5309067 0.83249176 -8.385234 1.9862722 -7.8676877 2.837212 -5.273534 -3.575288 
-296.25378 137.69374 20.058596 26.25252 -0.2542183 23.057045 -3.443733 3.223943 -28.101355 -4.54994 -13.031401 -3.3228657 -2.770995 7.63186 -7.455417 2.1053247 -14.159354 2.242203 -3.9807346 -1.2978806 
-347.83597 157.22127 28.700928 30.480608 9.218929 9.225656 0.3753537 13.4742775 -17.704187 -2.2166393 -21.040995 -5.942944 -7.720072 -1.0975003 -11.341683 3.8806238 -8.863533 3.194612 -6.6697793 1.650261 
-347.3839 151.52086 18.559566 49.144478 22.32275 6.414976 -5.8244286 6.739781 -22.694738 -5.4559884 -24.638538 -8.717296 -8.715995 -8.474779 -7.0104237 11.22774 -10.146104 3.8465548 -2.3558915 -2.5291111 
-292.29468 116.311386 18.420273 28.8204 2.6206105 18.782366 -9.456859 3.8612375 -31.726969 2.3017561 -11.321007 4.1430464 -3.23597 5.220808 -5.9910593 5.5757046 -17.88432 3.552729 -5.2350984 -3.1928978 
-340.50964 150.63727 19.522207 23.025023 8.334254 8.021325 2.6457357 12.951206 -19.990822 -2.7846847 -14.417873 -0.88421947 -3.9504743 3.9614267 -9.60823 -2.86994 -11.129099 2.8596675 -2.4456363 1.5336982 
-342.0055 138.20087 33.17642 47.786655 20.03045 2.636936 -8.154701 5.769083 -19.895134 -3.0863929 -21.934582 -12.021855 -11.157037 -7.28321 -9.185696 5.6726236 -8.751753 3.9768307 -5.207129 0.79236424 
-354.2431 132.3072 13.743175 47.408756 15.177239 0.97642875 -5.014284 10.230333 -20.744059 0.9669308 -20.803276 -9.163975 -8.607332 -2.9012704 -10.875253 4.823418 -6.4326434 6.224776 -4.46261 -3.7658098 
-381.42172 139.31123 16.61824 38.203262 14.2063465 12.409796 -9.822795 14.00975 -11.004488 12.638839 -12.036931 -2.409679 -10.560473 -0.09263507 -9.905865 3.6745114 -9.196029 6.3774433 -4.359651 -1.2595205 
-398.11496 130.01549 12.001397 37.424164 13.583885 19.188082 -8.10082 11.448212 -12.537953 19.700209 -16.424763 -2.4928236 -13.012375 1.8183023 -7.4512744 9.800083 -9.335187 9.860591 -3.3606613 1.3801895 
