-491.00043 123.41748 34.050877 27.538675 14.38014 22.09184 -7.4934683 6.3149467 -3.8254368 8.403292 -12.598398 1.451437 -5.2215376 1.8581338 -8.0756645 4.7097535 -10.323726 -1.6259606 -12.02329 1.6438764 
-489.68793 123.26655 36.916286 25.352783 8.285005 21.863756 -6.794888 9.693335 -6.9970016 4.088396 -8.501469 -1.8714286 -9.386338 -2.8578572 -9.942311 4.844733 -13.021744 0.090488166 -8.6933975 -2.6953707 
-391.02744 154.8117 9.723395 -12.53971 -4.8223367 11.191905 -2.882905 -3.7881994 -11.852727 15.555791 -8.604391 1.6468405 -18.136616 -1.639586 -11.673276 -0.13728325 -2.0473468 3.789226 -11.189991 -4.0726285 
-408.42984 158.41406 40.283752 2.998504 -14.826832 3.2602174 -10.212349 -7.25993 -5.602113 2.157792 -5.5020776 6.038756 -6.982267 -1.2797523 -5.2105474 0.26054278 -2.5668216 3.9213893 -7.1202765 -7.465113 
-387.1306 168.15164 32.856133 -4.743298 -34.53399 -3.0085545 -0.020030908 -6.909719 -10.718205 2.8930447 -14.024975 9.799175 -6.6822047 -1.9216527 -18.556297 -2.5860188 -4.3161407 0.09199169 -3.6871305 -2.9361095 
-414.2328 125.30325 54.450638 12.537236 -4.912941 -4.12614 -9.685466 -4.4425516 -15.067867 13.150829 -11.633027 10.1834755 -4.3653126 0.93756974 -14.748038 6.5431376 -7.252844 -0.17337662 -1.6941184 -6.67984 
-412.2482 148.20424 37.310497 15.425271 -7.2147064 -7.300443 -21.300453 -10.123249 -2.8090727 2.378787 -2.0777307 2.5580873 -3.8446646 -2.518956 -4.303651 -4.069465 -5.025462 -1.8057272 -4.4732594 -1.2398586 
-384.77063 161.30757 48.05049 21.586235 -20.997648 -21.172499 -23.929535 -20.591375 -8.446775 10.224825 -5.4927692 7.4209576 -4.2305093 -4.9150944 -3.3211286 -1.0711406 1.7181909 -0.09570405 -7.113216 -5.095163 
-424.54633 196.12485 46.983475 11.489153 -36.799454 -20.48156 -30.372446 -10.69138 0.6042161 11.461643 -4.9757714 2.845889 -3.3931189 -5.1710873 -3.2076607 -6.32873 -1.7008134 0.11856389 -9.212585 -5.296725 
-451.46796 173.66026 36.261402 18.603735 -28.336405 -6.534934 -19.09796 2.9557483 -0.13608238 15.49322 -7.679316 2.432662 -9.502583 -5.1752024 -7.823759 -1.8955485 -9.111024 0.6928527 -13.317959 -3.2345114 
-475.47086 149.33923 33.559013 16.78891 3.3610246 13.209123 -14.013769 3.8661358 -5.630831 4.658595 -8.048512 -1.1015173 -6.0375843 -1.6196781 -12.142559 -2.9884105 -8.773906 -3.024635 -10.575611 0.6595915 
-348.79504 122.24365 6.9642215 -4.0267553 14.936818 3.9922152 -3.550182 -8.793883 -12.885386 30.60645 -12.681253 8.962126 -18.091698 -5.039541 -10.286454 0.48004648 -14.97386 -0.68620175 -10.215663 -3.327175 
-389.54254 155.26959 6.679929 11.5854845 4.75511 -6.8351636 -12.890935 -6.713268 -4.0416846 15.560329 -7.1748223 1.117739 -18.4097 -6.7102327 -6.7658005 -4.1391754 -10.725181 -0.24718077 -3.749446 -1.8689668 
-405.84412 155.45459 6.825697 16.633171 12.494245 5.994504 -11.147251 4.806662 -8.236671 1.8555671 -8.59592 -4.0198765 -12.370918 0.91001713 -7.156968 -2.9422002 0.27008915 3.8870358 -7.835531 0.49154028 
-414.8403 112.369675 51.39007 38.671803 3.850847 5.852229 -1.8815131 -5.519685 -14.289745 -2.1894715 -17.153763 -7.839848 -13.916578 1.0690398 -7.244622 0.5704449 -1.341309 3.1975932 -8.199734 5.1350513 
-361.87244 139.11958 16.15568 9.833904 14.675481 -2.7451496 -24.550396 -22.401041 -6.314413 20.825558 -12.481888 -2.710042 -15.381073 9.264892 -7.088179 -3.9742436 -1.9519944 -1.9232216 -12.1264105 3.6530511 
-398.58875 109.86567 51.753418 18.912 5.444429 11.943469 -20.204678 -2.0616899 -4.9409304 7.165768 -15.838248 -3.7195172 -7.70269 6.743099 -6.078094 1.5771295 -6.0194364 -1.5416398 -15.516303 -4.049665 
-356.92145 108.22062 24.313093 4.127888 12.184888 24.258434 -18.69822 0.9523807 -7.4863453 9.559471 -11.512399 -4.2934074 -17.944975 0.6566706 -7.1812253 -1.5722809 -11.787478 0.96447307 -4.1221485 2.7617693 
-395.5004 126.490814 26.21102 53.956394 4.1867847 -13.718605 -9.851039 -7.0320735 -18.927555 -3.2847912 -7.9877176 -1.2003093 -11.3982725 -0.7480776 0.44297865 -1.9663258 -5.2863297 4.84169 -6.4862347 -6.882751 
-404.3215 141.93256 15.060436 27.380714 12.533226 -4.852705 -20.509188 -13.655568 -3.1043658 10.911097 -10.0763035 -0.20992115 -0.8253838 0.07529815 -7.7722225 -4.34499 -4.4033527 -0.984998 -5.39146 -0.46687475 
-420.20572 76.85586 63.28561 21.052067 16.992708 19.988426 -8.858675 12.516659 -8.615662 5.8928204 -13.847652 2.7781475 -11.43439 -2.4498336 -7.6299877 -0.07346349 -7.728664 -2.1824 -10.563456 -1.8628879 
-434.66748 119.06696 47.44998 42.411594 13.948214 4.7684855 -10.89257 1.3137938 -17.294224 5.373911 -18.851488 -4.42862 -4.762365 -1.648869 -10.226551 -2.3189452 -4.1631703 -1.3532693 -10.06597 0.035561323 
-436.84763 168.10707 21.93597 13.9894085 -2.0271487 7.687827 -21.72477 -15.631352 -17.208158 23.677029 1.5830874 4.421725 -16.269953 -7.231035 -9.803793 -0.37792116 -1.7698765 -3.5233884 -7.4790955 -0.26736367 
-447.30084 117.95346 18.265461 38.56011 17.693682 9.858318 -10.256713 7.1462884 -10.149 14.281703 -9.3230915 -1.872537 -9.18639 3.8896632 -4.2747483 1.675271 -8.8346815 -0.25699836 -11.32304 -1.8655592 
-450.90753 125.87155 28.950191 45.313057 7.063191 15.798102 -10.472652 1.5804845 -10.45347 1.3172079 -12.456629 2.0003734 -4.1356664 -4.603961 -9.694574 8.845883 -5.9815264 -2.641433 -6.4460416 1.5710698 
-419.12128 92.69034 44.54631 46.96893 -0.551974 13.91377 -3.232041 0.9420057 -12.996219 0.18397681 -14.44465 -6.6140738 -10.00495 -4.109625 -9.150461 1.1618972 -6.381132 1.8517216 -6.5256786 5.1746836 
-420.3653 147.38327 19.064707 16.33101 3.3834069 11.23802 -27.907314 -8.717993 -4.9787188 19.090225 -6.0388575 -6.898713 -5.3829684 -0.5889171 -13.633979 -3.6703045 -4.8959985 -1.8344443 -6.579486 1.2203081 
-435.98346 165.5919 11.6741 5.187713 13.826042 20.535416 -8.688104 -6.135625 -7.1379414 5.7799377 -7.1942096 -5.617928 -5.275227 -9.827632 -7.4345007 -3.3538055 -5.0029473 -2.3128622 -9.669654 0.36193344 
-415.54086 99.43712 54.664043 10.639286 -4.0486503 27.411528 -9.039114 -3.268434 -2.9570382 4.7600503 -9.11793 4.5764666 -10.211234 1.441542 -12.006336 1.6160848 -6.5037246 -3.5698252 -12.245971 4.1905065 
-399.1391 140.27841 18.352604 0.6259549 11.093466 2.6704922 -24.619072 -1.3104901 -3.4196467 10.035856 -10.114239 -7.602756 -6.576851 4.267895 -10.902386 -7.802949 -3.241228 3.1546588 -11.91614 1.8666368 
-431.67792 153.79016 1.1233813 32.22062 7.014657 -9.287273 -12.266272 7.3044796 -0.7630771 4.035036 -7.24811 0.21249537 -10.041339 -3.408698 -3.5901184 -3.516516 -3.2116144 -2.109065 -7.504759 -0.57301086 
-494.1017 137.52904 12.250259 35.51179 11.895122 16.435505 -5.3540564 7.563831 -1.913029 2.318052 -9.893955 -0.8709037 -1.086721 -0.7502404 -9.375008 -1.282471 -4.0469537 -1.7039895 -9.081251 3.7789829 
-479.79282 164.27602 21.564817 20.41347 -1.9586644 15.777876 -7.4308963 1.8746656 -2.895281 2.957399 -9.711452 -2.3303082 -3.1310217 -6.757237 -6.471618 0.95783097 -3.6155653 2.165694 -5.728994 0.9959514 
-373.72147 141.62625 18.400686 6.4907336 -4.689427 5.0386434 -7.877423 -3.7042966 -9.129717 6.5941978 -2.1022663 6.670407 -10.789191 2.3670712 -9.057911 -5.711292 -12.090125 -3.4837189 -7.4359326 0.34373176 
-369.3155 120.03095 38.721146 25.083363 2.1552124 -11.173616 -4.7508326 -6.572469 -19.676283 -2.8744211 -7.1386337 2.2874358 -12.610267 -1.66039 -7.547932 -4.65248 -11.920913 -4.1598125 -9.418842 3.7034318 
-363.22302 126.81564 -4.712708 38.250965 18.526535 -19.795654 -6.769631 -4.2180786 -6.7032156 10.99227 -22.85131 10.666868 -0.25916168 -12.446711 -2.7142203 -7.156796 -2.6147618 -6.878197 -7.464681 8.612094 
-412.40332 166.24574 20.340603 6.0265484 -6.2971826 4.02259 -8.216286 -5.4361196 -13.146054 0.171143 -5.620424 6.168952 -4.9074097 -8.348209 -9.129854 -6.8002825 -2.3961475 -3.1268528 -7.3937793 -3.8568072 
-425.92996 155.56277 26.675348 15.235175 6.5288677 14.506472 -9.876705 -1.7987872 -11.013539 4.3437495 -10.642384 -0.97787964 -10.4042225 -6.7839875 -5.2770033 -6.4460216 -8.21249 -0.27024004 -2.4538867 -4.340536 
-377.53333 59.45247 48.062225 45.212585 5.6632934 7.727125 -9.551127 -7.423477 -21.717234 19.447151 -23.70741 -2.5060751 0.1607166 1.5406816 -8.352991 3.5117297 -3.4150953 2.1053724 -7.0088725 -1.1662999 
-414.7241 143.75266 17.514042 45.43829 8.579388 6.444994 -6.824132 -7.8772497 -18.356083 7.82385 -23.165144 -5.744296 5.650014 -8.945046 -14.440745 3.260251 0.14406708 -10.046925 -2.581128 1.7332916 
-466.1693 146.19525 22.051975 32.958122 -6.430804 20.953247 -6.115144 12.278113 -5.2806644 2.2282724 -7.1203275 -5.6038914 0.95023084 -1.5440084 -6.9770813 -3.6153102 -8.258072 -2.861307 -4.228016 -1.6407925 
-454.79193 136.52077 22.412079 22.954407 -1.7064567 30.33944 -13.781227 1.9829273 -2.082706 7.6930904 -5.8931904 -5.8047767 -5.434661 -2.7271192 -3.77579 -1.7956395 -9.208828 -2.647629 -9.706322 -2.1848636 
-415.8731 134.15166 28.017199 2.1768615 5.260858 22.194359 -12.935812 1.3999587 -9.366389 2.1894047 -8.461429 4.6708126 -5.325735 -3.7155561 -9.620441 -2.772347 -5.577044 -0.50093865 -8.755166 -2.5920086 
-416.16977 112.55448 55.2928 16.39226 14.475094 18.009678 -23.592321 -2.9996939 -14.047198 3.0288737 -16.956963 -6.8383527 -2.35232 6.6028666 -7.597257 -0.30234706 -3.032421 1.7724162 -9.430254 -0.98720074 
-378.57452 142.15741 14.878102 9.616431 13.69051 0.027446747 -12.333946 -20.059105 -11.253613 22.436876 -8.553977 0.63980806 -7.772376 1.7668736 -5.9122086 -6.4250493 -5.130833 -4.626669 -9.943791 4.0238185 
-405.99042 155.19702 11.483231 6.519397 5.8874836 7.705342 -23.528206 -6.4091606 -7.2472095 21.999859 -4.412975 0.24338934 -7.841167 3.3347845 -11.1695385 -4.824125 -6.9752417 -3.2802017 -5.1173396 4.43082 
-487.76257 163.57582 25.103878 26.424986 7.680625 17.08037 -16.56305 5.0744576 -5.3143597 1.5157645 -9.968971 -5.6244946 -0.86878026 2.0609784 -1.0705944 -4.5467467 -0.4795791 -3.502862 -9.729786 -2.3978572 
-490.37305 138.185 16.231005 29.09787 9.037247 23.112206 -7.730021 9.934059 0.4027909 4.783994 -12.135818 0.78049904 -5.4307766 -2.1740942 -13.220373 0.5802962 -7.444124 0.45205075 -7.95936 3.8530855 
-475.18365 118.045204 36.394756 24.456415 10.100047 23.152952 -3.257848 7.946045 -9.766697 7.4213924 -16.719301 1.1379238 -1.6750654 -1.782142 -8.821419 -2.3408906 -8.775078 -1.0324075 -4.4298573 1.6733541 
-405.4251 95.214455 62.522434 28.460405 10.421434 12.10317 -4.780764 -3.2354555 -26.438091 8.640349 -24.746712 3.8396158 -4.5165052 -4.4594374 -9.767717 6.967665 -1.6660506 -1.6636128 -3.6344767 0.27501214 
-388.6518 83.30557 37.86221 64.910645 -0.91650474 -6.216666 0.1162938 0.4358939 -19.479319 5.5333176 -19.71589 3.1122923 -13.7080345 -1.3474548 -6.4205914 0.19947878 -1.6850128 0.8662256 -7.4794674 0.30757773 
-393.81165 68.58998 55.835434 42.535385 5.2820725 23.055122 -15.767341 2.8462963 -7.3106747 1.4487531 -26.16535 -0.89440507 -4.458214 -4.0500674 -11.073155 10.375138 -2.3036082 -3.4196548 -5.2905917 3.7788315 
-412.80005 76.20108 50.446617 46.718246 4.775749 17.315517 -5.654956 5.2091794 -16.301043 3.662694 -11.077952 -0.9942735 -9.343619 -5.052524 -11.559196 -0.49127218 -3.0405247 0.6783494 -10.355185 2.5494676 
-383.76962 138.00822 14.186138 14.089577 7.909159 7.2614694 -13.74569 -19.086313 -13.106123 23.85278 -6.6712003 4.2655163 -15.499512 -1.543241 -4.2403245 -5.7876644 -2.5577724 -8.256259 -4.2695923 4.895246 
-378.6554 137.69652 19.47445 19.094954 11.951152 4.975115 -15.696213 -16.191862 -7.243552 26.041447 -18.321733 -0.7288703 -9.47756 0.32101187 -7.7065144 -7.6415668 -5.183965 -7.8954577 -0.78477466 0.3649798 
-407.67227 116.840004 30.540836 17.033035 22.091894 8.061044 -14.911331 4.1799636 -4.8263297 8.213979 -16.005394 -5.5691013 -12.958794 0.028583407 -10.266387 -3.4390373 -3.3167992 2.1501126 -9.419657 -2.4302971 
-398.94852 130.39468 17.752575 7.0717983 17.781034 14.100058 -13.84195 6.2584357 -11.094025 5.5951347 -0.92899704 -4.2086673 -17.471666 -2.8640132 -7.231237 -4.604004 -6.624899 2.3051233 -4.5487356 2.09382 
-384.12787 122.51492 17.396833 46.38427 14.594973 0.90760446 -15.646515 -3.3499174 -15.634413 1.386944 -14.044209 -0.3644307 -7.3934674 3.006014 -6.294596 3.1532118 -1.6726807 -0.25751802 -7.4489136 -0.52497935 
-416.1208 73.88022 57.860703 28.834978 4.3830514 29.009867 -17.392366 5.7602987 -3.921062 -0.60948753 -13.260402 -5.777066 -4.317911 2.2809274 -15.308552 6.0191607 -7.3042 -0.99240726 -12.387086 1.9943854 
-406.63794 68.1826 55.57209 40.450706 8.235478 14.782833 -10.97333 8.959683 -11.358146 -3.7269428 -8.27546 -5.0711 -8.397673 0.8664439 -5.810601 7.7272134 -7.4038076 0.03521032 -6.038721 1.7706162 
-439.24255 115.060684 45.9725 35.276173 0.4586061 15.710301 -11.388906 3.008123 -14.655908 -1.685556 -6.8599644 -7.9736447 -11.769675 3.155754 -7.7569437 4.8693433 -5.448793 1.4703679 -6.686217 -1.4803843 
-438.54028 127.149765 30.565643 19.541517 9.573042 17.753931 -6.909192 6.053787 -5.975146 7.791713 -5.5262127 -5.497107 -10.453639 -1.4294771 -10.090286 3.0405183 -7.1132183 1.4487126 -5.572561 -0.055854447 
-485.22943 123.02508 28.532362 28.218466 8.019667 19.903847 -5.1848507 9.296629 -2.6912181 6.7544193 -8.820139 1.4698348 -7.776813 -0.40464625 -10.43997 1.4664626 -8.929067 0.4313625 -8.266859 2.7886043 
-487.02588 135.9645 31.232931 30.192587 11.778689 25.169727 -6.264336 8.049738 -5.3105946 1.6725057 -9.749598 0.48072952 -8.544638 0.6900127 -8.863724 3.5496671 -4.0796857 2.7985392 -7.0392933 2.04597 
-492.63086 127.00632 30.970982 29.445963 14.315572 20.711922 -7.3867745 8.30707 -1.0268233 2.7772322 -10.602132 1.6171937 -9.526638 -1.3420405 -6.945498 1.6063437 -7.300448 -2.8958752 -10.55324 2.7212527 
-506.2808 116.75271 32.58992 27.37861 11.245236 20.218128 4.2217593 10.290111 1.3236448 3.4478366 -12.352969 -7.8853602 -10.78934 -3.5325298 -9.051817 -3.7755888 -7.1967874 -3.2783878 -3.397126 -1.1738166 
