-540.824 152.99101 56.560135 33.228996 7.0661325 15.759552 -7.3496146 9.01923 -15.194658 9.636161 -8.613025 -6.4414577 -2.7745302 -3.8468056 -5.313626 2.1908667 -2.332307 3.7649167 -8.994474 -2.361973 
-458.7366 163.55534 25.039616 42.82882 12.178042 -10.909943 -27.756859 -3.3230376 -10.909005 13.054397 -3.5232718 -10.707211 8.293317 7.6873856 -10.718014 -6.9238553 -1.9164149 5.5504417 -2.1046708 -4.8513002 
-409.84265 142.64948 28.958273 35.994793 9.435638 -14.717747 -16.273739 -8.375971 -10.126731 10.968885 -9.529043 -6.6762013 5.285757 8.058938 -9.496081 -1.9797541 -0.85868746 8.995729 -3.1582918 -6.2371564 
-359.94934 157.14377 -17.44884 33.454422 24.328316 -18.691032 -20.541939 -17.100739 -7.049897 14.548855 -4.5452447 -6.1674557 12.114659 1.3829551 -10.093864 0.25515375 -5.9301343 -1.497279 4.5610104 -1.2140152 
-408.0292 132.12698 19.013113 50.75403 18.360943 -0.48698542 -4.500103 -16.823921 -20.494326 0.6835099 -9.985495 -12.018319 -9.597904 5.119108 4.888635 -5.6260095 -5.651939 16.139076 -1.157538 -7.2539597 
-398.80627 128.76984 13.372545 61.731194 20.066385 -6.7558937 0.7549272 -19.958538 -32.122456 3.6934729 -8.310649 -16.90646 -2.0881987 6.729641 3.8797162 -5.5936966 -2.1329613 13.643208 -2.6562364 -7.9026966 
-421.08478 153.48494 30.066027 31.134155 3.4317517 -8.139467 10.959822 -6.207321 -34.475727 -16.317238 -3.541476 0.6482172 2.793826 1.4014487 -4.689931 -2.5144582 3.4063284 8.938877 2.8646288 3.1699364 
-490.30383 165.78044 37.1501 36.08743 7.0120335 -0.64921594 6.438156 8.040203 -27.619072 -9.446635 -13.825068 -8.86446 -0.19830337 -6.300947 -0.29457146 7.8404016 -1.5379164 -1.8253691 -3.6058345 7.8885794 
-426.48993 137.06197 25.285566 47.505657 12.423988 -1.9235024 -9.703806 -16.182034 -22.479488 0.52418256 -11.052492 -4.1802917 -6.577763 1.4622958 6.4096746 0.7740878 -6.9112215 10.672859 1.6739864 -7.3873835 
-387.9204 178.10286 -18.328585 24.669334 -5.4766655 -23.052092 -2.2992504 -11.966601 -28.709316 8.497934 15.276447 4.224815 -1.1119145 -9.622543 -3.6705797 6.7411585 -9.517995 -1.5132766 0.97041553 -6.642687 
-449.90894 118.20345 39.931046 42.10963 11.526385 12.646064 -3.218329 -8.86931 -20.140182 -1.7348056 -3.6689978 -2.673715 -7.446468 -9.301523 -1.7273178 5.898341 -6.0316477 8.188978 -1.3338162 0.12566869 
-443.62408 135.01978 33.549328 34.703598 9.086544 -3.5234654 10.369 -9.323527 -32.61131 -1.4443156 -0.881531 -4.358303 1.5283701 -0.74613786 -2.6933641 4.8208966 0.6995867 -1.999567 -3.4045248 -0.92121387 
-457.35895 117.781685 53.572147 43.856766 0.76500255 5.438246 7.811781 7.807468 -32.100716 -2.6165361 -8.06041 -14.418949 -7.9831085 6.787077 0.35780036 1.0012048 -0.3853241 8.38962 -4.9510846 -1.7165134 
-456.18262 129.23744 51.815685 42.89094 -2.8486216 6.451084 -8.467346 14.431868 -30.287018 -5.728409 -4.922677 -10.90997 -10.596076 -4.1157007 5.373716 -7.103941 -4.0107403 6.500479 0.11578727 1.1473756 
-520.58215 162.61856 30.69662 50.937477 7.47156 18.110935 -5.5289097 2.947779 -16.952827 -1.5686326 -8.954844 -10.283986 -0.015273677 -8.277764 -3.387883 2.9925866 7.290946 1.7272567 -0.007413546 4.608916 
-516.27484 120.24403 50.198566 61.105103 1.8003578 21.932922 8.423469 3.405633 -6.728933 3.9232352 -9.423455 -3.726404 -9.711685 -3.1967154 -7.242552 2.2410243 -0.015652286 3.8481157 -5.9560595 -4.4193096 
-494.75656 174.83127 30.554012 27.787374 -0.9080467 12.887135 6.7023706 -2.246878 -22.982449 4.4584117 -2.9225035 1.2121274 -0.7917061 -3.6841571 -2.4336438 -2.0982957 -0.62980187 2.7726138 -4.5074415 1.4362382 
-471.13852 187.93073 44.748535 17.689453 -29.595463 -5.081305 8.459907 5.1282516 -20.093868 -0.0998772 -9.526718 -0.34651935 7.3443823 4.545151 -5.8844757 -7.5525513 -10.043857 2.5191078 -7.8875446 7.539633 
-445.7443 102.84932 44.96149 44.667496 12.3810005 10.822468 -12.586811 7.231224 -12.433717 6.0257277 -2.276282 -12.893009 -4.7722583 10.204187 -4.528876 2.9181757 -5.5080924 9.244587 -1.1592331 -0.6243842 
-412.61142 171.12787 2.9115996 44.65125 14.088439 11.693592 -26.155657 -14.108952 -23.36694 -1.9388103 0.3691738 -22.001535 9.773627 8.554987 -2.2807481 4.1849365 0.305299 -1.7483437 8.223763 2.5623333 
-420.77 176.499 23.02932 28.354776 1.3199008 -1.160666 -1.6106339 -13.9367285 -28.01725 -6.2358236 2.6249926 -8.461797 3.1519055 5.320589 7.069681 -2.4483867 -1.7634586 2.9460962 2.5457795 -4.424242 
-459.72818 137.12294 38.159023 43.275288 8.622391 7.7844486 -6.824124 13.814526 -21.816998 -8.417995 4.337398 -3.2032478 -4.4712677 1.9938341 5.9269 1.0249102 2.6132038 8.1272 -2.8572707 -2.4643965 
-440.26456 147.1725 11.804134 66.459785 33.566124 -6.263898 -13.065526 1.0188785 -24.944393 -12.159971 -5.344748 -16.961456 0.07454152 6.9283886 -2.3841834 -6.2696247 8.357612 -1.9463931 -5.377189 1.1248784 
-429.29153 201.79288 15.433502 27.605398 -17.643097 -28.266188 -2.9418879 2.382152 -33.038486 -5.4112816 -2.6131418 -6.656432 5.0391006 2.2391224 7.8813443 1.1273646 4.036112 -2.8298047 -6.8884525 -3.9141169 
-473.1411 197.33897 40.97705 39.06041 -21.556664 -7.294949 4.0136204 12.862359 -27.23441 -15.462958 -10.850023 -12.836997 -0.5091867 3.4588416 11.39776 1.6893559 1.902225 4.150569 2.186279 -1.1609793 
-468.61398 129.33374 37.570457 49.733437 14.935283 6.431986 -4.5673018 -3.9057546 -23.402733 -5.987005 -4.831538 -16.02418 -8.089815 7.4532223 -6.0571423 0.24989255 5.259361 8.357921 -5.3751783 -1.8846449 
-391.18896 153.91116 -1.1629901 52.663948 17.802532 -13.635676 -14.076538 -18.445152 -22.360876 -2.9944863 2.989475 -22.527134 11.983315 19.004585 -1.7207707 -7.3531427 5.1285734 0.3645623 2.0927522 -9.897331 
-474.53195 158.34865 18.973917 41.488293 22.667852 4.981569 -9.2125635 -10.812786 -11.123433 7.8428116 -4.717276 -16.121687 9.623485 7.991417 5.53975 -5.151167 0.38576722 4.490048 -4.1407375 -7.8871403 
-540.3455 152.06776 18.841354 51.317432 19.688917 22.101528 -11.542919 14.065472 -4.2301145 0.86447424 -2.8122265 -4.717407 -5.879793 8.122732 0.16840595 -3.3432527 1.9350953 3.7322092 -5.1688824 2.3196201 
-555.56824 158.51248 26.849892 46.675865 11.937037 28.595778 -16.919188 14.927236 -3.8992162 1.716289 -5.2118745 -6.1735086 -12.466401 -1.2082435 3.1525154 -2.3567216 0.9994567 4.120948 -2.9103384 -5.126237 
-557.3469 157.2543 48.464203 35.76538 12.030796 21.605095 -4.641802 8.896648 -12.867544 12.816782 -1.4555073 -5.546101 -6.520912 -1.8546872 1.2800835 -0.5342236 -4.73908 6.4963355 -2.9740736 -0.9845848 
-350.601 177.99638 -13.469954 19.366604 -16.36665 -30.151987 9.3805065 -2.484643 -31.197828 6.1229954 7.023302 -0.16684978 8.428798 6.9577026 -8.324329 -14.033202 -6.2227607 -1.3404492 3.214254 -4.813247 
-411.70032 195.02142 1.0226653 21.34678 -30.013084 -19.693048 22.093895 -0.8737524 -37.230114 7.330549 3.0657637 -0.25016117 12.240718 4.657157 -2.6729398 -12.483511 0.42989424 -2.0220187 -1.9538907 -4.245722 
-429.90076 96.03746 54.03459 43.818882 9.776577 13.194263 6.225573 -9.345265 -17.741695 -1.1053255 -5.8814197 -12.102446 -13.024953 13.176187 2.4626753 -5.368586 -3.4776983 9.230607 -6.6892886 0.56774783 
-432.30664 96.52647 63.36431 40.61665 12.024616 4.7865796 4.220049 3.4205697 -36.142784 12.1121025 -3.9655886 -1.9435637 -9.4050865 9.682963 -4.8752646 6.0628557 1.0596411 10.597887 -4.1943808 2.5540917 
-405.50208 171.99362 5.3963675 35.70219 21.13907 -18.676834 -11.400201 -6.021162 -39.732143 1.4337153 10.970677 -9.522602 1.3781803 11.537118 3.3834057 -0.011874411 -3.1514993 -4.4937797 8.879471 -6.0936728 
-420.59363 175.70053 3.9822922 47.407585 20.888432 -16.028131 -2.8541129 -17.60302 -35.86139 8.049527 6.4760795 -14.354662 2.221749 8.713127 12.664559 -4.906605 -2.5962837 1.7811124 7.885171 -7.640459 
-466.11615 154.4228 23.184654 46.0917 19.049503 0.9514603 -5.876525 -13.111149 -21.994226 3.4723635 4.9170327 -14.662231 -2.695146 6.4554496 7.3581467 -2.0144873 -1.4179643 4.478527 -1.3291507 -2.3472292 
-372.62262 166.48616 10.908735 31.874733 -15.408688 -4.8894906 3.6696603 -7.34375 -32.84589 -9.878903 2.486127 -1.873594 3.380753 4.4895134 0.59183246 -2.595376 0.07411202 3.030612 5.65208 -9.968084 
-405.91568 148.75943 20.630035 49.294193 7.990643 5.820632 5.46158 -7.6101685 -33.727135 -10.557609 5.082523 -18.06427 -6.9205976 7.931185 7.489419 -3.7068617 5.094706 5.8159723 2.6158895 -0.92387676 
-435.76608 98.338615 44.416645 44.84161 11.888957 13.279542 8.703495 -9.890003 -13.298634 -5.8943806 -0.8621149 -11.142475 -11.996008 6.9486203 2.8383322 0.3792659 -4.720148 6.69365 -6.6488 -0.4420938 
-403.6604 88.83249 49.40254 55.64528 18.890587 5.0220175 4.0101547 4.201038 -20.836142 11.258815 -1.795348 -6.690691 -10.053959 9.955746 -1.0103058 -6.7415204 -7.3085446 10.385974 -4.031805 -8.120158 
-426.8221 138.8672 31.858585 46.24151 24.042265 13.259212 -23.794346 7.6570425 -10.234267 -0.25336212 -13.582937 -5.5405927 -1.2520158 9.361815 -4.4517727 2.23435 3.6716526 6.659217 -3.6701138 6.8616757 
-408.48328 162.00127 5.734181 35.74216 10.511348 -3.2110906 -9.220348 -16.369415 -29.85083 -3.9367497 4.9937663 -1.430635 2.96052 -0.6995892 7.3583627 2.8317392 -8.26637 2.4038675 2.9300337 -2.5077403 
-516.3559 172.0379 27.253347 50.76619 14.738569 24.340641 -3.6571362 -0.7327397 -16.487827 -3.9088507 0.91134304 -7.784885 -9.9041395 -8.557562 11.458419 -3.4709044 1.0401227 4.1261787 -0.28121662 -2.9120064 
-513.63184 144.14008 36.4584 42.272755 22.966259 5.4894624 -4.015124 2.7039137 -20.313702 1.728184 -2.0094502 -11.288826 -9.21459 1.083096 -2.6992455 -3.8377228 0.8776182 3.1325078 -0.16421832 2.1279216 
-479.99207 167.72626 22.240742 52.927692 26.211914 -2.0675986 -5.6522593 -6.2358923 -34.848698 6.6438375 -4.1240087 -20.943552 -9.01418 3.8804545 7.0319767 -12.323452 1.2577138 3.5766797 3.5821424 1.0472434 
-466.01355 119.288506 41.4007 69.65567 12.544047 0.2831745 -2.343038 -7.2545567 -29.50215 12.417776 -12.241493 -16.911327 -8.373976 3.598899 -5.1988626 -5.099776 1.166356 10.615148 -1.2952653 -3.3648639 
-418.59515 102.66851 41.55675 57.63113 5.5303807 1.6761646 -5.372599 -12.46438 -26.959068 15.175108 -10.998891 -12.094426 0.9544313 11.631235 -0.9097026 -6.8066807 1.6092464 8.989528 -1.6025854 -7.5249457 
-442.6947 150.71895 29.44342 24.730057 -7.480294 7.307495 -7.8297634 -2.9033175 -23.000261 5.9686995 -1.3877319 0.7641438 -6.9356422 -3.6917577 -3.5700908 -2.6366405 -3.31462 5.558663 -7.4359436 -1.4518241 
-451.15594 162.38916 -11.799284 85.94387 35.425316 -27.656404 -3.4603205 -11.136013 -26.696438 -2.8008482 -12.308319 -32.88576 12.340873 4.6389313 -6.2231555 -10.848637 12.2710285 6.001436 -2.5958223 -3.0420506 
-492.7812 141.05153 28.626835 53.223614 14.983058 4.512968 -1.5846125 -5.3131986 -14.967616 1.4791018 -11.793233 -17.356207 -3.5584323 -0.40549344 2.6754575 -5.4657106 2.1309037 8.877957 0.23627625 -3.4001048 
-424.62735 95.32201 26.994125 72.62291 10.599155 -1.0322465 -12.1318 -9.588859 -23.06665 6.0441537 -17.68684 -14.017166 1.7679558 9.141952 -8.315752 1.8288187 8.52704 6.663393 -4.18872 -2.683907 
-423.29147 190.42162 -0.45921993 23.423227 5.820932 -10.321779 -9.010224 -12.075485 -20.999203 -9.697224 5.273202 0.47375882 9.543964 -5.412443 0.64153343 1.8210269 6.2691126 -6.5018587 7.5427594 -5.362616 
-477.7883 187.16278 11.081787 41.11254 15.590201 -4.36103 -1.1258289 -9.232006 -47.601337 -11.57485 6.4729595 -7.8489704 2.0924883 -8.922393 7.0398173 7.24341 5.305463 -2.869341 5.6373806 -4.8621507 
-519.86646 181.12338 31.763502 33.83381 11.562446 7.24788 -5.6883554 -8.371559 -29.94357 -8.971742 5.3952436 -0.43396705 0.5114567 -13.561525 7.2219706 2.8497343 2.9708455 -3.8354924 -1.9215446 -7.3921947 
-584.05524 169.01237 44.325405 25.580652 3.4662404 30.420145 -14.256446 6.8068438 -14.09383 3.008556 -7.5043774 -3.9533072 -4.02011 -9.474474 4.7782445 2.2424283 -2.7276957 0.6634805 -7.2416816 1.9895717 
-545.62256 166.31079 37.85945 46.567017 -6.0442963 20.968132 -2.7143147 7.2276664 -10.27071 4.3233023 -3.9622242 -2.7890294 8.847158 -8.361702 -4.8764987 -2.8093479 -1.2292571 0.17918427 0.2211775 -1.0792967 
-458.76724 202.8728 0.3000395 30.287062 -27.753565 -15.888066 14.934642 12.376994 -42.80928 4.331953 5.32598 6.523943 21.786507 2.8615403 -10.525762 -13.880245 -1.9594699 1.1202583 2.9330711 -11.009365 
-493.10526 183.37273 22.820274 36.39698 -5.222501 1.7036813 9.016834 3.7930064 -40.88017 -4.969202 3.268715 1.7325293 9.028931 -0.38210583 -3.0813231 -0.9381349 -0.7433897 2.697019 -2.4567442 -7.986311 
-467.0013 141.4713 41.10115 44.588314 3.7909377 -8.010143 3.062358 9.912244 -26.231762 -0.9594322 -1.7705218 -3.6867015 1.0563844 1.6808038 -0.07191626 -1.5883582 1.8693433 4.5589156 -6.4192986 -4.130575 
-468.1372 86.30317 47.719437 67.67157 14.9907875 1.4693794 -3.3470883 12.143521 -27.462734 14.267964 -17.245989 -13.383495 -6.855793 8.663699 -16.587105 0.7650318 9.301592 5.2727575 -13.846819 3.591039 
-468.0824 137.24864 35.889736 39.921864 10.662128 2.799063 -12.760989 -12.1323805 -15.317128 -1.2620214 -1.5968752 -1.5759873 -0.9163238 6.836645 -2.5438373 -2.8987706 -7.116026 4.640121 1.5708269 -6.4515777 
-566.37683 167.66946 38.7012 31.382744 11.048415 29.681004 -6.616978 9.94703 -8.722581 7.530732 -6.3329773 -10.112373 -7.0226297 -5.607776 3.7775836 -0.99283177 -0.049226455 2.0966425 -4.7722225 -0.8198588 
-562.9076 170.66882 38.557617 33.931778 13.123615 24.32362 -13.488256 6.7463546 -10.119121 2.395818 -8.251018 -4.8208027 -2.5186877 1.1932714 5.1761665 0.78667045 -0.60212016 -1.319496 -5.0718455 -2.98971 
-500.02966 123.30934 42.094032 37.839104 23.913101 1.5937825 -5.0798893 5.2896705 -17.563173 11.160091 -4.0108604 -5.4073153 -4.8653116 5.760713 -7.797672 2.2516832 -0.84379554 2.7807934 -5.5747237 -3.3447747 
-530.00354 177.59567 51.36411 18.675734 -0.20680915 13.096749 -6.503739 7.0029716 -20.693352 -1.1624006 -13.636808 -6.6513114 -0.52376163 -1.980163 3.963828 2.710387 -3.3077745 -0.7753422 0.7881652 1.0270853 
-573.6544 168.44907 42.724205 25.668953 9.328963 32.12559 -8.101011 6.969531 -10.476878 4.5949016 -8.295275 -5.1761837 -3.6755612 -8.886661 -0.018898169 1.2664151 -0.84842247 0.9290726 -6.8228703 -0.09387091 
-570.3679 161.8683 42.6845 31.798807 7.08838 33.58878 -9.211023 9.299068 -10.137203 6.291691 -6.413796 -2.940696 -4.7074647 -14.648685 -0.7847463 0.79189754 2.1458035 0.09736708 -7.208034 0.06931412 
-583.1248 168.08566 45.46433 30.90854 4.8114085 32.93199 -9.013772 14.858154 -9.132784 3.9938848 -7.691349 -3.7977316 -3.2029681 -14.053489 -2.479151 -2.134804 -1.3499708 0.16705084 -7.559968 -0.23105912 
