-291.30112 121.669106 -19.021646 15.789605 3.653291 20.073185 -9.515925 5.081123 -18.314396 7.5841045 -8.235865 12.26894 -0.10866377 -12.052361 -18.308912 2.0732136 -13.588285 2.0837932 -14.687478 1.2015262 
-163.79457 110.26298 -7.097597 15.913832 -17.8721 5.8771377 -8.657824 -12.8457985 -44.572422 12.595745 -11.957623 8.296877 3.569295 -8.50061 -19.746532 1.6642066 -15.588614 3.9848328 -9.835392 -4.9050045 
-185.4985 132.75665 9.698021 18.952469 -19.829475 -0.6142573 -9.844379 -11.422294 -43.018772 -0.39097163 -16.405525 16.04055 4.412898 -6.6319737 -19.141937 0.019170417 -20.328426 2.7841024 -5.1223397 -6.8741837 
-261.96716 150.44672 -3.209167 19.946758 0.5434772 16.446945 -4.778655 -7.470894 -27.940882 13.0201025 -13.836227 11.878126 4.430197 -13.337865 -14.462245 5.840414 -11.679372 8.286372 -3.6443727 -7.8678045 
-267.16003 136.18727 6.055167 45.627655 4.603074 8.506903 -4.2204685 -12.249136 -37.404675 1.1386622 -13.628246 11.578713 7.0036535 -5.886293 -13.90646 8.580233 -4.2883997 2.9639335 -4.296538 -11.677998 
-271.22006 46.551426 51.32216 58.70737 -2.739074 38.769947 -27.933626 4.996063 -18.09888 10.550201 -29.473341 1.4178495 -3.4911292 -0.92037624 -12.675991 8.846383 -14.206494 11.285036 -5.0386615 -9.739066 
-302.9497 95.93526 21.692795 76.33414 24.337301 8.285976 -27.781395 1.7156675 -16.419687 1.2652899 -39.71688 -0.19175728 0.23286428 -8.586155 -18.46946 6.181122 -9.694429 6.490615 -4.8323035 -3.7394736 
-287.2152 165.22598 -17.883436 18.333664 2.8293207 -4.792947 -14.446827 -8.568455 -21.076939 14.97514 -17.8956 11.745198 13.662072 -7.2371836 -18.46849 5.0138817 -16.757254 -8.636336 -2.8793 6.389707 
-332.70694 144.89278 -6.4397445 54.218044 24.927044 -3.7840576 -22.865236 -15.389282 -9.090801 8.440929 -22.754911 -1.7394365 3.5520694 3.178275 -15.479244 10.194976 -11.612119 4.7095637 -5.7523246 -7.7390985 
-418.21045 136.69461 12.893459 35.364014 9.826335 10.435696 -11.286952 12.408088 -8.999246 9.0162735 -15.167211 4.614109 -1.484838 1.4508693 -12.177933 5.7405868 -11.899139 4.614413 -6.6706133 -2.5326555 
-279.74026 147.85912 -31.432577 33.556778 10.37679 -1.8456302 -18.169466 -11.781206 -18.064491 20.793386 -1.8768739 6.362275 0.99010223 -8.234707 -8.308319 -1.7537112 -14.64898 1.0500488 -6.1443596 5.232996 
-257.15808 170.445 -26.72805 23.95104 4.566769 -9.266041 -17.17118 -22.702568 -23.277683 18.08952 -20.725023 6.9564013 13.85718 -13.280823 -11.993973 2.4102733 -14.296195 -4.525125 -2.1164384 3.4207735 
-268.83142 117.41713 22.498606 37.841263 1.7656133 15.887508 -21.098345 -16.468275 -29.010916 8.606081 -15.871924 7.353791 4.5549335 -0.016351065 -13.981717 10.851559 -14.663944 -0.048889 -2.1999047 -4.709757 
-368.38782 149.87239 33.956093 40.63655 7.522756 4.0242887 -11.609179 -2.2732751 -18.290276 0.7626083 -17.309244 1.5257144 -5.083628 -6.386114 -10.985563 0.14136283 -13.992596 3.1224444 -6.3260465 -6.3894277 
-395.11047 140.71233 19.526442 34.42955 3.9647985 8.181216 -3.8426561 5.667913 -18.670176 8.298937 -16.469368 3.7557745 3.4637747 3.403916 -7.6367817 5.6164536 -16.072454 2.5869904 -5.610094 -1.1100864 
-280.19452 169.60777 -23.195276 26.065151 -8.935193 -10.612803 11.866313 -6.6315894 -20.394083 9.074238 -10.735702 13.593365 5.415411 -10.58309 -21.115744 -1.9941036 -12.673718 3.05297 -2.260697 10.20753 
-295.39633 143.02826 9.144373 32.75084 19.199926 13.14906 -4.345834 -9.579502 -14.623859 6.386933 -16.068153 8.920212 -0.82127464 -8.754733 -5.956053 1.6193306 -13.383714 -1.2483779 -6.787938 -0.6177051 
-280.5453 97.50249 22.299297 47.38652 10.9836 17.547407 -12.781182 -13.250286 -15.886913 9.932905 -25.175776 -2.717199 -8.512466 -3.4952753 -13.567501 7.8279824 -18.184378 -0.96397674 0.95701814 -3.6096659 
-222.72975 109.627975 13.659545 30.64706 4.855118 10.880508 -23.814978 -16.81301 -35.28777 4.796558 -20.25969 7.5006537 3.251957 -6.6033306 -12.928084 14.132722 -15.605935 -3.643752 3.4772859 -1.7899367 
-315.3847 132.32147 1.4341071 27.082565 9.75942 13.126095 -16.884512 -7.492898 -20.839571 4.6320477 -12.103472 -0.27420938 2.7979028 -5.877183 -10.245189 4.0860367 -10.066279 -1.339632 -3.2711186 -4.1311083 
-211.08302 160.81654 -39.50529 27.117548 6.1786156 -3.9586377 -16.753548 -17.645617 -29.830544 16.47907 -16.528694 7.0563726 2.0040836 -11.904503 -22.36743 3.5306277 -9.535415 -11.80618 7.564655 0.4527964 
-226.64302 117.96864 -7.8044825 56.384384 12.864316 -0.25908333 -21.456285 -14.883338 -25.01148 11.060861 -25.500536 -2.1508453 4.6276617 -6.672271 -12.05918 6.2589355 -10.148491 5.7435613 -0.6336032 -3.934148 
-266.59265 122.49215 -6.98911 42.42153 11.0964775 -4.3058395 0.15045124 -6.866587 -28.542196 4.439513 -25.632751 4.411139 9.878383 -14.671923 -20.607159 5.875121 -7.701382 2.2795913 -4.168618 -7.3586698 
-260.76767 70.88322 23.36095 74.05008 8.49775 10.230891 -18.589943 -2.328824 -17.399368 3.6602716 -39.881504 -0.31892273 -0.26514944 -5.2850857 -10.838806 12.049908 -8.326048 8.384091 -8.470566 -3.722011 
-317.05194 106.83645 25.416256 53.355198 19.99824 19.877796 -29.258558 -3.4846895 -14.671614 7.3393283 -24.93014 -1.4401965 5.348306 -0.72932655 -4.9652233 5.9046564 -14.636276 8.84387 -1.5562938 -6.6621914 
-271.21695 121.65602 -5.0361733 46.75598 5.7177935 15.760454 -8.571714 -11.618728 -17.822533 15.862272 -16.625118 3.9309115 5.8249497 -11.905101 -12.60063 6.3475776 -12.003879 2.3614335 -4.480162 -4.889329 
-304.60995 106.17432 20.622166 49.763382 18.454943 21.890718 -33.174973 -13.320797 -16.509499 1.9979362 -32.022453 0.10406706 -0.80487037 -6.0348186 -0.53638 6.389889 -12.672124 4.0917087 0.83898634 -5.725257 
-287.41772 82.68093 34.916477 41.387646 27.99336 14.810442 -26.40978 -10.16344 -10.068873 9.05343 -29.953587 2.7736654 2.2739463 -5.0546427 -12.046088 10.314307 -20.003407 6.4130435 -3.460968 -7.945938 
-337.60034 125.891815 27.190582 50.082096 20.442144 4.217635 -5.028906 1.9524091 -16.872341 8.648478 -32.827538 -1.6152225 -1.1955545 -11.720238 -15.366448 5.4506626 -9.51166 1.2553357 -3.429263 -4.279365 
-280.2423 125.38565 21.076473 41.435997 13.002717 3.2579834 -6.817665 -0.8469428 -22.301702 -2.099621 -39.64311 0.5741089 5.774048 -12.184078 -10.151867 7.167634 -8.586389 3.7139559 -4.196532 1.2723614 
-283.1363 144.56737 -8.642303 33.45087 14.119564 6.680203 -18.919792 -12.217948 -19.043938 7.640989 -20.434036 7.5295587 6.51286 -11.207219 -10.798624 1.8036891 -14.895447 2.8691912 -5.6017733 5.0108747 
-279.30203 172.98831 -5.261147 32.921593 -15.621214 -4.627713 -4.0713196 -13.198544 -25.905054 10.476218 -17.961597 26.162075 18.095026 -16.311226 -20.515917 6.469887 -15.992257 -0.7180523 -0.290895 -0.5730718 
-335.061 107.40653 22.765547 54.536255 2.3684938 12.699168 -15.115297 4.1627827 -12.381006 11.755386 -22.616875 6.7818265 1.4091731 -0.6606241 -18.00375 4.620421 -12.543849 3.744177 -6.718096 -6.9057064 
-331.16946 102.33765 31.875254 40.20782 3.8708835 27.434124 -21.053719 -2.4509785 -15.182746 13.486826 -13.066719 7.9013085 -7.364687 4.196626 -9.452106 7.3249307 -17.97277 3.455876 -5.9589996 -4.080477 
-399.1041 130.1768 16.348831 37.43634 11.38895 18.798065 -13.112128 6.893024 -9.551759 11.95762 -10.66074 2.494126 -7.5108294 4.467192 -10.745484 2.5921962 -14.877143 1.8949023 -10.707541 -3.8477037 
-381.4613 116.05528 4.5058355 38.388523 13.463137 21.80269 -18.028856 7.617319 -9.99712 20.448435 -20.271637 2.2854059 -3.879796 8.544288 -13.719299 11.826907 -14.64033 8.331554 -0.0083720945 -6.2602015 
-407.17822 139.44675 12.262329 36.66954 13.62419 9.657172 -5.986028 6.63515 -12.335835 6.8721094 -10.808882 4.2921786 -1.3059874 0.42351785 -5.177435 8.57344 -9.731573 4.708301 -7.2311344 -2.8269243 
-256.828 168.80293 -31.694664 27.359865 -1.3789605 -1.9217322 8.949506 -12.746754 -23.77499 6.020363 1.5773292 15.756373 3.719552 -13.420254 -26.018383 -5.5031843 -8.577769 4.2664595 2.3325415 -0.91297656 
-325.0874 171.67776 23.954103 31.952389 4.3425813 -8.833985 -4.819301 1.7743975 -25.178183 3.5980673 -20.187592 3.3482492 4.466702 -7.9716053 -5.6701756 4.572608 -12.46438 1.9255414 -0.4605003 -2.426625 
-280.45065 149.32231 -0.868376 37.901726 20.6286 3.546107 -9.838268 -11.826575 -19.850988 6.043724 -21.810253 6.314645 4.9611206 -12.873244 -5.1403365 -0.09858719 -17.485558 2.921735 -0.9822513 -2.9754725 
-236.37689 130.93513 -8.493649 39.87428 18.72423 -6.0895166 -31.007545 -26.571037 -27.228987 7.893003 -16.769073 6.4225636 3.2504115 -6.2115207 0.26973322 2.2962904 -15.601719 -0.8497532 3.627499 -4.449246 
-278.5922 130.76706 -0.47556114 51.7815 30.764523 1.2595341 -24.499586 -8.4345255 -22.530602 6.5868278 -30.647007 -3.2377717 4.6631885 0.7661723 -12.308015 6.806405 -16.490229 1.7678385 -1.334453 -5.0243526 
-263.065 151.20396 -20.708456 41.901905 15.511146 7.331339 -20.875734 -12.106155 -25.124657 10.8483305 -19.487669 5.688223 -0.03573725 -9.015657 -20.22586 8.108372 -17.582767 1.7659297 -6.7752132 -2.6725297 
-307.31696 151.15695 -0.9461444 41.446667 24.723991 9.549365 -17.204994 -7.139494 -14.355062 -0.9016715 -30.600277 13.310151 2.6273682 -8.703876 -9.440795 5.6688704 -15.996867 4.1116886 -4.204206 -2.700351 
-311.40036 169.50418 -22.60057 38.736042 12.646644 10.578326 0.68218106 -12.487167 -22.98397 9.93575 -18.030102 14.675747 1.9254475 -27.77431 -10.439587 -0.504845 -10.732059 2.0352018 -5.46776 5.2789826 
-288.19904 147.98782 -32.15578 52.900906 20.494137 -6.743899 -27.196669 -25.006823 -3.263964 15.20379 -16.183292 12.421913 6.0248094 -3.1372159 -13.816316 -4.8553314 -17.912209 1.7803911 4.933462 -0.77656376 
-301.80554 55.294193 35.426105 62.204903 2.481194 17.98708 -16.977638 5.3568587 -11.438037 -0.6214043 -30.271519 4.2375107 -1.3226824 -6.0139856 -9.035932 11.265226 -17.55091 7.562791 -11.263803 -3.1675978 
-277.62302 95.58505 25.043007 46.887775 7.92294 21.25837 -25.925575 -10.656201 -15.321001 10.917296 -20.28087 3.368743 -2.6294925 -4.487754 -1.7595444 5.240242 -23.066242 1.0497918 -4.8435373 -5.0291924 
-386.7909 138.1118 12.562458 42.88916 18.988523 13.7785015 -11.344134 1.7808369 -11.119947 6.5195217 -15.984824 2.8072224 -7.2926755 -3.2609282 -3.0701647 4.876699 -15.773655 0.747866 -7.6046505 -1.2189748 
-397.22986 116.822296 9.325226 37.95478 15.914453 17.890743 -12.405147 3.726793 -4.5499134 16.32798 -21.924416 6.136093 -4.490732 2.8615263 -7.0699787 3.0623722 -15.200511 11.700666 -8.803083 -1.795759 
-330.24402 123.50141 7.906896 35.803116 16.3223 3.8120947 -20.849684 -7.9629464 -16.254797 7.1720114 -10.300271 4.836684 3.4719617 -3.456067 -1.6557511 0.21111685 -16.969814 2.7837021 -7.343073 -0.13388777 
-239.43378 75.11961 12.970091 50.218723 21.70342 -0.24484009 -35.571243 2.8398366 -19.852106 14.261498 -30.42138 -2.3281853 -0.5097186 -3.101882 -12.27298 5.484332 -14.651949 5.878669 -9.059465 -9.522678 
-281.8576 125.881744 -10.971305 55.698124 55.052868 1.6360847 -35.223587 -0.55293083 -16.84356 12.931181 -45.44502 -13.991453 4.048787 -1.6250762 -19.011732 -2.537991 2.7639952 -5.418999 -6.0588675 -8.759824 
-363.621 140.6791 13.224575 45.44699 34.725933 7.3324637 -15.2976265 2.9566908 -7.195248 7.842536 -25.107971 -11.503048 -0.05151643 -4.2723064 -17.914038 -2.5506308 -3.9944415 -1.2503612 -5.9632015 -2.2620864 
-404.3006 123.32903 18.797157 38.168926 14.856215 9.722172 -14.051472 7.0373406 -11.98476 11.046668 -14.826116 1.9179041 1.2982539 1.2792444 -8.76244 0.90110385 -11.169482 3.0301285 -10.557047 -1.9138107 
-326.52112 100.32598 26.415592 41.308327 19.669718 18.196999 -14.4039 -8.106413 -16.967707 12.781246 -25.312063 -2.2032423 0.767175 -8.239055 -9.921544 11.327261 -13.586916 2.7559705 -1.765161 -4.341953 
-292.26917 67.77172 61.109306 30.216652 21.418121 34.534294 -29.008553 -0.92058647 -16.458845 7.836635 -22.973936 -1.3207896 -13.953513 -3.0691175 -7.0710917 3.9760883 -24.834145 6.6644764 -0.6199917 -1.0716275 
-223.05096 121.61886 1.2779088 32.223415 15.510746 4.7515583 -35.63234 -25.349754 -17.069616 10.081009 -19.208492 13.345898 2.2188015 -3.7641513 -0.8636549 -0.008818944 -24.884676 -1.6277425 -4.86287 2.0939746 
-247.06274 99.71319 24.131857 52.123917 5.945695 11.056969 -17.074562 -10.066659 -27.586473 -3.9928648 -32.92372 1.2212385 6.2855067 -11.988384 -7.061854 9.55852 -15.158059 7.486931 -2.4725924 -5.9667215 
-219.39917 91.439064 1.994158 70.27895 10.463718 4.683062 -35.091568 -11.536976 -15.170031 8.495578 -27.657843 3.407863 3.0754209 -7.8183956 -13.777742 1.7971263 -14.57048 8.625771 -7.096688 -6.926882 
-289.34686 155.56485 -24.379095 34.34424 11.711734 -4.554783 -23.33147 -19.062212 -4.767032 24.014511 -13.360502 3.1028218 5.3316855 -6.7226954 -10.021084 -0.13869026 -18.671482 -4.302354 -0.5529176 0.79437035 
-341.02896 162.75256 17.819618 34.277077 14.722534 4.736671 -12.7432995 -24.605513 -25.375954 2.9316533 -27.41874 6.571847 12.142844 -9.301422 -13.698066 14.100978 -9.85816 4.174005 -1.4835262 0.39153087 
-334.06277 170.47076 5.138524 23.622452 -8.281803 -10.858269 -7.7814627 -6.5007706 -13.272769 6.992983 -13.660785 13.681074 14.56073 -9.872265 -19.297565 6.7274647 -16.7364 -4.1657834 -2.3547838 1.209173 
-296.20596 144.88852 -14.123426 36.76402 7.7468743 9.624549 -4.298252 -19.464241 -15.772003 14.818525 -10.779705 7.9509363 0.03285534 -16.396683 -6.5076566 10.360147 -24.110481 4.861324 -2.522497 -3.6146452 
-373.44272 109.98963 22.981255 41.430588 -2.322035 19.93226 -10.738059 5.099666 -6.0506654 13.157743 -12.828783 4.295104 -1.1842438 -1.598426 -6.646091 1.7492039 -13.378496 6.9887824 -8.051304 -5.971468 
-258.9444 149.59042 -2.5117466 31.05273 6.700115 -3.821325 -11.317537 -23.234047 -36.756767 6.670435 -14.868406 13.961601 12.148771 -10.351067 -18.290154 6.345043 -18.147282 2.8087502 -3.4479291 -4.424574 
-178.66168 107.263336 -12.315021 33.19314 -5.2804966 14.153205 -15.369507 -21.323277 -38.497578 12.372609 -17.486155 5.9892883 3.1304736 -11.494552 -9.837929 0.88426316 -24.481981 8.1725025 -6.2353334 -7.0450916 
-218.78146 141.47496 -16.610847 22.0676 -5.4611487 5.509646 -17.283764 -13.64214 -25.89309 5.490799 -12.21294 9.118554 11.181538 -13.048962 -10.153672 -0.27199328 -22.49752 4.3703833 -4.288071 -0.46890905 
-245.64903 159.79729 -8.92407 30.853249 -27.566603 -8.733222 0.6889995 -13.436495 -23.071817 2.179484 -15.4976 22.609241 22.04979 -11.011799 -15.495714 -5.7503147 -25.188604 -0.5441911 2.382083 -4.22102 
-323.52255 166.35059 11.757088 35.909348 -17.448643 -9.713929 0.08188685 -2.976739 -10.986038 5.317215 -16.34536 10.386803 17.280077 -4.6856656 -13.863949 1.6247532 -23.230793 -8.370563 -1.6758872 -3.3907404 
-350.40103 141.97675 13.295421 48.353867 30.550154 9.002654 -12.461124 3.9104793 -14.655731 5.534503 -24.75716 -6.5146537 -0.556049 0.23050992 -12.9217205 6.33499 -13.452007 0.65877765 -3.8031697 -4.3268137 
-317.46008 98.43201 4.564526 62.211384 39.42261 4.343307 -24.608622 9.557545 -16.57176 15.410969 -35.215942 -9.908344 4.5421386 3.2100558 -23.124655 7.001424 -5.2175937 1.0542971 -5.4527745 -4.042228 
-378.8009 138.19476 8.585853 55.176865 27.990923 3.7540038 -14.687751 1.6836838 -12.294269 8.479103 -23.977983 -6.0873938 4.0334125 -2.9489527 -17.62988 1.5295252 -7.32782 1.5399013 -4.0536056 -6.5660534 
-415.15213 128.66359 6.571066 40.644367 12.854711 8.735197 -15.199833 11.292105 -8.611977 9.709722 -19.848137 -1.2848439 0.5219805 4.473856 -10.884415 7.875523 -13.488029 5.355728 -11.687736 -4.227053 
-324.5387 97.25336 12.747173 61.195408 21.878859 2.417642 -17.605537 6.6169033 -19.457651 11.087282 -25.415016 -9.808504 0.42301995 -0.33822027 -13.243539 11.547355 -12.597912 6.215807 -2.9803467 -8.509116 
-257.37387 79.80437 12.8858795 81.29449 20.08953 -0.28530863 -23.205208 0.55382264 -24.5314 8.69381 -32.804775 -6.476352 3.504533 -1.1893914 -12.659489 6.397876 -11.62657 8.352913 -10.49574 -11.34875 
-239.57726 155.97656 -27.90864 21.343163 3.398873 -1.6928641 -7.7139564 -6.5980797 -22.503687 8.867004 -1.9756936 10.860446 -2.1456547 -18.273607 -18.004812 0.41041994 -10.886649 3.4918993 -3.9716127 1.7144446 
-292.02136 118.11968 19.78946 25.15424 -6.673314 9.65948 -6.9228153 -10.853088 -18.222708 10.797294 -11.158933 19.927567 3.6383464 -11.272756 -18.947046 9.165442 -17.084827 6.3784733 -7.955269 -5.080412 
-376.98654 145.36502 6.782581 27.564213 8.159565 21.417019 -0.13008274 1.1076101 -10.577306 6.1315546 -5.1452074 5.3422275 -1.8478285 -2.8006158 -14.829924 -4.485073 -12.373455 -0.20945168 -10.210942 -1.2143569 
-328.71625 164.7572 -10.542934 26.321688 4.132048 5.898347 -0.06136269 -2.0233507 -15.242769 3.7228575 -3.814401 13.32652 4.430173 -12.993925 -15.325884 -2.5981836 -11.187183 6.6580844 -5.786566 6.3856454 
-326.12488 169.51056 2.6548495 30.807024 -4.805699 3.4886217 -5.7346125 -11.132477 -18.465096 2.5293312 -16.772623 12.878365 11.670715 -9.320302 -9.983848 1.0605035 -16.448689 2.5591335 -1.8851776 1.9814284 
-356.58047 148.18646 6.242278 40.714935 30.119284 13.402416 -13.554868 -12.608616 -10.101045 5.8682942 -17.045692 5.434671 -8.177792 -4.750616 -2.859692 7.565316 -19.1114 0.61699843 -3.7085571 -3.3378434 
-414.47324 136.62337 17.20055 37.32429 12.161331 9.238026 -4.441004 9.618054 -8.751524 6.298993 -11.220241 1.0855057 -5.2351427 -0.898192 -4.635705 1.5928297 -13.048091 -0.31184736 -10.996453 -0.19766787 
-419.17145 133.28471 9.09943 39.513134 8.464413 8.357077 -8.149571 7.26108 -7.7357855 13.509815 -16.745361 0.195249 -2.5143232 2.885043 -7.862004 2.028985 -9.052916 8.639809 -12.198188 -3.108665 
-368.7055 114.0407 20.482903 44.953182 11.030888 8.759801 -7.7908173 -1.6041493 -12.190688 7.005769 -16.586071 -0.2321735 -0.54897434 -6.464505 -3.0846968 5.6582623 -11.724952 5.285235 -6.5045805 -8.002895 
-278.50818 122.86206 10.219889 44.976475 25.327679 6.224848 -27.357693 -19.890114 -19.064882 0.25497553 -20.669514 -0.39575067 -1.8551176 -12.448985 -3.2907932 2.6554334 -18.915688 7.249563 -6.521956 1.7006103 
-225.83516 170.72955 -19.242441 24.294594 -11.918083 -7.6604505 -13.508685 -27.502134 -31.845476 -1.15791 -4.435098 27.944258 18.946695 -17.670715 -24.613894 -2.3263888 -14.912279 -5.2952933 -3.891117 3.8119113 
-281.68198 111.427124 30.873287 35.019844 1.5423685 24.196482 -19.930635 -15.195441 -20.04372 3.6630015 -22.21228 6.524187 -3.525366 -10.33562 -3.129304 6.7496343 -17.214073 2.7176769 -2.1265798 -1.5248742 
-302.96085 119.17784 15.383922 68.16849 26.562065 0.9686534 -11.232228 -12.267125 -8.73838 2.5133536 -40.269695 3.0862067 -3.3324118 -5.167913 -10.750455 1.0804137 -10.775064 8.455331 -6.1871653 -6.3881993 
-278.6984 69.78982 31.334473 50.686172 11.248697 28.13629 -26.411798 -5.250912 -21.271202 7.6519217 -29.61026 -3.3320496 -3.4571607 -3.1783206 -1.0783288 4.4263706 -22.250763 9.491998 -6.03303 -1.7349089 
-370.40158 135.5025 9.242853 56.662773 26.120506 8.975898 -13.412657 -9.433686 -15.09618 8.599499 -30.003706 -3.054961 -8.125512 -4.6754136 2.6730332 -4.4745502 -14.5914345 6.1335974 -0.5985528 -4.082986 
-428.79144 141.02292 13.5193405 37.55426 11.706227 9.757252 -10.8265915 11.374295 -10.675151 7.025905 -12.398924 1.6127808 -5.232335 -0.907112 -7.576295 4.1225343 -10.420868 4.3389444 -11.0840845 -0.844918 
-431.28177 138.35191 11.990917 33.614998 13.659197 9.720206 -8.929739 9.988748 -11.732632 6.641952 -10.692287 3.7120824 -3.0081458 1.0087118 -5.114743 6.392162 -11.723766 -0.027803209 -12.181016 -2.978236 
-296.58755 142.33339 -3.2642164 49.87057 35.141285 -2.3259115 -22.793829 -26.255682 -26.946205 10.347614 -34.170235 1.325322 12.12214 -15.506587 -6.2483225 14.497735 -8.66795 4.168413 -10.456758 -1.3194911 
-247.3718 140.29868 3.0232553 29.116394 0.8204291 5.649921 -10.586147 -23.373922 -30.999895 8.781518 -17.787151 21.994724 14.178155 -21.29168 -1.9366158 2.673705 -18.830177 2.094514 -11.124139 -3.6031368 
-277.71768 110.52094 22.365345 30.73246 -1.1153297 26.051874 -20.458006 4.0077777 -15.014258 8.300738 -14.809791 10.696452 0.11229176 -9.409059 -12.410381 1.3537974 -16.97313 7.862887 -6.1544642 -2.1029615 
-331.92957 157.33191 26.820686 30.63068 3.5927603 -4.3938317 -6.3132057 -6.4156895 -18.767551 0.30259386 -13.397275 2.8314867 5.989126 -6.48053 -14.948066 -3.1446106 -12.670558 3.2924128 1.1856561 0.4855521 
-292.38608 107.77828 30.876125 33.878716 -9.97806 13.352764 -13.856695 -13.770871 -16.008574 1.062402 -20.129496 3.1545968 2.5880587 -4.4592876 -1.0596232 9.9241705 -10.049635 10.606489 -5.196518 -4.5489492 
-262.30496 134.5855 -1.658558 23.62776 0.8026973 16.155403 -13.609663 -3.9888475 -21.173586 3.4302394 -16.958626 5.9640937 -0.7838501 -11.114291 -12.4389305 4.9223022 -12.439987 -2.2228787 -12.733868 -3.0903883 
-269.17535 154.65826 -15.257667 30.902641 -13.920673 -6.963353 -0.10041736 4.544124 -15.598209 4.3959627 -15.630772 8.602681 10.787635 -5.46459 -26.85334 -6.5316277 -12.642656 0.20492925 2.772347 8.155369 
-276.71164 127.14959 -5.327193 26.101097 1.5820906 9.277678 -14.20118 2.9607346 -18.813873 -1.3181018 -18.48557 3.9514682 1.8299912 -4.097739 -14.421834 1.9714165 -13.643578 -2.9423075 -11.769863 0.19572465 
-260.6356 73.400604 32.89755 44.69268 9.510285 27.88503 -27.294443 -2.1059737 -22.595419 2.1315045 -35.315285 -0.20341444 -3.8606627 -10.900617 -15.581646 11.958775 -17.175087 14.296895 -11.789459 -3.8455782 
-190.44745 169.26196 -10.012592 22.846992 -34.73488 -19.502003 -13.469255 -8.664518 -44.930073 4.29507 -18.12316 7.939298 27.219511 -12.928706 -9.442488 4.748815 -19.052788 -2.504985 -7.385669 2.2401006 
-243.45003 126.72098 -2.5533633 27.729975 -16.380693 5.2118697 -7.2951593 -11.941526 -27.120626 6.936882 -10.674986 13.367195 7.2077007 -7.054313 -17.984478 8.790217 -20.014137 -2.2853951 -5.4786186 0.9646819 
-304.01202 166.03629 -9.030824 27.334879 4.343036 -6.223866 -5.913625 -8.894162 -24.62756 9.175278 -14.394075 6.8513703 12.627909 -5.543288 -19.77157 10.054965 -8.34272 -9.579188 -2.6626554 2.0185144 
-306.32617 162.40698 -23.412056 24.812819 10.141163 5.937652 0.8708446 -6.428673 -17.429111 9.9799185 -7.993615 5.8617244 -1.4284998 -9.62356 -21.629051 4.229863 -10.397991 -3.0865011 -1.1566797 0.68855256 
-301.97498 121.46219 12.027331 39.441814 2.2605715 17.76036 -12.588839 -9.028249 -21.3377 13.269162 -16.380882 -1.7694689 -0.14082612 -6.991179 -14.052462 12.538302 -15.8007 2.679771 -2.971763 3.4896784 
-343.73907 138.61026 14.773736 47.128834 11.213075 19.536041 -10.807933 -10.424952 -19.958582 5.59761 -26.1924 0.21167427 -5.9152513 -11.625798 -6.3020997 14.218235 -12.67329 0.34057406 0.22425349 1.6093683 
-283.69275 117.07389 -12.651109 10.955227 -5.411582 22.468943 -8.887439 11.435901 -18.72097 4.7396903 -17.747702 1.8918934 3.002304 0.004982392 -17.389404 3.7703848 -12.741788 -3.098975 -16.19384 -2.243184 
-273.0365 121.08336 -4.723853 36.294296 7.6226788 2.400889 -25.366465 -11.122691 -24.030664 8.22277 -18.460056 1.8030357 -0.5165893 -2.1629384 -7.735529 0.22115394 -14.410304 -3.9764802 -3.6288104 -1.8416214 
-230.84776 68.95307 17.386316 58.79764 18.30267 2.6046596 -35.196507 2.1299438 -33.70531 19.18744 -25.32691 -3.5407803 -1.6848115 3.1882591 -13.702169 10.160107 -14.849764 5.104715 -8.710429 -7.815471 
-327.38217 129.15167 -1.2957755 58.144485 48.057217 -6.087858 -25.177927 9.240253 -16.840248 9.523752 -34.12672 -6.50222 5.8123684 1.401864 -20.423195 -0.48516348 1.4804063 -6.58304 -7.2873807 -1.7895178 
-410.56982 128.53217 12.800997 41.34668 15.558308 13.739164 -8.615255 10.739603 -10.47002 11.288181 -19.36154 -1.6240716 -2.1742907 1.7704017 -9.989268 4.4488897 -12.383434 2.4212098 -11.389352 1.7470527 
-414.35654 130.57587 14.070976 29.979065 12.157832 12.4651165 -5.2122355 9.829326 -13.050787 8.72699 -13.157733 5.875372 -4.9135585 3.5055547 -7.5844445 2.2144804 -14.180881 2.9664335 -13.239776 -0.5828052 
-253.04913 119.43755 -3.447177 51.48483 18.132513 -3.7749846 -16.59876 -21.848925 -22.671774 17.4625 -32.216934 8.094728 -3.02974 -6.656468 -12.774824 6.577799 -23.358543 1.9205464 -6.3098702 -1.3748057 
-206.2652 95.136856 -6.2404046 79.25944 27.84669 -14.8945875 -28.438856 -14.769475 -41.289948 9.6121025 -50.705917 -0.44665208 3.2553399 -12.526733 -10.051289 6.098487 -15.603163 13.722121 -9.341867 -4.7471147 
-252.88254 145.2254 -15.44215 26.859169 5.0925903 0.58139265 -17.974367 -7.397762 -32.621502 12.393471 -9.904467 13.680524 -5.5576663 -12.86277 -17.13183 -0.25523868 -17.069307 3.273202 -2.9005919 0.20021269 
-225.2327 90.22428 -1.7815721 83.64191 23.38636 -26.483164 -5.802866 -4.816038 -39.87485 10.841305 -54.407608 2.5296779 3.19039 -17.768219 -12.054816 6.3221765 -3.657088 -1.4659119 -11.087028 4.530341 
-238.34612 71.78482 35.725525 46.905437 13.926146 16.529455 -32.97283 -7.3868995 -19.601212 3.2167673 -32.762238 -10.835617 -1.3503938 -3.6926715 -8.2870245 5.2123294 -14.33483 12.492546 -2.9095533 -9.362349 
-276.37344 88.48281 18.377373 49.808357 22.885563 10.468141 -21.469936 14.230471 -30.58068 9.659919 -24.887554 -2.5030355 2.6056986 -2.444995 -19.321402 3.4520073 -7.972726 -0.8613873 -3.1118753 -0.8217757 
-286.43115 113.74799 5.4449353 50.395416 10.172279 14.102906 -22.648262 -8.037317 -16.990608 14.942415 -15.608551 4.2891293 -0.10030516 -5.2747736 -18.258993 3.4866018 -14.620555 4.823643 0.9000777 6.2379117 
-303.72025 51.9791 57.95002 46.359474 0.58264416 31.862864 -28.398676 2.162846 -21.96472 13.332605 -24.321001 -1.0853535 -3.480122 0.0046943957 -8.108197 15.109207 -21.254356 15.420834 -6.4695125 -2.7424803 
-318.17575 143.53313 10.524616 36.478382 17.401058 20.18631 -20.286264 -10.88538 -22.243702 11.262099 -11.2311325 6.548606 -9.16251 -5.179713 -8.951478 2.4739485 -19.545559 1.3482825 -2.716485 3.3662395 
-290.01825 159.57616 -8.414132 28.397047 4.319002 5.6440167 -16.066114 -14.223577 -21.039598 11.215081 1.1549402 13.833782 -0.9355636 -11.1432905 -16.201889 3.6057444 -18.76009 0.58831483 -1.6953847 1.0484366 
-316.17273 169.18713 -20.363157 29.24196 24.107422 6.7230678 -12.359417 -11.786423 -19.272058 10.993945 -2.21107 4.284306 -2.5058422 -7.284048 -22.327297 4.7231197 -9.950341 -10.860119 0.54663795 11.5254545 
-380.00323 166.85072 20.419706 35.72862 11.592017 3.418989 -7.566345 5.9692082 -17.883488 -6.1768155 -19.705812 -0.5913577 1.2545704 -0.11443254 -7.9815283 4.4352756 -10.311595 -3.4095666 -3.9062626 -0.9148032 
-343.82477 141.48836 6.8586564 49.498753 17.096062 7.0206976 -7.3235517 -24.922915 -20.995981 5.940009 -15.643378 3.4325652 -6.9591694 -3.8119447 -1.9757783 16.689625 -18.804846 -4.7768416 0.65522397 1.135378 
-418.30972 130.98116 15.572847 34.543827 12.355497 7.352065 -5.791006 12.215321 -12.926492 3.333447 -9.479568 2.6730707 -7.9465504 2.0310104 -6.2231207 4.059225 -10.533418 -1.054278 -10.661424 -2.8505738 
-424.0333 140.94016 12.595356 37.563522 14.560374 10.566126 -4.71778 13.979101 -11.674606 6.1745057 -8.870153 1.8469516 -6.00109 0.50298953 -6.2059097 1.1645001 -11.569699 3.6276534 -10.9454775 -1.6881216 
-383.64606 140.47308 9.067652 35.287624 17.829842 5.669287 -4.2314324 0.1536665 -19.1683 5.1439967 -15.898473 2.9309652 -4.930292 -3.16286 -14.626848 4.5087337 -17.070383 0.26901552 -4.9957767 -4.322608 
-349.2477 150.35828 9.316036 55.073128 18.13395 -5.981544 -3.45367 5.187066 -17.021435 0.91463757 -20.562489 9.199366 -1.6245515 -6.461205 -17.090288 5.8006606 -12.579509 -2.2964222 0.35236803 0.27426317 
-332.30676 75.7538 50.16853 39.47466 9.724492 27.310856 -14.18875 8.083211 -4.4773374 2.3774605 -19.88221 0.91170776 -5.0670176 -3.0928485 -5.0341177 4.540032 -14.212048 3.3666468 -7.180114 -0.20706108 
-331.81628 116.35397 52.92259 38.777874 9.052496 10.698283 -14.168463 0.73544896 -22.17221 -2.069842 -28.548018 2.619683 -8.716686 -11.015211 -11.626481 3.708536 -11.425422 2.3283541 -1.828356 -2.3219693 
-419.4983 133.8059 19.874046 34.760975 8.990646 4.446903 -7.9596534 14.733453 -13.481119 8.570766 -7.3323517 5.2376137 -1.5889064 6.7798786 -8.663283 4.53017 -10.419349 0.55851144 -13.501922 -0.826685 
-390.1527 149.49373 5.185114 36.142048 10.861918 7.7567573 -8.722283 5.050671 -13.7283535 12.673314 -3.7539723 3.2146428 -2.4252408 -2.4782336 -6.0869694 5.5305977 -10.89419 -0.5063468 -8.7354555 -1.5885638 
-255.71443 142.31773 -11.424396 39.535416 12.206739 2.4167583 -18.675415 -19.54303 -19.621443 10.222335 -6.4932923 6.2844234 1.5393739 -8.497997 -13.555413 3.8123012 -13.409935 1.4441817 2.1818798 -3.3892171 
-233.60832 159.18976 -43.678284 33.19757 10.399937 -0.42169586 -16.259628 -18.952227 -14.068243 21.10081 0.020541238 4.4094753 -2.4853349 -11.0756035 -11.483062 4.159965 -14.420035 -3.5578067 4.7611003 1.7512486 
-277.05127 69.55735 25.506033 57.049953 -5.230784 12.136936 -18.719233 3.8071675 -12.412531 11.363634 -20.244223 -1.951486 -0.10927502 -7.439003 -13.02917 13.996082 -12.45612 8.060896 -13.256995 -4.874689 
-338.58374 116.91771 31.973324 61.89713 10.676677 1.96782 -16.346504 5.404318 -20.267967 4.8779354 -25.627659 -4.3437204 0.6982536 -8.085518 -15.703611 11.068263 -9.498385 1.3855863 -7.1134357 -0.76127213 
-321.98654 164.24838 -6.6660094 30.265652 13.406834 -0.8396036 -4.5270176 -8.78843 -13.180489 10.840758 -15.992874 5.786173 5.66144 -5.6822515 -20.638554 2.2327418 -12.502705 -7.709521 -4.8464613 6.250564 
-286.20056 84.06076 22.929893 74.41547 9.111287 10.038815 -19.311134 0.49865872 -16.327305 2.127768 -32.25786 -7.220312 4.0819383 -2.0572999 -13.824078 12.112523 -11.432131 8.23382 -4.83156 -6.426226 
-366.7548 135.36795 13.599565 53.33097 24.260935 0.6744886 -12.828448 0.058376208 -9.469393 -3.6596806 -32.05758 -2.7243211 -3.193774 -4.0847116 -10.055653 9.662742 -5.41212 6.5078206 -5.2131763 -9.219179 
-395.16086 119.197945 14.623735 39.712566 4.617593 11.365704 -8.414728 12.742146 -10.115996 7.137192 -10.145532 4.8937945 -1.6597154 -0.81164336 -13.238259 9.283352 -14.873964 3.3630307 -7.903658 -1.6320636 
-277.36038 155.4034 -17.785353 20.27087 3.9428418 12.516315 -4.7424674 -17.501362 -22.447603 10.893319 -9.269321 10.1701975 6.0240383 -14.809906 -21.051292 6.837389 -13.44769 -7.15625 -6.945467 3.5408518 
-305.3799 145.37856 1.7319429 46.662277 10.557175 -1.7972946 0.6456514 -5.1370983 -23.198782 4.2662067 -26.51551 9.587536 -2.3810089 -14.198805 -14.561598 18.700428 -6.4833126 -1.5055327 -1.1754881 -3.0600913 
-331.6842 68.73642 37.89862 59.648018 -1.9853044 23.452614 -15.368931 4.7567186 -11.024052 12.357904 -22.418907 -0.40974352 0.5248686 -7.3480964 -19.878181 7.6187267 -14.189169 0.16402848 -8.39321 -4.574135 
-314.11642 111.52548 19.790764 27.583382 16.398127 12.423105 -24.926514 -5.0458093 -15.243286 11.048335 -6.930144 10.141749 -5.273943 1.6866362 -10.899089 5.8108883 -15.9866295 -3.5966425 -5.7076344 -2.6647873 
-409.29846 139.14767 18.80394 29.520748 11.886327 3.6177585 -8.256546 12.529339 -5.3485246 11.964105 -9.968097 4.9590144 -6.533418 -0.074794024 -7.0501533 2.7538714 -9.628929 1.6826594 -13.550922 -0.7017472 
-409.24762 126.74838 20.96967 34.12736 8.831707 10.499895 -11.480006 10.015858 -5.8631687 11.317716 -8.408173 2.9536488 -5.413572 3.7257793 -7.8874383 4.509625 -8.568293 4.9267974 -9.016432 -4.020313 
-404.17444 128.74469 19.183378 34.1309 9.079226 17.638546 -13.293891 14.576762 -4.1683364 9.387224 -10.401498 -0.84002423 -4.3337903 4.7237687 -10.166892 4.8107157 -9.804481 0.29995447 -7.8810806 -1.7843556 
-422.9056 135.82153 10.46441 33.61731 10.049118 8.600636 -5.7508082 14.193433 -4.3196387 5.5720563 -7.58087 4.769356 -4.1846876 4.3611956 -8.348611 0.1937124 -10.398535 0.94820803 -7.3960595 -1.3890872 
