-336.23355 167.52902 21.556921 36.219925 -1.1815667 -22.026089 3.0145442 -6.085352 -35.927204 -8.13613 -16.805428 -7.65739 3.795255 -2.322627 -10.954944 7.0681195 -10.141888 2.658047 -10.023929 -4.916575 
-244.23665 138.20496 -13.787785 40.108063 29.108957 -16.647728 -7.5607877 -8.616704 -42.877457 -1.5368261 -20.154133 -15.277008 -1.2379638 -7.465002 -12.969101 7.088088 -7.890792 0.22210583 1.2265897 3.2152746 
-222.26762 35.752735 31.556467 62.168858 -17.277996 11.545399 -11.529804 -2.253791 -23.147741 6.5938315 -25.394142 -6.7921276 1.671761 -1.4911858 -17.178314 2.790853 -8.119818 7.609402 -16.383358 -2.169402 
-223.51942 127.029854 -15.058535 51.87831 29.762627 -18.822458 -22.161844 -19.26667 -32.246964 6.6001716 -31.967272 -17.575127 6.608937 -3.5597353 -12.878832 4.144742 -13.686797 11.255357 -4.872419 -7.149119 
-278.1952 132.98529 22.357111 33.898777 -1.956426 6.9306707 -3.7764244 -2.9215198 -37.15235 -3.1884325 -21.652975 -0.57666767 1.6515069 2.0150516 -5.3738956 9.118616 -11.1143055 1.1350127 -9.69288 -5.435303 
-328.61642 157.26746 16.852165 41.49767 9.997724 -16.84181 -7.49002 5.738585 -31.346243 -2.617621 -17.106953 -2.7407842 -0.66545784 7.263092 -7.9251523 2.4515998 -9.942115 -0.38378564 -14.098301 -2.3664038 
-296.81436 90.539055 37.58648 42.458496 0.60171497 21.46489 -11.843582 -1.2495198 -30.56528 9.392447 -17.674934 -3.973982 -11.524929 -3.3876991 -11.024922 1.1533713 -14.1197195 -0.919629 -6.215254 -0.14010763 
-270.49683 94.221664 18.796934 45.521824 7.5472546 23.260302 -10.141076 -10.9791975 -38.13382 3.2513964 -18.231943 -6.0633764 -8.031875 -8.527891 -6.1111603 10.976189 -13.895196 -2.4651291 -11.919074 5.3357487 
-340.0688 142.92561 1.0287836 50.459538 29.214987 4.810201 -0.11906666 -14.656013 -29.979027 5.124461 -22.615408 -14.554997 -6.582343 -18.304008 -6.7708263 10.502091 -12.444088 -2.6322722 -3.482283 5.4114265 
-319.9568 142.2296 -3.6386015 53.610943 21.580717 -2.9100955 -11.494558 -5.211766 -27.902021 10.154774 -18.487097 -11.711278 -0.34259278 -8.540254 -10.663926 0.12000489 -14.613414 8.031682 -14.1570215 -6.405841 
-270.34467 175.23882 -30.38463 19.654366 7.9408746 -7.6764426 -8.748281 -14.704276 -23.373127 -3.3167133 -3.042239 16.508667 -3.4342883 -14.070037 -0.3405212 -6.555498 -14.9554205 7.712171 -20.49533 -3.4317 
-277.47983 68.66078 23.349844 53.79745 13.693696 6.2450337 -25.186893 9.771663 -29.600538 6.847122 -18.441393 -11.298229 -1.4602494 -0.34811866 -9.698124 2.7120712 -12.335281 5.48981 -1.1618514 -1.3301637 
-294.5931 162.17516 -10.024357 31.000109 30.527523 0.053422555 -12.419392 -4.7133465 -27.597425 -5.9616675 -22.837765 -7.5687084 3.9541092 0.88697904 -7.4631543 4.1649942 1.6734399 0.3985918 -12.755563 3.615532 
-313.54822 166.61461 -12.188891 29.355032 29.51315 5.5415273 -19.423561 -1.4517381 -15.732254 0.08653797 -13.834452 5.82678 -3.0830514 -8.594761 -11.577054 -5.6272874 -9.848876 8.307045 -8.341834 -1.4150366 
-316.0806 152.53691 -6.8644586 21.049553 23.683254 12.230809 -17.116192 -12.197918 -26.80638 5.1620693 -14.183346 10.082737 5.994127 -4.620773 -13.971094 6.3762164 -10.123924 1.8106213 -14.168165 -0.57761437 
-278.18127 165.26022 -19.698324 22.194496 12.530748 -4.333584 -7.498218 -13.130078 -30.863342 -2.4666295 -2.7023861 7.9464483 1.1312566 -21.030067 -8.380051 -3.5706491 -16.41257 11.031421 -17.68203 2.365303 
-218.68715 151.47438 -28.398954 1.2269919 2.786928 -3.9381511 -3.331407 -14.511448 -26.77067 5.511434 5.3829136 18.066416 -8.704125 -12.032628 -13.393298 -13.430545 -9.699388 12.016894 -16.216806 7.6075907 
-254.50739 159.50116 -6.9452 18.644735 13.5617695 -7.1307764 -12.2418 -21.543911 -48.873966 1.6166006 1.935733 5.3987765 0.1540548 -6.0632186 -3.1987019 7.66455 -10.230856 1.1565901 -16.51378 6.486316 
-380.63025 135.06177 22.17552 28.939955 14.148881 11.44622 -8.484819 2.1304677 -17.303446 -0.5907595 -12.137064 0.05546506 -9.245845 -5.976552 -5.9424467 8.207191 -4.1019063 2.6133425 -4.9589744 -0.88077044 
-424.88538 132.73619 16.666573 35.377922 9.49464 13.700843 -9.684734 9.679263 -12.030041 7.776089 -15.42393 1.4504972 -5.8951793 -0.008623759 -10.261929 4.901287 -11.596657 6.2680516 -7.645922 -1.2993279 
-363.85852 151.45831 6.05271 26.145044 15.842366 1.4983919 -10.186787 -4.350756 -15.679243 3.9605129 -10.874026 2.827594 -9.729879 -10.183543 -8.422994 3.426428 -12.113163 2.7110918 -7.746592 -0.8708122 
-248.32341 148.77061 -15.608858 29.654074 27.6634 -4.811276 -19.97003 -21.829262 -33.122715 15.2213335 -7.390345 -11.400009 -7.7006955 -6.500228 -2.6738157 -3.7737966 -21.25869 10.074839 -13.6705 0.98094505 
-287.37802 124.71061 -0.90012234 43.89089 17.86892 -5.7704086 -23.685755 -2.3295422 -22.256634 3.3168924 -12.269379 -3.867102 2.6030188 2.8004313 -14.214516 0.4364757 -7.2431316 4.000136 -11.349377 -0.34876373 
-286.2008 175.48709 -1.5569334 8.845729 17.06666 -9.722882 -11.520256 -3.5523856 -34.307926 -11.882424 -11.306217 5.0508914 2.4912193 3.2039669 -11.883564 2.9931157 -2.9050255 0.36901745 -10.590085 0.10650381 
-285.3711 160.8525 -15.260866 11.836369 19.84687 -2.4190624 -9.353906 -6.6887646 -29.216919 5.5513253 -15.710259 0.93644536 6.281714 3.5722106 -14.533977 7.224774 -3.2855713 -2.0356948 -13.418798 6.7078357 
-322.14523 176.28801 -0.30963135 14.091003 19.843773 1.95561 -18.645945 -1.0780498 -13.384571 -9.125284 -15.851813 9.669225 2.1219394 -8.417535 -11.3484 5.8326845 -6.1806955 -3.858092 -14.273387 -0.15881878 
-239.22 145.9172 -22.740482 17.48626 27.104044 -2.9837036 -21.027779 -19.734901 -34.188675 -3.018955 -3.996442 1.0125499 -6.7124333 -0.65731555 -8.6963005 -2.7084203 -7.9656034 3.233665 -17.256197 5.6164994 
-287.6345 138.41396 -13.24608 39.765556 41.49444 -4.5545583 -22.040762 -10.106987 -24.893036 0.040297933 -9.903461 -10.896883 -10.407893 3.7447157 -7.857749 -7.5514736 -7.832646 2.3761227 -13.92321 3.3725886 
-314.3129 135.5222 17.792694 30.923073 11.440896 5.2193637 -4.9334016 -0.6923682 -35.528008 -11.560733 -23.447605 0.8906025 -5.375392 -0.59351337 -8.384981 0.56473005 -7.374371 0.4037261 -11.687636 3.1493354 
-289.79575 124.47932 8.674729 41.287365 10.32426 18.527592 -10.195629 -18.07609 -37.897995 0.551409 -17.352966 -7.5190487 -12.5940275 -9.633917 -4.0128345 9.236171 -14.556198 -3.3149023 -7.352445 2.7898834 
-258.84082 135.66495 -31.649794 15.060394 11.997533 0.15240414 -11.734687 -15.7011175 -24.817354 4.4582996 -6.101238 4.152191 -9.042903 -0.122388154 -8.326379 -4.724619 -15.231883 7.0417304 -16.451612 2.2858706 
-280.8713 148.50198 -10.899742 43.5655 33.19241 4.157798 -16.532375 -12.578976 -33.943317 -5.4216433 -26.782541 -13.643873 3.6635082 -0.8680518 -18.410303 -0.65400016 1.5868908 1.6696169 -15.268063 -0.29727003 
-268.24423 92.07835 -13.691317 68.241806 25.54258 0.31119666 -17.812254 -3.091374 -27.304636 5.2293262 -26.222624 -19.459976 4.458709 3.0176327 -6.4549427 0.031937286 -5.116895 12.119777 -9.321431 -2.9112375 
-365.54776 134.26547 1.1644372 40.41191 20.659517 2.5901983 -15.480826 -0.58163476 -14.158321 6.099118 -16.672295 -8.849162 -4.604812 -0.0543215 -4.4422894 2.7243285 -6.516417 6.135268 -2.844763 -3.26524 
-398.82016 128.59467 11.806911 32.344315 13.111286 9.284141 -15.254787 10.451183 -14.288716 8.046604 -9.551478 7.993794 -2.1124856 3.129754 -10.80205 3.9189742 -14.071209 2.9950743 -12.296682 -3.7950888 
-354.06897 135.72028 -1.182373 28.905416 12.091765 9.688818 -10.654607 -0.6598975 -10.846561 9.281496 -10.927864 4.685541 -2.2015343 -3.2938619 -7.754664 3.1533306 -14.004549 6.5185504 -11.118463 -2.1510856 
-223.39038 144.17218 -26.806955 52.974266 46.54297 -26.943535 -23.028564 -11.357241 -37.344116 13.632341 -33.10798 -17.289152 7.731804 -2.912797 -12.398376 -2.9635437 -10.688267 13.278643 -10.975638 -5.167494 
-281.47458 132.30891 3.263042 45.525917 19.845625 -9.54138 -9.888927 -5.23756 -31.734911 5.6322227 -18.212534 -11.101806 7.9312763 -5.4825416 -26.771358 -1.8865789 -5.8711586 1.9012244 -12.913509 -5.758439 
-259.49667 162.00304 -21.667141 23.059778 5.0107 -12.546991 -11.007305 -12.023893 -31.165218 0.9406467 -4.9454765 16.014297 1.6207175 -18.689253 -10.07314 -3.373828 -17.3975 5.0385733 -11.748079 -1.8360829 
-303.41245 133.50397 12.345839 51.860577 15.293447 -9.24222 -5.2238746 -1.7774807 -23.349236 5.9761133 -20.740963 0.9336541 6.478039 -5.010123 -9.085611 12.303125 -16.41905 -3.5156934 -5.661768 -4.75999 
-371.15753 129.80258 26.73203 46.23408 15.313252 9.354233 -3.2024682 9.323337 -12.157507 8.351123 -10.996478 -5.1504917 -2.7070866 -4.1021104 -12.687556 2.1405838 -8.719175 -0.8107669 -7.5051694 -4.5764303 
-362.27692 141.95544 22.83304 33.078312 9.192707 3.960611 -5.255477 -2.209273 -23.552515 3.4117317 -7.5858645 -3.8392563 -4.2017365 -5.13949 -8.041025 2.215214 -5.380665 -1.0578455 -8.0963545 -5.2914143 
-229.65378 139.6918 26.656147 33.53511 -18.072392 -21.485018 -10.287296 2.9747877 -32.712997 9.8664665 -15.129366 -15.084288 3.5400305 -1.003767 -12.419749 0.43817207 -8.305233 8.826379 -8.825016 -2.8656876 
-303.3044 133.82808 4.174911 64.191956 29.972359 -20.4318 -11.798069 -0.97893536 -28.837742 1.7919164 -23.124954 -12.511948 2.0346 -0.5596358 -16.794813 5.95925 -4.846676 6.204777 -16.228079 -8.378178 
-297.12192 163.96657 11.073093 27.41663 19.189798 -11.425535 -1.3472617 -4.980735 -35.27741 -1.0502421 -16.268368 -2.6055827 7.96142 -8.916227 -16.22387 8.89362 -10.789495 -6.0971103 -5.557865 5.2004857 
-324.3305 144.48207 5.2344947 48.021755 27.597033 2.4209628 -15.197764 -7.542733 -20.934183 9.473988 -19.992773 -3.5987341 -1.1214924 -5.476802 -7.461125 4.269745 -12.226257 1.0290211 -6.694592 -4.914957 
-306.08963 156.9195 6.241951 25.2189 -7.7625318 -3.875989 -4.254658 -2.0155368 -27.365616 0.7391754 -1.9361212 4.6778684 0.2954473 -9.612341 -15.109175 -1.2645872 -15.247657 0.078398496 -9.49818 -1.0311931 
-301.9474 162.50568 25.690495 39.91326 -16.85834 -42.864304 -18.565805 -3.2869158 -28.187294 10.9092 2.1076066 -7.170057 1.8136201 5.068864 -14.395745 -0.8723103 -3.827313 4.31322 -6.690446 -1.8465718 
-276.5999 156.36093 10.572293 40.632378 5.220297 -38.985092 -20.570116 -1.9867185 -26.727373 7.011466 -17.839277 -8.180793 0.12463781 -1.247469 -16.33047 9.316671 -9.768849 -1.8940048 -7.1288934 -0.64396346 
-324.61627 148.84006 15.457421 34.541294 23.231482 -2.2833512 -19.79752 -5.280164 -24.305405 -1.8162704 -18.510944 -1.177568 -1.527674 -0.8189513 -10.428926 8.890875 -11.584161 0.9395381 -6.326604 -4.6732817 
-308.18213 155.14084 -1.748234 31.231934 24.908974 -2.3315604 -8.875217 -6.062911 -32.07422 -1.8157 -14.2338295 -1.3516568 3.9759645 -3.6644423 -12.894643 14.827296 -9.2976675 -1.742676 -6.2354975 -0.56523585 
-291.81824 105.15842 12.369114 45.007824 26.987305 5.666144 -22.479843 -4.178302 -31.352325 5.3330884 -18.061134 -8.691664 -0.7526442 0.014085929 -6.8453426 11.40102 -7.844002 -0.51455146 -2.8233457 1.6695548 
-344.6062 156.34305 23.39449 37.853096 10.923313 0.48446444 -4.414333 6.8042135 -34.84947 -14.520311 -15.537125 -4.971561 -4.1936126 -3.372508 -11.623465 2.792342 -6.406586 -5.1012573 -7.1522217 -1.9588 
-408.366 149.02135 33.159042 40.789055 14.431349 5.1687455 -13.2916975 3.0672941 -18.13552 -0.3776258 -14.793531 -2.340926 -4.752472 -2.4005709 -7.999309 5.531982 -4.9418883 3.1941462 -6.931564 -0.6850785 
-387.08188 155.88757 14.117101 33.716705 17.024303 5.2621775 -15.484033 -1.9939772 -19.976927 -1.2902654 -20.755344 1.9726176 1.100853 0.6985209 -7.5780106 11.307263 -9.402413 -0.27981827 -7.3386364 -0.30471537 
-421.94757 133.71057 11.730015 35.23026 13.766799 11.1823015 -13.878774 6.864366 -8.332151 7.0886936 -17.50026 3.2391467 -0.42831525 2.0590358 -9.28719 8.13182 -11.408359 5.8632026 -9.691341 -3.9421473 
-333.66098 121.56247 11.47598 38.81367 9.677622 15.8375025 -11.272021 -9.059925 -14.419623 6.9266825 -18.078972 1.9715331 -5.4841485 -9.791756 -1.5434078 3.8254385 -16.40922 4.602035 -4.885717 -3.7442076 
-253.90335 151.33392 -36.28115 50.22253 33.186935 -24.862316 -14.948729 -16.956196 -26.995033 7.9195056 -22.988495 -5.4831634 6.971685 -5.7210855 -4.551511 2.2636266 -12.2162695 11.722309 -10.416099 -4.894743 
-302.61127 148.58629 -1.7964829 38.968216 29.701698 -0.9910393 -8.664818 -16.403835 -23.857204 6.2496476 -19.12259 -0.8074604 -7.287684 -12.757193 2.1383457 8.538509 -18.905952 3.01826 -4.2533116 -1.7753372 
-309.38474 122.09947 21.012968 50.8205 27.167774 -0.70149285 -14.864332 -1.6709764 -26.648132 1.9163766 -22.574055 -6.0842075 0.41281036 -0.6656323 -7.8673153 6.322823 -6.8019285 3.0770717 -10.997883 -6.211091 
-305.04706 159.56447 3.3337066 29.047401 16.01617 -5.9079227 -12.95602 -4.0155077 -20.148264 4.0397115 -14.550999 5.313069 -0.07762499 -0.76759076 -8.492189 1.6498885 -8.537129 -1.5651025 -9.41621 -0.35400975 
-311.6573 112.53302 19.677198 51.66445 18.0582 11.427777 -14.35691 -4.923388 -22.56525 6.1076818 -20.391617 -8.63317 -3.8529909 -2.0523229 -7.454409 0.3421243 -17.27955 3.0303907 0.37461036 -6.0136642 
-324.2245 139.45685 11.156529 31.62881 12.330426 3.077749 -13.01052 -4.360572 -24.063837 11.560055 -10.234982 -0.21042357 -7.2726846 -10.801235 -11.634899 -3.419672 -16.478004 0.11691777 -4.7299147 -4.0956745 
-314.82224 107.819984 17.424091 51.119568 4.8824334 4.0389357 -12.358324 2.9014533 -23.65526 7.128283 -20.648972 2.9930212 -0.3788845 -2.985095 -13.173347 7.3465405 -10.547947 1.5186447 -13.279272 -2.2165775 
-305.7453 123.56405 0.7078459 63.5866 26.563925 -1.2813983 -22.859505 -5.2301807 -20.916689 4.4726105 -29.181885 -7.924081 7.145971 7.156758 -15.909783 6.133398 -1.9054184 4.607046 -12.793928 -5.589274 
-347.18326 143.19557 11.420301 41.393707 30.23832 13.697702 -14.6374035 -9.431886 -20.829119 7.153872 -19.36537 -7.528412 0.66366416 -2.4907293 -12.663474 7.654068 -4.9801373 -0.27351603 -12.297177 -0.5257242 
-370.23743 155.07243 31.376896 36.707745 20.68854 4.4362073 -10.574522 3.4641325 -14.043184 -7.0261674 -23.02834 -4.5562825 -1.1121354 -5.958684 -12.674789 9.434173 -4.814465 -0.4319411 -4.327921 -1.9264259 
-363.84564 131.9909 26.168875 50.926132 25.549915 9.647767 -11.811723 3.56899 -13.754068 3.1300793 -22.528685 -4.5825167 -3.7814686 -3.7471364 -12.584895 3.4159174 -9.40062 5.7318463 -12.635736 -5.7641854 
-349.30994 138.34624 17.930565 36.135574 31.687399 10.723774 -12.943212 2.2137032 -13.06526 14.23429 -12.906886 7.8959002 -2.0421612 -4.0284247 -11.716 9.457449 -16.877205 -2.7171228 -13.681497 -4.532501 
-359.67444 156.4816 19.524143 27.653801 9.947554 6.1544185 -11.199001 2.1869295 -16.998358 5.8702307 -10.943059 2.1653006 -4.0658774 -3.8056421 -6.6789837 10.423665 -14.422163 -1.7421889 -6.446985 -4.033598 
-339.82373 136.77078 7.7697887 51.249832 28.926659 2.0153003 -14.097038 3.2472708 -21.433964 2.3970358 -19.673115 -10.33875 -1.6159697 -2.6995716 -10.208376 6.5415006 -2.8986895 1.5456548 -2.1727452 -3.402785 
-347.63342 117.388145 26.982557 32.96721 20.866709 27.199411 -26.853289 3.2218714 -13.124836 4.0945473 -16.353762 -3.1159751 -4.1681714 0.83225375 -9.070335 8.336797 -13.80069 3.4695966 -2.039094 -3.8024113 
-393.59607 153.67918 8.070411 34.692043 16.414545 12.462112 -16.996752 -2.5602887 -18.092697 9.200551 -7.7698345 8.385564 -5.763782 -2.2491827 -2.8682704 10.106506 -19.883434 -4.1424856 -10.005581 -2.8423014 
-388.24753 143.7063 14.342738 30.136784 4.2128806 5.1934934 -5.6825733 4.4498954 -22.84825 1.5305625 -11.532097 0.93760943 -0.42132822 3.6271744 -13.355045 1.2070156 -10.785716 1.7269804 -13.039991 -5.4010205 
-349.41193 118.56815 38.22856 25.590576 8.791311 10.262329 -22.497826 11.079968 -24.719547 9.445714 -12.470798 -2.818244 0.6029223 3.7088568 -10.420643 -0.25250298 -14.565428 2.7907937 -12.126401 -4.341383 
-308.16006 173.06139 -5.782143 20.668194 -0.30932638 -6.1665974 -11.899205 -3.8360813 -36.352222 -2.4042544 2.877093 9.406345 5.1271305 -7.4127817 -20.736576 -0.9407556 -10.255241 1.573644 -11.445071 -6.5512257 
-294.78845 159.69131 7.2894287 23.206026 -4.5757337 -6.439673 -9.041018 -0.029292716 -34.790092 0.24524634 1.5995276 -0.10503287 2.7674408 -1.6036464 -12.083553 2.0114279 -7.3364825 4.4566374 -17.19806 -7.5007205 
-290.3839 127.57636 20.667233 39.15036 -7.384653 3.4058008 1.8319708 4.694762 -40.138065 -0.4670533 -11.6738405 0.35164696 8.684568 4.518869 -8.365123 4.5511007 -5.3870754 3.7707605 -10.079567 -8.680027 
-327.14496 112.78989 22.345142 58.922432 20.21279 5.7361546 -21.263397 6.520541 -25.617393 0.8948345 -21.832733 -12.684374 -5.660077 1.8536267 -16.771097 2.145502 -5.675612 6.7851543 -16.866932 -9.879271 
-349.64444 149.83018 7.362732 47.379658 29.296928 2.5062475 -18.211708 -3.1834984 -24.421614 -4.6779385 -16.49433 -12.315358 -3.649829 -1.8836102 -9.849109 4.6383796 -4.762784 2.5617247 -6.982163 -5.579995 
-335.9817 130.49382 14.5825 43.552757 23.917828 15.416904 -26.12191 -8.498984 -30.979836 1.2407702 -17.067804 -11.103527 -5.414939 -2.0017188 -8.623171 11.111158 -15.59613 -0.8563485 -2.6111403 -2.9734964 
-350.71783 102.38262 33.89171 43.24129 2.7034488 9.289319 -15.614278 8.136695 -9.597005 5.0491385 -21.125498 3.3654182 -0.6183789 -4.3934164 -12.66196 2.4040864 -10.872811 0.93643993 -13.359899 0.07931869 
-312.35242 125.34874 33.559258 28.714409 6.1050863 16.205067 -22.201313 -4.0999503 -24.42531 -4.089289 -14.546596 0.74154353 2.9230216 1.6188703 -10.049944 7.5911756 -9.697415 -1.4750006 -0.78031766 -0.12349411 
-295.51398 131.59662 -3.4432416 46.576035 22.789207 -1.727027 -23.38781 -7.2422385 -23.789543 9.838929 -21.211927 -4.3261905 9.014017 -2.2976477 -15.4311 7.243819 -12.431163 1.0935179 -8.509558 -9.483275 
-327.45465 153.90216 -30.015862 36.782368 26.8478 -8.718784 -27.82119 -4.1051645 -11.954626 14.288023 -8.574408 -4.906946 1.0051289 3.9351883 -16.281393 -0.70527273 -16.48143 6.515623 -4.0613475 -7.0225163 
-420.91205 138.23073 16.488638 40.661327 17.755375 13.911933 -10.049518 12.784309 -10.387233 10.330895 -11.401828 1.6786249 -2.61283 4.544058 -9.698174 10.277645 -7.398868 5.0988984 -9.036977 -1.5258299 
-350.37558 162.06287 15.238824 37.513412 12.205638 -4.123911 -14.666964 -1.6871537 -21.370562 4.2233753 -14.814183 -2.0905192 3.936659 -2.6128778 -11.004326 3.3790822 -5.835001 -0.5283766 -9.451052 -6.133738 
-299.65005 182.76569 2.5989807 10.610576 -1.7734027 -15.618718 -19.302904 5.642229 -13.374716 -3.3890467 -4.928043 6.574597 2.0798182 -5.813716 -10.184261 0.26965174 -17.08283 -3.123138 -4.64965 -4.011986 
-310.9909 131.05634 35.01702 34.08496 5.835194 8.301901 -13.156472 4.62905 -35.847736 -4.8419247 -15.377742 -2.7559445 9.84598 4.8407493 -15.57303 6.0359945 -6.1732464 7.812185 -5.759498 -4.5993795 
-305.29245 151.29347 0.42328727 43.074768 25.112095 -5.2844663 -18.691383 -13.078426 -32.65285 -0.43803823 -13.22075 -1.8705684 -0.110878386 -1.1745292 -5.4512076 9.576975 -13.334945 1.5041934 -5.2042856 -7.031118 
-305.3717 189.50314 -14.17583 7.0019455 -8.231231 -3.9398334 -6.856324 3.2346132 -27.428078 -3.238676 2.4674566 19.276785 9.98874 -18.956314 -28.863861 5.619292 -20.092432 6.9626784 3.3975956 -5.6150894 
-315.87967 173.33571 -11.392619 14.31081 4.63001 -2.642261 -11.364407 2.9178562 -27.793297 -7.957477 -6.744401 15.838213 15.040867 -11.313102 -19.18869 6.1906576 -19.758785 -1.0815822 -2.70106 -5.303187 
-369.06598 152.00034 20.399529 32.94881 14.6618 6.5686374 -12.353818 2.8053343 -17.535152 2.8446229 -13.699893 4.936324 0.16868475 -11.055074 -16.23152 2.3873203 -6.544782 -0.13885368 -8.976681 -6.2328014 
-349.5356 122.44762 22.83187 35.955948 9.325382 13.1611595 -3.7590976 0.16649437 -13.295582 8.742628 -17.914932 9.093673 3.1387677 -8.548032 -18.688362 7.1050115 -11.78928 3.615981 -10.782902 -0.13568147 
-396.73068 140.07947 22.482384 36.86103 18.681356 11.45642 -13.996432 14.404158 -4.7675767 2.6929781 -16.842123 3.7913136 0.38946664 -3.7842178 -11.1218605 5.085454 -12.16403 1.1767131 -7.540463 -0.49880546 
-352.62335 118.41702 23.489565 43.912563 25.991682 17.565361 -22.711565 -4.2715626 -19.33041 5.100905 -31.212751 -9.049537 3.1938744 -9.433499 -12.405595 14.305867 -13.822542 0.31742805 -7.5391293 -1.1282336 
-378.3884 137.58986 23.709713 40.90361 16.32621 5.127367 -8.699185 3.6140165 -16.6321 2.39514 -17.336103 -7.539812 -4.863798 -4.8681355 -14.749473 4.3188934 -3.8062642 -0.51428646 -8.268556 -1.0195959 
-404.39264 132.88324 20.65604 32.384525 10.555638 9.535274 -4.074765 9.872286 -12.099184 0.18048716 -12.871245 2.3639472 -7.145479 -1.1242918 -8.170564 4.809774 -7.625044 1.783902 -9.250498 -3.2012968 
-395.17587 113.22601 14.584913 33.61752 14.348469 16.426514 -15.50657 6.319894 -9.899104 11.971232 -18.339876 1.9114352 0.6945641 0.7151447 -14.133287 7.7847137 -12.73645 7.5086536 -12.179159 -4.819795 
-416.87244 124.22872 15.612932 37.17723 13.9639635 13.040482 -11.379674 8.361285 -11.048876 9.582816 -16.041945 -0.71044517 -1.5475194 1.356194 -13.950144 9.61175 -10.268304 3.5650651 -10.447258 -6.099338 
