-428.23425 154.11452 22.335938 24.650404 15.1138525 -12.280273 -4.424864 -15.258913 -18.777391 -9.286423 -13.410017 -0.32793918 -3.8339572 -0.22067887 -9.567767 -5.7955093 -12.651826 -4.418806 -7.551481 -2.8853362 
-435.97925 149.68776 40.37542 35.209488 -4.848444 0.020066474 -5.2665796 -24.027126 -9.688829 -6.8518066 -5.7003098 2.4561632 -9.9288845 -12.668863 -7.281905 -2.8185437 -6.0530677 -7.9535947 -10.232328 2.8186247 
-438.9301 185.16095 9.349141 35.97275 22.43945 -9.643059 -22.741882 -14.114662 -7.37215 -16.37269 -12.67458 -0.86885005 -6.046655 -2.6543016 8.392815 -1.5834346 -8.172424 -1.7214236 0.68959117 -6.7866287 
-422.6361 153.8786 -5.3919373 71.683685 27.991198 -34.828682 -13.916879 -5.508902 -9.069816 -11.472979 -8.986759 14.1510315 -5.6312494 -6.530684 -0.72129905 2.9002821 -4.6787915 -5.955498 -4.5833054 -9.581476 
-438.18878 168.18007 14.983165 43.229385 16.767115 -5.591548 -9.647445 -13.785701 -20.992567 -10.088945 -8.832756 4.8207574 -1.6637577 -6.5513153 -5.295667 -1.1775274 -2.4092174 -3.3333478 -6.956607 -6.890383 
-428.39514 118.9996 23.902462 32.55435 36.175415 3.5003219 -20.85057 6.5057483 -15.89379 -7.538996 -7.8073883 0.4153285 -12.124104 -4.6740384 -6.180918 1.8280201 -8.821752 3.063838 2.0390143 -9.8921385 
-463.29382 154.28387 20.61837 26.139069 43.51808 13.308392 -39.355328 -10.044942 -3.9161093 -1.3397193 -25.287529 -6.1243696 4.4400992 -8.706882 -0.62073094 4.8700633 2.176656 -4.419949 -2.6659746 -6.179773 
-496.00418 174.9531 25.603966 21.010069 41.202187 10.992932 -30.013689 -13.176579 7.0625696 -3.6702669 -24.466335 -9.4507885 5.038908 -10.602545 -5.636153 7.484822 4.955961 -3.9897418 -2.2862158 -3.62292 
-557.8775 173.2369 18.074816 32.689537 20.965492 29.051144 -8.851574 6.7582884 -7.688635 6.371821 -9.465656 -0.6069647 -3.9499347 -6.0159817 -2.1076012 -0.67737836 -3.8446214 -1.4630133 -12.342204 -4.624885 
-468.60297 135.80072 36.689793 22.816298 9.609534 19.369806 -27.71118 2.249031 -1.9236169 9.19381 -4.5914774 -3.496195 -1.8635381 -2.6305637 -12.171972 2.877449 -3.0370793 3.7716475 -6.2784677 -8.429059 
-416.94022 161.56459 -3.8365335 43.201157 14.947433 -6.6236935 -18.257185 -8.963644 -4.463014 2.5674982 -12.117765 -6.464918 -6.8114796 -9.069114 -7.50525 -1.5837318 2.3407483 -2.4492025 -4.101927 -6.554935 
-416.5446 181.17389 -34.358402 21.097067 18.323044 -2.6609693 -8.720079 5.4248877 -22.467785 20.300919 6.6800203 -18.115957 1.383361 -22.285957 7.070947 1.8355083 -5.485979 1.2695789 -8.900737 -6.175014 
-534.6511 173.21658 24.121357 31.667938 10.352186 13.744047 -1.7910075 -2.5046856 -14.015883 6.321478 -8.642112 -15.976397 -6.612293 -7.110482 1.5939364 1.7594631 0.9166353 1.1375781 -9.652116 -2.8019993 
-588.31226 177.6399 43.502823 33.441483 9.150906 28.399096 -2.1825383 11.798102 -6.7354956 6.6456914 -8.014103 -7.936085 -6.887633 -4.0058904 0.30076534 -0.4775362 -5.017593 -3.0021806 -5.886423 3.418607 
-453.85938 105.39172 50.145676 38.114388 27.772545 4.8465424 -19.975864 -2.123265 -10.727903 -8.080141 -11.573648 -0.025168248 -14.424462 5.023781 -11.622744 3.1139255 -6.4067526 1.3889148 -6.3675632 -7.5988693 
-405.8572 104.99515 43.504433 51.622158 15.569637 -1.1289405 -26.950943 -6.0400095 -7.322541 -4.3581796 -17.371881 1.0730629 -6.565661 -1.7393723 -15.909587 4.268456 0.051426463 1.1728361 -9.912825 -4.7362137 
-443.2738 140.6817 52.891968 28.608559 25.114979 12.404582 -20.748877 -16.066216 -9.974691 -2.5424755 -10.168484 -12.589782 -11.77967 -2.450798 -8.476879 6.017549 -3.771364 5.1315274 -4.390833 -5.789974 
-482.206 166.51117 37.366135 28.677494 7.273712 10.04652 -0.2685032 -6.285103 -12.666416 0.9617248 -1.7800592 -8.808105 -10.303891 -9.48614 -2.8298209 4.9844365 0.07262871 0.99686855 -7.240594 -3.7881215 
-411.53366 171.67838 -13.366077 35.389603 12.286749 -5.6893597 -10.188856 -18.809057 -17.98499 7.4174347 -13.084301 3.3562787 -7.320432 -13.057729 6.4685535 -0.26121554 6.245023 -9.612802 -14.081333 -8.158796 
-460.47385 168.39519 15.809734 58.824436 31.465576 -15.649685 -18.646727 -8.732991 -12.636415 -13.454769 -9.191449 -0.323826 -7.3284945 -12.754611 3.6202312 0.29235294 -6.7475133 1.9455653 2.190673 -5.1664925 
-492.1898 140.44736 34.09324 37.600983 33.84698 13.853738 -17.611595 9.050492 -6.450445 -3.322395 -8.444367 3.1768098 -11.342275 -5.300683 -0.12333494 10.072468 -8.189674 4.0386667 -1.711825 0.0159577 
-407.50714 95.088135 47.31958 26.171658 29.498709 5.4818516 -44.470604 11.852775 -10.880569 13.704903 -8.104032 6.020902 -6.3243327 -3.8309429 -10.475096 1.8983836 -7.04408 7.131278 -10.140343 -2.0279536 
-449.8644 163.87994 2.7106454 45.707344 37.961617 -10.942753 -32.520233 -1.348093 -9.031491 -2.2944098 -2.5275316 2.5712142 -4.202412 -6.3215632 2.995813 -0.8305408 -8.475376 5.4455776 -2.87384 -9.50298 
-501.7029 185.60881 33.31485 47.138103 19.970175 8.326503 -14.137443 -6.427444 -11.388673 -2.3871617 -12.386074 -11.20696 -10.35384 -9.406624 0.8794738 -4.4457912 -5.514942 -3.3323486 0.17375258 -2.2999353 
-528.6734 165.24547 27.938362 29.094004 26.621172 18.298954 -14.672409 5.23865 1.7513349 0.22224723 -11.071011 -7.449125 0.4915565 -11.504887 2.2220116 -0.037585333 -2.1659799 -3.7165587 -7.02009 -3.3424978 
-427.25748 146.14183 8.06657 51.88114 32.51194 -16.748528 -23.691929 8.736609 -7.8745246 -9.417835 -13.673262 3.363096 -1.1950772 -6.324084 -4.5747414 2.1722605 3.2080858 -4.428801 -3.9891696 -7.0066433 
-421.66745 110.89357 35.532944 56.667847 12.317673 0.47123152 -13.193547 -2.1559923 -14.048582 3.2663085 -12.355236 7.0780354 -2.289482 -0.059203386 -8.709322 6.629199 -3.9005823 -1.570715 -7.7852764 -0.39999855 
-440.75604 123.88608 59.70438 20.72205 -8.507842 12.241849 -7.1266193 -6.5515594 -11.047916 -3.5870945 -7.854627 0.3032468 -7.460645 6.017706 -7.0147867 4.378264 -8.706734 -2.04513 -7.8977456 -2.2263107 
-501.85916 157.61464 53.280113 37.522827 9.539121 22.978203 -17.360638 -9.9220085 -9.071404 0.8208948 -4.586814 -0.6265865 -13.839977 0.78329784 -6.8683376 6.3090186 -2.716016 -7.5723596 -7.8414526 -0.3936116 
-452.4896 202.90825 -5.1601253 19.809408 -4.394462 11.485463 -2.0143902 2.1111712 -22.50071 10.250728 4.464519 -5.6448817 -3.4003088 -26.685032 -2.317911 6.832828 -1.8054918 9.812371 -10.282658 -5.516415 
-438.54953 190.03906 7.8178186 19.855885 -8.866658 0.9477915 5.0667257 -1.6569818 -17.184303 8.4049015 -16.325775 -2.5281165 3.913633 -11.08041 -8.916092 3.3970146 -7.961973 -9.032544 -6.730091 -5.038766 
-455.02457 139.70566 37.913704 32.951347 15.278994 7.1772265 -9.530936 -3.0367122 -13.227674 -0.7375299 -10.676029 -12.955219 -10.805125 1.2717844 -5.5331845 7.3569117 -4.6501665 -1.4637038 -4.9384665 -5.954935 
-432.652 118.70999 43.838284 36.566265 24.762394 20.691654 -25.063393 -8.527279 -3.6636057 -7.0376873 -16.12896 -15.749233 -8.835018 5.4687185 -4.0615454 5.725306 1.0327449 5.4456773 -6.78038 -0.8813295 
-496.65555 124.92078 25.972618 43.610004 27.421358 17.444387 -8.254995 4.0033784 2.4004986 9.102338 -10.940474 -1.7116473 0.14640623 2.8925645 -5.9701986 4.03887 2.9661303 -2.009299 -10.5732765 -1.2592714 
-547.6129 157.32457 27.674236 35.384495 16.872734 27.181908 -4.95881 9.027227 -1.531876 11.783848 -9.524596 -8.0846615 -3.449952 -2.5113568 -2.6882303 -1.668446 0.51520276 2.7062068 -8.546132 -3.2369685 
-583.99255 170.95668 42.462902 34.184788 10.699343 32.350063 -3.569682 12.368156 -4.1804333 4.973554 -6.7018604 -3.138236 -6.995256 -6.795598 2.8852592 4.1575513 -0.8080252 -0.18306518 -6.532464 0.16910148 
-598.77124 179.18747 49.451736 33.306168 7.8677225 29.821922 -8.116558 9.045787 -7.405449 3.0258894 -11.263247 -4.0025125 -7.813265 -12.394658 -1.8777071 6.163041 0.97965837 -0.80939317 -9.769337 -4.9068365 
-366.55988 159.5248 -16.972824 21.113787 20.34131 -4.971456 -31.144308 -6.1007786 -3.3692389 18.61455 -8.352013 5.741929 -6.6340322 -12.964435 -2.0925596 -5.3763294 -6.582918 -2.6581187 9.221074 -10.307651 
-411.91992 130.21185 34.75253 34.785934 17.987297 -4.0120926 -17.3704 -5.944338 -7.8117847 0.16644457 -13.316235 -8.631884 -9.196364 4.75354 -8.539507 1.1155224 -2.8004127 2.3454006 -3.1608744 -7.08692 
-460.3028 151.72118 33.327557 51.890354 22.410057 6.0159206 -14.532817 -14.071438 -10.617597 -5.540884 -11.549005 -9.923528 -10.52354 -3.3694582 -0.87080425 2.481353 -3.1576548 0.00013105075 -0.79977864 -2.599565 
-529.8961 146.24019 30.551785 63.764328 -11.512692 20.650969 9.169297 0.7455489 -5.20658 6.2771864 -5.139044 -4.304468 -6.1946926 -4.364933 -3.4768798 2.0109396 0.31283343 -1.5148582 -2.7971215 2.5086267 
-561.08014 154.03276 43.83314 31.370035 6.9510126 25.564165 -4.657499 12.882931 -2.3447902 3.0270364 -12.7329855 -4.074516 -7.176032 -9.085276 -4.2178025 -1.8193631 -0.28076053 0.027595256 -5.8588114 1.2809157 
-591.6911 174.1161 47.889748 29.50122 9.620614 32.06523 -4.115053 16.64408 -3.230197 5.3508863 -12.093281 -5.126079 -4.7265234 -9.13985 -2.086135 2.9724941 -0.69273835 -2.4935575 -8.050328 2.8471787 
-445.97668 161.13739 20.404297 34.43395 34.563236 -10.667849 -17.677319 -18.792025 -12.152626 -13.938777 -10.785739 17.946419 -5.4868207 -18.208527 8.378519 0.4701927 -13.112156 0.68803763 9.592678 -15.853106 
-390.5269 154.40387 3.6188757 23.316883 5.9488735 1.807303 -13.319074 -7.6494064 -13.125312 5.3646026 -1.6764747 6.8758483 -8.031361 -10.00857 -0.796413 0.40819633 -3.5747087 -5.117202 0.73256934 -9.349596 
-400.05237 173.22917 -10.867941 34.210434 12.327473 -9.336746 -8.8765745 -9.23842 -13.832025 3.0691154 -4.593194 -1.1413378 -7.5921903 -17.000748 3.1208982 5.3834553 3.226737 -1.7573959 -4.945107 -6.059304 
-414.42834 165.01137 -2.636506 42.15233 14.302039 -2.5376856 -12.091151 -10.633441 -11.796879 7.084814 -10.541355 4.948595 -3.4913232 -10.41826 -1.2206086 -3.0009365 -0.1609984 -5.7660804 -7.356898 -5.1916757 
-480.13086 186.23643 24.659142 23.500862 -1.2735151 2.484516 2.816001 11.038338 -22.081797 3.1341412 -13.523145 -0.879437 2.6061544 -13.898614 -3.2550218 -5.192495 -1.7377853 -3.89717 0.40724003 -5.28607 
-440.69006 109.227104 55.419052 33.220352 26.197792 2.0772474 -24.801035 10.873441 -11.611231 -5.8576226 -12.635305 -0.13150269 -11.650007 -3.386956 -8.66164 -0.84807765 -12.300365 4.024334 -10.929203 -8.813976 
-411.77264 151.00708 6.817397 39.705208 20.075064 -3.6534407 -29.457724 -10.297492 -12.192232 4.579956 -3.7317162 11.005473 -10.671463 -5.687623 0.71224576 -1.8871943 -4.9849343 -1.8146509 2.0777948 -8.075013 
-471.1338 178.8408 13.100423 40.224808 29.946499 0.25066996 -27.229675 -10.464878 -5.9102983 0.4250741 -4.385538 5.2936573 -4.078787 -12.609675 4.1110463 -0.47570345 -9.065188 0.14451334 -3.9807298 -10.940739 
-481.72174 165.41422 21.895226 39.96942 32.777695 5.5604477 -32.36528 -1.8113447 -9.284344 -4.0560246 -14.899143 -1.6022414 -2.5766706 -10.528355 3.409331 -1.0870086 -3.4755414 -5.784328 1.7338879 -11.693475 
-453.0805 167.38013 -5.100851 53.23626 42.84166 -12.499122 -29.399319 3.4725077 -4.2211246 5.2101655 -15.217621 5.8833294 -0.12655407 -7.4571424 3.0860333 -3.0971696 0.11852285 -6.4472876 -3.85851 -12.819607 
-458.34137 185.51387 1.9565849 45.63968 38.526455 2.096066 -30.529045 -23.867224 -17.336308 0.91792 -8.606927 -6.7642446 -5.548554 -8.753229 3.1368706 -7.2203107 -2.2546098 -1.342211 -0.45866245 -3.6314268 
-450.45636 136.6756 48.942062 39.450928 18.16041 21.428963 -18.005623 -14.553801 -15.273542 -5.543568 -3.5835583 -6.4691525 -10.935594 0.22412226 -5.5621395 8.449166 -7.368665 0.7759887 -0.111496314 -4.412932 
-525.7793 169.96338 39.943924 47.97561 15.777086 18.12265 -7.8623905 -10.297075 -13.989279 2.2488408 -8.680019 -11.287938 -9.433422 -9.886059 4.109179 -0.37740052 -4.3803964 -3.0352957 -4.7518506 -2.4804494 
-542.8416 162.23465 20.730167 48.522198 5.342877 18.660332 -6.3646994 4.8111477 -4.130205 9.038817 -11.87316 -9.2179365 -7.48646 -1.3873686 -0.21567433 -0.70768374 -0.0041201646 5.4276733 -8.068928 -0.21190211 
-456.71783 128.73578 26.476303 44.401466 29.88798 13.723158 -13.478719 -0.73999006 -9.783992 1.9960645 -15.344463 -8.193687 -13.821483 -4.0523396 -2.2659285 -0.4924008 0.5576175 9.504038 -2.1828966 -1.4172746 
-456.2756 126.36156 47.996063 35.638386 11.350422 15.017138 -6.725486 -1.4809028 -30.294455 9.035076 -11.589266 -1.5449054 -12.563084 -0.6279572 -3.3741565 4.6773 0.56423205 -2.3991182 -8.970578 -4.226721 
-486.96255 177.57387 15.523012 44.87927 22.319654 -4.933958 -20.574297 -8.492213 -13.785068 4.394225 -12.255298 -0.1180884 -0.8648238 -4.248151 1.0344758 -2.0549166 -1.327964 -1.8724226 -7.921229 -8.855436 
-535.1557 168.7975 27.442133 44.84221 23.344847 6.052059 -7.2086887 7.494154 -7.464519 0.29162407 -9.451421 -2.0423622 -1.5871004 -6.0807514 -1.0236329 0.6295753 0.23693483 0.65156716 -5.9870706 -3.9040816 
-580.36597 177.78827 39.834114 32.243065 11.825803 27.58746 -6.987754 12.486838 -2.4713943 5.85091 -9.893341 -2.4893162 -5.8996644 -12.053076 -4.254424 1.1841323 0.97200614 -1.3902125 -3.1137648 -1.6203511 
-466.3579 172.00314 12.987543 51.86683 35.574165 -16.314426 -23.113773 -15.72105 -6.5229177 -5.9671865 -14.921923 2.4471152 -4.423757 -11.16326 2.1282656 -3.8209941 -2.9106188 3.639491 -2.957137 -8.454214 
-431.86978 113.582016 40.218277 68.286224 10.440304 -4.68964 -9.18462 -3.984336 -6.6724596 -8.591251 -17.880753 13.4457855 -13.08065 -8.467632 -7.3682766 5.7320824 0.21380955 -6.1816473 -6.323738 4.90893 
-430.46304 152.27463 25.76592 45.3797 3.1568453 7.282181 -10.191913 -11.12146 -14.979536 1.1695199 -15.4309 7.6781244 -10.724488 -7.1540933 -2.812008 4.0330653 -4.724153 -3.1319575 -3.843088 -0.73708755 
-465.75668 199.1933 27.572392 24.30666 -14.404451 -1.6133068 -1.5136365 0.19220787 -14.772649 -3.265842 -13.3840065 3.1333623 6.355554 -9.802525 -1.1219189 -10.472478 -3.4154391 -6.362653 -3.4329922 -0.71839356 
-454.95148 160.68161 21.563164 36.90882 12.259969 0.70274734 -16.602175 -1.0441403 -13.711324 -9.54208 -4.106212 5.0017834 -3.0877657 -11.606615 3.340482 6.124061 -6.6836047 -1.7504152 -1.8621597 -8.585336 
-512.9741 156.91277 32.024914 55.90068 15.731657 6.892703 -4.6616797 11.2694 -15.211524 -11.055328 -6.8673725 1.4103578 -14.085663 -13.298931 3.6650798 2.4179862 -6.4400425 2.4011872 -0.13079569 -2.660366 
-485.14844 173.75945 27.420938 29.483847 15.4836645 2.79323 -5.2665806 -3.477572 -13.416706 -3.3130622 -11.945521 -4.1983547 1.4793718 -4.4299145 -0.45205462 -1.8570993 1.1086508 -4.2449455 -4.0301104 -2.9214613 
-433.8567 187.63107 -5.301447 42.032078 9.819674 -10.908316 -14.418255 -24.566084 -19.573944 7.471055 -0.9121794 6.3017526 -1.9396625 -13.393108 2.5122347 -5.155873 -3.8071675 -6.3386617 -9.901211 -5.871154 
-460.20258 127.356064 30.436197 74.73218 25.323008 -7.0740256 -13.952656 -4.413548 -16.264038 -7.086843 -15.259899 10.3310585 -4.8167934 -10.148648 -2.292391 10.28314 2.838059 -2.0968568 -6.1168847 -0.074727505 
-552.86816 168.03593 32.594925 45.993603 15.435586 19.865715 -7.801289 5.555768 -2.9224699 4.4471197 -13.051422 -7.324886 -1.8047643 -7.342414 -1.9326513 4.003889 -0.65731883 2.9359376 -13.860854 -0.41129068 
-567.1855 164.63353 35.901226 41.8436 15.364048 25.458792 -11.110733 9.572802 -1.7695324 2.6235836 -7.108576 3.6803503 -5.1262927 -6.973886 -5.077193 3.2779186 0.14290258 0.30269113 -2.9055455 1.9539555 
-434.0108 107.47679 44.873543 42.467556 25.023813 15.077351 -26.285574 -7.146685 -4.575762 -6.720499 -18.962126 -9.800714 -15.962236 5.0788226 -14.77516 5.8643126 -2.5032449 5.6711817 -1.3228327 -8.444141 
-450.72366 158.12115 23.84066 32.643024 31.78691 5.321049 -31.114763 -18.718908 -10.193523 -0.041309092 -13.431524 2.220086 -5.907936 5.822174 1.7435678 -0.24695462 -6.5747523 1.812097 -5.1935344 -13.496212 
-511.02826 140.69713 38.99456 42.75421 10.002833 21.287865 -11.979272 2.3774035 -7.2495136 6.701156 -9.881284 -1.3128135 -8.039913 -0.8885874 -4.0934577 1.6280284 -6.440874 3.7829082e-05 -8.931763 -3.8423467 
-537.39557 130.42822 41.127586 44.907223 15.881819 24.760773 -6.6715117 12.684666 -11.32201 9.236752 -12.284404 3.1583934 -8.147031 -6.7210665 -3.8379908 6.023163 -6.2652507 -1.7341787 -5.9444284 -1.110185 
-384.84808 99.94637 36.92667 45.214516 31.353577 -2.952399 -33.453053 1.6016109 -15.939509 0.0659069 -14.5792 2.3605947 -6.150095 6.067124 -10.4692545 -0.7674153 -1.5294414 -0.10023626 -3.717059 -10.237891 
-447.21323 177.72806 18.972315 27.397778 19.878994 7.265196 -21.447157 -9.960276 -11.1157055 -4.1883063 -7.718416 12.687055 -2.6720085 -12.140182 1.8971334 -0.62952167 0.050728533 -1.5942954 3.8642244 -8.268108 
-395.69086 84.3193 36.67608 53.10151 14.945637 8.235615 -11.945714 4.3685665 -5.9080296 -14.885546 -28.035942 7.3531137 -4.5371017 -0.73542076 -6.692967 16.015541 0.17894912 1.3407089 -6.5347376 1.1717695 
-449.3734 121.34905 33.81776 70.6649 19.12125 9.724042 -23.335167 -5.9722385 -14.2277355 -7.898478 -19.276178 -1.3899761 -5.25116 -3.1091502 -4.506561 7.970915 -4.3061504 -0.43035486 -6.4869776 1.3899316 
-519.3297 172.12196 10.946227 50.332024 27.243814 16.864967 -15.543828 -12.040072 -10.15623 6.956489 -16.854288 -6.007859 2.604981 -4.905208 4.519688 -0.37502483 1.5834432 2.1288955 -4.153382 1.6791215 
-577.3036 173.07362 49.19648 37.42985 11.655033 26.50115 -9.525875 7.8746195 -5.940826 2.4335313 -6.5600185 -0.09981884 -3.8715396 -4.830028 -3.4460535 0.82294244 3.9141896 -0.33290997 -4.2685947 0.19275697 
-593.8289 177.60977 49.316483 36.718235 12.109454 30.035378 -4.911752 13.653493 -8.631712 4.9335933 -8.744129 -5.1931853 -8.172152 -7.00033 -0.51695305 0.8055413 1.7761484 -2.7830868 -6.7890606 0.9718275 
-589.7348 180.51283 37.100864 41.5224 12.819365 34.209564 -7.864061 12.615568 -4.742268 1.6129358 -9.918929 0.07009452 -7.95966 -7.2960486 1.6790869 -0.8659691 -1.1781114 -3.1661446 -5.362393 4.5155845 
