-300.30725 191.55841 9.685102 44.23564 -51.69178 -27.804108 4.734814 -16.954353 -14.80595 3.752469 -10.820216 -6.330251 3.6839497 9.180433 0.26561272 4.733709 -14.169899 -5.2394724 -6.524324 -14.504188 
-267.60577 123.77832 30.586653 40.414772 -21.848318 -6.728609 2.5537906 -3.607098 -34.012173 3.9529288 -23.812695 -15.740703 -5.0796185 12.211748 -3.8699586 5.541929 -2.1055808 -1.5829062 -7.6567755 -7.8891177 
-222.42055 174.3413 -26.853548 28.533508 -23.292402 -13.468731 8.905457 -6.874305 -32.93579 0.52949756 -19.107277 -0.84535384 10.735608 -0.0955105 -7.3393946 2.089121 -8.924894 -6.636209 0.69046474 -13.603133 
-260.68536 171.6413 -26.077522 13.001983 -38.352253 -30.584015 12.824236 2.2026374 -13.806428 11.951152 -16.237373 -1.6489109 6.5665774 -5.1171064 -2.5030558 3.6737852 -25.209421 -8.683589 -3.1824405 -8.058491 
-301.52185 83.91623 22.985695 41.735603 -6.509369 15.464198 -13.040615 5.7928286 -17.9945 10.409538 -25.59414 -11.464681 -0.94508743 2.432953 -7.223432 7.0448413 -16.47868 2.5136762 -7.9065685 -9.343503 
-222.6474 99.438515 41.771683 30.604807 -17.254875 -8.099812 -0.06369802 -5.2621546 -35.5883 5.470331 -30.881845 -15.518699 -7.192103 10.798156 -7.5394125 13.828801 -10.780834 0.6374661 -11.71532 -1.5610902 
-193.65614 129.24022 6.4070134 13.754314 -38.25856 -22.195244 -0.68986404 -3.8056204 -28.374739 4.100183 -22.201502 -3.4546406 6.746953 9.83961 -3.3395214 8.060513 -19.429663 -6.3070774 -7.7770276 -4.2207294 
-232.2381 115.7964 -9.685711 32.24793 -4.463167 -5.2064424 0.62815756 -21.75148 -40.492596 5.5713396 -29.237942 -4.454722 2.3743303 2.7430675 0.59657216 10.776317 -17.458946 -1.8644499 -4.981254 -5.714649 
-270.00525 137.73143 6.1115937 44.753204 -0.40032113 -12.356216 -1.263057 -6.608156 -24.460604 4.946315 -23.677094 2.5910037 0.08159333 -0.72818583 -0.15720388 9.157294 -12.956203 4.213143 -6.3751535 -3.234935 
-331.0838 182.52898 36.383423 50.60605 -21.58342 -28.229717 3.5519085 -10.229442 -30.561062 1.0467873 -20.92112 -7.3719277 -4.628018 0.48641163 -4.2203574 9.091861 -7.479949 1.9848322 -4.686972 -5.3954453 
-308.16614 91.10942 31.929596 71.34738 4.703158 10.976591 -15.723652 11.139853 -29.449205 6.890987 -18.5942 -7.4326153 -0.6789065 -0.36263934 -7.4510727 6.9381266 -10.633976 1.9448643 -8.21027 -7.2520657 
-372.0954 202.06201 20.078367 38.753845 -26.74543 -25.18981 -2.3470068 3.947032 -27.46236 3.9862595 -6.8259273 -15.010289 5.7864957 6.881895 5.0653214 4.35979 -5.3503437 -9.27076 -7.6886344 -9.25526 
-205.86325 163.86998 -20.496334 3.158135 -23.574537 2.0523884 -8.219344 -19.531548 -28.772976 1.5153251 -2.584235 2.4848087 8.030071 0.11787234 -17.334984 3.665637 -14.568874 -7.1864243 -6.4923453 -13.729972 
-236.3802 161.4721 -21.774157 41.29549 -18.227741 -2.6550322 11.591785 -17.452173 -30.8801 3.5933483 -11.356303 -7.091089 4.279755 6.2716975 0.5771798 9.195179 -1.1872339 -10.85649 -4.7914443 -10.6595955 
-262.04315 112.24378 35.517128 29.995432 -13.877089 5.1471863 7.0393476 1.2244546 -38.348118 6.236067 -25.318966 -4.807412 4.80649 5.492185 -4.814805 11.530415 -6.5922804 1.7751846 -4.7432923 -10.0554085 
-319.82196 119.81376 37.09231 43.52429 -13.338337 4.4206743 -1.1195693 5.784425 -30.003439 3.5161674 -13.248954 -0.09844012 2.9951112 8.689429 -3.878708 6.645971 -8.002814 -1.501184 -9.533017 -12.225963 
-365.70053 129.17526 36.62693 62.400845 4.460745 15.856064 -9.50816 -4.5768104 -28.315657 0.19396114 -18.847092 -4.023962 -0.9765641 0.6554351 -5.1883492 8.812938 -8.748299 1.8495764 -7.6414347 -8.092657 
-398.83252 174.82848 51.368103 27.537394 -14.664661 -18.501314 -5.448601 -0.25047323 -23.459938 -1.268698 -12.310214 -1.0885446 3.1431553 7.225888 1.816796 5.432933 -5.963831 2.3761728 -7.5101185 -8.291922 
-354.59167 173.68347 8.958259 20.787483 -25.99118 8.769559 15.348945 -3.4533324 -23.327065 7.3083477 -15.398533 11.080862 11.651094 -0.41129124 -9.035006 0.53479487 -20.24739 -7.7358465 1.1347154 -8.82724 
-376.87274 196.4849 32.763874 17.857958 -36.46891 -22.209637 17.637392 -4.196609 -9.197147 16.962059 -13.299308 -9.065407 9.572729 0.6859312 -2.246462 9.314387 -10.207331 -12.626278 -11.877995 -5.434545 
-431.2433 106.9325 16.651777 29.097694 7.9896207 28.862906 -7.302603 -0.81375355 -15.205726 18.970133 -10.512867 -6.6390605 -8.134412 2.3394039 -7.545225 14.454701 -12.93042 -1.9273864 -6.88169 -4.453307 
-261.19104 119.285416 -28.589626 64.50023 29.293423 -18.098843 2.561722 -24.384539 -29.768686 14.426036 -28.503304 -1.4846977 -0.3154078 8.774578 -8.5161 5.8161755 -10.478217 -4.2750154 -7.8886685 -11.84899 
-342.92572 123.86539 -7.858263 52.554096 25.053413 -2.1500914 -2.0294333 -19.956957 -10.8581505 12.499912 -16.600813 -7.268502 -0.5184276 5.4432693 -2.2524478 1.2690748 -19.352348 6.4560914 1.9120816 -10.753637 
-242.74539 79.03012 18.07946 17.043747 2.3524961 16.31622 -27.299643 -9.274612 -30.921888 21.028715 -4.5156984 -4.8634005 -3.6818898 12.622807 -7.289129 5.43013 -17.022072 2.0154843 -11.491584 -5.6712093 
-227.08588 138.6886 -33.30045 35.91103 39.835785 -7.727093 -23.868353 -26.329386 -39.99286 17.764687 -22.345816 -13.839212 6.6568813 7.405169 0.9092971 11.214646 -19.992134 -0.5436058 -3.1363978 -10.138376 
-318.99408 156.28217 7.168096 32.110806 16.658318 9.565231 -10.21144 -15.904824 -27.161434 4.0652485 -0.34745714 0.47642675 1.2212743 -1.1079808 -2.446415 9.051016 -10.363505 -6.501639 -8.294819 -7.409034 
-352.4142 130.43306 32.574 41.39276 4.549493 18.55497 -9.843346 -11.085911 -36.369053 4.619234 -12.968558 0.04275523 3.1012373 0.31530586 -8.764247 9.771173 -7.263282 -1.3350954 -11.010644 -10.228346 
-363.9473 132.0264 46.104843 23.174564 12.0136 4.205532 -1.2463712 -2.6388671 -37.919846 7.5687494 -15.764967 -1.8018163 1.8461348 12.994642 -8.949271 9.329908 -12.90904 -0.4601506 -6.844764 -8.338454 
-390.3755 157.67863 13.215622 45.151657 14.688618 -2.9524202 -8.656626 -1.8764863 -17.229929 1.459654 -11.207682 -4.404824 -0.81520015 0.9800941 -10.550516 -0.041481335 -5.66756 0.33029673 -8.763692 -9.184423 
-415.3766 158.70914 18.058853 42.17676 3.117703 6.3394647 -10.004839 -8.143973 -8.018858 2.6799912 -11.608541 -8.663043 3.5151236 7.1399775 -0.14236027 2.9083493 -5.978134 1.0510178 -3.710349 -7.659937 
-354.87668 142.75655 47.894817 40.099564 -20.659145 5.9709206 4.674024 5.2307806 -38.176804 6.8835797 -26.3984 -13.83637 7.364797 10.499877 -5.868347 9.345664 -3.3733897 -2.922368 -1.9264995 -4.9630756 
-395.58823 143.94867 30.558376 34.742798 2.5787075 15.993188 -12.642355 -3.9715064 -26.59716 0.640026 -20.212095 -11.044446 8.217007 11.084687 -3.213595 1.289791 -7.1874676 0.5954732 -4.556555 -8.363018 
-434.77283 149.29877 14.083773 39.466038 8.349081 21.497595 -10.303861 -8.809398 -23.869896 10.910718 -6.321211 2.0143907 -3.1446917 -1.9541463 -8.299606 6.3289576 -9.4291725 -4.453967 -8.249974 -3.9015749 
-479.04163 109.08742 37.384296 76.16805 -6.635915 16.319197 -5.2403855 11.858184 -18.518805 19.216976 -20.76809 -9.6308975 -5.164844 -4.3319526 -14.437359 6.6433764 -1.2133075 -0.50651526 -10.713691 2.1961896 
-312.47382 158.95169 -25.981758 28.08119 -8.119127 2.9009805 11.452488 -13.546775 -27.999659 11.70636 -7.24193 9.158753 -0.631243 -1.6971985 -11.240695 -1.448188 -13.173115 -13.23152 -0.183835 -13.674964 
-374.10852 211.65546 37.41255 39.045956 -25.910189 -33.43921 18.522045 -8.88654 -29.525675 0.42851627 -15.403386 -9.788349 7.495161 -0.7435615 4.8616443 6.690794 5.374518 -0.89810616 -7.153789 -5.733137 
-451.7235 143.77814 6.717031 27.565617 -8.668464 29.797232 -4.653948 -6.558933 -22.932745 4.6796517 -9.281259 -5.294482 -4.7312236 -3.2290874 -7.0373645 10.8452425 -6.703776 -3.3828413 -6.7953396 -7.4463787 
-398.7621 86.25972 14.309908 51.0458 7.9423733 31.391758 -18.837845 -1.0089264 -10.595823 11.63358 -16.27725 -7.9711785 0.67101806 1.0653586 -9.271055 8.871955 -7.253672 0.27728617 -2.4823158 -4.0612006 
-158.55206 132.88495 -59.139786 36.887897 -2.465685 -13.512916 -10.564274 -43.532207 -19.481867 14.468408 -4.3015423 -0.05789663 1.198339 5.294024 -0.38374293 -1.7446086 -22.551388 -3.1756556 -5.9157395 -11.598431 
-184.8774 109.43061 -25.25869 26.115728 -9.634573 -1.9275137 -24.845602 -16.68827 -10.002474 23.084122 0.76927227 -4.9146433 -3.0220823 1.0430598 -11.622584 5.6988163 -20.73624 0.6594256 1.7803625 -4.0439925 
-283.17023 51.87575 44.567894 69.657845 1.759927 27.963661 -26.18267 -1.8419514 -22.362404 14.294102 -20.789564 -16.380379 -4.076705 2.0028143 -13.148237 6.191897 -6.484241 6.640618 -4.7662916 -6.375225 
-320.5176 122.02459 11.376221 63.600235 24.055067 9.9144945 -13.287859 -13.071527 -31.597403 1.3477702 -21.349098 -14.102412 0.24590577 -4.6557612 -7.941477 10.501826 -1.6084676 -3.657675 -7.471105 0.407659 
-329.28824 151.4887 16.160034 29.937548 12.981436 11.789477 -9.236621 -23.173347 -30.404856 0.52527833 -13.408845 -2.945506 2.436551 -3.1805239 -7.0913453 12.078762 0.973149 -3.211943 -9.601403 -4.642022 
-341.137 162.13069 11.344532 35.272583 -1.541591 -8.864666 -6.2270226 -21.139366 -36.98535 8.668645 2.0332644 7.900129 5.544149 -2.1721568 -4.073616 6.4932165 -8.955491 -4.372262 -14.220108 -9.353193 
-464.1335 138.5077 14.473777 30.840841 3.9162352 28.74666 -9.546653 -3.009814 -15.726704 19.565926 -4.323284 -0.4226905 -8.100013 1.585444 -4.799411 12.272844 -13.178538 -0.11018077 -5.2409873 -1.1784618 
-393.6476 106.905334 52.815014 47.39817 1.8744605 30.310463 -12.564604 -5.3778667 -32.42887 15.529716 -21.178715 -5.702786 -5.026611 -1.7400482 -11.790927 12.358302 -9.414711 1.402989 -3.351581 -3.523177 
-270.56598 139.13092 18.11152 25.193367 -34.147354 -5.708143 9.557808 -2.6973753 -34.654922 7.508499 -12.305017 -10.526129 9.5141945 10.36919 -15.246404 10.90618 -14.03495 -3.5448446 -1.7270501 -8.488391 
-169.91911 89.46047 -10.287315 26.189613 -16.840508 -1.3060477 -7.969141 2.8001504 -26.179665 10.49746 -11.199435 -9.283713 -2.1813 1.7136556 -15.851711 13.271926 -8.551259 1.638275 -2.5291286 -6.1986957 
-287.9834 142.37807 -2.3224657 40.657627 11.447594 14.624564 -1.0101042 -2.4310417 -27.851599 8.4984045 -9.154143 -1.895632 -2.3400018 4.5415134 -9.882869 -2.0044382 -7.403517 -0.9674308 -10.571154 -5.1070457 
-295.85864 93.63756 21.455069 57.084305 2.6601596 13.595076 -11.103924 -2.5940027 -28.134495 6.085667 -12.79899 -3.987314 2.200471 5.2662897 -12.209009 2.779311 -12.614758 0.19754598 -5.801698 -8.990719 
-359.69342 157.77399 41.411617 30.702003 -5.98823 4.3238144 3.8751004 10.424926 -34.552658 10.1179285 -7.247126 8.581173 6.515874 6.873874 -8.854855 -1.3575369 -13.821365 -1.446176 -5.544717 -7.3263135 
-477.64697 170.21428 67.30002 46.340874 0.801616 2.3454149 -8.185287 -3.2678525 -25.115215 -1.0304022 -15.010886 -4.073971 0.45336902 -0.93355304 -7.9402914 0.3203789 -9.000584 -3.8791819 -4.3409595 -0.839361 
-548.1374 172.08759 41.944798 39.982483 7.064528 15.3552265 -8.749956 11.57303 -8.759087 5.6401706 -8.776799 1.3669659 -3.5252018 -3.150388 -8.535513 2.8735847 -8.518464 2.8941846 -6.3597884 0.909024 
-452.21744 171.92569 19.829798 26.210737 11.565542 7.4276648 1.5017743 -4.460481 -14.583491 3.4558687 -1.8842006 5.5376067 -0.32511342 -3.7284884 -1.8268762 -0.29379436 -6.3756075 -2.208278 -0.3262362 -5.9596 
-198.23215 119.16026 5.1704497 20.19857 -9.577986 7.187293 0.33805385 -10.449971 -42.773006 9.643663 -17.701712 6.8398204 -3.920947 4.1666737 -3.1534173 6.8334026 -6.8479395 -3.873358 -7.4724307 -10.502975 
-361.03552 172.07535 38.57335 38.466496 -12.819885 -10.32106 4.304676 -8.607036 -31.553507 -3.7602284 -20.543222 -6.5648365 -3.8243854 1.3601834 -0.97637296 3.415603 0.4765965 3.1195252 -2.4025493 -8.015148 
-397.79785 117.247406 29.060677 28.081697 0.34377417 7.157824 -1.9590367 2.45519 -18.206198 5.820443 -9.385538 -1.3417525 -5.118894 -0.19146909 -9.110188 4.0148196 -12.244993 0.30343267 -2.6310956 -1.8732139 
-197.37646 133.00262 -40.380596 54.900616 0.45790714 -20.865088 -2.1708362 -28.150278 -29.176157 0.07861842 -22.87447 5.888019 2.9800653 -2.303088 -6.0864773 4.8549366 -11.195362 -8.832342 -9.280399 -6.262169 
-187.61455 60.017044 -1.1693783 68.94127 8.214998 -4.513573 -14.89861 -4.6161075 -35.06811 3.458108 -27.442944 -7.359192 0.5704759 -3.340504 -13.104336 5.4817796 -12.33892 -4.9943357 -13.082558 -10.968764 
-258.27814 168.58624 4.3927584 24.057072 -22.373116 -23.92554 10.525886 -3.2189941 -32.11166 3.9058075 -15.544591 -8.913563 7.155597 -4.6707444 -6.925006 -1.4320583 -9.123264 -5.550815 -3.9576378 -2.7788208 
-277.07013 83.0545 46.6946 29.250414 3.123393 22.460192 -1.1152797 -7.600586 -39.62427 8.110568 -20.446743 -6.2013574 -11.270267 -3.467143 -7.2099204 12.467269 -8.62047 -0.17774701 -8.306961 -8.130453 
-195.06569 156.69618 -53.791573 14.720452 16.231564 -15.40485 -10.465075 -22.600336 -33.612648 21.848366 -8.434193 2.755395 4.80613 2.2509139 -2.436338 0.012852033 -22.291214 -4.9796906 -2.9836156 -11.261106 
-340.34137 167.28253 -9.301597 45.155327 9.48364 -9.573498 -4.886939 -7.155054 -26.335606 5.8169994 -15.110109 -7.2998343 -4.895355 -6.0311475 -8.956868 3.3996878 -9.381042 -6.0555706 -3.2263467 -1.8439233 
-380.28058 157.83609 41.534023 51.083664 -9.209811 0.03873551 -2.346628 -6.165073 -19.737818 -9.030071 -10.738896 -7.036413 -0.7836659 6.6165247 -2.36209 3.5425966 -4.625279 -4.416735 -8.507151 -9.511199 
-374.68298 153.15419 23.60418 44.16347 16.925383 1.8072467 -9.824379 -6.4278893 -24.104565 0.14860898 -16.706764 -9.029185 1.802113 4.880906 -1.9512067 10.178363 -3.8021061 0.075698376 -7.559978 -3.343659 
-379.70673 102.97771 59.257126 39.93758 -11.668162 11.576342 -11.067462 9.312442 -31.249952 19.526062 -22.856464 -2.1231363 1.6969619 7.7323084 -6.004984 14.167243 -3.9359334 -4.869116 -8.68372 -7.277866 
-384.55865 97.43096 32.746994 53.10977 28.44122 25.75927 -39.984035 5.445218 -19.179768 8.960715 -13.17634 -22.251059 1.3955634 4.126629 -9.768192 6.3748856 -6.4329586 2.0265727 -5.519731 -1.2700323 
-396.17932 162.54216 12.821158 28.363173 15.325945 7.1054225 -11.742686 -3.4900334 -27.524492 4.281444 -8.575243 0.28630543 6.1539707 3.273607 -6.4129233 3.1789246 -8.88555 -5.0599914 -5.603533 -3.3498478 
-370.29825 154.54971 -4.5463433 64.54137 28.972425 5.584842 -14.21309 -22.240807 -24.202065 -1.09865 -22.086397 -11.117336 1.8658243 -1.4427931 -7.273247 10.694027 -3.069027 -4.2451468 0.51152235 0.6505474 
-371.48453 175.71568 21.820335 46.92078 -8.797603 -9.978199 18.511911 -22.48452 -36.99156 -0.68259495 -1.5828186 -0.13328928 13.016451 3.1840627 -9.6536875 3.472687 -1.9548005 -3.9937384 -5.3791714 -10.780146 
-350.64978 177.28906 43.20454 30.399075 -7.600779 3.6024938 -0.27023023 1.2889124 -10.17344 7.505761 -9.642952 -7.0971065 -3.477036 -9.436474 -17.291145 -0.85190773 -8.270586 1.5501479 0.5142858 -0.28963962 
-317.04752 114.54522 34.99919 41.461346 16.389452 6.167879 -16.610743 -3.5580685 -35.15848 13.9948845 -14.701214 -4.3652554 -2.6403284 3.8966074 -9.003125 9.987113 -3.037482 -2.5136232 -2.4020023 -3.1100285 
-404.86142 121.29379 18.90305 48.733063 24.950008 14.462524 -13.94803 -3.6686254 -15.517266 12.40301 -20.53757 -16.37534 -3.914361 8.079212 -9.558747 5.494548 -4.7946496 1.0863365 -6.4255652 -9.085924 
-417.7381 159.46541 19.2703 34.473553 0.38305938 10.336 13.004196 -6.217477 -18.960114 2.3336484 -9.181034 -11.073237 2.2590077 5.0620184 -7.026908 0.8279066 -4.6484003 -6.385023 -7.6484165 -8.508823 
-246.6869 97.33918 32.772392 33.95286 -19.992653 5.0393467 9.552145 -5.8033824 -35.840515 6.694861 -26.74198 -5.1881833 6.179178 11.475721 -9.111095 7.084299 -5.2554626 -1.6072654 -10.154009 -5.81291 
-247.45123 116.865234 38.758537 40.394203 -35.096455 -12.886279 -6.373179 0.9522288 -34.058342 16.150726 -27.724287 -20.110292 7.0565886 9.1615505 -1.8300653 6.986608 -1.3048717 -7.0649176 -11.188338 -6.963664 
-288.51163 182.40189 11.947353 24.443153 -13.142935 -14.18833 -4.025591 -5.712427 -37.82847 16.985043 -8.615681 1.3176122 12.24515 -5.644754 2.175106 -1.5451922 -5.945669 -4.31699 -1.1161681 -5.518185 
-332.92816 152.5865 42.88885 38.533558 -25.474281 -9.460171 12.190443 -3.3724759 -38.72265 6.3525023 -20.046835 -5.7527375 8.020632 12.913941 -2.598876 11.417502 -9.197696 -6.155679 -9.969107 -7.76553 
-393.07507 126.94573 50.121048 40.777485 2.0209365 0.5206638 -8.402592 12.954962 -28.848717 5.4523935 -19.775978 -11.785183 0.72999907 5.030041 -2.870288 12.562267 -2.6820545 -4.638144 -10.051944 -6.6263165 
-384.46295 126.5986 33.34376 34.669765 16.215046 1.6355073 -9.215721 15.540383 -29.404697 -0.5473408 -13.116813 -6.559403 1.4321283 2.168626 -8.395581 11.758558 -5.116563 5.396702 -9.554179 5.063328 
-336.4791 196.14835 -12.315179 36.283936 8.711862 -23.628952 -11.349929 -5.0589523 -43.469864 -11.822558 -1.0243454 20.135847 20.697472 -4.3680077 -5.3224807 3.7290404 -15.482862 -12.327795 -3.897516 -8.069679 
-451.1012 167.26332 39.583504 44.19098 2.8619943 -3.0519295 -13.259693 8.327082 -14.546858 3.8819046 -0.70238847 3.4771883 6.150457 -8.765353 -6.668595 0.7560289 -12.38333 -2.219984 -10.394574 -6.0516653 
-355.64236 143.27806 27.291368 33.08992 -23.38373 -3.302073 -9.040453 8.047751 -19.97713 15.764729 -6.7689233 -2.5754898 12.790113 0.36535713 -10.861301 8.049033 -19.355446 -1.2363833 -4.076288 -8.118257 
-418.77454 106.71008 39.21913 67.8355 2.8766737 10.697822 -6.7722125 8.350445 -19.866312 11.301891 -19.458057 -8.083619 0.37574613 -1.2441057 -18.481197 6.767996 -2.886082 -3.871165 -10.095195 -1.1889855 
-435.06418 123.78659 31.8131 26.512098 14.626578 25.846046 -11.049515 5.216507 -17.757795 14.709381 -4.168451 3.5574062 -9.380817 1.9927487 -5.4046383 2.5698662 -18.031195 -4.070306 -7.6006436 -1.4772726 
-407.20203 139.15303 26.007542 35.364212 23.997494 9.49519 -19.298946 -1.3752902 -14.537601 18.777847 -4.9668465 1.7887675 -2.2204504 4.224409 -6.6267385 0.15515362 -17.069252 -2.0905576 -8.889993 -3.0399733 
-427.8726 125.514854 16.275023 27.708225 15.279097 41.62384 -2.2224889 0.8623785 -19.068983 10.000969 2.41821 -1.3206797 -6.233862 -1.0196339 -5.4430075 0.8481047 -11.889778 0.6113508 -7.799944 -7.029264 
-429.51736 101.54489 20.793938 34.168755 12.36653 34.47792 -1.9370351 4.6457963 -17.866398 9.49069 -5.3804517 0.94871587 -5.2358356 -0.71623814 -6.734887 5.053279 -6.971061 4.141943 -8.187696 -4.510688 
-446.10318 105.246704 46.01363 45.55778 14.341989 24.89502 -0.8230674 9.872443 -6.7102075 11.984458 -8.636894 -1.2419904 -11.49894 0.69132876 -6.329849 0.6207965 -14.285091 -0.47305128 -11.045704 -5.0525417 
-439.77383 98.85105 48.031673 40.78915 17.5846 19.560404 -3.4011648 10.217492 -6.308155 12.220912 -4.1315775 0.9551659 -10.258788 0.48366037 -4.311437 -0.047806952 -14.576481 -1.1533619 -9.67093 -3.5592241 
