-273.40442 141.64857 -21.93614 27.800194 15.301804 0.03798257 5.77557 1.0938535 -35.47079 9.97629 -13.135869 -5.5722213 -13.967159 -7.415937 -2.5893636 -0.3627617 -9.998012 0.9217547 -14.381692 -3.6708171 
-231.50008 182.71985 -12.37791 7.671741 -17.77511 -10.504368 13.623557 4.2985735 -40.85601 4.144717 -16.191074 -2.6638925 -0.844232 -7.010595 -10.787945 -3.6129215 -6.0270433 9.82766 -12.415611 -3.0212877 
-263.6722 118.167725 40.409294 23.665123 9.018456 4.5763454 -10.064319 11.921822 -30.314053 -9.587311 -19.278603 -17.632095 -11.840739 -0.4859972 -4.082651 -2.0328028 -5.5087986 10.950852 -10.9853115 3.530888 
-253.52365 116.39445 4.7894926 78.71176 31.404392 -16.611233 -18.073225 17.522572 -35.099335 -4.089824 -25.496803 -30.835306 -1.9540054 -0.4513392 -14.480994 -3.9106777 -5.702106 5.2397337 -21.091017 0.25462648 
-186.9448 112.75644 -28.45599 26.122612 17.04258 3.672966 -5.187676 4.060152 -39.827827 19.19553 -10.647941 -12.670881 -13.609814 3.9652982 -0.17528394 1.2376076 -21.059425 7.085493 -15.7524395 4.067621 
-252.21661 148.15288 -16.453478 49.63282 29.331448 -19.404696 -13.485054 5.71402 -34.375504 2.9786284 -32.148895 -21.491182 2.1215897 4.804523 -8.451142 -1.1492757 -13.395667 17.818556 -12.858111 -6.4958076 
-327.73752 106.97043 29.662354 53.398758 18.574522 -1.3133724 -7.0355377 17.72068 -28.554287 3.5448034 -18.058582 -15.2084 -2.2048478 -1.4126029 -10.737294 -1.391135 -15.118954 6.2527328 -17.968367 0.97131944 
-226.32718 125.94217 -25.734684 36.423443 47.264137 -2.9372208 -11.478628 5.4407535 -27.953564 1.9045603 -16.87782 -27.370575 -5.79697 1.646115 -9.361611 -7.0010242 -10.188489 9.147099 -6.8987846 -8.169966 
-234.38615 141.63414 -20.224691 43.377956 35.102367 -17.585617 -19.912418 3.6501803 -35.1065 -0.54222333 -20.99648 -35.35306 -0.9973454 8.917677 -4.052035 -4.0717444 -8.6322 12.751206 -7.9157963 -3.0103006 
-361.46643 154.03668 24.321257 46.44853 22.300747 2.52686 -10.130453 5.2510247 -21.249779 -3.7394419 -21.231876 -14.799083 -0.25229344 -3.4784746 -6.4195614 2.5693798 -10.153736 11.528561 -9.567587 -4.3328757 
-375.90857 141.204 21.379591 49.389736 27.949434 2.8572702 -9.606893 8.590905 -17.632116 -1.2337018 -18.376944 -13.795831 -8.379948 -4.5626554 -7.819897 -4.1128254 -11.235424 6.9756527 -10.400686 -1.9226801 
-280.76318 147.97264 -12.618744 51.800404 47.848778 -10.058321 -15.600169 8.29619 -20.333433 -11.434743 -12.142823 -24.88431 -12.760003 -3.7548366 -6.956157 -16.968285 -7.861156 5.676545 -15.479091 -2.8218207 
-240.59808 159.98785 -21.608715 39.69969 42.50961 -15.637615 -11.334143 14.45185 -36.170284 -11.664295 -17.408195 -16.083687 -12.877822 2.3491566 -8.501095 -0.5611428 -5.2720776 9.188455 -18.557367 -5.007212 
-248.31114 84.34396 23.440168 52.705227 33.232426 3.485454 -25.973438 13.140449 -30.233538 -4.399551 -12.588993 -21.638308 -20.197838 7.807116 -17.773836 -5.083554 -2.835951 4.363244 -20.308117 2.932908 
-249.71802 120.04618 5.4698763 33.30502 13.86727 9.018699 -13.549861 -4.9043064 -30.550194 0.5327052 -17.654152 -12.812448 -20.966185 7.6975403 1.2979251 1.019452 -10.021324 3.4955797 -23.914045 1.8238335 
-241.43704 76.918434 11.808453 64.070145 10.244022 8.3082285 -19.90599 17.527918 -27.113997 -0.48909506 -23.518642 -7.702686 -17.930275 6.570452 -7.5005245 -8.884011 -8.183429 10.131617 -14.41481 -2.3729825 
-242.73633 114.94272 8.361845 14.574703 -6.5162563 24.11271 -7.273384 12.284899 -22.229382 5.731257 -12.710504 2.1602201 -8.947971 0.425704 -10.257472 7.311337 -14.170555 -1.0851891 -9.261751 -2.4781299 
-295.7236 137.67398 11.466763 33.0038 16.690079 14.3868 -10.081669 -8.54983 -27.480804 5.3785977 -19.109352 -8.72224 -5.981207 -3.0504248 -7.6470227 8.308514 -1.7427969 -1.3606948 -8.563841 11.774413 
-299.865 136.5338 1.8340486 47.861187 39.75928 -4.0545444 -8.348247 10.933466 -15.625253 -8.274044 -18.43892 -11.214594 -13.072542 -2.684347 -10.418892 -13.033137 -7.5426188 8.247447 -20.411995 -7.9345875 
-258.95053 155.9596 -23.093046 41.142654 44.019672 0.24076292 -13.574194 -8.050547 -32.385696 -2.7909758 -15.831007 -25.632544 -14.403303 -1.2650495 1.4753456 7.804055 -1.8447609 6.072157 -15.362588 10.276146 
-359.39587 144.091 19.306921 43.84048 15.296444 0.60031694 -5.076412 15.903185 -21.452888 1.5059801 -23.597197 -5.391778 -9.347489 -1.5888814 -3.6034176 6.909235 -12.156899 8.385255 -9.194558 -0.32346842 
-271.73093 115.58514 -3.4152842 47.316624 32.669807 13.260242 -16.5078 -0.62938434 -25.46245 7.44046 -22.045708 -24.89093 -16.432566 3.5956268 -0.32607576 0.5313637 -10.304573 4.4902544 -9.151492 1.8001137 
-224.41234 132.24947 -10.151844 8.522388 3.2404583 14.680437 -4.5681305 8.53542 -21.264204 -0.37194178 -18.801666 -3.6827452 -6.86012 -1.75108 -9.023479 10.169041 -18.59214 -2.2027786 -6.8673654 -0.8346187 
-285.48267 110.65988 17.308552 38.19065 12.424872 30.431484 -20.315468 2.4617045 -22.744274 5.96144 -14.553959 -17.340681 -27.969942 6.1101403 -0.8692057 0.5247657 -17.359077 -3.4450164 -2.0999053 -0.5066966 
-387.37268 111.261024 13.39206 37.65326 19.274706 17.038002 -2.7160501 10.799056 -12.331145 8.500309 -7.851064 1.831902 -8.464948 0.5771751 -4.41899 3.6459732 -13.106826 3.636735 -12.673942 -1.2764951 
-319.0699 131.11224 17.860453 56.95847 34.977547 -4.329996 -7.7311764 17.022627 -18.306105 -0.26808828 -16.132633 -11.509632 -8.4628105 -2.9746854 -14.131638 -8.458501 -13.083413 9.060294 -14.450475 -11.179618 
-248.96411 102.98426 14.602284 52.949406 31.475136 0.1636414 -7.766938 11.232203 -27.678764 2.858037 -18.63322 -14.512606 -17.007816 5.9417143 -5.698374 -4.760979 -5.8359394 7.195863 -5.5606904 -0.66177714 
-279.2307 116.997574 33.598984 36.300667 21.049538 27.872084 -20.69136 -0.5280643 -20.44509 5.530217 -14.559208 -17.14301 -19.594887 10.064293 -2.148364 0.43349537 -13.82488 2.6074247 -4.271994 5.222816 
-264.00726 105.36661 16.272926 44.906532 27.958687 14.130632 -15.042511 5.625208 -33.74762 3.2528818 -10.567075 -20.825676 -26.234392 4.037421 -0.8169705 -0.37486205 -15.282416 4.683349 -9.107374 4.2308264 
-276.93982 139.14314 4.6321387 59.11561 44.27386 2.7137156 -20.938969 8.155161 -27.880787 -1.6052778 -17.327326 -20.849052 -19.277956 9.10775 -4.424045 -10.939637 -5.0869846 9.748719 -20.306864 -5.771513 
-316.74808 176.88753 7.786812 36.07515 10.05373 -7.287428 -4.8876114 5.452754 -32.390312 -8.8942795 -19.877785 -7.446444 2.4804053 4.077299 -4.877672 6.2440968 -2.7740743 11.888011 -19.440266 -2.7932138 
-382.29007 161.04034 39.442596 37.458645 3.6583219 -12.422203 -13.243591 9.157146 -12.692025 0.8053206 -14.985042 -4.1990914 -6.803444 3.417841 -2.524112 12.071065 -0.956284 7.4538937 -10.097393 -5.287977 
-319.02502 152.79893 -8.068089 22.47963 11.225974 2.6375117 8.11187 6.1208096 -23.642614 10.972394 -8.085847 -8.913464 -1.4001116 0.41241163 -15.396105 5.369694 -11.365666 -0.11022684 -6.372197 1.0468534 
-243.42996 68.16177 26.602503 58.390224 9.471912 17.080757 -10.335682 13.382538 -18.93585 4.8795767 -12.938265 -13.4062395 -13.603494 6.1702013 -7.6637707 -11.432919 -11.207544 4.8883643 -10.528044 -5.2506924 
-216.6157 94.5816 24.369444 17.704748 2.3977945 24.858751 -13.968144 7.801445 -27.351116 5.5391884 -12.709147 -5.042783 -6.866625 -0.2257505 -5.7723236 5.241274 -17.435112 -2.4133487 -7.536338 -2.1014543 
-341.347 147.9956 11.515084 22.08072 23.793602 17.896065 -6.418176 -9.874923 -23.599813 3.8257666 -13.585499 -8.219002 -9.815388 0.5115467 1.1603312 14.294069 -8.933038 4.509885 -3.8064418 5.0923214 
-363.08688 106.70883 12.82846 34.97272 9.663904 18.403624 -3.905765 9.289949 -17.684166 6.943861 -11.001955 2.6200888 -10.785347 2.4789364 -0.8872583 2.7640283 -13.529842 5.991219 -13.307761 3.7696848 
-331.00336 122.2922 -1.5948497 35.805134 18.033936 8.356167 3.72511 6.582266 -27.050385 7.320454 -11.527305 -2.514368 -8.318528 -6.931998 2.3513296 4.655012 -12.497657 4.5007234 -13.668362 -8.007437 
-199.02095 161.93785 -33.06953 8.711824 -16.489948 1.098964 11.101949 -8.749605 -48.959114 6.884995 -11.18715 3.3389134 -3.8854196 -9.055767 -6.7123947 -3.3088667 -14.550646 9.29015 -15.105148 -8.784926 
-379.00247 141.86113 11.082138 33.994034 -2.6036372 11.615416 -1.2433388 8.880218 -15.641149 3.9031317 -12.033179 8.633618 -0.16356447 0.67431504 -8.416358 -0.82542527 -9.4605055 5.4446015 -13.391379 -0.41151223 
-370.9293 111.52076 18.073875 31.456024 16.073027 0.8392845 2.3520043 22.148586 -24.874184 9.169096 -8.268246 -5.255003 -7.2689176 1.9267039 -3.3515792 1.2684084 -6.9013715 12.256769 -8.487308 -2.0920825 
-260.25348 144.02156 -5.075425 30.165459 29.618378 -3.8202515 -3.9813962 2.6089559 -37.273 -3.2849627 -24.747267 -23.831024 -12.9445095 -4.9882717 -0.7265444 -0.503511 -10.230044 -0.005074925 -6.2500844 3.4702415 
-200.0782 120.78605 -21.038675 17.27967 9.380347 4.749311 6.9741797 -2.7861223 -31.480843 12.769111 -9.078873 -16.239458 -20.138786 -13.88202 -0.6501232 10.288371 -26.0317 11.1612425 -20.297655 2.5944815 
-319.03265 97.68898 36.45195 29.6054 13.231732 23.499407 -4.300511 8.525894 -20.268639 8.956498 -12.922265 -2.4976006 -10.484388 -4.343463 -1.7866186 2.564317 -13.487705 1.4236205 -12.694803 0.28512955 
-209.47246 74.3824 21.126965 38.873978 6.6378937 26.692497 -3.7303572 5.3345346 -41.29126 3.8482602 -21.8628 -7.486147 -18.713627 -3.7429729 -8.386512 3.0372555 -9.020923 6.420394 -10.316883 3.9055073 
-258.66412 128.00896 17.203346 51.331062 37.315975 -4.676701 -19.585287 4.909005 -34.44875 3.835269 -24.746935 -23.852755 -9.668455 1.5852569 -14.766544 1.3621209 -1.1258006 -0.13320473 -9.981692 -1.1686072 
-196.04652 151.7799 -31.24935 26.00184 23.170818 -7.9937034 -19.995417 -5.142338 -36.842068 14.2275305 -11.912499 -16.37868 -4.700002 -1.1346248 -1.1273341 0.08624586 -20.800732 4.0526104 -16.011522 4.1206145 
-239.7509 165.76262 -21.957922 33.569756 22.022923 -7.2119946 3.1023462 -3.4073825 -34.06333 1.1466588 -12.832263 -9.759449 1.6780707 -3.813056 -14.878231 2.5485106 -4.427357 0.15856314 -16.729307 -3.2653747 
-262.96252 82.947334 35.982723 44.128628 14.072464 27.044535 -8.313602 -3.2036753 -22.441244 10.314304 -17.796886 -7.4493694 -19.550167 -3.3066564 -8.121854 7.2867255 -9.838984 -1.2562463 -9.688369 13.367564 
-307.7621 134.75806 15.53913 37.79185 28.599234 16.997276 -13.509014 -6.8492923 -19.652514 5.774682 -20.029394 -15.457182 -16.850145 -4.356009 -1.0628818 5.771532 -17.20797 -5.672688 -0.83278584 3.3628821 
-355.96115 104.333405 -0.5583725 38.64357 1.6535993 28.058668 1.4110371 2.692811 -22.87274 14.390919 -8.849925 8.002656 -11.650806 0.70968527 -7.924764 3.7807965 -5.0005517 -1.347815 -17.31587 8.559664 
-239.86325 94.94808 9.406901 22.501612 5.874674 1.9816335 3.5765371 -3.8270001 -39.83488 8.032453 -19.881142 -5.21682 -10.545797 0.7690612 -6.9756923 14.523671 -6.271358 1.5879569 -11.648296 0.90066844 
-218.21823 116.94322 19.643831 17.005272 0.96915996 4.0263925 8.434794 -2.1495721 -43.55054 -8.46616 -26.105642 -0.9348681 -9.559443 -1.6448234 -11.783222 8.850187 -15.844894 1.6057222 -3.4982367 6.229967 
-221.23811 126.66605 -13.375789 15.4672785 -3.4856253 4.4133105 9.328014 2.1342895 -35.726242 8.905749 -9.269102 -7.2029266 -3.532282 -2.7536504 -9.652691 10.499343 -16.685968 5.960468 -13.709057 2.082132 
-272.54236 95.20908 12.735681 64.29798 32.91141 -3.9190805 -18.691164 19.604317 -32.415825 4.470359 -20.786182 -18.330053 -9.52281 2.685537 -14.262257 -9.452122 -11.458102 -1.7260851 -16.752584 -1.8480413 
-299.76697 153.23831 -2.7380905 32.697353 34.717293 18.62615 -9.343258 -4.937553 -40.92364 3.8493533 -26.421267 -16.261097 4.3752017 -4.364408 -4.7162843 9.449404 -2.0208707 5.8468523 -16.59373 6.3160567 
-312.53458 135.97186 13.311451 26.94503 7.3682566 21.130928 0.3574654 8.885253 -25.711811 2.8495247 -18.711357 -12.670516 -5.1874356 -2.3003337 -0.056507904 6.4642353 -6.3364277 1.616448 -9.155404 8.588131 
-229.55403 99.017654 7.472665 25.054138 16.349651 14.799052 -30.948626 4.5543265 -26.924093 16.684685 -17.682991 -13.702205 -0.375917 6.648478 -1.1541145 5.4661183 -16.323683 3.152635 -7.66572 1.713925 
-225.00691 121.53842 4.0728707 18.197535 12.619986 16.982456 -22.411839 0.43961737 -41.16337 18.066292 -11.148407 -13.234059 -8.157732 -1.0588565 -4.3047757 12.235203 -24.783344 -9.442606 -9.796325 0.04445145 
-304.53867 137.34476 3.0472162 21.425358 3.1831064 18.446608 0.8274001 -0.37458006 -26.382978 16.454086 -15.577918 -6.6009426 -1.1624421 3.041241 -13.629353 11.034704 -9.365146 -4.8736196 -9.422221 6.361107 
-402.34238 138.89352 15.135868 37.62412 20.392845 14.597183 -5.169559 9.349209 -6.141841 8.477375 -12.12992 0.81998694 -5.6640606 -0.6556298 -7.5424824 7.617074 -9.32259 0.8570564 -9.089836 -3.234718 
-417.5131 122.002754 19.99922 30.82745 16.978256 9.640874 -2.0583823 13.638999 -12.217188 7.9646015 -15.012341 2.2991168 -4.2397666 5.4560947 -8.0876255 6.9915404 -12.500958 -1.5979112 -9.928945 2.6546156 
-323.08264 139.99397 -1.6163142 26.611334 0.4209973 4.552525 6.10466 3.4039698 -33.479538 11.89852 -6.7459946 -6.924798 13.817732 8.879003 -16.795822 6.1959596 -9.872652 -4.142094 -16.357159 2.9085038 
-359.45636 144.3222 10.734035 32.424637 18.51149 12.575472 -1.5884379 -5.368232 -22.832253 7.6767406 -16.709862 -7.795954 0.105055146 5.860432 -9.391427 11.801969 -3.3977482 -0.9842525 -13.4375515 3.3297348 
-301.80228 118.58664 13.700814 60.052437 32.60488 4.6710825 -16.624527 12.154026 -22.189976 2.7242763 -19.634726 -15.334756 -12.023584 2.3991075 -4.513534 -7.9188495 -11.023431 11.492742 -18.615486 -0.6025644 
-260.85226 52.478615 57.39299 18.94178 10.7993355 39.478134 -19.348406 14.769662 -29.66939 12.264709 -10.871177 -12.69022 -16.800056 6.144005 -6.3520427 1.3651083 -16.563992 4.2814107 -14.761146 9.1473 
-278.7949 156.63525 -2.6378183 37.476387 6.251588 -6.16788 2.3268094 -1.5501657 -28.4047 3.7572508 -16.848799 -10.545096 -5.234498 8.613711 2.8796823 -0.334874 -9.5644655 -0.88763684 -16.110033 3.212018 
-307.04285 159.02733 -21.679066 14.028953 -5.1759434 0.6884376 25.203354 7.01033 -22.422722 20.796936 -11.829128 -0.51658535 2.1150796 -4.6123343 -24.076384 12.449194 -5.137072 -4.615465 -11.32833 3.8877711 
-354.94177 156.93 4.920283 34.152824 20.846043 10.209339 -6.182521 -9.57386 -27.213327 8.880069 -12.781916 -2.6274722 -5.0663004 2.3539364 -5.4650774 10.948059 -2.7008128 7.9587502 -8.770466 4.5331883 
-378.2043 105.98358 8.665189 42.24399 9.1296625 15.384476 -9.77614 14.7449 -20.9398 8.070458 -10.73713 7.7168765 -9.417248 0.56555575 -1.8883777 4.8131475 -18.196003 12.908268 -16.367718 1.7308095 
-228.75139 114.21368 -6.565893 29.00724 15.3518715 10.095647 -13.33659 -5.5278006 -40.037952 9.611605 -8.893398 -12.419468 -22.143852 4.331475 9.445547 -0.9333484 -20.14952 1.9895902 -12.114675 2.1020093 
-305.3083 137.18738 6.8836985 38.918365 27.194769 8.15769 -12.4070015 -7.5937457 -28.825514 2.268954 -19.295706 -23.371805 -15.459366 -6.937794 7.283794 -6.4347 -22.812143 6.452617 1.1071563 -2.7619874 
-355.8296 129.58855 -0.75498706 28.890486 3.42488 7.7775826 3.1837776 11.181095 -20.974182 8.22607 -9.348414 -7.287275 -7.4802265 2.1015463 -3.58323 4.699527 -9.195492 4.060291 -13.61626 -2.9253366 
-224.91525 167.36069 -42.856087 3.2035284 -4.9419184 -3.994249 25.21671 -2.8991504 -46.407116 2.4239774 -10.300241 -9.618982 -3.3825634 -5.11111 -11.161605 6.4654713 -14.067796 11.664564 -14.130256 -3.802542 
-234.56497 66.406525 22.611027 48.95684 1.3860097 12.959368 -11.699801 13.933567 -22.554583 3.6703262 -12.54343 -13.420282 -10.487968 4.7564535 -10.595804 -7.436544 -8.228236 6.0632877 -14.252997 -1.3037745 
-222.25789 95.194855 9.717644 47.74052 27.932224 18.711143 -29.829964 10.21495 -28.298754 3.8434355 -20.76979 -23.769613 -10.492129 7.133889 -8.56106 -3.2762043 -8.376136 10.431789 -14.494755 -2.5128555 
-353.67798 149.89478 12.631448 35.703663 24.792978 12.320561 -7.6965537 -3.4447978 -29.45615 -2.8209412 -12.927463 -8.76736 -3.4938552 -3.4042935 -4.8928027 5.5952196 -7.402949 6.5617523 -10.246513 1.4341153 
-275.23712 176.80914 7.8058386 6.3027077 2.111793 -8.737193 -2.9778624 9.494947 -39.51497 -4.8892612 -13.867715 -9.58326 2.73607 2.4587367 -7.007555 6.71891 -9.833444 -3.2393005 -19.508854 0.9071456 
-261.43158 114.97346 7.08834 9.505387 2.9172838 22.769802 -6.844992 10.05679 -23.510647 21.643364 -4.220846 -10.450877 -7.647646 2.6871142 -5.579278 10.845343 -15.649216 0.98662907 -6.2759266 6.4784346 
-251.1493 39.09925 27.099707 62.33638 -2.7564144 20.910921 -8.542615 13.5518 -17.733912 9.283038 -16.542309 -7.7929974 -8.812062 10.615618 -10.526852 -5.7152386 -5.151927 -0.02283356 -18.340332 5.2636104 
-301.8672 126.41715 10.676765 67.19672 25.338814 -10.5291815 -1.9986632 26.077139 -29.164772 -9.4846525 -7.5605993 -12.797253 -13.005112 3.2759936 -15.306621 -9.523889 1.1499585 2.6616127 -19.382887 7.5319934 
-351.48407 143.58084 8.897147 49.861786 34.738495 6.5730815 -13.835028 -4.713061 -16.20996 4.8247857 -21.330544 -15.407194 -11.311089 6.6525207 -1.4923017 5.713507 0.1459448 6.7545795 -12.671324 6.7175517 
-246.41682 160.13734 -35.18755 13.64552 11.759089 7.2398868 13.6083355 -4.4295177 -40.894394 9.321333 -16.247227 -2.8621724 -4.5447307 -8.067271 -0.083612815 9.35074 -22.065159 6.685663 -14.715923 -8.014172 
-335.84375 113.582855 5.3912315 24.948381 2.3413966 12.998577 0.80162823 6.9990807 -21.47928 11.12109 -4.360154 5.7130666 -5.8241305 -3.811156 -9.81315 0.9958315 -10.43819 6.1693816 -13.063477 -1.7408414 
-384.07986 124.05504 21.829275 40.395954 11.542153 6.5271277 -3.307313 12.423881 -15.025044 6.164892 -11.903139 -1.9429063 -4.3347654 0.43690476 -4.7416754 4.275208 -5.1874948 6.3412557 -6.1112347 -0.41345897 
-257.91745 106.7814 34.813786 22.351906 7.154252 11.273405 -11.48326 11.95899 -29.904093 -9.919699 -17.448067 -13.808836 -14.267175 3.0251951 -4.564143 -0.05869611 -8.165864 10.816116 -5.860544 4.920411 
-256.7458 134.30264 10.018352 54.96255 22.315422 -1.3269321 -8.143848 -4.114806 -36.900898 -0.55243194 -18.317919 -17.768425 -7.934956 -0.19004743 -9.632958 0.5282661 -5.1494837 0.49998134 -17.512882 3.9206874 
-284.10266 165.87482 20.728025 29.24897 5.331724 -2.9064498 -6.448988 5.595967 -27.851797 -8.734854 -20.27096 -3.505034 -12.087164 -5.580885 1.7601466 3.8577428 -13.16944 0.82172537 -8.796728 -3.1708784 
-289.83737 135.48419 9.214807 28.085497 10.19432 20.103638 -6.9099207 -1.0436149 -30.492676 5.907533 -15.672361 2.657932 -9.271461 -0.41908583 -4.660014 8.710384 -13.2020855 0.2753004 -11.148665 1.8968773 
-267.845 61.773716 43.909836 44.999996 2.2594552 31.326385 -13.41634 1.540246 -23.89238 10.976406 -19.389072 -11.120119 -21.70209 9.26601 -2.633994 0.6213642 -16.433268 3.9735413 -14.251587 5.3391047 
-357.00385 129.89867 20.268715 42.533466 20.676702 14.094898 -10.553364 0.642875 -17.467384 4.754881 -10.2500725 -11.1240225 -14.511702 -0.07660111 -1.8967404 -0.5724895 -13.404994 4.412017 -4.236156 -3.2396448 
-395.29807 128.0748 10.032693 36.811684 9.852421 8.630424 -3.8381946 12.568321 -14.308453 5.5273976 -10.133467 1.8982031 -5.776499 -1.3515449 -5.6297183 2.9875307 -10.128276 1.5578246 -8.988168 -1.8995699 
-260.6991 160.68031 0.09525532 16.21692 22.254549 10.517273 -3.188919 -0.76895684 -28.7052 -4.7632074 -22.119568 -3.312019 -5.6101484 -7.6695294 -0.20294857 8.576351 -11.459276 0.61694217 -4.4854603 -2.9593062 
-243.51434 178.01839 1.7237012 17.184566 -7.6432495 -17.069305 0.3634882 8.902742 -41.507298 -9.526844 -22.411726 -21.449507 1.7918829 -0.05875651 5.998495 6.7849755 -3.8244982 -1.5682168 -12.216533 4.112563 
-242.06442 176.22273 -23.561852 20.125584 18.18475 -21.158278 -1.107067 2.777395 -45.29534 -0.87839574 -31.98645 -15.123908 -2.3025916 -0.13145947 1.7976176 4.633341 -3.99811 2.6954873 -11.528375 -2.2625246 
-265.9369 80.98624 27.762094 51.676746 -0.09254636 19.541616 -12.327423 4.107572 -30.63168 8.245891 -20.979027 -13.694103 -12.2000885 3.2549813 -0.9061978 -4.3380723 -6.6460285 6.3498907 -10.898546 -4.8485317 
-273.821 135.79628 2.3648741 52.96483 30.001518 9.477148 -16.375046 -5.9749227 -25.033106 1.8532151 -18.528156 -32.65763 -16.025074 1.0579826 4.6366396 -6.6809683 -12.494826 15.560037 3.738619 -7.1037693 
-363.71677 135.72545 23.593548 36.621292 23.475122 5.7955937 -11.93416 2.447079 -19.6815 -1.5021577 -17.376835 -14.6956215 -8.836764 -0.48067194 -0.013190342 -1.2731452 -11.461146 10.930484 2.8139582 -5.6168203 
-345.938 150.61458 -0.87987834 19.728657 -2.1882248 0.6297166 5.743888 13.038197 -24.561304 -0.6562522 -4.1235695 -2.491692 3.8232803 2.0057626 -11.597169 1.3083928 -10.337777 2.5825095 -9.558751 -4.6867504 
-305.3692 181.29456 1.8422294 16.72276 -3.015918 -7.906905 6.4999537 12.182027 -38.084934 -7.278723 -6.886425 -1.2390767 12.704535 6.8417606 -5.7939563 -1.6700583 -16.006044 6.2987556 -8.305477 -4.638992 
-412.21252 134.81549 15.8141 35.79147 13.299142 8.332927 -4.554429 10.268864 -13.117178 6.4348783 -10.836227 1.7651702 -3.359783 5.3062205 -8.704975 4.4051914 -8.421284 2.104482 -6.7404423 0.32828146 
-352.7093 110.8295 13.436742 58.21696 25.258429 -11.58789 -2.366255 13.914508 -27.837461 6.105572 -10.121173 -18.421309 -1.3523475 -0.38171175 -16.875952 1.4651519 -5.0103254 -0.56830883 -14.46722 2.2668195 
-244.47028 150.63689 -28.807634 34.58212 48.116028 2.0334692 -11.63907 -4.8913226 -37.674316 -2.7005336 -14.234238 -29.743845 -15.448395 -0.39729616 -3.3436258 -4.3997445 -9.489333 8.782613 -14.696987 3.435057 
-262.1812 171.30388 1.7056171 10.525391 6.8835273 4.7420588 4.031683 -1.7986226 -30.353004 -2.1935039 -14.256138 -9.831307 -5.5265884 1.6185992 -4.2455606 4.650099 -4.301967 0.25035796 -8.377825 5.8052106 
-266.81662 107.90065 39.077152 22.68174 -1.971884 28.327717 -9.891688 13.574904 -20.563694 1.2218984 -14.210151 -2.0818532 -9.208328 3.2418885 -0.93563217 7.564297 -20.543882 3.6500711 -4.4978676 2.4903505 
-266.13654 132.87213 5.6866035 31.682747 22.496498 6.9251842 -16.838322 -5.9201202 -31.216055 10.879008 -2.588506 -9.356033 -13.517731 10.607723 -0.8322586 2.2787573 -15.169712 -1.5767156 -7.287916 5.47502 
-293.91776 163.91093 -13.116083 34.282272 36.429546 7.8342414 -17.518862 -2.5692031 -30.942213 4.7652082 -15.532311 -17.723867 -7.2324886 8.91405 -4.3859687 4.468092 -10.793518 4.2010355 -12.746102 -0.38798353 
-323.25232 183.33858 -7.186822 11.5818615 -8.695335 -1.0499889 9.100118 6.9195724 -22.87012 10.168217 -9.051622 0.41866726 0.06019497 5.999392 -12.170374 7.5201254 -6.955565 -7.287672 -11.917179 2.0446634 
-252.83795 51.66318 20.795567 57.856846 -0.76692814 15.759269 -15.774974 14.84928 -20.64567 12.647477 -14.67591 -12.973747 -11.470082 13.312678 -8.166852 -8.585015 -8.160877 6.3092647 -19.117815 -4.880833 
-328.0008 141.65073 18.080471 65.85046 26.984993 -4.3001657 -4.7871923 13.784946 -26.466112 -7.557157 -14.734819 -12.5796175 -11.960852 0.04714415 -8.276632 -6.5901737 -5.93955 9.494496 -13.157913 -5.1713915 
-318.2532 79.76096 32.217384 58.87657 2.461834 17.814247 -10.526622 13.325767 -20.567488 1.7279195 -20.636244 -5.6604643 -5.87847 7.1125317 -10.376502 -1.5749185 -2.619127 7.573181 -13.319341 2.5405984 
-356.4822 150.16826 6.072348 24.93023 18.610008 21.066242 -5.573539 -3.5572574 -19.648222 17.600172 -10.76856 -6.1857047 -4.7971816 4.2651424 -3.9111874 9.244442 -7.7865534 -6.540512 -12.682598 6.3077254 
-333.8766 127.497665 25.158451 37.068417 26.402344 19.83898 -12.371433 2.6942868 -30.567596 12.366173 -16.524103 -16.694832 -15.786672 -1.6627784 -1.7967339 6.147848 -9.085295 -7.438955 -7.388735 10.865145 
-323.01102 144.36177 39.403824 36.035027 6.951578 12.640774 -3.8578959 3.3448017 -29.397438 -0.9826262 -23.967247 -13.192946 -14.946608 -2.9457874 -0.3643049 6.057043 -2.4123883 3.3226001 -11.004116 3.2508116 
-318.4604 101.70155 39.77495 39.21201 21.184591 15.635659 -16.796356 18.878754 -28.129297 2.049263 -19.655083 -13.830555 -7.94257 5.585306 -7.3533773 -0.0294288 -12.325263 10.053584 -15.400255 -2.5730002 
-384.4766 122.75289 21.880156 53.93363 24.842577 3.7119577 -1.7173779 20.043566 -18.920366 4.4177494 -12.633537 -4.129134 -5.2823343 1.4222405 -9.617825 -1.5541365 -10.307061 7.2077627 -17.593752 -4.082855 
-406.0472 118.138725 12.707493 34.517937 13.661535 13.609395 -0.5863301 8.9579735 -14.547438 8.077724 -13.019902 2.4013343 -8.414962 0.75023586 -9.689104 5.7972584 -11.887789 3.3073592 -14.754754 -0.781706 
-217.2016 76.82109 13.976148 52.599 19.17148 10.096241 -12.151531 7.346534 -46.568012 1.3036505 -18.205532 -17.222475 -20.466211 4.7426543 -5.175189 0.95566726 -6.950389 9.489016 -15.751489 6.733965 
-267.7782 101.38529 24.612055 50.320732 -0.17043856 13.679146 -5.564887 8.541404 -23.338186 -0.15224086 -23.828505 -17.039423 -6.720749 9.081416 -2.5197434 1.4595953 -4.3424397 3.6456707 -13.235682 2.1946335 
-293.6012 165.21432 9.624482 19.402197 6.191993 2.228557 6.9718714 8.499471 -22.482592 -3.1594877 -16.995274 -3.90345 -10.67754 -5.8270307 4.5772047 6.070265 -14.02338 5.6144075 -10.804814 -8.885174 
-315.23642 160.22401 23.744 21.033403 1.5591407 4.441249 2.0028334 9.72496 -23.596014 -10.268494 -22.07461 -7.7020907 -0.66246974 0.45037672 0.39233315 5.1127567 -5.2895894 2.1639402 -14.843014 -0.6031743 
-298.3075 135.51169 34.6039 14.3407135 3.284674 6.827947 -4.2193413 7.2730494 -30.784048 -4.289112 -17.621515 -9.389519 -3.44077 3.430405 -2.088777 9.99226 -9.340676 1.8556082 -15.442636 -0.62414664 
-283.83228 141.15805 -4.921233 50.096653 27.214867 -5.7768226 -8.425411 -0.7330543 -27.696718 5.9930673 -11.663832 -14.840581 -7.558163 3.653957 -6.7106233 -2.4055731 -11.427741 4.700929 -18.245417 2.1218991 
-335.47845 141.83366 16.335732 42.77777 36.806774 10.189355 -6.7739935 -0.8497422 -14.069994 0.99264294 -17.243433 -11.92468 -13.651831 -0.21823172 -5.8068113 -5.772683 -9.964375 8.199687 -11.00982 -2.2811906 
-355.63358 135.6983 12.696179 41.864117 32.674088 5.697282 -14.175682 -3.4818356 -16.40856 2.1118624 -15.795171 -17.977928 -8.1333475 1.7900674 -7.201124 3.1251538 -8.475529 7.236969 -5.8403034 3.4250333 
-402.6187 120.50472 5.135497 35.32831 13.627916 11.864098 -5.451361 11.34777 -14.508479 10.20827 -10.600374 1.7120103 -5.1046653 3.7733335 -5.45188 3.3259714 -9.715201 5.2528567 -12.381527 -3.2265797 
-434.7223 140.36769 10.339851 38.58763 14.54579 10.08894 -6.0162315 18.575344 -9.747013 9.035259 -10.691945 0.09130217 -5.4276624 2.5686731 -12.699393 2.6620746 -10.077153 -1.8954871 -11.551214 -0.50158775 
-431.74695 133.80528 11.707241 35.36721 11.1651745 7.158846 -5.6398425 16.212807 -9.20079 9.321398 -8.877453 2.800425 -7.4874897 -0.009195745 -8.373051 5.297943 -8.304164 4.1549664 -10.040232 1.828982 
-270.05814 144.98003 9.805325 30.015774 15.109761 10.890865 2.494937 7.380142 -34.02942 -12.394954 -20.882193 -15.054742 -8.441591 -0.75425595 1.1541677 0.060848422 -8.552048 -0.07528586 -11.930591 2.19866 
-200.18456 86.22403 21.95552 15.701562 -10.218564 11.240048 6.2840114 12.754977 -36.569077 5.8677006 -12.244248 0.9081847 -9.83321 5.606266 -0.123483025 -4.6229153 -6.4561515 6.3735204 -14.439808 0.19047101 
-286.07874 160.8133 -2.6149428 8.906152 1.0757735 6.938842 12.682446 4.7023973 -26.107279 6.3930407 -7.3028293 -1.6605811 -7.8444924 -10.094427 -12.060428 4.571745 -7.229293 -2.026364 -9.171355 -1.8033328 
-298.86014 106.11912 25.263628 30.82891 -3.8126743 18.678139 6.1917853 -1.2287552 -28.98843 2.5960872 -11.713116 -4.268169 -14.990055 -5.1627293 -10.550474 8.691029 -1.5250113 4.4963975 -13.785424 8.904456 
-256.25793 49.32082 38.732323 53.419144 2.3695114 24.676727 -6.5388956 1.079535 -23.410898 8.036386 -18.376963 -8.757897 -23.962296 9.733372 -0.7467673 -8.977513 -16.638842 4.1449184 -17.51235 2.0504525 
-295.4345 105.82341 11.214227 41.80925 9.560291 19.771048 -4.8818545 6.391325 -25.213675 1.0426354 -14.129505 -5.5562844 -10.056344 2.0561597 -4.6078095 -0.87237144 -6.9441433 6.0147724 -9.779466 -0.23843688 
-233.72852 153.20152 9.575942 13.615607 0.300791 -13.263888 -3.8018103 16.95193 -32.071934 -6.312942 -16.01904 -11.314815 -16.385645 8.814028 0.47832435 -1.2691047 -4.7374215 7.5524325 -15.168553 -2.0889437 
-249.49187 141.53528 -17.557247 17.27688 17.19805 8.428582 5.1656384 6.58094 -25.72152 7.4893475 -7.4280224 -14.520794 -19.002121 4.3237405 -1.5555289 6.760046 -7.0884347 2.3347502 -11.481273 4.574702 
-231.8852 119.0445 7.8695507 24.25415 18.535769 10.554408 -5.574165 1.1559775 -28.267496 8.26823 -9.567699 -9.504753 -22.305262 4.962282 -0.6497268 1.1132559 -14.420859 3.4176075 -11.606553 8.035204 
-290.23303 110.333496 13.807892 63.14299 29.532097 5.57631 -17.547405 11.5974245 -18.765017 3.086459 -16.221054 -14.245441 -22.840036 10.238003 -6.6524515 -8.810261 -10.813904 8.032308 -14.080457 -4.720118 
-327.15216 139.00716 2.7961075 42.80558 29.741203 14.496837 -9.3075 -4.482973 -32.376595 8.963959 -21.294136 -9.792309 -8.519705 1.6872259 -4.117094 9.397816 -1.0954186 5.139063 -21.627098 6.3431787 
-379.46677 115.52618 2.691081 41.838295 10.976566 15.355506 -3.5679562 11.798274 -18.312653 10.475118 -8.268598 4.646204 -12.483459 -1.8285179 -1.3841455 2.7283866 -12.962807 10.68726 -14.7542925 -0.5368086 
-373.47595 114.16874 10.374613 42.296314 10.221543 6.0194817 -7.040761 13.192999 -16.383919 -1.4274493 -16.389044 6.80475 -10.274315 2.9589305 -0.376948 2.16116 -12.406525 7.1733985 -13.633242 3.5877337 
-325.23767 157.8664 -3.9886093 23.951468 3.3427095 4.3420205 11.624473 6.2330875 -32.36679 4.3422303 -17.602863 1.9468359 18.225992 4.137546 -16.47057 6.625155 -11.019876 -3.5625196 -11.263143 -3.9995575 
-401.9875 140.37791 10.581628 33.020256 11.760384 11.162165 -0.98652375 11.899341 -13.967063 4.138817 -8.356903 2.0181913 -1.4477775 -0.9795907 -8.127925 4.7526774 -10.857731 2.4935942 -5.537255 1.0932114 
-374.84918 154.24167 25.09179 28.716862 14.54424 1.3568702 -1.4128753 13.31977 -17.796461 -6.228569 -18.829987 -6.669515 -5.9363384 2.4176445 -1.3604883 6.9800134 -11.839788 3.4121284 -4.4295073 -1.998027 
-228.93492 67.61613 21.066252 60.705452 9.2929535 14.252034 -11.993128 11.44568 -20.850643 6.773222 -27.519964 -10.752374 -7.9868536 9.985903 -7.4993496 -7.1772594 -8.0028515 10.518642 -6.324232 -1.9137454 
-252.8006 138.64525 36.08906 18.189127 1.1552156 13.876558 1.0070403 7.489259 -24.42835 -9.589426 -19.520842 -2.447542 -11.670819 0.71066374 -3.3197894 5.807582 -7.261906 1.5069137 -9.297259 -3.043595 
-303.01126 164.2446 0.5703299 24.294237 7.3976517 5.81096 12.02265 -1.5302862 -20.361658 9.120038 -9.761625 -5.1138597 -5.4086084 -6.6325955 -14.042651 4.1793423 -13.297382 -6.4283724 -10.617833 2.5527563 
-268.49887 169.14966 -19.792301 21.326254 14.070822 3.9223976 -13.9167385 -3.6223745 -22.879452 9.691481 -7.9731617 -9.437391 -14.335461 4.8667364 -3.9579964 -1.3982067 -20.206907 -0.9811751 -11.576443 0.57549566 
-324.00934 159.44522 0.26849112 37.89201 16.85441 1.1863875 -9.492188 6.802061 -33.316906 -6.563035 -6.5125217 -5.8431416 -3.761601 9.061962 3.832723 -3.9652765 -7.7562265 10.354341 -10.337851 2.6280699 
-341.3473 139.76404 -0.89069104 50.716496 38.595062 5.0225616 -13.577457 4.881628 -31.106651 2.5536067 -14.27564 -13.681898 -13.717667 6.3777514 -2.181704 4.163231 -3.332923 13.666461 -13.08195 10.532488 
-344.80353 148.95158 8.596378 30.28138 38.363876 10.929619 -13.9250145 -5.9546833 -21.937218 6.5409656 -15.85405 -13.414186 -16.056173 8.496965 2.3913996 10.773215 -7.9659195 8.654145 -1.799508 4.1785746 
-388.36368 118.503136 15.108315 32.83896 13.32069 13.063427 -6.919036 16.446226 -14.274548 6.642672 -10.219567 7.584164 -5.7412457 2.210147 -5.5796733 5.3187237 -11.618566 6.9876175 -8.277934 0.323915 
-347.64478 136.20964 20.262901 27.71787 24.554363 14.969474 -9.091949 2.2180183 -25.50177 -1.4588823 -14.249379 -5.244947 -11.793291 2.153952 0.8627743 4.8791595 -5.9937572 11.307789 -15.004124 2.7746375 
-233.98834 130.22148 -1.4829407 3.4245381 1.5627195 9.162197 -2.042385 6.9119015 -30.468662 13.403859 -2.157852 -9.116717 -11.885632 1.6208062 -4.699312 9.969176 -7.8483744 0.45991674 -12.576024 3.8545828 
-214.20703 136.59846 -10.811642 35.06193 36.450825 0.7340588 -8.595801 0.15530317 -44.9796 1.5230901 -13.674366 -21.324015 -18.756195 9.773731 9.831255 3.5697534 -18.019844 10.630103 -13.349113 -0.3180988 
-257.86716 89.35721 29.896545 38.57027 22.321238 19.186802 -4.164746 -6.69322 -22.933205 6.228394 -12.582253 -11.819144 -23.8052 -0.7555098 -3.0980518 2.2221193 -15.371329 -1.4290136 -9.783954 5.2142444 
-273.34882 119.163605 44.36299 25.991869 -0.7265731 -2.005855 7.145725 17.565056 -31.883915 -8.27645 -30.523268 -14.908946 -18.631315 10.666619 1.0681437 8.763452 -9.721888 10.987783 -15.041096 -1.6527038 
-277.8075 192.34406 -2.2798865 7.804862 -23.963905 -16.749588 13.787074 9.320706 -25.541666 -1.6332451 -17.757423 0.523377 -0.11793772 8.854621 -8.688924 2.2744367 -17.763762 -2.9038005 -14.825847 -0.57192415 
-336.19592 117.37253 34.044933 48.283257 10.95995 15.402516 1.1890414 1.9259257 -30.51437 0.6970952 -17.114037 -1.8120779 -11.825927 -1.8277087 -6.3677115 5.6932373 -7.586139 8.48304 -17.981436 13.828673 
-338.6052 89.4571 40.965008 39.58734 10.510688 23.254726 -8.966728 9.398198 -11.983746 5.4631743 -11.611698 -3.1573067 -17.553951 11.923931 -12.956385 1.6697063 -10.707784 -0.92818123 -9.302574 8.052638 
-258.344 168.50607 -3.9222689 31.002665 20.237175 -7.8662167 -8.162497 17.224236 -35.07297 -12.304569 -20.688917 -24.900911 -12.81344 1.4466585 2.16718 -1.818601 -7.2369623 10.219882 -15.113094 -5.571566 
-290.75018 136.28027 9.654691 68.59846 41.039318 -5.3960214 -13.252213 10.385701 -26.950914 -1.5839007 -21.822435 -16.387642 -10.439011 3.6688147 -6.695803 -4.663557 0.40601122 14.227905 -12.482314 3.8429897 
-348.47748 145.694 13.126781 50.827248 39.849915 5.581381 -9.364415 9.733403 -10.365868 0.5055195 -20.83455 -13.027217 -8.941897 -2.3066244 -15.898139 -9.472417 -6.065636 7.9120693 -11.477936 -7.2784653 
-376.321 113.11453 17.892681 41.99473 18.748589 6.896586 -8.894706 19.25793 -17.349754 4.403837 -14.546926 -2.1093566 -10.965397 4.4874454 -6.3139567 -0.33590996 -6.279407 10.031748 -14.648769 -1.1963253 
-269.73648 163.97469 -5.3804483 21.533287 25.840914 13.700861 -2.3316467 -1.618077 -46.392654 -8.247124 -18.50592 -7.068896 -13.411813 -10.503182 -2.828016 14.091864 -8.37101 4.449776 -15.474701 -6.957759 
-295.27734 179.00021 15.562145 15.670244 -1.5984052 -3.8961117 -0.73419356 18.668428 -35.593018 -19.225677 -20.67874 -7.5367312 -2.0663745 -1.6046664 4.9058056 2.3651776 -6.4525213 3.4334173 -17.137749 -3.6914945 
-343.7433 139.66394 20.798004 53.177963 18.640686 -4.821379 -1.917129 13.874214 -24.58723 -0.39927232 -16.547102 -10.832844 -6.992365 2.7561948 -9.558225 -5.03546 -8.098032 9.026196 -21.517271 -2.0296726 
-324.30823 133.57338 8.799135 56.25358 39.20642 -9.64365 -4.0113134 25.021687 -26.160475 -3.2909503 -10.540955 -9.900661 -12.764362 1.158011 -14.712294 -10.899672 -11.063354 7.941889 -21.864397 -1.580173 
-266.36307 148.64069 -18.499184 43.31197 52.45571 4.6129436 -21.324293 -0.78970474 -26.853733 5.113767 -18.535194 -29.929098 -17.837736 8.0298395 -7.0856113 -7.2508874 -3.1347227 8.266826 -8.817549 4.289343 
-296.7122 75.83447 25.37873 63.291985 7.6537647 17.972326 -8.890713 9.771548 -21.743198 5.3310657 -23.000536 -2.3470438 -7.274294 1.2699046 -11.238928 -0.5682331 -2.495883 6.6614175 -12.065154 3.1120777 
-282.53415 97.41474 34.99365 32.734657 12.379063 31.096191 -20.707338 2.1997163 -28.688686 5.055706 -10.994302 -17.136185 -21.038221 7.5599604 -0.87148505 4.6349163 -14.940472 0.9235111 -5.788688 7.672371 
-276.14905 123.23971 -2.5914845 40.290543 26.964317 -0.9441911 -9.0914955 -0.24017838 -24.757301 15.931477 -9.624134 -10.705237 -10.455394 9.25591 -7.0664635 -2.1695547 -13.119687 2.088165 -15.705468 1.4561852 
-256.18857 96.946846 20.213446 26.314674 -0.7058928 7.2005854 6.8752537 10.043583 -29.068464 12.229264 -15.598848 -4.460978 -10.449724 8.452362 -8.880656 2.2388484 -5.8010373 -2.2494993 -10.206591 3.417668 
-307.91946 155.18304 -7.572134 23.630457 6.914115 5.004865 11.940779 0.77886826 -27.867123 15.3671875 -3.0935237 -3.8486888 -3.4917374 -4.341228 -12.702583 12.117478 -10.714966 -8.0279455 -8.633312 2.3087895 
-282.5028 107.17526 -5.1421943 40.807648 13.047667 8.598289 -2.7779982 2.5742462 -21.662514 14.950389 -11.774998 -12.5111 -4.902315 6.314449 -8.870402 2.0575762 -1.8539653 1.5656447 -10.378596 3.9209545 
-326.84222 110.41849 11.048725 64.431244 27.371162 7.3078976 -15.881032 -2.2018967 -19.617268 5.6733103 -25.955118 -22.670267 -8.715741 3.597877 -9.119816 -2.719532 -12.241616 8.239323 -2.7803993 -0.95047504 
-410.91098 128.62231 11.874794 34.685616 10.110452 9.280104 -3.6384554 13.363536 -14.348273 6.681124 -12.497216 0.115767084 -4.840106 5.641922 -7.1275067 4.2722306 -9.838745 5.8503203 -9.350207 -1.3615117 
-293.50656 139.09088 17.408482 21.729631 29.08918 15.340949 -4.396435 -0.30500418 -37.190662 -0.5857797 -11.574088 -10.045314 -12.620805 -2.1963396 0.9087064 5.8010507 -14.218988 5.2338843 -7.7801566 -1.535535 
-288.24817 155.29689 -0.9830229 36.72621 35.494236 -0.26422107 -5.5174923 -3.1734626 -37.9666 2.6686256 -9.449888 -10.686219 -8.058182 -1.1767322 1.3970294 7.4616995 -13.589401 6.576428 -15.209118 1.1485778 
-361.22635 81.26061 55.437435 32.632088 20.18741 20.353195 -14.887142 19.86775 -16.700018 8.026312 -14.648699 -3.5239694 -9.98787 3.6992493 -11.596873 2.2570136 -10.66966 3.356904 -16.596783 5.116519 
-260.6941 61.722385 48.50628 43.479057 4.6401997 28.55991 -16.87793 6.1389227 -20.059341 6.7724047 -11.722077 -14.996129 -20.641167 7.6795764 -8.47096 -5.989229 -13.412456 0.34484065 -11.243751 -0.19556777 
-315.12897 143.40916 18.898535 46.56797 23.483639 7.569225 -6.4277744 -2.5814416 -20.315931 -1.7271833 -19.972525 -12.859081 -7.383606 -1.6975356 -5.065356 1.649625 -9.070801 9.024546 -0.68272775 -4.9925175 
-416.97272 135.68477 17.312855 34.80051 12.791035 7.5177927 -6.0574203 11.565989 -9.851079 3.1778975 -12.878664 -4.639494 -10.087943 -0.52393913 -10.2420845 3.7303417 -8.460501 7.456898 -5.1564717 1.7006261 
-399.54312 110.14643 18.189564 28.94104 13.095301 11.560781 -3.7925289 13.111051 -19.09237 8.574698 -16.322004 4.531073 -4.939522 3.2860541 -7.836074 5.819782 -11.176022 5.106622 -12.04179 2.1107137 
-303.25378 143.29034 21.302183 16.427288 -10.555174 -3.7260404 4.750697 11.319688 -27.20016 -5.7844586 -17.966852 -10.581905 -2.1711807 0.1500019 -4.177811 7.4656296 -4.48625 -1.9603301 -6.838236 5.248301 
-297.37045 155.86487 28.025612 28.885275 2.725024 6.398655 3.3871636 10.500481 -24.830086 -2.5702298 -11.203231 0.13623852 -7.505438 -2.5250788 0.2963998 5.260513 -9.276164 4.8931713 -5.754302 -0.07119433 
-329.93176 139.06673 17.642342 46.75689 22.22654 7.930738 -5.184192 1.7539806 -24.930155 -3.509721 -12.840067 0.9632566 -8.504116 -6.703143 -0.32146686 7.834112 -14.109778 5.4498534 -11.870899 -1.8400366 
-281.95328 78.37507 17.54186 53.611725 5.5112343 22.032799 -8.163782 1.0467573 -30.599714 13.863308 -14.991797 -8.809925 -11.209372 5.2151327 -0.16417949 6.9527373 -5.8149166 3.9763544 -17.266273 8.313793 
-294.41333 93.00065 29.32397 75.87594 11.104006 5.7525663 -6.677219 12.158412 -25.538443 -0.377474 -15.204015 -13.467697 -15.34237 4.4887447 -14.871891 -17.064413 -3.7458453 3.973521 -19.008486 -1.3472105 
-309.36804 95.524574 10.563702 72.04039 21.49709 -1.5963511 -9.135649 17.72362 -25.137497 6.197622 -19.24135 -13.825403 -7.248303 11.124955 -13.888121 -5.2084284 2.7235234 7.202485 -13.303467 9.747861 
-344.48685 88.099525 26.60263 51.768612 4.629938 17.024529 -5.462921 8.157465 -14.6642065 8.156502 -20.643898 -3.4456134 -6.1591396 8.92899 -9.954365 1.538656 -4.4762125 8.076437 -10.030934 4.907078 
-369.44788 133.59491 8.348852 30.874538 19.122913 18.022442 -8.595887 -5.3175945 -14.229336 12.328558 -10.430293 -5.9677906 -9.497834 5.3034964 -2.3670883 3.9485083 -10.988478 1.5901324 -12.682903 5.845486 
-380.779 118.383514 21.059958 29.715292 0.22464497 16.960772 -10.598939 13.997464 -12.860506 7.8583093 -8.89422 -0.23774253 -6.519981 1.3426524 -9.300731 4.747797 -6.864666 3.4964635 -7.026702 0.76169926 
-375.3679 120.146484 25.48648 43.026264 16.044586 20.239145 1.4927821 20.670511 -0.51620793 17.36041 -6.592203 5.0346966 -4.034515 4.7409124 -5.923847 4.3052435 -5.9401116 8.722651 -4.481637 0.93626076 
-412.06448 130.96127 24.193356 32.19133 15.400075 12.904877 -2.6174212 14.34032 -7.624894 13.287094 -5.4889183 4.746319 -3.1476824 6.616946 -4.499845 7.5234985 -5.391963 5.07215 -5.811096 1.802049 
