-364.12512 142.20317 4.720993 32.33485 5.5434704 7.737952 0.49376276 6.335678 -24.924093 12.161335 0.18259102 -2.6377087 -7.3284564 4.6691875 -14.055511 4.1092143 -9.951158 -1.353414 -7.9268537 -0.58904 
-374.5642 131.51605 22.251097 40.36682 10.411641 7.77342 1.2256968 8.808062 -12.467386 5.5386677 -12.156259 -3.3682873 -6.9028053 5.5037146 -9.492273 1.1484587 -8.729323 -0.29828608 -11.572088 -1.0823926 
-363.85156 121.07358 21.127764 38.199627 9.343533 13.763667 -7.2040067 11.238316 -13.661429 5.9926114 -7.4199066 -0.5916083 -11.081006 1.7890053 -9.620342 3.2655983 -9.258419 1.788557 -8.138473 -0.9892895 
-305.72424 151.7955 -29.341648 18.400852 17.437933 12.884666 1.2515001 2.6856475 -28.438057 12.848653 5.6997766 5.6783075 -6.6771526 2.8524852 -14.017436 0.13417111 -10.629537 1.2021929 -11.727785 -2.3061678 
-342.1842 124.855804 20.20034 40.763042 5.14022 10.841785 -4.173623 6.504644 -17.19346 5.561651 -7.9730496 3.3715503 -6.0763025 6.330852 -9.92283 1.7434497 -6.5424542 3.8210933 -9.464315 -7.28121 
-279.46387 108.00078 -25.290688 59.97939 24.986807 -12.020076 -16.605017 4.911916 -12.162815 11.326396 -5.278296 -8.9857855 -0.21231857 10.573203 -23.793556 -10.634212 -2.8428288 1.4440665 -18.646132 -2.525998 
-269.64365 106.28263 -2.5126963 71.28898 18.759098 -21.198635 -6.6656237 5.445435 -16.783669 4.225467 -9.2731905 -10.684275 3.2817295 5.282153 -25.317339 0.41328505 -1.5751549 -4.601475 -16.088205 0.21428742 
-270.83307 13.021847 75.84846 23.958466 -9.749453 38.94835 -26.433758 23.055304 -15.520021 3.5741742 -5.703426 -1.7742625 -8.512714 9.268835 -18.206308 7.8433466 -13.898836 8.287994 -14.5622425 -4.499017 
-286.66562 51.984074 53.99554 38.462814 4.051981 30.364773 -27.353287 8.788501 -22.510141 9.267034 -9.869246 -12.993127 -11.761443 10.257278 -19.825956 4.256509 -7.0717807 7.119835 -13.496106 -4.581809 
-290.6279 60.877224 36.67703 72.81328 -11.440456 10.343331 1.677649 1.1898085 -16.293709 6.7768836 -18.011814 -6.0376678 -6.000354 2.1267996 -23.699232 10.254711 -6.377327 -5.3637376 -6.86593 -1.0472947 
-301.69336 123.50948 7.1287546 37.57724 17.897678 6.0152164 -18.114014 -7.537057 -13.109078 5.1901836 2.6840587 -1.4751205 -7.381846 11.778553 -10.958427 -1.4787349 -11.203904 0.3678022 -10.743869 -6.495419 
-303.9425 142.30652 -5.4371514 36.490185 17.742622 0.29992396 -11.442376 -7.76684 -17.959465 12.484158 6.3968563 -5.5059414 -4.1647725 12.070026 -1.9896189 -9.087669 -10.887393 -1.9761971 -16.997145 -4.3393426 
-370.9635 132.94939 21.07402 39.470844 12.639911 7.471125 -4.981579 8.3071 -11.274222 2.3529706 -13.508589 -2.4448428 -9.535457 3.1348379 -8.48548 4.236594 -9.212191 1.680019 -8.654393 -3.88318 
-391.62634 137.23972 18.366806 39.135925 13.287953 10.727338 -5.171432 14.1268015 -10.86272 5.0379567 -15.057532 -0.30537525 -12.005623 0.48153475 -12.454326 3.4287496 -10.874867 4.5218163 -9.632185 -1.8624052 
-343.33502 137.87108 19.872616 47.082012 12.406231 -5.167747 -3.2826407 12.244374 -25.221424 2.035467 -5.1100287 -11.049747 -11.825975 11.087484 -9.368028 -8.146942 -4.209547 4.824671 -17.136265 -3.601579 
-244.5676 130.48434 -23.969667 43.10961 14.234303 -7.6858225 -16.309568 -10.757002 -27.744192 7.0567646 0.09487131 -5.003179 -1.0482867 7.935923 -22.217749 -8.0514 -2.3221197 -1.5677392 -12.330316 1.3668883 
-212.013 159.4036 -55.37793 11.338278 23.168684 -13.720694 -0.3877014 -11.323722 -34.029335 22.637625 12.326988 -2.7353172 -13.488689 3.4793193 -16.915253 -7.8812885 -5.8486576 0.60591465 -10.976031 -0.4399234 
-240.14935 146.66089 -32.18722 10.342892 25.627562 -5.6404266 -4.219379 -14.350245 -31.672865 11.640427 5.9648623 2.696886 -10.253782 0.0061306423 -8.08053 -2.5791855 -13.326085 -2.965138 -11.574699 -5.5840573 
-246.09149 135.14288 -31.298363 33.210636 26.813942 -5.7876706 -17.162624 -13.357503 -20.329432 14.375151 -0.34068853 -5.2325387 0.2827932 16.21069 -10.196298 -10.507216 -4.3265133 3.175763 -14.924793 -4.025753 
-265.10568 100.267586 18.53144 43.977898 8.487424 15.620784 -21.163715 -8.657459 -28.427485 9.162983 -4.131752 -10.287242 -5.7612557 11.270074 -8.48465 -0.6694958 -7.025181 9.408812 -9.81658 -7.835059 
-295.09375 121.80013 19.29977 32.433598 8.363105 5.9847035 -8.37803 -7.0495367 -27.925564 4.362108 -3.2036517 -3.1903062 -3.908788 4.026038 -10.311291 2.2790973 -10.585662 3.7193756 -6.283968 -7.9383316 
-242.85847 84.39328 -13.321848 60.749905 17.259556 -7.259902 -28.78167 9.42774 -18.217104 1.7166337 -4.935456 -0.41455176 4.508398 10.742832 -22.944378 1.5618601 -6.2017255 -6.65404 -17.37907 -3.8065534 
-259.6335 57.08852 14.122675 65.24738 7.816508 -3.225124 -17.03844 16.089489 -17.63904 3.800805 -5.6943445 -2.0775437 -0.91986614 7.524404 -17.15622 8.177479 -5.7407193 -5.184037 -12.311652 1.9480926 
-295.18976 79.25312 21.598192 65.74403 -0.57341385 4.668786 -8.036625 3.3771896 -21.133118 7.9386716 -16.31475 -7.393642 -5.0462027 -1.3852223 -19.488176 10.915097 -8.842396 -0.7950486 -4.546047 -1.0692649 
-328.2926 154.23645 18.33822 47.110947 4.8985434 -17.276596 -4.7494736 2.1840477 -28.522688 4.34023 -2.4303453 -10.488579 -4.2105584 5.426447 -12.865803 3.1639335 -3.2684894 -2.4934676 -6.4322696 -1.0509682 
-306.88123 154.4024 15.7964 38.15225 -12.870479 -31.573723 -7.027502 -0.9549016 -23.026524 14.576183 2.3267584 -8.175228 9.92441 10.306435 -18.81199 3.5334532 -3.5468016 -10.947399 -9.922126 -3.8115273 
-293.62064 147.15569 -20.802595 51.460186 15.746548 -34.827858 -3.7067761 -0.34571558 -33.842484 12.936514 -3.3317091 -6.496012 10.085213 9.543767 -16.09036 9.947182 -9.466465 -4.351481 -9.24525 -6.4076962 
-240.45285 164.53456 -27.49693 31.311747 17.69887 -27.736692 -0.62913525 -8.322702 -37.261734 -1.0196658 -4.151485 -7.368304 5.2304325 4.1180973 -8.310159 6.0568204 -12.508589 -5.2571664 -8.213234 -9.310063 
-219.70204 131.1838 -47.146774 64.40311 50.80745 -39.50754 -11.456768 -14.280208 -35.908676 4.9481487 -20.483892 -15.61332 13.52547 0.6604718 -16.846376 13.197357 -15.017807 -0.9271624 -5.654552 -14.953644 
-309.5477 115.24688 7.340973 66.88321 14.900338 -18.898949 -4.218398 10.878428 -27.788742 6.9779205 -14.064827 -13.723788 0.52186435 -5.158164 -14.289904 10.107394 -12.636166 -2.5695453 -3.1329377 -2.127756 
-288.56427 48.878845 51.124672 42.553364 -3.6941385 32.80496 -22.77632 15.852763 -14.687122 0.48263407 -7.0785413 -9.765513 -9.182378 12.076414 -20.20279 7.865472 -2.417614 6.1860046 -12.584174 -2.4396837 
-273.62228 106.644516 -5.164389 69.46873 11.747157 0.65143573 -9.013857 -12.91402 -25.424417 11.012705 -9.377992 -14.7657385 1.284962 11.895762 -14.139572 0.9707916 -2.7099562 2.025299 -10.502445 -4.9274383 
-297.17822 90.5124 14.2007065 69.43734 4.355972 4.1995845 -12.6634865 12.20855 -22.174404 6.279501 -11.309607 -11.444923 -1.9845333 7.719207 -14.783478 7.0169115 -4.744733 0.3697324 -5.415161 -2.1635983 
-283.11328 85.17296 29.172085 55.330208 0.89706993 13.616923 -16.348417 -8.168753 -25.49487 6.093305 -17.29533 -0.20482893 -7.5911593 4.3265953 -11.808121 -0.60975814 -3.1148958 6.8003426 -8.309156 -2.2613356 
-329.08658 131.21284 17.756422 41.646126 1.9167078 3.3970733 -12.375309 -5.924077 -26.237478 5.9920883 -12.4200945 2.0754437 -4.58741 5.4542933 -8.84938 1.8659005 -12.552462 -1.5517914 -7.871063 -5.279071 
-272.91986 108.20693 -19.986042 71.03207 18.299139 -7.1468863 -12.566021 -6.1627507 -24.009377 9.682103 -9.189109 -5.071668 -4.5601783 8.337645 -9.900722 -1.4632849 -4.8811507 -0.07364951 -9.850984 -6.115734 
-295.7372 89.24931 16.057777 74.454216 -0.18658532 -8.918924 4.104824 5.1149054 -22.745842 2.4958448 -9.209723 -16.131306 0.76772606 -1.0875689 -19.507324 12.030491 -7.0286493 -6.196597 -2.6787841 -2.162955 
-287.53757 100.06603 15.819055 61.836277 1.0863483 -2.7972767 -12.498928 9.995319 -22.555763 2.2495105 -9.674413 -9.843275 -3.7963605 8.161009 -15.798503 4.384231 -6.6355124 0.092120446 -9.616711 -2.5038803 
-242.07538 169.95178 -47.251507 16.577623 4.0435033 -7.1600323 14.485399 -2.576989 -36.179325 3.373107 7.6185513 -7.6937985 5.7053895 0.44223398 -19.882408 7.6147985 -14.420628 -1.2401103 -3.6747317 -11.188137 
-259.2683 97.62226 -3.4874692 52.08671 1.682322 3.9629145 -14.628352 -7.743938 -21.8161 6.946153 -3.0245612 -7.5691605 1.6541442 12.662023 -12.501953 1.8352 -8.619176 -0.25864363 -16.81377 -8.394029 
-268.8363 139.2527 -27.173912 44.861115 12.82994 -5.3824964 -9.651632 -3.869414 -34.102432 3.292041 2.0381713 -1.6146173 3.113951 3.5360348 -19.015055 -2.0934665 -10.941903 -2.0359664 -10.680359 -6.7295823 
-331.10638 141.7948 8.994209 39.47673 14.781374 -0.8897832 -8.229143 -0.84229153 -21.789635 7.3379374 -6.043223 0.9395335 -5.974434 2.8051684 -1.5452791 5.90798 -14.67039 0.7275829 -5.5956197 -4.79389 
-242.259 124.51022 -29.295828 31.780212 5.761339 -0.0019556682 -15.36431 1.8655951 -30.322441 10.814996 2.6973367 -0.4667921 -2.8528757 8.091858 -17.82901 -3.0829985 -3.9136271 -2.8337655 -12.301542 -7.8028097 
-308.49863 153.71542 16.375128 42.47336 -7.5363913 -26.541452 -2.317426 1.6952401 -24.332935 13.582237 -3.6231647 -10.514485 -2.2662191 6.2991114 -12.539264 3.886762 -6.3557744 -5.93589 -13.252353 -5.560963 
-351.76288 128.88956 12.04854 54.559963 8.9465065 -4.590889 6.634585 8.844768 -23.081024 10.080911 -11.831279 -9.437101 -3.6340039 3.5984857 -12.204405 12.32082 -6.452222 -0.82090425 -5.985723 0.04197399 
-265.3756 126.18696 -0.40628064 27.952644 19.965212 -1.1730888 -5.8463764 -16.639938 -37.316364 14.09601 7.7690372 -1.4679763 -3.7014601 8.016591 -9.272404 4.982092 -10.207584 -6.044097 -11.1205845 -3.6484468 
-295.4286 167.1198 -14.068312 27.381386 1.2607288 -7.8702903 8.86036 1.1750009 -28.103918 6.3726687 0.33368364 0.76697 -1.5986735 6.2637386 -8.678631 -3.3075702 -13.589956 -0.9613954 -8.54164 -6.3204246 
-272.11374 177.67941 -17.840721 8.016641 -14.595428 -13.507343 7.7227 2.0520735 -26.125237 11.4178505 -1.9932766 10.221088 0.0117059285 -1.2719493 -12.294021 -1.7391905 -11.224054 1.6688938 -5.4428463 -2.4960804 
-292.93842 163.68987 -25.462101 14.103998 -6.6202946 -3.5725157 6.586621 4.6644397 -28.317202 8.54871 3.7987382 6.937636 -4.236682 0.9283996 -20.797056 -3.2339728 -10.660149 1.7805061 -11.955854 -2.2619345 
-279.1654 149.48575 -14.840856 38.000233 6.547677 -0.98058766 2.876387 -11.844155 -42.85182 6.3264637 3.652966 -5.715937 -1.3844784 3.168947 -10.623759 4.292736 -5.4297075 -1.8660684 -10.324337 -5.6234417 
-299.96213 161.6753 -6.722319 30.8353 9.3687105 -8.437707 2.2279246 -4.0837755 -31.543112 2.787778 -1.074561 0.34305653 -1.7108424 2.95264 -9.039312 0.18693024 -12.9376955 -5.325408 -9.539906 -5.868676 
-245.20226 172.42511 -34.17849 15.424625 -10.050873 -26.838692 14.733326 1.0925775 -30.516043 10.416048 5.1842227 3.300354 7.149064 0.53399 -19.379904 -2.628754 -13.314604 -1.5263152 -2.474019 -5.809478 
-251.73053 96.21329 20.954147 23.22215 -20.740524 8.166149 -8.08777 9.5700865 -24.594034 2.3662686 0.6229887 3.4454622 0.61577547 3.0234714 -15.902771 -0.24492735 -18.040714 4.914515 -6.1734667 -8.342212 
-302.34454 110.607506 15.046596 55.318962 12.2086115 14.346581 -19.903494 -7.3781857 -22.485336 7.2240677 -12.703945 -23.67551 -4.7899575 12.483025 -14.3610735 1.4609497 -1.9681047 4.021044 -13.643939 -7.3283463 
-333.8362 130.36754 10.577487 53.296894 12.869388 5.053937 -7.7644906 -2.4990003 -11.724266 5.7535768 -15.800632 -12.31281 -2.8299015 8.157277 -12.07906 -0.86401963 -1.9271303 3.3020823 -8.120087 -2.9632697 
-316.9532 70.51854 19.708784 49.250717 3.9758394 18.067638 -9.987583 10.550626 -16.34632 12.281614 -18.559038 -6.559274 -4.490708 6.5536313 -16.629805 5.4563694 -10.067454 0.3752265 -15.908234 -4.245734 
-339.18246 96.32087 12.632619 47.861637 13.460685 18.346443 -9.092304 11.683842 -11.197404 13.385656 -14.040377 -6.5464525 -6.472044 1.3049864 -13.78734 3.4256449 -6.104661 3.2941096 -11.816713 -4.840896 
-364.8049 134.62138 14.375822 36.535095 14.651433 9.537705 -3.9595523 8.926198 -9.832172 3.8744698 -7.0368886 -1.6020888 -9.170818 1.5767416 -5.8332853 -0.69366175 -10.44717 -0.63232774 -7.516428 -3.451772 
-333.9475 145.71652 6.180017 46.886963 27.257298 4.584339 -11.416916 6.465162 -14.518529 0.48374647 -0.06555186 -10.387638 -13.159202 10.503628 -1.6110339 -9.624864 -8.786815 3.051502 -6.020161 -6.968495 
-255.99979 93.60628 21.463188 54.89152 6.039481 10.847098 -15.154702 -9.3835945 -27.64355 11.313236 -6.4376545 -13.795702 -4.1200724 12.026749 -14.307827 -2.42466 -3.1255245 1.8108088 -5.923422 -6.174101 
-240.9887 78.627235 19.267654 50.597397 7.541663 17.796995 -17.188196 -4.859279 -31.480804 17.090214 -11.596327 -26.41357 -5.965518 10.890455 -17.948265 -5.591604 -2.453376 1.2570264 -7.8428016 -5.168403 
-211.42389 66.983444 31.347239 44.034214 -10.272598 20.666527 -21.77244 -15.862719 -28.065287 11.664379 -6.970195 -12.599245 -7.124902 9.631017 -21.52151 -1.6883234 -2.6836708 -0.1685879 -8.749051 -2.2918577 
-211.09982 149.69667 -51.96271 30.042154 17.303509 -13.654142 -4.4458947 -6.971382 -33.579575 17.896915 5.7339654 -15.709078 -8.849531 10.598461 -18.970577 -11.382093 -5.548 -4.3136563 -8.960242 1.0411525 
-350.0829 146.97855 11.5050745 53.28617 12.010019 -6.771649 -2.887488 12.582928 -30.00875 5.2931776 -3.2042775 -6.4267025 -6.933332 13.993614 -13.485202 -4.470968 -4.210476 2.8635297 -11.078594 4.3775845 
-382.4574 130.99596 16.887005 42.464336 11.550502 12.42691 -14.707912 14.125787 -7.8334665 7.66744 -9.690988 -1.4358572 -5.6801615 1.4788127 -12.163868 2.4902418 -6.164527 -0.43064445 -7.2181387 -5.911197 
-381.0322 128.98906 18.980907 37.6319 11.384192 13.10162 -7.7036533 11.287807 -8.618572 6.0037746 -15.845481 -1.3176107 -10.2667 0.30980194 -11.156829 3.8508291 -11.047808 3.4141846 -6.620621 -4.20458 
-372.47437 115.70909 25.920187 36.969505 10.954675 9.300606 -2.544876 8.340321 -8.8733 0.5545447 -15.043636 -5.0159297 -12.380474 0.95803195 -8.218781 4.3105 -10.316624 1.0595437 -7.5409307 0.0032878055 
-218.9243 59.583115 2.9721746 76.33191 19.979815 -22.113817 -11.494693 7.2423544 -40.94568 6.390071 -20.38966 -8.275901 -6.7688885 -1.429989 -24.494413 5.3163705 -10.5831375 -6.9251385 -4.645229 -6.3568764 
-268.3675 126.47843 -17.210173 68.911575 33.610874 -22.630648 -18.503624 0.9422993 -29.549934 1.2288548 -6.8917227 -11.082418 8.507176 8.89303 -17.252218 7.194192 -0.2473478 -7.479204 -12.49141 -5.102022 
-230.91333 143.95079 -26.356037 51.503284 5.2519937 -24.433254 -1.9351147 -14.425149 -42.94037 7.5944724 -1.0455489 -8.605693 6.0494213 11.602449 -15.438631 -0.27032438 -9.831324 -5.5158463 -12.039104 -13.139997 
-285.703 156.85173 -20.452375 53.410236 3.329047 -34.141644 -0.8893155 3.9263258 -32.1422 8.804526 3.7944183 -8.403313 10.621281 13.509698 -13.726606 2.8691149 -4.2398853 -13.134864 -11.600319 -8.074169 
-227.76009 157.69083 -73.39926 45.189228 31.924208 -19.108656 -30.97482 -2.1680996 -26.529697 14.846693 13.047314 -10.060718 -1.6167474 10.720726 -22.90651 -3.1011362 -0.6908366 -4.769433 -10.412441 -5.8953104 
-278.3708 120.794586 -12.72501 52.996662 26.946552 -5.1351037 -15.619432 -6.3770905 -15.8294 4.65473 -13.182356 -4.401487 -0.12398677 11.637696 -8.323661 1.3994942 -2.832773 5.410266 -11.749997 -7.7883625 
-273.95596 59.746338 54.012283 29.04048 18.37565 18.59412 -30.4262 12.814237 -14.956092 6.47402 -9.331723 -0.16911942 -4.905627 10.432484 -12.830174 5.26515 -7.6131167 7.113516 -13.869275 -7.49076 
-245.508 130.74101 -21.59628 6.027807 15.316175 11.606513 -16.3529 -3.695421 -34.783382 24.149555 12.1717615 -0.74610454 -9.470321 7.3050556 -15.862786 -0.1425928 -9.959095 -4.7384834 -17.028004 -0.85353607 
-359.44272 140.54364 10.772525 33.709755 7.8800015 7.2221766 0.107622966 11.554057 -16.025734 3.9826117 -1.8349348 -2.9316866 -6.927168 3.6244917 -11.069649 1.7236766 -5.7419887 -4.9755106 -11.2066145 -2.794995 
-328.63998 143.40909 -0.28520373 38.293808 13.586367 2.0603313 -13.484453 -5.6817684 -22.264523 15.702279 3.1831963 -5.6594467 -3.1153657 6.907108 -7.2290597 -2.0900729 -8.161883 -0.15549289 -8.520302 -7.9900565 
-267.45554 110.885254 -9.384101 67.717316 9.085356 -6.7058535 -13.765739 -1.4781022 -32.12343 13.934694 -8.691029 -10.434475 1.3725938 9.36548 -12.61903 4.3646836 -5.966202 -6.8772902 -6.8877597 -2.5554123 
-248.12663 94.39036 9.315711 48.673016 33.403664 -5.871749 -24.940086 -6.9054613 -26.370226 -0.2809941 -14.74528 -5.5177054 -2.6317077 7.9091916 -13.621724 5.7027383 -2.6112087 1.640553 -11.724513 -2.0529501 
-339.24597 110.19359 48.505962 24.836195 22.12515 0.68425256 -10.374722 5.6662064 -15.479771 4.5578265 -12.499943 0.7157419 -5.8151345 5.670133 -10.890514 3.7895803 -11.4843645 4.4251833 -9.638852 -1.2684602 
-337.31564 152.00691 36.733597 42.51219 13.108593 -8.037677 -13.866501 -6.115281 -23.790369 0.95672417 -11.075328 -6.71382 -5.213605 2.1577296 -8.373683 0.12907828 -8.635347 -1.905031 -7.735698 -3.7598276 
-253.06464 124.14015 -7.171036 41.55063 13.024161 9.870411 -12.655938 -9.160967 -44.133133 11.888967 5.6937222 -1.6853938 2.5891178 15.586567 -21.273903 2.2997072 -9.75326 -2.1346004 -7.022618 -7.2555943 
-314.5761 117.822105 24.868996 24.709398 2.9098544 17.685688 -10.825241 10.563328 -32.77942 9.2599945 1.6968981 2.746632 -0.86915386 11.4311285 -14.664357 7.852339 -8.991721 0.17318243 -12.379698 -6.1151166 
-294.7231 133.90901 -3.075178 59.114704 22.541864 -12.798457 -9.745785 -5.0833607 -31.957039 3.4350266 -6.618978 -4.418268 0.48761463 2.1760721 -15.196542 4.5980744 -2.2805755 -6.6432276 -4.7763505 -3.9094505 
-322.45355 155.55183 -5.001698 35.05628 9.979727 -9.233135 -4.99584 1.7933034 -28.438911 3.9720612 7.0420957 1.6681677 2.353967 6.7493367 -10.511648 -3.8696098 -7.8072605 -2.4156687 -8.916715 -4.0469646 
-299.1693 154.09868 -10.119409 25.181288 -4.4534483 2.8424296 12.302943 -1.2551054 -25.276073 9.002354 9.759711 -3.1987255 -0.07138252 3.0870113 -18.390024 5.5009284 -5.371538 -8.14982 -5.2112985 -4.913453 
-295.79248 160.07674 5.7625914 51.673664 -29.397482 -30.328278 7.01708 -14.892156 -21.1874 14.772152 2.0734978 -11.952035 8.4175415 7.5536346 -21.908144 4.9136047 -6.3954353 -11.993124 -4.496147 -10.405467 
-321.38876 148.65443 14.184432 39.1739 -3.5585124 -6.2286506 0.9535016 0.39110905 -31.76123 13.148323 -1.4245487 -6.9747186 3.7215297 8.6486435 -11.901479 4.927873 -7.651812 -5.858429 -9.692341 -7.2585964 
-261.44476 69.56211 32.354977 52.087856 11.96846 8.429177 -28.151033 12.225874 -28.465685 1.6194723 -8.893275 -14.879327 -1.1068274 4.3427796 -21.340437 4.9143267 -3.8785586 3.4437857 -12.588688 -3.1124403 
-253.03459 159.50058 -14.3522625 34.201996 7.082236 -27.783703 -1.975889 0.20682992 -37.554947 -4.346668 -0.60920405 -6.7088575 5.666679 5.046318 -7.0777326 -0.5181795 -15.945662 -10.285618 -12.480825 -11.466904 
-259.91443 95.83472 17.903679 57.586174 0.6715713 -12.080051 -0.8179353 4.9367957 -40.30026 2.934251 -8.06773 -7.5541477 0.13378674 3.1976576 -19.596947 10.120073 -11.477313 -8.916118 -8.442794 -3.8095012 
-263.49014 119.67871 24.757042 40.40753 -11.36729 9.080451 -2.9870205 -2.7065248 -42.844654 8.696214 -11.147312 -14.203044 -0.16160563 10.787469 -12.75439 11.837874 -10.877784 -2.2442086 -10.584858 -7.517271 
-300.45944 61.895134 58.253586 43.411823 -0.27066314 32.44493 -23.950405 16.176493 -12.5422125 1.0338638 -11.273293 -10.408038 -6.807398 12.747102 -17.783749 6.5241504 -4.725987 5.526239 -7.139354 -4.2399387 
-301.45767 93.7227 12.46655 77.55313 4.6244974 -4.6043487 -9.1561775 15.531575 -29.403006 6.06238 -10.941253 -11.95456 -3.4594507 3.1741376 -17.16028 9.554533 -1.5247672 -7.281019 -3.9195812 3.7711382 
-318.1367 146.14317 -10.385681 36.08128 20.702068 1.101621 -18.27649 10.501434 -18.380342 13.299257 -3.8832054 -0.32419837 -1.76969 6.796604 -11.915311 -0.32547712 -8.317662 -1.3535886 -12.148796 -1.741115 
-300.46915 114.25319 9.020274 56.387547 20.238989 -3.9274614 -25.287718 8.253203 -22.480087 6.534049 -8.399386 -5.821432 5.791979 7.779536 -12.061155 5.1784062 -2.4833593 2.997542 -11.58192 -2.7037537 
-284.0051 107.50221 15.863085 48.14626 5.1800528 10.321766 -8.258671 -14.6235485 -22.54898 13.713048 -9.122505 -7.5166507 -4.78407 13.560238 -4.356615 1.1888981 -5.755358 2.8926039 -7.434748 -6.4762626 
-289.37375 116.986626 -11.795756 83.30839 17.938528 -21.557026 -2.6806345 6.977091 -31.69863 8.665826 -14.452223 -12.883282 3.435306 -1.8037461 -17.246162 3.0560522 0.77501035 -3.4325113 -8.838068 2.167657 
-369.36588 129.92561 8.834415 49.13305 12.085932 4.1917324 -1.6824576 15.156653 -17.219645 5.3488812 -12.261088 -7.552369 -5.9109764 0.04113669 -14.478855 5.990698 -5.951755 -0.92644626 -7.4069314 0.3942617 
-381.65433 132.15942 6.7623596 39.964317 13.651763 15.656728 -11.0988245 13.4032755 -9.735353 11.2378435 -11.174348 -6.091555 -4.574067 3.7551298 -12.789543 3.8599184 -4.4464717 3.258842 -8.875023 -5.345449 
-361.28275 132.22299 10.98279 50.790295 18.990067 -3.2600353 -3.3902638 15.116604 -14.734249 4.9728365 -9.320476 -9.762068 -1.9907756 2.6691928 -10.441926 2.6155443 -5.4232235 -3.5127406 -7.544642 -3.1445177 
-257.62952 123.14818 -11.021892 68.50575 36.90288 -31.734108 -4.6797786 3.7375555 -33.669357 -6.3945765 -8.274695 -16.416733 0.14748552 -1.776279 -24.004398 7.881797 -5.5415597 -10.274087 -1.186289 -1.0849274 
-275.84088 120.24977 -13.179142 73.85776 30.814423 -27.738712 -12.395138 9.4944725 -30.381039 -2.5211215 -12.618913 -11.626383 2.4908834 1.0653043 -13.030483 7.774596 -0.36057746 -4.391393 -0.8835322 -4.050263 
-308.18024 111.23437 6.7076616 69.59961 13.858089 -9.892964 -8.726977 5.262969 -28.775608 2.7912233 -14.933892 -13.184815 1.679479 3.5541766 -17.579687 12.986734 -4.7702436 -2.4048622 -4.8342004 -4.3218365 
-222.37492 91.22721 0.36513922 36.121925 6.454481 9.3285675 -28.310732 -10.942861 -38.264877 20.548264 7.247296 -14.10282 -1.0980527 18.480629 -16.370464 -1.3627715 -7.667935 -4.780928 -12.088298 -2.2789843 
-328.75903 138.11356 16.679173 48.422962 14.849562 -7.3012476 -7.86334 5.779531 -24.664026 10.076122 -0.9073357 -10.380315 -7.318912 14.631851 -10.922791 -5.5784507 -6.054782 1.2807932 -10.0390415 0.2241444 
-289.07217 81.93554 15.51711 69.36019 5.541315 3.4401636 -16.525093 10.347707 -23.672922 -6.172556 -8.641155 -8.834386 -5.1170154 9.636391 -19.587559 14.07639 -2.8542452 -1.3092177 -3.850351 -1.109405 
-309.23322 135.1974 -4.2160654 56.957527 20.772495 -9.501696 -4.7669234 4.0367436 -27.856087 7.27016 -11.663444 -8.066246 -1.6775095 -3.5595255 -18.265099 7.0928106 -5.2900248 -6.767885 -5.322781 -1.901977 
-201.6787 169.864 -90.852325 22.307285 35.05636 -25.554552 -19.373522 2.6117563 -28.878784 23.836323 18.624607 -16.858952 -1.5853063 7.7819085 -23.02469 -6.159716 -11.78521 -1.5007272 -4.2745404 -6.877827 
-275.73325 115.51847 -12.588847 72.91141 23.53653 -17.278954 -18.3484 5.9151387 -25.11106 4.159761 -7.9190087 -7.5505795 3.3156796 2.9531488 -11.506564 5.361063 -1.1081811 -2.1033409 -5.038573 -3.9117966 
-286.6825 108.084496 -1.5614316 63.590923 12.472449 8.034283 -22.833328 -3.462466 -22.098974 7.8206887 -9.423618 -9.903 -0.8827822 17.31623 -14.061975 6.9638433 -1.3657016 2.661404 -7.272878 -12.792117 
-260.59125 104.32557 -22.700127 65.0459 18.920996 -7.842414 -25.067917 4.7458434 -18.395798 14.359944 -2.7670672 -1.8117387 6.489101 13.183921 -19.813507 -0.63313687 -2.4563513 -5.0324354 -16.160011 -8.3440895 
-271.63583 104.42166 5.233305 49.638462 19.878937 1.7486382 -29.61538 3.4105852 -27.70177 13.916381 -6.836524 -10.683999 4.21749 16.042088 -15.091858 -2.0284362 -3.6415226 1.263011 -13.506516 -5.4368668 
-253.37856 148.50668 -25.998915 19.446747 -2.7684023 3.1471014 -5.5002956 0.9313469 -36.44486 17.203966 8.809544 1.2582011 -0.9536829 5.041148 -18.683416 -4.1130385 -9.249275 2.815978 -11.558112 -4.8100166 
-278.21686 162.39131 -40.292316 14.5446205 21.540653 2.9535522 -17.238976 -6.4621983 -26.716911 19.323832 10.839041 -2.8027358 -6.222639 5.398826 -9.493454 -2.9558449 -9.741167 1.89824 -6.6831746 -2.522538 
-309.88406 133.67546 12.446342 33.29518 27.477879 -4.927206 -15.845119 -9.413119 -22.369558 14.444141 3.215284 -4.9574366 -9.324296 7.2349167 -10.134486 0.7530247 -10.599972 2.9790268 -9.582462 -4.357821 
-292.21793 155.89638 -22.935455 26.323809 6.146517 -5.8715014 -7.8882837 0.5605792 -24.777637 11.081676 7.2704263 4.902279 -6.531334 -0.235836 -16.578667 -3.1936834 -7.983453 0.68562305 -1.9100804 -2.2168777 
-300.90378 157.45193 -9.377108 22.558666 -8.992764 -11.289695 9.447421 9.409954 -20.928335 9.479459 1.0955502 -1.4660726 -1.2880788 2.2151053 -18.556265 -8.352242 -11.839708 -0.6758596 -7.2510247 -3.0255613 
-269.5654 169.79655 -9.8228655 17.712566 -10.794811 -15.165933 10.2499 1.970534 -34.203323 6.208212 0.6656602 2.7450535 5.5776024 4.099121 -18.57445 -9.485276 -12.513772 -2.3593824 -2.9066317 -1.1576324 
-299.04443 149.64015 -13.089481 13.8659 17.37051 -1.5932114 -17.542305 2.272869 -12.3582 11.4058485 -4.4334655 4.110342 -2.0528362 4.8263803 -17.527748 -6.892683 -14.006636 1.4449712 -1.5709502 0.77016073 
-330.18832 100.69707 19.072533 41.912678 10.325123 8.897178 -10.836132 8.2549715 -14.543681 14.323452 -11.138893 -1.5993108 -8.01387 7.0477667 -9.604901 -0.80315214 -13.664271 2.0879505 -7.5003576 -5.812388 
-317.90067 156.26445 -8.986039 26.748339 22.044718 2.4851692 -15.941986 -3.1448243 -25.925453 4.1617985 -0.59323853 6.2904296 -7.0164304 1.2328656 -11.2151165 -0.059687454 -4.5261974 -0.77191216 -9.521432 0.2675205 
-354.57095 132.61195 -0.17766783 53.90337 19.041588 -7.8226438 -8.078376 13.721494 -16.344246 6.520653 -6.022326 -1.0708599 -2.6523566 9.794955 -10.694499 2.3453953 -5.684939 -0.77435535 -14.825884 -0.70332825 
-387.12952 132.1299 17.871399 37.756744 13.838305 12.610368 -0.41149294 13.223394 -7.198159 7.8427677 -10.946502 -1.0187125 -10.497539 -1.2943274 -8.0045 4.679165 -13.290037 -1.5917642 -8.686849 -3.866884 
-389.9362 134.36143 18.364466 35.12253 7.816025 10.30247 -5.4296207 10.324718 -6.7760286 6.8667393 -12.797084 0.6641188 -7.427439 1.2216374 -9.291073 2.4061503 -9.510525 2.163238 -6.981252 -1.548112 
-383.61642 128.66452 21.829987 35.48997 13.004067 12.84636 -1.3932655 9.98231 -7.8822923 2.6327527 -13.078975 -1.7780725 -9.139906 2.100318 -5.1213164 5.1618814 -7.297005 1.3705145 -7.477154 -5.1113286 
