-323.50098 76.74141 30.466444 29.17913 16.728432 23.08965 -8.367397 8.080674 -22.652065 6.5162463 -13.842731 -5.667479 -7.642578 0.9314198 -3.232686 4.146529 -14.937181 3.226644 -5.89453 3.3985415 
-196.84058 84.43832 5.355207 54.676483 34.7297 -3.5208118 -17.44972 0.55509543 -39.11833 7.328767 -32.582832 -28.300087 -10.581185 2.6174364 -13.6840315 -3.4082823 -10.643195 -2.129405 -6.537695 -3.7160153 
-247.02411 145.3764 0.82782525 36.597385 -4.3137083 -26.727028 6.926107 10.824563 -42.569668 -3.0040464 -22.241173 -25.642527 -9.28285 0.5515912 -4.6137886 1.9331305 -6.731648 -2.698432 -10.103348 -3.369769 
-313.78488 137.33795 13.162557 23.748608 0.92881924 -1.9413087 5.434579 9.023007 -28.602272 -2.924573 -15.322647 -7.0701084 1.728567 3.9640563 -3.3971608 -2.8352041 -9.486699 0.02619611 -6.615626 -2.5861669 
-380.64426 124.5338 17.371288 36.50762 12.869934 13.971353 -6.457377 9.953473 -14.5805855 7.4303226 -11.40875 -2.0188963 -5.592101 -2.885259 -4.0911303 9.952729 -11.123653 3.0328052 -11.007324 -1.6478584 
-257.17065 175.81209 -8.982925 11.326305 -0.7159924 3.795123 9.468068 4.644719 -44.19477 2.331819 -8.54145 -0.031236205 7.607798 -8.151336 -4.982736 12.202306 -17.606066 -1.6330113 -16.205637 -10.940475 
-213.74016 85.78556 7.004185 50.685337 6.355077 18.093893 -14.89575 0.3327294 -38.107437 5.5763664 -22.204742 -18.674229 -12.644088 10.380548 -0.29038832 1.2229288 -12.372702 6.2699156 -3.4873483 -5.850466 
-205.39691 137.07921 -18.376745 22.380552 27.57622 -0.06091817 -18.081139 -0.8781717 -49.415222 8.844685 -16.31154 -13.5750675 -7.7188306 -5.8554688 6.073605 6.1825237 -29.168325 7.0862164 -1.8246223 -4.8477836 
-248.44276 182.16791 -8.400761 5.1242867 -8.68828 -4.08225 1.7690572 1.7913679 -23.04432 1.475899 -13.98001 -7.2134724 -2.4290495 -6.537299 1.8498709 4.96027 -18.493053 1.0799658 -14.810116 0.8626058 
-193.66153 100.15116 -0.54109925 30.619062 4.4465346 13.775798 -10.083553 1.8239528 -30.299551 -2.645702 -16.884277 -8.852969 -10.143257 6.985071 -5.3184996 0.5983204 -10.542778 -0.26178232 -7.4498267 -1.674444 
-257.45715 129.27731 23.477777 29.908573 20.763683 9.511514 0.4666269 3.0206125 -35.01608 -6.960799 -24.930283 -16.748634 -17.047117 2.2665434 -1.9410051 1.947855 -6.0277143 7.836196 -13.817304 3.78185 
-223.8581 146.4445 -5.279121 26.885118 32.779808 3.3770704 -6.153988 8.366213 -46.69044 -15.006008 -27.392439 -18.807701 -12.210255 5.280344 -5.2297955 -3.339199 -5.0638127 8.930902 -7.158386 -2.2619057 
-239.1018 157.78598 1.8095347 25.23816 17.909452 -1.1211112 -9.910459 -1.6769027 -31.74759 -15.01551 -17.832935 -25.240238 -12.954502 9.112624 2.7020905 3.7972221 -0.019895554 -0.59777474 -7.2383194 2.694112 
-243.5654 141.5201 2.1856935 22.946959 25.00013 6.5181003 -17.126194 -0.11618667 -26.314089 3.3970842 -15.6637535 -10.950049 -5.563473 5.527713 -0.36922133 6.4986434 -8.411045 2.9261534 -11.80051 0.41384548 
-295.18152 153.62766 -0.63191605 29.761105 18.356428 7.6630783 -0.58425045 2.881079 -34.42852 -7.6597223 -14.46256 -0.74142927 2.326636 -5.096916 -4.551255 7.879592 -7.7864685 -2.0888612 -14.490306 0.0073796115 
-338.7436 153.00763 1.3864318 29.241964 15.154975 11.865424 -4.5628076 -0.2802122 -29.820381 -0.9672586 -10.674866 5.4609623 3.21257 -6.504323 -8.913772 10.898528 4.6559486 3.6817174 -15.569573 -0.33410868 
-432.20724 133.25002 16.785088 35.973526 15.884227 7.0903826 -9.704007 15.884362 -10.0565405 7.998121 -9.40478 0.81830305 -5.82826 3.0727675 -10.80669 4.8739867 -9.106763 1.2293818 -9.593281 -2.841644 
-339.78387 137.7162 -3.544609 32.17398 25.526281 0.66120213 -9.868491 -3.0414755 -19.04462 4.2222157 -9.480316 -10.642712 -2.2194204 2.341774 -3.9073596 1.3058672 -10.260056 -1.6003205 -6.170201 -1.0286193 
-172.89223 132.23355 -31.76998 19.896753 -7.157414 1.8191694 10.659223 1.1488647 -39.91141 -4.06839 -8.668801 -9.214974 -6.957898 -1.6239123 -0.66325855 5.288828 -15.901128 -0.7898177 -19.807013 -9.726327 
-288.67194 144.08272 23.170153 28.485073 -19.697798 -6.3241096 3.6327791 17.17634 -20.542667 -1.9781129 -15.382102 -13.673771 -7.2833304 7.1468234 -10.364976 2.1973066 -9.856941 -1.9407141 -6.104535 0.09116786 
-247.6491 94.18167 41.564285 39.587425 -0.19799815 18.08476 5.5964913 13.1382065 -30.304922 1.7718453 -25.61357 -22.747658 -10.987871 -5.212312 -15.1613245 1.0741727 -2.0889616 2.7273378 -10.230332 5.570137 
-279.6749 120.24364 30.59478 17.728996 -15.476037 8.850421 -0.76920563 21.418465 -30.867113 -5.4800615 -26.29985 5.007111 -8.701249 12.179992 -0.8714973 4.7951574 -7.974667 3.114405 -13.09002 -2.8076432 
-260.66223 76.32049 22.786877 49.754 6.1900425 18.158258 -21.586914 2.020341 -21.80123 8.094597 -14.403468 -9.204863 -16.80181 9.034206 -0.7381247 -6.8773255 -15.745582 4.533144 -11.566273 -0.8296974 
-266.3035 175.44467 13.757067 24.250122 -8.747764 -15.454113 -5.289963 1.714997 -29.724487 -1.7333335 -18.870445 -16.394897 -14.516582 -3.1598938 -1.1167841 8.971722 -6.0036664 -5.536969 -7.994717 -2.9726646 
-213.2737 117.61232 16.676996 13.29424 -9.825867 5.4721355 -5.787966 5.485843 -36.24388 -7.1333065 -16.021227 -4.886312 -9.954197 -2.9517407 -4.51845 2.5744944 -12.563678 5.029853 -8.343251 -5.39886 
-225.05513 87.720955 -0.77003056 44.462933 16.68275 7.885412 -9.049937 5.5746484 -31.884447 4.1330457 -14.863712 -7.660452 -16.698406 4.049372 1.4430127 -1.8640069 -12.806673 6.7828655 -7.6019645 -0.1819129 
-216.22829 91.90588 -10.099699 35.725636 0.12713718 16.54287 -9.688128 -2.9418592 -29.370962 10.04798 -14.158801 -1.8854733 -16.693016 2.5683293 -1.5204282 4.3806777 -18.415985 -0.017463233 -12.520397 2.4805684 
-296.14783 119.670685 7.7502933 45.332146 27.47992 20.047733 -19.878117 -4.777775 -19.078165 5.2633677 -25.070702 -14.309318 -14.593347 3.9181366 -2.0545194 4.416743 -6.7458935 6.609125 -6.987211 2.1177523 
-284.82004 83.99735 43.23078 36.492996 17.341768 33.59956 -22.333654 9.531073 -22.174053 4.097776 -13.948795 -15.22975 -14.80537 5.27401 -6.799767 -0.6065433 -10.90715 1.5975968 -3.4961233 0.6829202 
-283.02295 164.51422 -10.431515 21.959696 7.2841907 -0.25944418 1.4786844 2.0295007 -20.89675 4.6116123 -20.102358 -9.740169 3.361746 3.788682 -6.8800173 7.594044 -6.464048 -1.6076398 -8.511469 -1.1453824 
-285.55557 149.44765 -13.666317 26.707972 15.656957 5.416037 -4.742549 -3.2428982 -26.334192 13.377387 -22.135258 -10.0040245 3.3316925 4.177169 -5.2916927 9.162631 -13.175158 -1.956952 -8.449595 1.4341636 
-346.6755 156.31354 33.425148 37.874928 2.173046 2.2190714 -3.803507 17.970976 -17.853737 -4.2398014 -19.242208 -14.623363 -6.847174 -2.5584004 2.1276534 6.5500336 -5.7803116 10.569356 -11.521633 4.7692165 
-380.10043 144.94316 19.693672 30.861837 9.010464 10.51956 -1.2945728 15.066118 -23.436264 -6.735415 -17.116661 -0.49149194 1.8291422 4.600803 -6.8808084 2.7529483 -9.499896 6.468431 -9.009156 3.8120003 
-360.08325 111.32833 4.6606026 22.769026 10.800839 15.915785 -10.048052 14.199054 -16.927788 11.242182 -13.984508 -4.819201 -1.6459311 9.435109 -0.25851235 1.4800644 -8.0745 4.2293844 -11.094191 2.4400828 
-209.68694 139.66129 -53.332977 30.855892 32.48294 -5.6156874 -14.412062 5.386476 -21.658842 9.228656 -15.535893 -19.28597 -8.263689 9.625052 -2.7925582 -2.9901667 -5.8642907 3.3774767 -14.723906 0.12578958 
-298.17267 149.96616 -20.405115 45.11151 52.76903 5.155123 -16.922678 -1.8544557 -26.745913 4.4060583 -18.182533 -16.376083 -15.339909 5.5033593 8.017483 1.5538905 -5.534807 10.752047 -13.619434 6.7700987 
-283.59323 143.94751 1.2692057 16.512085 20.14346 23.492332 -4.3719316 -4.5231247 -38.953827 1.8101393 -20.28194 -13.191881 -11.215817 -0.5533396 -7.5654926 10.017752 0.6948634 2.3618412 -15.271488 5.0972185 
-302.8097 86.02524 36.177372 30.179893 7.6551785 33.2789 -20.11185 6.718702 -25.311182 5.5549846 -17.018166 -10.724278 -13.753897 8.88436 -5.953501 15.031257 -8.193883 -2.1440187 -6.6329093 6.6105604 
-405.7512 131.2115 25.496239 35.586094 15.338581 12.999504 -4.4578576 15.63225 -9.40877 7.7059784 -11.218637 0.29271686 -8.733438 0.0016931958 -9.566319 5.223578 -10.74117 3.5937297 -6.976913 2.118296 
-299.09326 108.39057 1.7705554 29.07534 5.6990647 15.928652 -9.631169 5.9304767 -21.341068 3.592271 -13.239688 -1.2994039 -6.253441 6.98297 -4.057333 5.697403 -7.358646 -0.39460647 -10.924329 2.043603 
-263.1035 123.04129 19.694914 30.760986 16.967031 10.975202 -6.7307506 9.028089 -27.774328 -6.0321865 -12.1561 -9.342396 -7.6540246 6.285256 -7.830679 1.2164985 -10.077983 3.55818 -11.543682 2.7143297 
-327.6861 91.09033 33.46053 42.718018 3.8433409 20.936115 -4.42227 10.966257 -23.940508 7.5398602 -19.734497 0.6317971 -8.6952505 5.135084 -4.3838153 7.192481 -9.311645 5.834199 -6.4634104 2.192604 
-332.58545 63.105427 22.742205 70.22819 -5.5151224 20.371092 -15.047282 13.95027 -23.22153 19.675272 -20.6902 -0.8697536 -11.878972 8.327248 -9.854123 1.1534468 -11.856285 12.110321 -12.63948 -2.0187986 
-339.06024 108.34964 11.205761 38.234238 10.275391 18.277933 -7.497656 10.128374 -18.20009 4.430196 -10.398218 -0.29610762 -6.410372 2.9747357 -3.2450707 3.220973 -10.720294 0.91606086 -9.184828 -2.012635 
-184.74615 129.0645 -15.231098 18.783577 23.161757 3.0532427 -8.007218 -1.1516501 -44.951492 -8.606144 -15.505086 -15.768723 -15.177631 1.5423627 -4.6141667 5.7360697 -17.610107 3.9392827 -14.603912 -1.8718219 
-271.00922 116.24815 34.111923 29.670685 3.7486658 -1.9333352 4.786126 14.715153 -32.259377 -4.6331415 -26.840544 -10.210944 -16.500889 7.749598 0.3611511 7.5888267 -8.981782 8.005328 -7.598079 -3.1469846 
-286.271 140.66608 9.570437 45.33748 28.228373 -2.9048045 -2.0397282 12.744481 -28.392912 -4.1867013 -20.547491 -12.416478 -9.781175 -4.7906637 0.02567127 -3.418091 -5.034452 17.152903 -15.318956 -1.7523172 
-313.23715 137.24574 -3.650581 44.890057 47.02857 10.613011 -20.746386 -1.8363754 -19.880836 7.0528755 -18.118011 -23.841236 -14.122934 7.511156 -5.546763 -1.4812304 -5.528045 11.234561 -10.691968 7.5648804 
-333.6928 141.76895 -0.5763753 17.25173 16.106562 14.210331 -0.5605184 1.6798133 -20.862598 8.494716 -12.382225 6.03783 -2.1253295 3.185343 -7.8363748 13.337273 -10.804205 0.8924849 -13.090338 3.1550238 
-291.29205 107.61761 7.86941 47.983505 25.039476 2.4784727 -3.7155957 4.165163 -37.656593 3.274412 -18.193459 -11.1237755 -9.653498 2.2988214 -2.3639984 9.047077 -10.182337 9.373948 -10.135795 0.35962307 
-357.57733 115.319 0.05655861 44.115513 19.815853 11.40946 -9.158065 7.198215 -16.97314 12.020776 -10.046577 -7.4616785 -12.539235 6.1130238 -3.6722832 -2.9355967 -8.570237 4.891937 -9.951661 2.977295 
-358.1935 105.748886 -5.801493 28.584652 1.0667462 30.398155 5.7747426 6.791625 -19.78175 5.9697285 -3.6653357 1.2667571 -9.798791 1.9628377 -7.4671197 0.2142917 -4.9953895 0.6857706 -17.629116 8.815102 
-329.3117 176.68614 1.8949244 20.215942 -6.492649 -4.965742 13.428931 11.35451 -29.553946 -12.846851 -13.141964 0.65268284 16.76643 1.881536 -8.601093 0.9759765 -17.013464 -0.56629217 -6.954614 -3.0004065 
-345.1044 145.50777 7.881706 28.058546 7.9829874 11.090061 3.8334057 3.9072254 -23.289062 -1.8175386 -11.985162 4.7706213 4.793975 -2.367068 -10.432105 7.758459 -7.8114667 -1.6818104 -8.666388 -0.08719137 
-242.54443 124.20517 -0.6601192 25.981054 24.147305 9.033889 -1.8862936 -0.5413956 -47.117203 -6.1703467 -19.842775 -16.202715 -11.217869 -0.9668236 -10.102244 -0.63631135 -3.0768702 1.3779902 -15.84572 -0.60165775 
-190.66501 142.44698 -15.166127 13.174457 -7.540907 3.71986 0.9406963 4.6110535 -16.581848 0.5410031 -16.093674 -12.207127 -17.638899 -3.5389235 6.18812 5.6944537 -12.171001 -0.19256169 -8.76968 -4.958397 
-196.53246 153.45099 -39.49449 13.003862 14.154379 -7.18099 -12.164109 -2.4641883 -18.099781 14.870344 -11.354589 -17.46447 -9.150548 1.338929 0.50510395 -3.7764559 -17.764454 3.063202 -12.441879 -2.4224954 
-230.86038 163.66107 -25.551535 0.702866 -7.8649073 0.695531 23.47629 8.248425 -20.416452 4.2218404 -13.147594 -1.6107211 2.5399208 -4.9222374 -16.923714 7.703984 -7.1258373 -0.9591889 -9.386381 -0.21395826 
-262.20264 107.35179 29.781063 25.82759 -1.3458723 10.8074255 6.7913156 6.867848 -35.527206 -2.4470663 -22.219564 1.9053321 -8.89273 5.9139485 -4.564551 7.7214684 -5.1111507 4.9327335 -8.927027 3.9165523 
-293.57635 129.82202 -13.730701 59.885757 33.467896 -22.496721 -7.410067 20.015585 -30.621727 -10.809086 -23.351 -13.66746 1.6799886 1.7388324 -6.041805 -0.46061817 -7.9230947 9.618722 -19.456549 -7.850066 
-306.7155 141.46931 39.16614 30.276512 -1.6197628 0.45970577 -6.6704135 20.623402 -27.184124 -15.343129 -22.457556 -18.020596 -13.615252 1.3351114 -5.906366 6.3107715 -2.406391 5.415983 -8.008087 1.8459337 
-285.3836 67.5499 39.05618 53.755573 24.170607 7.0486383 -19.118649 24.57188 -25.557459 6.7512164 -19.554674 -11.876446 -15.804725 16.240881 -13.659302 -6.364971 -8.205555 1.6880453 -22.796783 -1.4429238 
-281.21332 106.71998 13.774614 49.155457 32.71943 14.457308 -25.4989 0.9125434 -22.527426 -1.8987492 -22.278345 -19.665724 -13.063956 6.0671215 -9.762587 -2.944015 -0.71320724 4.417477 -18.680243 2.2015238 
-280.35474 163.89505 -0.07274769 20.779362 1.3973707 -12.586459 2.0466855 4.4919076 -26.672905 -4.5794883 -18.49242 -8.395488 2.510448 -0.7382434 -5.962934 9.816089 -5.690697 -3.922783 -9.892734 1.3535382 
-290.43646 102.863556 29.692919 32.69842 21.528885 10.244015 -8.299842 14.078709 -22.927734 -0.31337583 -12.799099 -3.1945136 -8.692808 3.365558 -7.1786366 -1.9765502 -7.260653 4.7844863 -14.047535 1.1615065 
-292.39966 152.89789 23.154951 25.361647 1.6128564 3.3447313 -5.176267 13.303193 -22.578512 -15.140871 -22.72471 -10.496607 -6.162252 5.8770585 -1.9356622 -0.6157162 -8.517155 5.611537 -9.677958 -5.6318045 
-325.50613 151.63986 -7.3340964 57.235245 56.42742 -3.147382 -16.090015 -2.3836708 -24.661005 -1.4395756 -22.174858 -27.87076 -12.360477 0.3092075 -5.660466 -2.546277 -5.4490457 3.8815775 -9.766571 5.7097616 
-358.0716 136.78217 3.1627057 50.552723 39.85782 -0.88001466 -11.203589 10.793155 -22.563982 1.4002192 -18.062323 -14.910278 -11.31407 8.756117 -3.9007149 3.0139878 -2.507005 13.870765 -10.90881 10.260834 
-311.40082 139.18015 -14.546775 30.1873 31.273445 8.465015 -20.051575 -7.5713906 -23.6504 17.357336 -16.64816 -6.859924 0.47659433 12.140695 -6.5520034 5.6211185 -8.44067 0.16459635 -13.889532 0.27699083 
-372.35355 106.08625 37.42832 31.656166 12.877393 21.317858 -9.183148 12.676245 -17.060444 1.8636854 -12.801911 2.7303288 -10.957434 4.9974256 -10.866274 5.6911 -10.98683 4.4358926 -13.269178 2.6660573 
-340.78748 167.3737 -12.032571 15.688561 8.072811 6.1649976 0.03737603 0.5350323 -16.927908 17.263424 -10.559667 3.8348618 -0.19832315 -6.494364 -12.490403 7.9256406 -15.80789 -9.324866 -4.5453925 5.6923795 
-382.34818 109.9665 10.931078 36.516407 13.640876 15.742647 -5.798789 15.5775585 -15.559221 5.866084 -8.883967 5.748245 -6.4351606 -1.8232523 -2.284944 3.1838238 -13.19594 6.338737 -13.221022 1.2632842 
-317.57306 159.36841 -0.8641852 38.89414 47.250633 0.8427872 -16.620626 2.3408625 -22.280558 -6.5805936 -17.896645 -15.421848 -8.781872 2.3225024 -1.1539322 0.20621555 -8.496663 15.140841 -15.025552 -6.6449814 
-271.8449 75.39532 26.428757 71.13161 12.699885 19.156559 -12.356248 12.306978 -17.222422 5.7646527 -19.337414 -11.678397 -12.872402 11.421723 -9.314682 -11.772639 -6.6105013 9.404681 -13.225083 1.1924052 
-224.21126 106.93692 -15.449775 48.681114 20.57386 9.39756 -20.517166 2.596823 -22.880215 0.5809095 -24.048576 -17.360405 -9.196096 15.47345 0.11156543 -3.4774027 -12.162288 7.8943644 -11.811413 -7.3748374 
-301.4066 155.85371 13.825314 29.816393 30.873203 11.215443 -13.740145 -4.9413953 -41.0663 -2.1221147 -7.8709836 -10.507986 -9.081298 3.1172283 5.6613984 14.6596 -12.555914 5.995122 -16.409773 -2.6467452 
-361.72943 137.29964 14.864868 31.1081 16.505714 4.1091766 -5.5142117 3.985684 -23.433613 4.0000653 -7.2869024 -1.9289114 -5.6939363 0.61208665 -2.6839032 11.475679 -7.3987 3.001158 -14.348002 -0.99318856 
-330.2853 62.20004 29.344578 28.299665 6.9135036 11.4839945 -6.6937323 17.504774 -17.837164 10.352486 -9.921796 -0.14548768 -8.253048 6.999835 -12.657016 3.1894355 -5.4142427 5.050722 -16.030684 4.6411457 
-341.09058 148.01288 14.344626 16.754112 5.029359 11.20282 -1.4980547 9.237697 -28.388426 -2.5991056 -10.51095 7.9727783 5.8423934 0.3789019 -9.759294 6.2778664 -11.802563 0.12716943 -12.660321 -4.574996 
-241.2777 125.99726 -0.5458444 13.88887 23.374952 27.94897 -8.943278 1.8971223 -37.237537 -1.8362192 -20.084524 -18.739235 -10.476938 8.856472 -2.2609053 7.8966336 -0.28344277 5.839171 -14.031374 1.9231619 
-260.5526 84.1091 23.444351 65.269104 24.364166 15.181225 -21.618664 8.819925 -20.611977 7.4208655 -20.957308 -20.36042 -14.1077 13.126609 -10.100731 -9.300969 -5.7817926 11.201255 -17.266768 -1.1035961 
-294.71307 147.09943 -4.2142205 23.592583 27.606026 9.47447 -12.046941 -1.3793988 -28.302822 4.2800946 -15.726177 -5.6451015 1.3694882 1.2612233 -1.5070356 8.679236 -10.914691 5.2698336 -10.458935 -5.098002 
-405.66113 141.08624 17.73171 38.029404 14.29323 12.612913 -5.7447853 8.956646 -12.70113 2.2758844 -10.580541 2.1815238 -4.782133 -7.3876743 -9.16435 7.0007186 -6.859079 2.1693285 -6.992728 -2.1167 
-295.67703 144.3305 -12.458015 18.642368 18.80072 11.098156 -12.643031 1.7411461 -25.488504 8.158005 -10.328121 -10.40171 3.1040442 -5.208193 -4.223888 10.487316 -12.146587 -3.4717207 -11.375336 -3.2878275 
-249.90712 97.308105 15.428616 49.192123 14.080828 21.604856 -10.379562 3.985488 -28.770226 8.337323 -12.241753 -10.437842 -6.5253983 -0.058643766 -10.743244 -1.584373 -10.585184 2.5245807 -12.564902 0.45916447 
-282.73795 126.31989 20.081215 53.856033 22.39407 10.963768 -9.782419 12.848365 -23.39721 -2.1200633 -14.558746 -13.7515955 -18.769728 2.1833637 -12.464696 -9.419361 -4.996849 3.970834 -7.746388 -5.6350627 
-330.28256 157.40427 24.46868 24.185415 0.9546348 -1.4180472 1.2412045 13.3251705 -17.928453 -6.596037 -18.657713 -7.0031247 2.0747485 0.54369193 -7.847597 5.3363466 -10.817997 2.1397028 -3.8989398 0.3327061 
-312.69565 94.04237 23.783524 37.654236 8.4035 15.97874 -2.2473276 3.1020079 -24.117321 -3.480096 -8.408604 -1.123906 -11.545372 4.3271437 -5.805232 6.671473 -4.1125693 4.522558 -15.742671 7.099117 
-291.46536 96.959404 5.895362 61.170193 25.078806 1.5052348 -15.96009 9.141255 -21.808393 6.6990337 -16.876616 -13.962505 -12.410533 2.2620137 -2.4567103 -4.6897717 -11.4167 9.854911 -8.596128 2.7574143 
-345.43848 114.73722 29.648678 47.67402 18.244045 27.232185 -20.608494 2.7118602 -14.74892 4.191361 -16.372774 -11.802397 -12.126835 2.8112662 -3.2399988 -0.52966046 -13.484588 7.064328 -9.023028 7.152281 
-351.08792 141.43533 5.5346417 46.684242 35.00791 22.952969 -12.170567 -6.231021 -16.72788 9.098325 -20.47664 -20.800785 -12.408866 2.619609 -3.2368288 6.8385544 -11.708721 -2.678182 -1.8521476 13.892536 
-425.3306 134.87335 16.005514 40.42523 15.476874 13.056324 -6.525065 15.945309 -12.326285 8.009047 -11.857449 -0.5133147 -4.749087 4.3365574 -4.9740124 8.669735 -10.499233 1.6314254 -9.879473 1.805617 
-346.50696 143.20909 22.631914 30.543602 8.763542 11.634152 -2.5837986 12.8856 -25.935848 -4.872091 -13.463218 -6.591851 -5.727478 1.6410494 -2.290796 1.6235766 -9.482445 6.493839 -13.189641 -4.4203196 
-287.7952 148.44382 -0.6226307 28.844316 27.602089 12.9054 -12.457601 0.34670532 -32.82184 3.3688393 -14.569628 -13.686105 -17.36574 7.136566 5.902809 -0.121013746 -7.627567 12.856285 -15.38924 1.8302301 
-270.8894 146.9805 -6.465572 7.5748105 5.3010235 0.84679437 -3.9447393 10.936585 -24.456964 -1.6664224 -17.743618 -9.33989 -7.8339334 3.6737018 -1.3314385 1.6461446 -8.447443 6.841822 -17.053648 1.9099718 
-217.03581 78.98405 33.04257 28.772308 5.337037 16.96757 -5.121242 -4.851853 -27.568981 2.3037357 -10.036912 1.8344388 -16.110792 2.207987 -3.6085625 -3.1664724 -11.528258 8.375101 -14.98872 8.500878 
-233.1324 91.901276 24.465664 27.124306 -5.5729275 22.887987 -8.628599 8.879598 -32.94054 -5.173205 -13.2529955 -6.5937304 -11.21796 5.940965 -3.1577334 6.0624566 -7.8714633 3.7122126 -12.335841 5.7989902 
-255.33127 106.39685 11.269309 16.313486 -7.117971 20.136774 -0.8320954 7.8513904 -18.740982 5.166882 -17.381035 7.4523654 -8.019294 -5.8169956 -11.736419 4.0481887 -8.540481 3.1502066 -14.486511 0.84313667 
-328.52765 128.51808 44.293213 27.165962 -5.279977 6.589627 -6.763076 10.991093 -18.461227 -7.076779 -28.292957 -1.9870595 -10.062324 9.451771 -0.37077534 8.971392 -4.1253343 8.7965765 -9.005062 2.627881 
-313.76657 140.08652 22.654064 12.17643 -11.90901 5.3161936 5.649735 16.165833 -14.693481 -1.2234411 -20.768791 -1.4163194 -1.2885538 6.0335135 -3.111655 2.3245606 -19.328773 0.030436277 -11.381489 0.8636931 
-297.65646 92.80192 39.373592 34.00481 1.0113449 31.290585 -17.718376 3.9681711 -24.023825 2.8404486 -8.760708 -7.375025 -16.280144 9.797125 -12.276233 10.316221 -9.086731 -3.4014516 -7.7787457 2.6293151 
-311.3262 177.14531 9.903265 22.587364 -26.314297 -24.073158 13.240986 9.541133 -9.006757 7.845236 -20.128902 -7.3164954 1.3521211 6.661333 -12.85306 5.859913 -10.655575 -13.731816 -14.151038 3.5125372 
-407.25153 130.3533 13.586456 33.142445 9.958318 7.9983706 -6.0228424 9.224033 -10.479519 4.1518607 -10.175341 0.24431594 -3.9204533 0.64042497 -9.256009 1.9587606 -8.356266 1.1163014 -10.007374 -4.150074 
-309.5241 137.70271 1.6155832 24.235079 22.602943 6.1247587 0.91201824 -3.1869814 -23.79184 -3.217365 -13.684596 -19.718807 -5.978701 -2.132537 3.5718842 4.4823837 -5.446228 -3.1059291 -7.8067746 2.2453058 
-303.18466 132.0108 26.185194 32.067856 18.743353 8.595326 -3.9427457 -8.993937 -25.574562 -11.051253 -13.183726 -14.2190895 -4.4189625 -15.0940485 4.050898 4.669729 -6.444971 2.2225428 -2.390109 6.130534 
-393.02908 116.61515 13.992032 35.67633 10.908683 13.397119 -5.469671 15.431841 -14.28137 9.87698 -10.807848 1.650337 -5.1367335 5.565628 -8.354744 4.151497 -7.808169 9.606333 -8.728212 3.3357053 
-333.98315 75.46206 20.348892 24.035347 2.4126635 22.749132 -2.7581859 16.670279 -24.371763 7.3691797 -11.7471485 4.68533 -10.418784 11.8793125 -12.128252 5.3546658 -11.710498 -0.9364251 -9.641643 5.824416 
-257.65497 118.20044 -11.416661 44.78077 27.999792 -4.5358167 -10.903379 2.7228165 -37.256268 -0.657041 -22.590818 -21.941622 1.5330609 -6.2289567 -5.4418755 6.2994137 -14.007933 3.8299124 -5.8739605 -7.3119144 
-219.66507 115.20935 -24.55406 44.948524 33.039925 6.609303 -18.991468 -7.3750863 -28.425682 11.938714 -27.591436 -28.152342 -3.4632635 4.5002246 -4.9536047 7.9799857 -25.612938 3.0200093 -1.7074136 -18.959993 
-225.38184 109.7465 13.294881 30.591505 46.24236 1.3941357 -22.07215 6.088815 -36.14493 2.589169 -29.867838 -18.106148 -8.269094 2.9277995 -11.686914 5.0252976 -7.529046 0.91949874 -6.7511616 -1.1421151 
-232.33018 164.15796 -28.830257 11.228215 36.73934 -9.685368 -9.3207245 -6.4845424 -37.170986 13.706366 -13.401824 -14.624067 -4.11917 12.94443 -11.376701 8.4982395 -19.642578 2.766353 0.04701731 -6.8866253 
-207.15944 70.82533 29.97739 10.041034 19.788624 19.07407 -20.983355 6.914723 -36.89162 17.434746 -17.408276 -8.849143 -7.443284 2.734091 -5.322649 4.922149 -20.836031 -0.24162054 -8.081482 -2.5865536 
-226.38762 81.6977 49.20488 21.581316 19.047043 30.004887 -29.259867 13.061645 -30.701897 6.5509048 -8.340517 -9.636329 -22.101606 -3.2814903 2.7578409 2.8838418 -19.95042 -0.24748379 -5.011851 4.180193 
-277.83926 125.92025 10.606335 48.64643 31.924835 1.1445593 -15.551664 11.844832 -23.788383 -7.310802 -20.31683 -13.696025 -10.19182 9.438743 3.3807337 -4.779435 -14.725769 21.467487 -6.7970476 -3.6486256 
-287.172 149.573 8.100051 30.150291 33.767082 9.709679 -25.065304 -8.292454 -12.709778 -4.259239 -18.747257 -13.815362 -8.424052 8.666019 6.0015783 0.2849673 -11.95047 17.562233 -20.612871 6.050478 
-298.1979 108.44061 41.14255 42.721966 12.713526 8.478884 -7.17064 4.975893 -24.29127 -1.885838 -26.692673 -8.16058 -19.601475 6.7679515 1.0826782 4.647537 -12.413336 9.244175 -12.612181 2.2005823 
-314.8037 94.10966 27.898926 48.342125 20.376448 13.6995 -8.827555 7.2621055 -29.722664 18.378801 -18.744167 -8.103167 -9.91037 8.456126 -15.012953 1.4965614 -2.3125288 0.65246177 -12.562193 8.03954 
-336.2259 92.02641 36.209545 40.84829 -10.79727 21.55021 -4.860838 8.981264 -23.560457 6.419091 -23.594383 -1.8511344 -10.068788 3.6668332 -1.2319933 6.481319 -4.2716 6.2290144 -9.331626 7.272477 
-384.07446 146.04619 21.26639 27.558113 17.68438 23.122736 -4.793629 1.3303441 -28.263838 -0.6506064 -17.710419 -2.4469092 -14.893528 -0.9086005 -5.043559 10.065495 -0.8823393 5.0998898 -8.565097 11.929325 
-391.5494 133.1132 26.251518 35.5299 19.27916 19.643154 -11.512101 8.537709 -21.452997 9.4196005 -15.184825 -0.09641361 -5.352289 8.767251 -0.055929065 8.867064 -9.92719 2.2315266 -10.014457 4.8961496 
-427.97348 133.66505 15.482666 37.016285 12.858082 11.229738 -7.3813653 12.550817 -11.491498 5.5869946 -9.384957 4.867383 -6.0929966 3.8923466 -10.829595 2.7404501 -8.386451 3.0707197 -11.660923 -0.67518467 
-430.82803 130.35277 10.81236 35.065525 8.952363 9.962244 -1.8379326 16.127876 -7.8449993 4.8385296 -7.1505947 -1.16642 -7.681357 0.98563766 -15.815655 -1.7309821 -8.347913 -0.4486928 -9.497108 -1.0938522 
