-299.94922 158.10263 25.878996 38.649696 -21.881765 -28.4255 0.13750118 -6.6899667 -32.712543 12.953949 -27.02172 -0.6243786 11.104057 -4.0182214 -7.052717 10.992016 -15.758916 4.1133323 -2.8795092 -10.538389 
-273.2136 152.01431 11.333301 33.776928 -28.048992 -24.422304 0.9791603 -5.209509 -35.894676 9.941815 -25.388058 1.5593524 12.360758 4.3305197 -11.407313 8.412443 -20.452261 -7.21069 -5.2315516 -9.569123 
-397.57425 124.03003 19.701641 32.067146 8.0660305 10.67237 -9.671131 7.536604 -11.742352 7.121299 -16.53586 4.4469814 -2.622304 2.9172604 -9.8956995 8.101253 -10.8925295 2.5740633 -11.895326 -4.016313 
-304.73483 125.279526 -7.039923 23.160908 19.212101 4.51094 -22.342264 -6.2629237 -9.919747 22.514835 -12.863368 1.6501321 -11.264645 -5.763955 -6.7030416 5.570413 -13.95971 5.526552 -7.693105 1.4753712 
-367.80728 103.82163 27.539164 42.91599 10.797353 12.543053 -18.269493 5.0221467 -20.7309 9.465601 -22.31069 2.5784314 -7.650758 -6.735141 -11.162083 5.1006823 -14.772022 4.3119206 -6.7804127 -6.4283657 
-215.50183 131.86757 -56.506943 18.30429 19.568394 -20.533546 -24.631233 -3.787177 -25.204842 20.749788 -7.6632953 4.6346984 -10.988918 -9.192701 -17.595669 15.738386 -10.519919 4.7713795 -5.2017236 -8.584371 
-297.26572 162.00218 -34.97369 30.650307 14.727276 -20.497215 -1.2071642 2.128703 -26.284502 15.557085 -8.61962 1.7564307 -5.9002194 -10.789665 -18.832922 14.881156 -12.176342 0.2425623 -7.72405 -3.6269603 
-325.17905 123.05033 1.1424168 41.324127 17.929453 11.145832 -24.770828 -18.863127 -31.883335 13.637885 -19.109667 9.210194 -3.5241876 -4.868573 2.5002928 9.6733465 -14.786848 6.996946 -12.646997 -8.771451 
-334.6869 75.867874 30.78864 58.865025 3.3440256 24.633707 -20.521502 7.890258 -11.189453 5.9612937 -31.46774 3.74783 -1.0797261 -12.974838 -7.460399 15.160948 -18.931314 6.172291 -11.989744 -4.7116857 
-304.86948 125.685844 13.682035 27.246895 -6.6031904 -0.28116715 -4.556911 7.9677954 -28.879154 21.65447 -20.56827 0.9041354 8.010483 -5.021643 -15.226391 11.516474 -16.728622 -6.3044086 -4.7352805 -2.0546176 
-339.7026 156.74913 22.881237 41.008667 -6.6082745 -14.111465 -1.1945205 6.7201405 -20.218714 5.1438575 -22.74487 -1.8049016 4.290256 -2.940108 -4.1140895 10.940565 -14.396086 -0.4975022 -9.30751 -9.233369 
-358.99283 116.73302 32.48941 46.398308 3.063162 12.246331 -5.889265 2.74483 -16.689545 10.622844 -23.71406 5.3342743 -0.21414386 -12.762584 -7.6767044 11.692346 -13.955399 3.4508204 -8.233176 -6.8763556 
-331.62903 66.002655 38.299164 41.291435 5.963473 27.61888 -22.198435 3.4009516 -15.180996 21.339321 -26.138739 3.4703174 -3.6465924 -7.281639 -8.859354 7.967924 -20.95455 6.4928703 -3.5632863 -5.2027974 
-359.01285 127.04111 16.793245 42.15991 15.851933 8.52027 -8.78677 -6.7726 -25.966143 8.495086 -19.965168 -1.6143069 -4.529334 -6.2496395 -5.102041 7.949681 -18.878494 3.4239888 -8.457982 -7.694948 
-310.02573 156.84375 -0.35687786 38.43318 -16.90823 -14.618936 6.0291343 -11.415383 -41.480824 5.3884816 -15.803975 20.958553 12.81019 -0.40247235 -9.289 -0.045119762 -17.436697 9.295304 -9.209753 -18.10671 
-312.48053 83.46424 19.543583 38.47435 -3.1843703 19.228287 -19.58886 -6.0691614 -23.589638 13.055135 -22.402658 11.938629 4.596965 -6.4619107 -2.0336747 11.925579 -14.861111 9.328198 -9.839858 -11.148659 
-342.12918 62.60256 44.35069 45.347427 -4.951387 31.326973 -22.7795 14.347366 -14.809302 11.406798 -25.451971 2.1289327 -0.6532252 -5.711761 -6.806679 4.433673 -18.972221 10.192341 -11.671907 -7.006887 
-316.1568 80.10239 24.10319 66.149345 16.814697 -6.107796 -10.308437 11.81831 -28.303108 6.723234 -34.01053 -0.094903864 0.80997413 -16.3687 -12.573662 17.223698 -18.685472 1.6981207 -7.468238 -1.5229269 
-328.79968 166.75903 6.5457554 24.686466 -21.631683 -29.699839 -1.2010275 16.081682 -14.934937 18.626137 -13.419102 -3.648749 2.4504838 -1.9712203 -12.262616 2.9856822 -16.92681 2.8115766 -5.330942 0.49317434 
-370.52994 153.81944 4.4507623 25.9779 -2.050246 5.043543 4.4042196 6.0676174 -12.822433 8.557547 -10.525224 5.5257697 -0.46741444 -6.9237814 -12.508297 3.5952656 -15.177841 3.034098 -7.653738 -6.8356667 
-335.02087 135.36931 1.0715098 52.522903 25.640293 -3.4374666 -3.0407 0.2222228 -18.833643 7.0671577 -23.624 -4.245234 0.1748442 -7.460749 -17.496422 10.3556 -7.571093 2.206832 -6.9823227 -2.7255464 
-274.0337 142.2232 -19.098059 26.938847 1.8828087 -10.935726 -0.08456188 -7.4805155 -21.219736 11.890934 -18.84605 -0.32490888 7.0319715 -4.6075387 -21.445976 14.362566 -20.161827 0.037883334 -7.7478156 -15.385586 
-272.19153 106.54781 25.845085 24.234627 -12.918087 5.62115 -2.7568367 -4.804357 -33.38777 14.108566 -19.66578 14.515965 -3.925243 -5.2178097 -14.429112 9.409876 -15.918505 4.8418036 -7.2039084 -13.089827 
-283.31174 110.36305 21.968967 27.76458 -2.08249 16.28996 -12.202098 4.199275 -22.001478 12.619095 -13.642697 12.840893 -3.471982 -4.800922 -10.916899 7.3243704 -13.635319 11.864656 -4.5805717 -2.3642511 
-306.6132 142.87352 -5.5012674 37.543156 34.126305 -3.6486282 -17.461159 -10.493541 -20.241728 23.07925 -9.630315 7.423872 3.1780822 1.4069964 -4.551516 10.171409 -26.169983 2.7093668 -3.3874533 -0.7787808 
-314.1539 143.50159 -4.224239 45.56744 28.74391 -0.38512674 -15.008052 -20.212624 -21.506248 15.348811 -12.424493 -5.0217175 -8.009048 2.7595224 -3.8147593 5.2129345 -22.435154 4.1588573 -4.5238357 -1.5696005 
-298.18542 110.448074 17.111534 39.304253 2.7497036 10.886372 -13.376671 1.8729608 -32.821037 11.232948 -15.140793 7.209032 -0.47641543 -5.4930134 -10.467137 5.0503707 -11.493613 -1.5819688 -7.7375236 -9.648803 
-301.56134 141.24774 -27.042244 37.583626 34.04005 -2.9932506 -10.024402 -12.603608 -26.045336 19.792704 -3.659328 6.9175563 -7.8743267 -3.4882112 -9.457347 9.693463 -19.693203 -2.1909857 -11.18516 -5.600236 
-409.49527 146.42535 18.556545 47.360546 16.57152 12.465702 -2.897355 6.296285 -11.982822 3.1356158 -15.803408 0.74061656 -6.6908717 -4.0398726 -4.602129 4.78629 -11.82337 2.326352 -7.9707108 -7.0079675 
-330.4834 162.23335 -8.8929825 21.670168 3.4846883 -2.7876816 -8.69203 5.359747 -21.610939 11.064239 -11.507388 11.385515 -3.558608 -8.158953 -11.943432 7.5860147 -14.820343 0.37874645 -4.8638415 -4.452033 
-344.55582 136.32335 -9.694756 46.13805 33.992867 -13.077774 -17.803751 -0.07849439 -16.757675 11.624992 -17.801859 -0.12477986 4.5818315 -3.597987 -8.90036 10.91481 -16.64597 6.9446845 -2.4236517 -10.419849 
-252.60889 118.16885 -19.608812 29.507212 19.76188 -10.9864435 -11.702784 -2.01694 -39.237015 22.390018 -6.4464116 6.6766987 -0.8620988 -9.286841 -14.335349 15.061259 -14.25381 -2.6737368 -3.4847496 -11.758691 
-262.68546 146.16815 -44.057285 26.349413 38.21558 -15.561661 -12.029761 -9.842462 -27.338505 16.23961 -3.2945616 -0.7818051 -12.823734 -2.106441 -10.096113 2.4606452 -18.299355 -2.7407007 -3.9129155 -0.7416636 
-351.5619 95.84014 24.005144 56.751324 15.072713 15.640854 -16.605326 14.660176 -20.164438 8.375851 -20.272497 -2.0692053 -2.4517457 -4.381574 -12.868254 8.085889 -15.681107 6.6907234 -7.1624527 -4.578791 
-327.0787 108.45502 10.100959 83.65009 20.349201 -16.703457 -1.7007885 8.363635 -29.111565 1.4195893 -26.743683 -4.148274 0.46774182 -11.382519 -14.176426 12.114858 -19.254238 -3.3105776 -2.1681879 -5.516679 
-363.6358 133.01843 10.681224 50.736336 10.981755 5.2494154 -1.138688 -5.3549495 -23.931314 7.4045234 -15.213549 0.02351284 -3.054241 -6.616843 -6.502898 13.017149 -12.150646 0.8337769 -6.611363 -4.9286814 
-407.58707 140.48372 27.191128 37.76979 9.024108 12.621014 -14.497484 9.062644 -19.330933 4.923023 -20.567863 0.043942347 -4.581612 -2.12606 -5.7789807 4.770159 -15.531119 2.5509856 -10.013411 -4.3583837 
-349.2287 114.36722 27.095163 24.526793 14.293186 6.2088547 -17.590282 5.235237 -36.428574 7.538413 -19.050888 7.929149 -1.8057513 -3.3471487 -6.0322113 11.732738 -18.880932 6.386304 -14.758702 -6.2365484 
-412.07895 132.27658 15.014591 32.921913 13.102489 12.143503 -7.3853664 9.394893 -14.78899 9.379846 -12.334171 5.4100347 -5.517314 2.4919555 -4.1513515 4.3060465 -11.448103 2.745019 -10.976304 -3.890811 
-402.817 136.93645 14.088916 35.299446 9.826629 8.656883 -8.896187 2.0609763 -15.060513 6.321303 -12.903996 -4.2990484 -4.8616195 -2.5498662 -8.168247 4.463984 -12.734902 0.5721314 -8.866324 -6.085859 
-336.39975 153.43394 -15.822781 49.67073 30.825356 -5.694638 -15.649048 -15.586119 -32.023514 16.502129 -12.745216 -5.7951717 2.6431015 5.2489095 -6.038978 12.515193 -10.447226 -2.1737146 -9.432385 -8.190331 
-289.71555 134.92361 6.678173 18.880579 -9.472399 8.846691 -5.7053566 -6.8316317 -16.818562 12.001137 -17.970999 9.316906 3.753799 -4.436327 -15.499566 8.0285845 -19.240145 5.6898327 -8.96483 -8.653559 
-310.9298 135.11823 5.237524 37.524296 31.142412 -1.023826 -22.071974 -13.014808 -16.151989 8.894566 -18.91284 -4.0310016 -5.020434 3.4592867 0.6571796 6.3323655 -16.909508 8.524859 -9.864809 -9.383921 
-296.1353 145.02826 -11.12741 40.889114 10.655301 -4.064013 -5.106521 -23.019175 -41.889557 6.905356 -6.0201464 13.670115 2.2091403 -8.222804 1.2619933 16.084406 -15.343165 -0.11584311 -15.656625 -20.175615 
-389.71875 143.96086 9.197392 34.97138 10.145292 8.214691 -8.926134 -1.866476 -19.026178 6.670553 -7.1174035 4.7285604 -6.540291 -1.4015977 -1.212426 9.595245 -13.976339 -1.56566 -10.6618595 -4.309332 
-421.91617 137.70161 7.7711825 34.780003 12.4326315 11.874036 -8.219189 4.137532 -11.6371355 5.2577176 -12.238273 -0.33220392 -8.178355 -1.2380929 -6.2354207 1.7955551 -11.667034 0.22616108 -9.384988 -1.3080202 
-372.64136 131.79012 14.474791 56.337612 24.677654 -6.103807 1.749915 9.932428 -17.092773 3.8231685 -20.049002 -5.3705387 1.7416767 -8.220835 -22.127197 12.144585 -12.339763 -3.7518377 -3.1538813 -2.211741 
-294.14 144.73228 -10.297466 35.381332 9.846945 -15.717457 -10.985727 -3.146965 -22.617472 7.576956 -14.404007 -1.829631 7.3014474 -3.561868 -17.212072 14.421814 -14.618313 -0.0584225 -5.5461025 -11.059456 
-289.4244 120.74878 12.263183 21.374031 5.7916803 5.210995 -8.640333 -8.474898 -30.12778 12.604658 -13.436982 1.915574 -3.993426 -6.658749 -14.815678 9.058034 -20.090899 7.2824454 -0.7864832 -11.877277 
-342.98593 90.62263 35.01099 36.242386 21.478045 18.064167 -16.135193 -2.2461553 -13.752695 11.34292 -25.089125 -4.91851 -12.124694 -0.64565104 -7.94188 5.612704 -21.124168 10.01715 -7.3932934 -11.359407 
-303.34885 107.48947 22.152029 42.3356 21.816605 6.4453735 -12.914842 -14.705715 -36.587677 8.097082 -18.367859 -6.0488153 -6.1575947 0.18164141 -5.95227 18.341927 -21.132011 4.9546123 -2.716546 -7.676473 
-298.93158 138.35829 -23.304163 60.77981 46.260696 -22.211748 -8.803356 -4.554811 -37.955162 8.192097 -21.040869 -6.221719 10.115245 -7.0352764 -15.850521 22.374203 -13.625187 1.4233195 -3.1655898 -7.8743176 
-343.3211 163.71104 15.764889 38.064877 -5.0801826 -18.897242 -8.247931 -4.392531 -20.097824 7.804756 -15.054526 4.9359264 1.494765 -6.16105 -4.552596 14.931288 -11.85069 0.46232855 -8.485646 -11.482912 
-295.4826 114.06955 20.592388 24.27233 18.715582 9.149017 -22.65752 -4.268602 -23.545967 16.539825 -12.296842 12.777073 -8.059292 -3.9094298 -8.072918 12.407953 -19.125832 1.854323 -13.783016 -3.2871156 
-281.5421 138.15582 -27.543806 26.971397 27.324017 3.7788365 -29.092964 -5.4716253 -7.7584066 21.822361 -12.032585 3.220899 0.45189223 -6.7602415 -10.298382 15.425349 -16.083252 7.121621 -3.702361 -10.871098 
-290.15408 155.82045 -18.56604 15.104636 1.8236711 -10.491333 -9.418354 6.1563287 -24.619968 15.129554 -4.8589087 10.250691 1.2736236 -12.190785 -15.584569 11.438826 -21.292177 11.237552 -3.972391 -12.502652 
-316.84915 163.6607 -24.199747 20.255573 8.870826 -2.2441072 -14.952294 -10.909351 -27.679718 17.783028 -0.7328294 6.8941298 -9.107951 -8.901348 -9.4430895 11.278651 -13.846474 0.1987772 -15.043878 -1.1013277 
-324.96133 120.33852 9.893954 21.892462 27.256182 2.0534472 -24.488708 4.8430424 -20.57796 12.764447 -5.788427 -1.1662184 -10.955328 3.2035558 -6.9757295 4.556489 -14.094089 11.439322 -11.235232 -1.1048156 
-356.5347 91.17258 42.172634 41.46232 13.666356 19.319216 -19.870275 13.75794 -19.037012 8.538482 -27.31771 -1.0451837 -5.9326572 -2.4782677 -10.6541605 7.558477 -15.9155445 6.637326 -10.597357 -0.5218406 
-368.68195 107.06955 19.314112 59.983032 8.95463 8.603365 -4.1231227 14.62493 -21.935349 8.5020895 -20.507484 -2.8007562 -1.0293206 -6.5233164 -14.359604 15.891556 -13.740336 1.2696695 -3.2300017 -4.3338957 
-399.1056 138.86383 21.623695 40.119186 19.85516 5.274008 -5.04725 3.0095797 -16.01219 2.4436657 -17.138287 -1.5830048 -9.553269 -3.9886792 -9.765613 8.105447 -11.622089 4.4393716 -7.759931 -4.4559107 
-327.2552 128.4016 4.0722027 24.075848 4.2351217 3.379334 -9.855246 12.454838 -29.065483 15.855964 -8.11029 3.801965 3.4886508 -9.083179 -16.215654 6.563623 -7.5561457 2.0768144 -7.097009 -7.1153064 
-353.56555 150.71867 -2.295522 22.367355 16.94285 5.695761 -7.363944 0.6893357 -24.971422 0.4640778 -12.392781 9.721595 -5.5503974 -8.370889 -10.013097 13.651539 -7.7555246 0.8390598 -11.909839 -6.867212 
-344.664 163.79425 -0.80760384 25.514772 2.2212064 -11.050053 -13.039222 2.502333 -25.185173 6.275443 -11.861881 6.6181545 -6.2520666 -8.391994 -14.770513 7.929756 -14.912543 4.7439976 -6.844702 -1.2131168 
-395.7717 130.8711 6.294265 56.515274 16.60783 -0.85672903 5.0864544 12.849606 -19.396486 6.9985595 -16.104902 -7.157426 -3.0573514 -6.2747564 -16.268105 11.732559 -10.870623 -5.661125 -6.101595 0.085406624 
-421.17694 135.48027 11.551244 31.942696 14.561495 12.746784 -6.83448 12.273713 -8.368969 8.189241 -12.049984 2.1568098 -7.0197964 -2.3250246 -10.772332 7.9138064 -7.9456778 5.898372 -7.1775513 -4.063435 
-331.264 136.21788 2.274879 31.256958 10.263264 12.943059 -9.837232 -0.39148712 -27.820986 15.133497 -10.45199 2.218468 -4.3799067 -8.002142 -12.19721 4.3661723 -9.72814 -0.55359906 -8.81977 -9.326563 
-300.6935 160.60883 -22.388195 24.10427 17.27934 -14.853703 -3.9805598 1.8347923 -32.947586 7.2721796 -5.390161 0.1168233 -3.5453684 -3.9971788 -7.9597845 12.403772 -14.407272 -0.94226456 -9.858484 -5.2679753 
-348.86926 122.905396 -3.1556382 78.35434 24.732489 -25.915825 12.572865 9.989917 -34.813755 9.998822 -23.564018 -14.486996 11.792435 -14.347585 -23.678873 23.201347 -16.473652 -8.766968 -1.373128 -3.2366776 
-340.6814 142.15852 -5.023299 54.399956 6.2236257 -12.298453 -4.0451503 -7.832472 -31.867027 12.148958 -12.102671 6.40395 1.0700071 -10.293385 -17.090103 18.87457 -13.501918 -0.8289601 -10.456349 -4.851371 
-351.96338 169.35532 -3.6960974 33.7853 -7.7046103 -7.6981297 -0.9820366 -14.494287 -35.59529 4.724556 1.2648981 17.008625 9.479632 -9.685879 -13.663811 4.4983244 -14.544786 4.185381 -11.936939 -13.945572 
-363.96805 136.79977 15.3813715 26.263657 11.220086 16.329803 -8.075283 -6.68597 -27.156485 2.6181417 -10.319725 0.7644761 -5.814781 -9.7372465 -3.5973837 11.015616 -5.8309383 0.7551944 -10.939602 -1.4402571 
-348.4496 135.0398 14.090886 28.702864 0.9727385 9.269053 -10.219577 -2.6345625 -25.53669 4.6059256 -21.129187 0.2379161 1.9567676 1.7960671 0.76981616 15.1826 -8.12667 3.1704335 -7.714979 -9.082221 
-302.7885 148.9781 22.835323 28.701626 -4.207513 -7.676602 -5.5919147 -3.1673486 -38.526215 -2.9136844 -22.223234 12.38905 6.074985 -5.9940743 -4.128397 5.1533995 -17.787178 6.266579 -5.9534254 -15.38269 
-346.09354 158.7824 24.209406 44.740154 9.733381 -4.7317333 -5.186992 -14.648207 -35.606525 -0.19572407 -13.958694 -2.7989283 -3.6481318 -7.3962336 -11.78876 7.928592 -7.7746716 -1.7658807 -7.132469 -7.297045 
-320.8258 162.27008 -8.060386 24.906296 5.4105954 -8.625145 -11.132102 -1.3099757 -25.272041 8.070188 -12.111755 7.405966 4.567694 0.35598636 -10.101444 11.843568 -13.336714 1.463943 -5.3836937 -6.93829 
-305.04248 49.665604 47.70537 52.117706 -1.87963 19.79988 -19.081635 7.110392 -12.138878 16.975822 -31.462765 9.252102 -0.6440263 -6.632087 -11.598369 10.144633 -20.379343 9.302007 -11.309568 -9.757271 
-354.2928 101.75235 19.70046 70.45026 9.784269 4.379072 -3.9958696 13.552296 -21.231188 9.500581 -28.631569 -2.7225933 3.1052976 -9.186271 -22.071323 9.643225 -11.08814 -4.6420627 -8.905082 -0.7537113 
-314.7718 151.31403 -33.275814 29.35576 17.68865 -5.014199 -19.229826 -6.5110064 -13.184383 25.437553 1.5390391 4.657741 1.1607283 -3.906558 -13.393053 12.166194 -24.127401 -1.6085515 -5.031443 -2.241024 
-356.15308 153.34334 -0.59064794 39.412216 -14.424284 -3.9893951 4.6829 -4.879456 -27.778358 9.322859 -15.6448345 8.36276 13.089954 -1.2439189 -14.269019 6.70957 -20.889109 1.7917349 -1.6573724 -9.668045 
-412.7802 126.099525 10.092106 33.633633 6.1172886 18.964071 -3.942407 9.088068 -11.172771 14.655149 -12.619356 8.0519 -0.64525944 1.7993586 -8.8929615 6.9369226 -15.955007 3.5023608 -12.870687 -2.8701315 
-368.34167 147.8534 12.442883 37.685234 -7.3817267 6.4667263 1.7814993 -10.14227 -24.582388 13.966247 -9.022819 20.78878 6.993321 -7.2669373 -13.950502 4.0484996 -16.298298 6.998559 -13.857232 -14.241716 
-386.7515 145.44217 14.660224 34.579117 1.9729339 7.8606057 -12.261798 -7.508811 -23.080774 7.68803 -7.944447 12.118227 -2.682301 -3.871915 -5.715452 10.755257 -12.896116 6.194739 -13.533131 -6.2545414 
-420.9135 130.71344 21.40995 35.19744 12.917358 11.374746 -5.6408496 15.042114 -11.110409 6.1938 -14.717736 3.15866 -4.7481503 1.9444071 -6.1790824 6.8990293 -11.92165 1.7163967 -9.029392 -0.33502972 
-411.7843 125.67734 23.505795 34.10586 9.683763 15.758431 -7.728748 15.698237 -10.753544 8.598859 -14.395084 7.2670474 -3.2677114 3.836987 -7.4626904 4.720145 -6.102431 6.0996704 -8.91264 -2.2532704 
-416.40186 122.044136 21.63732 38.423244 7.41003 13.592371 -7.0391474 13.506028 -9.532754 13.81145 -13.005244 9.460378 -6.2663126 3.5283186 -9.22993 6.6317377 -11.394198 5.4840813 -7.7253747 -1.7545718 
-326.4529 109.64765 25.967058 27.096292 -5.2568874 9.821437 -7.0053515 2.17684 -19.598778 11.850299 -22.69393 4.1580667 0.076718874 -2.862965 -4.5540104 14.894894 -14.289627 3.6540227 -5.8116226 -8.58291 
-279.7094 87.23035 41.295338 35.3654 9.221727 17.786848 -23.136349 -17.449472 -20.097622 23.162699 -28.963718 1.483126 -7.5471344 6.151601 -5.1825323 12.935459 -15.107276 4.7256217 -12.432564 -4.027871 
-320.67477 44.700836 77.01079 27.050964 2.966312 30.175636 -19.494179 11.488697 -13.463566 14.736393 -20.332619 2.303091 -8.462897 4.587783 -15.624045 8.012306 -18.69772 4.2159085 -8.723568 -8.61604 
-336.1113 74.26214 44.180473 53.431644 3.782202 29.866177 -21.317234 7.794717 -10.636665 11.049665 -26.69686 -4.7649994 -2.0364141 -7.260327 -13.979475 4.260374 -13.242408 7.7919865 -6.51195 -8.090808 
-350.58017 133.56229 9.536686 45.96903 24.75453 8.341679 -15.272945 -10.372817 -21.274546 3.9811125 -22.4613 -8.795559 -3.4408674 -0.6101571 -6.383955 12.452438 -14.418145 2.7304013 -6.2336383 -8.289695 
-331.96112 121.39387 -12.204578 56.825733 33.849968 -6.4612203 -33.83185 4.936561 -14.022594 2.1035862 -22.212349 -1.9441009 10.0085 -4.172847 -12.150204 17.420742 -14.298284 5.1966186 -6.9141135 -5.7517266 
-402.03598 123.14978 26.207064 32.422752 12.305439 10.510681 -7.9120655 6.688824 -15.088686 2.4412317 -15.273914 5.8677516 -4.5007443 1.1033704 -9.240908 6.7969146 -12.290938 2.1857512 -10.276976 -5.742298 
-366.6646 125.402016 2.2132902 35.570885 24.691893 5.6569424 -28.542942 -0.87284493 -11.987091 12.657056 -17.224125 4.402472 -0.6862721 2.7589622 -6.9533954 8.859427 -14.818876 1.672316 -5.7716317 -10.64338 
-420.89038 127.07304 16.258997 32.572586 13.362403 15.993969 -3.682871 12.22298 -10.457747 9.114776 -14.727378 5.097774 -5.6114063 3.3085096 -7.5867834 5.7703867 -10.657785 4.7090344 -9.687616 -1.5254385 
-414.0475 130.87785 8.192074 29.45803 11.844705 21.470697 -6.8866596 1.4539824 -12.02108 12.589849 -11.854346 5.7107215 -6.587276 -2.4235203 -6.5096374 6.6967645 -11.430797 2.5973775 -14.808193 -1.3495009 
-411.7386 128.41783 9.407143 36.568527 13.303187 22.02376 -2.1339867 4.0691524 -15.700547 15.537176 -14.115106 8.252854 -9.229571 -9.781915 -8.880828 14.306051 -12.242155 3.5982068 -13.641936 -6.6271234 
