-369.6609 108.233025 26.902523 37.387836 6.688955 20.124405 -7.8647437 12.760387 -12.137767 2.9235563 -15.946184 2.307065 -13.404711 6.563386 -7.9504995 1.1930499 -11.910511 8.118372 -12.729122 -0.6763829 
-286.35608 117.39772 11.632834 58.782837 19.230837 -2.3258772 -2.7659082 -7.736384 -25.500633 4.2968097 -26.18801 -11.90572 -15.583363 10.56252 -5.1506863 -7.3103704 -1.9414518 13.913664 -14.630962 -3.9700594 
-275.8529 146.62766 12.890964 36.417816 18.98302 3.1735814 -2.1567404 -3.5514765 -37.457603 -0.5603416 -16.970022 -5.2931128 -10.376524 -0.057970047 1.553314 -1.6229678 -13.346851 6.785695 -3.2941265 -7.114858 
-264.56143 167.65123 -6.24539 5.932878 -8.014665 -16.883198 15.238563 20.437538 -27.168821 -2.669559 -9.166836 4.9358206 -2.5341382 7.3971534 -3.801567 -7.7929797 -18.42477 -5.0667095 5.5977654 -2.4061117 
-321.77762 174.27785 15.102207 21.568213 -1.8389454 -0.21269672 -0.26883686 10.888733 -22.319584 -3.4323323 -13.197876 -1.0736961 -12.071758 -1.876049 -3.5213227 -0.2472375 -3.132408 4.455263 -0.9976188 -3.1908855 
-313.62732 155.51083 16.945425 27.920671 21.913557 11.467854 -4.110817 0.36341625 -24.958252 -0.03406138 -5.8816524 -1.7818133 -12.056843 2.3840408 1.9545587 3.2477455 -9.668713 2.732317 -6.114934 -7.896113 
-286.32004 131.29161 12.755393 39.475876 21.88493 12.679253 -7.870553 -1.308537 -25.131926 -3.9492798 -11.746319 -9.758647 -15.495259 0.30588314 -1.1559211 2.5474024 -5.8901334 6.5632257 -3.1861777 -0.7907803 
-309.80603 144.32928 17.994904 56.312035 29.324959 -6.182309 -1.5441552 4.896536 -28.955065 -0.37637675 -15.121471 -19.617153 -11.5492935 11.399519 -11.4951725 2.7516508 1.1840852 12.841326 -7.2752924 -3.3984632 
-326.60037 133.37532 30.052748 34.786697 10.282787 7.9245114 -1.8429072 16.072416 -25.096275 -2.105875 -18.726688 -8.430973 -9.01726 6.889173 -3.2759871 4.070056 -8.334138 3.6726112 -4.6336293 -0.92131066 
-333.3809 149.69337 21.683035 38.963444 20.370815 8.342303 -7.291008 2.8102841 -20.98053 -3.5167599 -12.582051 -7.1052194 -7.642599 1.2892766 -6.275374 3.0640821 -5.2045574 6.814494 -3.449274 -6.079244 
-308.28506 149.16399 2.1832016 58.154045 36.293602 -4.624233 -6.0915604 2.8294826 -31.458656 1.0171297 -11.917668 -20.823551 -12.210957 10.673311 -10.226765 -3.965188 -3.7640715 7.5576663 -8.850902 -3.1949375 
-372.67374 138.46637 15.297337 47.26666 17.804148 3.888084 3.4853923 11.073131 -17.044996 6.057016 -19.727922 -13.411829 -11.173372 0.64125055 -13.932488 1.6904325 -8.354024 1.621199 -9.24767 -0.6617349 
-323.74832 94.47627 19.890251 47.516907 13.823709 8.658117 -2.4745023 15.045975 -19.44305 9.536533 -10.91321 -13.7616415 -13.106403 5.1041446 -3.615539 0.28629747 -7.4900556 12.2847595 -9.973118 -0.6704856 
-264.90366 134.38493 21.576363 37.66303 2.808828 1.8759398 -2.7192564 12.679471 -29.27758 -2.906744 -11.709168 -11.81771 -11.722281 12.878641 -0.40558803 -1.8556743 -8.650121 9.751246 -6.2185574 -4.6323023 
-348.70413 173.73506 30.459938 31.58783 0.5009504 -7.1847754 -10.71855 9.935295 -13.407749 3.6409755 -12.539506 -5.358319 -4.6844206 6.1857996 -4.494992 1.6155834 -3.8309288 3.969101 -9.767643 -6.436529 
-333.2913 119.35772 35.715107 31.441689 7.935522 15.579729 -6.898951 11.52678 -20.9163 5.2831097 -11.59327 -4.134902 -8.554382 6.216657 -3.12303 1.9074427 -8.510605 5.6275964 -11.662486 -1.0641875 
-302.18985 105.69819 46.42199 25.231857 -1.7771431 8.983692 -12.196017 14.353873 -26.058575 -0.9470772 -17.170105 -3.395309 -11.0875225 8.758186 -3.5125937 6.3772807 -10.564879 6.647583 -9.121672 3.1179147 
-320.8189 105.21378 40.0635 46.736317 13.113508 12.525951 -7.970377 15.646449 -25.383461 6.120334 -17.911217 -12.564928 -7.7006445 8.084669 -19.206861 -2.903292 -6.2190304 3.8804698 -11.658288 1.5705878 
-277.05927 119.86478 10.921773 32.0115 20.198359 18.923023 -15.081079 8.410506 -21.592487 7.6748495 -7.3747964 -9.554073 -17.455826 14.363637 -2.6064906 -5.100461 -14.503331 8.493557 -7.597461 -1.5518155 
-340.5898 132.10052 29.488712 44.32807 25.371382 27.994076 -10.7835045 5.472054 -23.534422 2.2093713 -16.90455 -16.54367 -19.969107 7.789455 0.44173443 -6.3680825 -13.823995 9.974574 -3.6160676 0.12785207 
-357.2652 149.95319 19.220396 45.574245 27.850801 15.580638 -4.8432813 2.6008098 -21.79975 3.992235 -20.192757 -17.110727 -18.549171 8.241442 -2.6301353 -3.2131093 -14.87003 14.415797 -1.4389488 -2.5243156 
-339.23627 82.56076 42.915592 22.870909 8.107549 25.375704 -13.529035 20.667593 -16.362707 5.443346 -11.160081 -3.353032 -10.529857 8.170262 -9.187114 0.9768487 -13.000982 7.487093 -11.52325 0.5475166 
-260.56476 117.66949 9.708229 32.087376 24.259577 23.176245 -18.74095 1.7811483 -31.130259 3.8899198 -11.948892 -14.160601 -20.246819 9.738101 -0.775472 2.5092251 -15.683038 3.463192 -0.2856033 -5.019344 
-305.71024 162.37326 -0.9678586 19.789131 20.980309 13.297092 -7.384374 -3.2912068 -13.04348 12.845966 -6.738493 -1.7028956 -13.557339 2.5618794 0.5806093 1.0904971 -18.869764 0.6830406 -2.2881746 -3.8371327 
-305.23163 156.45326 -5.861577 24.817234 28.536425 7.8158855 -17.827227 -7.9569345 -20.50719 15.3165 0.055448215 -2.4726543 -11.724946 7.8940268 1.9094135 -2.5740829 -16.994911 -1.0407101 -5.14645 -6.4262996 
-341.51755 134.1666 10.503529 31.519775 17.557564 16.218956 -10.792453 8.159053 -17.746042 12.054667 -7.6150045 -3.8418202 -12.54213 8.02708 -2.4857554 -3.475631 -14.272223 2.3706927 -5.0333004 1.7659125 
-317.60718 131.97083 14.832243 40.231 30.814932 8.278278 -13.6556635 -1.3783927 -18.368488 2.7391834 -21.90509 -14.554008 -9.384716 9.115601 -3.6762912 2.7782714 -4.9806256 7.5339694 0.8117877 0.29097685 
-324.81406 134.188 15.67194 40.240936 26.836235 9.077087 -11.090807 2.4713304 -13.274954 5.238348 -9.423351 -7.649354 -9.781651 6.1926517 -2.6275678 -2.3559337 -10.799762 5.8813977 -3.2676523 -7.148012 
-374.44534 121.204155 13.679213 30.999844 10.828937 18.044388 -3.3982089 10.534378 -10.922929 7.774994 -8.804831 -2.7803621 -9.486938 5.6724415 -9.0779085 -2.1218705 -14.461548 -1.1028548 -9.094956 -0.54520273 
-306.5603 154.6783 9.083326 24.049885 17.504797 13.692677 3.235631 2.4025187 -36.389847 -5.874349 -16.841087 -3.728858 -4.26787 1.1436441 -2.6928697 3.4621017 -2.70952 -0.019672552 -5.1554785 -3.1726668 
-281.5378 140.43234 17.88346 35.194756 22.172998 -0.22799069 3.460866 -4.80892 -25.211508 4.1701336 -17.790522 -0.046183903 -8.963494 -1.8620076 -3.258308 8.913311 -8.7288 1.4507605 -4.6807933 -2.5988073 
-250.69482 153.30511 -1.2654442 31.918745 21.471106 8.544661 3.9806492 -9.8967085 -42.87472 -2.6293604 -19.072105 2.1286955 -12.32258 -0.18259975 1.2785547 3.842265 -8.247862 3.7301173 -3.1860738 -5.179755 
-314.55685 122.80619 25.387178 36.7205 21.331364 6.3617086 -6.312038 6.5919075 -11.4121065 1.4248862 -17.42991 -2.7156122 -12.824499 3.446244 -4.4423847 1.9476026 -10.2021675 7.586642 -7.781812 -4.438742 
-254.43283 138.83488 -9.101417 31.182594 31.960287 10.9347725 -14.253296 -2.5593233 -31.821882 11.469024 -7.115309 -2.2177782 -17.427757 10.880406 10.229384 -1.2162614 -22.51161 3.154301 -5.2827306 -4.535759 
-301.28888 101.60621 36.39757 30.357405 10.909313 28.816305 -18.911673 8.651406 -28.027626 1.168797 -6.9380684 -6.566025 -18.470726 5.9469733 3.1843996 7.85928 -12.386786 6.8880124 -5.709699 -3.4488525 
-338.69998 165.63258 13.470593 23.326378 13.868565 11.408865 2.3221447 8.656193 -23.641727 -4.6341023 -18.168785 -0.34740093 -4.816524 0.37841702 -2.4980707 6.2205744 -12.329112 1.4618111 -3.3873322 -3.5578434 
-305.1583 151.16954 8.3217945 40.802177 24.23036 14.495402 -5.5299892 -3.9027367 -39.283924 1.0809546 -8.716137 -8.486973 -9.744509 2.9637341 -0.54364944 7.046913 -8.492865 2.6752238 -4.575544 -0.39627016 
-311.76044 135.66382 20.596107 23.525188 0.17448871 18.449377 -4.446394 12.80902 -25.318943 2.6829648 -11.395459 3.3237062 -10.499718 6.855551 -3.3784742 -0.55103827 -12.936769 6.645831 -7.272059 0.40503696 
-305.41516 176.55956 15.54192 13.644257 -4.577724 8.20429 2.8663552 10.680734 -31.844307 -10.117624 -11.14028 0.9600826 -6.3219967 5.874215 -6.5935593 1.2624489 -13.290287 0.4382571 -7.6879544 -2.1136382 
-320.55975 123.31909 41.389835 28.80407 6.5804877 27.000732 -11.84551 6.040449 -25.78892 -3.1773539 -11.393844 1.159743 -16.752964 0.5073708 -6.318202 2.5051627 -6.0708485 7.14266 -8.465324 0.2506699 
-288.80164 173.8112 4.770024 19.360504 2.5028172 1.332598 -3.810761 5.0852723 -25.61574 -1.2511648 -3.7490492 1.2932819 -9.519685 2.9836826 -7.5318594 -3.113154 -11.307451 1.4830555 -2.0762198 1.494173 
-321.23755 157.30843 13.958215 15.198887 12.39772 13.511102 -7.9145346 3.0246515 -19.839582 7.2224326 -9.992406 1.5414567 -8.605584 6.573224 -7.437452 -1.0557284 -12.500018 3.5425034 -9.1802 -0.8470828 
-330.47464 152.95317 4.210571 23.800005 21.994587 15.867839 -10.079692 3.0542743 -22.955572 9.656457 -11.002404 -8.262268 -17.4005 8.415839 -2.6619236 -5.2820296 -17.282385 4.1869187 -5.102419 -2.8862228 
-349.43268 158.38898 11.250203 28.292273 20.844683 14.728429 -14.234717 2.7286472 -19.637068 6.1744175 -5.7430334 0.4420609 -10.757328 5.3615255 0.48213652 3.556847 -15.7626 3.593967 -3.743793 -2.288032 
-320.26514 156.67676 19.511042 24.001715 11.635495 2.2721481 -1.7665645 6.5127106 -24.834991 -6.2208276 -16.289051 -5.399243 -10.910591 1.3530784 -2.8617418 3.8689635 1.5924647 0.08759366 -3.9580302 1.0775031 
-302.27682 160.79988 -4.0919476 37.191345 34.24262 3.2192802 -14.952214 -5.5885696 -34.871597 -3.6222713 -8.113473 -11.708706 -14.323131 6.393009 0.81844264 4.873279 -7.641171 4.236228 -1.7156241 -1.9946439 
-346.02536 157.71278 7.0258737 30.902683 15.437097 12.969093 -2.0601037 -0.028241502 -34.625595 -4.9785585 -7.5114202 0.9447276 -12.640242 -1.0628896 -0.010945175 14.012913 -3.2951734 1.8978928 -6.4923377 -3.214853 
-297.9269 102.11389 22.327877 24.766323 11.593876 19.194155 -13.237952 11.743829 -30.580702 1.9507556 -4.7193284 -8.251766 -10.707539 5.9105816 -3.334049 7.953909 -10.326868 3.6721773 -5.904967 -3.3782506 
-298.97986 120.82865 21.135475 47.41809 17.359978 0.9572115 -5.541082 10.691822 -19.930086 0.153546 -9.412442 -8.421775 -9.574573 4.7830973 -9.34678 1.6669182 -3.883491 7.0968695 -6.538092 -1.3502173 
-310.57526 113.73954 22.864697 30.87806 17.435823 11.448065 -6.3111625 13.439236 -20.94886 5.125437 -4.694765 -13.946318 -12.541001 5.726755 -6.11414 -0.13624889 -9.389904 7.086334 -9.445904 2.415648 
-318.8673 171.73363 7.800499 17.833046 7.544626 7.581663 0.41998038 5.8793225 -31.076212 -1.8803586 -4.4616632 -0.45503795 -8.083409 1.6855257 -8.101678 -0.5373732 -11.323582 -0.6815497 -8.201764 1.1825337 
-317.0112 150.77397 14.504017 34.51192 23.633095 16.675497 -8.536472 -4.717719 -38.139908 -1.7163453 -8.287335 -7.7822866 -16.633598 -1.2485042 -0.2848679 11.169458 -3.223812 1.5603799 -6.7966056 1.333984 
-270.51703 116.11696 -3.7011592 47.610657 31.338614 9.598415 -14.09891 3.742566 -25.40638 4.39691 -17.467503 -10.947645 -11.098369 8.010817 -2.7110896 -1.2541108 -5.7207656 4.3710303 -1.835565 -4.6057315 
-327.41086 125.78669 21.958794 48.69464 11.418669 14.791431 -13.647293 5.799196 -21.857063 0.016531838 -12.534787 -7.2955933 -12.142527 8.54744 -3.644054 -0.86513954 -6.0336857 11.979153 -4.670576 -5.657814 
-330.47845 155.44946 6.5470896 35.23076 22.1902 9.962994 -7.091458 1.3324147 -28.914711 -0.255851 -11.304153 -3.2306988 -10.199698 6.999506 -2.746715 2.250039 -6.6816754 3.544453 -5.407607 -3.7740843 
-307.5592 155.12645 -6.8100734 46.332657 40.61635 4.2323184 -12.577892 -3.8835516 -29.14396 5.3735294 -14.692361 -18.398575 -13.720808 7.6918454 -2.1357532 4.3170466 -7.032421 4.8050427 3.7194002 -1.123601 
-288.0675 108.83597 23.462694 49.310577 15.195133 13.156844 -8.236322 7.8505063 -22.949898 1.8154 -10.552149 -12.5617895 -12.541139 10.31639 -2.3093965 -5.422929 -5.776753 14.411119 -9.140644 -5.549223 
-305.48288 133.23854 35.724716 26.63245 -7.15075 9.51862 -7.467764 16.122522 -15.79211 -2.494062 -9.51184 -2.422209 -11.412037 8.913399 -6.891177 -1.0304325 -11.123078 2.0196881 -7.6495547 -1.0973226 
-375.14438 135.70888 15.695316 31.897644 12.825804 18.87558 -5.556793 12.539566 -12.520923 6.120539 -11.7816305 -2.8654845 -8.528215 1.4440717 -10.791714 -1.0780729 -9.88094 3.3595335 -6.073797 -1.7423095 
-370.7325 121.86061 8.722634 32.626522 11.061752 25.378088 -8.423697 11.208981 -12.900133 10.007214 -8.696994 -5.0114174 -12.625849 4.6825128 -5.5595136 -0.8680761 -7.4994297 2.4111032 -14.755961 0.33293703 
-345.44565 89.58945 38.511894 31.9725 -3.2453604 27.299831 -9.566762 15.8614235 -8.758553 5.960436 -13.448069 2.0941086 -15.211075 4.122891 -6.0631723 -0.5406869 -8.3163805 4.274179 -10.608604 0.94044375 
-289.97778 150.37506 13.9576645 45.961075 7.5457983 -5.3756814 -0.7543633 15.305181 -37.159622 -3.3546097 -15.068346 -18.088585 -8.045689 10.49903 -3.8927617 -2.9807968 -5.1976175 3.0030196 -5.5225525 -2.7524214 
-292.86432 119.556114 9.170831 70.269646 32.54905 1.1687696 -9.667174 13.640985 -28.478115 1.4026592 -23.677408 -19.14974 -10.60783 6.160528 -10.879085 -4.4061365 -9.752679 7.0349603 -8.943564 -3.8233328 
-314.67145 62.6064 33.03477 40.88006 -2.787113 23.484344 -15.237235 25.424616 -13.373875 5.9886885 -6.9668903 -3.973399 -14.88126 8.210582 -5.1141014 -6.087995 -12.098313 10.480487 -15.981106 -2.987386 
-303.71643 44.339294 54.191437 23.379017 -0.808192 38.592987 -17.630053 25.943031 -14.190096 5.421703 -5.754235 -7.3125324 -15.313085 10.394609 -8.830429 -4.6663456 -12.920277 6.8654575 -14.766712 0.83978283 
-318.12848 121.25928 22.998734 51.042664 18.626055 25.005333 -13.491314 4.7360787 -26.311422 2.6457944 -14.826876 -20.865522 -15.8554535 4.806087 -0.20120971 -10.027314 -12.688096 10.08762 -5.3990726 -3.067754 
-307.94812 89.447296 44.574646 41.86057 16.339779 26.447323 -18.041374 8.9389715 -22.055742 5.273282 -15.218711 -12.487565 -14.038581 8.235555 -10.754846 -6.516314 -8.145357 12.4051895 -7.8105154 -2.8324406 
-273.51178 139.90448 1.6365476 28.008913 24.209278 17.470245 -17.700153 -1.2169623 -27.697166 3.7688265 -15.359104 -4.9525976 -20.045914 2.960155 3.2133753 0.44031316 -16.747719 1.7761945 -0.77483 -2.891776 
-298.4226 158.09184 -4.040424 23.510956 25.318087 7.22579 -6.2553754 -1.2495995 -18.354858 9.471597 -5.3673472 -6.8290405 -11.143299 7.517868 -2.724623 -1.2584202 -10.37534 3.1403587 -7.0262585 1.3584048 
-337.8175 110.53154 30.109741 37.320515 17.46262 17.708275 -13.334994 10.676952 -12.523085 -0.4418635 -14.491657 -2.4188807 -14.8665905 4.1917734 -3.5871565 0.3107001 -10.225797 9.230464 -5.7439227 -2.0976553 
-273.84973 114.95516 18.255522 46.25543 17.5579 18.633907 -3.7949252 -6.101152 -45.314686 -2.0819762 -8.9422245 -12.9658575 -27.76879 1.3729401 1.3311174 2.5186808 -15.3493805 5.695742 0.0564563 -2.954572 
-309.12482 90.10796 27.497938 53.0738 5.165777 16.498392 -7.3878098 8.58221 -23.834658 7.322936 -15.527503 -7.5606165 -11.572863 5.371513 -10.207609 -1.374013 -5.9444523 6.420022 -11.278023 0.2879547 
-322.57834 164.52547 14.289524 9.198192 4.5728207 19.29459 -3.4463673 5.8701305 -19.57049 1.1064543 -9.197933 4.1830316 -6.693195 3.7861726 -4.6287146 1.5815773 -13.735426 1.3392588 -3.6138682 -0.3378587 
-287.68866 103.281044 28.70858 34.990173 18.685524 22.019993 -18.712706 4.986643 -30.949938 -1.4744006 -2.720069 -9.156681 -15.163633 8.431312 -1.027141 4.7468557 -9.525375 6.3748584 -5.883631 -0.86866486 
-338.6362 143.3479 22.575403 45.73851 25.916893 7.8712835 -14.864268 2.5863018 -17.192505 -3.2671576 -15.25373 -9.113393 -12.2251005 9.618403 -1.0634536 0.9568156 -7.97091 12.142105 -4.00548 -7.9943357 
-331.62656 117.84117 33.167274 41.90586 15.211568 18.643288 -17.222118 7.0584126 -13.261058 3.56272 -7.2362084 -7.682978 -17.534155 9.629253 -3.459898 -1.8900316 -8.093325 13.325539 -4.791934 -3.5232043 
-333.71152 96.757866 30.765205 43.37094 8.416851 16.246664 -3.5359674 13.484041 -18.71697 6.7699137 -13.18309 -4.6679645 -13.628553 6.557448 -5.710478 -1.5684588 -8.684164 10.506089 -11.648613 -1.1637125 
-388.19156 133.57391 20.65724 31.898094 13.468945 13.489343 -5.604535 11.429443 -11.78349 6.344006 -15.807772 1.111122 -8.163662 4.1470976 -11.637249 3.354434 -9.849263 6.1778474 -4.560096 -2.2649205 
-358.8435 131.10612 13.691612 32.177902 17.740925 12.443237 -8.874161 11.1055975 -17.850708 7.6745334 -12.461245 -3.2993896 -9.629819 6.9405413 -4.947285 2.5212538 -18.841257 3.1942449 -5.301439 -0.42169684 
-393.34583 135.21814 13.181545 34.014084 13.09091 16.794579 -3.254045 15.736426 -8.411423 10.600452 -11.985635 -1.7200023 -8.725889 2.5474195 -7.6064267 2.1216002 -9.232511 2.7341022 -6.4810762 -2.0376804 
-392.20218 133.87 19.215176 31.109362 15.07645 13.722417 -2.9050589 16.469717 -8.265735 6.931516 -15.588518 -2.2219687 -7.394079 8.822762 -8.0175495 3.0873952 -11.108049 3.839812 -8.675984 1.4978536 
-392.76477 133.35487 14.425707 31.171753 12.611967 14.885503 -2.4871645 14.384932 -9.82642 8.309177 -14.318724 -4.874352 -9.286161 1.7628136 -9.8963995 -0.007919258 -10.76432 3.6820717 -6.7852125 -1.3443023 
-389.56363 131.92592 17.396015 31.029556 10.915041 17.90681 -2.1074605 13.170656 -10.2993355 8.357774 -14.618263 -0.71406555 -5.708942 3.5147939 -6.7401705 2.5075922 -11.025927 4.8410625 -7.228058 0.0128465295 
