-390.17804 127.232895 17.597637 36.544624 9.4768715 12.370924 -9.038595 12.80605 -11.682559 6.235947 -18.36912 0.03679423 -10.053674 -1.0636973 -8.959109 5.0074825 -11.312023 1.4769775 -14.330048 -4.95487 
-359.6045 118.4745 21.878607 36.25588 10.791853 10.818028 -5.990961 11.888348 -5.830332 14.476769 -17.946697 -1.363838 -2.5396032 -3.2884934 -11.670618 3.6530333 -10.183406 2.7199755 -10.560033 -2.3980346 
-284.03802 170.58447 10.852866 24.7694 -11.194367 -17.41108 -12.068175 -6.7191525 -26.866987 5.8294964 -7.3886895 0.44480312 11.441318 -6.163799 -13.289137 5.67418 -11.016613 2.84908 -2.4616644 -5.390806 
-207.738 142.59909 -26.350609 10.221965 -1.9288504 -1.3110734 -15.18021 13.173633 -28.564663 14.7820635 0.43493515 -2.5953836 11.622489 -22.22662 -27.967947 9.875229 -11.37594 7.381258 -0.9820171 -0.753391 
-270.24207 133.85414 7.476372 29.6443 29.744999 7.3577194 -29.368095 -14.456741 -24.838142 2.9583616 -16.647236 -5.9867544 -1.411051 -4.1076183 -6.5251107 16.122059 -8.034262 4.0970144 -2.5572758 0.49877548 
-295.54877 153.27156 1.1964542 26.495039 12.81271 8.057751 -19.813185 -7.3092685 -18.746899 13.472322 -5.7926264 -4.1466165 -5.5380306 -6.288365 -14.429274 4.2606797 -17.490532 6.679992 -6.44553 -3.1594248 
-233.19887 153.81819 -28.010128 23.731041 14.803935 -1.1086236 -23.696365 -10.639198 -28.186459 18.86293 -3.592654 2.3603487 2.7591355 -5.591444 -22.34063 9.125805 -12.961904 4.0472493 -3.107607 -5.7665 
-253.05402 178.43542 -27.817745 -1.5409524 -2.9199424 1.0318692 -3.4290879 0.019888878 -22.231285 12.131348 7.770158 2.962853 0.33781707 -20.31887 -35.963074 5.7206326 -10.401315 8.136282 1.5099481 -8.363415 
-298.77478 148.08052 13.253203 28.512669 -3.8951864 3.3854601 -13.277761 -10.240596 -22.585972 4.7090816 -5.013604 11.691337 -0.53204715 -9.71133 -10.831187 8.513486 -10.903641 0.8911792 -15.123289 -4.421223 
-313.13693 157.89264 14.535158 39.49484 1.3749439 -3.039701 -9.422197 -8.154263 -42.116848 -5.453043 -14.407416 16.222502 10.065494 -10.624888 -10.941328 20.39937 -9.844903 6.6173854 -4.4710913 -11.518596 
-316.6467 149.50818 20.5853 21.313408 7.484664 14.502302 -8.39228 -11.760783 -27.378061 -4.3721 -7.9259644 7.751574 3.1982317 -9.661744 -3.4025078 4.813593 -0.6651459 4.506625 -13.713238 -2.7490144 
-242.39041 180.43343 -6.1380177 18.145447 -7.8162255 -18.910843 -5.7151337 -0.06266721 -30.45974 -6.3196974 -11.747965 3.42011 28.316303 -5.1619816 -14.551066 14.654863 -17.856722 -5.7545047 -0.010185798 -0.14144394 
-347.61154 175.2703 29.437592 43.72996 0.15943298 -10.3412895 -13.454624 -4.1600375 -25.146198 -0.90744334 -19.175741 -3.744605 4.6230106 -0.6329385 -8.435413 6.999969 -6.2948523 4.8214173 2.5886776 3.049608 
-322.5274 166.38203 26.86036 33.47211 3.818295 -12.0144005 -15.415346 -4.01254 -15.424554 4.7722373 -16.957142 -7.4651666 2.1411104 -2.6909053 -16.366621 5.8881874 -1.0726024 -0.7316373 -7.770367 -1.727569 
-316.51346 157.9663 19.252586 38.35843 -0.12850216 -16.363937 -14.409512 -6.7120357 -29.5353 3.959338 -16.01842 -6.9482417 6.6901827 6.328192 -12.105311 14.793812 0.90434307 -0.59446007 -4.657606 2.5814009 
-370.93463 130.34772 23.280422 32.153618 18.134142 14.624233 -6.9292903 12.350067 -10.761894 10.045042 -10.355521 2.2543557 -8.224148 4.276495 -14.16995 2.9044838 -9.423199 2.9678876 -10.485965 -3.083592 
-321.3356 89.872635 31.445557 52.566338 3.25816 19.649426 -0.40469557 8.824379 -15.560414 9.197881 -25.771294 -2.1451826 -5.1927214 -1.4298613 -9.992643 5.747862 -10.738432 4.635209 -12.86121 4.376183 
-233.97478 154.15431 -20.517653 11.9810295 0.6594338 6.317263 -19.914196 -2.8299663 -18.89342 14.432674 -0.2739279 6.60113 -0.6564458 -19.017387 -23.250036 7.1330314 -21.585167 12.824619 -8.460785 -4.4869785 
-243.07477 114.8147 24.538338 29.042376 -0.69315845 13.785324 -11.658557 -15.904613 -39.241596 1.5960232 -18.133589 11.839067 -0.66324425 -12.779501 -11.722269 10.580965 -11.392818 10.498636 -10.071322 -0.48025608 
-329.06094 149.60014 10.275015 22.763987 17.975456 11.315157 -14.543369 -2.1639376 -18.494186 6.4627967 -10.660846 0.78514737 -8.211721 -5.909739 -10.65565 9.342429 -5.305914 3.1561122 -11.649629 -1.1177226 
-295.87634 178.48042 15.838267 8.38451 -16.485611 -9.154293 -7.972486 2.9845963 -13.241421 14.960137 -9.114427 -3.4515352 5.587325 -1.2389387 -20.140085 2.4463198 -14.62929 1.3334934 -7.4720764 -0.107953325 
-249.59445 83.09189 9.050616 59.391586 6.811643 1.3145907 -7.98092 8.925634 -19.11087 17.958153 -23.011288 -15.241257 0.8724067 8.492489 -20.400259 3.1836748 -8.883554 2.2462716 -15.588004 -2.2174864 
-240.67166 150.77986 -18.165642 49.819912 39.739685 -7.6511984 -18.539011 -20.729992 -43.051544 7.8449073 -15.786465 -26.800884 6.063795 -2.5656788 -14.803465 21.39028 -13.403049 -3.3362525 8.226924 3.577198 
-323.67044 123.07028 17.372349 51.182297 17.493729 2.6063404 -3.4042053 1.6236062 -18.02906 7.940016 -25.677727 -12.847817 -5.5295343 -2.1878786 -15.816576 1.871557 -8.962706 1.0217155 -6.3972454 -0.72662574 
-296.97452 176.71599 -4.03821 13.39643 6.046653 0.036671773 -12.882805 -6.783543 -22.614408 8.114697 -13.197918 0.4725579 12.241432 -5.7994986 -26.861277 3.6897838 -13.264304 -3.2593489 -4.852311 3.1196852 
-301.6644 153.02899 -3.881323 31.468136 6.6513004 0.29739502 -8.351768 -5.6862664 -30.660278 5.647021 -0.3276613 4.9723277 2.008956 -9.272649 -19.479136 9.86078 -5.847179 0.67787236 -6.893732 -1.4852799 
-280.32394 79.00464 15.7076 42.145283 -7.677402 15.358839 -5.256193 4.3861856 -13.653283 20.111826 -8.992133 0.6350729 -6.0586486 -6.978859 -20.517668 5.1517015 -11.3217325 12.980991 -11.148564 4.517115 
-330.2617 116.5306 26.186089 44.660004 15.686946 14.518424 -6.9923606 2.400984 -21.099413 16.825256 -16.894665 -6.40656 -5.7917275 -4.8821583 -20.270912 7.3122654 -8.153635 -4.7605305 -12.870686 5.096458 
-333.8568 155.83081 -10.5361595 23.613352 18.952448 0.6374842 -19.282698 1.2180139 -12.992051 16.035694 -2.047859 5.823796 -2.2708862 -3.3984735 -17.807785 4.514474 -13.957886 -4.2447186 -4.2171955 3.1851442 
-386.73096 132.31024 15.230004 32.711533 15.326778 10.099406 -7.1742578 12.351567 -7.0996437 9.079174 -14.993565 -0.11967961 -4.875271 0.2936242 -10.867118 3.021182 -11.235886 0.5930316 -12.561679 -3.3587236 
-271.27917 157.78824 -19.799355 19.259708 10.01742 3.5985239 -9.9124975 -4.25053 -26.23052 24.324049 2.763545 -10.414825 -2.637592 -7.372334 -24.652645 7.001959 -13.712184 5.54575 -3.6614542 -3.0078113 
-254.13878 101.54541 8.137856 40.635223 2.4727626 9.2319 -17.613365 -10.407551 -25.156507 22.76069 -8.089586 -1.3513656 -5.3718433 0.59001404 -13.866189 0.63016605 -14.093917 7.99976 -13.902511 -0.04826911 
-223.97653 115.12537 9.513493 13.848051 -3.9590442 13.43607 -14.176228 -13.766972 -21.961582 11.42189 -2.564455 8.980895 -6.789621 -9.583965 -18.129068 5.4458423 -17.098227 10.315902 -15.165608 -3.5767717 
-270.70142 165.10951 16.709751 32.239845 6.723425 -7.6415076 -13.26778 -15.615132 -38.27379 -4.865523 -13.808821 -3.2120135 2.8731024 -5.902976 -9.277164 14.259792 -3.2331548 3.2584474 -2.5647173 -1.6836683 
-316.67743 122.0528 20.897213 35.773815 20.464165 8.606323 -6.6045837 5.6647816 -32.30975 6.313713 -21.457561 -6.3208313 -14.532292 0.48632342 -12.145438 7.928739 -1.674493 1.0833278 -6.9782867 2.3423407 
-316.2119 129.7718 40.678646 31.60308 14.676295 -1.3391707 -1.4602704 2.6390123 -25.805435 0.31220308 -18.028435 -4.9920177 -7.451293 -0.7668101 -12.341534 3.9210865 -5.375513 2.0997026 -7.3375363 2.7397778 
-332.2694 169.88615 38.725872 43.491714 -0.35792595 -18.222803 -17.864353 -1.5735388 -23.559044 4.9180155 -13.530147 -8.089702 -3.079753 -2.483419 -10.504535 6.5494666 -7.7942166 7.460073 1.0685383 1.5750594 
-317.9071 169.0078 1.8720193 19.541536 1.6535182 2.047005 -10.152354 3.0851984 -15.748264 3.311596 -7.507029 5.3051615 2.7653558 -6.761453 -24.073326 -2.6292448 -11.277355 6.8167515 -1.7994641 5.1284676 
-270.09665 104.247345 31.714996 31.188406 1.9968889 17.891716 -10.840566 -10.919684 -23.11985 4.4654737 -21.118685 8.857796 -2.7938657 -6.0981154 -10.975922 11.638081 -13.1775675 9.654749 -12.567411 -0.007201248 
-274.16965 140.8237 12.745675 23.19132 3.2102618 3.873182 -11.065118 -14.050945 -29.58886 -2.304481 -6.3059115 12.275591 -0.043219883 -10.446006 -16.841047 6.43968 -2.4086943 8.995236 -6.1669245 -1.5251386 
-291.69553 159.17798 -2.593282 15.188536 0.16067225 -6.2850614 -2.3428953 5.0053844 -21.319624 9.278732 -5.9518366 5.9149914 5.173183 -3.5560544 -31.032362 1.2527575 -6.4828167 5.6514378 -5.392008 3.0138958 
-314.96976 146.55469 27.998367 34.468426 2.9868615 -12.145948 -8.585009 4.7147756 -34.24451 10.828443 -15.237766 1.5269798 2.2035055 7.5726547 -15.880787 10.949901 -7.053828 -6.679552 -7.008049 -1.7755777 
-288.277 104.7533 32.711563 34.49195 20.182858 12.77771 -3.4845803 -9.317419 -34.22319 7.4560294 -21.703348 -3.4989066 -10.575551 -3.0579364 -4.6077533 13.124299 -14.306065 7.5422864 -9.053384 0.36904722 
-336.84387 146.37454 20.375813 34.543858 21.435936 13.41538 -9.830525 -8.890506 -24.72441 5.2106953 -15.349045 -7.7020435 -12.353991 0.5865389 -5.5114775 7.8625717 -12.214861 5.833235 -8.687184 -0.058140013 
-371.99362 125.08508 13.044907 32.61328 11.266922 10.972416 -8.049823 8.886113 -11.507616 13.526966 -17.403803 -2.2255855 -6.626647 4.341818 -9.098654 4.751493 -14.100264 3.3918216 -8.594203 -0.6836125 
-386.53198 133.34413 21.926088 33.293015 12.528157 10.160399 -7.008227 14.543928 -8.345204 10.111031 -14.084583 1.5983454 -11.212127 2.0868552 -7.1211014 6.1335397 -8.778577 -0.13020828 -12.310041 -0.96280986 
-322.81595 128.39383 40.7971 33.08908 14.113818 -11.892715 -2.1770968 4.710918 -24.448093 2.6878169 -18.269356 -7.3564878 -4.5927157 3.160189 -17.04401 6.82431 -8.95626 -0.9427291 -5.160275 3.4688377 
-297.05917 173.58543 53.676712 44.690468 -7.3411503 -27.647875 -28.792124 -13.75118 -26.917082 8.790104 -5.7255373 -10.547771 0.23309647 -7.414751 -15.135873 6.078539 -3.1577153 5.9845505 2.7578104 2.609763 
-301.96326 157.96391 36.36206 34.280785 -8.676904 -18.926115 -15.522781 -6.509713 -32.23849 6.340901 -10.470751 -5.397827 3.6840901 -2.6649883 -11.605274 10.07571 -3.0017054 4.041952 -0.8707415 -3.1607256 
-284.67545 71.59598 31.365984 57.18459 -4.6924305 16.781673 -16.10168 9.803822 -21.130457 16.072138 -24.487112 -7.076428 1.3930013 -5.285264 -11.690224 4.95994 -10.345909 -0.5067644 -11.021262 -5.654212 
-279.5164 122.325356 23.965675 24.618944 18.501377 12.621709 -9.661214 -12.874152 -31.426613 -1.3492643 -10.102781 -1.14009 -9.892998 -4.9396195 -9.710056 8.867197 -11.98801 2.5656486 -11.284968 1.4543214 
-261.14767 172.73218 -26.54271 24.576927 -1.1020415 -9.544949 -7.8551865 -6.6230526 -33.953445 14.138454 10.786257 6.6106205 3.5682077 -16.82229 -32.99431 1.0299433 -13.794704 9.540051 -3.3410478 0.09445977 
-313.92203 158.85847 22.663893 23.032494 -10.3882 -9.106064 -9.293309 5.90373 -14.927216 8.872109 -5.945342 4.748845 -0.84977007 -4.298692 -12.314319 -0.5425878 -14.382492 2.656922 -4.652554 -0.09360334 
-327.8155 171.07501 37.992016 29.09416 -8.710339 -22.451387 -26.580118 -0.15660721 -13.141238 12.02862 -9.107769 0.5433752 -0.5977168 -1.9867431 -9.644333 9.481432 -5.968317 1.76714 -6.08883 -8.329528 
-334.91727 159.22067 38.55757 32.295254 10.298353 -3.0609221 -24.826607 -4.84078 -20.233147 4.0124154 -12.088978 3.0521367 -3.3911624 -1.2940238 -13.442781 1.8531339 -6.548942 0.43377653 -8.040267 -0.060032316 
-321.53262 160.55127 18.154163 31.042284 12.388412 3.4241798 -9.716236 -3.7776637 -27.804756 -2.6742258 -6.7243686 -1.5834398 -5.5253353 -0.9152295 -10.958734 6.8794565 -5.882708 -1.3809072 -5.480707 2.7628307 
-281.05106 155.84329 -25.692549 15.004176 3.9947793 1.0728488 -3.7805672 3.7629614 -23.06997 17.523026 5.8204875 3.6829784 -5.322899 -14.390676 -31.373589 3.5902045 -7.916967 9.090447 -8.517056 -5.7614117 
-314.2957 115.317085 27.874771 23.35149 1.3991808 15.552724 -13.141951 7.1077986 -16.203545 4.9373817 -6.931822 2.6182187 -5.7941856 -4.356464 -10.60987 3.6134949 -12.392376 0.7142531 -10.6455345 0.6067103 
-296.37708 137.01678 0.45210755 53.436802 29.874722 -3.248755 -27.318184 -6.794636 -32.974686 6.834547 -13.909794 -16.70543 0.16760424 8.001929 -2.397353 12.765897 -5.0105896 1.685122 0.38433722 1.5174538 
-331.49188 122.017006 12.062007 55.410114 21.594131 4.698804 -7.7379904 1.9065375 -27.716494 13.350843 -18.942532 -11.99084 -3.4439948 1.5856222 -12.094433 8.750116 -6.014911 3.5048654 -3.248841 0.10445595 
-312.29016 92.89872 38.91488 48.682343 -0.4720677 24.707535 -7.0963926 -0.39535925 -17.918512 6.960109 -21.485155 -6.7999234 -8.572069 -6.8205843 -2.4126654 5.9501324 -15.179696 4.3004184 -14.841378 -1.7268188 
-280.797 91.076546 25.611101 57.050644 7.5844173 18.764809 -14.534121 -0.56017905 -24.658068 16.448755 -25.577837 -15.729233 -5.6146717 -3.291799 -7.855495 0.35497993 -12.864128 8.5334425 -6.672206 -6.8799863 
-238.57536 143.17589 -12.580313 33.055767 20.152534 3.9721272 -6.394717 -8.149137 -35.029987 4.309149 -6.6814632 -5.4711466 -5.5469966 -12.613068 -22.495852 5.2584305 -13.983959 2.5260043 -5.9923697 2.1280565 
-280.48767 153.98502 -4.411822 25.404757 5.558075 0.2063677 -16.585434 2.0583093 -21.064642 11.972431 7.8034687 4.8099875 -10.108165 -12.272213 -19.514397 -1.2938828 -11.621381 4.2357273 -10.34642 1.4900597 
-327.98712 127.13808 18.484947 9.402358 -3.6825252 17.29777 -17.163517 10.965678 -17.176361 9.720687 -0.34436533 9.279203 -5.422037 -7.521154 -14.019423 1.5103424 -14.190095 6.9209194 -13.638655 -5.7262692 
-323.1728 161.54787 4.187682 16.855722 -1.0047164 -2.041112 -8.975314 7.9961157 -23.0885 1.2756727 -0.39150593 11.398145 1.8673788 -4.994384 -20.277138 -3.8229878 -10.76351 5.1687183 -6.2637854 1.2247849 
-366.9113 134.9908 15.907937 33.184895 13.495342 11.591943 -10.2416315 1.7217301 -13.073429 10.502758 -8.867776 -2.6701584 -9.44552 0.81133026 -5.3364058 6.6983566 -9.117463 2.9364018 -10.907693 -2.7395182 
-372.47418 115.66119 27.064215 30.269701 11.684476 15.130153 -8.58432 14.708164 -13.923987 7.536382 -14.577057 1.0321704 -8.218647 -0.20462291 -9.186113 5.3674445 -8.549462 3.4657078 -16.504547 -2.5656674 
-219.10428 89.57064 23.741117 28.764645 12.825669 10.968751 -35.692497 -11.413481 -29.102526 4.586331 0.9677584 -7.76493 -2.382533 3.6650064 -12.473002 6.3233805 -24.826742 4.5099697 -7.175161 -0.32924944 
-240.7868 117.89462 3.5341985 41.950966 23.046106 23.38672 -14.642239 -8.407448 -43.756767 -4.722845 8.971715 -23.474236 -14.376533 0.002544721 -17.31909 12.529315 -15.474714 2.754812 -9.203317 3.6439192 
-327.84006 136.53653 17.040476 37.927036 20.235989 12.652267 -9.216844 -2.5427701 -22.694122 1.8448745 -4.6527753 -11.48322 -16.41463 -1.527438 -4.8137918 2.1458397 -9.208142 3.8757389 -6.6137023 -2.3951564 
-386.64108 132.0434 16.77755 36.075127 11.026378 12.668839 -6.8295293 13.480565 -10.57023 10.688424 -13.88121 1.0066028 -8.394366 0.5428479 -11.095244 5.2927165 -11.990951 3.2995257 -9.712207 -0.32657897 
-240.32962 130.51985 -10.437737 21.038157 7.6229653 1.6935613 -24.93236 -6.1321125 -29.248861 9.591655 6.857377 -2.604608 1.279676 -10.221197 -20.798449 7.1263285 -20.69121 2.3778427 -7.472239 1.1535753 
-197.7254 77.50997 3.5406222 53.372925 -4.9367695 4.8186283 -29.05375 -8.328645 -17.954113 20.074673 -12.501111 -1.5884618 0.9683984 1.4896072 -14.008545 -0.011365454 -13.183037 6.9979544 -12.050764 -0.7434101 
-242.07362 123.60761 -7.9510975 48.745823 17.13015 1.4976432 -13.938833 -3.1815734 -21.18102 14.685558 -16.57117 -12.3142 2.6386645 -9.099158 -31.992662 8.870089 -1.5444835 -6.4927707 -8.09354 9.223517 
-259.86557 171.36037 -21.29624 24.911968 22.881014 -5.6445704 -25.155064 -10.105268 -20.955887 17.003319 -0.34396493 2.0381756 -0.030338207 -8.332394 -23.143824 7.459027 -16.91053 -6.001455 -2.4258013 0.2741172 
-287.1779 152.70503 -16.522038 55.806107 37.487045 -11.36918 -21.117762 -12.804823 -28.916735 15.537323 -22.837774 -15.737503 9.194935 2.0537848 -15.688694 14.972554 -8.716268 -1.2935287 -0.58363235 -3.2710924 
-285.8617 167.20125 5.118298 24.526665 -19.451576 -18.40458 -8.067511 2.3386307 -22.01404 15.022091 -2.9896407 2.7525034 5.9790287 -3.5833752 -22.737638 6.143077 -16.26903 -1.5979909 -5.8331738 -2.8660202 
-286.3347 178.1502 15.060721 28.264248 -26.874508 -34.20705 -6.655898 11.003018 -20.609207 14.575049 -3.614886 -5.650204 6.068311 7.171218 -17.556404 3.501601 -13.5873375 -3.6571727 -7.4093103 -0.686624 
-319.4777 128.4997 32.49742 39.652756 14.944133 5.479057 -11.088027 -8.69881 -28.603275 3.391834 -19.051603 -9.814399 -5.0588717 -1.0235596 -10.643426 13.406464 -8.851182 0.97880894 -8.434313 2.9078875 
-296.42206 133.88243 22.22852 32.95358 18.335152 13.629998 -3.424137 -18.026535 -34.20803 -1.7497586 -16.434696 -2.9527307 -5.6363597 -9.556205 -6.309083 14.533266 -13.862 1.4184523 -7.9594064 -0.38707983 
-290.5113 166.42148 4.3134503 28.803139 3.065873 -9.403429 -7.688551 -1.4365096 -28.616032 -1.027905 -4.760312 2.2271962 1.8759923 -6.970929 -21.26929 4.0768795 -12.398917 -7.630499 -7.107832 1.3915803 
-295.21786 162.94757 -6.1873345 22.81509 19.343248 3.212367 -13.826832 -1.8598722 -21.672129 9.595688 -5.7049317 1.5378463 2.3811917 -9.384966 -28.273842 5.337442 -7.5939636 -7.594225 -7.7106347 2.120811 
-270.54825 148.29237 -15.247005 36.106544 24.1193 -0.60061604 -33.817642 -14.218875 -16.959946 15.920076 -13.029444 -9.733965 9.521236 -5.631247 -8.132644 12.114553 -10.714874 3.7500517 -4.97225 -3.7963698 
-282.26965 93.53076 21.974405 69.24158 -1.4848412 3.6587706 -9.770077 0.87184167 -19.927881 8.256264 -27.587257 -2.2733645 1.0782361 1.3186507 -8.971874 6.390537 -7.2299075 8.151714 -14.356042 0.16323562 
-268.28308 118.372925 10.863561 53.99077 31.48472 -1.638794 -23.2502 -0.16996612 -20.12339 -1.1597362 -20.710571 -7.822191 5.391181 -5.0872765 -17.883299 4.3988223 -5.159976 -1.0820961 -13.20566 -1.7339153 
-284.13342 122.48375 11.219621 46.299217 24.288025 16.339512 -13.809183 -15.063882 -25.772552 6.132085 -18.75792 -9.0016365 -6.2355523 -4.662791 -2.613628 12.148193 -13.864664 2.8975928 -5.5472946 4.167679 
-278.1144 112.166084 5.889996 52.66347 24.342903 6.8127246 -25.529518 -0.28425217 -22.77037 8.2365465 -20.539318 -11.812147 1.7149731 1.0038694 -8.541393 6.7551804 -11.038276 6.574889 -10.900304 -1.6094807 
-245.73273 77.96341 14.513482 41.4975 23.94599 19.443886 -27.761818 -0.0049326685 -17.95903 3.1867044 -22.534891 -11.696313 -4.5084705 0.74584824 -11.167722 8.051224 -9.013897 3.9300952 -8.88776 5.2050157 
-266.84326 132.53717 -6.083234 30.340624 1.4398366 3.1344 -20.121395 7.0039196 -24.76097 11.099313 -2.431244 0.047118824 9.0401325 -6.2727146 -25.709614 2.3439302 -12.80035 4.3778477 -9.985394 3.3229985 
-327.58063 129.30127 12.669442 54.55149 21.22006 2.9734714 -16.246775 8.676069 -19.579132 6.1026297 -24.92675 -15.633996 -2.5141876 -3.1619666 -13.982656 3.0113437 -4.728528 2.005183 -10.400769 0.103925176 
-288.60724 98.18805 44.25722 49.16686 1.6743475 11.127084 -14.889857 6.659653 -29.526052 -4.0281796 -19.559023 -12.622788 0.5396204 -1.4674067 -18.447094 10.514745 -3.786115 -2.8083785 -5.792493 4.0065618 
-318.72574 145.59479 5.6814847 46.054302 21.616528 2.819989 -17.55709 -5.6093273 -23.59451 3.210515 -22.442083 -9.705013 5.707541 -3.4223547 -13.442603 10.608944 -0.6696039 3.37512 -5.969274 -1.2482204 
-363.0454 122.20346 20.466942 37.821785 15.045554 8.060046 -4.4205112 12.718494 -11.675677 10.738728 -17.181196 -4.546909 -4.2969 -0.7171797 -14.566923 5.602555 -9.937997 2.7093747 -8.29785 -0.27064097 
-363.72815 115.33798 25.48076 35.65071 14.625233 11.861376 -2.9985561 16.295166 -12.149743 12.1104555 -15.336297 -2.3133595 -6.2108 5.8885746 -10.862801 2.4910436 -8.074334 2.0584865 -11.537122 1.9462869 
-326.2137 113.03885 30.162514 57.47343 16.849907 6.018396 -3.8473942 2.4166641 -21.872551 11.54008 -31.260536 -15.480373 -5.257886 -2.329829 -17.033556 4.54224 -8.573085 3.9513288 -10.6155205 -0.050932936 
-279.5338 95.13705 17.495815 50.434696 -4.6283407 11.554329 -13.331361 1.3718566 -23.805199 18.039564 -11.02148 1.9619601 -4.230639 -3.9742203 -8.715758 1.6507891 -9.373205 3.098621 -15.962521 3.0600252 
-296.53946 107.54526 -11.506977 35.089592 6.37025 14.264614 -19.137047 13.845644 -10.939144 14.730558 -6.4569054 -3.3961523 -8.287532 -10.837242 -15.285701 6.5554914 -11.925825 9.554469 -10.139721 -1.4371581 
-363.17664 145.68079 25.637392 38.36227 7.5419497 7.0263357 -20.700123 9.2120905 -12.996319 0.93750125 -15.017415 -4.632683 -3.7372398 -1.519917 -8.673746 3.8418207 -9.610707 5.049373 -8.689332 0.52959955 
-386.3234 136.29486 17.633156 34.01701 14.314793 13.39558 -5.502005 16.333815 -4.821301 7.504664 -15.89326 -2.5995593 -10.97134 -1.7176375 -12.471035 2.5402834 -7.1937704 3.5737681 -11.875787 -3.1522954 
-392.9478 143.29614 13.01344 29.080296 9.458196 9.511692 -6.1334667 12.165633 -9.158816 6.1851497 -13.737832 -5.972847 -10.45372 -1.0249934 -8.139344 4.405661 -9.645317 2.486792 -8.804385 -1.5779179 
-379.90842 132.85713 21.632221 29.61506 11.995697 8.271809 -4.1604676 16.346884 -5.76925 4.1531243 -12.578032 1.3412675 -7.777563 4.374368 -7.0106277 4.309126 -8.621345 -0.97533524 -10.0040245 -2.118499 
-365.15054 108.15112 17.017574 20.859066 10.481401 9.192686 1.85173 -0.17012906 0.10432261 1.9702528 -1.8725688 -2.169275 1.1585224 -0.22262436 -6.9324665 -8.116257 -6.4833007 -1.8658655 -8.194269 -7.650263 
