-372.2948 161.65884 20.655365 32.173645 -4.722423 -5.443704 -0.17566074 0.48053634 -20.355978 4.031577 -15.87645 11.175145 5.4322653 -0.85158116 -6.8445444 -6.1449366 -17.208288 6.2722898 -6.984143 -2.8532984 
-376.94208 170.2848 33.80869 32.37638 -0.44826043 -4.7431865 -12.268708 3.746526 -20.387583 -0.054148912 -14.429417 8.765479 3.6647987 3.3484805 -6.7306232 -1.6261011 -13.634706 4.9195504 -5.451802 1.4457953 
-365.74463 148.42091 46.66237 39.616264 1.6526759 -2.1973667 -21.365181 -4.0743833 -20.007164 0.93574035 -19.564941 3.097797 -0.5881966 -2.1324036 3.880115 3.277817 -11.866544 8.961339 -11.57876 0.42646357 
-327.45065 67.169106 50.513916 32.182713 1.3377436 30.676476 -11.638746 0.944423 -5.849485 -1.832977 -15.890118 4.1880918 -6.9759216 1.6640894 -12.388524 8.290385 -13.96263 16.410753 -11.8354225 -1.4328351 
-287.91028 135.61655 40.42416 37.318005 -5.3853126 0.44254982 -2.8264012 -4.0783086 -31.154472 -2.8059835 -28.40955 -11.037724 3.2198098 -8.933224 -1.364911 11.363256 -10.4849825 13.565502 -9.862725 -7.969926 
-227.16324 156.87825 -23.422697 19.012138 -4.4979444 -7.8580475 4.4890833 -12.956751 -27.497696 18.868826 -10.412337 8.507405 8.7253 -11.72945 -8.097273 6.8108845 -22.659876 10.566525 -4.5626926 -12.063066 
-301.90985 85.021614 55.492466 28.564796 -10.065973 20.902369 -11.041045 -2.7141745 -10.5458975 8.2193365 -21.852058 6.854379 -0.025610924 -0.015165832 -7.6129303 10.292434 -16.837938 7.272215 -11.779342 -7.5285373 
-323.29584 136.44809 36.623886 38.728485 1.9256712 3.5711577 -3.6748865 -8.869002 -31.561005 1.2107342 -23.763783 2.9250257 4.9956656 -1.367842 -7.9686346 3.3453133 -10.802644 6.533793 -8.692318 -12.01041 
-382.25204 160.39331 39.676205 39.894268 12.813684 -8.977242 -15.446036 -5.660516 -18.500517 2.6014117e-05 -11.462658 -3.2713506 -5.3516974 -0.27716175 -6.375601 8.939058 -4.1150494 6.1199317 -8.343242 1.6054724 
-365.7788 157.82452 16.950827 25.581577 14.112819 11.528117 -8.090996 -10.204395 -22.119802 -0.5729144 -13.563256 9.497701 -0.9746061 -7.8201284 -7.8344855 11.595757 -4.3846207 3.2768965 -10.158052 -3.3242424 
-353.19733 158.38713 15.97042 27.54671 24.568916 9.619905 -9.633863 -10.67892 -18.632654 4.9996524 -17.541555 7.4508185 -5.2850375 -6.2602353 -7.147618 14.161181 -10.807245 -1.5504273 -4.2139454 -2.6872694 
-311.71454 125.00837 18.65955 37.543633 -1.0336291 0.9924698 -7.4089727 -5.775893 -22.70842 11.382458 -18.920351 9.021077 5.1823025 -3.4249554 -9.19067 9.470153 -19.259478 4.0129185 -4.095414 -5.364522 
-369.23944 139.9773 26.71502 34.80563 -3.6500478 -0.53884804 -11.237646 -1.280734 -13.647988 7.3866177 -16.936861 3.8167436 4.28567 2.8673732 -1.2919825 6.6770477 -16.672634 6.2029533 -9.172064 -5.888471 
-404.2302 156.47183 25.088797 41.38908 11.997625 5.453088 -10.304958 2.4692183 -12.569204 6.2457776 -8.088787 6.2078648 1.2092147 -1.4074546 -8.748695 0.7146829 -11.979615 -3.1835356 -7.1064353 -3.2549121 
-403.56412 161.98895 18.503197 38.18067 4.5863624 2.8533885 -8.69125 2.453822 -16.822615 1.2622474 -14.400814 6.546723 -0.8300273 0.5779557 -5.049013 7.020356 -10.913103 3.305419 -11.3014145 -3.3399513 
-372.65485 167.03871 18.628136 25.055868 -18.644634 -2.9515886 -7.300428 5.154871 -10.596627 7.19211 -7.9970117 10.3331585 0.061132643 -2.084517 -12.6684 -0.16513386 -18.592237 7.2150064 -7.647138 -3.373931 
-349.51215 155.6468 -8.651442 15.508831 -4.678968 10.964 -4.653414 -0.4738525 -12.466385 9.200909 -11.061898 12.368831 -5.386973 -9.60575 -8.8106575 4.383344 -15.041846 5.2669396 -12.535513 -6.5669203 
-361.3695 150.62662 -7.267989 35.156918 17.80405 8.6771345 -15.335353 -15.704335 -9.439007 21.166409 -15.259447 11.85755 0.91763645 -2.2497041 -3.6338382 2.5604715 -20.358517 -1.1088616 -1.652851 -1.5831362 
-396.4852 153.57785 23.939583 40.570877 11.919332 9.135902 -2.07509 5.8528047 -19.829865 -3.9868953 -21.789782 -3.1951845 -6.749123 -1.9234763 -7.8775396 8.518194 -7.8646436 5.6540546 -6.202594 -0.17938186 
-373.40475 126.33161 26.56742 28.974771 13.751544 16.243807 -19.325432 1.0158819 -21.606976 9.760647 -8.416959 9.353981 0.2969151 1.9959611 -8.081853 10.588749 -14.5586815 6.3858104 -12.701069 -2.9241369 
-386.40683 137.33232 22.230803 38.214897 13.904055 5.400223 -10.230928 -0.99455875 -11.2134905 12.560065 -16.712526 3.0989342 -2.2961178 -0.8176785 -10.867991 3.811604 -13.674841 4.412628 -7.4208164 0.47270387 
-363.43228 164.61107 10.113506 26.057396 1.2602768 1.7311145 -0.6491989 0.6492544 -23.054134 0.19795887 -15.493537 13.072681 8.631115 -2.9176478 -7.4993176 4.31733 -16.737482 3.3119266 -8.011919 -4.479294 
-384.5463 161.27937 12.805241 32.61426 11.587603 7.7880564 -7.0917363 -5.934693 -26.760237 -5.702001 -13.546736 9.008036 3.8493547 -3.8201327 -15.414198 7.2793818 -3.8090222 5.6111913 -3.1512685 -4.1963563 
-388.92468 105.54501 36.509415 32.58346 13.904545 14.46194 -13.648596 12.732621 -10.98607 0.8057102 -15.03733 2.6793597 -2.9282622 2.1305323 -13.2628975 13.736296 -10.7654915 6.6075125 -7.3993587 -0.0647827 
-402.99435 145.44485 21.900658 30.928131 13.223616 5.0369563 -15.309533 2.0693657 -22.167778 -1.9180183 -17.395634 6.4141636 -2.1812055 3.274289 -3.0776823 9.383798 -4.8612633 4.99148 -6.9821124 -1.1469644 
-427.1844 133.8152 11.206558 36.22276 11.1152725 9.319085 -7.419871 11.499538 -6.574836 13.421069 -9.359245 3.8832045 -3.38374 -0.26603404 -9.820583 3.0539572 -12.460141 2.747455 -10.63261 -1.7377832 
-431.45297 140.65298 6.948444 33.069935 13.617003 17.00012 -7.999296 8.099089 -10.951982 9.889538 -12.070158 3.0209463 -8.421748 -2.089107 -10.522999 5.71349 -12.777584 -0.9403341 -8.888154 -0.97856975 
-394.58258 151.07637 5.5401974 31.003502 3.3750248 8.953493 -3.1155956 4.4312515 -15.036299 8.355402 -8.955547 4.218023 0.17093723 -2.9135273 -7.4473443 4.144268 -8.663805 3.3688745 -10.777681 -6.5589075 
-364.59027 159.5028 17.582333 27.31343 -18.682188 -9.492306 3.621607 8.191703 -8.550198 10.154576 -14.495814 2.0951142 5.978643 -3.4493806 -13.2645 4.0543013 -14.884101 -0.37877408 -6.527975 -5.301727 
-339.6391 175.79887 31.42603 39.34346 -21.189116 -35.061317 -10.493168 -7.4658813 -10.223469 10.543716 -8.464872 -7.86507 1.2372918 -5.182655 -3.6344457 4.929753 -3.073622 1.1544595 -5.4817715 -10.162753 
-401.67435 161.93178 23.777689 36.078934 4.8593035 -5.3334446 -16.992456 3.6637638 -14.596324 4.590329 -9.0727215 -0.5138957 -6.150775 -0.3127931 -7.8787975 6.1079254 -3.0721316 3.857686 -7.4845233 -2.7648375 
-414.76456 134.97797 11.995899 31.374111 15.111899 15.170946 -8.642236 10.016024 -13.296727 8.651831 -11.039202 6.0673466 -5.9420714 0.6496177 -10.916147 4.497549 -11.736368 5.9095917 -5.955837 -1.831717 
-346.09586 60.770428 32.649696 49.730194 -4.0680366 16.374357 -7.096447 10.691546 -13.7201185 6.6588974 -20.573668 10.785981 -4.994734 -0.8196095 -11.967873 9.22655 -18.54338 12.799577 -14.896303 1.1771175 
-278.44217 105.60852 32.53035 44.134895 9.7244835 -1.696392 -8.073615 1.4042464 -27.839935 -2.958657 -20.053488 2.476256 2.5328007 -2.112712 -12.120673 11.713667 -11.232731 6.8883786 -13.26573 -4.212084 
-283.4052 169.18561 21.454403 26.885975 -17.168747 -39.83119 4.526089 -6.4886875 -12.0422 14.361381 -5.7450495 -5.108428 6.027242 3.1197271 -11.403652 2.0112567 -9.639059 -1.4779581 -8.574237 -3.0321367 
-234.79156 156.41815 -21.496212 12.194299 -5.914785 -14.0376005 -7.353486 -8.574572 -9.741229 3.9873874 -10.231066 17.85239 -5.1392527 -13.432575 -1.4864749 -6.057218 -15.04097 6.4294353 -8.141563 0.89033645 
-255.22298 143.50798 -34.61192 42.75021 20.602587 -13.135322 -20.928158 -15.607754 -3.3395839 6.620385 -23.203 15.396534 -4.7332754 -19.046804 2.036216 2.3178682 -11.199257 5.620649 -2.2861726 1.1620601 
-372.68124 181.31367 14.286991 28.201483 4.0024247 -16.2348 -19.078146 -2.0284002 -24.073097 -7.891729 -17.343836 5.3209314 -0.21455437 1.2581543 0.6006064 10.448536 -6.6448965 2.4214468 -7.645061 -7.126709 
-402.5414 151.54707 31.93121 34.970173 8.861649 -0.5928831 -17.699057 2.6272888 -16.002302 2.4308906 -19.478369 3.7238367 -5.5137367 2.4818435 -5.26312 10.935311 -3.6186228 6.9104147 -6.628462 1.1436039 
-290.65613 171.86443 -15.172845 9.404263 -4.6056256 -11.5864 -1.9401703 -0.99746907 -10.099723 -4.161525 -7.7821326 17.110046 0.07336288 -11.993934 -2.4769223 -5.183322 -17.296265 10.094866 -7.8575797 -7.0395894 
-322.04602 111.836 23.751265 41.75029 6.236742 11.306782 -7.2276254 4.243704 -34.534554 8.905827 -25.951782 -0.9886176 4.3665166 -7.482511 -7.8500037 12.046625 -11.902501 9.3176775 -3.5295334 -1.222154 
-347.2159 97.44359 25.395504 48.328568 17.159637 12.950942 -12.069302 -3.340335 -9.850189 10.222962 -26.165546 5.8689685 2.588885 0.61830974 -1.625791 10.123879 -21.074781 13.602201 -10.975378 -10.878025 
-350.1175 86.24975 53.361546 25.803257 7.704858 24.304947 -17.757677 9.2576065 -19.297026 5.2111263 -17.841808 3.2452168 -5.9527717 -2.0158217 -8.253405 14.288616 -15.232807 8.206921 -13.952072 -0.025551371 
-384.82608 122.68564 36.8467 37.319626 2.9388235 13.515222 -16.543861 3.0584955 -12.383898 6.584144 -18.125181 5.673211 -4.985043 1.2775493 -4.6205792 9.159628 -7.931682 7.8174896 -12.574597 1.4941456 
-372.86618 72.54033 52.23916 26.904772 4.816211 26.058119 -20.901384 12.410728 -9.724539 4.1750126 -9.284138 2.5478349 -7.548357 3.4609942 -13.143244 8.544896 -14.1720085 7.7485023 -7.794513 0.9153224 
-357.37408 146.44783 -6.0787244 52.069878 27.486702 -5.71611 -22.036469 -11.773113 -15.631374 -1.0578065 -23.835857 0.013582892 2.611066 -0.5965997 -4.7267966 11.360331 -11.260879 5.745939 -5.6615953 -10.112429 
-421.12387 134.46645 15.288654 37.0749 17.316032 9.986259 -12.113743 9.613125 -15.581136 4.366252 -12.400763 6.996048 -3.466302 -1.0912465 -11.548767 3.904652 -12.653031 1.2531586 -11.069704 0.29758942 
-346.38138 158.24565 -3.876007 15.058485 6.0216846 8.721485 0.65274453 -4.245 -15.783467 13.929675 -2.3658106 13.538692 -4.745748 -9.248806 -8.158644 3.5183249 -12.725203 9.014776 -11.184422 -7.4187875 
-331.73724 127.10863 17.386753 34.157745 -3.2883904 3.8874512 -12.229215 -3.8713942 -17.310825 9.875803 -15.042363 9.344121 3.5328557 -1.1228174 -4.1415625 9.52837 -18.895302 5.3334594 -8.625336 -3.0526376 
-388.3611 148.93605 26.51868 35.276577 12.409796 1.2971594 -5.86912 3.3590553 -9.876152 2.343427 -8.526967 0.78474015 -1.4496043 -2.2245162 -9.710874 6.4255824 -8.09361 0.86562645 -9.707204 -3.4167664 
-333.54144 163.19376 -10.765908 35.48195 20.785704 -1.585304 -18.752783 -20.706171 -18.097637 12.684239 -13.045354 9.055561 -3.3438103 -8.014097 -0.5753653 4.8990526 -17.640028 0.7519748 -4.924436 -8.335926 
-350.05884 151.39232 -7.4419785 39.516083 13.968129 -5.641398 -16.557127 -7.0582395 -3.3240938 12.497984 -20.156425 11.5617485 -6.2288995 -15.410573 -5.70815 5.6391783 -16.043236 3.145687 -6.08651 -1.6380728 
-428.89322 140.52838 13.020574 38.31441 14.014611 9.61632 -4.0417686 15.516185 -6.266541 7.197138 -12.009253 4.496614 -4.2182064 -0.6905686 -10.151119 2.5219097 -8.828218 0.034283604 -10.579754 -2.0366054 
-425.14294 136.67262 10.019106 40.666706 14.918228 6.457247 -4.5457306 9.795468 -7.381508 12.394778 -15.34094 3.0837576 -5.5614777 -4.258295 -5.465895 6.8973026 -7.662791 5.840919 -9.725941 0.21060573 
-322.5307 61.084946 39.75806 56.059772 6.3201036 14.455956 -15.166256 8.813964 -10.590237 9.752721 -20.717257 11.116472 0.7903743 -3.6228316 -10.026432 6.128321 -16.230145 11.352938 -16.603003 5.8751345 
-374.98523 127.37033 35.88592 41.723186 17.899584 15.034008 -14.057797 2.9964523 -14.032694 0.19927385 -18.600258 7.101705 -1.9731069 3.7608287 -7.582718 5.898256 -10.89208 9.019359 -9.644461 -0.8444004 
-391.6817 166.03094 19.542934 38.811447 11.056154 3.3765051 -18.378046 -2.063001 -25.840206 -6.810028 -18.54189 5.0890217 1.7500173 4.930838 -4.554925 11.188804 -7.122246 2.3264415 -4.1869917 -1.327923 
-373.24292 166.46924 13.616373 18.234951 -1.3104252 7.5157022 -2.8181763 1.4673493 -18.883823 3.339004 -8.351377 7.605433 1.3588325 -0.86455035 -7.9562597 8.473512 -9.193854 4.106696 -14.93498 -11.16362 
-322.91214 110.41581 40.766167 18.916466 1.9725592 19.112942 -17.83627 -1.7543812 -15.423527 6.4811945 -8.901836 6.9178357 -4.2050357 -3.3297346 -8.158581 7.839374 -13.015946 10.597091 -16.547625 -5.8364816 
-297.85086 138.73567 -2.8136182 29.263123 6.795819 1.6000314 -7.87305 -13.109181 -10.166319 13.0130415 -10.794682 5.4255524 -3.2506723 -1.9318886 -0.6910397 1.435463 -16.35193 10.540695 -11.060568 -3.5009193 
-309.13904 117.34898 20.238693 38.315956 9.243697 14.184989 -13.249609 -11.835485 -21.00969 1.1730071 -14.916706 0.017098652 -7.7988715 -2.2195876 -0.1948293 13.706883 -15.001149 7.035131 -7.1083093 -4.0716586 
-336.39682 110.27214 32.19763 39.497246 15.74697 23.225569 -14.310582 -3.0626533 -17.513882 0.42316356 -13.92912 -8.231857 -9.419581 -1.2676517 -7.8731937 11.46598 -18.182636 9.623011 -5.9371743 -4.364322 
-372.68518 149.61359 8.785063 46.382023 26.966063 6.248807 -13.740536 6.956203 -7.539683 0.5160976 -22.931715 -6.1776156 0.08486393 -1.4356471 -9.291902 3.6306791 -7.0081844 2.6302552 -7.652806 -1.068871 
-325.75064 156.34532 0.34097373 32.556602 19.914362 -0.20776092 -4.742145 -8.113506 -35.787384 -3.938477 -16.7849 4.1701865 5.328903 -1.2072328 -6.678717 15.142986 -5.778832 -3.2861366 -1.2580329 -4.083783 
-367.1334 144.48851 5.7160873 41.09116 26.988203 3.473507 -14.776684 -3.8357859 -13.9958935 3.0234272 -21.39191 0.5176544 4.3204675 3.836524 -1.6176742 14.035111 -6.567011 -0.86370504 -6.259979 -1.311398 
-385.52362 160.75471 21.426691 41.838966 16.433243 -3.4896066 -17.178047 -1.267779 -17.85947 -4.0117908 -20.656029 -3.847745 -3.1950564 -3.741971 -1.8432757 9.2401905 -1.6198946 2.678731 -6.327229 0.11820751 
-340.0318 78.56022 55.948723 29.315529 4.326205 27.93123 -23.666628 7.285504 -17.749374 2.3367672 -12.768189 -2.3346384 -6.4377017 1.7182539 -11.654616 15.673329 -12.086731 10.870236 -9.186342 -0.19189864 
-358.4591 134.5369 6.7676554 53.157562 28.801962 11.001675 -21.499107 -4.495877 -17.035288 2.3646526 -25.464676 -5.313793 -0.840204 -1.6157084 -10.189735 11.357192 -11.520062 8.264139 -3.0820656 -6.902163 
-345.42303 102.01579 14.427155 61.975178 8.909352 8.47237 -14.067253 -3.3033082 -12.326813 6.5916424 -35.571266 -0.57997173 0.049822595 -5.7861333 -8.62881 10.580093 -14.048876 14.165975 -7.930029 -6.82416 
-379.3308 137.49054 3.8928196 49.97736 23.12358 2.6283565 -14.877452 -4.1248837 -8.558844 0.28530037 -26.551582 1.4181536 5.7394004 1.0104654 -2.9685102 7.0173054 -6.8592353 8.125567 -4.7324047 -9.497797 
-408.95273 130.09721 4.1287427 40.334618 12.925164 16.73768 -10.287877 7.850793 -8.742414 10.003809 -13.497981 -2.8564773 -1.7257257 -0.0628359 -13.194507 6.4409013 -10.885163 4.013445 -7.0537925 -4.383718 
-391.9049 157.8997 8.226229 26.318571 9.602746 1.2542661 -7.6146765 7.0501595 -19.925331 -0.35203224 -5.568197 12.934279 1.8214124 1.8441234 -13.35773 1.6655183 -7.993914 -0.23194061 -7.042727 -5.5766125 
-362.432 159.36293 11.761588 24.712925 8.54975 -0.7031442 -3.4748619 5.5317516 -35.443264 -8.519277 -12.198513 14.033354 9.443517 5.977909 -12.536425 5.0215683 -5.820944 5.239358 -1.9166478 -4.044091 
-393.1872 151.15955 15.921578 29.224056 7.8941855 2.2026007 -7.1820316 3.7763553 -23.94315 -2.083762 -15.1793165 12.9185295 4.546927 5.1793203 -10.113146 3.9346657 -8.413944 2.7494526 -5.4018955 -3.32384 
-423.95108 128.66959 15.894823 32.89526 12.605656 12.619402 -4.8235507 12.143185 -7.5269494 3.6204524 -17.094948 3.3776102 -7.6833367 3.0172684 -8.195519 4.765846 -10.377786 1.2271532 -11.878978 -1.4490303 
-367.2997 144.59691 -1.4634565 34.66797 14.58441 -4.0395856 -4.7298765 2.0344706 -23.452948 -11.016346 -6.112283 6.0901794 0.28193188 0.63534087 -8.368741 1.3103307 -3.6309052 -0.4672024 -6.490671 -9.250299 
-284.77994 165.91096 21.63544 25.223143 -8.042713 -28.832977 -4.213259 -6.0819154 -21.85309 -9.318163 -20.385998 1.468984 3.4081502 -2.846202 1.5439467 5.174952 -10.267864 7.2192864 -1.4272809 -9.489028 
-303.3222 155.03827 -0.6258977 29.211884 8.675361 -7.1535864 -11.2733345 -11.186382 -6.035599 5.441591 -23.209293 8.760023 0.23592748 -14.666923 -9.441336 4.656693 -16.190956 2.880601 -1.0334523 -5.4978924 
-302.36624 159.45303 -0.84598327 26.064518 12.311903 -12.300524 -3.011016 -3.5716748 -16.008345 -4.462769 -23.095545 6.2256627 6.62054 -9.127648 -6.60541 6.9340253 -15.709935 1.1081077 -3.380311 -1.3620491 
-331.28445 157.73563 -14.978317 37.961136 35.389946 -0.43492073 -23.802118 -19.815605 -13.409687 6.412504 -22.859358 -0.65248 6.631451 -3.2010603 -2.361357 12.914666 -16.6172 2.4825532 3.1773324 -6.9724483 
-333.48206 133.97583 -15.679686 32.728523 19.26126 9.037013 -20.044067 -5.339525 -2.0900216 9.979209 -21.351498 8.513026 2.3800616 -5.6334033 -2.5667956 9.955556 -16.130758 6.054097 -8.3756695 -5.4716907 
-359.6162 83.730034 47.92607 31.8027 14.424998 24.641254 -29.156593 14.063991 -14.991089 6.4095197 -22.199097 -2.495289 -9.447756 -2.5251575 -11.935203 10.383714 -14.718497 17.180595 -12.634077 -3.0221448 
-364.71106 118.77956 15.300219 46.41074 15.145382 14.037536 -7.18814 -3.3120618 -19.544666 8.932898 -21.855972 -1.6498601 -2.1184824 -4.207724 -12.284851 18.158514 -7.2849035 3.357357 -5.326824 2.505021 
-333.5924 102.842705 36.44501 29.829794 12.08337 19.576637 -20.424957 -7.133161 -15.833483 4.6285877 -9.0455065 0.5772709 -7.5370584 2.031167 -3.8420508 10.229008 -18.481533 6.6864424 -8.592648 -4.8403487 
-368.47595 140.9263 14.935863 37.28079 20.919533 10.965719 -17.023397 -6.8502464 -16.614685 8.230776 -15.335227 4.269041 -4.5986114 1.5401295 2.0136647 8.358564 -18.522749 7.516911 -7.4912395 -6.529602 
-400.66776 142.79056 21.85312 39.807083 17.897919 8.751432 -10.521071 4.901362 -11.580297 3.3671827 -15.437354 0.7426744 -5.423905 0.7348181 -7.104601 6.885565 -6.06607 4.2749753 -5.463198 -1.3126842 
-341.9708 143.44623 4.6167245 35.227566 11.190968 -1.421178 -16.648222 -4.3572855 -17.11954 4.9117427 -11.073254 8.493815 -0.16932349 -1.3250334 -6.6449294 4.111637 -13.845376 3.636285 -9.994312 -5.2571516 
-303.771 161.91093 -24.303978 24.932602 15.808949 -3.598364 -18.293701 -10.45858 -8.550144 7.4723797 -15.748077 6.281949 1.5826367 -10.330475 -2.6031342 7.0480156 -14.688666 5.5940337 -6.3739476 -9.751553 
-342.85803 85.48959 53.228775 29.86166 5.026087 25.6316 -20.656052 8.506367 -12.101335 3.7324452 -16.59102 -3.0074549 -9.006184 2.0419254 -11.570364 9.3330765 -14.829841 10.605671 -7.6953907 -1.9326104 
-378.34845 140.26723 19.848553 40.59071 14.60507 1.685418 -7.599801 0.8075545 -15.520482 0.98916084 -21.503563 4.2324276 -2.5469172 -3.8334172 -11.9637575 8.964259 -8.372433 3.0202405 -5.813275 -3.0605884 
-371.11523 165.74327 8.84415 24.7242 7.032214 3.082537 -1.1991522 0.042540446 -22.610626 6.047485 -10.843777 14.49067 2.1972673 -2.6444578 -12.64061 6.6190786 -7.287262 5.289926 -7.0326233 -7.347507 
-379.6409 156.78421 8.506875 28.032997 6.6835566 -0.49299467 -7.359375 1.9809297 -19.118752 2.9446783 -13.052472 7.4512005 2.3991537 -3.7405462 -11.146807 8.473413 -10.909872 1.0441991 -4.810163 0.36457628 
-389.62662 152.1016 16.588493 37.923805 14.693152 3.4716604 -14.578544 2.4317918 -14.679386 1.7244545 -21.75194 -0.10720425 -0.4614989 2.4897277 -12.7994585 5.4480586 -7.289214 4.0172763 -7.1555448 -0.34876198 
-389.85693 143.4663 22.783432 28.39869 7.803854 11.139896 -11.695312 4.713533 -16.997858 5.882171 -10.713891 7.952178 -1.1949569 4.8146 -11.033945 6.5447674 -14.536619 3.3159013 -9.77679 -4.7627645 
-373.62268 127.89034 20.0869 32.579258 17.183277 13.02295 -14.191308 -4.6088843 -15.994297 10.246882 -11.659357 3.201344 -4.7828045 -1.9080033 -4.893637 4.6396084 -18.341974 8.505928 -11.341284 -2.4627259 
-379.6734 117.431816 33.41701 33.991856 12.5276785 17.1003 -14.572205 9.092053 -12.034176 -2.5164382 -15.657198 1.5671012 -3.1826124 2.586556 -14.136349 13.993264 -9.405993 7.4356985 -7.316224 -0.6643844 
-401.5826 144.25209 19.465311 32.07027 13.398077 10.265834 -13.467915 1.3455747 -20.5271 -0.7013482 -18.350142 8.61897 0.8560227 2.4761326 -7.375725 9.936108 -8.143362 4.9073477 -8.451304 1.0468438 
-425.15103 131.75851 15.327931 35.05943 15.769128 13.509255 -7.40259 11.044349 -9.253432 7.775104 -11.100787 3.7618442 -5.958175 -0.38258496 -9.525494 4.533843 -7.081905 4.15559 -9.039625 -0.24664095 
-428.83035 141.77148 13.422656 36.851944 14.65514 10.25433 -12.061033 11.3372345 -11.542883 7.6022053 -12.663036 1.1142468 -4.6616344 -0.28788576 -10.421321 3.5446954 -6.9159102 2.1804628 -8.666454 0.022510575 
-477.75058 118.302536 14.530747 25.349163 16.711374 21.549543 10.482737 7.281601 -5.7518654 3.2964432 -3.4145138 -2.7439861 -4.579433 -5.061199 -5.000531 1.5574812 5.069304 -1.0332104 -5.530117 -12.486509 
