-408.73914 134.56541 20.166367 29.582079 14.004468 1.9823579 -9.258168 3.4157858 -7.744566 -0.26658508 -7.0212436 0.94576234 -4.6544394 -0.82659644 -10.150049 1.2352967 -6.9253545 1.4404365 -6.9497514 2.816043 
-296.9315 183.34515 13.202885 28.985239 -8.24092 -34.786713 -0.05442824 10.114523 -23.632095 -7.0417004 1.2333918 -6.4592004 1.8366716 -2.70386 -10.604744 -6.8497972 -8.638057 -4.2405844 -5.065795 0.9061733 
-255.94583 198.39146 13.327088 17.835258 -15.080831 -42.306774 4.72252 -4.038721 -27.96337 -6.089575 2.2293553 -0.55101544 -0.5733515 -3.3291512 -18.154978 0.6947887 -1.7493703 3.1096563 -8.401572 -0.99272835 
-262.64877 148.48409 -4.405986 29.186514 22.53129 -18.8596 -20.053387 -4.567446 -17.477703 5.718161 0.14604981 -5.3973956 -9.633383 2.741169 -8.825164 5.996874 -12.638352 2.7061894 -2.966288 -1.9669107 
-289.5453 139.21461 33.88446 29.128065 18.08531 -12.990065 -12.7504835 -12.640287 -29.630697 4.1189365 3.067361 -2.7508917 -9.454133 1.5001152 -5.6780024 8.451222 -19.204363 -0.050029013 -4.2388206 -8.051721 
-264.978 165.37862 -17.023458 36.397057 24.329323 -41.576817 -23.916334 -4.1729755 -20.143473 10.828887 13.805072 -6.8364935 -6.505261 -7.2784524 -10.109569 2.2451956 -11.709832 3.2933846 0.45257086 -0.022676362 
-279.77835 182.78271 -15.651442 23.500366 15.496741 -43.174976 -13.199815 7.694954 -25.846443 6.933643 5.890681 -5.4373436 3.7048764 -1.4849627 -30.043314 8.402327 -7.725687 -2.913606 4.6595707 -5.1846704 
-326.54913 134.80211 7.1751337 36.81035 15.94695 -8.309482 -14.970104 15.537962 -27.323862 -5.500964 -3.8650208 -1.5033871 -1.7746586 0.9629864 -10.581728 -4.128603 -3.444048 1.5090806 -6.2485466 -2.6940656 
-375.50677 149.56355 26.33361 48.12951 24.68441 -7.349226 -17.005928 8.997657 -18.978573 -5.618889 -3.0050015 -1.4151273 -10.134277 7.539011 -10.358296 -0.82107246 -6.098852 -1.3687435 -12.181827 -0.5118993 
-304.97263 176.86359 -33.081917 27.677877 29.786041 -37.805576 -35.312748 2.0104265 -14.595357 7.760727 21.730206 3.6986885 -14.052152 -6.5482492 -5.508438 -1.968327 -9.507655 -9.05613 -4.9344563 1.1551795 
-319.85617 156.50621 -13.03841 39.05234 36.318058 -31.007181 -29.579857 -2.3329713 -24.114681 4.378378 6.4420524 0.43753317 -0.8675533 -2.2676454 -8.418151 4.3560195 -8.416332 -1.4530854 4.023663 -6.4133005 
-364.12296 162.92041 -10.501105 38.944492 53.513348 -13.853812 -36.977 -4.694913 -28.174955 -8.521149 -0.070293106 -7.081355 2.4424052 14.786541 -9.312887 7.722848 2.9110787 -13.983914 5.360236 6.343517 
-372.49207 82.54873 45.580223 14.316813 -0.5434201 21.893002 -19.11782 9.270171 -6.238412 0.3020572 -8.8928995 2.4927313 -16.119198 9.603468 -3.6311061 3.8591647 -5.016493 -3.8677013 -2.9512036 0.89201 
-378.49667 136.26852 12.293779 24.816679 11.977332 11.870429 -9.042199 1.9883246 -17.749962 2.260992 -2.7440023 0.63941276 -10.938937 0.8635164 -10.325977 0.8597028 -1.9415514 -1.3602015 -8.733159 -4.073471 
-359.48694 182.69601 9.047497 21.053604 -3.8251011 -7.138941 -2.9680002 6.7332315 -13.869455 -7.6985116 -2.5615845 1.3821347 1.4690523 1.9989363 -9.771216 0.6292869 0.4406284 -8.312989 -6.3522635 3.0509825 
-335.9938 160.40395 19.271183 29.047506 -1.6270611 -27.340197 -6.4875383 10.342809 -35.91026 -2.172381 1.8828558 4.662786 3.352173 12.469389 -10.1161785 -3.0448897 -15.477337 -1.3946313 -0.9431298 -4.57417 
-339.9126 117.26712 52.60111 26.581026 -6.8954754 9.897551 1.7587281 5.257448 -17.315126 -5.425318 -15.145848 7.991455 -6.849206 7.328974 -4.6194315 -0.53940994 -7.564135 -0.7343336 -7.7132816 -1.5616044 
-322.26974 136.13104 36.780136 27.94875 -1.4317365 -4.8742847 -4.9277873 -7.3114724 -18.143398 -7.662441 -14.599468 4.461971 -0.3763984 1.9792635 -0.096991725 1.2769402 -2.5919225 1.4188973 -2.8508382 -6.6756253 
-338.56857 179.3656 26.598488 32.731907 -10.666837 -34.03609 -18.110456 -4.884354 -16.346994 -2.1195772 5.594397 -4.5839415 -2.0580056 2.4092047 2.3613057 2.9868112 -5.0029964 -1.77955 -9.64454 -11.9869 
-378.00238 176.24396 23.694468 26.254768 8.23602 0.2885756 -5.9489408 -0.49163342 -11.835667 -0.67645645 -5.962057 -1.188294 -3.703963 2.176299 -1.1698174 4.006592 -3.9572918 0.1175516 -6.479105 -1.3842206 
-392.0 162.78427 7.836357 28.104618 19.715034 8.640451 -4.4433727 -2.1426091 -14.836431 -5.108978 -7.9254174 2.157673 -4.8666973 -2.7205837 -6.9527535 6.126878 -5.944487 -2.3545303 -8.860099 3.0694873 
-418.35883 148.11728 24.84713 41.978012 26.73086 12.643365 -6.5682354 6.567554 -4.4095054 -1.4650578 -11.361821 -6.98615 -16.517647 -5.6787524 -4.128671 3.0708237 -12.869982 -2.147386 -6.877274 3.327077 
-335.74744 158.43086 -8.7045965 41.27586 37.49939 -20.961287 -22.902657 -6.2168145 -28.645834 -1.1549966 -1.448834 -1.6250002 8.976948 6.0566683 -5.6227055 4.0637655 -14.437724 -7.3661456 -1.2450776 -5.8687196 
-339.25006 168.72949 -2.2556417 38.339146 25.436773 -9.969701 -9.587708 -12.053694 -32.740993 -8.769513 0.7857186 -4.3614845 5.087948 3.5774214 -7.8801246 10.875912 -5.656773 -7.4605846 -1.7766726 5.996991 
-340.2935 93.30136 51.66112 22.219515 13.151742 10.985628 -19.06315 -1.9626364 -21.037745 -0.71308315 -15.01395 5.850184 -15.874806 7.176602 -2.0255194 9.786716 -4.0297017 -5.4697366 -2.8278143 2.0885968 
-388.98993 149.13489 18.235237 35.776352 15.168886 1.3084071 -9.101121 2.1272912 -29.154982 -0.21942149 -0.5692574 10.78936 -5.1313844 -0.33826077 -1.7850276 11.841309 -3.496218 -4.475351 -0.8086162 -7.3245196 
-333.3034 160.8207 -8.818693 27.921875 33.97264 -13.570906 -15.822191 0.05852964 -40.64873 -1.692904 8.064464 6.0735073 -10.382292 4.372548 -9.4266615 1.2688196 -3.8624268 -7.113508 -8.542677 -1.5004544 
-386.074 149.83022 21.755848 30.388777 19.221066 -2.524993 -3.9758399 -1.9479798 -14.169461 -1.0349001 -14.640605 1.8008467 -5.52954 -1.3920856 -7.4192677 5.3278284 -5.134587 -4.140559 -4.699556 3.477794 
-377.024 158.23694 3.4560902 35.86653 18.278543 3.0814996 -9.438007 -5.9796906 -17.783836 -9.43915 -7.1275153 4.280654 -1.9469668 -4.171999 -7.1428733 9.719127 -4.406369 -5.794212 -7.2291837 0.0018529627 
-406.34125 157.64368 28.635891 29.431627 9.842682 8.610998 -4.951858 -0.48746443 -13.214911 -0.88202465 -16.24479 -4.1960077 -7.54405 -3.4349654 -2.9301195 3.6449144 -1.9750371 -0.5526232 -6.4055333 -1.5143459 
-411.92737 172.69687 21.019865 37.966305 10.468981 6.8515143 -4.2193027 -3.0878558 -18.94017 -5.17665 -8.391684 -0.7164103 -3.2664657 -2.6626964 -4.3217163 7.9106784 -2.889278 2.7086813 -2.7478404 0.30243054 
-432.4921 129.83008 12.278594 31.700783 11.245518 11.923915 -2.0599813 6.472096 -3.219717 8.072181 -5.777178 -0.72172236 -7.9781823 6.003206 -3.2650712 5.8184986 -7.629591 0.5163028 -2.9040022 -0.047597673 
-433.54865 135.14093 3.7293591 30.701778 9.673174 10.438088 -1.9526283 10.211375 -0.14481804 11.65954 -4.0983343 1.6082397 -9.912884 0.55787593 -6.4775057 4.2526555 -9.3978615 0.06141403 -7.1896353 1.3656042 
-358.76007 181.37968 3.9430304 10.992886 10.255192 -6.402535 -3.5306745 0.8242867 -18.1841 -2.0036795 2.262384 6.2343087 -5.9789667 -1.2195066 -17.037205 4.1817822 -7.6117716 1.9069167 -6.195863 -5.098804 
-325.18683 158.22932 21.490587 13.177406 6.642781 -14.574924 -5.5652423 9.4690895 -33.973846 -9.055113 -2.226385 16.811615 -8.0182495 5.147275 -4.9226766 -5.4927716 -9.587681 2.1326609 -0.11191855 -6.658007 
-263.90668 147.88463 9.207627 29.773298 14.692788 -8.973759 -8.053186 -13.920028 -33.17897 -13.168405 -4.551877 8.282612 -13.252509 0.55838794 0.9351489 3.6039042 -11.425467 -0.40379468 -4.5651684 -1.9747374 
-254.34232 176.75153 8.339553 10.2555275 -14.834393 -26.519718 2.1505547 -11.910907 -23.685183 -0.2121741 -7.300771 5.7517896 0.06271585 0.09738171 -10.085243 2.5202005 -15.012299 -3.5151625 -1.6098309 -5.396561 
-295.4906 133.01985 42.848495 29.437883 1.7674595 -12.195196 -5.6171255 4.641522 -28.31654 -0.48188865 -23.604805 -6.706614 -9.654587 0.12459082 -13.400704 -0.59923345 -9.859161 -5.101767 -0.9515864 -2.6182108 
-369.10144 169.45872 32.45033 38.54446 6.141158 -8.190432 -15.287559 -10.776272 -15.391035 0.78537166 -13.579411 -9.599187 -5.7867236 -9.624871 -10.403927 -1.7013528 -8.914686 -7.461704 -0.03496588 0.1478129 
-306.37885 175.7765 9.287379 15.33108 0.99868083 -19.475206 -10.451888 0.37436914 -32.52114 -17.904533 -7.882311 9.931436 -3.5083797 -1.217853 -4.9686637 -1.2707081 -7.9377103 1.3000411 -3.6578474 -2.161109 
-330.22754 174.68785 10.719461 33.667767 3.299264 -6.1507645 -14.905888 -11.730144 -11.95779 -3.5791905 -10.383309 -3.694247 -3.3641841 -7.37701 -6.6147437 4.010077 -4.4021897 1.2574542 0.21885183 -3.8517396 
-399.39078 175.9599 31.550877 39.774963 0.9521758 -6.1323295 -5.15257 -6.3662634 -18.904917 -3.3872828 -6.6117954 -6.3363895 -3.0501115 -8.704979 -11.447491 0.050304905 -4.930758 -5.407366 -3.221247 4.0229435 
-316.6211 189.94104 8.520179 12.751711 -9.156255 -29.29017 -19.97742 3.104239 -9.550358 -10.602945 -0.83463866 9.950469 -1.0124046 3.286223 -7.7681885 -2.152723 -4.193883 -2.946967 -3.6297483 -0.6489228 
-364.98743 183.71861 37.74468 36.81159 2.596399 -7.9616413 -15.416309 -10.090926 -13.577894 -6.3214517 -7.599957 -10.93185 -4.8804026 -8.100193 -9.699819 2.0472064 -1.3614056 0.81649196 0.5195715 3.8279877 
-335.59814 153.14458 15.063585 28.257168 -3.6918955 -11.760705 -16.6231 8.285145 -38.895058 -10.738529 1.7913984 20.233107 2.550996 6.160983 -15.005273 -1.2072268 -6.3281245 -5.3559456 -2.8587847 -5.8727994 
-387.80923 166.84265 14.686329 30.565006 5.424539 0.8102981 -5.93334 -1.4210036 -22.299557 -6.479796 -0.8436846 7.2316403 7.731659 -3.5040526 -9.242695 4.0936646 -7.7103558 2.388152 -0.11338103 -4.738717 
-290.19104 170.34874 3.9357767 12.08852 11.691875 -23.013634 1.1273226 -2.587955 -29.212673 -11.593287 -6.0275593 1.9058241 -13.408934 -6.457059 -16.286123 2.3279395 -13.873416 -0.7485379 -6.8077245 -3.7175975 
-345.81702 140.41898 32.241367 32.78778 11.657091 -0.3282698 -2.6691637 2.3204627 -21.074741 -4.0650616 -12.180122 -2.1950855 -8.118496 -2.7580395 -4.3092136 3.9363642 -5.8334184 -3.3183692 -4.963629 -4.581371 
-246.2928 142.33574 -1.6078868 16.968111 12.547008 -9.562946 -8.012199 6.121397 -27.109009 -13.003478 -2.2183123 2.6852381 -6.5225325 4.4922557 -4.089298 1.381747 -5.5317626 1.1633632 -6.4483023 -3.0516067 
-324.98618 171.22699 7.184313 11.213741 -16.688772 -12.818554 9.534306 7.453031 -16.391378 -6.978173 -2.0144799 5.3098993 -1.8216805 5.0988445 -9.453142 -5.4155884 -11.13722 1.9605851 -7.744279 -4.4044394 
-316.42682 154.50163 11.3975315 16.717241 -12.804905 -15.121129 -2.7643027 10.371955 -29.62731 -0.55201966 7.936754 0.87650144 -4.9436193 0.3436408 -12.773651 -3.548499 -10.532284 -5.2276154 -0.5632313 0.22429922 
-339.67233 178.42755 36.486183 25.199892 -14.031345 -24.675276 0.46533045 0.70594406 -18.174524 0.111561984 -13.496949 -8.506029 -4.1747727 -3.0275812 -13.25926 0.5296281 -12.165098 -7.0599737 -7.364446 -1.6244483 
-326.3349 145.25685 42.065357 29.744364 3.5087395 -14.042908 -1.1505548 -3.994456 -25.523167 -5.392639 -16.80703 8.703445 -16.77491 3.22265 -8.742616 -2.6794553 -6.160308 1.1828207 -3.908043 -0.78625923 
-330.82666 181.87445 21.349281 27.012861 8.13415 -7.7470016 2.8325875 -10.201632 -24.270313 -4.7460823 -5.6090097 13.064351 -9.238613 -9.460873 -12.321018 -1.435713 -7.3619657 1.0043755 -2.92691 -6.2515273 
-341.44666 143.22884 24.525352 26.771414 5.757569 -5.312563 -10.083331 7.7719235 -32.404835 -6.747696 0.8417924 16.055874 -5.1727896 3.8867831 -13.037941 -2.0045547 -6.6542416 1.0302817 -5.8320575 0.8945088 
-390.11963 117.68738 44.484085 41.576252 2.6766734 11.214542 -14.967998 2.7674603 -16.528793 -2.7050333 -7.724978 4.081415 -10.581157 -1.0790113 -4.031519 1.5417153 -5.7131114 -1.9297261 -10.955728 1.4992722 
-335.2865 163.3129 4.289774 15.941539 1.7805192 -2.8407526 -5.412512 11.6926365 -19.345823 -5.7941723 -0.78739136 5.7795525 -7.046905 -1.5025516 -14.903876 -1.2469845 -2.8559027 -2.4523745 -8.287625 -0.06975709 
-424.02924 140.89255 19.344887 35.301395 16.873482 9.787375 0.27842906 6.7312675 -3.7821646 -0.71135336 -8.648384 1.8331397 -5.1543417 -1.7087388 -10.548733 4.295433 -6.633711 -3.1836178 -11.217894 -0.39828652 
-356.67557 178.25897 7.0329733 31.808916 17.794615 -12.623705 -4.3727903 2.6339335 -22.510729 -11.607946 -1.8352876 -0.3127912 -2.999811 -2.0094156 -13.491961 1.1028569 2.2622185 -1.8090469 -4.211622 2.245594 
-349.92047 179.29376 14.502575 19.530928 2.374016 -8.998326 -6.664986 -1.5779643 -15.904 -15.02468 -8.534384 5.132392 4.6885457 -1.0373989 -9.083237 3.482927 -6.454433 -3.1984746 -1.61429 3.711427 
-359.20566 165.79903 0.57812923 43.024574 33.826263 -13.939409 -12.381209 -2.9313152 -25.063406 -8.664733 -8.956496 -0.7159796 0.35035807 3.5759706 -11.50259 5.091467 -8.93632 -6.2800617 -10.41918 0.5484059 
-423.9546 142.77994 18.732182 25.683243 3.0449748 5.3930674 0.9341067 7.9325733 -8.134288 2.3851788 -9.342576 5.8737917 -3.0132074 5.927553 -4.802561 6.685828 -7.8092465 1.4871856 -10.0592 1.4881436 
-428.27 125.421715 18.018837 28.319376 13.549536 15.787084 -3.0684557 2.1048899 -4.489449 3.6945522 -8.571457 1.8326688 -7.3245883 4.6830993 -3.714865 6.2038026 -6.1197042 -1.5591092 -5.782503 1.2468438 
-427.05588 145.06755 14.203303 30.805233 10.752169 4.674851 -3.3417206 1.6734066 -11.832862 -0.67224896 2.089198 6.219008 -1.3484641 -3.5105743 -8.549043 1.1914647 -6.8944564 -0.3396671 -6.81747 -1.1063482 
-380.28625 174.60876 18.575275 27.515558 6.882988 -5.3743134 -3.967126 -4.42017 -21.578428 -10.079169 3.5995646 17.42582 9.790106 -5.3042173 -9.378643 1.2089576 -7.2694297 -1.2398616 -2.2765405 -3.4800277 
-363.1776 173.59972 7.8947315 26.134823 22.405134 3.707119 -12.537251 -15.556098 -17.558813 -4.466812 -1.6862686 3.745781 -3.0811577 -13.427567 -7.735346 11.509228 -10.611213 -7.0684414 -4.3327355 1.1744841 
-308.818 135.85405 7.210301 38.939537 40.744762 -2.148951 -27.578594 -5.607725 -28.096256 -8.489985 -14.3459425 -6.845341 -5.654142 -4.619353 -4.424302 5.9209924 -12.220299 -1.6099992 -3.8072112 3.2705522 
-291.2655 156.20677 0.31862217 32.2191 30.936567 -31.23542 -4.1307836 -11.413993 -17.871346 -0.97297245 -13.010613 8.941226 -1.1467578 -4.3173046 -14.121284 4.631157 -22.49164 5.1314306 -3.1713989 -3.9063416 
-380.96664 146.1748 34.212288 38.681263 13.510075 -3.5555992 -3.1562493 2.638156 -10.70634 -11.511169 -18.148468 6.593093 -7.1707892 -1.0763321 -9.466141 6.9183364 -11.346542 -2.8709521 -4.7414985 0.5994289 
-336.7507 165.76881 56.73081 30.9986 0.7852399 -33.45251 -8.695133 -1.5981848 -27.927517 -0.91750026 -9.656613 -9.21049 -7.731755 9.507786 -4.3190966 12.099762 -3.0571578 -3.372541 -2.3930838 -1.2541411 
-376.86865 167.3666 39.6472 30.439598 1.0483191 -15.96101 -5.38021 -5.2865973 -17.133759 -4.308527 -8.39977 -0.66541934 -1.678214 1.710624 -0.5047681 7.091299 -2.956396 2.2879434 -3.6772716 -1.4617858 
-298.05713 150.297 22.224628 17.386099 16.139969 -2.438346 -6.3233776 5.2468657 -11.81963 -14.114678 -8.2314205 12.135812 -13.098325 -1.7707119 -5.7281833 2.0565605 -10.072483 2.1859407 -9.48725 1.2889037 
-364.8371 157.78177 26.571102 33.776546 23.999474 -0.7186134 -4.791765 9.166696 -15.7824135 -15.003498 -14.89168 6.5044765 -0.13489257 0.40487215 -7.0196443 6.794569 -9.7200775 -5.1310925 -1.4586972 3.2150083 
-306.38107 166.10596 1.3180302 31.967339 43.037594 -9.932526 -23.174355 -13.663265 -28.559784 -3.7011905 -3.925124 7.319235 -10.858802 -0.5624621 -7.0706873 7.929801 -10.249 -6.9687176 -1.414838 1.921082 
-333.6563 157.82928 11.82302 36.016556 26.94547 -3.106509 -11.778002 -1.2475544 -23.109676 -3.4417312 -5.951426 -0.010249244 -5.7765827 -1.1464692 -4.998073 5.6060715 -14.428022 -3.5885687 -1.6999737 1.5457877 
-324.77792 167.41116 -0.34347725 26.799475 35.05746 -14.392692 -12.811594 -9.300388 -16.974197 6.774498 3.9589522 -5.465427 -5.060776 0.50152427 -13.703114 18.310408 -15.773191 -7.577821 6.906477 3.5128942 
-344.03806 138.14911 35.33328 33.080967 22.991257 -7.7843585 -2.277181 -12.540842 -29.389431 0.071624756 -16.61809 -1.3251901 -8.952078 -0.4528567 -4.7708526 14.467833 -13.975392 0.48545563 5.0303936 0.58392835 
-343.1421 117.80356 52.40656 29.778286 -0.40506566 -5.674 -1.7140129 1.2323997 -29.273355 -2.8555536 -20.792072 2.6194904 -4.7156773 0.17005195 -10.773606 14.679426 -7.0130634 1.9777044 0.14606889 -2.0652096 
-372.80438 94.12305 56.344955 38.476208 16.178755 14.646325 -4.7787967 2.08423 -23.03666 1.0053563 -22.231556 9.341578 -16.337616 -1.7030673 -7.5707126 8.91517 -6.3616734 3.2674336 -6.765981 -2.8127375 
-359.51282 82.89761 55.898396 36.53871 8.936288 15.578524 -7.310195 -1.3555756 -11.017271 -0.63532996 -21.488016 8.413088 -14.993757 2.6777685 -3.074603 4.386808 -8.551132 1.6425456 -5.4712424 5.504774 
-354.5635 136.9215 15.994673 38.108765 26.287241 -2.0556905 -18.175608 -7.481151 -18.75064 -3.5932415 -4.4219284 2.1058512 -8.446079 4.020555 -1.1230227 8.794089 -7.2902384 -1.0922525 0.67415303 0.034670565 
-375.8438 142.42715 6.0711446 15.787432 13.579119 -0.4814949 -14.976454 1.9111549 -12.477452 3.3221104 0.22589302 16.907333 -6.1710315 -6.4898257 -11.710147 3.0632262 -5.985237 2.7029352 -5.6692014 4.7886734 
-382.9293 147.80078 11.455906 38.16122 33.01833 -2.7374873 -18.100956 2.5032148 -14.818919 -9.564588 -14.499069 1.927578 -4.5416937 -1.5677979 -3.2147298 11.571184 -2.8107178 3.6632338 -5.028185 -0.11815747 
-353.28503 92.243126 52.70246 17.152311 5.5390525 12.5764 -10.991017 3.0099854 -9.156233 -0.43234572 -11.606474 12.105084 -16.802626 -0.10020489 -10.42712 3.186614 -5.2873178 1.7118808 -8.630564 1.034398 
-373.1774 179.43965 11.908599 22.769428 1.3083291 -8.809616 -6.8845186 9.226356 -9.316413 -9.731685 -9.158853 5.8867807 -2.824916 -5.407057 -7.1580844 3.402337 -10.238618 -6.756876 -7.956458 3.1305382 
-384.97717 157.92961 15.903176 33.137825 22.444157 1.3974983 -15.94373 -7.6892166 -14.823486 -6.460947 -13.139256 5.0668573 0.42977312 -3.969356 -5.218244 5.3388605 -10.801596 -3.829422 -4.613398 4.1713147 
-387.5834 147.86632 2.3355207 57.799934 29.691624 -7.1141715 -8.049513 7.800219 -11.987713 -11.531874 -17.692265 -7.2067523 -6.0085664 -5.7375336 -8.035852 5.2872252 -3.892595 -4.878332 -4.984283 2.5736694 
-414.9835 146.31277 18.146757 43.006783 24.875578 8.670149 -5.044405 -0.536456 -11.973982 -10.705734 -10.145968 3.4320152 -3.5918553 -8.250745 -6.1719 8.395502 -10.2966175 -2.4050887 -7.1668296 2.889411 
-403.29968 159.27403 32.130253 36.09047 11.5370655 1.4012021 -7.5621347 -9.379013 -11.947696 -0.8193147 -9.137179 -0.31984678 -0.9258872 -3.6841643 -9.669056 0.37674093 -3.1636577 1.8700807 -2.5192132 1.0318396 
-347.01642 154.63048 18.651415 29.556492 7.0282145 -1.9324458 2.2439032 -2.824236 -22.693535 -7.528958 -15.068553 -0.05933857 2.855617 -0.46984068 -12.276943 4.5793104 -4.4991336 -3.6378145 -5.602596 -0.19494654 
-390.27728 143.8386 18.249733 30.029528 4.193423 0.14589183 -7.2134376 3.4547377 -19.349506 -3.0664783 -5.0731983 11.04583 2.4184866 3.2694643 -4.854474 4.569277 -6.320302 -0.093330175 -3.4190445 4.4443135 
-404.06873 139.92975 20.617168 44.260197 26.094559 3.1146245 -13.95542 10.349767 -15.274197 -3.6409328 -14.190273 3.3166113 -15.276596 0.47927603 -3.8270526 4.1775265 -1.6435272 4.5217624 -0.87045187 -0.38925225 
-401.95938 114.62671 16.057026 42.193344 17.8136 -0.54595006 -8.389111 9.618808 -13.811109 5.141568 -15.167689 -0.8151535 -8.011961 6.4040856 -6.663818 6.767647 -4.612041 -0.47412714 -5.787164 4.632567 
-402.94485 147.05106 27.188791 31.640371 14.313595 -3.8281937 -11.46318 5.1141973 -20.238907 -6.5342875 -11.600658 6.811904 -7.2717514 4.6154404 -9.109461 4.6429567 -10.531106 -2.5700598 -9.6233015 0.9998538 
-427.44064 153.47198 19.553509 35.651638 14.724747 8.528158 -2.3456209 4.328282 -9.478507 -2.5839472 -8.68026 4.0166655 -3.919019 -2.3872612 -4.7394943 4.360178 -7.004915 -3.4865148 -10.194388 -2.2766824 
-406.94305 174.26108 5.3732867 27.901737 10.141024 -0.3043802 -2.1056635 15.952922 -7.606409 -9.127537 -9.416846 5.894779 -1.235562 -5.481124 -10.214436 0.017028173 -9.182615 2.7059948 -5.776174 -2.1290116 
-403.42993 126.1912 37.447933 39.640064 24.45158 -0.1353425 -1.3055416 12.004658 -26.175533 1.2889708 -17.385979 3.2666845 -12.101761 9.354603 -11.0402975 6.7270927 -9.411069 1.6392194 -5.578555 -0.49238068 
-420.37213 135.60092 24.400715 31.962708 8.980005 5.2536697 -6.7952976 5.453509 -16.855434 -0.06531419 -7.02967 12.944623 -9.620919 2.7133312 -9.83441 2.843058 -8.671947 2.3501995 -8.73972 -3.8213756 
-408.6222 100.079475 36.893173 39.7691 1.2768546 20.604475 -10.435165 11.466539 -10.425213 3.3499336 -14.74168 6.041325 -5.2116733 -0.9549029 -6.144159 0.48156786 -12.0026655 2.8445253 -6.4750595 1.74316 
-454.0051 138.8873 15.947961 32.72429 7.875291 13.895527 -2.2395709 6.540827 -3.8444943 4.2942257 -7.4455967 -2.0524087 -5.3124647 4.5370026 -6.877882 0.55009305 -7.4386697 1.1998678 -7.9415393 3.755454 
-445.2354 135.36736 14.207488 33.527687 12.925709 17.875914 -1.3981245 11.05066 -3.192649 2.119834 -9.137316 2.1078203 -3.4916906 1.2995805 -8.269829 6.4465427 -4.9523783 0.4404893 -10.049305 -0.122205906 
-457.05072 144.60205 9.61417 30.256798 6.3983293 13.152731 0.7183787 8.886369 -2.043635 5.967018 -6.2870417 2.8092663 -6.5709443 -3.2029417 -9.770798 2.186281 -9.364545 -2.9305747 -8.03581 1.3571295 
-436.62134 149.7581 -0.6351986 20.582514 -2.9403458 9.243722 -4.506286 -11.612969 -15.111215 13.997844 14.525119 19.839441 -4.005982 -7.00354 -12.920024 -3.019035 -9.287019 -9.560689 -7.510305 -0.6201989 
