-452.8717 141.0763 29.785479 24.173256 15.043721 24.357475 -0.2710956 8.337572 -3.8420897 -1.0979291 -5.8272877 1.8278847 -3.900784 2.1300066 -4.8466997 3.4776745 -9.15831 -3.8985584 -11.361441 1.0960667 
-416.59027 156.23216 12.816449 25.909033 7.4929028 18.624315 -2.6650288 1.4336047 2.6443844 6.1125517 0.45272815 4.1781497 -10.041155 5.824663 -2.923189 -5.7506237 -6.0475326 3.7896123 -5.20302 3.132662 
-407.96243 143.34581 15.439752 8.687713 10.314173 6.116949 -12.968945 0.59920925 3.7926996 11.074452 -1.1935354 -1.1133798 -11.834127 -2.3386767 -9.726305 -3.6030464 -5.894379 3.614989 -8.635572 2.9000747 
-313.3689 151.96027 -33.472385 -6.7450624 18.947971 -15.588019 -4.76592 4.7950277 7.461129 8.764619 -16.531624 -5.3539076 -11.493802 0.98042923 -16.04381 -3.0234742 -7.5297055 -0.9748782 -15.043226 -0.85056674 
-364.80954 143.4024 -5.50213 35.88583 16.544287 -30.993748 -20.718193 3.1176343 -3.2682376 12.258567 -12.916009 10.961335 -9.569709 -5.8186774 -10.553799 -0.51317364 -2.7944481 -2.0569866 -7.5277963 1.9174222 
-410.60953 138.5787 19.778513 44.139233 11.409552 -19.303228 -10.879782 -2.1538496 -12.687261 -0.8797539 -5.0675826 10.919674 -7.6143637 -2.650288 -0.88280225 1.4555094 -5.911171 -5.7028904 -8.432643 -1.1709996 
-335.41858 141.39876 -29.441183 5.0480447 13.773107 -6.307201 -13.27124 -4.3070493 -1.9322366 4.778454 -5.832851 0.8351237 -9.170515 0.1324467 -9.013938 -5.279792 -2.149255 -0.20274697 -10.308224 7.687405 
-316.45493 131.93616 -23.294605 -7.3843436 13.614822 11.14596 -0.99108803 9.038749 -12.241619 12.622289 -1.8186231 0.35243878 -9.831027 -3.1835482 -5.5441303 -6.1812954 -9.160963 1.5128583 -12.388659 -0.9816836 
-403.37708 144.08401 16.19929 28.048933 10.42529 6.191316 -26.241022 -8.847812 -10.688244 7.999285 -3.6567879 2.1613626 -9.991684 -0.5443769 -5.536875 -1.7414118 -5.1432667 1.643333 -14.269189 -6.366012 
-392.78543 157.86484 16.792976 7.086686 3.0917358 10.441659 -7.7156653 1.4273555 -9.769064 3.1172934 -0.062734604 3.5746698 -12.146691 -9.199214 -10.358336 -0.059285693 -10.193105 -3.025723 -11.561105 -8.639067 
-386.23535 140.60297 13.919802 11.75446 7.621992 10.492669 -8.178265 -3.7629116 -4.6189823 12.106435 -3.292037 1.8229604 -15.353992 -1.2282469 -13.294333 -0.7516822 -7.2442017 -0.38275495 -14.796535 -1.9650779 
-414.88275 138.78465 26.031227 25.029184 13.03147 15.039954 -14.6337385 -1.3641477 -4.7463155 3.7844396 -12.639174 -5.809565 -10.758189 2.913906 -8.742326 -3.2992148 -6.785249 -0.52982444 -9.434823 1.4718311 
-434.07626 156.501 12.473475 14.162059 13.31815 14.343931 -18.1395 -5.373333 -1.5477996 9.357371 -4.4577785 -0.6590474 -9.63807 -2.696473 -9.566014 -2.8197641 -6.287679 -5.455174 -13.953526 0.004652487 
-454.41058 158.25331 41.827896 22.09231 -0.38959926 0.45858935 -19.66801 -4.432043 -7.4071198 4.723113 -3.5935555 0.48297516 -7.548353 -1.4211755 -3.9438858 2.0731118 -6.241369 -0.2958836 -10.437626 -3.443686 
-392.30777 127.0974 18.634424 27.325953 3.7335799 7.7794766 -13.376178 -5.850867 -19.07039 6.7734537 0.89432865 7.415123 -8.9978285 0.9718598 -5.06635 -0.9267487 -10.051004 0.33360937 -11.269993 -1.756531 
-446.9114 149.74763 27.572529 18.308165 -1.9298986 6.4392266 -3.6992617 -2.9526968 -5.1688247 6.579508 -6.3685384 1.7871208 -6.1246614 -5.2306137 -7.3329263 5.553972 -6.582926 2.794507 -6.075908 1.5488586 
-425.35257 152.84094 4.5480504 14.02028 9.651721 20.973423 -11.92616 -1.5571165 -4.9431896 6.7902856 -3.9717424 -2.3814206 -13.489843 -5.3989186 -6.872453 -3.2494898 -10.32102 1.8697319 -9.2482195 -0.5171343 
-372.70905 119.56388 -8.582369 31.547485 -0.06446404 9.912845 -5.213957 6.78382 -16.351091 1.8099895 -6.1440825 6.3052197 -9.657755 -3.3102536 -7.381792 0.032928944 -6.8671794 -3.4786177 -13.154495 -5.2876735 
-386.27292 119.329926 12.292568 48.756332 2.7513707 -10.557402 -11.360592 -6.007956 -9.599448 2.788055 -14.570723 11.951499 -10.432403 4.1119194 -7.47194 -2.2546966 -6.454636 -4.475828 -13.161534 3.6675954 
-383.54858 115.96658 30.637133 17.603828 -5.7987022 2.09041 -1.972399 -10.33627 -16.42239 17.160332 -18.259361 17.161709 -6.304075 -5.9687023 -6.7463384 0.34582868 -12.3356285 4.3689675 -7.869507 -9.179358 
-432.63507 164.32973 46.81985 18.206171 -13.748772 -3.9604356 -21.959135 -1.2207156 -7.0886636 11.219487 -14.503939 8.184149 -3.9790869 -2.7985616 -9.087263 1.4473772 -5.3470564 -0.95621467 -5.479199 -3.6794858 
-432.36023 162.67311 19.27794 0.4499961 -3.859889 14.78869 -7.251323 4.488456 -2.20881 5.300126 -1.8600001 5.9811745 -12.960521 -10.808704 -7.126768 1.9705936 -1.5448102 -0.7589595 -12.695592 -2.202883 
-394.9882 127.37106 35.678337 8.108562 9.553198 15.9184265 -16.498281 -3.5157776 -7.115168 4.0658884 -6.4989367 -4.289274 -11.93057 4.280619 -1.1638781 -0.4961635 -6.109672 0.4240934 -8.972543 1.1903133 
-403.01205 143.5294 18.223114 32.68893 12.463488 11.305066 -12.260146 -3.5977259 -12.001553 -0.8119517 -17.986858 0.04398706 -6.4741144 7.176699 -10.026757 -3.1529257 3.440054 1.4754357 -10.956109 6.351748 
-424.7513 127.198456 39.127815 38.258083 22.903938 14.441669 -12.512974 -7.7960935 -11.247601 1.6798968 -22.859327 -0.7875445 -13.333483 5.766375 -16.958076 2.9991913 1.0841241 6.90261 -10.710491 2.947168 
-392.38147 154.45686 40.53298 7.411595 -12.811982 2.807608 -15.697074 -5.225985 -17.95238 0.81388485 -4.696825 6.5355725 -16.667988 0.30124652 -6.2591662 -2.1118796 -4.241374 1.7136909 -9.797212 -0.28474388 
-390.48328 135.53122 26.27526 4.95586 20.25933 6.4231777 -22.752615 2.7357602 -1.3054773 10.605638 -10.449097 -2.6308205 -15.462696 5.182433 -10.985121 -4.492472 -1.9141636 6.6828413 -10.2392845 1.4432393 
-397.67215 150.52263 2.994206 14.678297 11.075522 3.7615585 -18.527258 0.5396916 -7.0904727 2.578384 -7.9877677 5.796701 -8.943432 -0.9238527 -7.4080353 -3.3428512 -5.0911856 -0.7771504 -13.031742 0.71502113 
-388.8468 155.35175 -8.344593 -2.1713324 19.765337 17.885769 -24.704842 2.6791484 8.108978 9.897941 -0.95474666 -13.383061 -14.487089 -5.327274 1.6730113 -8.072156 -8.960132 0.18299764 -4.674849 -1.219271 
-431.6314 145.55762 23.331951 47.576294 12.782299 -0.40779877 -17.606995 2.9303043 -15.09995 -5.4921427 -5.455039 -6.4853144 -14.640215 -1.3748975 -1.230284 -3.1679983 -2.2892466 1.2694225 -6.7838955 1.7766869 
-360.3921 125.593925 2.1911137 15.712128 10.782849 -2.1774685 -24.94504 -0.3184562 -4.548764 5.7671022 -7.1528387 -4.350645 -11.990348 1.003333 -7.947767 2.0859437 -0.6213878 2.0182154 -6.260008 2.9940853 
-373.87363 83.4931 55.91999 -2.2407663 6.478081 20.697958 -21.463596 -0.81905293 -9.073782 10.785172 -6.176717 0.75845 -12.760127 2.7754743 -5.746753 -1.9528575 -11.979763 4.7393103 -8.744289 2.7495167 
-404.4598 146.8459 17.97307 17.975533 -5.54215 13.857178 -16.690866 -16.193062 -14.8625965 5.0789194 4.1188025 0.78533703 -11.670145 5.332604 -4.6067686 1.6744609 -6.965869 -6.033451 -12.873877 1.8962994 
-485.5881 152.70343 9.331667 34.01924 12.148609 24.906126 -12.351809 -2.6100166 -4.8356986 4.0998726 -6.1047 1.6667188 -5.204413 2.121086 -4.3502917 -0.81358075 -8.376229 4.300358 -11.003513 -1.3009788 
-499.54758 146.5399 22.19796 32.63053 14.6033125 24.459112 -11.9217005 1.6052965 -2.3168344 6.6544666 -10.462962 -0.6236651 -6.9032974 0.24353722 -6.5387535 -0.61883926 -6.420332 1.33333 -6.587457 1.7584397 
-473.51877 122.119156 42.416325 28.740543 5.160408 19.414665 -12.619492 6.1683245 0.8856304 1.3004373 -12.931193 1.8755101 -11.12027 3.0165753 -8.887238 3.9055715 -5.2580743 3.8872938 -8.514362 3.002393 
-418.9793 152.14287 6.807173 5.515357 6.2014008 29.538757 -8.312182 3.284784 -8.220503 7.629884 1.4737389 0.85694695 -13.940927 -5.870432 -4.641926 -2.0668917 -5.357778 3.2791464 -10.116701 -5.229417 
-408.1478 169.61314 25.4372 -6.662462 -22.0353 10.762035 -6.642913 14.172823 -1.0457052 3.9558055 -5.2708445 -3.8199408 -8.024063 -6.4359117 -9.070902 -1.7442065 -3.1682744 -0.40686262 -5.6304913 -2.8407588 
-403.71692 154.5137 21.150421 18.628582 5.6599655 -0.08294328 -10.651104 -6.2289023 -16.632133 11.990862 -4.1563706 4.4493403 -5.766045 -3.11533 -6.4425306 -2.3166356 -5.569992 1.2246759 -9.808643 -6.0982275 
-401.77628 166.43307 29.730194 10.515432 -26.344769 -2.936173 -9.089134 6.841032 -4.330153 2.8631809 -6.1102695 5.4742775 -1.6641256 -1.4562927 -6.875888 -7.1325326 -6.407812 3.64834 -7.8430157 -0.9330068 
-445.34506 161.58719 34.416748 29.846994 -0.0040895673 16.070438 -10.088149 9.591517 -2.4019291 7.6881084 2.7019544 -0.21049908 0.75636077 -3.472027 -4.8815675 2.0215833 -4.122044 -0.26922506 -7.828187 -2.58805 
-468.3051 130.07286 32.24814 31.837908 12.473486 29.68467 -11.059338 12.277596 -6.5029197 10.182502 0.46199173 -2.10923 -2.293685 -2.3696742 -6.2646384 7.750254 -6.382447 3.507865 -8.542187 -2.0027049 
-482.06076 139.89224 45.65133 21.201235 3.8303425 18.769678 -7.6180015 11.8802805 1.4433976 2.1085377 -11.880282 -1.5628474 -9.453553 1.6081998 -4.34752 7.4751077 -6.9089475 -1.6921991 -11.60423 -0.5076144 
-505.36627 139.45895 28.983503 24.03116 8.5847845 25.701744 -5.4763503 9.360784 -0.68887275 2.167386 -7.1249433 2.337616 -10.566287 -4.230228 -8.358506 1.6923081 -4.84403 0.3548642 -10.289113 0.9391173 
-506.877 136.59686 29.611519 28.667978 8.9693165 23.93321 -8.039091 11.683967 0.57853454 1.6847117 -7.328368 2.2102768 -5.280119 3.8186836 -6.8802676 2.0321994 -3.7425816 0.62294155 -8.343723 2.1750133 
-344.69998 146.14719 10.2422495 -14.085068 -16.087618 12.840342 -6.166325 -3.578178 -9.424999 11.415124 3.6138005 -0.9533471 -23.178251 -2.5246801 -8.775021 4.013827 -2.8315115 0.70086944 -10.150628 0.24893554 
-432.46262 156.24783 32.466038 8.018857 -0.9364873 12.57584 -2.231561 -0.4648347 -8.982645 5.7065487 1.7834375 5.7665606 -15.073536 -6.3974404 -9.148584 -1.2940993 -2.120675 0.76449883 -16.232397 -2.7558947 
-467.79562 166.36554 29.02755 14.112501 2.4807112 18.382906 -5.658857 4.625453 -8.437641 -0.52371323 -1.2822592 7.2290707 -8.096792 -5.164957 -12.216473 -3.5909626 -1.8617738 1.7017527 -12.868855 -0.43794972 
-477.40903 165.40086 27.741413 20.503136 2.4552753 16.196585 -3.87372 7.4880447 -5.037287 0.60770416 -5.9975653 0.06402212 -5.9143763 -5.423544 -6.0141873 -2.329065 -4.500583 0.85610706 -14.376506 -2.6604939 
-371.42892 124.435394 3.2636614 30.791016 13.760585 -13.852263 -10.971095 -8.110733 -7.3850656 8.645316 -14.289013 7.0142827 -18.465504 -0.7053326 -8.310982 -4.800726 -6.7603703 -6.845266 -26.897926 -12.777271 
-342.10373 100.99573 -12.25811 49.05985 30.045284 -6.441916 -37.558304 4.7742567 -12.47484 6.5598583 -24.383255 5.6554966 -2.6094813 -10.305735 -3.1909497 -3.3710692 -7.447408 -0.7765844 -14.336873 -9.164893 
-373.7177 143.61955 -8.14036 44.813286 25.896631 -9.0354805 -26.97107 -0.59804565 -11.399948 -5.492613 -25.223158 6.5579357 -1.9891515 -4.5202937 2.1926336 -1.872811 -0.8996781 0.9162814 -3.3877866 -7.3664484 
-418.80942 137.46822 4.2695684 47.6182 23.669909 1.4980576 -20.597307 1.0257479 -10.747511 -7.7443686 -13.413506 3.214347 -7.4572973 -4.674115 -4.92131 0.6567335 0.4730741 0.33409154 -6.239249 -1.5033418 
-419.03607 99.7871 24.605091 42.99596 15.572557 19.97036 -4.11188 0.81310165 -5.7346587 2.9085104 -10.051161 2.2811627 -10.249805 5.0946517 -7.6059365 -0.72196686 -5.92368 -0.3265498 -10.671074 0.46206787 
-478.77664 111.63698 40.281174 18.55022 19.572672 23.893593 -2.5050116 12.62084 -10.351824 5.7942443 -13.968639 -0.5380462 -15.524965 2.0093846 -10.875832 5.2403727 -3.0154963 0.18927139 -11.3015 1.6431241 
-443.73563 109.48375 43.25586 25.205248 -5.3588476 5.4974494 -4.5447593 -0.40431425 -10.06726 5.447493 -11.404016 2.5720122 -9.2118845 5.967683 -8.602709 -1.2169554 -5.3087974 1.0519267 -8.469738 4.7235513 
-335.59503 139.08653 26.278938 28.161934 -20.05736 -10.763225 2.3822608 -16.559362 -21.778044 0.40649775 -9.665311 -2.773205 -11.907384 2.6917648 -11.446125 -8.520633 -4.515013 -2.379266 -12.102779 2.9070506 
-385.7965 154.67218 23.166464 19.611814 -7.1461926 8.703823 -4.8755317 -19.644964 -14.966341 9.453698 -2.2449973 -2.742073 -6.9029646 -1.4604965 -12.888714 -5.070139 -7.0317874 -6.636535 -10.790989 0.5585808 
-401.86838 119.48277 19.287853 45.97738 7.3188376 -10.45291 3.659353 -5.279718 -15.791105 6.1315436 -10.791253 2.4103942 -10.877407 -1.9506086 -12.203157 -4.396201 -10.366954 -4.9560905 -9.570049 -0.035140887 
-423.14972 120.35159 23.633415 45.043575 25.412102 -3.2420053 -22.510014 10.836755 -11.663725 -2.7472627 -19.979975 3.6978743 -9.140993 -4.884058 -8.306229 0.73780465 -1.7839574 -1.7803693 -10.685702 -2.9566298 
-435.35217 132.99121 28.285784 41.246613 15.9329815 6.07553 -15.629081 1.3811136 -9.620663 -4.614447 -14.518112 0.8789049 -4.225162 -3.4812202 -5.3390193 1.0108423 -5.1630077 1.1023321 -5.7423863 -2.7312212 
-462.93616 125.03239 36.04226 33.995033 17.94646 11.984784 -10.256537 4.5927258 -9.404346 4.151172 -12.460622 2.5922775 -8.054327 -2.000078 -10.437705 3.3582964 -5.2304983 1.2031312 -6.4149113 -1.3270625 
-428.5032 175.29082 54.849945 19.875063 -16.617678 -14.105749 -18.48542 -9.940052 -18.880445 8.202996 -11.886262 3.0650482 -4.2617426 -0.6759068 -8.204963 3.0777905 1.3902725 1.8572916 -7.662691 -6.4283032 
-426.47342 116.04544 76.94814 14.624841 -10.604339 5.941544 -23.85531 -1.3648627 -2.2784545 0.70851356 -7.5099006 0.59271854 -4.4235935 2.1228156 -10.226905 0.5988024 -7.704377 1.0818443 -13.942398 -2.2667778 
-349.45798 146.19073 45.44267 -4.3488965 -20.080294 10.957619 -21.157463 -24.242958 -27.807596 8.179056 5.558067 9.894939 -6.608609 0.30790016 -15.727607 2.1406698 -0.9646337 -3.0596738 -16.464064 3.8685696 
-395.4639 144.7525 20.130821 -3.5959272 3.6819 15.119407 -9.94823 -18.887651 -15.277142 7.8719254 4.8790703 7.914456 -9.829406 -0.7100123 -12.494131 -0.8518457 -0.7021497 -2.136305 -11.617189 -3.4453807 
-439.20514 150.47539 19.613276 15.90783 -3.9500608 11.667286 -11.077457 -4.7134266 -12.984997 3.0532458 -2.431888 7.527126 -0.4294427 -1.1773572 -9.609395 -6.56933 -1.4539564 -5.580002 -14.656414 -5.7142754 
-498.4318 145.72646 20.903162 28.107033 10.756814 30.158216 -13.039191 3.1721804 0.4086283 9.524565 -9.172051 -4.8448076 -5.297923 1.6127821 -5.0316157 1.0357257 -5.07997 1.6606342 -7.9836884 3.315379 
-480.41797 119.576 42.254456 21.392923 8.939342 27.417274 -13.370078 11.725832 -0.1417312 0.8669368 -7.814709 -8.255844 -6.781832 0.93113464 -7.5848694 0.68864113 -8.675343 -1.0298856 -10.722537 -0.76143 
-445.02026 155.53345 23.668436 -2.0816934 2.5625935 27.114584 2.9326591 4.2074275 -17.003344 3.8207278 -2.367498 4.7919393 -9.829808 -5.8505306 -11.784046 -6.464592 -3.5419903 -1.5470055 -10.100666 -1.7357732 
-445.82303 171.8973 35.062042 -0.6920697 -14.822209 8.353829 -10.127636 13.741821 -6.9683714 3.8649907 -7.7532635 -2.5400014 -8.419652 -5.818498 -7.262741 -1.9390051 -4.436739 1.4732857 -7.0754533 -1.9653909 
-440.71216 163.09589 26.603691 14.2955065 -3.5976508 -4.0966816 -10.968497 4.4712415 -4.3799095 0.28341728 -6.737832 1.6346228 -13.636937 -3.8381474 -5.400396 -5.386367 -7.863606 -1.1832132 -9.26417 -0.1129168 
-377.6691 166.74132 5.420686 29.759861 -8.9402075 -14.030136 -14.827681 -9.724688 -17.896715 -1.0489217 -3.8888402 0.374086 -7.8720493 4.2260623 3.1488092 -5.515108 -5.9168153 3.1911256 -8.639238 -1.6686254 
-427.199 175.60184 40.75814 20.825817 -34.192204 -15.247048 -31.18613 -2.5770342 -9.011932 12.238878 -3.1081712 2.4097607 4.088178 0.7050682 1.2966801 2.3295853 -5.6446853 -3.5974362 -10.163699 -7.234047 
-456.6952 143.52356 31.338278 29.716936 -2.378558 8.284326 -14.60634 3.9570906 -10.607616 6.5418124 -4.901991 0.7417454 -3.641794 -5.5370417 -8.241184 2.6174588 -5.8408875 -1.4657013 -7.474919 -3.0410526 
-382.46185 118.39148 38.924923 0.6513803 -13.539595 8.470115 -7.0494165 0.8116736 -7.0857153 11.023012 -3.830107 0.7712894 -12.585547 -0.36128074 -10.450261 -1.6601421 -6.569713 3.0087276 -12.081112 4.584403 
-378.5553 106.576645 49.783844 26.953913 0.47968546 10.141809 -18.836985 -12.13464 -23.94881 0.40591466 -13.910132 -0.9639848 -6.6756773 6.466765 -10.272723 3.4698274 -5.339363 4.010376 -10.023872 -0.66479117 
-359.80484 139.92189 33.754845 14.090854 -7.69047 1.2658064 -21.630594 -12.958867 -18.79489 8.371004 -9.80232 3.7756505 -5.134294 3.9432576 -4.540415 5.9594493 -4.7676764 -0.08359488 -9.969791 0.9556096 
-388.8049 150.10039 14.742035 12.358902 -4.1723385 5.986481 -5.322709 8.143312 -7.4343457 6.9886193 -5.463936 1.4623882 -5.783371 2.8521566 -6.0984035 -4.3141727 -5.0147295 -2.821105 -14.532715 0.6916407 
-400.16855 104.74238 15.600301 52.320454 16.869904 -6.648224 -26.443695 13.622028 -22.254715 -2.537 -5.0936947 2.3517962 -4.5741735 3.2260735 -3.628129 3.4379146 -6.3809886 -1.2380253 -15.613522 -0.8907741 
-476.94943 140.99786 16.0127 29.823477 12.346214 19.62713 -10.799207 5.314234 -4.646219 6.95413 -7.2850094 7.760932 -2.0184755 -5.8230414 -11.852639 2.8126147 -8.499295 -5.8923807 -15.573495 2.5531452 
-489.67633 139.09299 21.002192 27.624805 9.501472 21.797539 -7.4168983 5.8476105 -4.3512306 1.0173768 -7.3704395 1.9348454 -5.878376 -1.7597969 -7.713295 2.1836839 -10.271991 1.2153335 -8.103646 4.5724835 
-490.78485 128.1952 30.205095 32.147503 9.585012 22.933662 -3.888574 7.687502 -7.840118 -2.264473 -10.156403 2.5657153 -6.2487 -2.7563958 -11.055731 0.9076371 -5.311192 0.7522247 -6.4632516 4.1862445 
