-473.57312 163.78204 35.828617 20.88254 -9.537591 -2.4899082 -3.007858 6.1524606 -9.320389 -2.8709176 -8.317878 -0.28159407 6.219556 -3.7058744 -6.5332584 -6.5658703 -6.9594026 -0.64174485 -9.47641 -2.3343973 
-408.33505 164.94865 27.484919 19.313562 -12.224462 -18.84066 8.081543 -0.10558823 -12.078644 -11.089401 -21.633852 4.3512015 8.652688 0.00840701 2.80802 -12.061401 -16.472471 4.263444 -1.0411773 4.735534 
-384.59534 113.7116 33.39948 46.07926 15.2116585 -16.055033 -7.622494 -2.0743418 -22.384962 -7.9842105 -13.731738 3.7353597 -3.5143285 -4.324869 -4.4300947 -3.0724962 -5.7749057 3.5177233 -10.766669 4.61096 
-398.2862 112.98695 37.320473 44.768883 29.422237 -16.931591 -20.537554 9.213667 -12.47346 1.1914642 -12.416191 6.075754 -13.314541 -8.710332 -7.8909473 3.148802 -9.571737 -7.764799 -13.358721 -5.3299036 
-420.19666 159.7315 31.464687 21.01619 4.3662558 -14.1021 -0.76671916 -5.5433407 -19.226974 -13.289769 -15.066976 3.3407707 8.511235 -4.7223983 5.357254 -5.212583 -9.421021 -9.169156 -11.850712 -9.279685 
-406.06906 147.17787 13.073478 25.12378 8.982812 -11.202261 10.133552 -11.839456 -26.777885 -1.195582 -5.964773 5.03678 4.435536 -8.001606 -5.9612494 -2.4121802 -6.3917527 -0.26344067 -16.656685 -0.24796194 
-423.60876 177.99588 19.40923 11.715988 5.212261 -1.9186854 -1.9118998 -4.4036384 -12.550692 -7.562757 -15.6800995 3.2587361 4.101534 -6.0540223 -3.0914752 -6.651985 -13.778688 -4.470243 -8.138866 5.21496 
-410.78574 106.92228 48.660393 36.87892 17.37401 3.0972023 -12.974489 -5.9902897 -11.714774 -12.249144 -6.220804 -8.595075 -5.4250493 3.3735676 -5.923455 -0.5148996 -5.7045155 2.7734036 -10.167952 -2.9518023 
-428.03122 127.833405 26.731316 44.315952 25.970863 -3.5793521 -13.1873255 -20.120811 -5.573975 -11.226046 -10.225185 -6.413398 1.5310035 1.189861 5.210795 -10.404456 1.1176058 7.080904 -20.840353 -10.546749 
-528.48456 143.58388 20.183367 42.56166 19.654419 16.155796 -11.9700575 -2.360759 0.6886003 4.3858232 -16.440382 -14.697701 1.2372369 0.3220578 2.6877918 -5.5986524 0.60260254 7.7288494 -12.496258 -4.5101533 
-544.628 140.71078 44.829636 36.542664 7.769782 25.405993 -6.134319 5.26625 -6.8302894 1.3321118 -8.57826 -8.517977 -5.0173283 -4.279151 -2.9941847 -2.8351614 -2.5219064 0.6720171 -12.496883 -1.8896861 
-440.76837 181.68439 42.003036 22.710438 -21.733957 -14.417133 -2.0004704 -1.5059872 -15.172865 -7.2401786 -18.853477 -6.568092 7.116696 -3.378757 6.963943 -1.4656614 -3.3427181 -13.058028 -9.420155 -2.5088909 
-421.39954 169.37375 27.755297 18.626852 -6.473295 -11.664275 2.2826216 -17.005756 -22.013546 -4.637804 -4.631411 5.7224135 13.384785 -9.8657675 -4.999689 -9.607725 -4.8477483 -7.746811 -12.519742 -1.7253098 
-408.8625 156.3167 16.555702 33.851177 24.91532 -22.268995 -15.103651 -2.6132336 -13.949563 -2.1800013 -6.5886292 2.299447 -0.6196258 -7.0209746 -7.953781 -3.973818 -3.8697903 0.18426885 -10.077564 -3.6438627 
-393.29178 144.26433 22.905905 31.191755 13.006721 -14.87599 -12.292706 -8.313318 -22.70083 -1.3374447 -5.9005466 -1.8366076 -4.1940475 -7.7080894 -7.743582 0.47044033 -5.980068 0.21124808 -10.961627 -2.3203964 
-371.61975 104.78257 26.309502 28.397678 21.099226 -8.753231 -26.487509 2.4059083 -15.202434 -1.60365 -9.605577 1.1477029 -1.5085645 -4.7493415 -6.3804097 -2.4294684 -4.4947567 0.2995722 -14.615151 2.4938812 
-450.3651 162.31514 24.080387 31.583944 14.149136 3.5938394 -12.395641 5.9934998 -24.192242 -15.362593 -15.061588 0.48488173 -0.3778944 -9.777088 2.079945 -3.3669105 -9.06309 -2.162566 -12.692395 4.3624754 
-457.59933 169.57378 8.5526495 57.126446 11.374378 -12.407532 -3.252929 -6.4938684 -26.584614 0.26359686 -13.786036 2.4448822 -2.8127317 -7.6833234 3.2323036 -5.5119343 -4.7159576 3.137686 -10.455528 5.561929 
-443.9789 177.21654 25.797432 6.6014676 -10.599621 3.9860585 5.053858 -1.6274058 -11.77823 4.714241 -17.389505 -2.9272661 9.739795 -13.071794 -2.4753988 -4.1173096 -5.987654 -2.5135312 0.19592434 1.4264387 
-452.5714 190.27173 32.158222 36.981808 -28.712717 -17.744644 -0.27277768 -7.3970056 -24.268965 3.097967 -10.524525 -5.4856467 13.884373 -5.2962475 8.837918 -4.021772 2.9299185 -7.5632043 -10.503836 -5.3343406 
-563.9192 164.487 38.34546 39.341568 1.8577162 33.038773 -5.152747 5.0853076 -12.083675 4.345302 -12.172267 -3.874983 -2.6189275 -6.9491415 2.2392323 -1.5795137 -0.6886935 1.0886018 -11.733304 -0.8498991 
-366.73132 175.33876 -34.307877 0.025748465 10.803361 -18.18256 -2.8484693 10.315811 -18.447582 11.889608 -4.1370564 -10.74627 0.46031612 -14.291341 -1.294311 -0.037566185 -10.321471 -1.2633224 -12.011465 9.024829 
-402.10574 143.69916 -3.760848 36.184353 26.322807 -3.4506876 -28.30182 8.185843 -15.792635 -10.028017 -4.6455755 -1.1126612 1.0672156 -1.9659604 5.572999 4.7927 -14.044107 1.3542778 -9.410622 -6.9393287 
-416.38034 114.44887 43.454575 38.059692 14.052908 -0.30344167 -21.102663 -8.599154 -14.754164 -9.226673 -3.7462497 1.7712989 -2.7590463 5.073948 -6.2537065 -3.3650992 -8.166481 3.4220169 -12.961786 -7.547503 
-446.0994 135.85008 32.62487 26.20037 -5.353201 -4.2996774 1.0114549 6.9981956 -16.914225 -4.744996 -4.50017 6.152081 4.00791 6.8407536 -7.2620163 -1.5720773 -11.570094 -5.510744 -10.188837 -1.1830792 
-396.05386 81.985374 66.822914 27.754436 21.46961 11.883105 -19.171568 -10.952326 -15.272249 -11.120073 -7.265797 -11.077268 -3.2639458 9.892095 -3.855745 -0.67305297 -7.6733007 1.7149625 -11.00172 -7.623425 
-389.53152 157.2169 7.113238 15.241647 3.576809 2.1143217 -16.81179 -3.8724988 -9.133708 1.7856331 1.1990839 -7.1359634 -3.8366818 -3.4037948 -5.267309 -5.0061893 -6.0974007 -3.7966537 -6.4100847 3.6611547 
-437.67734 173.19522 15.132577 22.03921 23.267801 -7.5609064 -14.453983 4.232692 -9.843131 4.1799684 -7.2230663 -11.683784 0.68625736 -10.992439 -0.10295412 -4.189799 -3.2364366 2.678779 -9.240916 -3.7844772 
-431.86853 144.91486 19.183105 54.607773 35.14242 -14.824528 -29.716566 0.9634463 -15.109894 -2.623872 -14.534941 -1.9507228 4.8991947 -6.6470785 -2.8575602 2.0970614 -4.3849277 9.232395 -16.821526 -2.813856 
-433.51544 195.37558 16.514923 21.410028 -10.693684 -15.901332 -6.944898 1.0805709 -28.312891 -13.9939 -1.5778241 0.22009298 11.946528 -1.9142187 1.030683 -4.870042 -3.479919 -9.350435 -13.093937 -4.952406 
-429.32892 144.05698 25.67513 36.446796 12.327187 -0.34128183 -22.78167 4.301803 -8.6436615 1.3284202 -11.04208 -0.6985869 -5.1676455 3.600358 -12.3309355 -5.682021 -3.631485 -4.6853924 -14.028661 -0.7855959 
-439.702 192.53448 -13.35953 31.711128 11.639967 -3.7414715 -12.047519 5.945279 -13.582655 2.8647165 -3.9141617 -3.1299238 1.4590173 -10.294754 2.177837 -6.967223 -3.8858452 -4.08933 -9.054965 5.0812554 
-479.00558 218.49348 47.517586 28.46539 -18.790504 -18.59534 -16.275888 -2.8329275 -13.932986 -3.3056552 -11.762158 -8.929059 3.2517917 -9.119318 8.428063 -0.9652131 -1.0383085 -0.9392016 -8.04369 -4.9548736 
-527.1274 170.28474 30.566307 33.981903 9.311281 16.24638 -3.614665 7.595698 -2.174888 7.0443196 -10.857716 -8.438099 2.4887614 -7.122675 -0.057073064 -0.24759664 -0.019298872 -2.3658526 -7.228025 -3.0775983 
-528.3824 163.01488 30.090828 36.44112 11.653087 11.630907 -12.503629 10.15173 0.08575334 1.6967367 -6.0853004 0.96853024 0.8587125 -6.3175397 -1.9224949 -3.8680563 -1.512722 -2.1796236 -9.562136 -3.4799335 
-386.07516 145.08342 19.893116 29.748434 9.85565 -6.0442367 -14.742662 -12.471851 -15.253834 -4.1783786 -1.8928761 5.525652 -3.7764423 -8.8016815 -5.909491 -3.0585032 -7.509191 -0.61567855 -13.483286 0.4577767 
-423.20148 166.56606 12.517538 55.175117 33.692345 -22.296875 -36.97149 -6.936193 -8.260967 -18.835669 -14.061913 6.3707924 5.254121 -14.764842 -0.7863099 2.7964773 -1.6838381 -3.597775 -6.0784125 -2.4658756 
-421.97998 102.19256 52.67337 39.585922 22.817549 3.92753 -33.005352 -3.6202028 -7.4805884 -10.848426 -7.4773145 -2.8677135 2.5899734 5.3574233 -7.3248096 2.2179284 -11.008731 6.843618 -13.4839525 -6.2718067 
-436.20773 168.59076 39.731968 29.184013 0.31135055 5.468095 -12.942821 -10.096792 -29.521933 -2.543137 1.2725023 2.4320776 -0.116388425 -8.407147 -7.6439047 4.30676 -10.267658 -6.4965777 -18.611809 -3.6418233 
-463.80978 181.97653 32.13299 11.503832 -7.655817 2.561936 6.3800883 8.569595 -14.838215 -3.7612305 -16.351643 2.6044931 11.820076 -9.663031 -5.0790076 -4.301846 -8.459934 -4.0432134 -8.712977 0.2520746 
-425.98883 167.16075 10.951613 49.015594 23.89339 -17.910805 -22.688421 -4.166237 -17.779203 2.3911388 -4.060093 -0.51853347 4.4041862 -7.3871374 -5.4200163 -11.683019 -6.7490973 2.3520248 -9.775524 0.70105416 
-431.24924 166.87149 7.5013394 62.53636 28.66051 -27.893892 -22.309061 -8.218717 -15.050023 -11.28387 -9.230698 3.2151449 0.99405086 -15.9183235 -2.2330246 -5.365064 -2.3549376 -0.1346034 -9.897609 0.40949783 
-448.97253 110.99174 47.798393 42.07227 25.623106 4.317288 -18.259987 3.651121 -2.1260083 -6.952321 -6.802047 -7.2673855 -4.6361823 0.46636948 -11.057517 2.351321 -3.568841 4.531669 -8.590187 -1.6678526 
-439.32166 139.71487 28.787773 57.770454 22.12765 8.97797 -23.373276 -9.356333 -7.5781655 -13.663446 -14.309477 -16.622168 -1.2238771 1.1565187 -5.3346634 -5.42167 5.9759464 7.3727703 -8.434948 -5.7911134 
-515.32916 163.95667 34.018784 64.01865 14.166995 9.325468 -8.861956 -13.354752 -10.2586975 -2.0381331 -24.591812 -11.368965 3.7969942 -11.782453 2.7380435 -11.996836 8.924269 6.972613 -18.077324 0.663444 
-546.6095 158.75822 38.65884 40.146374 12.273158 29.687588 -12.075378 10.109624 -1.5301069 3.791966 -12.569295 -2.5713835 -2.6012363 -10.635027 3.501775 0.027126737 0.8715326 -1.1981572 -8.846502 -1.1868902 
-570.42914 163.38878 46.441303 35.38336 8.421599 27.635391 -9.240757 13.37467 -5.651451 4.6939034 -7.3213196 -1.9950142 -3.3115807 -8.067391 1.7746444 -2.7343585 1.6434445 0.94009376 -5.071069 -3.4438658 
-444.78836 127.895645 16.550867 49.079296 37.04949 -7.2709174 -31.422966 17.840311 -12.89514 -6.831082 -3.4492998 7.957211 -2.1572058 -6.5977197 1.6034112 -1.8104166 -5.7589593 -4.054582 -6.2839293 -2.2050138 
-436.20984 155.75528 3.8232574 41.48413 14.733475 0.56991726 -6.1744614 7.1013694 -14.822597 -1.5532298 -5.2973504 2.4626563 -1.3343321 -0.1700369 -3.8636463 -4.0808363 -5.4304433 -1.9838778 -10.748019 1.7935083 
-517.9513 156.85391 39.961258 51.144424 16.113853 13.018532 -3.4523456 7.989596 -14.5343895 -4.5585165 -13.153226 -5.4290695 -8.946117 -14.285008 1.9034432 1.0557479 -8.555739 4.144682 -2.7908182 2.1015182 
-458.8983 154.38332 22.8135 29.51168 24.424957 -3.8532808 -14.159505 1.7734398 -8.642445 2.2320445 -8.128203 4.9340725 -0.20104963 -3.6960971 -5.331898 -1.5130961 -5.7624216 -1.9699805 -18.486706 3.863279 
-518.9093 147.32883 53.768654 22.69671 22.61141 18.029625 -9.964051 10.606209 -5.197687 3.0573719 -13.79385 -3.9865825 -11.343709 -7.9672756 -0.92385745 0.98150074 -4.3566947 1.0924646 -11.385605 -5.4533157 
-530.42566 158.0356 36.85447 37.784042 20.252083 14.754542 -11.018438 12.473268 2.4521222 1.2925158 -16.373549 -5.2586117 -4.824587 -11.570631 3.2824066 -0.34952646 -1.3107489 3.339334 -11.321624 -3.568646 
-513.16095 156.59653 23.220505 36.683823 17.08855 10.782586 -14.492467 -3.5493367 -5.7255163 1.6653333 -11.548679 -8.360496 3.7445488 -10.376213 -2.9561083 -4.169209 3.777159 0.65204567 -9.524155 -6.765079 
-373.3771 135.76633 24.270523 8.99388 3.7993202 -5.2315884 -5.09548 -13.3295965 -26.145285 -5.8057346 -8.72411 0.9893491 -2.3973286 -7.0376325 -6.110118 1.7402974 -13.072416 -0.8138372 -11.920455 -0.6460298 
-412.54205 145.40877 24.288021 30.323988 15.449186 -14.311127 -17.42351 17.11221 -19.486124 -10.02617 -10.818304 5.8988256 -2.9630673 -0.8876952 -2.5460727 3.4569721 -6.2907586 -3.3366418 -9.164588 -3.8912554 
-408.61108 134.15228 33.125755 18.52253 36.78459 -11.739502 -20.942596 4.1391664 -14.815062 -7.4788404 -7.6512384 9.773946 -8.007685 -5.7315655 -4.293863 2.7899184 -8.942156 3.3710184 -10.405384 -1.0783756 
-370.5165 139.82808 1.7983042 11.840354 -1.2354342 0.22554684 -0.92179847 4.9167104 -14.180326 2.2405787 -0.49542108 0.32044083 -10.8153925 -13.351299 -4.187714 1.3975867 -6.0536447 5.04177 -18.26043 -1.6935828 
-404.727 142.8264 16.560873 44.76435 15.745514 -9.395107 -29.77699 -15.169517 -7.131241 -0.7353504 -13.73936 -1.59301 5.494181 -5.877108 -3.6814914 -4.7990894 0.33727095 1.9348041 -11.652832 -3.2584481 
-414.01715 90.819916 64.10852 30.372759 23.205788 3.9614954 -31.29231 11.228492 -12.395715 -10.033909 -8.149219 -4.91608 -6.2833757 -5.403317 -1.7769932 5.379231 -10.398989 11.697669 -15.560116 -1.8700604 
-420.41745 163.15732 20.54066 19.97668 13.11002 -14.314752 -6.4113693 0.8172581 -10.211896 -9.027672 -5.7640786 2.492072 -0.649282 -9.288627 1.7356454 -7.2834353 -6.454703 7.269823 -8.112173 -3.5842028 
-425.30157 155.7915 -4.325448 42.639553 33.34687 -27.910545 -17.945658 0.47688913 -3.2478907 -11.987525 -6.017624 1.9141364 8.149901 -8.93447 3.898763 -8.234234 -7.1203513 -3.929304 -13.623057 -1.0667852 
-501.34506 140.61928 7.7506137 43.01599 25.692753 0.13289875 -12.8259325 4.1075 1.2424922 0.7956228 -6.667987 -5.3164473 8.551083 -1.6485227 0.67976475 -2.4872694 -1.6518375 -1.6424474 -15.472197 2.1656485 
-498.3877 171.80489 20.61525 27.818893 -1.0885519 5.297075 -7.6669793 0.5438938 -16.568792 6.021242 -1.566806 -2.6222198 2.93413 -13.028637 -0.6694051 -7.5217133 -0.0070821973 -6.1996207 -10.220673 -3.0285227 
-393.56042 175.24333 4.7126923 10.518824 -12.207134 -15.14973 7.8262143 -8.717519 -25.155003 -3.471343 0.87461483 8.229244 1.9032775 -13.148705 0.8283528 -5.30547 1.9675653 -10.916463 -14.076229 -5.51972 
-430.0706 183.13144 17.230967 19.86399 -6.2220426 -13.935791 -1.3059127 -14.28991 -22.154835 -7.0283833 6.8437676 5.738826 6.8498335 -7.048204 3.0319557 -9.308407 2.164551 -6.4608774 -9.964892 -5.990464 
-461.51324 192.03871 27.091103 25.848253 -6.884454 -10.814053 -0.7158962 -15.454868 -32.851013 -18.246225 -1.8084055 9.4892845 12.189265 -9.576388 3.8830118 -13.399136 2.5327716 -0.77149284 -13.723727 -10.482296 
-562.72406 166.7726 35.927155 35.8509 -5.740665 30.609972 -8.059472 3.2866604 -15.041158 0.18059683 -9.018528 -1.0402325 1.5072768 -8.733852 -2.2173312 -5.7587547 -0.4460979 1.9949167 -12.412708 -3.0126474 
-548.58954 157.94598 51.461792 29.725368 -0.058418844 24.030985 -16.253895 6.179718 -12.156009 -3.7596283 -6.6395397 -3.9085422 -1.2845318 -7.5406985 -1.8591009 -3.3022106 -0.8423624 -1.8562675 -8.065682 -4.445721 
-423.13675 168.33612 36.21365 29.642242 -22.81273 -25.01192 -2.8821635 -1.8521775 -18.926414 -2.5619795 -22.77432 -2.982944 -0.7341213 -1.3347306 11.391442 -4.177564 -3.7928255 -8.060939 -11.651203 -6.1714945 
-410.01724 176.92935 13.108313 29.776367 -11.432919 -19.099665 2.6535547 -10.412079 -31.790297 -6.5631814 -9.055106 9.325051 4.636522 -0.65009296 11.666073 -14.53343 -0.69207734 -4.964179 -14.11387 -8.446479 
-495.68295 126.087906 28.125107 51.98209 -0.5015595 15.407108 1.5787997 1.4161371 -16.636782 5.1308823 -12.235131 1.6527195 -7.124682 -7.4549465 2.3630393 1.3214542 -5.117275 -3.363484 -14.571793 0.84424233 
-355.0867 115.950165 19.191763 32.176388 -14.0067 -5.0364337 -4.421175 1.0591158 -16.889118 0.96985275 -4.82661 6.591297 -10.919343 -5.5069423 -6.121107 1.0529748 -9.157558 -1.5442443 -14.957823 0.22700627 
-411.97968 140.78741 20.126154 33.753956 25.103762 -9.408262 -21.507097 -1.4810027 -16.50074 -13.202316 -8.005085 -2.3826742 -2.2975914 -3.4763942 -0.9117633 -0.7414988 -7.7092524 -3.6247585 -6.4171033 -7.2240405 
-412.8418 162.49152 21.36648 22.699694 6.4890485 -10.280827 -2.5304697 -15.105879 -14.925419 -4.758929 -3.1831527 -4.7628946 3.284341 -9.344637 -6.6539907 -3.7674243 -0.80862665 -8.195469 -6.969986 -4.264823 
-403.99326 138.70036 19.593319 31.04752 22.377226 -14.14811 -18.31237 -0.9240251 -19.989235 -1.032445 -7.003492 2.7743254 -11.471813 -8.1727495 1.2780089 -3.4141474 -10.671888 -0.50199544 -10.553468 -4.5891366 
-405.86334 111.70911 39.125443 39.023006 25.08313 -8.033367 -11.203922 -5.914712 -15.910309 -3.7105832 -10.635197 0.59300655 -6.772075 3.4048781 -5.2512417 -1.5775017 -9.323169 -2.3980315 -9.950235 -3.4028573 
-429.11536 85.82852 59.943943 42.230953 11.759483 14.964824 -7.2394876 -5.9238796 -2.112078 -6.254674 -13.128403 0.71980023 -12.753152 0.4688992 -5.274665 2.7462473 -0.29282013 5.9351172 -14.84797 0.6296918 
-495.02023 129.1175 44.36343 55.766514 16.2362 12.651917 -8.986677 2.5181537 -8.58003 -7.263689 -19.840244 -6.1376796 -12.9304285 -6.945588 -6.481543 -1.3735508 0.21204217 -0.66550446 -16.40515 1.9217017 
-483.52582 157.13554 22.022053 60.490486 7.455736 -3.684277 -0.014688068 1.4183222 -22.66941 3.2620754 -14.205706 -3.3167553 -10.629321 -13.478679 6.607931 -5.1618786 -6.965174 8.060113 -6.0372763 -2.1777432 
-435.58612 181.28319 20.808744 11.221581 -9.425516 3.3135905 9.027586 1.759465 -9.7495 1.4195398 -15.288293 -5.061807 8.2186775 -5.9609013 -0.89585465 -8.290025 -13.898312 -7.901 -8.636031 4.7073483 
-503.10135 156.02386 20.560509 24.569702 12.940712 8.0285845 -3.3273506 3.6651394 -2.0834966 1.8732431 -9.666665 -4.6386366 1.9270346 -5.6973424 -0.21555811 -0.9781411 -3.335046 -2.3138902 -9.524125 -0.9425151 
-540.3946 157.44398 30.496346 32.991222 14.280232 21.784111 -13.735607 4.950295 -7.5337787 3.1050568 -10.913854 -9.486988 -1.474707 -6.211275 1.7996466 -4.0390067 1.4235647 0.4525934 -7.502512 -5.721316 
-433.6244 186.70447 27.69886 24.407665 -17.32724 -23.54807 -2.2053232 2.435525 -20.51894 -4.18312 -13.1691675 -3.8577664 7.518648 -5.319475 5.5926027 -4.588257 -1.6425983 -8.379862 -12.44316 -7.5105267 
-493.3545 180.50882 38.720978 24.542591 -15.055012 5.714855 -5.259672 6.7814384 -11.973204 3.356963 -10.009878 -3.2870178 6.62617 -2.4303732 -0.05278288 -6.5924163 -6.9627595 -11.167998 -8.908746 -0.5797216 
-442.43616 171.1425 46.684036 30.185385 -14.840244 -12.962994 -2.457301 -7.85102 -19.79158 -12.035787 -14.803992 -0.5478823 5.0332465 -5.6810155 0.54543716 -6.108989 -5.4825897 2.4439726 -5.8311977 2.637352 
-409.60068 139.15662 37.642517 19.052483 -6.0822215 -7.0352 -2.7611678 0.9115558 -1.4451272 -5.6207824 -15.836843 -0.35083377 0.71071965 -6.874483 -2.348021 2.3545918 -9.614479 -3.1755743 -5.4965916 1.6986847 
-421.66943 147.74788 31.095499 39.77757 6.184889 -4.714446 -7.837655 -5.826362 -28.8868 -16.72921 -3.4462485 -1.1300398 1.2084031 4.5473537 -7.5120206 -3.5066552 1.8341584 -3.666952 -9.12938 -1.655618 
-382.253 130.38129 15.817132 44.388474 0.90117157 -2.2648866 -10.940172 -4.714366 -16.355291 2.0461817 -14.083309 -0.86484176 -2.1114316 -3.7016814 -11.065184 -0.92476666 -7.76022 -1.9221483 -13.089244 -0.934742 
-424.84412 187.85756 9.492988 7.350103 -10.288177 2.3664365 6.057133 10.267411 -19.140894 -6.147413 -13.249455 0.10101064 14.542134 -12.369411 -9.614857 0.86428857 -7.5441074 -2.4891467 -5.84124 -1.2285895 
-393.7906 153.48137 29.240835 2.4120836 -11.518705 -7.3032556 -10.206079 10.569442 -32.81743 -3.9102168 2.6306617 7.0100613 -0.28250116 -8.047974 -12.324745 -1.3898599 -5.3519 1.079621 -12.021087 2.5269542 
-437.7339 157.1306 14.807624 37.79545 25.567186 -20.231056 -17.204674 1.4328359 -16.93225 -18.643745 -3.2344487 5.8680058 0.3679434 -4.038576 0.81992006 1.0842161 -9.644849 2.8204494 -10.003961 -4.981736 
-454.88416 174.03401 13.592665 38.64922 -6.397522 -15.150294 3.2886992 -14.005805 -33.868973 -9.061568 -1.8440446 11.718383 17.431458 -3.83842 5.265377 -9.628108 -1.5449799 -2.2933202 -14.2832775 -7.9332786 
-546.2234 163.98071 35.291 34.597763 9.770575 28.309568 -1.7179401 4.4128213 -13.687895 2.4755824 -9.201435 -7.3246 0.9641641 -6.520004 -1.2136818 -1.8592752 0.50778866 1.1669296 -9.405694 -10.017609 
-584.18335 169.25494 46.64888 32.30446 2.1362119 28.419983 -13.5038185 14.35819 -7.5839243 6.9689703 -12.573242 -4.744788 -3.6864636 -11.839911 -1.5052373 1.9292088 -0.100335434 0.87489754 -4.973467 3.0628242 
-428.1696 171.13284 1.0562204 23.669025 7.299323 -4.2809877 -4.7486157 -13.863981 -9.044438 1.4524326 -6.8860297 -6.078982 -6.202038 -8.137881 6.3045287 -8.380967 -1.6595163 -4.2645154 -10.834894 3.7061894 
-369.31055 111.81646 12.666377 51.344482 40.27614 -38.147797 -19.025684 -7.393826 -10.7802925 -9.051284 -15.029698 8.151112 1.3697915 -2.8749053 0.71202934 -0.44609663 -9.004152 0.69940627 -14.466642 8.397667 
-398.95947 107.11707 32.328842 33.33135 38.03409 -10.632412 -24.056107 -4.427893 -26.28276 -2.532966 -16.38249 -1.3006306 -3.3359835 2.1199236 1.8935136 3.4128718 -4.110634 5.8247128 -11.447971 -1.0188776 
-414.29156 130.88174 7.9545627 47.539658 41.46423 -15.753106 -23.465069 -3.871243 -7.5177765 -10.613155 -17.75159 -2.5791032 0.27654603 -6.2759037 -2.2370706 3.8448656 0.22847006 1.5301738 -12.28706 -6.4638042 
-417.64368 75.08407 42.095062 72.58047 8.202577 -5.0292616 -8.228492 9.025037 -9.943166 -7.1058106 -16.04857 1.884651 -9.806711 -6.9759727 -5.346378 7.682462 -7.4084787 3.3440447 -8.236639 5.380581 
-430.8297 88.996796 53.09837 41.734676 20.935055 -2.7808428 -14.367803 -8.456197 -10.568481 -13.836111 -16.833397 -1.1254904 -11.124851 -6.4976716 -8.15963 3.134059 -5.343828 4.0415983 -12.869845 -2.3142722 
-407.59418 137.67545 17.497995 43.34812 23.235348 -15.98989 -24.237356 -22.357204 -14.949748 -3.4635124 -13.262523 1.0385484 4.1152053 0.6046946 -2.563695 -4.402443 -2.2276094 5.310035 -16.069012 -7.880395 
-381.02936 130.66354 47.296368 15.310917 -8.356613 0.32562086 -16.615993 4.7221966 -30.219143 -11.824568 4.77253 -0.015135871 6.568115 4.7189546 -12.233725 5.9889708 -7.903585 -1.0806333 -13.34352 -2.723095 
-417.97766 161.54253 26.624775 30.185102 0.93960273 -17.791893 -0.12767813 -2.934163 -28.473166 -12.351964 -6.9872503 -10.937349 8.945365 -3.5797114 0.5591398 -3.5348802 -3.039886 -2.3815045 -16.361626 0.002797312 
-384.7555 93.293335 29.67633 58.268867 10.796506 -13.967446 -16.85831 -5.0123053 -6.2880163 -4.5251646 -17.061642 2.8661864 -3.4165604 -5.674465 -7.3401337 -0.39576393 -2.6255846 0.8086623 -18.375988 2.2994108 
-411.75964 166.20477 3.0298738 18.801064 -1.8214798 -1.2129147 1.0732781 2.7200058 -26.660984 -6.787031 -4.271093 6.7202764 1.3703905 -12.747434 -7.4396124 -0.34215835 -3.5326097 -4.2238073 -14.678547 -6.456232 
-415.1117 102.472435 25.758165 54.018936 28.442177 -3.168073 -28.012005 12.282532 -18.061523 -11.376194 -14.195216 2.1279068 -1.3344318 -0.67787904 -1.1566211 1.7389759 -1.3316964 8.2507105 -16.427576 -7.533785 
-422.9245 145.08672 8.030306 30.496382 -0.28046608 14.896342 -10.10897 -0.14180087 -15.116381 -4.109414 -8.137755 7.8159375 -2.2899466 -6.5196 -2.4011679 -5.0109158 -5.618679 1.5438678 -11.981033 -7.8704963 
-428.7624 165.23866 -0.09255782 50.830948 27.156643 -30.643381 -22.556732 8.790768 -21.506712 -7.968351 -1.8826425 -1.3227237 0.016667578 -13.197889 -4.6846027 -3.3203998 -13.486343 8.187039 -10.591238 -4.7907715 
-450.86807 117.54879 41.796528 44.964554 24.322662 -4.644388 -16.043938 5.1348977 -16.787989 5.3079324 -7.5043793 -9.645922 -8.615249 -0.7018983 -8.601581 -4.8494544 -3.661867 9.209975 -8.399431 -3.2639945 
-490.71582 122.41734 58.58924 43.577824 6.220844 13.743818 -5.3737354 15.595642 -27.750868 2.301966 -16.852825 -4.3025885 -9.109436 2.5066183 -4.96515 1.2509395 1.2928413 1.4647334 -6.8482137 2.9783812 
-513.43317 140.73746 52.41928 52.584084 19.975262 7.551668 -10.064272 11.389162 -8.165026 -9.882932 -17.110891 -0.72135544 -7.4451303 -13.316341 -3.9348652 2.5595016 -6.685503 3.3816245 -6.9971747 -0.7508566 
-423.40775 176.11386 17.596666 10.734939 2.3969526 0.2355643 4.900965 0.7868141 -16.263418 -3.8533487 -13.505648 -0.08646398 5.564976 -7.1025343 -4.2093053 -1.8545055 -14.0673485 -7.288593 -11.135494 1.7645073 
-410.76324 115.69516 46.39055 33.554897 6.849571 1.5088803 -5.2138934 -19.409407 -15.052758 -5.555269 -9.337417 6.028381 0.33677325 -2.647409 4.2956257 -0.2380557 -8.349218 0.3504744 -15.69663 -3.6725855 
-401.70428 155.16655 23.638557 25.254301 -15.704876 -6.0361156 5.9656086 3.174023 -26.069014 -13.786545 -9.329281 8.854091 1.5686677 -0.43179375 -8.322375 -5.8498526 0.7436418 -5.804496 -13.994952 -0.2636518 
-444.71243 165.37885 6.868425 60.00093 33.916344 -18.46392 -23.42991 -7.596149 -23.458183 -11.667099 -16.823555 -6.5105686 4.4539447 1.4900186 4.2042904 -6.961195 0.7693853 3.4161966 -10.332358 -7.40075 
-466.98422 171.9924 5.250723 44.937065 9.988767 -8.154423 7.1049333 -22.8281 -26.676893 0.9455831 4.124964 -0.053265147 9.260275 -4.163459 18.053743 -8.492125 -1.9589208 -8.297323 -20.340391 0.2968438 
-526.6268 159.42572 5.612152 51.624355 25.726135 11.405903 -12.05751 5.901344 3.2399538 6.7510176 -14.878285 -1.1233766 7.6408257 -6.372194 -0.7153709 -3.423275 0.17830165 5.219395 -12.726759 -4.693695 
-450.85117 128.06088 33.465607 30.124813 3.3958182 17.289137 -11.787294 2.2421656 -1.8067191 -3.4988506 0.6346705 1.1444547 -6.0670266 -5.8264027 -8.824137 0.9129236 -6.2721214 1.3158218 -14.394026 -1.1158347 
-432.92746 136.85786 22.184431 45.90471 19.76757 -5.888358 -9.999997 7.905667 -17.128996 -21.10366 -5.622014 1.379132 -11.944266 -11.011611 0.74711025 1.2520003 -4.3368216 4.217114 -11.938149 -0.71743274 
-414.21677 175.15077 -1.0641556 33.43311 -0.8225418 -8.149658 -17.784458 -7.0318823 -19.556614 -6.9604983 1.3900288 2.1407452 -3.8801694 -8.918071 -5.467059 -2.1507003 -4.008448 -3.8772447 -13.422777 -6.5466366 
-455.71375 159.06293 9.449515 44.431606 25.71896 -1.1600897 -21.380453 3.643158 -9.907719 -16.548458 0.088618875 0.9255105 -4.2049465 -11.032912 4.186739 2.3984404 -4.6647 -2.3587258 -14.011872 1.2015215 
-374.82556 192.14685 -41.363136 24.457897 6.8915286 -27.054173 -5.817561 10.1822605 -16.368711 -1.964322 9.766166 2.9441571 -1.5970988 -15.426234 2.4986339 -6.676131 1.0311267 0.818273 -6.086732 -8.722979 
-400.0767 157.9279 10.419926 22.546326 15.15351 0.19522116 -5.794256 -7.9089866 -9.915266 -7.370685 1.1872319 -4.330376 -5.8472157 2.319163 -4.0756555 1.8720665 -2.7781613 -2.8278422 -15.388702 -5.405866 
-432.00684 181.48294 6.486312 39.326775 15.476354 -11.075185 -7.7783103 -2.3827405 -21.147799 -14.042873 2.0421634 -1.4357991 -2.3181925 -2.1669598 10.769188 -4.0508127 0.57209873 -3.130689 -4.7051344 -5.482131 
-402.22794 121.13053 21.469835 49.08235 37.114563 -21.347698 -26.415009 3.5054448 -18.18267 -8.811874 -7.3694882 -1.0653759 -8.1741295 5.461747 -4.124947 -6.033265 -9.924641 3.9383888 -13.483358 -9.118352 
-430.1208 130.34055 10.626508 48.021896 7.81303 5.7911234 -5.072254 -3.1084838 -4.9076834 4.623345 -11.474125 0.60134244 -0.05482859 1.3243159 0.40759766 -2.1642878 -13.102047 -1.5345055 -13.891319 -0.8741642 
-504.61865 183.27205 27.456318 38.784977 6.854825 16.506111 -13.893421 -3.4555166 -16.237741 2.5680351 -9.606453 -5.928712 -0.89092606 -13.368076 1.8123643 -2.2666392 -6.283987 -5.956203 -9.227577 -2.2962809 
-514.626 152.81512 42.45821 58.343296 6.0178733 8.98017 -2.4099746 9.510336 -10.823683 -6.0068946 -17.641502 0.20876244 -9.7012615 -14.127728 4.5714006 0.5098007 -6.5265675 5.9117126 -11.708563 -5.5424833 
-512.7473 140.70355 28.917305 48.398613 8.506362 21.204187 0.06264618 11.418763 -3.6872504 3.1224008 -6.7442102 -4.122137 -6.8795147 -9.473963 1.3954599 -2.2988975 0.049272113 3.6810558 -8.984948 -3.5114994 
-556.3611 155.419 40.88347 39.173462 2.800374 28.609213 -7.120886 15.810037 -3.729849 1.9154909 -3.1710315 -4.0124874 -3.0175312 -8.2811775 -1.111176 0.23502724 -0.34719488 -0.2779122 -9.728457 -0.6306915 
-577.47186 142.663 48.998947 35.029434 15.813587 27.276608 5.2095575 11.160992 -3.3850777 0.40925747 -4.323792 -6.51019 -2.5119667 -12.265508 3.86769 3.4804769 3.3911881 4.5577765 1.9430044 2.3305137 
