-308.8595 159.07132 14.200522 12.525145 -0.9055123 1.8467767 9.803356 18.5185 -35.055527 -2.520568 -18.338535 14.923399 -9.672341 8.522068 -4.9827642 -7.352769 -8.340223 1.2093512 0.1834299 -5.3769035 
-286.60098 120.278046 14.397202 2.4748747 8.813849 14.253477 -6.6049943 11.275868 -22.112108 6.577412 -7.2943583 9.84684 -24.959778 1.5215329 -4.0692143 2.0770147 -16.664865 9.289376 -5.7912607 -1.760931 
-260.57336 119.332306 13.606401 33.42442 16.036726 18.147951 -5.2030506 3.2449882 -49.489494 7.301823 -15.568732 3.1897342 -24.481045 -1.9174671 8.242576 5.4825773 -11.795675 8.395418 -4.878511 -2.9623177 
-287.833 158.53497 9.269187 23.225088 5.9474444 8.183919 5.537184 17.787592 -46.376625 -7.26565 -19.047966 4.956801 -7.594221 0.5624411 3.662362 4.052912 1.1614336 -2.575389 -0.11712592 -3.8361053 
-315.60516 146.77716 24.613058 18.44423 7.5557837 18.020102 -10.387467 7.560558 -26.64736 -3.431388 -7.496031 7.2692904 -12.425584 5.401963 -3.2433078 3.5306926 -12.362319 3.572408 -6.412157 -6.876406 
-285.3944 175.01613 -6.6157722 3.3489583 16.277922 13.035941 -14.574775 -8.1172495 -23.33245 10.571206 8.228392 3.7460158 -24.790714 -0.9086751 4.0337806 -5.6686635 -15.840166 3.2534924 -5.5540967 -8.421876 
-328.59338 124.21268 29.269325 48.255146 14.7323065 14.585927 -8.543825 4.463346 -18.408157 -3.782529 -12.724714 -9.075954 -16.951393 5.6491585 -5.686342 -1.8179662 -7.1904144 6.890113 -6.1361127 -0.14270194 
-285.31125 153.49016 -0.10478491 36.823296 29.729088 5.4784045 -11.903225 -4.341873 -35.777145 -0.7419223 -0.6790439 -11.33635 -22.450676 10.063961 12.229594 2.1510782 -11.983509 4.811586 2.4551628 -6.6999936 
-343.5487 157.42181 24.203793 37.10781 21.471184 8.41442 -9.906203 2.8107593 -18.281889 -2.2836006 -14.522376 -5.381279 -14.080593 5.903959 3.3590965 1.4281001 -11.106899 6.482823 -4.619259 -5.9307013 
-375.3415 124.59741 27.038734 36.418343 12.117338 10.675647 -3.485221 13.976782 -8.502049 4.6448116 -17.325659 -0.14346164 -10.045406 4.9055767 -8.377124 3.1539183 -11.069706 2.0621195 -11.307203 -0.7745798 
-381.88004 127.22294 22.242336 30.959818 13.887392 11.488066 -7.2338715 10.399159 -9.176773 7.1119494 -11.887859 3.0080605 -7.0213404 4.7152004 -7.9280887 2.8194566 -9.743533 4.512491 -9.82541 -0.6556361 
-324.38596 151.19162 15.259971 18.92139 -0.47136846 1.4941164 8.859709 12.360821 -30.618204 -10.200677 -14.155644 11.483625 -3.7569418 10.382696 -6.1634493 -5.0276556 -12.186306 1.538744 0.7830436 -6.097355 
-360.05203 146.50946 27.052765 28.98063 5.1587768 5.9534707 -3.8007278 13.770214 -12.391872 1.2940631 -18.410149 4.1642065 -5.401499 5.344172 -5.494215 -0.42335477 -11.840641 3.878497 -5.261177 1.3605943 
-277.35684 141.9025 5.886141 9.422416 -0.017709468 16.062407 -7.1703405 5.0696354 -25.391903 5.5797863 -10.448689 8.696141 -11.9632435 0.42595577 -1.1500121 -3.8974893 -5.921887 -1.3813912 -3.3783824 0.22503138 
-317.1764 109.31717 27.60789 49.083694 19.198984 11.697321 -11.432964 9.598616 -16.269218 4.8418865 -11.89703 -6.779226 -11.393543 7.077916 -8.513424 -6.377697 -8.525376 8.655453 -9.976201 -4.2510266 
-354.9472 134.8345 40.01049 35.761013 16.141968 7.243164 -10.577664 1.0022694 -14.263035 -0.55219245 -13.80307 -2.812492 -10.521939 -0.094138116 -8.175991 -1.1619077 -6.6938357 6.341054 -4.1267834 -0.8164737 
-329.29456 149.92358 35.06244 30.76691 12.294889 8.409536 -4.6529937 4.262339 -22.060616 -3.3328166 -19.456814 -6.5653934 -11.846428 -0.99772346 -3.9237273 6.609727 -2.7844095 6.3284183 -2.876982 0.8214066 
-310.42258 90.91415 46.453297 32.6952 6.714277 31.398201 -15.3473625 9.732778 -16.45818 0.710369 -9.599714 0.40260485 -18.139097 4.563402 -3.5922384 2.2739956 -7.90688 5.803818 -5.8995028 1.9455738 
-322.09497 133.00531 35.199642 35.38977 6.2002316 15.892522 -5.7005563 12.3950615 -22.675236 -4.830656 -20.695791 -4.9879694 -4.973142 2.624673 -4.2397957 5.851894 -6.707598 4.6363316 -2.8813672 0.758734 
-347.84906 128.28462 30.25845 30.49414 4.9426274 8.536952 -6.130511 12.815981 -14.077202 2.6578772 -17.872307 -2.7273893 -10.067359 3.5724144 -4.3994846 4.7781544 -7.2287087 4.849312 -7.5584064 1.8105006 
-311.53903 131.63788 29.497555 10.226756 0.55392104 21.428455 -11.892384 16.057884 -20.525654 1.903422 -7.622038 9.642619 -14.38817 0.9804088 -7.549021 -2.4398715 -15.477977 4.194395 -9.18859 -1.2811188 
-332.62436 151.9881 17.221401 8.775611 11.677034 12.23917 -2.3673687 5.2021065 -16.460104 10.8203745 -4.362816 4.865428 -9.5696 -7.9254675 -13.126433 -0.277418 -9.150675 3.8394175 -9.686414 -0.6513698 
-366.97815 143.28923 29.016684 32.295742 14.06234 6.0179386 -6.575968 9.546771 -7.6575723 2.83382 -11.460007 -0.40176612 -10.209115 0.75329465 -6.624076 0.6616314 -7.0496216 5.125792 -3.1420789 0.865786 
-379.96857 132.57794 21.342577 30.193413 13.124669 10.030287 -6.2878294 12.292601 -7.116989 5.6092014 -14.020811 2.0161994 -8.827883 2.480075 -7.7842984 1.3903252 -8.84215 5.9546 -8.233387 -0.7829192 
-289.37183 165.4453 -1.6552043 0.39702442 -6.5482454 1.8441811 13.111636 19.707193 -22.538477 -4.240465 -4.0835414 7.447256 -12.326628 0.100662656 -1.716754 -10.067283 -12.48523 1.0108824 -3.448171 -4.5378494 
-329.54242 157.6862 16.966911 20.829525 0.09929594 -0.34892908 -1.9332051 17.99996 -14.908648 -7.526823 -16.902817 -2.085178 -7.6682696 6.0327945 0.9467005 -0.61637616 -9.8624 0.6484955 -8.776138 -5.0278754 
-308.71844 151.37436 11.579963 26.077482 19.252892 19.43414 -11.680808 -8.168017 -29.722832 -1.7418617 -5.95855 1.5831795 -15.980864 -5.88975 -0.31171182 9.676924 -7.1159234 -1.1526576 -6.6689706 -0.658829 
-328.33286 110.90616 39.76993 31.792837 7.74623 18.802822 -12.413338 15.788952 -18.270073 0.8560684 -16.662487 1.9983343 -17.052826 4.4858336 -3.2075183 8.749424 -9.255045 7.4952645 -3.5117557 1.7827421 
-331.6725 150.8649 13.001476 27.02969 21.17526 10.548941 -3.2493124 5.4078064 -28.833235 -3.539711 -14.526461 -3.8776102 -13.522283 2.414916 -4.0082154 6.2620673 -8.338801 3.8715858 -3.846497 3.326128 
-325.3131 162.87921 18.971106 22.631218 8.239746 10.126404 -1.251455 2.934447 -34.022385 -12.182091 -17.042229 8.017842 -0.49415767 5.9191594 -7.487348 5.9473133 -6.4021316 4.9410763 -2.142465 -2.7702405 
-360.86078 139.39093 29.603102 32.533634 12.216217 10.715771 -6.783747 4.0468326 -12.6051655 -1.5590022 -14.135434 0.66573715 -6.7219906 -1.3867111 -6.777258 0.7710006 -8.065266 4.6352916 -5.436993 2.1057456 
-342.64618 164.56017 31.64663 36.49018 13.461156 6.035325 -4.1187 5.7009163 -19.40094 -8.547592 -19.317963 -3.17805 -11.417338 -1.7141119 -2.066409 1.6958579 -5.393247 6.2755055 -2.878696 -1.8136082 
-338.1356 151.58727 15.67572 45.6874 27.36858 4.1992483 -6.3574414 1.1414689 -30.54048 -4.208105 -10.439594 -2.5079236 -14.767966 3.8315125 -2.2335184 3.7600317 -5.3158355 5.8292 -6.4626985 -1.5807109 
-316.59998 118.809975 22.404085 33.65816 15.220051 14.317943 -6.3089557 4.181814 -21.218937 4.4592276 -6.599797 -1.5882896 -12.590449 2.2668703 -1.7536496 2.6534805 -7.780303 2.5702503 -6.2988734 -3.0159452 
-335.4346 149.83293 11.7109785 26.536774 10.776835 13.993624 0.37784597 11.557692 -20.730705 -1.54909 -4.70531 1.9494841 -10.453372 0.21527119 -2.6285179 1.8360784 -5.6669903 1.7655655 -9.494267 -7.262192 
-311.24777 141.63214 21.45284 22.844337 1.8964375 11.169964 -6.7422013 11.665922 -18.631924 -0.5627096 -14.598312 -0.57988006 -15.833812 4.0239825 1.320148 1.078974 -11.2688265 2.0291696 -3.8937387 0.28041273 
-340.17502 155.32603 1.8585951 42.753445 28.508488 2.520532 -14.488863 -0.7807387 -21.603874 -0.28504795 -12.40917 -9.363697 -11.245548 3.7916722 -2.0574477 -0.3582655 -6.6665826 4.603877 -2.9840555 -4.765843 
-359.20502 120.81109 7.392852 33.925392 17.910006 24.473671 -15.304264 4.717165 -14.163232 10.061876 -4.811475 -7.8099627 -15.294911 3.6435041 -5.0726333 0.34533012 -13.958801 2.4971707 -6.538775 -1.9489924 
-357.6441 140.06068 12.693609 25.732567 9.830954 11.843708 0.4397899 11.899473 -12.577596 4.7144175 -7.8522196 3.2341297 -11.735043 -0.02940888 -6.821468 -1.3199155 -8.792283 4.3345237 -2.9207246 -0.639868 
-242.65807 129.08505 24.08436 16.370975 -9.934224 6.178822 3.0488138 15.152554 -35.184357 -5.7235756 -15.4205675 6.4391074 -16.087337 8.135291 2.0448146 -5.5272727 -9.012941 6.7685933 -8.322128 -5.7442493 
-326.44336 128.64297 43.666527 24.485533 7.6652865 8.39115 -8.076642 12.974979 -22.013432 0.16966991 -16.204672 -4.5008864 -16.446255 5.770362 -3.4991062 2.8963797 -9.345517 9.455575 -9.236334 0.0131233 
-309.8064 155.00974 9.909069 29.044834 15.711497 17.471436 -3.3915029 -1.0101839 -40.469208 -8.025885 -8.33794 4.4700375 -19.244255 1.1768818 2.109728 13.255484 -4.199959 6.8724766 -4.640615 -9.767105 
-319.4824 143.64203 18.262665 28.46245 17.10461 16.921078 -6.208558 4.6233606 -29.188555 -5.807108 -14.091712 -1.4739854 -15.184666 4.365558 -2.0471733 1.7400581 -9.3834095 7.1140027 -2.1384363 -2.7579257 
-325.8151 108.2396 36.443466 39.535233 13.238915 19.418446 -14.483832 9.233531 -17.626743 -1.7577835 -12.0914345 -7.398905 -21.157244 8.685329 -5.862256 -3.593215 -7.3006964 9.426764 -7.0760846 -3.2062929 
-309.19022 111.65458 24.584242 50.00307 12.770924 13.043842 -9.841037 6.6436753 -24.13953 -1.806679 -9.854895 -9.097308 -17.732594 7.7612023 -1.6454761 -4.0593667 -3.1414447 12.503568 -6.655596 -6.312624 
-338.19315 145.01007 15.64197 34.47323 21.229557 4.982372 -10.504227 4.367964 -14.75296 -3.4008358 -14.208438 -6.7283993 -11.237732 6.2917995 2.5723748 0.69604325 -5.5984364 6.58175 -2.8846037 -5.143659 
-315.77005 181.21718 7.323928 15.2019825 7.016995 5.084148 -4.3333707 5.1695986 -26.360481 -0.5767796 -9.620719 2.2605884 -1.7139573 4.1255 -6.7045994 -5.478381 -5.6249433 0.9099417 -6.9183574 -4.9740825 
-352.1345 148.06662 28.950853 40.806377 25.504774 12.931305 -9.931072 2.1343412 -14.778447 1.8430144 -22.714155 -10.426472 -11.498699 4.8636007 -5.442189 -1.4065255 -13.16021 8.946381 -0.3710174 1.0135938 
-328.07144 96.272125 33.01211 38.455 10.531173 14.890956 -6.467397 12.315145 -21.891453 6.206239 -18.880266 -2.7357144 -10.00251 6.2663 -7.8249207 2.4082844 -8.745492 4.0637994 -6.069091 -4.0763683 
-337.04614 104.989395 39.43846 34.727543 8.285742 15.992161 -8.025201 12.169737 -25.128477 4.339838 -25.693539 -6.5644054 -13.158645 2.3527699 -9.331534 4.425759 -9.270945 1.7095298 -5.1515737 -2.7807753 
-276.71045 148.54474 7.8148937 29.177433 13.764709 14.55949 -2.646958 -0.7888292 -45.87401 -4.519736 -14.322732 -3.9975598 -6.987658 1.2618259 -0.8075066 8.49786 -4.6501827 0.756928 -1.7816048 -1.7623515 
-314.1381 112.201 11.468987 37.831333 0.8387972 11.705762 -5.876032 10.682156 -24.808142 12.396598 -1.546833 -4.0899005 -13.380678 3.4810266 -3.1624146 -0.6044902 -12.243709 3.1418629 -7.948615 -2.7568426 
-349.39404 136.08981 32.99528 42.60648 13.214493 11.233637 -3.391108 13.114863 -20.138924 4.63769 -16.463621 -4.210576 -7.3974895 1.0936317 -8.234056 4.8555975 -6.580614 4.3224525 -5.1922855 -4.295683 
-304.2158 173.74248 0.9898898 3.5990305 8.948909 16.31192 1.5001123 7.0637245 -30.63688 -0.83707035 -1.4860278 11.336679 -11.4243355 -4.8938684 -5.757086 -0.14671367 -13.179126 4.327273 -7.9083776 -10.441834 
-326.54703 146.02109 12.378048 39.6686 24.287899 9.077275 -9.963721 0.28744137 -25.32124 -1.7309508 -12.026702 -6.2322183 -14.388149 6.576733 0.20208381 4.4547343 -10.237058 5.651294 -5.4797244 -4.8730054 
-308.55872 109.5064 16.303345 56.231766 13.026503 8.295116 -11.286052 10.520336 -24.827003 -0.025681444 -14.473289 -13.193039 -13.651997 7.147499 -1.9811652 -5.545648 -5.9199305 15.037861 -5.1521587 -8.208446 
-322.41824 158.40948 -3.3593688 45.199955 31.665215 2.7654562 -15.852238 -3.4538507 -24.604252 0.8993795 -10.113436 -14.640569 -11.693687 13.11705 7.565653 -3.0672147 -11.130216 11.518858 4.631544 -10.26256 
-323.03354 149.21112 9.365702 43.375298 28.890848 5.5497804 -17.216549 -3.0668697 -19.235304 5.5183907 -10.186211 -13.212181 -13.934414 12.578466 4.3410788 0.31389195 -9.614768 11.578421 4.4217916 -9.0338 
-373.1949 130.22704 20.3896 33.60661 19.15072 11.258603 -6.320167 9.5483055 -11.49264 5.7216682 -11.865803 -0.91308963 -8.309687 2.621209 -6.9793897 1.1438837 -9.640705 3.257557 -6.0237875 -2.6741135 
-374.22665 127.96706 16.934563 26.776787 16.945831 21.932283 -2.862023 10.1237755 -12.277386 4.8685846 -11.434758 2.603388 -12.127622 -0.06998069 -9.967346 1.1340002 -9.695704 4.6270127 -9.521482 -0.6197868 
-319.7106 135.15813 23.197897 28.340733 20.542091 15.332247 -5.3388834 6.6273685 -22.569334 -1.0897437 -5.0531726 -0.86666703 -16.76827 4.207877 -0.74686205 6.999258 -11.164865 4.980242 -7.6257606 -8.487606 
-265.7582 146.79091 -2.0660293 22.97843 22.326445 6.428625 -7.584124 5.337146 -38.216084 -1.826718 2.1423783 -3.2815082 -17.387354 8.536688 3.1639323 -4.4347763 -13.053827 3.8482301 0.030790567 -4.4374456 
-271.5494 116.14841 33.465084 17.351746 -8.221777 9.769088 -7.167272 10.589994 -22.120543 -14.170477 -13.903861 6.15959 -9.168131 13.299011 -0.76291263 -3.1331854 -13.456913 4.3845882 -9.27803 -4.8618135 
-311.06284 130.57054 27.641712 34.18879 6.5332527 12.930565 -7.869756 7.649681 -24.213247 -4.828167 -14.974984 -1.4334778 -9.511235 9.994583 -1.3376428 -0.2275707 -6.568803 6.932312 -6.925144 -3.668063 
-315.6975 165.06732 -0.015983555 19.22038 18.775345 15.198247 -15.645077 -10.199012 -28.89141 4.59879 -2.7935057 1.0329391 -15.185482 7.3086014 2.5596182 -2.4759111 -12.877037 -0.3296784 -9.893175 -0.8522856 
-329.2124 167.0022 14.089094 22.063562 15.257244 10.125469 -2.2053933 7.7916446 -26.77729 -6.424307 -5.8377805 2.4906929 -10.994471 2.20581 -2.3098478 1.1431286 -10.67592 7.162011 -8.275244 -10.063731 
-330.74612 164.98192 12.145099 23.821815 20.737684 11.312934 -6.2669244 3.9750714 -24.716795 -2.1564429 -3.8292737 5.9900327 -10.8503685 3.1503377 -2.3534138 -0.019273229 -11.479 5.3536286 -2.660481 -2.0793998 
-334.7316 145.83678 13.794773 29.240213 17.241112 13.441472 -10.368545 13.640133 -22.152113 -2.6693692 -6.162635 -3.109292 -9.219618 4.545748 -2.959773 -3.1848707 -13.349183 6.9780545 -4.320431 -2.0525541 
-357.8556 134.73396 21.493855 35.455746 24.367224 15.937807 -10.362479 3.2446148 -16.217735 5.277237 -15.956172 -10.315678 -14.908184 5.85803 -4.9415455 0.07614594 -7.341073 7.331837 -3.5739202 0.08831528 
-368.06445 121.93591 13.62701 37.757515 15.193516 18.915194 -8.601955 11.598243 -10.175827 8.2355995 -9.571856 -5.5552073 -12.146654 6.5872407 -5.319666 2.4226727 -8.768551 6.7889247 -6.465725 -1.6089106 
-389.87732 131.78738 19.287174 33.553513 13.558458 9.379311 -8.730094 12.660281 -8.3817 7.739454 -11.210498 -0.49809778 -8.043517 3.7080507 -10.393459 0.09990753 -9.899032 3.746544 -8.147488 -4.1482944 
-329.5491 157.41745 11.61789 21.974014 3.9913886 1.6012429 6.446557 13.146706 -30.054033 -5.783895 -9.805247 5.3349185 0.82487077 5.38722 -8.31868 -4.592632 -12.282101 -0.49470383 -4.4145217 -9.403101 
-334.90506 165.87833 24.291042 26.152596 -0.1715234 0.04481313 -3.491829 10.303929 -23.090899 -8.065627 -17.630598 2.9306765 1.2014691 9.351481 -4.928786 0.29924846 -11.919211 1.128592 -4.370094 -2.9452784 
-369.19174 140.87054 23.20902 28.991219 9.603688 10.607375 -4.481755 10.571472 -13.34651 1.7818332 -16.181955 2.5118337 -4.8137784 2.6491976 -10.061391 0.8254302 -9.769245 6.074536 -4.277084 -2.6450958 
-294.63174 135.35442 1.4277208 15.606522 12.149396 17.119942 -3.7184172 6.976901 -25.288132 5.9497576 -3.7207632 -1.5643525 -13.868467 5.580755 -3.3883052 -4.9592648 -14.84094 7.466669 -7.3016458 -6.515356 
-269.74106 143.17247 -2.5624857 29.216831 20.987495 9.999235 -7.3130255 2.7285202 -26.52794 7.110033 -4.264965 -7.2805843 -18.904593 3.6478865 5.134166 -8.148741 -11.730858 14.970956 -5.005881 -6.3999524 
-297.99197 101.55248 33.407124 37.337566 22.711136 13.215192 -19.322395 11.376752 -25.384487 2.3590152 -11.193047 -12.6691065 -18.497261 8.175849 -0.6916887 -0.18805316 -10.940738 10.994149 -6.305155 -0.16627815 
-300.53006 108.783134 31.733564 40.476456 14.455612 2.4342773 -9.662606 14.712773 -24.53892 11.41571 -14.196141 -4.341664 -15.735493 13.416515 -3.684714 1.5174648 -12.3781805 11.442722 -8.143881 0.056197558 
-281.08118 136.94112 3.8429747 43.499428 11.548073 3.4180949 -5.5084667 9.04775 -39.249527 7.241418 0.783388 -1.2216146 -15.671916 8.933715 -1.796014 -2.1037235 -7.9456615 8.467277 -7.0878034 -3.7830548 
-319.85858 108.29332 28.900373 41.900204 15.740365 18.825956 -20.637035 11.623839 -21.93985 2.4545794 -13.324551 -7.392957 -19.658787 12.126788 -1.0610667 -0.89113235 -11.88137 14.907769 -5.741836 -5.7563543 
-350.9972 134.81155 26.194262 33.80379 17.747013 6.4485507 -6.2838907 12.0227375 -19.501675 0.4899807 -9.98542 -0.13519171 -11.491881 4.5324535 -8.880942 0.790327 -7.7470026 8.000943 -7.5373087 -3.5939717 
-328.78955 162.97284 14.95586 26.018608 19.198675 14.903438 -5.2548695 -2.2287416 -28.769213 -3.5271761 -6.069381 3.3623865 -12.783707 -0.85033953 0.9208837 9.241316 -10.531213 2.1410487 -5.6024327 -5.713228 
-378.88058 145.94693 21.599302 37.461094 17.763056 11.519699 -5.4605417 11.150876 -9.300077 3.242297 -13.52369 -3.0429926 -10.095708 -0.93786836 -6.6476865 1.1651736 -10.094128 5.997384 -6.6770916 -4.6199713 
-354.73633 149.07542 10.066074 27.26194 5.80868 11.67315 2.7079873 10.607845 -19.061052 -0.54018986 -7.8629007 10.951451 -5.4488974 1.6613712 -6.6195216 -5.1138487 -9.527844 2.036922 -4.6328897 -5.52779 
-340.50076 158.70079 23.94123 23.955881 2.67147 10.370235 -0.5670252 11.598099 -25.963287 -5.815421 -15.27162 10.63428 0.65135294 7.954555 -8.517799 -0.5926011 -13.52555 5.891314 -6.1628933 -3.885426 
-341.6503 120.44732 26.062586 23.76079 4.254773 19.575691 -14.02916 11.550527 -21.1664 0.5776632 -12.635587 4.0661654 -14.215695 3.3657386 -6.2680306 2.1867025 -9.721329 8.001903 -8.264598 -0.30400032 
-340.7601 146.32928 18.096819 43.492126 21.058416 1.3766481 -12.583424 5.8889914 -16.639473 5.766701 -7.692227 -2.576951 -14.066194 7.499805 0.06873952 -3.5397103 -3.2097325 6.230741 -7.9467673 -4.958921 
-344.64886 165.86935 19.123531 16.497995 -3.2750943 2.9252825 -1.6455188 15.005748 -15.798364 -5.6493645 -17.721779 2.8076878 -2.4041872 9.139568 -3.781966 0.87518847 -11.472528 0.032108903 -8.684749 -0.41962343 
-343.97058 155.18735 17.256615 19.379288 3.5579343 8.85585 -4.8161716 9.108634 -14.888667 -4.038878 -19.547382 1.1390004 -1.874206 9.881916 -2.940463 0.51760584 -13.667903 -1.9613764 -9.319903 -0.23475684 
-337.33167 137.7229 9.753523 46.54244 28.683249 -5.2733655 -14.39294 8.694138 -20.15653 -6.8779025 -16.45207 -5.6533356 -12.349572 8.809655 -0.680256 3.9361289 -5.299648 12.709387 -4.7249513 -6.8458495 
-381.96887 127.04112 19.966408 32.326874 13.47644 8.593007 -8.062241 11.924 -10.053427 4.8495784 -16.857666 -1.3280894 -12.623958 1.5142134 -8.151658 2.3021154 -9.18198 5.2276936 -8.486472 -2.8228285 
-380.09772 123.08043 24.88107 30.243998 11.908894 12.849174 -3.060616 12.08358 -8.067633 5.753561 -12.84782 0.025329854 -12.086034 -0.40720198 -9.374486 4.3180866 -12.1730175 4.746786 -6.4685707 1.362435 
-342.9028 127.39661 16.289486 41.317886 19.774143 12.862667 -5.217666 4.9420867 -21.15726 4.278038 -7.9278126 -8.93354 -18.639208 3.568713 -0.25735474 -1.5664124 -11.663633 8.479199 -0.06016318 -0.3532999 
-289.0241 118.80082 20.571075 37.928013 14.03788 9.848519 -2.829869 0.18484762 -36.860714 -0.86000127 -0.034090783 -2.6424644 -20.819145 4.2390747 -1.1297461 8.00771 -6.0888047 3.0359538 -6.7090793 -2.1398854 
-345.794 128.4898 27.960636 33.27119 18.598877 15.282763 -11.753342 9.526795 -15.644694 -1.5795476 -17.01514 -5.9622974 -14.443349 7.0668864 -6.791046 0.95178306 -12.866206 3.983229 -3.5362577 -1.9411504 
-325.21127 127.81932 12.768578 15.089665 10.192577 23.71301 -9.501293 9.149535 -16.545082 5.519735 -5.4303646 4.9077473 -17.432264 4.82631 1.43882 0.4235042 -13.963719 -0.7020886 -5.884868 -0.48504993 
-360.1791 133.31483 11.7262945 17.208586 6.5775747 17.380173 -2.1247125 13.92689 -12.546016 5.8881636 -10.921939 -1.0890496 -11.782597 -1.2379279 -3.960908 -0.9529727 -9.6345625 2.5042887 -9.930526 -0.9046422 
-371.4 117.58578 22.953552 34.852367 13.215463 9.426865 -5.584256 10.570322 -12.456759 7.294977 -9.327328 -0.12098776 -10.198117 2.11903 -10.245926 -0.4983265 -9.852367 2.5747538 -11.191499 -1.6789132 
-380.13733 129.53249 12.855819 35.172344 14.9610615 13.868404 -5.985636 8.852038 -12.559408 10.927065 -9.9667015 -0.95069337 -9.408823 2.8336744 -5.451996 1.745995 -11.383663 4.888816 -4.6720133 1.5997002 
-378.70004 123.670746 26.471962 32.970978 14.34384 14.374449 -3.6377819 8.80994 -11.873649 6.7883863 -12.832101 1.1397136 -5.9566827 0.66479826 -12.982973 0.08686328 -13.90856 3.949821 -7.2482767 -3.2549515 
-395.3034 134.95474 15.248016 34.929146 13.861034 11.557707 -4.8781886 17.470228 -7.541845 8.89867 -9.838482 2.7022116 -7.8391013 1.5001374 -10.1942425 1.6808153 -10.970371 1.9797094 -8.703878 -3.3088193 
