-281.5719 119.17048 15.331802 32.03583 6.7276363 15.280853 -8.573634 -13.502161 -32.210674 3.5033333 -21.964592 -0.8404319 -2.4287894 -4.898551 -10.046174 4.1831684 -3.4551947 4.204221 -10.870723 -2.0608132 
-255.05463 157.68564 -10.855793 4.570172 -6.63242 -1.3827406 -6.4251595 -13.306212 -30.201464 6.526698 -0.5703234 10.54993 3.7251234 -12.76808 -21.069565 -10.432875 -11.351569 15.634838 -11.439559 1.1953362 
-303.64157 172.70668 7.029291 12.718574 12.335602 -1.8531127 -11.155294 -12.361867 -23.979687 -8.20334 -30.41414 -1.9377986 14.5272255 -5.1700535 -19.458612 1.627065 -10.7804985 -1.6610906 -14.110394 1.685172 
-330.09778 133.92487 41.37481 27.859575 1.3453093 11.028804 -10.76583 -5.084985 -22.131424 -1.4703252 -22.310812 4.863337 -3.8990047 1.0419587 -6.4587855 8.399417 -13.286194 1.446142 -11.400478 -1.5993664 
-344.53018 175.45583 32.04475 31.174124 -4.905243 -6.436144 -9.46428 -0.74290586 -19.366407 -8.667579 -17.736013 -3.9385693 -0.73648494 1.9326015 -2.938653 0.4174684 -6.3699107 0.17880413 -11.816407 0.33836392 
-341.00427 177.12514 12.237907 11.598353 -20.357502 -13.413764 -10.908055 2.4450464 -13.012833 0.4177118 -14.58039 9.276491 9.806583 1.3940227 -12.259906 -8.9331255 -19.563776 0.13270923 -11.40061 5.25062 
-311.88397 172.97137 8.870701 16.150967 -6.482061 -18.92589 -8.786274 -3.5168009 -28.513985 -13.959369 -18.059242 6.2636166 20.416817 3.2997847 -8.331762 -7.9272175 -11.978712 -1.255082 -22.259056 5.751297 
-360.30624 159.25159 44.372803 36.399635 7.224996 -11.64542 -25.323051 -9.722705 -22.086815 -8.609454 -16.457075 -3.0093858 -4.6580334 -5.0274024 -9.717348 1.4124292 -2.7000172 1.0211221 -0.020740727 3.5604565 
-291.12103 158.24028 16.39335 17.248379 12.669558 -7.7278376 -15.919495 -11.787096 -28.069221 -5.822527 -21.251015 -0.11442086 7.982159 -9.329752 -13.946437 6.2112575 -1.5356252 -1.1713004 -6.71377 2.6446342 
-237.80086 160.71544 -24.081608 21.145004 39.690784 -16.697475 -19.24507 -20.398159 -42.87844 -1.8870544 -8.046913 -2.9927506 1.9725791 -0.030359082 -9.726136 11.621558 -3.7793193 -5.4703383 -13.8435135 -0.9698018 
-267.22156 154.5323 -0.36667717 29.827354 21.64039 -24.816256 -12.782608 -8.516316 -38.937023 -1.7372954 -9.563238 0.001639525 11.895628 1.8070905 -14.120446 8.398351 -8.546701 -6.3907223 -3.9832675 3.6509814 
-305.2435 130.1563 1.942285 41.904934 20.09426 -5.346782 -9.647473 -5.5095477 -30.069078 5.0539355 -21.367296 -6.309687 9.825632 1.0183256 -17.556986 9.220915 -1.8120723 -0.04183319 -7.7863455 -2.3670228 
-290.90848 88.83409 34.42138 49.210052 7.59952 20.771116 -14.355248 -8.993269 -31.728586 8.30091 -24.207832 -5.379595 -7.5672007 -4.824948 -13.595056 11.583432 -14.838686 -1.6157738 -8.569792 3.1538205 
-328.42587 127.07955 13.934302 51.797737 16.91355 2.6781497 -6.912386 -11.654591 -22.817892 13.542235 -19.963102 -12.933049 -4.833483 -4.2429132 -8.379815 0.8406957 -20.376722 -3.1144717 -6.8202314 -5.0403333 
-375.266 129.44537 29.160988 42.017494 16.08331 14.697032 -11.390235 -0.3006081 -15.834581 -1.3872968 -15.568948 -4.2211294 -10.33302 -8.799269 -9.855075 3.5146947 -16.148525 1.5995253 -6.5726905 -2.218333 
-408.86615 128.40611 15.619381 34.106766 10.709019 7.6264706 -13.116428 12.334962 -9.857252 5.46704 -12.623953 5.5029645 -7.199027 1.8156232 -8.138579 6.0909758 -11.201263 2.2139683 -9.289485 -4.025095 
-268.15588 154.16678 -15.840663 3.5153706 -1.4617028 2.4823945 -10.296624 0.29028755 -21.631037 -2.4607992 -3.014095 8.380118 4.5854335 -7.9913383 -16.770937 -7.6055593 -11.970868 11.377426 -16.211325 2.0005422 
-318.1192 126.65343 13.257804 52.685036 15.7751045 -3.2023973 -7.2312527 0.49666467 -21.665676 7.023496 -28.311562 -8.744357 9.023664 -4.8596 -25.38448 -4.458928 -12.697372 1.2812012 -12.39086 -5.140855 
-230.12682 131.672 1.4601479 22.848799 -17.65336 -8.945204 -7.7705255 -11.211999 -35.397194 -5.2482724 -15.123842 2.9556303 19.275911 -1.7000926 -9.898277 -6.1203456 -18.81288 5.720438 -14.373652 0.56125176 
-256.60898 -1.3403835 58.926777 36.265762 -15.294373 38.719433 -23.702122 3.1961055 -13.892125 13.588789 -24.235313 7.2659235 5.7082105 3.0786755 -15.684467 6.773727 -12.030688 7.5177526 -10.920902 -3.9832454 
-232.02849 113.69865 10.345774 37.53797 4.643113 17.482521 -24.297873 -18.389553 -32.888744 6.734074 -20.774029 -10.872965 -8.2506485 -10.662092 -7.429284 3.981113 -18.11927 3.7304251 -3.9861555 -2.1789703 
-284.90396 159.0559 21.182213 24.3905 -4.7953987 7.803272 -7.2329354 -4.8105984 -24.13569 -9.994336 -15.476552 13.415943 9.423464 -9.302655 -8.132777 -0.9472888 -13.01476 5.520872 -14.556499 -4.1287284 
-345.12946 158.73877 25.622324 34.68657 16.052261 5.3329496 -11.837977 -9.087891 -25.96682 -4.742141 -13.179924 -2.2132673 -4.403966 -8.592109 -5.650699 5.036515 -6.3616567 -0.29843402 -6.838044 -4.775305 
-420.54764 145.8775 19.81372 39.738907 14.734334 8.772303 -9.493528 5.618433 -13.951664 1.2488182 -15.157939 -3.686314 -6.5480595 -1.5165374 -8.83588 4.2188854 -9.227002 1.2889409 -8.22983 -5.2235885 
-400.10983 132.13092 25.877493 32.91244 13.830431 5.746563 -8.656122 5.7107143 -10.303581 2.3558264 -14.531886 -2.5884078 -6.9901166 -4.164007 -7.8918695 2.7335062 -10.144312 -1.5053545 -7.4369745 -2.6192598 
-276.80176 114.119965 16.265041 41.919388 10.944824 3.7167244 -10.727009 -8.2816105 -21.111677 0.010253906 -21.153097 -8.937583 2.265044 -6.727721 -17.523853 5.7955723 -6.559023 -4.7372036 -4.457355 -1.2419722 
-268.36844 135.84988 -14.006512 38.089348 49.20037 -14.684382 -25.36799 -5.7134337 -11.689472 2.9758644 -30.811398 -16.862707 8.237879 0.17212161 -28.51733 0.8837367 -3.0316336 -5.2256966 -13.895356 -2.9343965 
-357.77936 145.0974 8.984062 45.884735 35.99033 0.7313137 -18.633936 2.9914746 -5.771355 -1.646969 -30.572605 -10.53781 5.7232227 -4.7707944 -26.797052 -1.8545693 -1.1873566 -1.3380073 -11.513668 -1.5710406 
-272.8848 174.47412 -7.1677423 13.72532 5.6724167 -13.210668 -4.864661 -9.907659 -31.574192 3.3988829 -25.019407 0.98779845 13.866326 -7.3096795 -19.132345 11.278005 -15.975645 -2.2855356 -9.697334 0.60765594 
-299.07877 137.48991 13.801781 56.628204 21.393372 -9.3297205 -5.8123617 -11.137534 -34.354267 2.4816663 -31.268745 -14.378026 18.70057 -12.948163 -27.352266 15.773265 -7.5047827 -0.16880359 -7.259257 -11.59337 
-328.7865 138.4548 14.4065075 55.891712 24.681837 -1.1097529 -11.462179 -0.82359457 -23.775162 -2.1058724 -24.50637 -14.58746 9.653646 -5.630778 -28.757961 6.826174 -0.024712775 -2.3658626 -11.830447 -3.9771135 
-294.01407 70.09015 40.714268 67.527756 -10.210118 10.533504 -9.040155 3.1043859 -23.347818 4.7917705 -24.14073 -6.7725034 1.572864 -6.0391464 -20.675194 9.113611 -11.556789 -0.7779079 -9.638438 -2.5809605 
-310.31433 85.124245 24.93825 53.36139 16.01589 4.0696573 -15.0506935 16.048397 -17.290747 7.8793836 -21.81795 -5.4479537 0.9334244 -2.1318374 -16.008032 4.5841484 -9.490285 -3.3576992 -7.101809 -0.51875544 
-334.09888 148.122 -0.103771 51.89821 42.49764 -1.9268085 -22.463026 0.07894834 -25.414011 -1.526595 -24.142357 -14.83924 0.687361 -2.2876596 -16.080229 -1.2685243 -3.9961298 -1.8834103 -4.360486 -1.6099125 
-382.2902 147.5097 15.567841 30.781363 11.187501 7.000882 -13.1671295 -2.8972797 -22.565222 1.0938058 -6.691497 6.701288 -0.100553654 -1.1381116 -7.8532104 8.109364 -5.940552 -2.3199894 -16.84071 -10.26731 
-410.55658 125.74969 12.392985 39.362553 11.282101 12.758683 -12.522301 10.9616585 -7.781435 8.579858 -15.439846 0.8446847 1.066715 -1.8282852 -13.507694 4.1076646 -12.63234 4.5585723 -5.683534 -3.2336416 
-377.36276 127.74136 18.097181 37.915424 11.124406 4.647127 -5.0689197 -1.0631129 -13.61847 0.98722714 -12.178265 -4.5851874 4.6024323 -4.124551 -6.8943715 4.4122057 -8.501197 -2.267452 -3.9548128 -7.7750907 
-204.20683 154.27182 -1.5582026 23.437462 4.6611032 -23.375307 -14.249645 -1.2457943 -37.854843 -7.337957 -20.402102 -13.371184 19.681038 -6.1074915 -22.233765 15.471294 -11.652328 -3.7055385 0.4753286 -7.412969 
-227.08296 173.36638 -10.070912 4.9853134 15.06371 -9.655628 -15.118587 -7.367997 -46.567036 -12.255288 -18.386887 -2.1772702 25.154781 -4.1407094 -24.581278 12.199029 -8.438233 -2.3916502 -7.723097 -4.4345913 
-289.88684 167.32971 -0.32492194 23.563154 13.002248 -7.505816 -4.623438 -1.4281725 -39.71892 -10.601705 -27.024662 -4.4018693 18.419935 -5.3815804 -15.922826 11.217461 -4.8363886 -1.1814165 -4.798361 -6.569024 
-258.06607 105.65407 7.7508783 43.63724 19.789082 12.693297 -23.557617 -12.867527 -32.192184 1.8813651 -30.18569 -4.9247017 10.834948 -9.263136 -19.740868 11.663922 -15.983431 -4.0904245 -2.9214604 -5.1555114 
-290.26724 124.49844 25.843437 41.931595 17.616951 17.533283 -27.968822 -12.027417 -32.74021 -7.0263114 -23.961784 -3.0838678 1.4879014 -3.716287 -8.470047 13.496698 -12.069964 0.31433025 -4.5062046 -7.1268015 
-318.2194 107.059395 21.690605 60.28751 20.247786 -2.909849 -16.176926 9.301583 -23.741386 4.7703466 -23.072845 -9.70992 3.1019182 -3.9001176 -15.314063 0.518659 -4.998269 1.686378 -8.752615 -4.98549 
-297.27487 178.48785 3.1995273 26.060913 12.86852 -6.463404 -7.709226 2.8771458 -21.702034 3.3384998 -3.5255272 3.5417264 8.059725 -2.5737119 -7.200861 10.219104 -9.217871 -3.5360975 -6.109302 -2.739918 
-375.22455 156.89836 24.806686 28.296787 11.570442 10.296394 -6.6743836 9.136574 -17.577635 -3.5405567 -12.87299 6.1278777 1.6214422 3.1070213 -5.923321 5.363972 -5.477948 3.3637793 -4.0804224 0.10728892 
-328.4743 137.89882 0.08212641 19.496689 19.253004 9.255393 -5.8858805 -7.18956 -36.121243 -3.2982998 -11.081303 -1.2114469 6.5112677 -6.4381332 -5.806271 7.576545 -8.12294 -1.1421508 -6.135805 -4.800024 
-282.03625 178.02982 -19.930351 16.888586 27.437263 4.6310177 -16.699772 -20.433983 -31.760834 1.2163156 -0.57513356 1.5439353 4.656172 -9.244669 -10.4396715 5.8767643 -9.991169 -6.0569224 -13.872284 -3.2358239 
-316.38577 119.10092 34.136753 40.348442 24.437431 18.644678 -21.72341 -1.8836541 -25.672646 1.596646 -19.170631 -8.566748 -5.7838907 2.1260157 -7.037818 5.3432803 -16.548805 3.2146218 -4.0250998 -1.1405604 
-297.19553 109.0077 32.472527 36.20656 -4.4208355 17.59493 -11.628848 -6.006149 -33.934948 3.5040686 -9.100556 8.61592 2.4560037 -6.0646925 -11.748884 9.053616 -14.458057 9.763003 -12.910114 -5.724009 
-350.4173 142.62595 15.424306 51.247097 19.42257 4.3464794 -16.304827 0.041616544 -17.49955 4.9380283 -25.403776 1.210356 3.3449254 -7.974455 -6.580755 9.411235 -10.998059 0.14822303 -5.1701884 -3.6587431 
-356.00125 161.50015 7.5730524 26.29976 23.276215 16.505934 -14.5110035 -4.1130505 -19.971016 -1.9541215 -18.042793 6.230024 4.6401033 -8.822163 -6.9623423 12.555133 -12.759744 -6.0410295 -4.857791 -1.7929423 
-330.67352 134.97418 11.58484 39.620876 34.862663 1.7532439 -21.657932 2.1180098 -17.355284 2.1565044 -24.445911 -9.253983 3.139423 1.1302179 -11.359632 4.5416675 -10.4566965 1.89218 -4.4792843 -7.4885917 
-351.41794 136.34308 17.659048 55.908127 22.949694 -1.3855058 -18.214937 2.6619418 -18.349644 -1.7934641 -14.276069 -2.2700832 4.6193576 -1.9616517 -7.738657 8.172237 -9.280282 3.843157 -3.5557272 -7.6227994 
-342.25183 85.061485 51.784298 24.506721 23.25187 20.436615 -20.340405 6.7988977 -18.295837 7.2077866 -14.994576 -7.0660195 -4.1382318 -4.6959343 -8.603533 8.863741 -17.977074 4.4134665 -9.0623865 -2.3565202 
-349.17932 142.30252 39.012177 27.552197 10.130858 4.5639734 -10.557136 4.288664 -29.747519 2.439809 -21.240282 10.204558 4.5140066 -2.6895702 -8.243721 6.206447 -12.378946 -0.8998461 -3.8928201 -1.3753821 
-361.04892 144.73204 38.50653 29.101767 3.6156654 4.9328656 -15.905681 3.6980388 -20.087513 -2.927226 -18.288652 1.9077227 0.82517815 -2.3731365 -7.754183 9.687512 -10.653137 0.7954657 -4.1369987 -4.787424 
-326.49918 71.907684 29.489113 47.057083 13.378196 20.395683 -28.800625 14.762078 -24.696342 8.301824 -19.136131 -3.022418 -4.2806306 -0.505229 -10.260147 9.1488905 -18.463858 1.2598859 -2.1577635 -7.9046307 
-328.0249 105.48663 21.15281 51.19067 18.700073 1.0802375 -24.515528 12.401257 -22.054773 5.9807034 -22.37393 -8.367586 -4.0004215 -3.3239043 -16.367607 4.398775 -13.245985 5.0566907 -2.071164 -8.886668 
-325.60663 140.09512 -12.408588 58.917297 35.18812 -13.805379 -25.403524 1.792213 -28.06861 5.8872437 -15.96952 -9.87725 9.671764 2.1067994 -11.407687 13.232439 -13.952212 5.136342 -0.22696167 -18.95079 
-375.60596 116.65759 31.175987 39.332985 20.070244 13.262562 -8.512426 8.452285 -13.301753 3.1231918 -11.766847 1.164512 -3.4008875 -6.494038 -8.705774 4.8140836 -10.631581 -1.1897969 -5.7247205 -3.730718 
-313.12106 95.05545 32.203472 28.011032 34.578186 25.02929 -16.923964 -0.1266844 -25.42082 6.1425443 -25.879967 -6.277722 -1.4621027 -2.683102 -11.525021 11.253563 -15.383016 4.4938374 -5.4380884 -4.5396338 
-331.33432 112.07496 26.438961 37.870808 4.9000793 27.776426 -14.29179 0.53189266 -33.24159 0.16894786 -14.630046 6.136574 -0.49691188 -8.742162 -10.1168165 11.059925 -13.502718 5.872704 -7.0240974 -6.5127897 
-344.4887 72.15526 41.740154 62.613308 -4.3811545 16.751244 -8.382241 10.704356 -16.801245 12.8333025 -21.326439 -2.1299932 -1.9413378 -1.4953347 -15.146502 0.38099143 -12.394186 -0.072852604 -12.713865 -4.178931 
-320.5063 81.32675 36.51762 49.152733 1.5855969 27.540474 -22.390951 1.0746897 -24.96773 4.6939063 -17.09294 -2.3964236 -5.824935 -2.606102 -4.1144767 14.522178 -19.456638 4.8985114 -2.0737722 -6.0384502 
-378.8141 117.837036 22.241295 52.41121 10.958301 18.613232 -20.53986 -0.9254358 -14.36225 3.2542264 -18.920797 -6.5469275 -6.472085 -3.1616094 -6.924176 5.4927588 -13.055965 8.688915 -5.985272 -8.915027 
-418.18805 131.18431 7.973319 40.75 10.352202 14.470042 -14.247358 12.174984 -11.487493 9.062193 -17.605341 -1.9154273 -1.3591565 -0.639525 -10.45232 6.371185 -12.1891775 4.716904 -6.6000614 -9.45837 
-418.05637 131.19061 16.545073 34.890434 9.979874 13.544205 -9.6570835 9.546085 -10.969013 6.6947985 -15.701457 4.553318 -4.4732113 -1.207956 -4.4479413 5.4202366 -10.763474 3.269059 -9.801254 -2.4542797 
-321.35535 147.16873 7.136017 44.86345 17.773 10.275427 -25.9768 -14.800195 -33.05418 -2.0610209 -23.422485 -5.3558903 1.3080041 -10.029077 -3.7996418 15.706722 -16.669518 1.828019 -1.6513791 -11.62124 
-271.8732 163.08264 -20.937695 25.654663 12.138323 7.775944 -19.946486 -14.012826 -35.0719 -2.1972866 1.6346152 -1.8384844 8.945132 -15.054516 -18.365309 25.203548 -34.19912 -4.979698 0.46814892 -10.382689 
-281.25302 113.86161 24.370146 15.690937 19.0202 12.502119 -20.725895 -3.484128 -30.448154 0.65763897 -22.225563 -5.8345737 7.929205 -8.64759 -16.766973 10.952661 -21.272205 -5.4083138 0.09467403 -0.90763104 
-301.74954 184.06636 7.5183697 10.856536 -10.555985 -14.161948 -15.070147 4.6614447 -18.743525 -10.350109 -14.865672 5.3260217 15.873428 3.0179257 -12.972073 4.1077256 -15.516686 -6.7761617 -1.7721114 -2.1461003 
-275.53793 180.78731 -20.492653 6.176214 9.084597 -10.901982 -9.333219 1.8277373 -29.310848 -10.846075 -15.703088 5.406905 14.990642 -4.310438 -16.834953 5.8546906 -7.9135447 -3.4398928 -2.2645478 -2.6415548 
-270.8471 129.00597 14.973799 12.204919 10.501873 21.077309 -32.173347 -13.674885 -21.024391 6.1244287 -11.255291 3.0498106 1.3398103 -2.7940302 -11.937717 7.050235 -20.252459 -0.84490865 -7.441297 -7.1495004 
-304.21228 120.302895 20.016987 49.452835 23.140144 4.4943185 -17.134987 0.040408984 -27.842472 6.040501 -23.78183 -13.045262 -1.8206681 -3.534718 -11.985371 5.719454 -19.699362 4.1233807 -0.6656828 -12.322912 
-266.5383 160.58229 -29.69532 27.559357 30.767984 0.30311456 -29.975437 -21.678612 -27.323736 6.6831264 -8.288347 -2.502242 13.087751 -11.990602 -8.874572 18.082495 -27.834093 0.702934 -2.8616297 -10.627289 
-276.4361 147.16486 -24.047768 43.43082 26.667578 -9.44077 -28.659119 -14.702676 -30.273586 5.307047 -23.674583 -13.626459 10.971707 -9.995203 -19.044926 11.26117 -19.485468 -1.9235796 -1.5436815 -14.202471 
-287.19553 89.38616 40.29702 28.12339 -3.154971 22.885435 -32.094223 0.8379364 -25.89209 1.975972 -13.296176 7.953854 -2.1547441 -4.4059057 -12.60911 6.5372653 -15.666327 2.428095 -6.7961674 -7.4425683 
-299.27692 154.99867 16.902193 16.906012 2.6610897 -6.6443996 -24.788662 8.222042 -20.057346 -3.879656 -17.364597 14.744846 5.531029 -10.069851 -16.016253 10.785784 -9.392898 -3.7814875 -1.2199012 -3.3670475 
-309.70013 156.69171 10.862436 19.807728 18.59593 5.182988 -18.915443 -9.982429 -21.261143 0.9041406 -2.1423745 6.451502 -0.95087963 -4.4928446 -4.8987722 8.12328 -16.479536 -8.005661 -10.600292 -6.1561093 
-349.6509 161.90413 29.835144 33.469246 1.3615962 -5.86066 -16.847433 0.098283395 -14.714891 -2.1958787 -6.410806 5.9590282 2.473119 -1.5297365 -6.54738 4.8272285 -13.996122 -2.1705306 -8.830155 -9.408602 
-336.29318 172.78087 16.06443 20.8825 -17.73608 -11.4666395 -8.764341 9.097025 -15.344718 5.0974283 -3.305711 3.2230852 12.267201 -2.6912196 -15.24229 2.731216 -21.018894 0.99679786 -8.7780485 0.5787223 
-359.82764 167.79387 7.482383 26.029276 3.4712937 9.511066 -8.492255 9.665836 -20.778662 -5.6891303 -6.1898694 11.640069 3.7307794 -12.122279 -16.382238 2.376131 -15.092175 5.091143 -9.677692 -4.6848383 
-344.59723 170.67854 26.870522 26.61952 -10.630987 -17.678667 -17.716408 6.796324 -17.902136 0.5114661 -2.9781828 3.2777476 8.181836 2.7466345 -9.720101 2.8679674 -20.655678 -1.5609199 -9.372796 -6.09202 
-413.19284 149.00455 23.362162 35.178608 8.329882 5.9252872 -11.273739 11.127991 -12.834278 5.1779456 -11.93626 3.1358306 -7.879401 -2.0266407 -9.165436 7.6594696 -14.468128 5.790646 -9.159353 -4.132487 
-364.59668 160.68718 10.201517 30.68161 22.805944 5.227966 -13.600818 -0.4485463 -24.45009 -8.686013 -17.718649 -0.6257748 3.2250283 -4.464841 -16.325645 10.429559 -6.248341 -4.130312 -7.811834 -5.2273054 
-303.14557 148.1507 -8.065579 31.330496 15.506834 5.797166 -15.162933 -7.628637 -34.04606 -2.1946259 -15.231571 1.3337467 10.589089 -6.6954126 -16.90887 8.335384 -11.399514 0.4244746 -8.36584 -9.5382805 
-321.29016 155.08026 6.209198 34.97656 12.867002 -2.9953663 -12.27457 -8.950615 -23.439268 0.52603436 -20.612501 3.6167057 14.38174 -4.4753556 -18.013083 13.214416 -9.200462 -2.632748 -6.4551 -9.86692 
-330.3813 99.05302 35.99511 54.89708 11.319636 12.892323 -7.858817 4.254688 -16.981794 8.503313 -26.7156 -9.569384 5.9794474 -5.618889 -22.148642 7.3050113 -11.016027 -1.5077518 -11.215717 -7.852251 
-322.4254 146.35114 21.5188 42.90113 22.643301 -3.4268775 -11.410934 -2.3546515 -18.434107 -4.711912 -19.784792 -6.5939856 2.1270914 -8.626434 -16.980654 8.202102 -2.260596 -5.0503764 -1.9512346 -2.959161 
-295.036 86.3216 41.184586 26.932468 0.5646591 21.993237 -12.430797 -9.596181 -15.214713 2.3145933 -19.915094 7.0782185 -2.0227535 -7.4877667 -16.33362 6.828239 -15.752806 5.3075366 -7.33083 -0.16033915 
-282.56348 133.39076 28.69734 11.942773 -11.113796 16.046045 -25.102312 -4.2345223 -15.617211 -2.031663 -10.665754 13.708713 5.034153 -8.847471 -21.704865 6.212959 -14.7014265 1.0285478 -10.413615 -6.1068497 
-332.7323 127.3847 42.147068 37.677734 2.6080327 14.582035 -18.769361 -3.6622438 -23.990818 -1.8758174 -19.63471 -1.3333517 -6.5686855 -4.78014 -1.6297044 12.487072 -12.127764 6.892846 -9.4594965 -8.587248 
-346.77087 125.94141 14.583696 59.143703 16.912346 13.325738 -18.791187 -2.0732121 -20.803545 3.7433794 -27.219572 -8.780148 -2.5647612 -0.3125168 -8.604358 7.83348 -12.02259 10.224175 -9.655102 -9.419396 
-403.67502 135.98375 20.16999 28.66221 19.71929 11.881053 -12.760269 4.0906124 -19.07978 6.688128 -19.301609 0.7849972 -7.2377567 -1.4640958 -10.155977 10.752096 -6.3649383 0.917106 -5.613299 1.1539383 
-287.29797 135.28107 25.770731 16.675808 1.9706483 0.74731255 -10.585948 -4.3313203 -39.8564 -14.508984 -14.593826 -5.790003 4.196477 -6.980468 -14.686759 12.325413 -15.220815 1.8101243 -5.157213 -8.524312 
-240.60683 146.68147 -12.862178 35.92964 27.764732 -3.3184063 -22.182144 -13.017353 -34.33574 3.6385345 -17.021181 -11.857499 10.427048 -3.4838226 -15.6563635 18.766981 -17.024675 -5.2270536 -2.451377 -15.159675 
-326.01013 136.93674 10.312921 53.5877 22.888767 -5.064668 -11.68858 -8.846873 -28.569872 8.312971 -22.123543 -13.123913 5.355134 -5.775793 -13.752909 4.833082 -15.789656 3.1786847 2.472691 -17.282883 
-304.49002 147.87694 6.651275 34.863934 20.821646 -4.260183 -9.168201 0.0008201599 -30.775322 0.45423624 -17.270042 -6.479295 11.895073 -8.546595 -25.895872 15.480528 -11.929175 -6.107931 -5.0529695 -6.7175503 
-242.27892 115.38864 -2.8880239 48.320324 29.75512 4.425062 -27.46717 -4.3516517 -31.32308 1.3145841 -28.109905 -11.249408 6.2372327 -8.195533 -16.295212 14.228614 -13.750294 2.6023316 1.9665244 -2.7475076 
-318.2909 165.71506 17.992504 29.96384 0.07543797 1.105074 -20.582731 2.806831 -25.610834 -10.264614 -6.0884356 7.9998617 13.962029 -8.670413 -9.302845 12.115084 -22.270836 -3.2774549 -4.74355 -6.687508 
-359.7186 130.60754 35.619675 47.915684 20.643967 11.158036 -19.943312 9.02261 -20.332253 1.6059004 -18.309486 -5.893154 2.8492022 0.8397098 -11.806859 2.0608385 -10.890912 3.8381457 -7.766277 -4.856985 
-271.06653 108.839935 7.9018106 48.4361 32.178127 14.640331 -31.550499 0.7237301 -27.83606 4.0638604 -31.289494 -15.984924 0.30543253 -5.639817 -15.91214 3.9020734 -10.998481 1.7945096 -4.0047283 -3.4437208 
-330.1665 131.96751 23.353432 49.276657 11.043477 -0.52297175 -7.2118015 -1.9952834 -22.439161 8.439024 -19.640358 -14.814711 3.2006083 -7.0772376 -13.179559 5.8702474 -13.726942 0.62043583 1.7559979 -13.020157 
-279.4815 122.914215 1.8167038 44.325565 2.8434937 13.651552 -20.770626 -7.277044 -22.070839 6.7796164 -16.52369 5.516259 4.2335577 -6.2250013 -16.005985 7.551941 -16.620476 0.24986362 -5.5098004 -4.802224 
-288.33923 125.149414 2.3352916 49.755405 18.39138 -5.5647497 -19.350864 -1.8854959 -27.66803 4.0491486 -26.462824 -7.8953347 11.604902 -14.686796 -22.459873 12.22569 -9.67639 -5.296685 0.45273983 -7.032254 
-236.3842 104.87931 5.800141 28.231512 -7.1587253 24.72293 -30.193153 -10.794423 -18.322542 3.586831 -21.420189 10.664693 7.2245083 -8.1366005 -16.595688 2.71637 -16.251442 6.0615606 -4.664908 -5.8680673 
-285.03754 115.006874 15.196871 39.206245 0.16888724 20.497993 -20.598402 -3.979806 -14.452255 2.3380747 -27.38287 6.9980316 5.855753 -5.836451 -12.570455 5.288422 -15.112658 3.8602054 -6.127943 -6.743881 
-340.05463 94.244194 44.451065 35.791687 12.518442 31.456596 -23.524012 3.531741 -18.391277 5.446574 -19.185898 1.6750379 -9.383147 2.028478 -8.4946165 9.928113 -17.487894 3.4583235 -5.842574 -5.2567167 
-319.69458 148.00769 -12.876286 44.41005 39.389088 -0.06658416 -18.323553 -2.540074 -35.368206 -4.445338 -9.332328 -7.4096045 -13.149864 0.46999767 -1.6805995 8.795803 -8.10716 -0.81937 -3.7577298 -0.7209971 
-341.42166 146.7181 11.347931 35.089195 25.688334 9.914734 -22.568123 -6.8318787 -21.029898 4.813283 -10.207472 -0.06578933 -4.2273426 0.783146 -6.393922 4.7190824 -20.157299 1.8444269 -3.6790156 -6.9938245 
-360.08664 155.91002 5.3088703 42.99401 27.60831 3.3045242 -20.59503 3.0163925 -17.70405 -4.3057046 -20.72674 -5.163889 -3.5026474 -3.0301726 -12.176563 6.2370124 -11.089284 2.0773458 -7.804197 -7.536172 
-371.54233 160.54681 12.285709 22.56171 5.5327706 5.514332 -10.638857 9.520876 -17.146502 7.1758423 -9.322449 10.572342 -0.2856944 -5.145594 -19.078423 -0.09233473 -16.963919 -1.5982151 -6.786577 -2.6522067 
-344.9046 138.70543 7.628847 28.565176 21.4017 7.126481 -16.227911 -0.66441643 -22.53578 -1.6852676 -21.141058 5.3285613 6.7336783 -6.676094 -15.811237 10.049002 -5.876438 -4.050878 -9.803135 -8.576089 
-309.2221 123.30842 9.565426 51.293587 27.506233 3.8621423 -27.699682 -4.4001117 -25.020966 6.6724467 -25.778984 -11.30126 0.0795074 -3.0146403 -12.710252 9.279538 -10.068088 0.35672536 0.6857225 -9.709054 
-387.8664 140.4433 5.225492 42.226276 18.915623 7.053696 -16.955452 1.4806542 -14.743778 8.655125 -15.843055 -1.2181461 1.0845777 0.75081134 -5.098096 6.7639966 -14.206738 1.9804955 -6.6203766 -8.486884 
-321.7779 110.61563 8.660053 42.859055 5.9892464 12.578677 -16.528873 -3.002306 -16.884396 7.7408085 -14.133674 6.016595 2.2795637 -4.6552334 -10.545092 2.7473872 -16.397942 -1.4123693 -5.8368664 -7.018792 
-280.54596 173.66364 -0.08897442 17.98838 -3.5271678 -10.505571 -13.42586 0.43161094 -23.062422 -6.538782 -12.003293 14.799783 6.291703 -14.015842 -15.30125 11.741921 -14.7757435 -3.0514073 -3.6622005 -6.7265644 
-286.24002 138.38055 -16.50618 39.162888 48.01219 3.0536625 -24.126127 -3.9588983 -18.875511 6.0607014 -26.024874 -18.67294 2.131196 -3.8856196 -17.670927 0.22495222 -7.8370514 -1.8411982 -2.0951562 -9.080286 
-307.2264 120.98954 44.758587 30.621725 11.772971 10.983917 -20.654852 0.8434628 -27.519262 -6.618127 -18.602198 -1.240257 -8.151536 -0.9724227 -7.360927 8.035205 -12.842637 0.7212148 -4.1987624 -6.64533 
-351.01166 165.21669 14.972573 28.624895 -3.6264772 -5.160601 -6.42728 3.650705 -24.693748 -3.6197803 -14.716152 4.3882575 3.8259854 -5.0765004 -11.034766 6.076949 -12.0191765 -2.137889 -12.643078 -10.418898 
-300.16028 83.3931 32.59934 36.442337 3.6817806 24.717386 -24.175528 1.2874541 -23.89898 7.8178754 -16.75882 4.8358936 -3.3935416 -0.12857777 -9.091077 9.71571 -16.56518 1.7390292 -10.347166 -3.0216825 
-292.0101 91.082954 40.08587 39.811405 0.06972191 35.488785 -25.935154 1.8306575 -28.847307 -0.7143899 -14.406102 -8.98878 -14.216454 -5.944612 -7.2094593 5.274488 -16.727318 3.4600801 -3.3177736 -6.00603 
-348.04086 117.80678 22.105652 27.558266 15.100142 20.968216 -15.561131 0.638939 -20.152626 9.694758 -14.595036 2.628175 0.0032043457 1.906283 -8.013241 4.542402 -12.258083 7.4041653 -4.2189975 -3.2690027 
-301.1102 139.00084 13.967888 41.14007 12.352421 10.591466 -21.278088 -7.653021 -32.2659 -1.9081254 -13.438649 -2.1342714 -0.039127722 -9.281816 -2.6353793 19.243492 -15.442851 0.040524058 -3.3917434 -8.063413 
-301.45233 164.46344 -16.225739 22.217855 17.080875 10.287698 -15.922658 -12.3631 -29.372646 -10.122608 -10.751012 9.806286 5.9750757 -15.30952 -11.701074 16.082108 -11.864143 -8.170387 -1.1437147 -2.3660421 
-365.8053 165.2207 11.353843 33.301357 21.688856 6.8316355 -11.689344 -2.7617133 -21.174538 -9.587333 -15.087134 1.0144244 4.575518 -3.6211476 -6.483149 9.637217 -9.407178 -5.3665943 -7.9717007 -4.4209757 
-383.1466 140.37209 31.457157 37.288616 12.581844 12.550002 -9.512645 7.7339935 -12.705804 -2.3501925 -19.130928 -6.986313 -4.228133 -0.6044854 -8.474125 6.7954597 -9.642079 3.4268975 -4.091863 -3.2307625 
-407.52698 140.50647 30.267937 37.48715 9.090351 8.446237 -13.195077 8.950862 -18.152122 1.5018146 -16.057486 -1.7488344 -10.095667 -2.8711143 -9.73612 7.1818256 -7.8940496 5.758623 -8.518618 -1.2368163 
-412.91354 134.85835 11.384746 29.844347 7.9835 13.765717 -11.414398 7.87963 -13.669182 8.115332 -12.084299 0.02785047 -4.668528 -0.7752464 -12.087793 2.1166558 -11.313658 2.6839604 -9.7696085 -3.620141 
-423.457 134.3326 19.277594 36.902096 12.962357 10.069439 -5.4659767 13.442684 -11.235004 5.4930763 -10.443473 4.4909735 -3.0744352 3.0884123 -8.19271 3.054186 -8.209526 1.9596359 -9.031786 0.35673812 
-391.51184 146.89426 10.244097 40.15654 18.03136 15.636376 -21.242685 -2.8042119 -21.203197 4.6456256 -18.01881 -6.3242693 -7.624479 -1.8714142 -6.3144674 9.474005 -11.343922 3.2492642 -5.3452625 -6.4454465 
