-396.69156 149.7378 16.303246 1.1106229 -1.8856621 -4.3485746 -19.63302 -4.2901263 -10.376272 -4.3928404 -6.689664 0.09300947 -9.81456 0.9061955 -12.469811 -3.9163013 -11.020997 -0.7432712 -13.536401 -10.638695 
-381.06393 145.36363 19.050259 1.13904 -14.49155 3.6651852 -10.332797 5.9514904 -3.6699917 3.352164 -9.949886 -1.7433044 -12.674716 2.526534 -12.289782 -1.0637453 -8.289063 1.1977706 -8.679693 -7.408033 
-402.00183 113.6184 36.37172 31.528452 11.066148 13.494755 -12.367914 5.9912586 -3.8137038 0.99448025 -12.134328 -2.2726555 -12.766158 -3.1239815 -14.948539 0.5786972 -2.675176 3.629794 -4.9825387 4.112448 
-450.03772 114.61449 37.131023 36.439182 16.20832 22.05706 -8.064465 1.4601798 -5.878589 0.8608339 -14.403178 -6.900351 -12.449895 -4.418855 -9.613478 -0.10805321 -9.261336 -0.5337802 -7.532521 3.813107 
-450.36057 154.85971 21.348911 22.679533 16.64229 3.2282245 -13.874282 -2.5103025 -6.9252987 2.1754365 -5.8160534 4.0867944 -8.992148 0.58735156 -7.3314342 1.70557 -4.4754543 -0.36768997 -10.768641 -2.7431576 
-423.6208 164.06525 33.951183 4.757475 -14.379676 -0.16314851 -7.921029 3.9655354 -12.025245 6.203642 -7.2594495 6.3661947 -8.080088 -3.6982994 -5.904131 -4.5821414 -1.3850777 1.8266854 -5.7522235 -2.4730844 
-386.1921 144.5302 16.049503 32.10491 26.896782 -18.919815 -16.974455 -6.7623277 -15.33382 -9.000033 -15.849694 14.831617 -13.7526655 1.117146 -8.147023 -6.211719 -3.3981383 -4.8899364 -18.319057 -9.23119 
-382.45468 70.48532 56.17567 33.793705 15.915554 1.5276037 -14.712626 6.432469 -6.644477 -2.7729282 -15.35233 5.8113456 -15.717507 -3.584119 -12.33924 -0.007344961 -10.48606 -1.5053183 -13.421001 3.449079 
-371.2328 152.80585 -8.822781 -4.5889797 22.06045 13.844952 -31.507053 1.2057858 -4.0381875 9.693414 -3.9227116 -16.113945 -17.173595 -0.98972034 -6.9435725 -3.3294942 -4.241243 3.409329 -9.736065 -1.2719445 
-421.10934 149.39085 3.2372234 24.477766 25.10985 7.8255506 -11.714203 4.364102 -5.468146 0.9575702 -17.627342 -8.538479 -6.4980073 -12.4463215 -14.414532 -7.482917 2.6740901 -1.8719373 -0.0004923079 7.0046453 
-491.17578 147.08661 35.09454 34.38748 14.599233 23.227806 -8.156791 6.475507 -2.4001563 -3.0326395 -10.797799 -5.617822 -12.172645 -6.725637 -9.030595 -3.1495824 -4.0729003 -0.28220332 -5.008996 -0.8628385 
-424.48547 129.88582 41.242867 13.105267 -4.7159805 14.373096 -15.394028 -2.702957 -7.250595 0.7125455 2.5101638 0.7296393 -8.940572 -1.7503781 -9.55506 1.0283536 -2.6507945 1.3443813 -4.1925526 0.17318444 
-413.84857 130.3747 30.025831 23.536886 -0.19765367 7.570963 -8.133063 3.4049997 -0.8684614 -0.7078045 -13.49893 1.4577062 -10.927659 -3.3689642 -7.7011666 -0.38687384 -4.8813787 -2.6090775 -7.0588217 -0.3482521 
-400.71317 93.999756 40.689533 59.68628 7.5216317 -3.642861 -6.444651 -3.671851 -19.527243 -4.5985556 -6.084854 -4.44061 -14.9791 1.2449079 -7.2054443 3.253991 0.39142883 4.3757052 -6.224011 1.8967855 
-442.26163 127.14202 32.152073 54.17551 4.999899 6.531809 -6.1741314 -2.519077 -19.006823 -2.6557043 -10.105969 -13.482212 -10.048512 0.044550367 -11.505863 -3.6798773 -3.2165976 1.7119019 -7.461631 3.6667051 
-423.5019 150.37234 11.957679 18.976192 13.210779 9.805492 -24.389519 -16.447058 -9.076825 22.3873 6.214391 4.9902115 -16.103672 -2.5130916 -6.824621 -4.9369717 -0.3986427 -0.53549737 -9.917278 -0.27669117 
-458.49484 160.78937 27.049547 13.67484 -1.0115393 16.608076 -11.479892 0.46188343 -14.287192 13.651487 -1.7478349 3.7088156 -13.093885 -7.240702 -8.738013 1.7222178 -1.1069785 -4.9680142 -10.4583 1.2669892 
-486.89557 152.09668 45.050327 28.338587 2.3332207 9.987223 -20.976788 -3.3771849 -9.1756315 -0.97701466 -5.628099 3.882048 -4.5060935 -2.1676514 -6.659751 1.4470685 -1.8158476 -0.7282182 -5.605299 2.0026767 
-435.57413 155.79433 31.16214 13.784806 -0.315645 2.1072338 -19.138298 1.2353045 -7.9689274 4.63644 -4.7580414 2.8471096 -3.830062 0.8452248 -6.378831 -2.8711865 -4.9372854 1.4196295 -8.707384 2.8339005 
-343.36337 156.83215 -43.96654 -5.448863 17.982807 8.712794 -22.373026 17.610966 -3.7192574 2.177889 -5.231674 -3.7699208 -15.38384 -2.531377 -2.2395842 -5.815541 -4.8682523 6.6542196 -10.086343 -3.311117 
-456.89514 146.81589 13.501799 33.022415 5.5562043 2.8490512 -16.027397 16.727242 -5.910172 1.1329465 -4.862153 -1.3094338 -11.976544 -1.5084296 -7.7912955 -3.431831 -4.9070764 -2.0270402 -3.503122 0.04807125 
-510.32895 138.82475 28.927498 31.334831 9.515957 30.152914 -9.152827 13.551256 -1.5676064 4.4547005 -1.4283948 0.7726269 -2.9737747 -4.818863 -12.173159 1.4223937 -6.8988233 -4.1242056 -8.497715 -1.1525495 
-515.6828 139.3211 28.536228 33.063316 7.98983 24.14482 -7.767579 15.079561 -4.3476763 3.8516765 -6.469222 0.24074878 -4.4707355 -1.607502 -10.233409 0.61414486 -2.9510918 -1.0594535 -9.102781 4.9513817 
-521.7942 152.32008 24.908485 34.031612 14.567036 21.642118 -10.2692175 14.668649 -7.870975 4.0812416 -9.645257 -0.5192101 -6.6035304 0.8787887 -5.272858 3.2141 -3.9272757 -0.2946474 -6.5287185 6.845846 
-480.1271 157.69322 6.7801285 13.904268 20.456017 29.810356 -12.5167885 -0.5929083 -6.924051 6.2832384 -8.035542 -2.4327784 -13.084354 -5.369108 -6.0318394 -3.116111 -8.724377 -1.3067908 -6.508872 1.1170974 
-428.75998 172.14676 14.000271 5.297961 -11.722072 -2.957869 -9.242579 5.28209 -9.524397 2.6129515 -10.389564 -0.4678673 -9.990663 -5.8746123 -6.693044 -4.923414 -0.47855526 1.2558455 -15.639333 -6.97138 
-389.57288 154.84818 5.039164 28.521053 3.9911542 -12.70284 -15.057171 -13.452061 -5.5831985 4.786668 -11.832367 -3.188688 -11.0875435 -7.0550394 -8.109023 -10.723839 -8.427379 -5.7478595 -13.518551 -14.543339 
-349.25766 141.47974 1.4259164 25.698374 8.64196 -14.103544 -19.476774 -15.938351 -8.407842 11.068535 -12.542099 6.7703557 -13.588409 6.6682005 -7.069588 -2.5815065 -4.115633 2.165144 -17.591276 -2.573783 
-421.24576 146.76605 23.258026 21.152647 -1.558051 -5.0356684 -15.779449 -1.4669669 -16.28675 9.013572 -10.859444 6.277937 -9.720875 -1.8806491 -9.39949 -3.2615972 -3.108028 2.013097 -15.722005 -2.7701154 
-469.5989 155.38042 40.50441 22.8344 3.8266077 11.262272 -20.66584 -6.092472 -13.74015 -0.31790468 -8.674306 -0.9188013 -5.8124003 4.8365154 -7.214218 4.492344 -2.3761928 -1.0749936 -9.053998 0.45422882 
-414.6118 77.26956 65.79257 23.811005 10.371431 21.520733 -21.180796 -0.28626335 -7.5595636 -0.6232926 -12.056539 -3.7987142 -8.497427 6.1535225 -12.541248 6.238798 -5.1850214 1.3886603 -14.414015 2.3297 
-443.3928 144.80788 25.654629 50.247845 11.90939 8.052616 -20.10472 -9.942751 -8.924574 -0.23647785 -21.679718 -0.9116482 -4.352998 3.3413937 -13.827065 1.2062505 5.286257 -3.143029 -7.0205564 1.3869526 
-452.93915 151.68886 23.59334 48.551357 15.74569 -7.91312 -16.093178 3.480851 -15.235291 -9.852184 -11.2262535 9.132116 -15.988427 -4.6693077 -0.4200229 -6.5780816 -5.2578545 2.0954268 -4.2712636 -2.9645042 
-402.79398 83.33155 55.70692 19.042513 13.294834 10.414511 -13.382095 1.0802675 -3.2177134 1.3468516 -7.7890263 -0.8452177 -10.647551 -1.3403898 -8.654615 2.1902952 -5.588686 1.1414502 -9.998135 1.8286868 
-421.5758 145.29544 -3.454236 5.319417 23.56818 13.977878 -18.686518 13.37065 3.1187944 0.15857236 -13.441267 -5.355791 -12.1857395 -4.9058747 -10.380054 -5.995657 -8.145918 -0.10421329 -7.9991617 -0.3155604 
-486.09778 130.38078 24.42032 35.64264 12.596151 15.253413 -6.2520304 13.749047 -6.51528 -1.9721396 -6.6322937 -1.31385 -14.448737 3.3994188 -9.568423 -0.9966688 -11.46567 -0.59036314 -7.1203666 -0.19398741 
-461.62668 131.84586 17.795876 34.734585 7.6661386 20.4815 -3.9757855 13.971583 -5.141193 8.351826 -7.027285 -7.9956417 -8.633492 0.7129504 -5.525261 -1.9522803 -7.265591 -0.744772 -6.838965 2.1189516 
-416.62122 119.21605 26.754053 13.359822 -1.1819937 17.67041 2.0234892 7.560563 -15.342243 2.4397185 0.8598824 4.1241827 -12.811675 -7.328042 -11.590514 6.4324613 -3.781558 0.51674694 -13.794206 -1.809519 
-387.52365 74.39504 42.588387 37.731594 1.2647017 7.223516 -4.3394165 -7.6494927 -11.698918 -2.5008714 -19.317724 2.8379436 -11.38425 7.3193793 -1.7135817 0.19734886 -1.2989191 1.7042018 -10.229481 3.9414215 
-419.9386 132.80212 27.50719 37.623966 11.958881 6.397816 -15.711766 -7.4016056 -11.428127 0.62873065 -21.21627 -0.4258269 -3.9316084 0.0457076 -10.898643 6.964273 6.850919 -1.7914118 -2.353489 2.840989 
-504.16226 137.20988 25.499233 35.09408 14.869322 21.719679 -10.835243 4.295373 -1.4547035 4.8179145 -12.649342 -3.3520734 -5.824012 -1.8474592 -10.624088 -0.56545705 -2.5042562 0.9085896 -7.486896 0.09441704 
-515.4377 146.74506 20.341452 30.66265 10.084539 24.963943 -12.673331 6.0540576 -2.3958197 4.178895 -6.8876247 -5.0566306 -6.458411 -3.1682856 -8.166112 -0.39195067 -6.8086367 -2.1242747 -9.938663 -2.1940553 
-427.8125 56.614742 49.178207 28.2905 2.368722 17.592766 -4.6763744 11.067282 -1.5045915 4.7445693 -7.7538204 -1.3101466 -9.711203 4.0972977 -11.333345 6.051317 -2.5314813 0.3619388 -8.247951 -2.1099238 
-401.37146 54.755013 79.48559 22.561102 7.6380386 27.782959 -21.138355 -0.6996498 -1.572309 -6.269411 -16.317513 -3.3564074 -9.016943 0.9899541 -12.837744 9.392224 0.39152923 -2.2377503 -9.911425 -1.0748801 
-410.05963 104.8135 31.862864 43.62056 9.713679 10.289865 -9.369156 -7.5424366 -11.648692 2.6447973 -21.046494 1.6680952 -8.706522 1.3638287 -10.807809 6.8131413 -0.74705195 -5.421125 -7.2155514 1.0581629 
-335.58185 137.82706 17.64653 22.687918 -22.09494 -17.119469 -20.972837 -7.896525 -27.725533 7.8512454 -12.085081 3.2428453 -2.5333836 -4.797503 -6.103736 0.31319973 -6.0767717 0.29274538 -13.174245 -9.761243 
-340.00162 99.12118 41.252155 15.11496 -6.0072465 -1.1136317 -22.867222 -11.392033 -20.824837 20.039875 -17.79146 7.1539383 -7.7976065 3.014192 2.8936362 0.55404925 -6.9408197 1.6366776 -8.753184 -8.919939 
-366.20273 117.86975 23.327879 29.188192 -1.7106509 2.9917104 -20.682646 -14.109805 -6.510959 10.156092 -10.125874 -2.937398 -3.8421526 10.564546 -7.031431 -8.313174 -0.07615641 -3.3665543 -11.6506405 -4.9376287 
-425.7964 142.01729 45.94635 15.091254 -20.265686 16.095133 -9.9744 -2.8566806 -0.5668522 0.52540183 -2.701089 4.117492 -12.421706 -1.6367517 -13.613499 -2.7494724 -1.9340183 -5.3491592 -6.2758274 0.1595944 
-400.63226 175.6995 -9.97363 -6.240785 2.3088143 7.6307964 -11.921038 8.86101 -4.044077 0.9097785 -4.448857 -5.4806027 -11.199538 -8.331194 0.39739668 -2.465109 -5.5997396 1.4262017 -8.3773155 -3.1537127 
-438.28128 148.75197 19.713055 21.50722 14.203411 13.345802 -16.999556 -2.5633614 -1.2062151 -0.26410422 -11.175424 -6.9519863 -5.4411707 0.7319052 -8.882653 -4.344832 -6.220514 0.74382806 -6.6911535 3.8542607 
-448.2398 139.96855 35.78766 29.85414 7.9249706 13.703815 -11.848638 -21.37191 -7.3277 11.965061 -7.0726876 2.1786733 -3.2760978 2.3229163 1.8711038 0.3887771 -7.4072094 -1.2174966 -9.865787 -1.1444092 
-449.13254 121.19782 43.699963 35.244556 13.366709 8.915931 -21.250908 2.9735496 -4.8281403 3.0153096 -10.572693 3.2702265 -8.443772 -0.10868123 -9.279832 4.682168 -4.380644 0.8684491 -9.344418 -2.979865 
-454.97177 128.27936 42.801407 41.93578 14.67913 15.535285 -23.218983 -0.18018723 -10.205837 -6.6643806 -23.206196 -1.7538373 -7.725251 0.18162863 -17.100868 9.282547 5.1467724 -5.3791647 -5.3835473 5.142076 
-474.6347 147.59259 35.05163 42.57067 11.372228 17.373919 -20.192997 -0.5401499 -10.915333 -0.3392195 -16.465254 -1.9824142 -6.802305 -3.8869047 -10.451843 5.2746673 2.653329 -6.6913486 -3.5673752 2.5703614 
-496.04193 159.2169 38.86752 39.540997 16.976297 18.395243 -19.154102 -0.1704766 -9.177736 0.86623836 -20.75332 -6.3772044 -7.140066 -3.696738 -8.790891 2.0211954 3.0279152 -4.20818 -3.4966938 5.167158 
-510.82666 155.0465 34.68484 33.22725 13.126369 28.06904 -14.70274 7.8837924 -9.781027 0.43820134 -11.015757 -0.075084 -5.0341973 -3.0941591 -8.5273 -0.8771824 -3.2849321 -2.945343 -10.344028 2.281472 
-520.40515 148.466 28.147121 28.310408 10.229303 24.663994 -9.887437 11.132283 -4.617345 0.5698154 -7.0881033 2.053958 -5.211629 0.40869525 -7.146347 3.8976254 -4.087309 -1.0847317 -9.566945 0.111389056 
-519.0175 141.35735 29.532375 33.684307 11.250089 25.410986 -8.1655035 10.059526 -1.7586992 4.0191984 -6.339805 -2.7608244 -7.4920816 -3.950108 -8.732563 -0.7195475 -3.379388 2.2153802 -10.303328 0.41243756 
-512.64325 140.56194 25.836153 26.653162 10.352888 23.610538 -6.5883904 9.989606 0.788944 7.2379894 -4.0368166 -0.5922128 -8.418504 -3.770554 -8.387162 -1.9980485 -9.714774 -0.6785418 -9.159406 -1.1546004 
-438.2454 141.82208 18.024218 34.938374 2.7290254 1.6987106 -13.22215 6.003199 2.7151892 -1.230599 -0.8071608 5.5721173 -12.642437 -2.7627094 -11.825544 -2.8136182 -4.2016373 0.16374609 -5.0934696 1.5400683 
-370.2967 143.40576 1.4472917 11.326965 -9.3589325 -2.4610898 -5.1004434 -9.643226 -0.1345359 14.552663 1.113032 1.9894327 -15.66444 -11.407619 -10.681053 4.090523 -3.2072802 -4.1781335 -5.3369627 -3.1981242 
-316.14755 53.105034 74.005165 -0.22860125 0.33927515 15.026669 -20.075562 2.1433673 -13.625291 0.6429141 -8.055891 -2.184577 -6.9784846 -5.655159 -9.810436 4.8155394 -9.274979 -7.356053 -12.315493 1.1194189 
-385.67584 76.86966 61.232773 46.98202 6.765058 -1.4444784 -3.334983 -5.702449 -18.248434 4.6610007 -17.98069 7.8415165 -11.714701 0.49521366 -10.456455 -4.0438156 -5.649879 1.9383297 -15.6916485 1.9057571 
-354.72748 135.2007 16.67764 30.875309 6.731249 -6.4346714 -30.759773 -20.038057 -13.154983 18.975214 -13.923155 0.39811647 -6.7682443 12.261758 -12.090234 -8.882972 1.8886013 -3.323082 -13.178923 -9.820479 
-421.7325 166.11566 31.352043 15.779406 -18.30284 9.6115675 -11.577887 -5.9998164 -8.979802 2.6455164 -3.2904587 3.4130259 -4.227712 -1.9580288 -10.859809 -1.0465066 -1.3275827 -2.8232336 -5.514147 -4.222039 
-355.86267 181.60364 -11.700855 -7.48052 6.973862 -0.6942836 -16.348734 3.2054996 -5.607181 19.920616 -7.0621004 -0.9145936 -18.199863 -1.5688342 -6.0622787 -9.604078 3.456548 2.1860323 -11.019575 0.5868165 
-446.5002 161.0876 27.986895 15.767039 10.240461 9.1678295 -18.559216 -11.107212 -16.906794 19.977459 0.751393 3.3539543 -6.63255 2.1649244 -8.632581 -0.5906051 -4.433621 -2.1282837 -8.216046 1.8491257 
-458.72156 132.2372 45.649265 31.4022 6.649016 20.56505 -12.273408 -7.2656302 -5.5811 11.746548 -16.07712 4.344507 -8.70865 -2.287696 -3.552102 -0.81566995 -2.0354006 2.2184052 -7.680155 -0.58809716 
-406.52692 111.849075 32.836044 41.57045 18.320871 -3.1445723 -18.449106 -0.09229522 -12.400223 1.1862053 -10.58984 5.683287 -10.362482 -6.930635 -2.308652 -4.6725006 1.9044995 -6.003401 -4.881298 0.6026977 
-414.7354 96.5357 58.701653 24.220297 20.169823 18.89363 -19.968388 0.5584781 -11.489744 -0.082576066 -16.781992 -3.9143932 -0.86113316 -0.4662679 -10.877836 4.6751895 1.7760053 2.409078 -10.095959 6.56633 
-422.08325 118.57943 37.055214 44.606 9.624684 15.048035 -19.017784 -4.03675 -4.6356883 -4.8852754 -19.441092 -2.2806263 -10.684804 -2.079036 -17.629475 4.1132298 2.2470312 -7.1887302 -0.22686805 5.7006154 
-502.55078 138.39696 28.442112 36.917465 6.49943 25.43327 -16.613825 4.3446603 -3.520669 0.13276434 -8.369463 4.451302 -5.5745544 4.377424 -10.638931 5.5927005 -4.0679607 -1.8873785 -7.7456074 -1.717856 
-509.3897 134.19135 35.03939 31.74864 6.190449 32.716156 -11.967578 11.052858 0.45871198 0.4446093 -7.1345716 0.70063794 -9.415067 2.9612937 -9.384567 6.857302 -6.643841 2.5638113 -5.934932 1.2869341 
-454.64954 147.83426 22.2726 37.260933 13.96527 -0.16130999 -15.23577 0.15713613 -3.0156446 1.099702 -10.62223 2.2434833 -9.494166 -3.759365 -5.044075 2.8964922 -3.3956678 -1.654928 -6.506312 -2.4610596 
-423.37418 158.42212 9.080109 37.003254 20.983622 -3.0335848 -6.751524 5.799317 -6.385061 2.0116055 -9.352848 -9.209736 -15.438217 -7.218867 -4.6657977 -9.04117 -4.3705173 -0.20424064 -5.709725 -0.01340633 
-402.25705 126.917694 39.53145 36.832886 6.947275 6.219557 -11.699474 -9.386671 -13.115777 -3.1926014 -19.124771 -0.4848335 -6.2892237 -6.789542 -7.146261 -0.02908177 -8.139545 2.43264 -1.4141605 -1.0247064 
-436.9933 154.74565 55.14534 23.298655 -10.582378 -2.625394 -21.657446 -4.6987457 -4.2560163 4.319036 -10.03711 2.6627781 -7.3948355 -6.0399137 -7.06282 -1.0635476 -0.85898584 4.6246924 -3.9995248 -1.5184833 
-499.1107 154.93289 26.150055 29.982883 3.3596573 15.776866 -10.764186 9.142157 -5.2714167 3.6001205 -5.362891 0.31153288 -3.8777869 -3.2191641 -9.139498 -1.0177513 -4.0678616 1.7769755 -9.71688 -1.0512263 
-496.5318 134.96834 34.6183 22.436987 8.679215 25.39894 -5.4325705 10.169288 -1.7236027 2.5423186 -6.422312 -0.16699177 -8.874467 -2.1450438 -9.037284 2.5300248 -5.5174384 1.9403951 -6.613079 1.5070802 
-473.18436 117.16869 34.00611 28.262468 -1.8164839 26.081507 -7.608818 13.946531 -2.1335719 5.3736916 -5.9230847 3.4736447 -1.953352 -2.644574 -3.0113506 0.33194038 -3.7483144 1.2633005 -8.005591 0.8848073 
