-370.09073 116.22928 16.895357 40.885426 22.852167 -0.29129663 -1.0134648 2.333679 -22.208443 12.865375 -12.074578 -8.8993225 -3.5722532 1.1213212 -11.479931 11.296814 -8.904415 1.354864 -6.6733575 -4.677064 
-281.06744 67.1055 26.806501 62.970684 12.272756 4.5292873 -8.503696 7.3544703 -28.880716 13.408242 -22.713833 -7.957868 -2.5568688 4.7970185 -15.2815485 7.1529083 -2.6307132 3.0172608 -8.346646 -0.28297126 
-299.18735 160.9827 -0.6054573 27.555353 7.989619 -1.8511887 9.730736 5.250971 -21.535484 1.8062929 -15.272038 -4.1292357 -0.49337366 1.0890988 -9.180378 7.2274103 -8.6594305 -3.3567638 -11.8186455 -6.2859654 
-273.33652 138.93605 -17.185404 47.350815 20.876198 -3.174381 15.251912 -7.265139 -18.163702 18.657537 -17.753283 -11.283002 0.3196997 -6.9273934 -10.775873 4.1074295 -8.940403 -4.8286853 -17.961159 -6.476174 
-249.4053 136.9195 -22.751883 46.99352 33.344738 -4.878632 -1.4396445 -20.955418 -15.897415 16.289234 -22.311846 -6.87598 -3.028606 0.87002635 -10.2601595 10.928202 -14.617881 -7.600915 -13.3120575 -1.3860645 
-279.13962 109.00971 7.4431925 58.548843 27.638685 -2.435131 5.428217 -8.528042 -30.82152 19.940205 -14.88775 -19.521141 -6.111172 -2.4625037 -12.970744 11.65196 -9.688778 -4.8762045 -4.3294916 1.9169434 
-322.80563 97.91831 18.959896 35.144638 30.134434 4.3008804 -1.8919635 1.0505638 -24.452272 10.267885 -11.159896 -7.654857 -4.413248 0.97471046 -12.19186 11.7421 -3.0723004 -2.7856922 -8.969529 -2.4880462 
-347.80713 176.18866 38.760296 39.584667 0.5999282 -28.33739 -15.978985 7.18943 -18.223778 12.286442 -13.840558 -11.998495 -17.466063 4.2408133 -9.760349 16.09984 2.851823 7.940023 -8.72179 2.1143355 
-375.72073 175.68745 40.42326 41.017 0.610497 -16.466587 -16.54322 0.24108839 -15.712317 10.706683 -9.770509 -7.9498816 -13.288303 2.8421047 -10.439893 9.455774 1.130342 9.941401 -8.774559 1.743787 
-398.06497 144.10316 24.456112 36.730606 9.10305 0.3806907 -5.8327627 13.830069 -16.593483 7.5562396 -7.6169076 0.90006053 -4.8586216 2.968592 -8.379506 6.0562515 -5.6136737 1.4727788 -12.215878 -1.7233355 
-323.0993 142.7233 -8.484768 46.238667 31.672028 -5.347641 -4.722628 -3.812875 -18.418886 6.3362107 -18.105873 -9.614562 3.1105013 -3.1141233 -10.674763 8.189986 -6.6611347 -4.551824 -13.127828 -7.721819 
-277.27374 131.7772 10.54657 41.0601 29.9904 4.281968 -7.8798456 0.4481443 -22.337612 4.6436243 -13.069035 -7.4562497 -4.1908836 -1.6274731 -10.165424 7.9860916 -5.196464 -5.6415687 -11.238872 -9.262941 
-309.09662 147.75569 -10.274307 56.772026 36.76817 -7.2430387 -3.9067547 -12.50543 -27.753693 10.812687 -26.46852 -13.7403145 6.6939692 -4.531032 -19.040483 14.160841 2.88143 -4.9095254 -13.171484 -5.0820518 
-247.47922 137.04294 -28.845207 68.09715 41.480274 -18.7275 -3.6788242 -7.2712927 -18.580126 11.129372 -37.241238 -16.265532 6.5651627 -8.577817 -16.578453 9.152003 -1.4942069 -2.3775368 -9.447076 -9.654736 
-258.24304 139.48138 -0.13347334 43.31358 27.394005 2.722945 -11.272241 -11.364957 -23.560204 8.141669 -16.39521 -12.6329 -9.097371 0.89828205 -8.542334 9.646657 -8.385633 -1.3590413 -5.1318626 -8.137014 
-302.5321 84.72894 33.477573 55.505302 7.353846 20.943184 -20.602308 7.604899 -18.47549 5.803591 -17.511293 -10.318439 -3.3420393 3.9237545 -13.605024 2.1635895 -4.0322347 -3.4268293 -5.4650254 -7.3648367 
-333.56396 125.7648 6.3851113 42.18117 9.797703 18.823612 -16.263144 -5.918077 -19.758522 18.255846 -12.726265 -12.141285 -14.249483 2.348443 -11.419483 15.99035 -6.5019145 -3.1880794 -2.8821821 -5.928728 
-317.29413 151.0191 -4.2494373 36.313286 29.48884 12.172574 -10.558438 -13.846361 -19.437258 20.823364 -17.574665 -15.881507 -8.387411 3.9248555 -8.81339 12.12099 -11.131777 -2.8517342 -10.050889 -4.4357853 
-259.86935 124.78287 -7.257745 49.969994 15.491407 6.607603 -2.9898775 -12.706745 -34.262844 9.52083 -20.946962 -11.414098 -0.061633427 -2.560088 -11.295518 18.499166 -1.7633225 0.08063391 -6.5049124 -6.96972 
-327.97934 85.37564 18.381954 67.77343 1.31636 10.828092 -9.753768 6.8226285 -15.238229 7.7040157 -22.148094 -1.9453896 -5.2648196 -1.6001475 -11.081298 4.80988 -6.8073926 1.3029349 -14.496216 -4.4380975 
-400.1449 128.23975 6.8800263 39.362663 16.011776 13.29521 -7.426552 8.775412 -10.276383 12.531428 -14.825461 -3.0096729 -0.7272553 6.9020796 -4.4116335 7.9378533 -8.785215 1.6039653 -3.3930814 1.2697105 
-371.05945 124.21432 14.676037 43.932175 14.209092 17.079592 -12.350479 -2.7008467 -13.980732 7.2714133 -15.659763 -6.8120565 -4.0778437 0.8168312 -7.036704 4.6236124 -9.443395 -3.2844043 -4.811621 -2.4907866 
-320.85532 163.85709 30.135586 43.62572 4.6075006 -11.6291 5.2441006 3.6060147 -20.176317 0.704498 -26.44539 -14.346932 -3.2303917 -7.2248893 -12.484814 17.092865 -4.118032 5.331608 -3.3688707 -2.5669835 
-261.50763 112.260376 7.9626746 31.968292 14.557733 14.398762 -4.8286266 -7.2122903 -36.120926 2.0046566 -19.987766 -8.750226 0.82310516 3.9188309 -7.1304474 20.806845 -6.865618 -1.1139923 -4.753135 -3.3141444 
-298.70975 146.80214 -1.5401183 41.042355 25.268538 7.0251675 -3.9227176 -13.87347 -32.25149 -0.94520676 -26.914038 -6.0138264 -6.0028887 -13.80874 -13.117078 26.025276 -9.377701 -0.49158728 -3.4043398 -0.65094674 
-273.347 124.999405 -10.939968 52.5314 22.837181 6.6005964 -13.095287 -8.995823 -26.43985 0.4527774 -30.547085 -5.6700635 -1.8544987 -11.004561 -12.0422 23.661263 -3.9457653 -1.568986 -2.1657817 -8.518613 
-230.78754 86.62165 15.585805 36.577538 -18.513023 21.82603 -2.5065243 6.494317 -21.835806 7.675266 -17.02068 -0.8190761 -7.066162 0.70528114 -14.810352 10.4706745 -10.807944 -0.76834244 -10.12373 -5.6360164 
-346.85004 156.58572 4.8341107 47.495102 19.093264 -0.13429601 -2.1728418 5.35269 -15.532176 5.3940225 -19.76871 -4.1790366 -1.8047428 -8.955271 -10.740931 9.119676 -9.086452 -1.4354931 -11.219284 -10.353267 
-372.83337 131.38297 20.102865 36.334263 18.363722 11.9437475 -9.181477 4.7536335 -18.23871 9.627923 -11.276926 -0.44242805 -5.080077 2.33596 -5.3896503 11.014964 -9.993014 0.25802195 -8.822773 -6.6384196 
-282.24274 164.27565 -30.32077 26.296953 -0.09223647 2.7165005 21.291777 -5.654647 -23.976229 19.808739 -11.989278 2.8893023 -0.14141077 -5.3178377 -15.871037 5.9193935 -14.138539 -3.2227278 -15.9920435 -12.6368475 
-328.37155 151.99983 0.71556133 55.518017 13.741474 2.537627 -1.3268157 -9.596649 -32.42633 10.042418 -17.096516 -4.2004175 -3.5035884 -3.050021 -13.558514 16.527197 -0.6709135 1.7896407 -8.718715 -8.048508 
-228.9223 152.38438 -36.237396 46.88543 24.98663 -9.814259 3.4965675 -15.499952 -33.025955 18.153572 -35.836193 -3.902946 3.1789784 -14.245463 -9.76993 18.877085 -13.41701 -4.7050724 -6.210797 -11.948693 
-234.05138 157.2504 -36.510254 37.44066 12.47059 5.171379 -6.5367312 -15.918923 -18.112606 6.470573 -20.943336 -3.556149 4.702929 -6.4914865 -12.867453 17.285538 -11.183977 -2.3480253 -6.396682 -5.327254 
-262.57138 131.9724 14.484846 18.403364 -8.598982 -0.84582126 6.989993 12.884698 -22.2448 2.6623607 -15.099572 3.0185769 1.0482783 -6.0586414 -14.540137 11.16558 -7.8514504 2.179147 -0.8129361 -6.1231933 
-349.96573 135.8064 19.19912 45.94761 14.45588 11.372335 2.918299 1.4590869 -25.885695 6.739233 -15.241704 -1.6090006 -0.5361392 -3.2598467 -13.327274 2.6816604 -4.74309 2.02437 -10.469514 -7.293312 
-224.89648 106.348236 -12.863046 43.606888 -24.49662 6.545687 10.502029 5.847051 -40.161484 7.367618 -24.94339 2.2569609 5.5150986 1.9378446 -7.2061224 9.63879 -8.545219 -1.2117643 -14.629664 -7.047287 
-304.13953 88.80307 27.454067 37.162395 -24.954462 8.002787 7.7549644 12.231254 -31.174282 4.3335743 -23.575905 -2.1136653 -1.2802508 14.424846 -8.639699 7.300318 -4.2325096 0.03930717 -15.820394 -2.235979 
-331.58664 93.040436 21.468779 58.271397 28.329885 -7.1370654 -15.3656025 19.250965 -26.899187 11.136778 -22.066288 -1.6139206 -0.10890433 -1.9138393 -19.666262 6.259658 -4.1345506 -3.627363 -9.770395 -1.9193908 
-336.03424 102.48331 44.56891 35.13988 4.192386 0.9513414 1.9805287 3.8436453 -25.714773 8.993134 -26.12987 -7.884731 -7.514826 0.16389161 -8.830455 11.282797 -5.7186356 2.9271753 -11.1422825 -3.0619168 
-350.42477 108.01338 24.025496 49.251976 4.128668 7.936866 -5.5066204 9.877644 -24.884682 9.256147 -17.008446 -4.364542 -6.1750727 -1.6272264 -15.527904 6.4722533 0.67414796 1.0326575 -8.513723 0.708956 
-310.8873 91.91002 27.645607 49.143967 17.969847 7.3090954 -4.0613613 6.4544206 -26.959322 12.687405 -23.633808 -7.047842 -3.8102145 2.2818933 -14.747129 11.241573 -3.6472702 5.9428353 -7.4624176 -1.7836691 
-359.6966 133.80461 30.987783 49.512745 14.072074 4.560213 -7.2942224 6.4554973 -18.724064 -3.8727498 -17.47386 -2.712597 -3.4499617 -3.6151874 -15.650621 8.433071 -5.5344577 -5.1088157 -11.647749 -4.717777 
-294.96252 138.20364 14.804103 37.11124 -1.5960317 1.9126799 7.7268395 7.9865823 -24.4609 -4.3388233 -28.06449 -5.577997 3.1656637 4.377049 -10.470296 18.03874 -7.453527 -0.6038938 -9.623192 -7.811735 
-345.6008 153.8387 16.567926 42.31833 -0.49916396 -5.5195594 2.2842371 -0.8824925 -31.38842 -5.8731947 -12.410397 -4.466774 -4.532862 1.757113 -5.9364142 11.516169 0.53608793 7.5722036 -5.167731 -8.181294 
-346.2353 156.46062 18.144169 33.145443 10.93769 -3.3525712 -3.2526243 0.43550408 -24.092466 -0.4129715 -24.547895 -8.196816 -4.4756365 -1.1288065 -3.4745665 14.577931 -3.8691597 -2.1791759 -9.527858 -3.8672562 
-296.49185 112.89261 5.160157 26.490232 -4.0273185 10.037052 17.760908 4.473775 -23.326569 13.11307 -9.589138 6.5949802 2.905534 -2.60822 -18.178616 4.4678173 -5.0241437 -1.3127719 -7.98368 -5.882564 
-369.12637 158.2113 38.911278 39.351456 3.4236605 -8.503258 -5.23826 6.7456093 -21.03907 0.6430551 -25.94084 -9.763603 -10.866429 6.341959 -4.0547657 17.277946 -1.7241857 3.0741863 -9.48883 -3.5343535 
-399.16028 130.17224 8.617076 29.266893 9.657989 12.706402 -3.810841 7.746326 -18.429325 12.55194 -9.226849 5.414475 -9.085654 -0.89630634 -12.773235 12.683088 -7.1284924 3.7104464 -11.225056 -3.567633 
-394.03476 150.78633 18.286293 36.43714 4.2746134 2.490262 -7.2897067 9.950433 -16.08928 1.8591425 -16.342089 -1.58423 -0.7869623 7.7444425 -5.819422 6.9069467 -4.7838745 3.6263132 -6.367643 -1.1705029 
-268.44385 176.8702 -8.789455 30.1491 -13.06393 -20.56463 4.9185977 14.947549 -26.045418 -0.50903577 -29.309336 -8.445584 11.049895 5.3285956 -3.3224514 15.518748 -12.618755 -8.175314 -8.53892 -7.3581944 
-307.1548 85.053345 46.631145 31.686728 5.819686 23.261332 -13.262379 5.8622656 -17.342394 7.6371207 -11.913915 -8.107602 -8.085923 -2.5792127 -15.722397 10.986586 -11.0703535 0.6847568 -6.704251 -7.2405047 
-274.8255 127.70877 9.764261 41.1028 19.981428 19.908207 -14.887914 -5.002047 -21.053633 17.868652 -15.611361 -0.518731 -4.006153 -8.513561 1.8143355 22.914215 -16.561455 1.0823231 -7.5081577 -8.413588 
-329.8356 118.76036 23.326904 44.031616 18.58844 23.041893 -14.34473 -2.3939157 -17.553463 19.106228 -16.884996 -5.1439404 -6.9912686 -6.687514 1.1790146 15.739275 -18.18078 4.333517 -3.6861813 -4.070938 
-370.14032 104.62162 -0.21627766 42.20923 11.199092 24.694824 -10.624822 -1.1194121 -12.976719 19.49843 -16.511072 -1.6222159 -0.41021186 -1.5205216 -8.807972 12.614923 -14.573133 5.9015145 -6.972798 -3.8782005 
-318.40045 101.80854 32.57584 35.5405 9.966589 3.5879757 0.35586187 5.260783 -22.50068 6.556673 -25.269861 -2.4014125 2.1169586 -1.2469695 -11.126698 16.680447 -9.834828 0.20418845 0.6675335 -2.1945686 
-231.88037 160.92139 -19.19657 40.21515 -0.8485124 -17.83322 9.454082 -1.8680793 -19.546694 1.14134 -29.65496 -4.0034122 5.542872 -4.6902523 -2.9493818 14.580904 -22.070715 -0.6938557 -5.491861 -11.325761 
-226.99399 147.58391 -29.726824 55.139565 34.64232 -10.104692 3.695941 -12.727079 -19.137854 4.1094575 -28.531254 -1.394265 9.283754 -14.306427 -14.175007 20.088692 -15.879803 -5.3017807 -7.6697865 -11.752636 
-282.88034 150.18333 -13.452525 50.773975 31.17239 -3.0145824 -8.130932 -13.252626 -20.42682 4.9576516 -18.313026 -13.348063 -4.1884713 -3.8689318 -2.5238523 17.47747 -15.634282 -5.3216114 -6.493574 -11.812235 
-253.95354 126.40705 -23.562277 28.955692 0.20015907 11.409478 -7.841639 -4.050043 -16.690033 13.124783 -11.948074 -0.48286015 -2.7294626 -9.478693 -11.920703 18.56774 -16.647316 -1.8262092 -4.435885 -3.7613025 
-319.09738 97.54342 38.248394 53.50663 9.193846 27.689812 -31.233006 7.610828 -15.60355 3.5842412 -17.626167 -8.240545 -6.5943165 4.7546983 -17.532583 11.253697 -15.130057 4.4149413 2.359441 -4.493853 
-355.89334 140.67348 7.177913 44.222458 17.892097 19.557365 -7.8605924 -6.1664333 -15.952094 10.977087 -14.941433 -9.841004 -6.304913 -0.42729685 -5.8536615 16.992994 -19.00105 0.05693669 -1.3357949 -6.9559045 
-323.22607 153.94516 -3.4421415 33.47704 16.709146 10.249874 -2.7187295 -1.9346417 -19.561333 7.641631 -7.9013453 -2.4501102 -6.533996 -13.6882515 -12.015935 21.78046 -11.356015 -6.247168 -7.3245935 -10.063238 
-350.89215 148.40361 16.794563 32.80234 10.215383 7.2617373 -3.436899 6.2209134 -16.13107 3.071721 -12.808464 -8.426108 -5.283516 -0.56162435 -6.9121275 9.318097 -9.759078 -3.494412 -5.285593 -7.404651 
-282.98337 144.69183 -11.307202 38.799995 31.248875 10.570199 -2.2126231 -12.656834 -13.786462 14.720723 -23.523705 0.6219527 -7.850236 -11.56616 -2.1644754 22.109158 -18.144474 -8.3461895 -7.647605 -12.265844 
-246.17372 161.9018 -54.63649 30.29895 11.929348 -3.506567 3.7761793 -8.324067 -12.574878 11.25403 -19.184093 -0.5831333 2.927926 -10.096475 -12.255804 14.668191 -6.4466968 -4.1886168 -6.5410132 -5.459986 
-302.22534 173.47969 -1.2235456 34.22324 15.319936 -7.776118 -0.32582203 0.055944547 -21.4151 0.5169502 -31.845768 -8.260671 1.0362966 -7.420667 -4.5046167 25.282024 -0.85925215 3.0206933 -5.9385767 -6.1012664 
-308.08792 169.98509 -19.036903 46.897053 20.740728 0.49059656 -0.4811005 -6.589271 -26.171318 2.3778853 -29.15917 -4.067454 11.912714 -6.9247074 -5.835219 22.585081 -0.4979913 -3.5140827 -6.5706263 -2.9812002 
-397.4411 131.32587 8.659792 49.619827 14.46836 11.042774 -9.095719 9.221518 -6.7606277 10.456841 -14.824225 0.8113011 -0.7437217 6.777458 -8.00098 8.803147 -6.1835623 0.6350125 -6.3876133 -2.9104724 
-402.75046 126.75016 -0.37141746 45.48133 9.672451 16.575588 -12.923172 6.869426 -7.855674 17.0984 -13.990235 -1.6693832 -0.8128102 8.342759 -8.781939 10.854633 -9.6116295 0.8934625 -3.7359934 -1.5636042 
-303.02975 76.0545 33.95366 53.6386 6.3205643 24.70733 -19.970768 -2.5845137 -12.464079 12.12277 -26.213112 -5.415804 -7.789327 3.394703 -9.811934 8.092525 -12.80476 3.2194686 1.4245379 -2.542746 
-324.4306 140.97316 10.23339 56.199802 24.49106 9.503295 -13.244129 -9.559901 -15.93639 11.46827 -19.064396 -13.443102 -5.163365 0.4995345 -4.8168783 10.421337 -14.946206 2.8278377 6.555647 -6.88559 
-296.95297 58.723335 46.176445 45.74807 -9.340607 21.980904 -7.5694404 2.3628612 -15.064329 6.5847225 -25.728966 -2.2496433 -1.6456097 5.622104 -4.390425 13.14049 -9.366187 -2.8885493 -6.38097 -7.3859076 
-277.68375 175.89233 7.0023303 31.962395 -21.110971 -27.991804 -0.5293564 12.911933 -17.707666 3.0648184 -23.563255 -7.183732 0.21212298 1.6813947 -4.596829 20.276917 -13.350713 -1.0712115 -1.4516907 -9.339056 
-245.07317 99.72409 21.106483 26.220602 -28.914076 3.7228334 -1.9244936 12.352636 -22.562384 6.0959296 -17.834555 -4.912964 -0.93695617 10.557528 -13.975969 9.591821 -9.460154 2.622486 -2.8509092 -6.9893723 
-327.27704 118.54393 34.1233 32.614082 -0.9295387 -2.478851 -1.3801954 11.333866 -34.998615 1.9582498 -20.311155 -11.486122 -4.4099407 14.954926 -11.865485 10.354246 -2.6146648 1.5886204 -5.0937276 -0.89522064 
-348.53705 152.35577 18.49909 41.257427 17.517088 9.548948 -0.756571 -6.3170986 -32.641483 8.501966 -10.040828 -5.7205462 -10.655942 -2.9625309 -10.462117 16.828247 -6.790097 0.258599 -8.18631 -8.417974 
-363.355 133.47421 2.3700018 32.975304 12.928623 11.773474 -6.255992 0.87556905 -16.660244 8.750317 -12.717303 -3.8362515 -5.432131 2.0943756 -5.950168 11.65821 -8.857053 -1.2259371 -7.596529 -8.529731 
-316.09912 160.96288 -13.829315 40.353 18.44289 -2.616873 -14.482058 -6.5660343 -27.999443 12.697383 -16.862547 -8.188844 -4.261841 1.9022094 -10.475928 16.277628 -13.023256 0.09741317 -3.3557663 -3.4027145 
-420.65152 148.0259 19.54547 35.844193 9.274593 5.49912 -7.6383886 7.3495617 -15.265057 6.030878 -11.4665365 -0.8804295 -5.438229 1.7454054 -5.272324 9.015591 -6.33243 4.7383604 -7.310919 -0.21675716 
-369.63733 139.44035 5.877202 40.35379 19.113146 8.549077 -10.277465 -4.194412 -22.396597 2.2777638 -18.598228 -11.220271 -1.3572955 -2.303136 -7.7276816 8.890682 -7.4794683 3.6224246 -5.055811 -2.3312755 
-348.61237 100.31874 29.28578 46.249924 10.525871 13.870037 -7.6198406 -4.5048494 -20.41537 11.680876 -21.004862 -10.339658 -2.29634 -1.655753 -11.098723 8.919634 -9.224219 2.1703575 -0.38885233 -1.7394804 
-332.28864 141.013 -6.20613 77.87531 33.140427 -7.224455 -11.431683 -2.7503595 -20.402979 5.212759 -31.415585 -7.844595 4.520654 1.2820935 -16.993038 12.18522 0.5755216 0.5623564 -7.4118314 -2.5818293 
-335.74948 98.87777 27.358833 47.76329 5.6580706 4.7291164 -0.49219576 0.6746223 -18.402758 4.4918175 -18.046349 -2.2775626 3.3094792 -2.9400747 -12.5825815 11.6668005 -9.25094 -3.9066494 -5.59485 -5.2213407 
-285.75958 103.648766 26.54111 36.14989 0.99561733 19.736345 -6.3393106 -1.1829321 -15.08429 13.293504 -15.980938 -3.6553116 -8.519859 -2.981109 -10.726863 11.3889265 -13.89488 -5.8076806 -4.605397 -6.7325063 
-297.79352 77.54617 26.328535 65.30942 9.186503 8.806484 -12.16615 7.104174 -26.8868 19.409018 -21.458313 -14.933365 -5.640089 7.2578745 -16.271086 5.060556 -9.896936 0.31165913 -3.4133162 0.5306685 
-304.28973 119.68605 10.185502 45.145218 21.08796 6.371604 -15.700282 7.2307763 -25.787004 7.1388907 -20.127243 -7.394865 -2.951817 3.3031492 -14.496297 10.966791 -6.3593197 3.3469095 -3.7281232 -1.1478167 
-344.91336 162.27844 12.340906 27.733631 -5.010769 -3.8630528 12.406615 11.734109 -19.031487 9.693497 -14.885853 -5.1999063 -0.8685123 0.5208333 -12.475025 5.4297633 -11.026888 -1.4660268 -8.867162 -5.353022 
-383.18994 143.02429 18.527016 36.177643 8.269637 10.235386 -3.3591948 7.423935 -15.608364 2.4970262 -15.22884 -0.8910655 -6.2738 -2.3376575 -10.518543 5.1857796 -10.228626 1.9742124 -6.599124 -5.610393 
-383.1824 145.0093 32.531517 40.752884 6.467883 5.95729 -7.8505664 3.3752337 -21.061636 1.6959839 -17.816956 -6.4666095 -10.353037 -0.17450872 -9.460907 9.003402 -4.478965 7.530839 -4.9876018 -2.018988 
-417.2727 133.96233 25.490719 34.831116 12.976874 11.563564 -6.1293736 12.530686 -13.892606 6.9023447 -9.3796835 2.1083577 -0.41140592 5.198634 -8.152886 7.303877 -11.210479 3.8330235 -8.361832 -3.369776 
-410.17352 116.54562 22.230455 33.716976 13.011015 12.131205 -9.959622 11.823988 -14.911726 7.9684124 -9.051239 3.583682 -9.355679 2.758809 -8.797391 8.224782 -9.25199 5.7799754 -6.541383 -0.73004603 
-278.60687 143.8591 -31.953125 50.043682 15.902937 2.463647 -10.229265 -13.151315 -22.682323 11.923296 -18.303993 -2.8185866 -0.87467206 6.073862 -6.36622 20.387978 -8.482463 -3.7083135 -8.739133 -12.204689 
-342.88922 103.13711 37.213684 31.831434 16.55911 14.575733 -13.562332 6.771928 -15.220943 3.829755 -16.920912 -2.5989013 -4.1541862 1.2948556 -12.445789 6.654281 -9.177388 0.83854884 -4.967303 -2.2409728 
-295.16058 97.343636 17.665462 42.759617 0.01834562 15.35161 -7.0251856 3.5396912 -20.567696 11.427668 -10.698454 -3.685535 -1.3121881 2.5710268 -13.677562 9.431376 -6.2089906 -3.3373919 -10.547867 -12.120468 
-365.8984 105.57641 28.701311 54.962646 4.6165857 14.768402 -15.463472 13.097079 -18.312113 8.811846 -18.580017 -4.6336036 -3.3219512 3.861417 -14.38834 3.7066574 -5.818485 1.5481105 -8.984937 -4.9079533 
-398.34924 148.52309 7.6682596 48.259743 19.914507 2.0625222 -8.162114 13.617089 -13.575006 9.16708 -20.391163 -3.0227396 -1.7124883 0.15135336 -9.878834 4.7869267 -10.088866 3.1349883 -13.454502 -10.066841 
-412.7044 140.75877 1.8483568 34.690292 13.985972 10.862379 -6.7716846 14.243305 -12.511524 8.874326 -11.414679 1.4541811 -2.3461428 3.1670218 -7.970565 6.3209515 -9.907009 4.6024604 -11.414137 -0.91829693 
-408.88736 142.99152 17.147223 44.565937 23.316519 10.059595 -3.4825306 12.955343 -16.958286 4.547816 -7.718169 -2.1411147 -8.116893 0.76423764 -6.6084085 1.8967242 -9.001465 1.5657662 -14.915035 -8.752823 
-422.97504 132.75266 28.28943 34.83799 10.5957365 6.2986593 -6.5329456 10.132542 -12.3032255 2.7579267 -12.990816 6.9510565 -4.709916 4.694562 -9.248877 5.6783113 -9.766054 2.8025908 -6.6511936 -3.4378252 
