-336.61584 153.48416 27.736197 26.676558 -3.8614163 -10.786519 -8.879341 2.4543662 -21.374994 1.9528188 -16.053846 -1.504888 -0.8551929 6.154988 -3.113197 9.194447 -8.265988 -1.2088045 -8.061001 -8.32616 
-311.95605 153.34865 20.327097 19.472143 -13.509974 -0.5389756 4.687534 3.6826353 -32.60247 5.8402576 -15.758233 0.70103997 4.9395685 7.709284 -6.9987645 8.007157 -10.380112 -8.143682 -6.9945064 -6.214574 
-258.10223 78.66807 6.048728 50.03119 1.8242459 2.886027 -6.1906857 10.80373 -33.75711 7.177975 -11.1932 4.5911927 -4.387008 -0.84688705 -1.3408312 -3.4841187 -15.748847 -2.0972986 -15.450987 -3.3959935 
-300.08954 131.49858 -4.5785255 50.650833 11.693537 -14.842109 0.68923783 1.9207791 -23.73911 -5.298071 -14.135103 14.82603 -8.454514 -7.0605235 4.77827 -1.1294771 -18.63784 -2.7769103 -10.78836 -8.632108 
-307.83478 151.80818 21.242964 12.144689 -15.727683 -11.847662 2.325662 3.362254 -21.03164 5.430004 -21.135708 -1.6186032 1.1560296 3.385181 0.48953894 3.4726765 -8.427085 -0.9120975 -12.324184 -14.599245 
-243.1476 159.7085 -8.005761 -1.0053647 -45.951004 -3.1242168 26.427689 0.9161193 -20.25425 8.962134 -23.665823 4.2022724 10.602865 -1.0861229 -7.642249 -6.903354 -12.444438 -4.898985 -6.203034 0.20722781 
-267.5446 163.10779 -2.7977474 -2.5173101 -44.4312 -1.7058822 23.933468 9.734042 -14.936766 7.787006 -24.81404 0.47907326 10.05473 0.944669 -6.351198 -3.6307738 -15.671627 -6.075865 -0.5171686 1.8249708 
-295.1604 147.01488 4.8656554 7.1146173 -18.918219 10.23712 10.340517 -3.2801015 -23.095367 3.2439973 -17.917206 6.4928236 0.7877744 6.369982 -7.6470685 -0.08501998 -12.260168 -0.5495746 -6.459981 -1.5324898 
-267.51184 106.40576 4.34569 55.469788 -13.235311 17.182177 -17.748749 -15.930637 -16.08709 19.709063 -41.05391 7.672549 -1.6101543 12.858282 -20.16673 -8.18331 -0.34945676 -11.465906 -11.254802 -10.014995 
-256.64398 144.0485 -2.2632976 4.795582 -14.945903 17.217367 -6.192187 -15.776452 -23.071789 12.29961 -6.4670267 5.3879123 -9.502509 11.104399 -5.6743746 -6.8228436 -13.128921 -6.5843515 -3.3958104 3.0691957 
-238.36223 133.16496 -13.137331 17.265856 -13.856953 17.406393 -12.454903 -18.485954 -14.551154 21.045187 -16.575693 3.138338 -11.463632 14.580992 -9.12544 -14.53191 -12.496484 -10.6211815 -0.016406588 4.401361 
-252.51077 127.785194 -5.2039485 24.399475 -14.510793 25.447515 -21.860622 -25.931553 -18.201315 22.943377 -22.302317 4.0953918 -5.293516 19.955244 -8.097563 -16.704498 -0.72411495 -16.788563 -1.6431516 6.286762 
-320.88913 137.0296 18.82834 41.195892 3.196578 7.703855 -15.279578 -9.793012 -11.626755 7.4091434 -23.122978 3.6425743 1.8482187 9.43032 -9.373841 -9.582479 0.812892 -0.03645714 -12.247853 2.549495 
-376.3014 134.5512 25.817463 33.97536 15.017568 13.170094 -3.9168727 12.131017 -10.034584 3.1372623 -13.677987 1.5980992 -4.15104 1.7356362 -10.78939 -0.4408496 -14.581936 -1.3057332 -11.599356 -3.782394 
-315.0404 140.40463 -12.519544 13.451534 6.9686794 21.066643 0.9324275 0.5115632 -29.705832 5.6199 -16.283731 -5.6095176 -6.4419403 -3.5073047 -3.9065602 6.3072987 -14.047603 1.710208 -8.387357 -7.3839645 
-231.26096 133.2966 -53.87203 44.5254 -7.205005 5.8259754 -2.7900212 0.86044955 -13.87849 5.311091 -24.269676 -0.65440774 -1.7704144 -0.27310964 -1.9999479 -6.086863 -14.181746 5.3855333 -10.25915 -4.819308 
-283.98883 52.50585 52.732563 41.321915 -7.2946897 16.8128 -14.300439 19.33475 -27.891756 12.523913 -13.113231 1.0976156 -1.2628293 2.7226872 -12.88742 4.0664883 -18.137985 -2.098115 -7.646806 -5.7899466 
-238.7402 94.16722 -2.2843013 71.77126 -20.940613 -10.217829 -1.6468226 -7.4160953 -22.094696 0.45844948 -21.206505 11.368669 -4.386571 -0.83272237 0.8320877 -2.5634847 -11.888591 0.3545095 -4.039945 -9.266936 
-188.031 127.67631 -80.19116 1.7288821 -6.896099 49.854046 7.7443705 -2.3335936 -27.982626 6.777113 -23.488218 -19.379646 13.982403 1.1325324 1.4510633 -0.46438858 -32.168896 11.930514 -5.075137 -7.7536283 
-240.64886 139.70386 -64.33299 0.089177504 -12.42677 60.27398 12.555312 -3.5493658 -32.826164 8.29772 -21.966003 -9.182838 6.553549 3.8411152 19.400408 -7.1159415 -35.356262 13.1693735 -16.231441 1.9182281 
-340.7351 132.89502 1.3195962 13.6650915 8.55912 26.442268 -2.491026 4.028065 -16.592365 11.787597 -14.3132105 1.6367825 -10.236553 7.27016 0.6883937 -0.89987415 -19.088663 4.059371 -12.698939 2.1433156 
-275.89066 133.40813 17.778755 19.160706 -15.6491785 3.10921 7.813384 -0.21317355 -38.336334 7.5304546 -25.367744 7.7076764 3.0163755 5.4074497 -8.58726 -2.2935991 -9.003671 -3.0333002 -7.303137 2.3672137 
-332.32672 157.77321 37.920525 29.116476 -2.0994787 -9.168707 -22.381985 -2.1335328 -23.73488 5.5084195 -8.449288 -0.77883875 -2.059146 -2.9474635 -7.82311 0.20636505 -2.8457284 -0.6947707 -7.7689033 -1.227645 
-307.39105 152.13568 31.058268 19.291222 -24.286552 -11.352634 -6.29944 7.736725 -23.219044 11.537344 -21.292122 -3.4366922 8.679013 5.128805 -1.7250755 0.30970016 -14.185589 -6.5280895 -11.569168 0.775554 
-283.6652 132.50827 0.44647217 26.840687 -10.537083 8.6357355 -2.5307472 -12.239458 -35.88311 15.843031 -7.518936 3.800033 -7.3642664 9.025303 -1.3155289 -7.830924 -4.718891 -10.130304 -14.163168 1.4080291 
-282.54855 125.31745 10.895438 37.17333 -6.4289737 7.813386 -11.477413 -11.095333 -21.373356 21.122665 -23.354118 5.2205057 -0.9655977 3.5743802 -4.9669185 -12.144249 -10.090255 -1.7286394 -9.130231 -1.4326603 
-329.32455 143.96397 21.964132 20.092129 -3.7579858 7.5163355 -3.1153603 6.9403906 -15.64681 3.4165156 -17.078468 -2.41269 -3.7076335 3.3050134 -7.7448983 -8.174603 -6.9967213 2.7119708 -9.148391 -0.20347871 
-319.16357 156.14374 32.46605 22.716162 -20.023073 -13.624542 -5.921302 5.643096 -20.232643 13.159425 -16.724922 -7.5174503 3.5869298 -1.3481772 -7.1302743 -0.88829505 -13.603939 -7.4916406 -6.284173 -1.8808547 
-307.58838 123.77007 32.879826 22.76469 0.6074827 5.411793 -0.8443801 -2.5537798 -24.6682 6.457938 -17.163208 2.4892797 -7.5319614 3.7865229 -7.5263104 0.51808286 -11.870905 0.56766915 -13.487991 3.3576286 
-297.1373 148.02885 22.471474 13.605085 -29.778938 -2.6302822 14.408951 0.11778697 -28.828518 12.33431 -26.249193 5.216646 5.6606846 -3.7476606 -7.138563 1.6334538 -11.690967 -6.6846952 -11.898102 -1.5522928 
-278.86087 149.47223 13.050542 7.604067 -14.875397 14.06406 -14.808864 -9.822395 -41.069805 22.589998 -6.0465074 6.0474396 -3.5242355 -5.302827 -14.4251995 -0.11293718 -9.558816 -3.6405056 -6.489664 -0.87043154 
-299.55356 148.38385 13.951562 6.3612814 -17.097977 7.9465156 0.77852225 -1.5217645 -47.57628 5.8868876 -2.4281836 10.504841 7.1853137 4.1401806 -21.942759 0.46133217 -5.8925643 -4.631468 -14.357352 0.57508284 
-378.32568 131.07208 18.288816 29.88151 9.105753 14.466936 -11.107355 7.1340857 -19.74177 3.3721285 -12.487758 5.1456623 -7.8418155 4.2429323 -12.374292 1.2993422 -11.11375 1.1764148 -12.739361 0.9872055 
-380.5921 132.09134 9.842341 27.313145 13.647206 17.737328 -5.459667 8.22725 -17.224852 4.9671063 -11.802272 3.4904938 -6.4627833 4.847615 -12.426051 1.1958575 -12.822046 3.115442 -9.404016 -1.774314 
-326.58127 137.73436 24.964975 21.622358 -5.261772 -6.3389997 0.35047352 0.5794284 -19.99428 9.12415 -16.002531 -3.6029963 0.35212338 2.3859806 -3.5880785 1.0897536 -7.8555045 -4.2585163 -8.293818 -8.78883 
-172.33691 134.07574 -43.189926 -0.7281602 -27.833025 10.986472 2.1542501 -10.608151 -36.698627 15.664629 -16.704124 2.5860593 3.5297618 10.912532 0.72119033 -10.730172 -11.114117 -10.169744 -9.416637 -15.969023 
-287.9338 121.4351 -0.0024316576 24.455902 2.538322 13.438534 -10.130654 -0.013832092 -16.56092 7.060766 -29.274624 -1.57463 -0.8193142 -0.13125192 -10.064109 -1.973187 -12.431089 2.6030436 -7.567423 -5.442854 
-282.97552 90.45213 9.13535 55.03614 4.6610265 -6.559588 -3.2837589 0.10832617 -31.660732 -3.529736 -22.403637 8.144904 -10.771091 4.1264997 -2.0200293 -1.335218 -9.328533 3.4076114 -12.0482855 -2.0001936 
-261.8335 147.91916 3.693634 -0.17450237 -8.52538 4.1834116 -6.464287 -13.53592 -39.981487 19.31396 -3.3083813 1.953383 -8.998485 14.790486 -8.359124 -2.8656368 -10.036298 -14.982866 -10.677875 -1.7545346 
-251.5363 157.50653 -33.895008 1.8615439 -33.406433 21.195967 23.344269 -5.755026 -34.252518 10.126917 -14.63273 8.751687 -3.5617208 0.65752006 3.4691586 -7.3453283 -4.155138 -4.506532 -17.920256 4.1890864 
-303.9844 114.980606 12.917315 63.061523 -6.419923 -15.201634 11.066387 8.132755 -42.196815 9.394507 -17.97431 2.8885286 -6.3776174 -1.6266086 -2.3442261 -0.93765134 -9.010185 5.283916 -10.19279 -4.995493 
-326.5461 116.6545 23.131048 63.671066 1.5468887 -12.262459 9.121533 3.7927814 -33.26425 6.588714 -19.918997 0.6886828 -7.0311604 -0.609586 -5.5761294 -1.5547684 -11.62631 5.9745517 -10.277771 -1.3691654 
-391.0897 132.15381 19.122381 33.629448 12.80975 12.654495 -7.4230065 10.629857 -12.775513 5.2845917 -11.284237 1.369505 -6.15061 -0.6106307 -10.086303 1.9212549 -10.517681 2.9668474 -12.391137 -1.7500833 
-364.75333 142.9516 10.810965 35.351204 14.60711 5.919307 -14.428896 5.7369366 -14.091935 2.834134 -17.507875 0.6858082 -1.5017931 3.1693606 -5.7576323 0.58135605 -7.1263065 1.3904408 -11.8802185 -4.4747086 
-361.42688 144.66518 7.6654186 44.2332 14.177795 -7.4352026 -17.770393 8.5830965 -18.880943 0.6272191 -15.149906 9.9529915 0.82402605 2.9789684 -6.743478 -3.9637277 -7.4890027 0.76459163 -14.072652 -1.9328842 
-387.83127 138.3408 10.235811 34.62457 17.299507 10.203137 -6.797725 11.643254 -10.900466 3.3287337 -16.738304 3.5698063 -5.439575 5.438972 -10.952643 2.5784445 -8.659836 3.4443345 -11.122074 0.29606614 
-246.55898 159.67372 -33.43561 -8.338741 -15.548817 15.421636 15.046456 6.667958 -31.423483 9.232742 -17.90286 -8.528895 -4.059679 -4.4213037 -3.31592 0.6475631 -12.272984 8.304084 -12.45577 -5.233663 
-249.0593 133.01392 15.996769 9.774061 -18.531187 -4.957459 11.409324 -6.6498976 -25.522709 1.1448767 -23.827997 -2.2329905 0.596873 -1.6287975 -8.965765 2.3800907 -4.802305 0.030634483 -11.374595 -0.031355646 
-213.14557 59.943176 38.3613 55.240406 -20.894484 5.250553 -9.647137 0.66560894 -27.866966 9.108783 -31.582716 4.2964745 -9.1164665 -1.2198628 -7.403895 3.1622925 -14.167507 -4.525466 -11.641303 -4.0809717 
-229.5303 122.614136 -20.34687 16.46522 -8.743679 20.304861 4.6700253 9.3044 -31.802826 10.929455 -24.22578 -7.0268683 -4.892317 0.9498927 -4.6106143 -5.403297 -8.320539 1.5739846 -10.468315 0.17343982 
-317.5775 139.45479 3.9207013 38.38063 13.215702 7.032145 -5.3296027 0.7783448 -10.902183 7.533492 -19.37208 -1.9484166 -5.1376534 -0.56722844 -7.961703 -3.7685742 -5.0166187 -4.340971 -12.867866 -0.6639997 
-269.8548 149.6943 18.767513 12.823804 -19.018616 -5.7080894 -0.853919 -2.2766294 -36.70268 2.7918253 -11.838578 -8.880442 -4.7848883 4.725141 -6.8203955 5.1837115 4.7308064 -6.718643 -2.0828846 0.15757275 
-222.28362 147.3291 -36.50914 14.301494 -16.715115 18.48802 3.2467866 -10.46641 -22.895317 6.9116554 -23.566261 -13.035826 11.03934 15.337579 -2.1151257 -2.7574646 -14.63444 -2.276312 -0.38624844 -0.3353816 
-377.5381 140.41385 22.272352 35.412643 13.01072 12.968266 -7.920044 7.345858 -14.265125 3.2523167 -16.075727 -0.40189254 -3.9379072 4.3080997 -11.091673 0.53285354 -9.576882 -0.98053616 -12.068964 -0.03200492 
-377.2358 127.36864 19.10186 39.236095 14.161144 6.429208 -7.5402017 14.625761 -12.415752 4.0668745 -13.596579 2.0019298 -4.3192496 4.7928424 -7.984169 -0.17398399 -16.913673 2.8191528 -6.7398376 3.0827348 
-288.81296 129.46788 -13.935504 46.033745 15.814754 -17.894293 0.14726724 -0.3437011 -22.809826 2.8796604 -20.858385 1.9075143 -6.262289 0.3509274 -6.24375 -5.5793033 -12.339552 2.7327738 -16.442516 -11.327099 
-241.08464 112.90799 -36.062943 54.86076 9.610501 -18.886612 7.578296 -2.7975793 -8.853977 2.5657802 -22.479763 5.3984556 -13.152622 0.6692193 -15.795563 -3.1886582 -5.8264422 -1.5342371 -19.184683 -10.958614 
-337.90094 119.243164 10.975591 32.756783 13.449421 5.6476464 -4.4566827 7.392407 -9.506512 4.6867447 -14.482176 3.5886917 -5.849639 -1.8608619 -11.359879 -0.42943594 -7.010461 2.0433638 -12.999147 1.9618757 
-378.3399 129.45317 19.816505 27.325304 13.208622 17.863619 -6.798316 12.653138 -10.451595 4.9928694 -17.90906 -0.6495549 -9.64256 6.013205 -8.4950485 0.8055294 -11.264718 4.6106777 -9.394706 -1.7793263 
-387.40662 132.66217 22.310982 31.320564 16.013828 13.869537 -5.2117667 12.177841 -13.658367 5.563912 -11.894455 4.7809505 -7.915646 1.1958003 -8.304956 1.1564436 -10.120205 4.0926905 -7.4559574 -0.6303478 
-331.3374 148.76903 23.944338 29.098732 3.6788363 -1.3321891 0.1693306 -2.5394118 -33.633446 -2.0013723 -12.988088 -1.2589539 -2.0237436 1.2548875 -8.131775 -4.1172633 -7.848358 0.6011486 -3.496686 -0.82161963 
-200.9681 94.94229 7.51071 26.74277 2.2011356 -3.2566633 -1.0136143 -6.7677126 -44.838364 13.049467 -32.41812 -0.4887179 -8.396594 -1.2854285 -14.003165 -6.4009137 -6.2285976 9.291347 -0.38538742 11.841244 
-164.78394 128.8393 -54.352886 18.238676 -11.068628 6.5647235 15.583089 -7.599108 -23.339611 12.19909 -26.665234 -2.63779 -14.067418 0.9307961 -15.472866 -5.011305 10.834222 9.553503 6.1388354 6.92646 
-271.36005 82.454254 27.921139 33.744755 11.254611 14.085968 -16.530327 20.56042 -10.186719 7.352255 -24.970705 6.252812 -9.628368 6.256934 -13.252838 3.4848824 -3.730126 -5.9139175 -11.175684 -0.65038675 
-316.36923 111.15621 38.69298 31.853106 5.7246614 6.0328903 -19.486986 8.473662 -25.67051 -3.5488167 -21.853783 1.8587908 -3.0174267 4.352133 -10.343578 6.2026825 -8.54689 -1.951582 -9.450032 2.3467023 
-303.2708 146.36664 15.347648 19.833479 -15.063934 -8.251597 6.341135 -0.4328753 -24.392542 6.980399 -23.562492 -3.235739 -2.7558653 2.1849716 -4.4188128 -1.9256223 -10.820825 -13.498184 -11.44179 -1.1051729 
-151.14671 123.16342 -65.8318 14.679513 -10.737248 11.370671 2.7855918 -10.334143 -22.31618 22.988377 -31.135973 -0.42437738 -5.906495 5.5898595 3.7891312 -13.081228 -10.6247835 4.1987357 -23.123331 -2.804078 
-244.88707 121.80783 -6.113263 49.555542 0.4138862 -13.829707 7.8901844 -8.406525 -29.61459 3.3701105 -20.88334 2.8851175 -4.389011 -0.022676893 2.194375 -9.629657 -9.401183 5.6258564 -20.073847 -6.3558507 
-198.43353 100.291824 0.562191 7.8799963 -7.4643903 24.818504 -10.4038105 -0.38139725 -24.126335 1.4915407 -21.897474 6.12718 -8.61182 7.3306403 -2.8415265 -3.0091136 -19.487957 0.638118 -11.13216 -10.02927 
-233.1324 120.651695 11.676826 -1.7452564 -12.98068 5.250799 20.239561 -12.469401 -35.16529 4.474395 -20.380438 5.4487343 -1.7520039 1.8689559 -5.420301 -3.8722577 -12.569177 -0.60147643 -12.447714 -4.2281466 
-205.29248 129.15437 -61.82687 8.427668 3.5965147 21.096233 7.059824 9.002231 -24.524405 8.476141 -21.755798 -10.281714 -2.6835911 -3.8476076 7.113376 -12.828655 -22.33947 13.478048 -16.02313 -15.078511 
-231.52354 106.76102 5.7357807 2.9212265 -20.638962 14.673933 7.864696 6.560027 -27.215227 20.675325 -23.618507 5.3681927 -9.79726 -4.7901034 -5.2607827 -0.87982833 -9.045917 7.99204 -15.085399 -3.3640757 
-306.04797 117.89005 58.225525 15.904907 8.287175 6.3648925 -8.504408 10.023466 -29.153137 5.377371 -19.341965 1.4076858 -2.63781 -3.322636 -6.792056 1.495614 -9.122724 9.776103 -9.718204 3.465095 
-296.47757 168.73824 -0.9078929 10.348458 2.9558198 6.612631 -11.052547 5.3872757 -34.57496 6.9129934 -3.5004067 -5.9642234 -1.7221915 1.6330884 -9.422468 -1.2236991 -9.218494 5.193655 -12.803272 -5.418584 
-244.01465 163.71188 -29.010902 2.2544222 2.990683 -0.8892682 2.6094246 -4.4219337 -28.443628 4.849464 -17.386463 3.267181 -4.4165106 2.2487614 3.0289254 -8.742192 -8.958355 7.61944 1.1178161 -15.618376 
-252.80305 143.29231 -19.08695 23.103868 8.112766 5.4343777 -9.328022 -0.8232964 -20.635765 1.6746598 -18.776144 -2.0390167 1.8494712 8.206929 2.7149858 -1.8146577 -12.183731 3.022796 -5.9956727 -11.93352 
-256.44864 104.244125 8.146687 9.709096 12.721787 9.398143 -7.756474 16.114431 -28.361504 11.173217 -20.387163 -5.7458835 -7.23064 5.521325 -4.010309 0.93344456 -13.896199 9.847096 -10.397341 -2.7176802 
-319.78506 150.12068 15.383143 42.662746 8.542716 -4.5317793 -13.3618965 -4.3626437 -30.496477 -1.1163356 -12.46283 4.2034016 -8.699736 1.8572009 -3.447524 -4.2737064 -16.679596 4.5520134 -10.695513 1.9839673 
-313.51477 126.66706 23.046532 41.4674 10.421372 -3.940021 -14.087238 12.578609 -29.383192 -4.9456654 -12.260794 0.85152614 -1.4853196 0.82645065 -6.121252 2.507248 -15.6314125 -1.5398189 -11.630566 -2.493501 
-349.4464 151.07806 37.14089 28.381483 7.328849 2.1626043 -15.133944 1.4881053 -22.157337 -6.2433963 -16.571907 -2.6227336 -5.966548 0.16032979 -3.9331064 0.07145778 -12.363928 1.5029525 -9.800624 -0.19000691 
-298.86572 140.71498 16.7123 14.16189 -4.384051 11.348734 -10.960223 -3.2914667 -30.112692 1.0051498 -14.404929 2.0866055 -0.7002471 10.035571 -5.425706 -0.42877877 -6.385628 -0.35771704 -4.3213196 -5.6056323 
-259.1701 146.70099 -40.642017 4.860612 -2.3028677 15.250646 -7.101999 9.088967 -24.12462 16.354628 -11.530951 -10.347315 1.8326192 4.228437 -1.2582029 -6.8387294 -18.638927 0.25236055 -8.962995 -4.421072 
-257.87106 130.20703 -17.125153 20.973211 8.366383 2.5162973 -16.685703 6.420134 -7.2758126 16.215641 -28.760185 -2.642362 -5.9724526 4.480832 -12.99349 -6.8157988 -5.197486 2.4222019 -15.2022505 1.396447 
-362.6674 122.8682 10.995549 39.300537 14.715491 15.994197 -6.3919625 11.354594 -12.0544405 1.2372193 -20.485138 5.3792896 -5.0268803 11.358738 -11.998268 -0.48148346 -14.932558 7.549346 -6.0896683 1.6417317 
-338.5291 119.490845 -9.452572 45.350662 16.462183 17.22425 -3.0481439 13.532556 -19.497442 0.18585849 -11.979497 -1.8252583 -8.474136 10.20882 -12.031803 -1.4186548 -8.717762 1.5983653 -12.486607 1.3438091 
-224.78033 136.34663 -50.83438 26.231077 -1.0928797 19.367327 4.078657 -18.489275 -20.912415 10.953462 -23.458998 -7.787263 1.8337846 10.979068 -13.391933 -11.971478 -13.952116 -5.536036 -6.1837854 -9.538952 
-256.15668 112.65394 -15.431804 70.22928 0.44301128 -20.24738 1.757055 -10.617843 -19.519936 -3.1769032 -29.851728 15.546594 -4.4615884 1.2720103 0.024189817 -8.131698 -4.0992193 -10.484333 -8.5157 -3.6260028 
-278.515 97.89639 22.477852 48.00854 5.5731487 -5.4036326 -10.228223 1.5172895 -24.992868 -4.269905 -21.059998 4.757165 -8.899423 0.0053447615 -2.2879653 1.8782618 -8.42412 -6.585962 -10.152521 1.313925 
-178.12567 124.18012 -38.42977 14.523641 -26.785984 6.9885464 1.5603968 -2.4235163 -28.143429 14.308336 -19.417349 6.344221 -6.4034996 1.4819552 -1.5324492 -11.928752 -1.3298222 -0.77029335 -11.649948 2.3868132 
-330.91418 141.59918 22.96349 19.588673 4.721587 12.425259 -0.20272745 5.8857 -22.507927 6.50229 -17.264452 -0.55558276 -11.324894 0.61799496 -7.179428 -0.86774516 -8.023973 -1.1656775 -16.998877 -1.4213612 
-247.76459 129.71715 -27.801495 37.934124 15.871199 -11.416709 -14.174885 13.726571 -24.378422 4.621111 -18.257105 0.34605727 1.2467694 -7.2110467 -13.278947 3.030305 -12.603544 -1.2616539 -9.113369 -8.612156 
-298.74594 89.007965 45.66068 31.204668 8.668025 6.3279476 -12.052859 13.218426 -29.174137 3.3952188 -16.161575 1.5050642 -6.4654226 -2.9626353 -7.1351647 -1.9288853 -12.163014 -0.07664691 -11.387259 -5.2759094 
-258.1349 119.26592 -5.661737 57.911236 4.2983384 -16.03155 1.2491028 4.502348 -39.341904 10.447576 -15.324802 -4.776656 -3.1260343 -2.136462 4.1601872 -7.7804575 -14.613619 5.1288967 -16.624016 -5.095456 
-250.04489 155.47781 -62.935093 11.543058 11.588093 15.209725 4.6062818 8.565135 -39.52043 22.135887 -22.52972 -13.6087265 1.4995484 1.7075648 3.1626172 -4.243129 -24.23169 5.601014 -9.259916 -2.1299274 
-307.88696 145.02908 -3.27039 45.83251 14.438738 -12.446819 -11.299411 3.4288337 -24.976702 2.9409056 -15.7562 -0.07143382 -2.0122147 2.0072868 -8.7334795 -5.2149525 -10.557503 -0.68432915 -12.8843975 -6.902894 
-314.4116 135.17763 20.078512 26.735964 8.815595 4.9018464 -7.8265433 3.2647886 -25.45972 5.059087 -14.72624 -3.361436 -1.9119568 4.8020105 -7.7726192 -0.49080193 -14.236577 -4.1355333 -10.54927 -2.0872726 
-294.2018 155.25586 -3.421174 -6.44718 -9.860714 26.023064 19.039803 12.856396 -35.15114 -0.17636034 -16.64713 -4.449512 -0.04558142 1.8435931 -6.9854245 1.6135591 -19.24038 -0.5721215 -11.796308 -6.6969757 
-234.23305 103.86621 31.281656 12.234033 -8.21974 8.910424 -17.631353 1.8386612 -33.519302 4.383763 -13.923179 7.9545727 -5.2975836 1.1862563 -10.164484 4.129159 -9.468954 -5.8517346 -11.13778 2.9898148 
-294.87048 127.77609 0.6582469 42.266216 2.9547281 -10.036302 -15.735828 -1.149119 -14.161157 3.665662 -20.195189 9.3978195 7.10871 5.829199 -4.426573 -3.8902507 -1.5646752 -7.2263055 -15.684784 2.6401567 
-380.54785 140.12923 3.9678607 36.056015 13.417625 13.833149 -8.438306 8.836117 -11.148739 4.5286846 -14.934733 0.85313445 -3.400398 7.308392 -6.6905427 -3.974389 -14.593403 5.829242 -5.3529053 -1.8273656 
-268.82248 140.8616 -4.6527457 14.146275 -13.029697 7.8000937 10.447901 -11.507989 -21.99096 2.4526963 -16.285648 0.183762 -3.426392 0.07652288 -1.7277713 -4.6058598 -11.877106 -1.1692485 7.025564 16.914787 
-193.61833 50.149445 42.153168 32.98443 -17.843405 17.104933 -20.965622 5.163595 -29.694197 -6.058711 -25.42496 -2.3633559 -11.462259 -4.8115363 -9.727902 4.958652 1.1728711 22.384651 14.125192 15.603032 
-211.95782 132.95563 22.724644 12.074951 -30.98918 -3.5034637 2.66125 -2.7113445 -51.259556 3.683431 -32.647846 -1.5064893 -1.2935671 0.6888025 -3.193124 -5.282305 -7.8797555 3.3463812 -2.7074149 5.6248775 
-295.32083 136.07474 15.731533 27.970097 2.1524692 4.5750494 -12.519261 3.7838182 -28.466413 1.0846723 -30.644863 0.030431591 -0.3840345 8.573546 6.2608786 -6.565769 -10.493036 1.9789153 -12.870513 -9.8471 
-207.5488 133.55447 -33.725742 21.554491 -20.145006 4.6967926 2.8364677 -12.821591 -24.719236 6.871023 -21.393536 6.393022 -8.64287 3.2421992 5.2210817 -6.6866856 -4.2128663 5.8944144 -14.25689 -6.898925 
-229.5686 143.95413 -15.974097 -5.0382123 -33.25093 9.713019 17.871351 5.3215976 -34.93654 20.643345 -8.689989 3.7576485 -6.0687375 -8.177343 -14.448966 -5.6274447 -2.686486 3.0044026 -11.341892 -3.0222347 
-314.73505 145.85562 19.004755 25.674145 9.202411 2.3506222 -11.6995945 8.956482 -24.977541 15.006555 -11.552502 -12.957779 0.54465455 6.074708 -11.767848 -6.276046 -10.842027 -1.5976198 -11.453856 -1.1372604 
-281.84003 151.89545 -20.082846 15.323771 12.217234 11.695059 -13.614178 6.9929605 -21.890417 12.676217 -26.59062 -14.774098 7.8581905 9.861741 -10.065114 -2.9865904 -8.903756 -1.2014092 -10.703342 -4.8011165 
-289.24216 56.701694 52.355404 28.785685 6.040609 24.599321 -20.009058 14.458211 -18.666346 3.3152437 -17.113916 8.351536 -8.721254 3.7818112 -17.859516 -1.2633444 -13.098445 0.27282077 -13.591375 0.4804661 
-248.906 74.73675 26.054766 47.937305 5.3904824 16.150213 -17.914825 6.9539165 -17.993507 6.949957 -30.617262 -2.163101 -6.710392 3.9754918 -15.684572 -7.8287745 2.3506308 10.437246 -19.712103 6.583084 
-346.14685 130.97559 18.795805 42.97769 14.831838 3.2827313 -9.018175 4.110922 -14.796315 3.2069829 -23.138437 -3.0922322 -0.31637248 3.6483684 -9.275478 -6.7113523 1.343163 1.2621121 -16.784239 1.7243247 
-395.02942 134.02892 24.613855 32.25447 13.351169 14.813036 -7.8853555 14.36298 -11.06008 7.822077 -12.533495 2.2845411 -5.843916 3.8501384 -12.750803 1.1966926 -11.989604 3.091422 -9.973752 0.9241122 
-288.63898 129.2684 -9.800037 30.738152 7.6850467 1.8760918 -7.9363065 5.6108017 -12.068688 6.876424 -18.1057 2.3216677 -3.0647786 4.292731 -10.363677 -4.1322527 -6.470431 1.1389786 -12.854904 -2.4315665 
-226.27916 92.883415 7.35637 38.362347 -3.5035696 3.3375084 -18.508682 1.4836345 -19.371033 11.075488 -34.442135 12.295273 -5.4586773 7.3527775 -13.898561 -7.5805945 2.664876 -6.3429804 -16.894657 5.164033 
-259.35336 100.83702 -1.0857636 57.947937 -8.248315 -1.1734731 -10.35571 -10.537825 -18.408485 13.91856 -36.972366 9.41906 -3.6782613 7.02503 -7.5228753 -11.248684 20.92435 -9.539244 -12.897523 3.7599814 
-349.6557 126.839424 21.500298 43.266808 6.358933 8.234419 -7.006769 -1.4304471 -10.865298 2.6184301 -21.793243 1.2216767 -8.779041 -0.016811477 -10.669573 -4.0838704 -0.62421227 -1.3004528 -11.172413 7.99115 
-296.145 131.53339 0.6611748 51.3914 6.598169 -22.195034 -4.7674494 0.16904227 -24.73899 -4.605146 -19.929556 4.162557 0.3574475 -2.4423447 3.74437 -2.198038 -3.2395635 -2.6985273 -11.45049 -5.241529 
-279.1225 116.34025 -0.91824555 65.259674 2.9624052 -21.548859 -2.5590508 -0.5501873 -24.909826 0.43382156 -25.087626 6.926464 -0.1286074 -0.8014463 -0.15220883 -5.020041 -1.0041814 -0.95873916 -15.9149275 3.817943 
-252.75212 135.00096 6.1312118 30.062141 3.415482 -16.771015 6.876745 -10.975158 -29.978067 -4.045104 -22.676617 11.391883 -0.58350545 5.576201 4.77722 -5.0698915 -5.060024 6.3586984 -17.137367 -8.356949 
-216.47498 132.00653 -22.442902 35.437366 13.566537 -18.6716 -9.403715 -10.592449 -21.581743 2.764333 -26.009283 10.653405 -0.5494728 2.012818 6.574648 -8.03587 -6.45589 7.404174 -7.2750964 -10.764374 
-300.11975 147.52095 4.9621544 -3.7550192 -12.80153 15.145772 11.005328 9.8898735 -29.112497 6.5274415 -8.136148 3.3069425 -0.69094586 -1.656623 -14.270625 1.220162 -14.306724 3.86674 -7.3373055 -3.378235 
-308.5259 103.50436 41.446922 27.636236 17.51569 6.9459596 -22.368853 9.286977 -32.291615 13.1978035 -26.387505 -0.42478216 1.4435678 5.4933944 -18.876934 0.88918346 -7.0105677 6.56543 -12.763765 1.0931101 
-321.67834 114.1653 33.872124 45.776794 11.844791 1.1522098 -14.978853 8.482941 -28.704704 6.5322037 -27.463572 6.000691 -6.786715 1.5384123 -9.2884 1.6300807 -9.771895 2.8902044 -8.789572 4.45907 
-339.23816 127.66874 23.404186 56.283493 8.42614 -4.719626 -5.4823523 6.0717244 -31.837288 3.5674067 -15.849705 -5.8307767 -9.0923815 -5.245412 -3.3180401 -4.6599994 -9.88275 6.221246 -11.240368 1.4619359 
-293.4397 130.83353 11.063675 28.596012 8.638275 2.829898 -28.776642 -6.7722845 -21.585203 1.7218448 -20.388063 0.057690937 0.4132916 10.55876 -12.613611 -6.612112 -4.6717715 -3.8333943 -11.622898 -8.362496 
-248.2848 82.87781 39.18358 13.766805 13.25961 10.273444 -24.938185 10.454045 -21.909727 4.655074 -26.138096 6.8393435 -4.63465 8.856205 -18.938694 -3.87046 -2.4691858 -2.3261056 -17.292336 -2.0219655 
-302.81058 115.81717 15.354019 39.19071 8.150314 0.34384224 -15.379225 -1.2820368 -19.953646 4.8693743 -27.92719 3.1918576 -0.63290334 8.558476 -14.066095 -4.8002086 2.0425775 -6.6376987 -15.568226 -2.5695412 
-375.68027 128.03867 15.600474 33.8358 14.092604 14.028135 -10.672842 10.637995 -9.537119 7.048007 -17.488857 2.8676133 -6.188513 5.1805387 -10.491138 2.7172222 -13.352278 3.3074195 -12.01475 -4.170203 
-381.9225 125.19732 24.198526 29.710052 12.677418 12.948378 -9.415872 11.73611 -11.647665 7.0265274 -16.076471 1.9434136 -4.8287787 -0.50125384 -11.537959 4.290962 -10.717411 6.5293856 -10.438409 1.6613821 
-355.4113 145.95154 35.20136 24.596056 3.8493128 0.33531347 -13.806546 -0.051506467 -18.752018 6.0291324 -8.614381 -3.0780382 -1.6935047 -0.55177397 -7.3330374 5.098426 -9.958771 0.6285508 -7.129203 -2.3694186 
-384.1052 128.06781 27.677555 30.843048 15.027725 12.411011 -10.309446 11.441868 -11.295416 5.2177534 -15.634464 3.6196337 -5.551737 1.451959 -10.462772 2.4865193 -10.660605 4.652129 -11.768453 -1.2455679 
-317.49774 102.683716 25.836254 48.870224 6.6174364 -0.8106117 3.8425245 5.9842954 -20.824059 5.462444 -15.776784 -1.8483835 -6.2727156 -2.2895463 -7.4225345 0.8358409 -9.522682 3.4836342 -8.819524 -2.6995423 
-167.1878 97.57345 -11.09554 9.800527 -10.06733 16.71061 -13.196339 6.455881 -30.463768 0.8947616 -18.862862 -8.854977 -10.568182 0.25852513 -9.029612 -3.5821173 -21.87445 2.9023647 -8.49349 5.9815445 
-217.23979 108.52846 0.28081554 3.1448412 0.564348 23.23976 -14.811268 5.7380085 -25.93092 5.2843933 -19.985712 -5.03386 -9.357964 0.9124598 -9.511326 -1.0035189 -15.386036 -8.244915 -16.884914 -8.650344 
-221.60503 119.75502 18.312597 13.873563 -23.599907 5.7734814 10.932707 -11.506597 -29.16789 14.240696 -25.420494 10.763709 -4.222315 3.5203943 -4.574702 -4.5887623 -8.103723 0.21603839 -15.108956 0.7970756 
-271.27014 143.82437 32.571262 6.836046 -18.556366 2.2559156 -1.9801241 -9.867177 -34.68806 -2.8362076 -15.081387 3.7103376 3.2575996 5.5195975 -0.7736294 2.9588861 -8.537233 -3.3836126 -5.241737 -2.5700858 
-282.28134 60.382366 66.74288 15.6065235 10.55709 17.661596 -28.765236 4.123555 -15.961105 2.0874672 -13.690381 1.8678445 -5.4080544 10.364635 -12.598344 4.1546903 -10.15488 5.440211 -13.129034 -0.010083516 
-253.37967 144.41447 4.953561 6.6685886 -6.759217 4.9622006 -19.103767 -12.599807 -43.171326 24.648848 -14.615407 -7.980689 5.065945 10.225254 4.9042487 -4.793806 -20.630568 -3.2505786 -7.887253 -4.798258 
-387.9172 151.39572 11.853155 31.105852 11.818522 12.303302 -15.1571 3.3826385 -20.681938 10.625793 -14.597355 0.7981827 -4.6828074 4.559424 -4.831519 2.9648013 -15.127278 1.2570248 -9.702241 -5.2081356 
-283.02737 97.396065 15.426581 41.390793 1.6968569 3.3173556 -4.8792424 -4.452563 -11.057293 2.885559 -26.238655 -0.83138114 -3.3167472 2.192668 -13.327412 -7.541628 -10.952862 -3.0920935 -22.589287 2.8281915 
-241.56961 86.49322 16.481693 63.266342 -12.203419 -9.702404 -3.6376216 6.581993 -24.284544 0.8523519 -24.246843 2.446335 -8.995511 -2.6809473 -8.123869 -9.247298 -12.995043 1.4373183 -17.36136 -2.9149852 
-225.96457 154.80109 -36.843674 -6.1416497 -0.91183215 9.96608 -3.9732463 6.0187845 -22.722351 7.7466183 -23.171455 1.6093202 -10.41538 3.7151637 -4.7172885 -13.450429 -18.471199 -4.7802787 -10.623237 -5.539115 
-252.001 88.93237 62.597336 6.679284 -4.654991 11.115754 -15.386315 8.765584 -21.199532 0.31983122 -19.448738 5.4261494 -5.6304317 -1.314882 -13.084286 -5.484403 -9.57936 4.4287257 -9.894715 -0.7416983 
-196.97903 118.93549 -25.922625 14.391674 -4.4214435 5.391581 -12.103578 12.529817 -20.43264 9.811042 -25.123308 -2.9748259 3.1741836 10.934096 -13.763031 -3.5388162 -15.343613 4.3661423 -14.922375 -9.103143 
-226.08238 148.57187 -42.396584 18.432217 -3.8498158 0.813541 -6.93876 -0.75465584 -33.075363 16.221636 -20.58687 -6.9608436 -2.1199145 4.9853315 -4.9229484 -6.8313193 -6.842091 -0.21189745 -13.429816 -8.541075 
-237.61018 115.82833 -42.851406 22.98112 0.6529517 20.340952 -10.682737 17.484121 -20.97179 -2.1360254 -14.769075 -4.178348 -0.29039893 16.044357 -8.520612 -4.492637 -9.2750435 0.1364739 -7.6341434 -3.6582053 
-219.6302 80.29886 11.935961 10.222965 -11.006705 21.853024 -12.688671 5.034125 -22.461458 18.961569 -12.502741 -5.4708195 -8.72681 6.679322 -4.599083 1.2120384 -10.099767 -0.34405 -13.169071 -1.6966109 
-344.24252 95.01486 41.25364 37.524887 8.422298 14.404349 -15.408871 16.763512 -23.02377 10.0036745 -8.552587 0.37611008 -9.903448 -0.11032527 -14.406736 -1.077663 -11.772254 4.9229107 -11.720512 1.366442 
-273.30334 162.20088 3.19818 -11.521975 -21.270695 2.2226727 4.0496244 10.469074 -32.979275 12.925335 -17.712223 -5.9285827 -0.2754177 2.9154198 -0.7415952 -2.4191012 -11.765076 5.4438562 -11.702133 -1.5663773 
-319.01224 142.21393 -13.984838 12.188992 9.709103 22.663794 5.228492 -3.9762666 -26.28713 10.019372 -15.8195305 -6.0520854 -1.0856348 8.454779 -0.09926232 1.5589285 -22.457243 -0.3486192 -6.3097467 0.20069589 
-385.54843 132.53403 22.859772 31.725285 15.099232 14.995178 -4.4162006 10.498118 -14.254237 3.7514431 -13.666347 -0.9504351 -7.248485 -1.2701887 -11.720677 -0.19375637 -11.86866 0.70528674 -7.017981 0.488872 
-308.97906 147.75415 19.9478 8.650242 -11.551258 7.941357 10.743962 5.532404 -25.486135 -3.6284938 -11.846788 6.4977055 4.2041373 3.5961363 -11.489751 -0.9058726 -9.665383 5.4529753 -1.83649 4.552477 
-306.23993 99.4923 44.877014 7.2724185 3.9517643 17.126436 -16.890894 13.782886 -25.928076 9.929638 -14.3978405 7.312437 -0.3907417 -0.9307611 -16.128504 1.1209252 -12.653553 6.710433 -8.970316 2.8763552 
-364.27585 127.2391 32.065086 29.250048 19.853212 10.019902 -16.66288 4.2886295 -17.724058 5.6699543 -19.894794 -3.116244 -8.375671 -2.2657588 -11.734366 -4.0982323 -8.163516 9.97424 -11.913707 0.057903714 
-392.76984 136.0252 18.252342 32.97483 12.645974 9.423627 -9.493115 12.166219 -11.490968 8.293925 -11.708133 3.1735756 -6.678278 2.6594357 -9.823067 6.3537273 -10.297152 2.3966463 -9.826847 -0.38290823 
-392.37527 134.37872 18.825571 34.676476 12.764513 15.104383 -8.093123 13.207691 -11.013867 11.150608 -11.868522 2.0036197 -6.5190034 1.616734 -12.977295 1.2097912 -8.887078 6.0677614 -8.826569 0.86915183 
-414.2636 139.56418 14.384577 37.177074 14.482964 17.411777 -9.778911 15.904132 -9.809627 8.644305 -16.048336 -1.9389713 -8.30605 -1.461696 -12.791067 1.1633946 -13.951454 4.876518 -12.935083 0.7635759 
