-588.45746 170.15057 47.195835 31.636583 4.427262 32.73906 -11.306735 18.198746 -4.2089176 10.488285 -7.506373 -1.5910517 -1.3111465 -10.863313 0.64624166 0.70036936 0.28083515 3.6546614 -6.123779 2.589127 
-555.36066 172.53847 47.917217 28.69822 10.803904 30.09589 -6.967853 14.245187 -3.1614506 6.863352 -4.0005455 -1.3998377 -0.95597565 -9.268848 1.7456993 -0.38023508 2.0719748 2.4639714 -5.7642994 0.87880695 
-531.8724 175.32155 27.283278 50.919292 14.714076 19.084002 -9.453452 7.4406304 -20.607735 3.3653095 -2.4663458 -10.087267 -6.170527 -5.4658685 5.861997 -0.7016746 1.8101995 -0.05944252 -4.327042 2.155608 
-499.42688 167.31671 -0.7577945 68.19993 23.467077 16.760822 -8.957814 -2.1539373 -28.933437 7.431231 5.475361 -5.476022 -10.095955 -6.071761 0.5878099 3.2746866 8.571578 -9.684331 -6.1955185 5.711625 
-454.50064 148.21059 -3.2396884 61.376945 19.106474 16.107023 -2.5316503 -5.211046 -26.206032 1.10183 -0.71798426 -5.9457493 -9.040647 -4.57174 -2.331387 5.972474 4.8171 -6.0387807 -13.528452 3.1200554 
-481.05295 163.4402 11.663135 55.650673 18.255224 9.262058 -6.9463034 0.34880945 -26.652672 -0.91368675 7.153161 -11.189838 -6.354524 -2.5910788 -1.1506308 6.17686 6.705731 -4.6505504 -10.900879 2.377403 
-461.14105 140.40797 30.75232 42.42414 18.426939 -4.298146 -0.9287037 -1.8234469 -32.625683 6.1944933 6.9310083 -13.859316 -9.4851885 3.757295 2.7904813 -0.5779846 4.331165 0.08103185 -7.8561215 -1.7767388 
-352.5637 169.12816 -26.804543 24.0877 4.11365 -22.157286 -8.646456 -16.917397 -17.787676 23.477034 26.997993 -9.695639 6.630252 -3.8610272 -7.4870987 -3.8638988 -3.139504 -15.28571 5.43623 3.050619 
-362.81866 169.20667 -32.82451 28.97185 12.64092 -19.603794 -12.367907 -21.298805 -18.100365 28.254175 22.807415 -23.154623 8.625018 2.2138917 -1.446419 -3.287369 -7.6764536 -17.106497 5.6387424 -3.6591573 
-425.65253 160.565 4.9485083 41.762867 12.113415 -12.113994 -13.162876 -21.314888 -13.808514 14.348302 10.183917 -19.433289 10.947868 5.775702 0.44380125 -4.558868 0.11584565 0.3710662 -3.5455225 -4.703005 
-571.5681 165.16049 40.922844 34.738235 9.882277 24.089312 -9.942025 8.745495 -10.326643 12.697569 -3.6540446 -7.747355 -1.7497766 -5.0659 -2.3842134 -0.32529232 -2.463884 2.6715624 -6.2445707 1.7880263 
-563.885 162.80092 40.361557 39.173237 9.33105 27.109169 -14.235947 10.702198 -7.185962 6.4158535 -7.59597 -7.7013645 -4.077432 -3.7620442 -0.28060886 -0.19635564 3.8482683 2.4026327 -4.8031497 0.13853557 
-568.6819 155.20361 38.11312 38.18014 -1.7840124 30.83664 -12.304287 10.550151 -3.5506647 1.4608876 -5.725367 -4.0735188 -8.118133 -5.790476 -3.0703304 -1.4586364 2.2818222 -1.2869663 -6.764836 -3.544076 
-569.5406 157.16962 44.415237 43.217636 4.948824 29.916487 -12.58055 11.334089 -10.004154 -0.99474037 -6.5437036 -5.351203 -8.036468 -9.583958 -1.3734311 -2.0203998 -2.7575464 0.14954638 -5.004334 -0.069774084 
-560.60004 163.67488 33.308662 38.61283 13.891987 30.215935 -19.354307 11.262283 -4.6145234 4.5609117 -7.901913 -6.2718735 -5.0791264 -8.284679 -1.9100813 -1.3702245 0.55108625 3.3390622 -6.122031 -3.1585786 
-579.22437 167.69727 39.479534 40.947544 6.8935614 31.887783 -13.070523 17.587542 -5.7155294 2.7228363 -8.201161 -4.860018 -5.916116 -11.999365 3.3191175 1.6492945 -2.429069 1.4492054 -6.0032716 -0.15314989 
-558.06824 166.92291 17.057398 49.712578 16.454208 25.127483 -11.844913 17.060814 -6.464527 0.22229284 -9.89541 7.0787854 1.2951546 -17.256142 2.1786108 5.214803 -4.8674316 -3.2813227 -2.649804 1.5572962 
-576.43384 165.68912 40.65887 43.642673 10.773566 23.510553 -10.085197 15.684542 -9.798325 4.6021924 -5.7154927 -8.699529 -2.7106593 -9.777279 -2.3043196 3.984933 3.3835728 1.7135501 -9.555773 0.7223351 
-490.02518 169.26624 61.655273 40.679844 -0.75537837 -20.339176 -4.4532676 -7.0024242 -19.957872 4.8887415 3.1995401 -16.548126 -4.988372 -2.2448046 -6.064691 2.358978 6.837844 1.8778712 -5.162639 3.5784166 
-368.99915 154.55621 14.6907 17.598501 -11.628591 -9.585961 -8.591853 -8.917338 -8.931733 12.199114 8.931058 -12.226807 -11.682085 4.4982333 -0.26651987 4.3467236 1.8034289 1.6367637 5.697036 -6.0613637 
-347.0387 192.60974 -49.17354 30.179396 -0.29828855 -25.397453 -13.984824 -21.53968 -2.915345 18.575436 12.5576725 -14.762512 1.4640971 -2.4225383 -4.3297114 -6.698773 -5.1155834 -6.9836063 6.0423965 -6.7195435 
-422.54956 157.43495 -2.2924943 65.82665 21.750034 -29.577705 -10.010994 -29.972836 -15.711714 4.3603406 -3.853568 -29.642784 13.157235 9.219401 -7.3018374 -1.9780148 14.671446 2.533761 -13.011392 -1.8117216 
-550.51855 160.96805 32.33475 41.06054 12.13217 16.141262 -5.5281196 8.10519 -11.463962 8.08349 -10.963022 -15.065004 2.2058897 -3.9852574 -3.2449558 -0.42900345 4.6919584 1.5561062 -8.255726 -0.28708872 
-587.5338 171.23802 43.61689 34.152573 3.147226 32.205288 -15.128121 13.43387 -11.479431 4.922801 -9.352181 -4.17866 -2.615651 -10.671566 1.4889618 3.4273834 -0.7589004 1.0494714 -5.579796 3.2629266 
-583.5919 170.38724 52.065125 31.667233 4.6987653 29.263031 -9.070703 11.306894 -5.516692 6.851515 -7.265363 -0.88777494 1.1801683 -6.8329983 -2.1959808 1.2644272 2.599898 1.7242976 -7.045854 1.1547092 
-577.84924 163.99176 50.550198 34.58641 8.758784 29.474169 -11.246812 15.036063 -5.6558185 4.934916 -4.9170117 -5.4748783 -3.600471 -11.060513 1.0419055 3.3966017 1.472301 1.2030423 -8.235616 -2.5345097 
-568.18463 155.84589 45.323 49.799423 3.9548438 30.394009 -10.802921 10.442354 -7.73811 2.8068345 -4.7593384 -0.35095277 -5.091809 -8.079223 3.8358905 0.7613375 -1.3581129 1.2507005 -4.5910244 0.79282063 
-539.3689 142.07196 43.981186 51.36788 -7.0533237 30.057573 -13.446629 15.936504 -16.237991 3.3784747 -3.7910085 5.1581755 -13.965423 -9.325497 0.90160686 -3.847084 1.2540662 -0.3217469 -3.894922 -8.86399 
-466.5777 167.427 52.534927 30.341679 -13.075159 -6.6735764 -8.446705 -7.5774884 -14.4235735 3.8375673 0.7184345 -6.6638584 -8.799614 -3.9741118 5.103295 -2.959762 10.9349165 5.7794104 -1.7690647 1.9298291 
-340.8608 193.32886 -31.048069 7.2474194 -3.4899156 -21.574717 -15.500515 -20.731922 2.3924243 24.28391 11.923906 -11.902134 -4.1756344 -6.419379 -0.81102127 -3.0905678 0.33855784 -7.8701534 6.4559546 0.042642713 
-439.63306 209.62482 5.9231052 10.03872 -15.568863 -11.757067 -3.3752222 -1.887258 -11.196943 6.184438 6.9186764 -6.032362 1.6058564 -5.6007557 0.1049597 -2.5904288 -1.0816313 -1.4114127 -1.0640416 -1.8941035 
-467.56808 170.7204 23.159386 24.772465 14.430546 2.396632 -5.7315464 -16.104895 -9.843184 12.762173 5.5027466 -10.958569 -5.174681 -1.6345385 11.80072 -9.982691 -7.212994 7.0735607 -4.20667 -2.1952107 
-465.34583 148.52217 50.279804 33.83564 -4.483082 0.6942522 -2.8725157 2.5106678 -23.375929 7.736841 0.3754826 -3.2799683 -1.6226796 3.444398 -6.841661 0.5361542 0.09346178 5.077294 -8.78083 -1.1787254 
-456.36057 106.68637 43.581398 62.39578 4.214161 -0.009054502 -3.649207 4.9031897 -24.802135 13.937909 -2.7304404 -14.127792 -3.9896116 3.30547 -13.140352 3.95661 3.805184 -1.6879218 -4.5877028 -4.5467286 
-550.7052 161.63116 44.314053 44.181953 6.276369 20.447502 -7.703983 12.865213 -8.795591 -2.2907572 -7.2947636 -4.905905 -1.6094445 -2.6532874 -3.4199307 6.7164044 4.7115765 -0.9277736 -8.961631 2.1941009 
-533.852 132.32465 53.356308 52.62657 0.120309405 16.038921 -0.723379 -1.3884168 -19.337976 9.727502 -9.37772 -5.409558 -7.612163 -5.133667 -3.4440439 1.136355 -0.43381813 1.9487654 -3.0346658 -1.9918895 
-476.30084 163.1853 15.268897 50.673985 10.267912 -0.009503047 -20.263712 -7.2424793 -24.178764 6.7597303 8.059893 -16.074913 -4.0307603 1.9070127 -1.9867808 1.0240585 2.4464526 -3.767687 -2.0769298 -5.188636 
-430.21594 134.69455 27.25541 26.112122 -14.377718 8.501049 -2.589179 -3.6887088 -19.890812 19.51943 2.888902 -3.1124353 -8.162 -2.2370512 -3.1003046 -3.0102072 -7.6751056 -1.8177193 5.7756696 -5.892067 
-476.01883 177.97174 12.855009 44.241802 16.098402 -18.638393 -11.583796 3.7719862 -21.738506 1.5707629 1.2809285 -5.3254237 7.9994497 0.2681632 -3.5868611 1.0174797 8.017294 -2.1092706 -4.268849 1.7310301 
-520.24817 178.91255 32.670242 41.209465 2.922826 1.8737234 -10.021727 9.322281 -16.222906 -2.1036441 2.2308025 -1.0701898 1.7558208 -5.8044825 0.18717612 -5.1012945 0.6432206 -1.1209949 -12.807342 0.6086085 
-562.99243 162.58649 43.04126 35.346905 8.677286 26.557152 -6.1338315 12.100582 -9.292213 6.419305 -4.080847 -4.466938 0.9000366 -5.713135 -0.6132074 2.5663388 3.4355612 -0.43029168 -5.5167317 3.641675 
-575.71967 165.87526 46.960934 29.162926 3.3005276 29.604391 -7.9032507 7.879654 -8.00568 7.9597178 -5.657567 -4.2473407 -3.0273964 -7.003628 0.1442732 0.29370412 -0.20892814 0.05805013 -7.457651 0.3704712 
-451.03137 211.61502 7.736388 -1.2156305 -17.868065 -9.276653 1.2469655 5.0756383 -15.6486225 9.747353 18.818386 -5.887434 3.1613753 -3.5187428 -1.283846 -11.927386 -2.1505048 -1.3796545 -3.8575244 -4.387701 
-394.25363 189.15909 -29.40264 35.866272 13.275152 -15.37265 -4.087351 -16.63892 -21.204052 16.59587 16.67771 -15.9341545 -4.9643235 1.5004411 9.796883 -15.991096 -7.6804767 -4.111427 -8.788646 -1.9217974 
-393.1622 150.66974 1.9195213 46.55662 48.97338 -20.939812 -20.428368 -10.076536 -38.47885 3.4344964 4.620943 -23.268002 -1.5880444 13.129701 0.71955734 0.21195354 4.46472 2.5113933 3.0623899 0.39407974 
-490.8561 158.02972 32.284004 45.40358 12.7831135 4.954446 -19.475307 4.4253407 -31.261963 -0.13481241 -2.6162393 -10.681742 3.2988796 3.6830728 3.5067275 2.7203226 2.1885006 -0.51251113 3.2109156 -1.3940097 
-580.51434 167.87665 51.143417 29.691854 10.143774 26.968239 -10.888078 10.028625 -10.078903 3.1964502 -9.513915 -1.9961787 -3.0249438 -6.489542 -2.619359 2.9995801 -2.9996705 -0.582302 -10.187637 -0.34037095 
-582.11536 170.53206 50.532276 34.229336 7.0317726 28.407665 -12.800629 8.151563 -6.018191 6.27091 -5.381447 -2.4984584 -1.3449264 -7.1091833 -2.22558 -1.7370858 -0.77640843 -1.8359699 -6.9195414 -3.902529 
-452.71188 174.58672 -0.44729793 33.871056 14.622142 -13.301046 -8.907645 -13.498792 -12.338198 14.379554 13.792288 -15.279055 1.9095122 -2.175423 9.059415 -8.444052 -6.9726195 1.2595353 -0.015143103 -5.666819 
-430.38406 181.09142 0.04335658 44.90869 19.369154 -20.452454 -12.404159 -17.134275 -8.577665 10.5559025 5.8896813 -14.789595 4.9473124 1.1859509 13.9250965 -7.0481005 -6.342743 5.034086 -3.0861928 -2.4731207 
-459.53796 164.518 26.891785 47.81627 18.653807 -2.2037406 -4.9690113 -15.902912 -22.193413 0.78407985 9.375613 -12.339653 -4.308989 -4.8519907 8.739817 5.10388 1.21656 -1.7040675 0.020027557 -0.7351971 
-476.74066 155.6879 32.401283 27.424814 11.389172 -0.43515545 -6.8509884 -6.8118777 -19.473228 13.630078 9.1184845 -4.3312125 -4.163509 -1.9069036 -4.328631 3.1564202 1.5046992 -5.5973163 -3.4113047 -1.1982436 
-439.4786 185.35042 10.496563 24.053293 27.643934 -14.858307 -13.903924 -21.450706 -16.062223 7.1086154 11.978329 -14.109119 8.401858 -3.0526466 -4.235369 2.238954 4.9862976 -5.3387184 -4.7896156 4.4438925 
-465.18094 204.66833 17.041773 24.242353 -10.849613 -17.460602 -5.925585 6.8399367 -22.118782 -2.3267536 7.042809 -2.431553 8.038035 -0.7643189 0.3596787 -8.64913 1.316128 -0.77262187 -7.473659 0.5800885 
-537.5515 189.09392 33.522926 32.04402 -1.7451019 10.102927 -8.834093 2.5227098 -37.181618 -3.8507516 2.3239715 0.35873434 3.7817895 -5.515094 1.6486249 -2.5964596 4.0027475 0.64091897 -3.4384139 -4.1002493 
-571.5704 173.83002 49.91191 36.822235 5.3986607 26.898905 -10.339955 8.20416 -17.118317 0.360216 -2.817053 -0.35542548 -1.5730623 -10.961987 -0.036978617 2.509247 0.07301467 1.6577511 -7.503329 -2.1695242 
-589.33765 180.0858 52.32175 30.454264 2.74117 33.93792 -13.195908 11.019583 -12.352322 6.517149 -8.309659 -6.222415 -6.273319 -12.638508 1.0557474 4.052245 1.4618595 -3.346454 -10.324818 -0.6049292 
-579.317 176.52704 51.935493 35.504227 2.6784408 30.969639 -11.4277935 9.255367 -8.425614 0.8199793 -7.970921 -5.583721 -1.9495931 -8.460711 -1.0613084 5.418281 2.5468025 -0.514858 -5.819283 -0.52450097 
-454.46545 188.14743 22.209055 37.4882 14.04759 -13.971691 -4.550053 -11.126149 -27.333096 -2.7026672 5.1444917 -9.944074 9.42372 -1.8550663 2.5085003 -2.0175798 -0.5492543 4.107406 2.052251 -0.14074844 
-486.5685 186.57973 -3.4179866 48.77215 13.078818 -2.5840538 -4.2967052 4.011236 -36.457428 3.4989042 3.0709033 -8.91438 2.3623297 0.53007776 2.3323886 -0.9034625 -1.1502702 2.1854174 -5.7819347 -0.061721127 
-515.02203 185.24355 24.42718 32.433903 -7.875585 -4.8435955 -4.3146224 18.0789 -19.107166 4.453487 4.55007 -1.2860069 2.5622349 -2.6219711 -5.2896404 -7.02352 -5.9377704 -1.1238414 0.03911376 3.5596216 
-568.0124 166.53644 38.74119 32.625336 8.578575 29.043789 -9.062813 17.337366 -11.910562 4.924301 -4.5152035 -4.8671923 -4.3662386 -10.5963 -0.6673738 -1.5098915 0.12682432 0.42104346 -5.2851453 2.7647614 
-586.362 167.6388 45.41483 31.514278 7.206362 31.350637 -11.290841 13.06925 -10.197403 5.8029003 -7.539795 -3.9867277 -6.526807 -14.114859 1.7249392 1.8051133 -0.6972873 0.85575616 -5.118488 1.9604367 
-589.39795 132.02797 41.560787 32.452267 17.07329 15.0217285 6.198622 -0.058208883 -9.138966 -3.1444054 4.4911575 -1.523086 -6.065136 -10.774135 -1.4615452 1.3532159 0.42891514 2.861563 -0.9725238 -5.1247687 
