-325.1515 109.356445 44.39416 27.984104 14.746628 3.924675 -18.56457 -4.494303 -20.524687 -5.8716807 -3.7400386 9.650004 -16.65212 -7.0792108 -4.057545 5.3930864 -7.4686737 -0.012686504 -3.379856 -2.0158067 
-227.4715 125.42022 7.0766215 29.393602 46.49978 -19.454687 -25.295677 -27.356655 -23.319603 4.564813 -18.44204 3.717754 -11.808484 -3.1885478 -2.9977603 7.3779593 -13.654506 -1.5882571 -1.732307 1.5087485 
-263.77017 165.6385 -12.492751 24.050785 30.011421 -28.510311 -17.305872 -21.12616 -32.196568 3.2448332 1.6806242 -2.2452035 -14.634151 -5.3425603 -14.225179 6.6667304 -16.008764 -2.2513266 -5.3044596 -4.1786594 
-375.77264 175.44818 30.793526 36.193882 13.274557 -5.082654 -16.598213 -6.2593045 -12.681464 0.15611103 -5.9526377 -1.0670333 -6.296747 -9.733446 -12.571624 2.0296588 -7.738991 -7.2546268 -2.7686496 5.7419868 
-357.4799 163.58374 33.1569 24.311485 21.740105 -3.6410344 -9.618961 -9.697656 -18.540926 -8.089309 -7.0614257 6.623006 -5.0263004 -7.4132953 -11.159088 9.69578 -9.28809 -1.6785873 -1.9116023 3.682828 
-295.95642 120.98569 23.572643 45.86418 24.438738 -24.54655 -17.578072 -5.8547297 -32.000763 -16.970638 -11.521629 1.9557993 -11.070086 -7.9155993 -10.231413 7.013577 -12.2140045 4.1867976 -11.681658 2.561381 
-278.93488 99.19558 40.99372 25.695808 9.737622 8.100408 -12.291539 -8.936268 -31.914822 -6.583555 -9.450394 6.9132257 -19.138348 -3.2348258 0.70661324 4.0497146 -12.954895 2.030393 -5.7658286 -3.544147 
-306.08527 62.097656 57.713867 57.70678 20.669641 0.8978742 -7.019374 9.774063 -22.64348 -1.5307429 -26.826256 3.9178267 -12.683369 -7.7867684 -14.097667 5.0874777 -17.766457 -1.3679086 -12.974948 -1.368112 
-352.4696 124.53589 53.874435 42.40532 19.397383 -2.108117 -8.873513 7.1122284 -28.42539 -4.095878 -24.431269 -1.7119292 -9.911636 -7.5718894 -18.119751 5.5214834 -7.057661 -3.3785057 0.43407053 4.0689497 
-314.38107 89.46423 24.390144 58.596664 27.22068 1.0244002 -8.541531 6.157993 -21.096397 -0.9599364 -21.12542 -2.2858605 -4.0154924 -3.9557157 -14.235284 3.1839056 -11.592331 -0.51980746 -3.7324533 0.48188147 
-274.29254 111.77182 43.120224 29.023031 19.720547 4.5482063 -11.432205 -8.716684 -24.451397 -15.0567 -21.673382 8.173144 -12.539595 -1.4944305 -11.963486 0.0273704 -12.666628 -0.96058 -4.034085 3.1235397 
-258.02826 177.9477 -13.913991 16.946156 36.566216 -21.073761 -14.814433 -14.090424 -29.542355 2.1900542 7.1220756 -1.2186629 -11.154489 -2.0143566 -17.121845 12.69669 -11.0519705 -8.791416 -2.6432703 2.6856382 
-306.9228 134.95671 7.4357233 38.016174 14.386669 -1.116535 -23.16826 -5.2600217 -21.088484 8.730445 4.570658 2.3290765 -9.235938 -2.371136 -10.148946 5.1358857 -8.145972 -4.8612075 -1.2263519 1.9784818 
-412.89508 139.13666 -3.3516197 30.3032 4.8017917 10.576862 -0.58051425 3.0673323 -10.616783 6.0043454 -4.6296067 3.436041 -1.5797197 3.0261874 -9.473587 4.349081 -7.248921 -3.2575176 -6.96462 0.7804552 
-419.67322 125.55835 -5.4087076 39.382065 10.930745 13.71519 -6.0529494 9.310944 -0.084058605 0.48924765 -6.956072 4.0676403 -4.3231883 1.7995296 -5.803318 5.084218 -6.7070127 -0.7344141 -4.5302525 1.0324358 
-298.52676 169.12437 -8.658098 20.662865 21.764034 -24.977287 2.1418784 -3.8307996 -31.637123 9.712602 -0.56705636 -7.240872 -6.0055423 -4.1750684 -22.26056 12.076501 -8.868115 -3.0332983 -9.836418 -8.77691 
-280.313 188.84502 -11.023057 2.2428458 -10.749904 -16.281376 11.096481 7.5885715 -27.318943 2.246444 -0.094022274 -7.2976246 3.2981825 1.9271442 -27.777367 2.944089 0.14772063 -5.538297 -2.3429725 -11.027243 
-359.06335 184.67384 23.94085 19.433254 -24.025902 -17.400312 -4.69742 -1.2775124 -11.8534 3.6779468 -8.383878 -5.4453726 1.267074 2.130765 -9.31948 2.865542 -5.8795705 -2.9526827 -1.9789183 -2.1489666 
-298.37393 179.36559 12.141508 30.444597 17.517181 -27.434687 -24.689444 -3.7557743 -27.48244 -8.116435 -3.310808 -5.725734 -4.0132694 -2.4491968 -9.846514 4.864088 -6.253109 2.1126661 0.95922387 7.361384 
-275.29465 172.20381 12.108257 22.489752 9.840234 -24.364847 -13.00293 -7.9364505 -24.114302 4.6859074 -5.6451416 -0.16348955 -7.6689887 -7.0125017 -17.396542 7.4576144 -8.55048 -7.4957404 -1.7342379 0.29271853 
-235.26402 136.97437 4.9382977 29.386492 -8.204604 -26.424742 -4.0692472 -6.690115 -33.624393 3.5715437 -4.353979 0.0747065 -11.303526 3.4199579 -14.660353 -6.7607074 -15.636152 -2.5030978 -10.817256 0.41024303 
-245.63992 150.9054 -14.229797 42.44474 35.42696 -30.396545 -20.431923 -19.80078 -32.23523 5.374834 -12.088984 -6.134379 -4.47976 -4.58267 -12.199214 3.9513042 -17.87255 -1.7156161 -1.0258977 -6.23006 
-291.99176 115.58355 21.413942 47.06672 20.615892 -2.8033876 -5.5727496 -5.4835367 -33.590775 -1.9656272 -8.80794 -0.30306688 -8.1807 -5.920328 -9.984081 3.3767457 -9.945461 2.997366 -6.1578016 -5.6570487 
-298.34644 160.65013 10.1280985 23.836142 17.166819 -10.554423 -23.194986 -10.185274 -15.531542 0.9105564 4.596731 13.34127 -8.357457 -9.105931 -7.165266 4.7001905 -13.044757 4.2192593 -1.2230626 -0.90458924 
-298.58557 145.72704 5.4401793 28.905453 25.043089 -4.8190594 -22.691374 -13.3145 -18.40571 6.4921856 -1.1072862 7.183292 -13.409022 -1.9955087 -3.5776982 6.7065735 -12.975981 7.6437063 -8.795168 -5.362459 
-342.8573 147.88312 32.167007 28.456347 12.61566 0.3388852 -11.5161705 -9.90253 -22.989737 1.3850338 -2.307572 2.5139694 -17.140736 -7.466751 -7.744312 6.3620343 -7.6649237 3.6914732 -1.705874 -2.5747037 
-349.26053 140.17235 18.85808 38.28207 12.871937 4.460698 -7.7669787 1.5678271 -14.781087 -3.5474725 -17.123552 -0.7765849 -2.1868067 -3.6268322 -9.977603 6.05777 -10.516673 2.2285755 -7.408286 -1.1254438 
-370.19345 166.74045 7.9975686 39.289413 24.728788 -11.489284 -27.759443 -10.0037775 -22.547798 -2.4430761 -2.2822285 3.69884 -5.468886 1.6645603 -6.473836 6.8021984 -7.11546 -8.704187 -11.416326 4.773418 
-379.64334 174.88275 8.235927 22.694489 0.66737694 -8.628834 -14.018826 4.8624783 -7.5562353 0.17420775 2.6154485 8.436306 1.572647 -6.0004034 -12.741356 1.048812 -7.2987943 -2.1416883 -7.2070107 0.8800431 
-415.40396 177.18996 31.054161 44.918106 -1.7136521 -11.640002 -28.996012 -6.6597342 -11.790562 1.2373681 -0.474448 4.8567305 -1.673944 -0.6475892 -4.9502044 -0.15260273 -0.86254394 2.2128947 -2.418434 1.0476007 
-406.5391 151.80801 -7.9279537 50.8173 29.080729 8.399211 -20.929222 -1.4966838 -12.002825 -6.3733687 -10.241117 -0.094411425 0.12917076 -0.2121475 -5.2790937 4.8747797 -3.8910587 -3.5793583 -3.40903 4.6507683 
-406.26868 149.92703 12.089735 40.105717 11.838945 6.3450375 -16.349503 -9.260315 -19.24218 -2.5821898 -5.6830435 7.3299737 -1.599263 -0.82280254 -6.930806 10.119274 2.5127707 -2.3928764 -10.433596 -0.82050294 
-428.4809 140.22374 16.611767 30.68328 6.4497943 7.4188595 -3.5256476 4.905319 -10.080041 0.2514106 -8.3102045 3.756972 -3.6100774 1.6816707 -5.6700788 3.3569696 -3.3256707 1.9955839 -10.536437 -0.67169225 
-436.95276 130.92746 14.74715 27.212503 9.003492 12.916657 1.3596095 8.5311985 -7.141866 5.38593 -3.5617456 2.7080736 -5.757166 4.6146183 -2.6995225 3.5087602 -8.048761 1.2309974 -9.011273 0.69712764 
-381.38852 161.17604 21.699772 35.43408 8.440295 -13.515186 -14.586973 -1.1639302 -20.52523 -9.280824 2.3797908 12.220337 8.765465 7.6708426 -9.417652 2.105143 -8.483011 -4.331237 -4.4380217 -0.94197357 
-386.13538 171.15002 26.040686 41.191826 3.7141767 -10.612013 -9.216206 -7.5694866 -24.196953 -6.358571 -4.674668 5.2295513 4.8881965 -0.46823278 -2.7534335 4.289007 -6.846262 1.4337008 -2.8700876 -6.7374363 
-456.80377 144.40326 12.1873665 37.648907 8.746002 10.37582 -1.6365876 9.037696 -6.0927963 4.139133 -4.8337 -0.019267984 -6.9139347 0.027231123 -7.286543 -2.2800531 -5.978983 0.13861302 -9.263928 1.1309808 
-360.4469 130.83885 22.12911 21.038324 10.1836 -9.17608 -6.9653287 -2.491834 -19.65445 4.33957 3.5225954 6.5237637 -7.560765 -0.7933005 -12.245877 2.3433702 -3.9682367 5.772022 -13.421151 -0.41507614 
-272.00757 159.45947 23.401903 35.506535 7.1977344 -31.05994 0.10778639 4.305512 -32.582462 -11.487178 -14.502453 -4.456281 -4.794309 -5.8687925 -6.734646 5.3319736 -11.638312 4.2994466 -2.514454 -3.8755586 
-248.70808 139.75827 -6.1341586 23.530151 24.590067 -9.224132 -19.831581 -14.760241 -29.673244 5.9059253 -5.8313985 -5.6470566 -12.33538 -7.477705 -7.2672586 4.494524 -12.61326 -8.175405 -11.670303 -7.7664294 
-278.19458 137.98859 13.005727 37.999283 24.19118 -13.024545 -26.723932 0.42421165 -39.74088 -12.76121 -2.3567364 17.959322 -7.6435413 -3.8848708 1.2218442 -1.7029214 -11.476693 -1.850474 1.1842861 -3.406169 
-301.1457 108.581635 42.989754 30.014017 -1.9617364 -9.049756 -13.680327 9.844326 -28.423805 1.068618 -5.971182 9.252295 -1.3143443 4.2392473 -3.4186697 6.268165 -1.1596425 -7.3536096 -3.7129605 -3.6436577 
-384.45944 163.54602 17.718283 31.15806 14.407828 -6.774945 -21.532343 0.8107326 -12.601002 -2.810272 -4.014912 6.470144 -6.2282767 -7.9404535 -8.063478 -0.23301697 -9.945309 -5.0434065 -5.0680485 -2.959866 
-364.89255 126.96359 33.23733 12.871473 5.5493464 -9.366331 -8.068503 1.0367048 -13.746892 5.6419883 1.0197891 11.106838 -2.1593165 1.1303518 -14.6193285 2.9840715 -8.905628 1.0318686 -3.7338383 -1.1974491 
-275.4801 162.79498 -4.9386425 19.870466 15.344971 -28.06117 -10.203611 -18.952808 -33.9881 -5.961202 2.26563 12.631267 -5.1455193 -11.673008 -2.5289311 6.6025605 -15.650009 3.110835 -3.2221274 -3.7516077 
-303.05048 187.89021 15.860681 28.624582 -3.6881719 -29.150076 -14.776679 -10.394201 -25.866207 -14.881681 -7.4791064 9.932595 4.0999985 -7.208085 -9.117536 1.0139613 -6.6795855 3.3837283 -0.53478104 -5.66197 
-304.33057 173.73248 -16.506773 30.326439 23.130114 -19.444414 -19.184227 -7.7949862 -30.169046 -3.8640208 12.513976 2.8013518 -0.977793 -1.8381454 -9.005323 3.2188745 -9.475132 -9.867452 -1.9941287 1.5610822 
-367.21423 158.43988 1.6172074 38.515995 38.351364 -3.2881265 -23.771935 -12.439265 -19.420855 -3.2826228 -11.60803 -6.7076197 2.161136 0.1846902 -6.5173917 6.52656 -5.036295 -7.1945953 -2.686359 3.907527 
-365.4417 192.78717 20.397366 37.213493 -14.327713 -32.011784 -15.535102 -2.8165495 -11.01935 10.387043 -2.3381097 -5.593771 7.2511673 -4.616646 -14.218391 2.7025197 -9.91047 -4.2305627 -3.5257149 5.052804 
-354.21164 168.25935 -4.493392 17.131292 -0.067642845 -16.35796 -17.00743 2.3224516 -15.671337 6.0343804 10.497591 14.578018 -2.1692393 -11.679135 -16.739681 3.9359598 -11.516071 5.0754056 -3.0107608 -1.570738 
-392.1167 153.33293 23.866365 30.320892 15.110908 5.101096 -15.685237 -9.484811 -15.345325 -3.4415388 -5.885423 1.1256686 0.40533468 -0.01790423 -6.9870954 6.4346933 -4.5328193 -0.5279114 -3.6560185 -3.3119924 
-406.8471 174.03575 17.605944 36.338337 4.765546 -3.667155 -18.080818 0.19544472 -15.342492 -4.823113 -5.5821195 10.5461035 4.805072 -0.4368941 -11.175483 2.5899363 -7.6172266 0.18294868 -3.4865656 -2.979695 
-401.76596 172.90938 14.256882 27.577568 -5.0251365 -4.4960213 -14.258696 11.391616 -10.3801 -6.4447455 -2.554001 5.120787 0.62813634 -1.7874426 -6.2560883 -0.4811529 -11.048589 -1.8722997 -2.680972 2.4911585 
-372.5632 82.7525 37.467182 45.27732 19.757978 3.719199 -5.1419535 23.631487 -18.635382 4.443815 -10.161254 5.8781743 -11.853778 3.650704 -9.956404 2.4266546 -5.2058983 2.8585756 -7.3524303 -0.9595634 
-402.86182 117.34797 35.609173 35.563156 17.44472 8.317049 -14.657211 11.742518 -25.118217 0.730987 -12.943394 0.41754997 -17.156437 1.4019198 -3.2118773 -1.4033986 -5.683676 -3.4223995 -5.559519 -0.8373235 
-423.5765 124.2398 15.046663 33.295704 15.073059 13.242176 -10.597166 3.6682646 -9.561446 6.3000197 -10.145039 -8.356227 -8.889592 1.233603 -9.956707 -0.30989674 -6.1328397 2.654692 -4.823381 5.724478 
-367.14026 134.13934 8.123526 31.122444 15.528037 -3.9328427 -7.425161 -8.654009 -11.932501 6.495695 -0.6828344 -0.9649063 -7.335737 -1.4203104 -3.3830004 -2.6643105 -7.589614 -3.356845 -3.2861562 0.044015355 
-218.46307 125.51803 -6.773041 45.65343 13.4426 -16.454134 -22.306366 -25.90406 -16.555002 -9.197698 -16.9494 12.553142 -12.966974 -7.8285184 -0.22000462 -5.7893705 -12.24336 4.936803 -7.1748343 -4.2346406 
-250.28738 97.86862 31.084377 38.612724 5.050502 6.241585 -13.813598 -12.513815 -28.296791 -8.131424 -16.57986 10.946642 -6.2686553 -3.9391158 0.67531765 4.973445 -9.280752 4.3096976 -2.8931437 -7.94298 
-301.89188 137.56935 17.201622 34.01672 23.35981 -1.5299685 -16.868969 -5.494887 -14.125217 -4.1669054 -9.496087 6.142054 -17.494267 -4.1331058 -8.815039 -0.57632446 -11.654809 4.6794405 -2.1034195 -9.244792 
-295.47104 193.59625 5.9800253 0.9136912 -18.176483 -11.974645 -3.9413855 -3.0835576 -6.9208074 3.1268053 -1.3679957 8.054053 -6.6027956 -10.360464 -12.699741 2.4265368 0.183895 3.2219284 -2.6627114 -11.157228 
-347.25214 160.51949 21.440773 27.961775 31.088419 -1.9972218 -12.064103 1.6860647 -24.801538 -8.649502 -10.154338 -0.15670522 -15.68178 -3.844034 -2.7982378 6.798652 -5.4373913 1.4995683 -2.2113028 2.2069929 
-318.2755 148.7109 30.270512 12.359516 22.7281 -15.122478 -11.55061 -0.6456792 -41.14227 -9.802332 -10.876303 11.9482155 -16.022644 1.0653481 -17.296322 -0.80467415 -7.4148426 2.8992832 -6.7339716 0.54458404 
-325.5842 128.08623 53.553146 14.658366 6.008777 -0.48793963 -3.4855106 -1.5885862 -25.352886 -6.1229997 -16.291008 8.424793 -10.437321 1.1590533 -13.493328 -1.0801911 -11.6586 0.7555704 -6.8029957 -0.432012 
-330.04453 172.31812 14.797161 21.387756 11.94609 -5.3744497 -2.8465993 -9.859589 -18.445 0.71313405 -6.788034 7.430086 -12.5834875 -9.010584 -8.98138 2.4478338 -7.932543 3.415598 -12.809903 -5.1221466 
-360.67862 175.23596 33.753075 33.252094 11.663844 -4.2224402 -5.8499565 -13.301259 -20.419577 -4.6333165 -7.459269 4.241202 -5.0315514 -9.796108 -6.41012 6.0298157 -9.088204 1.8419272 -5.389607 -4.3408294 
-338.6562 188.57892 24.725552 27.900291 -12.286634 -34.23672 -7.2912884 5.2444525 -15.129608 3.1539586 -10.396517 -5.885647 -0.93409073 -1.5190855 -8.632787 6.287062 -7.64464 -7.5650787 -3.0366883 -4.4540524 
-366.11847 147.09796 48.498653 40.462254 14.312186 -12.841084 -6.8669353 0.5483775 -22.984602 2.4240522 -13.886232 -5.5742 -9.906723 -2.2304904 -12.645168 3.3050108 -8.290356 -0.9324502 -5.7090335 4.139912 
-397.73245 170.02477 39.650497 42.008774 6.00947 -8.574256 -11.085934 -9.068251 -19.756506 -5.293005 -9.41705 -2.1584947 -4.4933476 0.4338718 -7.1971207 3.9929457 -3.3696158 3.012969 -1.2017118 2.7024267 
-378.83493 115.75011 19.257307 46.980648 31.929893 3.0504391 -28.91336 22.961695 -20.260342 -6.1339855 -14.410563 -2.0272007 -7.320754 -2.0146801 -5.030486 -2.1820772 -6.2710247 -2.574648 -5.9211416 -0.60292983 
-408.56052 147.92827 11.619027 48.446396 30.103333 1.2367172 -14.272261 5.8694434 -8.010459 -3.3577247 -12.698201 -7.046147 -6.1159496 3.2698352 -9.885125 -0.908279 -4.087914 1.2035643 -10.183815 -0.9758568 
-438.7051 126.317665 13.15104 37.157932 14.601979 8.280924 -3.6186066 13.667577 -5.640964 4.8671427 -6.463874 -0.57454026 -11.355518 3.8425517 -10.920735 4.4293733 -4.065086 3.19469 -12.205647 1.1870774 
-428.15918 154.18767 9.342457 34.862732 9.690855 1.7678926 -8.729222 2.4877892 -15.828037 0.11723921 3.44718 4.7707067 -1.5986549 3.4538713 -6.2729163 0.16992722 -8.299094 -2.3719265 -9.063632 -4.684137 
-385.73648 168.96118 14.134941 30.610552 6.0238943 -11.693172 -4.730345 -4.358797 -30.22502 -5.470492 5.5634413 6.5252457 5.7710605 -0.01661818 -8.675267 6.3424606 -7.344323 -2.1477344 -1.3274022 -5.4088645 
-259.52084 132.29645 9.681072 15.432117 1.8814793 -11.69176 -28.054148 -6.277919 -21.83486 12.285673 9.353224 14.925145 -12.836188 -4.243597 -14.127888 2.5888643 -11.713554 2.4462328 -3.5033746 -3.2579522 
-310.19016 168.84697 29.37795 36.05889 -8.3672285 -21.780806 -14.827535 -9.031358 -24.02146 0.3010457 -2.2437887 1.086113 0.09852049 -5.8545766 -13.611578 2.8555005 -6.1948495 2.4392252 -4.4760094 -2.3975213 
-339.34628 169.08762 11.409203 26.590464 25.677143 -5.596226 -17.668398 -20.264534 -25.488789 -9.599489 -4.28961 2.2054646 -7.538789 -7.5426126 -5.160544 14.087487 -6.9584236 -8.157392 -3.7477205 -1.637857 
-342.27792 99.83028 29.082376 32.050694 40.230656 3.4871461 -21.88281 -7.903059 -14.703615 -4.23645 -19.588278 -2.656781 -8.736507 6.3710527 -7.6851883 11.105525 -6.839102 3.0187666 2.4332507 3.5179255 
-353.96515 118.84018 41.529945 41.02629 31.269932 -4.7081523 -30.941406 0.20133537 -11.037571 -6.813833 -13.321246 4.1323214 -13.75307 5.0807223 -10.825703 5.0100975 -9.889199 1.08356 -7.2572994 0.58356863 
-367.5605 76.08745 53.97509 26.613823 3.0624876 19.37276 -16.007303 4.5710773 -6.8389826 -2.3341005 -9.426182 9.915417 -15.3343115 7.9273853 -3.693757 4.076455 -7.001368 -0.4171988 -5.584399 -0.5534763 
-368.38824 135.41246 8.848777 49.576958 27.077446 -2.9357152 -24.258638 -0.6630565 -18.101343 -2.6533604 -8.549427 -1.1842227 -5.9282236 4.750854 -0.4157864 10.924443 -6.9595203 -5.6484804 -3.0071158 -1.9464107 
-349.73746 129.9249 5.530316 59.35274 29.332964 -15.770453 -26.23096 0.31116062 -18.615902 -4.8393283 -11.487681 -3.683548 0.72007984 7.2395306 2.3983066 6.5190563 -8.87672 2.593053 -0.8985818 -7.0703826 
-395.44992 163.9899 7.144822 50.19355 27.974604 -2.1550028 -15.768173 -1.5244569 -16.517197 -4.5255423 -5.615231 -5.7446823 -0.84613186 -1.476385 -8.772677 2.3589876 -3.8882065 -6.2995663 -7.6586075 1.6758858 
-381.24994 166.56383 5.8293433 45.94523 39.918667 -15.261105 -19.29818 -7.8834476 -18.787241 -5.2124977 -4.2896085 -8.61421 -1.9529182 2.3570073 -9.200426 7.2372227 -3.8228803 -3.1035733 -3.3330574 3.2038183 
-380.92093 101.53124 29.378998 38.28501 12.6743145 5.9759965 -9.278093 0.74718803 -21.331135 5.9794536 -7.5844593 1.3935835 -2.9033513 -0.2566975 -7.345202 11.214185 -7.934095 -5.8874283 -4.5147614 1.2881072 
-413.72293 151.67026 21.403439 45.102356 18.11499 6.595332 -5.952009 1.8025311 -16.343046 -6.008826 -10.562324 -3.7867873 -9.4085655 -5.62652 -10.782782 8.555452 -0.25800577 -3.3072844 -6.403431 0.91247845 
-441.5543 151.72626 18.74518 39.386364 8.257407 10.114743 -3.8013203 4.5512652 -10.562447 1.8522309 -6.5649877 -5.1260953 -6.904665 -3.594003 -14.675773 0.12979753 -6.979059 2.9721262 -5.559135 1.3629025 
-397.4464 149.7277 8.574871 29.806715 16.151814 3.5130446 -1.9591819 0.07669459 -11.191869 2.9379768 2.3811636 -2.4127235 -4.6727962 -3.3239684 -8.220769 4.484178 0.8417636 -1.7976251 -8.944043 -2.472336 
-278.19614 91.99462 28.810987 48.282692 18.248692 6.8320804 -17.836079 -0.57157207 -25.317461 0.7735862 -10.814312 3.243509 -14.032302 -5.2796197 -5.2836876 8.515369 -9.59706 1.7103782 -6.174686 -4.2743855 
-352.4629 83.26332 62.347153 33.469994 12.83704 22.61514 -15.90128 2.6492195 -15.607513 3.6161995 -17.550936 2.6330993 -16.69049 0.4627708 -3.9703932 2.8834934 -9.564449 2.4600286 -2.9794068 1.4717895 
-248.49973 161.72456 -7.862003 10.947668 13.142704 -22.508003 -35.74077 -8.337192 -30.729017 6.8644466 17.615084 14.234885 -11.954351 -11.533763 -13.374172 8.871661 -16.766022 -5.4703817 -0.7122603 -0.71219087 
-341.09833 191.02313 21.87783 27.56382 14.762473 -17.933256 -19.854801 -19.07079 -15.350035 7.515101 -2.8683896 -0.876767 -4.2854915 -9.254805 -5.789784 9.786633 -6.990816 -2.0739112 5.780482 0.2666126 
-325.87866 187.67508 23.735207 23.022068 -3.3471296 -31.246786 -15.679184 1.589611 -11.552721 1.9789132 -6.9488754 -4.3048596 -5.412511 -6.4198794 -9.606912 6.8550367 -6.6332607 -6.31583 -5.5301647 -7.9103656 
-318.58954 127.43686 15.424133 36.828957 40.188572 -4.8518677 -34.252655 2.760052 -33.677303 3.1541982 -10.550854 0.52585626 -12.067135 -1.4030936 5.762425 6.724325 -6.861709 0.4272346 5.175531 2.8375978 
-366.9423 172.83527 11.560892 13.4627495 6.0118628 0.48512682 -20.000158 1.3205997 -24.692465 -6.647586 -4.2377634 13.208726 4.4657288 -5.449342 -7.7778473 2.3453424 -7.990015 1.4639693 -4.9984913 3.4009962 
-404.27002 159.38927 22.89774 37.088444 22.376863 11.2542305 -7.553739 -5.3958073 -13.249996 -4.129382 -9.731983 2.3504322 -3.303091 -7.828018 -8.26309 6.363478 -7.5841656 -4.1233892 -8.1617985 1.081765 
-368.27417 173.46834 21.003548 28.079935 8.614907 -12.257679 -11.148917 -7.3093805 -15.438107 -5.9462657 -8.810145 -1.6780556 2.441102 -1.3642038 -8.491336 5.819086 -2.9476697 -5.6727276 -5.331542 4.947102 
-316.11673 170.42018 5.704384 29.86819 23.036592 -16.011631 -20.67311 -19.298683 -23.218184 -3.449658 -11.751653 -4.4354687 9.866009 5.0624714 -9.628084 8.923906 0.3724897 -5.655316 -3.6608255 1.1849631 
-356.3971 108.92253 44.96801 37.634132 9.039303 10.382381 -14.721974 -0.22715934 -17.06521 -1.9550204 -17.004217 2.1691473 -12.451544 2.073117 -0.7455026 7.5983768 -5.15124 1.9944005 -0.6679734 -1.800251 
-336.6197 112.41366 17.960205 50.730446 33.294285 5.7173924 -27.36358 -9.231294 -19.63214 -3.9062898 -21.011202 -5.17065 -5.960462 2.5388675 -0.49031416 9.479614 -10.707714 2.526234 3.6646397 -0.80554104 
-364.55917 63.77988 60.038242 35.8629 2.0607028 29.225441 -14.251683 4.0995436 -8.866384 7.922274 -14.78581 7.292072 -13.735573 3.2323058 -3.824252 0.5114978 -4.8085275 2.007862 -8.64098 3.1023133 
-369.78513 110.594185 23.178703 68.34414 17.459389 0.6085879 -5.2535863 16.008062 -23.353971 -4.601208 -8.603939 -7.531996 -10.733717 2.410457 -13.468104 0.08112041 -1.7639011 -0.515001 -11.628035 0.89961445 
-435.0674 132.44641 14.188094 39.53505 15.594659 11.470945 1.9068866 9.0530205 -6.392934 4.979395 -7.3182 -1.0162023 -4.5670066 2.3880415 -8.49726 0.8933045 -6.9224305 -0.3888219 -8.428373 0.106122784 
-422.47678 150.73906 13.116746 32.73482 11.10936 1.5508562 -7.1258044 -1.4631777 -14.410797 -2.4477475 -1.463957 7.02054 2.670551 0.5252688 -5.6268897 2.019422 -7.408163 -3.875339 -7.741723 -0.3907262 
-347.33463 115.40871 28.370424 35.931168 35.041588 6.5113554 -16.720284 -2.8421776 -11.792248 -6.699151 -15.750098 1.4409451 -5.5488377 -1.8913836 -13.964656 4.5584497 -5.3516216 -1.6527952 -11.292948 0.686561 
-340.50394 90.6785 55.68842 27.391668 28.320578 4.913257 -24.477156 -2.1737566 -14.937454 -4.5457425 -14.133274 5.844793 -6.935099 4.251204 -13.274388 5.71989 -10.380424 -1.9805554 -6.372449 -1.3457546 
-329.36694 113.84267 38.686504 13.287566 4.395824 1.3142219 -28.54576 1.1192646 -12.999547 4.335726 3.8037868 18.55664 -14.531289 -4.317544 -13.683857 5.455572 -7.7986164 -3.000678 -10.921968 3.2782335 
-383.37842 161.67513 0.6152455 57.199158 35.891006 -6.4473343 -13.278273 5.5677624 -19.255728 -9.411313 -7.990208 -5.3175387 -8.943052 -4.1357117 -12.608222 10.186488 -1.5262489 -6.1561484 -3.580458 0.70673823 
-316.79617 151.40985 1.2680653 35.641655 12.318791 -11.8846035 -15.286411 -13.253252 -14.048297 5.072841 4.6306276 1.9735934 -9.854432 -6.4060087 -12.425395 3.4278855 -12.613003 -5.4891605 -4.969209 -3.1353893 
-337.7349 95.035065 23.427849 45.693417 11.041019 7.356358 2.2809923 -1.6298027 -11.990905 -1.4934368 -7.40283 4.862208 -10.054438 -5.2659683 -11.229028 1.1639754 -6.2597494 0.6528863 -12.724346 4.090239 
-271.06772 111.41324 25.320532 41.486618 14.520611 -10.38162 -23.338514 5.616601 -42.095287 -9.112659 -16.069231 -2.220872 -8.33998 2.040021 -3.240333 1.3905498 -8.728538 -0.05684863 -1.7059026 -0.80960655 
-272.65167 160.7662 -9.353329 30.764225 27.338537 -23.456007 -27.681139 -17.382877 -20.340157 1.6844859 1.8491864 2.6538703 -8.494677 -9.377017 -8.105274 2.2702253 -20.43693 -5.842581 0.76406723 -1.1862692 
-352.8051 165.07204 17.476168 29.599327 -5.855886 -14.332838 -12.398769 -1.8489718 -15.023088 -0.25030422 7.4372144 6.3652935 -4.9873285 -0.84895325 -3.3041484 1.1063037 -11.0970335 -5.177767 -4.531439 -1.7891634 
-298.52048 201.98503 -10.8278 1.1009336 -25.069143 -39.81398 -12.302109 17.089388 -7.495585 -3.6184683 8.041675 4.8993382 6.3339367 -4.9613395 -14.863057 -2.0744042 -16.126696 -7.250674 2.9305484 0.4636248 
-342.21414 92.745255 35.56706 32.593506 -3.2607815 10.345062 -6.924299 11.283215 -19.11422 1.8592843 -9.723595 4.0547433 -2.3339376 -1.1190715 -7.7283154 3.3747988 -9.239084 5.195325 0.4692064 1.4712316 
-337.5393 104.02037 33.728935 43.789566 18.395317 13.144228 -11.676193 0.19332038 -18.670855 2.2695863 -20.278326 -1.4173092 -4.3942947 -3.6916552 -2.0863917 2.2458944 -14.056942 1.478225 -0.95228696 -4.134103 
-321.72388 153.5731 29.30604 44.103962 4.720215 -14.5428095 -15.65958 -2.6200356 -20.452402 -14.127975 -21.810081 3.6754618 -1.6284115 -1.7862546 -8.764531 -3.6004944 -13.526062 -0.1236184 -3.8316634 0.64542186 
-294.95712 124.467804 24.827393 43.678658 22.529325 -9.404919 -23.818508 -10.0469265 -25.522705 -4.531679 -17.225243 2.7538798 -6.620834 1.7146345 -5.479127 3.1502724 -19.323584 0.74888843 -3.9596612 -3.451672 
-312.45398 128.41733 16.588253 41.44262 11.306018 -6.3355927 -21.825333 -7.1073523 -21.224907 5.0917106 1.31626 8.999671 -3.9230363 -2.4535105 -7.884663 4.4714 -10.034599 -1.6256101 -7.021136 -0.76255333 
-349.4307 153.87769 -15.747033 17.84421 23.823635 -8.1257 -23.791212 -3.3814268 -6.8901424 10.485302 2.8909068 1.7188342 -5.6516666 -2.7441335 -9.485093 1.5875667 -5.0954294 -3.3334296 -6.655557 4.106886 
-353.72287 148.75417 4.251198 55.434856 39.27785 -16.998196 -18.198982 -5.4316645 -21.780998 -1.5981336 -15.7297535 -8.673765 6.8438215 -9.494302 -9.026686 11.075657 -17.80467 2.9391944 -2.7075925 -8.035041 
-337.0937 126.49623 39.705063 44.99797 12.779726 6.407549 -14.414821 -11.52193 -26.34298 -1.833143 -14.375866 2.1461558 -10.983551 -6.45635 -5.9057455 4.89587 -9.02957 -6.335505 -6.522067 -2.9676943 
-351.99896 165.38011 6.818752 34.625095 24.492579 -4.910005 -11.639564 -19.57626 -23.780704 -2.0559928 -3.3829327 -0.3296806 -4.2882905 -1.9368218 1.5953379 15.017315 -5.946487 -7.9933996 -3.4358854 -0.7037289 
-437.3031 128.60983 12.65262 32.593266 14.291068 11.878114 -1.3315119 8.415643 -5.553858 6.1503625 -10.576214 1.6829888 -5.003919 5.041952 -7.8192844 3.9672067 -7.6568394 0.27791485 -7.155058 0.9090307 
-367.80988 133.32875 33.61243 36.859726 5.891327 -2.0864632 -10.124522 7.2557187 -20.486048 3.6175587 -9.226271 -1.0431175 -4.3731074 0.10232838 -6.3850346 1.7613235 -8.498524 -4.4317083 -1.7788715 -0.18443336 
-287.07294 134.55804 9.6362915 45.13608 28.219028 -10.545322 -25.563156 -11.698521 -25.149849 1.4432721 -16.397383 -3.9154422 -3.4726572 -5.6740384 -2.4254146 5.264521 -7.963485 -1.094734 4.2718477 -0.24388899 
-337.29053 182.21904 43.297028 35.786198 4.851737 -15.320177 -21.726665 -16.99894 -16.30626 -7.985477 -8.949345 -1.6041545 1.1443696 -5.8143907 -9.887965 -1.4973997 -6.331428 -2.2145183 -1.1253322 1.5300803 
-327.96686 186.32718 23.993553 20.321114 -4.0762835 -10.589375 -2.2203412 -13.637412 -23.93936 -9.393917 -5.409863 9.394674 2.28268 -5.896643 -15.984767 -0.701217 -5.4735007 -1.568883 -4.719122 -1.7483091 
-353.15512 140.47552 22.948708 41.187153 30.267242 1.2510675 -16.566391 4.3410892 -22.106646 -8.5072775 -15.550785 2.1679509 -5.9512415 -5.225754 -8.663885 4.7534394 -1.722475 -4.4987507 -7.923657 0.0712463 
-365.15695 143.56317 24.065237 35.49092 21.323807 0.3414451 -5.153517 -11.08202 -20.293152 0.45247427 -11.950808 -1.478539 -2.1786776 -6.582476 -8.916137 6.921327 -2.3962736 -0.65228695 -2.478846 0.25683567 
-362.16043 174.67438 36.19263 31.537035 7.9638114 -5.0879307 -10.06196 -6.8008738 -17.068277 -8.960909 -13.505427 6.738776 3.530421 -9.902823 -7.40438 7.865437 -8.572872 -0.031158129 -2.8284767 2.5255196 
-377.94073 157.47308 43.561928 38.189137 5.4085913 -11.453997 -5.9809895 -5.252683 -24.544176 -1.088071 -15.744073 -6.3711724 -5.102358 -6.42924 -5.580942 8.389133 -1.4614248 6.7705355 -0.8290938 -2.209167 
-384.60803 173.83026 29.159288 39.033394 -3.0134532 -19.873806 -11.201308 -2.652403 -17.918896 -5.415682 -11.104324 -9.617588 -4.626421 1.2363255 0.4463163 9.780548 1.0535136 -2.908928 -3.5698946 -1.5020006 
-411.27826 151.18977 19.25712 44.91665 22.195738 -1.4077266 -9.952645 6.8999157 -4.4874935 -7.513119 -15.158227 0.13643023 -1.884288 -6.297929 -10.992718 7.243009 -5.9513416 -2.4289856 -5.0478983 3.4756184 
-329.98953 158.77838 -6.087904 45.757523 49.798767 -23.181543 -27.22701 -8.09277 -20.933313 -5.7626014 -13.152397 -3.7134895 2.2749834 6.1056533 -13.257622 8.791573 -2.8444815 0.13051955 -2.9552345 0.6014134 
-399.3815 124.64804 21.670132 39.25742 22.37252 5.8875947 -14.663845 13.656187 -13.84209 -2.0409622 -16.445646 -0.9575946 -8.837735 -3.3970137 -5.4558764 2.632693 -2.4420989 -1.5566941 -3.086616 3.6207476 
-311.74094 172.16261 13.098428 17.845907 4.1856685 -12.457097 0.33126062 -9.529475 -26.279226 -6.3972235 1.4313527 6.884587 1.746838 -3.2171159 -20.576897 3.9681964 -2.2380006 -2.7409892 -6.2754383 0.10473164 
-358.85007 142.6247 14.353553 36.5001 18.584862 -4.8361964 -10.823316 11.03234 -16.022453 -6.643117 -6.7882266 3.9482694 -4.788617 -3.8740628 -8.753129 3.648881 -7.6284933 -1.4295964 -4.9509954 2.792222 
-351.6659 138.81868 24.174381 40.34493 22.84154 7.446127 -32.437935 2.233059 -11.310396 -9.834075 -17.51506 -2.1340818 -4.8844256 -1.5704536 -5.617319 -4.0079517 -10.941834 -4.2225113 -4.364748 2.0417273 
-322.36932 194.49156 -4.1112695 11.698558 4.87539 -10.616887 -6.7138042 -0.23596737 -15.198149 -6.8749514 1.3893635 13.113356 2.232129 -8.575819 -20.727715 4.323218 -3.463693 -1.6455119 -9.133998 3.1480362 
-336.24475 165.08165 5.248609 38.122818 18.645365 -12.133221 -18.947456 -3.9577854 -20.468662 -0.73814875 1.9192132 5.8575196 -3.1508894 -6.9691334 -13.173824 2.4022105 -13.494818 -7.9875846 0.117636256 0.28587708 
-340.9326 134.82137 14.023643 21.667488 4.426958 5.7299056 -23.869606 -0.8902234 -17.385597 -2.6924245 2.1030397 14.0884075 -3.4567528 -4.7965727 -9.257362 6.1539483 -3.8587215 -2.8115582 -11.904918 0.077707425 
-399.88986 153.74298 5.944425 51.017254 29.70503 -0.9401147 -22.984407 0.107600085 -5.7452545 -6.562501 -20.410437 -2.7837088 7.1529965 -2.7546942 -10.106649 8.223679 -4.870768 -4.0167055 -8.180812 1.9714044 
-387.16125 144.58582 21.767254 26.62744 9.657404 -5.911898 -16.373945 -5.283425 -9.988096 2.278398 -9.505126 1.4862804 -0.31994244 4.5471296 -7.4368033 6.048736 -7.3835397 -2.1371 -4.454005 1.425441 
-372.55505 104.08314 38.401474 35.1185 6.1547275 6.794378 -7.923608 5.71604 -13.67749 1.0383193 -16.066616 0.43945312 -10.470597 -1.6908551 -6.9298663 6.260252 -5.6494026 -0.4706455 -7.0149813 1.1963458 
-374.40485 163.5634 30.82652 36.316242 2.4709158 -7.821178 -8.564632 -5.9596004 -26.197426 -9.869401 -13.80031 4.433111 1.4604272 -1.8589338 -6.939818 5.469015 -1.8605924 -3.6682804 -4.561804 2.2029428 
-362.15228 149.92465 1.3816469 47.341198 26.43943 -5.486456 -20.407513 -7.519526 -26.107685 -8.34374 -10.810244 -5.1033688 0.10258786 3.949529 -7.9556065 12.660717 -1.7059437 -1.6697508 -2.3037426 4.701115 
-373.56387 153.72748 3.567702 32.972416 24.565586 -7.720472 -18.353508 2.0118315 -17.611498 -3.729224 -3.6282053 1.922272 -6.7316356 3.1997185 -9.2535305 0.8398869 -7.659811 3.3740551 -6.3472714 6.1784725 
-395.46497 171.47488 10.988005 21.539833 -7.5163007 -5.133619 -7.186132 12.538617 -11.2461 -1.7734083 -2.500697 8.38972 0.53015995 1.8658994 -8.243379 4.311109 -13.1380205 2.345624 -2.5259843 3.843258 
-422.57455 138.63202 28.76966 37.625988 16.44298 12.451455 -4.2180243 9.717433 -9.134145 -1.4699448 -11.392543 0.024736337 -8.126535 -1.2067721 -10.309797 2.5690873 -8.821955 1.3117404 -9.183814 5.455981 
-372.42062 119.56869 29.97773 15.110036 4.4283576 10.521157 -19.260494 7.6800437 -15.943776 2.4005754 3.9584966 19.263838 -4.130444 -0.36224514 -13.37605 3.700729 -11.334796 1.3175335 -7.749298 2.0215611 
-451.61252 141.2562 9.393402 29.865723 8.660268 13.880308 -2.918112 6.875711 -5.303288 6.239828 -3.123229 1.7923495 -2.1829538 2.3775277 -9.027958 2.8724756 -4.2679424 -0.21489906 -11.57502 2.9110913 
-416.3612 124.80305 -9.867874 39.48723 7.975788 15.858063 -10.0999775 9.41571 1.6496058 1.490243 -8.487492 5.0791216 -7.852433 1.7710624 -7.9132376 6.8151116 -5.703121 1.5551339 -9.885877 -1.2623019 
