-422.7844 132.13606 11.541119 36.13051 6.002227 12.571605 -6.5419645 16.722572 -13.325509 6.2492785 -15.453945 2.6773689 -6.7174873 2.271063 -8.403532 -0.39183298 -9.22259 4.5306964 -9.355028 -0.85254216 
-346.88696 145.45247 -1.7338833 20.231768 -10.601757 15.94858 12.768269 -7.7988257 -16.68722 -0.79997224 -12.862864 11.429152 -7.9015255 -7.657503 -11.194859 -6.0624723 -7.5687027 12.588467 -14.494616 -7.42562 
-348.02982 151.45332 14.100855 34.262024 -17.639238 12.827059 12.664954 -11.757361 -14.478007 -2.7691388 -22.674112 15.454034 -3.0099936 -0.76991385 -4.580286 -1.5717626 -7.5531225 5.580596 -14.339669 -9.807737 
-285.58426 77.853546 7.5504084 52.760895 -2.6850917 15.869841 -6.242326 -10.880925 -2.4971755 13.786191 -30.422981 2.0072558 4.325011 -8.20184 -16.218004 3.367065 -15.584484 8.301014 -20.209307 -1.2022467 
-275.598 106.94068 7.721867 43.94246 -16.191755 22.282312 -6.077869 -21.76674 -22.3062 7.34831 -24.887524 0.37146178 1.665215 -3.5284233 -6.513254 1.2355237 -15.094616 10.534086 -21.723051 -4.060601 
-337.11945 130.8379 40.26175 29.0918 -1.0459995 11.586536 -2.4136412 -6.6446533 -27.480011 -4.441593 -26.489449 8.686194 -5.771798 -0.16704018 3.3068476 0.15344292 -6.4308047 7.678187 -8.927587 3.3993917 
-382.1383 149.19841 36.839085 37.341515 9.632487 0.9954402 -11.134529 5.9256535 -16.468912 2.4256597 -25.593496 -0.18411104 -15.716167 -5.6326976 3.8094668 3.179894 -2.4194756 4.886671 -4.851913 -1.9879205 
-358.83487 106.12726 31.522366 34.232826 8.204098 18.957314 -16.926985 3.1834662 -13.458915 5.566304 -13.894213 -2.6837676 -0.35108456 3.5889676 -2.4871683 4.3869123 -9.007296 10.977344 -10.306577 -3.411224 
-327.70764 92.22676 53.584244 22.381756 5.4025517 24.012173 -25.6393 9.342941 -20.27761 6.1561117 -25.803467 -4.381533 -2.9836586 5.562776 -8.011422 0.26382387 -14.5074835 12.197622 -16.422821 1.992715 
-256.64584 117.44146 -15.41017 19.884056 -1.6659658 19.437294 -19.74072 -3.343532 -12.834501 8.957494 -20.65133 -3.9610798 -8.096135 6.7733994 -16.699518 2.5367382 -25.039238 15.837116 -14.677052 -8.897498 
-306.69836 87.4238 20.095774 53.30586 3.1359653 4.351794 -10.0534315 -7.215245 -30.728004 11.649536 -31.521719 -8.603359 -1.345349 8.015484 -1.4777973 9.47468 -9.758526 11.150879 -13.635473 -2.8333712 
-314.6357 149.88312 11.240862 20.963686 -4.7340775 24.527946 -23.758263 -20.296806 -39.963253 6.006667 -18.924538 0.6334494 -0.011109101 11.155178 8.321687 0.6425213 -16.13197 5.287118 -11.157131 -3.279614 
-345.82452 100.47361 39.182888 26.745224 3.9191148 19.243534 -22.15102 1.6658642 -23.349304 7.5347114 -12.433798 -4.9697843 -0.25455698 1.6268369 -1.5993848 8.014677 -12.610081 9.96743 -13.45843 -2.6343489 
-320.37476 135.98549 22.606327 12.275127 -4.251844 18.454222 -8.996873 3.438727 -30.375834 -0.6050979 -20.526283 -1.143928 -1.2243409 -2.3527534 -4.7811084 -0.46609586 -13.729793 8.227124 -5.0831485 -4.6143255 
-377.11893 126.096886 19.700077 33.810444 7.0924087 11.020326 -9.774877 3.9608645 -14.463438 5.566538 -14.972157 -2.7976668 -8.587349 0.32079527 -8.302147 4.606442 -14.836134 3.8779843 -6.06946 -5.6873627 
-316.09402 134.1331 20.896963 34.67044 -4.329447 5.5847106 -7.403639 -14.04932 -31.17028 3.4815824 -27.390236 -0.46489048 -0.88147306 4.65362 -3.3968155 9.687145 -12.11119 1.0721871 -7.391611 -7.8323956 
-315.7174 89.42374 43.885216 32.310173 -9.387313 16.09242 -3.725065 -0.7879032 -26.8246 3.5609524 -32.572655 4.060706 4.128318 1.9427991 -1.8747888 10.584438 -15.636248 8.217117 -10.145884 -2.5799994 
-420.69626 130.86673 17.720795 37.70886 8.861144 10.928126 -7.182616 10.783057 -14.808315 6.9407754 -14.324356 6.7776365 -4.793672 5.0152035 -5.7565236 3.1268315 -10.2681465 3.6183825 -10.134452 -0.16054134 
-400.8725 140.73764 9.185922 34.67108 6.8681846 12.714033 -9.79269 4.7462106 -9.391463 5.045685 -10.803188 -4.011215 -4.860297 0.63583225 -10.41941 1.5353695 -11.091653 3.124669 -9.785724 -5.367518 
-316.32584 148.43323 -3.1651454 9.403195 -2.9950762 23.28419 -0.21581608 -3.1032207 -18.275337 7.27536 -10.924702 -5.513123 -8.96527 0.9984413 -11.99109 7.65436 -14.611813 8.812958 -4.677054 -13.516801 
-339.7174 150.40521 32.062317 24.414907 -12.027056 6.762881 -11.253642 0.13797146 -28.548584 4.716691 -20.72634 2.4648318 -1.3537558 -0.32977116 -2.4284625 7.289339 -7.458315 0.51134026 -1.6503849 -13.169123 
-330.97537 69.908356 58.400925 27.447512 3.04137 29.124939 -22.985373 13.624481 -17.262083 8.837957 -17.454552 -4.6088095 -2.3763208 -5.6631603 -3.7138667 2.633253 -10.860695 10.784087 -11.395052 -1.0886815 
-288.25024 113.59559 18.403557 21.610935 9.578956 15.367362 -26.44346 1.500432 -15.439074 7.7620206 -23.321415 -2.5551045 -4.426283 4.8820276 -11.725366 -4.9455166 -10.577558 7.280341 -9.740919 -4.6519523 
-240.02902 140.4303 -54.303818 7.6246085 6.6281314 17.503105 -23.657326 9.108452 -4.107988 1.4835299 -22.356293 -0.42137644 -13.001358 1.666405 -10.303496 4.682809 -18.738298 13.013743 -1.8570387 -19.460085 
-311.94672 100.37762 17.952888 47.50712 2.2707572 4.1513987 -23.7534 7.887316 -16.112698 2.6368284 -26.929276 6.0982046 -4.559802 0.3470016 -11.347356 15.490594 -15.299091 7.093916 -6.262544 -8.120499 
-285.13242 138.91693 -19.692501 41.990437 4.146752 -0.61669624 -33.790314 5.863584 -17.649546 9.071919 -26.28245 8.038308 -6.6591325 0.7521387 -15.097813 3.3304567 -5.522497 11.576285 -4.760827 -12.907252 
-312.2613 87.67944 14.859928 41.8325 -2.7767656 8.074144 -21.790388 0.16034338 -10.950084 6.672402 -22.134186 6.316966 -0.116976365 -0.06241152 -8.922245 2.517239 -13.195017 0.03607962 -15.095973 -7.3244925 
-309.002 130.6692 17.332094 17.855028 13.720258 15.152483 -18.740168 -15.350462 -26.94889 3.3629034 -32.70079 -1.8956761 -1.4752457 9.532208 1.9380052 2.270624 -12.184339 4.694517 -15.117128 -13.522557 
-363.1683 154.8769 25.781763 22.185442 6.7326374 4.781528 -7.7437572 -2.2332742 -25.413843 1.6700448 -20.911438 -1.6845804 -9.031847 -1.0115123 -4.550789 3.5486403 -12.532361 -1.8356165 -7.783165 -8.395521 
-328.44424 85.84485 52.23344 27.04715 5.736774 25.075367 -27.842205 6.9585886 -21.262096 5.569253 -22.863678 -9.935519 -0.6036625 -2.0378048 -8.468112 -1.5393925 -12.1565895 10.118177 -11.008266 -4.3774705 
-319.10062 114.26161 37.787216 23.943132 -6.567597 16.931814 -18.331808 -3.4203806 -30.204721 0.6643499 -15.7916565 -3.9862409 1.7519747 4.6881733 -5.519861 4.0086923 -12.221943 1.1981543 -8.338387 -4.2982707 
-363.11874 114.87568 33.613544 32.668396 -0.71125793 9.649658 -1.3012812 1.3425832 -19.40778 0.64688575 -23.36071 2.886551 1.011741 4.097349 -4.5092144 6.450422 -12.263217 5.0699697 -9.02576 -3.9152865 
-300.38174 143.8006 -12.949511 18.551714 -20.781466 25.358582 2.7235117 -2.2650347 -30.4183 9.069042 -17.982695 0.2775358 -10.299326 -1.669751 -6.265154 5.2004766 -3.926293 1.1640443 -0.536224 -18.601786 
-299.26416 155.67293 4.4004765 25.941395 -8.07865 5.9943542 -4.84549 -15.352223 -37.18223 4.04031 -25.86466 2.8626175 -4.831624 6.3043194 -1.5707626 6.6864514 -10.38457 4.3407416 -7.2463207 -13.910048 
-354.83954 123.14697 33.359177 24.374361 -12.815335 14.02255 -8.532185 10.771776 -26.693226 0.3287256 -21.926826 2.6081667 2.9450543 2.46046 -7.538281 8.839794 -12.707757 4.563614 -10.078286 -10.864851 
-307.55978 42.377525 54.30175 45.66516 -15.6276245 34.298923 -20.566563 8.959495 -18.606064 13.356914 -26.546045 -3.4362574 -1.820376 0.88223416 -16.535736 12.308376 -13.128956 8.979966 -10.287288 -3.5675414 
-321.14532 111.08964 29.423235 48.443638 -7.4819083 9.063507 -21.500921 -2.68645 -20.25402 3.5019314 -28.667398 -5.1743636 -5.211756 3.054463 -9.455263 3.1354082 -14.123249 2.6879911 -11.840656 -8.9877615 
-289.60114 111.78833 -5.320368 39.57028 8.239002 4.6025925 -19.821724 -0.2036046 -19.649824 11.859598 -26.091637 -0.52379906 1.8261752 8.711689 -14.348561 4.448347 -10.136887 2.5423622 -9.041699 -10.443034 
-337.4183 147.15398 0.37787193 13.289842 -17.60341 9.838971 7.857226 7.6163883 -21.359484 12.169354 -25.245148 2.0986178 -8.329123 -2.2625644 -16.295074 2.9509947 -14.960848 0.63228375 -5.1853085 -8.214466 
-309.06784 143.01451 -2.461849 12.482007 -13.446136 19.617012 -11.913076 -8.561756 -24.492517 14.111192 -17.981382 -2.89266 -7.9928393 6.3967323 -7.067316 9.2465 -15.794913 5.143401 -6.2893867 -9.601323 
-371.5763 134.33241 17.236254 28.258553 3.0754366 16.548637 -8.173469 2.8566606 -20.443241 5.30329 -9.747883 7.597825 -4.474447 -1.1184784 -4.8824573 6.130369 -10.0742 3.1606963 -15.996 -9.114698 
-384.99377 126.03861 21.389885 51.462093 3.992756 6.5271053 -10.860934 3.8615756 -18.242538 1.263588 -21.350424 7.8675375 -6.1344624 -1.399459 -7.583546 9.523338 -14.426847 4.618442 -3.7351205 -9.514378 
-338.1997 99.11848 24.173306 46.332336 3.3962307 9.386666 -4.804935 -7.254537 -26.301226 11.0170145 -26.212742 -3.2422397 -2.727283 -4.050471 -9.263278 4.6481595 -16.202702 -2.0638616 -8.971539 -6.6576366 
-285.58875 143.51547 1.9367136 16.761497 -5.01766 8.333027 -5.1208615 -7.6804743 -19.293545 5.988703 -19.53183 1.9945768 -1.0023412 3.67534 -12.555026 2.4956577 -15.861408 -1.0640434 -4.710133 -9.234481 
-317.2065 152.02975 13.15831 18.110771 -18.182993 10.086139 -2.1233556 0.50987744 -27.714846 8.843225 -22.002224 1.5823733 -3.038612 1.8315125 -7.1045976 6.1618266 -13.533859 -3.0351753 -5.368848 -10.755522 
-329.84048 102.05318 45.26729 48.48137 -9.859943 17.307634 -15.138157 4.349986 -18.990486 8.856281 -29.851267 -4.3448915 -6.090305 -4.208262 -7.511444 7.9436817 -17.132807 9.618659 -12.792988 -2.330772 
-308.0101 118.55875 4.200941 52.521706 1.2836448 -2.253534 -18.2251 -15.661201 -15.999166 -1.1026372 -32.453693 4.660103 -0.17703438 8.464849 -10.451478 16.866524 -13.727323 9.020811 -6.0791106 -10.217847 
-324.74136 112.15808 17.514473 48.826828 -1.0566186 -0.75143075 -12.0617 -6.8468037 -23.86227 11.901712 -30.172956 -0.787117 0.32170928 -2.1657274 -7.4763207 14.275192 -10.764733 2.3303747 -9.345165 -4.3048882 
-313.3214 111.070885 36.43431 32.36538 -19.945164 17.535088 -6.81388 -1.5762585 -29.827745 6.855456 -25.437275 2.1757433 5.1954246 1.1201844 -10.37573 7.7533474 -15.1688385 4.5702124 -0.7114343 -11.49017 
-301.29535 133.32547 -7.7630515 36.734543 5.2987657 5.2938876 -32.66599 -0.10569933 -12.859362 11.767685 -32.222836 4.933299 -0.13059098 1.4428647 -9.670872 0.42434347 -5.557697 2.1403787 -2.614993 -14.085212 
-338.88025 98.29142 40.295723 28.175829 -6.0462575 9.349948 -9.377888 1.8268725 -20.668386 -4.067869 -25.8415 3.2873607 -3.030994 4.0759115 -6.554117 5.179473 -9.778852 2.9926593 -12.093426 -3.982385 
-366.11877 131.7525 26.71249 28.162985 -3.2387915 4.5916214 -12.164562 2.2043376 -16.187115 5.805316 -20.863375 4.6144876 -8.927743 5.1215563 -0.5962452 5.926729 -9.044259 3.666829 -8.031348 -5.677907 
-408.5148 125.54431 5.3829074 39.577045 9.077602 15.548472 -8.190571 6.2330027 -9.576663 13.734463 -16.314835 3.3739252 -2.21059 4.4392695 -4.0930476 4.0620265 -10.444058 8.36394 -10.303523 -5.4241333 
-342.3962 152.37032 11.723507 13.650171 0.48710525 18.629826 -0.30591214 -6.2726407 -26.903694 8.940906 -8.733351 9.34868 -5.513035 -5.2427387 -9.9649515 1.259478 -11.74061 4.1495647 -9.56176 -4.770351 
-348.71844 156.51035 8.792589 12.911007 -0.0600694 16.827944 -3.6517055 -11.868071 -32.40858 4.690462 -12.992251 7.950303 -4.4770246 -0.96324116 -8.4553995 2.3582852 -15.038883 0.035208806 -17.869331 -7.1297097 
-427.78998 137.54236 12.327281 40.56155 13.264835 12.378793 -6.9630246 15.509482 -13.150604 2.8383036 -13.772712 4.2519565 -6.1707344 2.9934032 -7.157329 4.6925035 -11.112038 5.4571686 -9.852731 -2.0622132 
-430.9115 142.73221 9.181255 37.55526 8.146607 11.394279 -7.7710247 13.078894 -12.845035 6.8699355 -8.491887 3.6226108 -6.374305 1.6751422 -6.1903 1.3076984 -14.505602 6.3182983 -9.465774 -2.034804 
-311.4189 83.281494 41.628063 24.960049 1.780935 23.917398 -19.652443 2.2117517 -16.650244 5.7522254 -18.898752 -3.080355 -0.0034270287 4.2214274 -10.005607 0.31288373 -10.833687 5.3746195 -7.6609945 -2.9043934 
-272.71423 80.21695 46.55581 20.521236 2.794823 24.94581 -32.024967 -8.214156 -17.388054 13.5136385 -27.11571 -1.4108707 2.4196062 14.180268 -9.426354 0.5747066 -12.319076 6.978407 -16.44384 -5.272435 
-274.781 94.44564 25.098701 35.891876 5.7053895 2.3887084 -35.041363 -4.52698 -22.01416 0.40062353 -29.67409 9.631549 6.501163 6.60042 -15.1318245 7.2463193 -10.458734 0.22683355 -10.604765 -1.7850461 
-285.0583 129.82751 -30.024336 30.078133 0.67797464 5.5175233 -21.662836 5.144351 -16.741198 5.062059 -26.00463 13.06209 -7.395717 1.138909 -9.973438 0.4641765 -21.36443 5.055774 2.3167632 -16.207094 
-331.49817 117.950264 0.38028505 37.28292 4.944575 2.01409 -23.469692 8.883911 -11.610686 2.929015 -21.929628 5.789624 -9.417701 -0.9974432 -13.121214 7.7889156 -11.099135 4.512698 -3.8943079 -7.7273264 
-278.56494 77.05309 33.83319 26.948355 -6.356603 29.48185 -21.58317 -13.540705 -21.581297 12.4599 -20.261456 2.7793589 -4.0821075 6.728018 -6.8082385 3.1169043 -12.9796915 3.2637594 -8.191201 -5.5906353 
-304.81766 91.13266 39.91608 25.82431 -8.867605 14.353363 -14.112349 -8.958685 -24.153564 6.0168815 -27.489601 5.338305 -2.5614808 4.238986 -6.606613 5.0535336 -10.887497 5.4262047 -11.811054 -0.24263403 
-358.38474 120.474174 29.495789 37.89203 -0.9206245 2.8242786 -0.48142692 -1.0064926 -14.861116 7.0292764 -29.433828 1.1991035 -14.69538 -1.1994094 -6.201587 2.2816875 -17.381374 4.560019 -9.260874 -8.165908 
-371.97607 107.19217 13.745558 35.00569 9.325016 18.120686 -12.573444 4.0162673 -17.514006 3.936462 -18.652842 2.9691386 -9.53738 3.7719066 -9.766661 5.5587344 -6.0233846 9.42145 -8.479838 -1.8564949 
-373.48273 124.62093 4.304009 40.53979 8.074265 6.6289263 -17.461796 4.142294 -5.8070993 4.106637 -12.354891 5.204993 3.889654 0.5695555 -13.121882 0.91359735 -10.785821 12.611639 -22.137953 0.6741032 
-413.7029 130.51068 14.225025 38.56863 9.102185 12.730389 -7.479354 10.9063635 -7.953632 6.016591 -12.576388 4.4809227 -5.1376095 0.034134917 -8.599026 5.6540737 -12.169849 8.627475 -7.150011 -3.6233325 
-417.0938 130.39505 11.518983 41.39826 8.931503 16.330719 -6.8005433 14.6402025 -9.3981695 10.1116295 -13.228642 4.1640506 -3.7010896 -0.74749917 -10.463871 6.837956 -10.185966 9.334234 -8.826052 -3.572343 
-433.6651 141.23775 11.406705 39.67588 11.756846 12.428607 -6.351784 14.378362 -14.122085 6.836129 -10.865819 6.2059646 -5.8783674 -1.6043203 -7.312062 1.2620227 -10.792186 8.048397 -9.841141 0.8794952 
