-302.69128 161.7497 23.009731 5.4257183 -9.6554985 3.707895 2.161075 -0.23331992 -27.684395 -16.413326 -8.710698 -2.0828938 -4.4978333 6.3029723 -16.587515 10.127482 -13.388851 5.1391234 -7.9028745 -3.4829352 
-329.5169 151.33789 51.32111 39.045998 3.6489077 -6.8276167 -14.645604 -9.324835 -29.077675 -4.1700583 -15.365614 -11.510549 -2.979558 2.895521 -13.968923 7.6347938 -2.0899556 5.033398 -6.1052294 0.53034556 
-288.3328 145.4806 42.69874 35.28857 -4.7927866 -8.923656 -5.917073 -10.795497 -30.409237 -6.215994 -21.27138 -13.23958 -12.860454 -3.1861622 -5.103775 9.0306635 -7.3715897 6.2313743 -15.302239 -5.1444902 
-220.36768 92.10552 32.999096 36.443142 -0.5259815 14.750815 -17.213978 -6.8264794 -30.272879 -0.86520797 -18.320072 -4.858307 -20.18415 0.85595113 5.301219 -0.38441765 -14.897822 9.29925 -9.061779 -5.349905 
-252.17728 83.94898 54.400066 38.137527 -14.896336 13.660222 -0.5250819 12.686432 -40.739998 -4.6870584 -25.882885 -9.378266 -6.4541416 5.7761316 -5.620284 -0.5626565 -7.098609 2.9129665 -9.80862 2.8349142 
-296.30087 78.3132 62.78154 42.00102 -5.384928 32.964233 -1.6543925 0.514072 -33.218227 -3.562597 -19.713875 -0.5652384 -16.877419 -2.9816022 -8.341342 5.8183146 -6.746899 5.594255 -18.840984 -0.13053772 
-332.59848 95.298096 33.24969 31.018145 -1.1727586 25.249832 -3.4270418 7.823859 -26.460823 7.4484854 -11.947835 3.2159188 -9.254601 4.3776946 -2.3247287 7.4857306 -4.73949 3.7216158 -14.960992 0.9566747 
-262.7106 83.819534 59.33796 32.026077 -12.057513 33.712616 -8.489175 -4.9298425 -39.25708 0.6541053 -20.313791 -2.3036306 -15.061909 3.0713556 -3.9685495 0.5267105 -9.758334 5.1495533 -18.809042 2.3343246 
-255.3559 124.73924 29.643137 21.474098 -15.171454 14.743062 -6.5517216 10.408817 -43.09328 3.8141665 -12.016108 -4.05537 -1.5410252 11.742138 -15.389384 -0.5182246 -11.566989 2.7319221 -10.408919 6.6189995 
-298.49417 81.48542 64.904 36.950954 6.2635436 25.355667 -13.991267 2.1805322 -28.22286 -0.17707762 -16.83345 -7.852236 -10.390372 0.23464267 -2.362258 2.294847 -4.924796 8.691593 -11.549643 4.4568977 
-291.23288 94.18613 43.33427 43.544746 -1.6652989 15.931194 -12.988903 19.584955 -32.499905 5.3724847 -16.821991 -8.12161 -10.5333605 0.6262729 -3.7414992 -2.755108 4.118292 4.538762 -12.468523 0.42597738 
-320.42297 148.75616 22.899149 33.043762 11.750432 -3.5605698 -5.8352804 8.771432 -41.873997 -5.882547 -15.732781 -7.9081235 -6.2011814 6.7397404 -8.336727 7.1653004 -7.403677 1.2848767 -14.90264 3.1076298 
-289.52954 49.25428 70.91244 41.8894 -0.10157882 11.638853 1.4314126 5.6282406 -25.211544 10.2568655 -30.37831 -10.957752 -13.325957 2.1416826 -8.782586 7.6106434 -7.8738956 8.821346 -14.933094 7.3736258 
-335.28525 140.7192 31.196432 29.205313 3.7529047 10.895039 5.5698137 11.58359 -44.91828 -12.119949 -24.15214 -8.023502 0.6568115 11.423872 -4.3528347 10.285068 -2.5808008 11.843148 -13.484525 3.640661 
-330.1412 161.47586 24.511444 11.442584 -1.671808 5.496683 -0.46376216 10.902055 -24.651037 -8.012731 -13.142867 -4.9952874 -1.0973382 3.0994349 -5.073657 8.688551 -6.2627735 1.3134514 -8.572648 2.217384 
-287.96936 72.85867 55.187317 42.12071 12.716634 8.491784 0.14718533 10.79186 -30.382229 9.874643 -22.429153 -10.526523 -7.4597573 3.5297098 -15.214061 0.964324 -2.8437884 1.3031554 -14.464763 7.4879575 
-346.8113 100.00594 29.772696 25.000711 17.764376 24.40663 -10.828938 7.471262 -26.256447 10.178245 -16.561869 1.4846978 -12.7655115 0.42484346 -7.9059806 6.058251 -4.1385717 2.9431138 -10.780132 0.33787557 
-309.33344 61.84236 39.793453 31.135916 3.3579779 25.312666 -6.7581387 7.210184 -28.51559 15.71107 -15.767079 1.9458101 -10.263689 4.439676 -6.5218744 3.2299953 -7.920622 3.856725 -12.665353 3.536035 
-267.52792 146.14977 33.615906 15.10296 8.999166 -7.5157437 -6.6235113 4.3398976 -45.070446 -6.788931 -19.533928 -9.105542 -0.7711095 -0.49138704 -5.6386127 10.588662 -5.497234 7.476096 -5.858106 -2.6197097 
-334.16586 157.86671 43.875244 27.180676 10.140749 -1.4567571 0.60200185 3.3815317 -13.865902 -6.4390564 -16.188486 -14.532447 -12.456556 -2.2441742 -0.7023261 8.849348 -4.0491824 8.247303 -10.349719 1.4040029 
-245.97697 84.054474 47.367832 39.462376 -0.2026808 13.546808 -11.121985 -3.1033227 -35.26599 2.3773322 -23.40734 -4.106618 -11.7084255 1.8699006 -0.37548575 4.173753 -10.003333 6.485376 -5.6493373 -3.6304703 
-276.37885 87.97027 46.46197 37.14602 8.768574 17.869558 -10.578476 1.2285196 -38.591347 -1.5684578 -28.314497 -4.616453 -19.768867 2.2621841 0.11579153 3.9755707 -9.180554 5.7753644 -6.5985146 1.9984705 
-271.38855 55.91679 50.84755 64.77197 -4.274312 18.12461 -8.879927 7.6824503 -28.89202 10.780774 -25.23413 -9.380047 -10.876522 0.27291653 -8.130167 -3.7018805 -6.7938213 9.20599 -8.654097 1.1595416 
-335.48 151.61076 31.101912 29.823147 0.6494024 10.107189 -5.1325207 13.12037 -26.978617 -10.427421 -20.593967 -7.714301 -0.7097585 2.6481223 -3.600447 8.803138 -7.2297955 0.836498 -10.688334 0.95533115 
-350.6759 151.50613 22.832083 33.313507 6.356841 13.716496 -1.8195972 1.8502306 -26.777653 -4.958507 -14.742388 -4.7526164 -5.7965264 -2.1547232 -3.6093228 8.39999 -9.303817 0.7589298 -11.751797 -0.33759308 
-348.3373 148.80283 48.652554 29.298126 -3.382429 1.825797 -17.300694 7.458492 -23.89488 -3.047512 -23.56799 -10.922779 -1.6312681 1.1670022 2.9722192 4.9688716 0.6464546 3.4193277 -12.980444 2.2437568 
-337.32553 151.81621 25.27729 37.411674 26.02631 1.7869968 -3.3688512 -4.6493063 -32.62118 2.6253266 -19.834503 -13.425528 -6.9410915 5.2366095 -10.72755 7.579519 -2.9944065 2.0942829 -4.810113 2.9208918 
-317.6347 131.41747 21.328562 41.419247 33.382366 7.1910334 -8.429637 -13.076255 -33.73011 7.8687687 -23.72332 -15.629588 -11.875401 11.964299 -0.311159 6.586268 -6.4767976 6.679984 -1.9150764 4.712517 
-316.76712 135.35896 24.516977 14.884315 12.554035 31.067698 -4.695836 0.4857575 -44.704155 -4.490923 -17.657087 -0.24907154 -11.757114 4.1644077 2.666768 14.617067 -6.238578 6.835905 -15.722271 6.612687 
-330.60986 116.81452 46.870945 47.47814 16.101212 6.498349 -9.025657 18.112875 -41.148838 -2.4003541 -28.355803 -17.259325 -5.017202 -1.4532909 -2.6038806 7.6739087 0.13399918 0.53485656 -14.008584 12.109334 
-313.12628 96.32358 54.591873 38.70779 -4.2942953 12.495809 -4.908828 20.44128 -37.346733 2.5762627 -29.647156 -12.93734 -7.846029 7.4969306 -1.028821 8.5158615 2.81109 0.49656698 -12.882732 3.86234 
-269.59314 40.65977 41.99087 63.843853 -8.826756 17.905655 -7.399704 13.213869 -29.574476 5.830342 -22.857496 -3.850429 -9.842634 2.9022205 -8.033918 -1.6294403 -3.923202 10.904774 -13.544813 4.1455092 
-303.07727 126.51416 43.616455 33.247993 8.454145 7.783033 -3.4448066 2.1591456 -33.56093 -11.297436 -23.314041 -14.838084 -9.203976 7.1620965 2.6889215 6.9840198 -6.7785773 7.0019445 -6.205493 11.134813 
-319.37903 82.442055 50.539665 33.81383 3.0798693 24.255516 -4.3796487 4.494512 -28.12326 4.280206 -17.32125 4.245025 -13.7376375 0.3526674 -4.1353436 -0.014982117 -5.059466 2.789858 -14.145836 0.072847925 
-322.17664 72.54031 56.068516 43.41606 -7.982075 14.103275 -4.3016796 8.545536 -24.304714 9.157002 -22.287785 0.41591474 -7.083857 7.2136307 -7.403166 5.11854 -1.9260131 7.5951886 -14.228618 8.607067 
-305.26776 115.544525 35.432674 25.165794 -6.1547775 24.284088 -13.837677 -0.725406 -34.63059 6.362621 -15.986494 1.7756507 -9.168772 0.1276144 -4.887888 6.6089544 -6.925828 4.7955093 -15.289668 3.1797328 
-337.08533 85.80415 47.568253 46.259888 8.980456 17.338661 -9.43722 13.925969 -22.574339 5.1294146 -7.130868 -8.962922 -12.132153 1.9392564 -14.76678 -1.9449433 -3.3753428 4.1904063 -18.835745 7.4016657 
-300.68536 68.70073 41.530888 26.270966 6.1657004 30.128824 -8.62384 2.6512208 -27.125347 3.895982 -11.507206 3.15742 -23.481176 3.027771 -7.104458 10.005756 -9.103113 5.929458 -14.820058 7.6405435 
-356.7841 151.2405 27.260643 22.992073 10.000675 0.4977845 -4.9934897 7.425352 -24.122368 -6.5632386 -23.69794 -2.7581754 -16.049192 2.1148643 -0.6457324 13.077539 -4.971665 4.2949314 -6.1529036 0.5783893 
-367.6067 142.37766 17.012966 25.804024 11.268382 9.009572 0.42697567 7.1701517 -27.032665 2.022541 -10.437032 -2.5881004 -9.272409 2.1655998 -11.679308 7.079528 -7.4147053 7.544848 -12.660791 2.3197863 
-370.4715 107.70462 8.424304 32.811935 10.946995 18.901854 -5.3883877 4.4360986 -21.739626 10.530851 -6.804983 -1.7939883 -9.906996 6.5242505 -6.212243 2.5949473 -8.922273 -0.13157609 -12.605448 8.686852 
-375.58353 124.22965 10.951956 31.37983 15.236889 17.302776 -9.346405 1.167241 -21.115028 7.8243527 -5.5334973 -0.8991786 -9.372496 1.2625356 -3.5136516 4.131257 -7.595927 1.4637702 -12.245995 3.4858217 
-272.80774 134.09334 39.16845 12.387691 -19.952713 4.7167697 -0.13012081 17.016117 -22.425978 -6.7425613 -10.539992 -11.63615 0.38723895 12.268744 -8.047935 1.0443791 -13.375546 1.0032779 -16.909067 1.2631015 
-244.05232 61.96133 66.13609 36.589035 -4.871074 31.809269 -13.558212 0.21843924 -24.858725 -1.4059875 -14.375309 -0.67705655 -18.010857 7.6106195 -0.052285194 1.7612954 -4.723767 5.6069226 -11.217379 5.2012324 
-324.6902 107.32116 51.19186 34.70901 17.700176 17.445953 -13.663332 8.556725 -22.032522 -2.9634676 -13.30748 -10.883485 -13.666607 -1.9396433 -4.738869 -0.3760218 -14.222814 5.623502 -3.085146 -0.42764106 
-326.6753 62.278572 67.279564 23.497034 10.611775 26.060768 -19.548542 3.2584267 -19.72168 -3.8750076 -15.608719 -0.0967279 -17.439924 4.59581 -9.863718 5.537138 -10.82977 8.206934 -6.8934174 3.871972 
-312.4627 42.361862 71.60529 16.109509 10.262385 27.194 -12.14512 12.117882 -14.955477 -0.27250534 -8.7189245 0.58423 -10.966969 5.5138354 -5.812206 3.2477696 -10.692992 3.5633528 -12.704196 5.157198 
-289.06348 148.71558 47.945026 5.2142925 -7.4100604 4.335192 -5.545719 11.80788 -30.250145 -9.41505 -21.834354 -10.219177 -11.280629 4.5873556 -6.26988 10.099186 -13.177692 0.55674607 -11.407498 -1.3780524 
-348.94818 163.8955 18.572258 25.742018 9.788351 9.916634 -4.342856 -2.3536675 -37.305862 -0.32172844 -5.4569325 -0.45843956 -6.897745 0.2359627 -2.9616013 13.09074 -8.569499 0.7420727 -14.7282295 -3.7416754 
-370.65613 158.55583 20.421896 26.996958 6.5553536 11.295116 -3.7395923 7.9349465 -38.618027 -7.120753 -11.61909 -0.021910826 1.6658518 2.286326 -6.7044435 11.848181 -8.862583 10.758889 -13.282652 -2.197153 
-330.90805 163.18816 23.963436 21.772474 1.0675626 -2.3563185 -1.9664302 15.054928 -30.602098 -3.1133165 -19.10823 -3.795556 -5.8476357 2.0666142 -9.043309 7.246416 -2.6718435 0.41929707 -13.995402 1.1305859 
-353.63412 125.636734 36.391846 45.525883 20.304771 9.634175 -9.307718 3.4657042 -30.580502 6.0671663 -12.85896 -14.941772 -11.912718 1.7848282 -9.22654 2.7591438 -7.0963235 5.3278384 -11.5625925 7.8327045 
-311.69556 58.137207 59.855618 51.714676 -2.2227886 26.598673 -14.967174 11.672517 -28.566935 7.233563 -22.718288 -0.9056065 -12.303854 5.976942 -15.4791155 -2.914927 -3.399599 -0.6075286 -17.257298 4.0334296 
-374.61935 122.79154 17.661709 35.82536 9.305252 12.861456 -4.9896255 5.0061054 -20.135063 11.7177725 -4.967577 3.1498976 -0.67074555 9.146919 1.41848 14.454439 -4.368313 3.8393338 -11.205102 4.781723 
-360.62897 110.54971 5.796671 28.11539 14.114759 25.002981 -1.3112955 6.610227 -14.453851 14.921429 -4.104453 -0.823857 -8.632779 6.2963204 1.9008994 8.526364 -9.088265 0.2276064 -10.710583 7.6004267 
-252.35143 144.19092 0.17104594 4.938326 7.812512 16.33801 6.665781 5.8199577 -25.835127 -11.918326 8.076884 -0.8531877 -5.8782296 8.940395 -13.457802 11.309866 -14.118537 10.784055 -5.1356587 -1.6517812 
-236.64532 27.418032 69.8297 36.175877 -4.164865 29.385403 -12.631667 13.921459 -30.312876 3.2489476 -3.0984867 -1.8347498 -17.370796 2.794541 -6.0017796 -2.426857 -13.373013 8.934819 -12.610121 4.394971 
-263.2728 100.838196 45.17233 43.145283 14.982293 15.476085 -25.165943 6.454328 -39.837738 -7.5732965 -14.04405 -19.787247 -13.127422 1.4989777 -2.6973038 -0.06465796 -9.47897 9.667328 -10.798338 -7.106109 
-261.45447 46.292316 54.23311 65.94316 -3.5719829 18.516357 -13.45739 6.4255466 -26.931114 2.541274 -25.27876 -3.4058118 -12.813961 4.2423325 -9.795227 -3.8181 -7.047921 10.147332 -15.940848 0.6949028 
-333.63388 157.04158 35.64993 24.958662 3.3958302 4.110701 -6.874628 3.8446612 -29.665915 -5.8120794 -13.628212 -6.4084964 -3.9472737 5.685618 -0.22699356 13.635252 -6.908678 3.2483745 -15.577968 -3.7870245 
-250.47942 80.04831 54.90139 22.835476 -15.028647 21.295616 -5.5453134 9.025665 -35.823627 5.0256147 -18.884577 5.4886227 -10.818901 11.503086 -3.9575238 -0.058987457 -10.132718 5.8396688 -13.328475 3.5562832 
-289.60132 57.895954 44.550415 61.120857 4.3493314 19.127739 -15.580148 12.66386 -30.17943 11.933338 -23.62952 -5.7191277 -16.814528 14.27861 0.53839964 -1.8183111 -10.611281 13.983707 -7.538046 3.622739 
-327.0217 141.21014 31.140625 44.107143 17.391466 3.9909074 -13.405662 11.641985 -41.369183 -10.275024 -24.198488 -7.599727 -6.573825 11.496405 1.2209263 3.6032677 -4.0286603 11.059513 -11.166573 -2.218852 
-310.57535 94.20233 43.76384 48.7562 -7.679523 19.169243 -7.2099957 18.067698 -46.717335 -1.2333826 -16.120903 -7.688268 -7.861474 5.3393626 -3.3498952 2.9049547 -6.4851327 5.6480956 -10.932948 6.210164 
-323.55005 100.16894 46.936947 54.659927 0.6970662 18.830984 -9.7578945 9.072538 -30.052883 -1.4879947 -25.657507 -8.407078 -8.170217 3.540329 -7.6241574 0.022899905 -9.008253 7.7636085 -9.202302 1.902247 
-326.67334 101.968445 38.61453 57.439854 10.559455 12.761562 -13.920406 7.06945 -27.246382 -0.22754182 -18.946035 -8.04318 -9.586218 3.1182797 -7.051942 -2.274066 -6.983932 9.635866 -7.618333 0.54897135 
-378.10458 145.89203 23.738813 39.357586 18.673563 6.1215243 -12.018894 -0.462422 -26.923124 -2.7801273 -9.616258 -8.028203 -6.566303 1.83852 1.4284492 10.353903 -9.629001 9.720242 -8.581048 -0.033371884 
-416.88095 123.126205 21.158504 31.295305 9.13982 11.042621 -8.155929 9.160936 -12.062191 4.9925137 -10.445238 4.3501263 -8.299145 2.510192 -6.7687736 6.364963 -10.313633 5.3050165 -10.276313 1.4936092 
-343.10196 133.60129 11.367733 24.281576 12.789722 10.518215 -8.535607 -1.8036559 -44.96167 12.065487 2.1264372 -8.912472 -6.3581176 8.970808 1.0595976 13.598919 -15.75198 2.7192628 -16.83965 -0.09830271 
-272.7948 85.31186 47.88891 28.237843 -13.803162 18.085207 -1.6465558 17.85533 -37.020462 12.502346 -12.141166 -4.602279 -3.4882054 9.993313 1.2869387 5.0095487 -9.450909 0.73519677 -14.811035 5.489592 
-284.7138 64.3131 49.41148 59.0746 -10.459353 27.349293 -9.80975 7.825762 -20.36756 8.724287 -23.16704 -0.67987525 -8.439942 1.3487064 -3.5486429 2.5819807 -8.555 5.0391912 -5.562879 5.1618094 
-318.64658 121.67845 37.5132 20.073927 2.9173415 33.549973 -5.2400007 8.042826 -41.196842 -6.3300366 -17.771944 -4.6885266 -12.835276 -0.93994033 -0.5962534 9.140723 -0.67074144 9.586895 -14.669595 3.1117878 
-319.1981 68.3652 51.48885 66.08148 3.5251606 21.102644 -13.785024 13.39629 -25.218466 1.259204 -23.449068 -7.6866293 -14.296753 -1.9166979 -9.199073 -1.0323628 -7.4976444 7.639863 -13.370147 0.93981254 
-298.93665 43.855904 46.193398 71.53324 -4.1066966 21.186066 -11.80297 13.336017 -32.55608 11.09693 -21.48378 -9.440068 -12.092985 10.271673 -10.3319845 -8.098192 -3.1335657 5.419656 -15.021013 10.068224 
-334.98007 83.507774 42.61894 52.60315 -2.5268362 19.937273 -15.930088 23.688997 -39.540653 10.029595 -20.93042 -9.741901 -9.355404 2.6306784 -5.682146 -1.8124278 -2.2593582 -0.23062542 -13.579967 10.838002 
-314.34512 102.55704 26.644741 59.550117 13.582694 18.490574 -16.650534 13.736075 -49.456394 -0.82433933 -5.8590007 -15.196084 -11.794702 -0.39433235 0.6949122 6.298568 -6.099951 3.043685 -10.353731 11.514922 
-289.19058 56.76573 38.586582 70.86147 4.5521207 18.863789 -23.200747 17.487547 -34.70654 11.184538 -18.487907 -9.550748 -10.719447 5.1605434 -2.154519 -5.111998 -8.075786 8.172442 -9.39418 8.293436 
-307.36032 56.988815 39.360416 79.469025 -5.684355 17.048584 -8.554408 12.597132 -31.784454 7.818487 -19.963867 -9.472129 -11.340187 1.1466012 -9.693485 -2.124278 -4.342041 7.4279165 -15.264424 2.1598728 
-298.5416 95.94672 23.875195 50.87422 1.1775945 24.069653 -9.631813 0.3366657 -39.269707 1.3655367 -17.00635 -2.497632 -14.5481415 7.1412396 -3.7124639 7.2750278 -2.5079603 7.727522 -10.294467 4.8495684 
-380.2427 151.25543 27.34766 37.478195 21.143 7.9226313 -5.7296944 -5.639896 -26.187836 -0.88654417 -12.233761 -4.723528 -8.53472 3.6605577 -4.5857806 8.359192 -10.350273 3.4413407 -9.841252 3.0760343 
-322.63797 121.95136 18.726847 28.063042 8.932281 14.563417 -6.033682 2.3778608 -43.747612 1.1443623 -3.93205 -0.41904688 -4.4238634 1.6908698 -3.2617493 9.659865 -7.251064 3.7170186 -18.590004 2.4186158 
-299.08218 55.446037 39.66143 50.560963 0.42312637 17.747444 -17.649078 31.082014 -33.397232 8.065284 -16.810177 -8.5044565 -13.880241 2.0678434 -1.9836453 -4.035476 -6.9923115 3.2223291 -9.223283 4.102058 
-309.9658 159.99579 30.515642 15.819441 4.9577885 3.9504309 -0.95218587 10.768238 -38.960808 -6.7516174 -16.232533 -10.648477 -5.037673 5.3931026 -5.7882824 12.600293 -11.3605995 0.29349867 -7.876554 -2.4009137 
-356.17453 123.97426 35.743153 50.243576 22.95299 1.2408032 -3.1219432 5.328178 -25.709358 6.9857855 -21.694777 -14.760003 -7.003658 4.846504 -15.140245 -2.1171083 -0.835559 2.366931 -13.227452 6.176306 
-331.8971 155.40715 13.506579 16.238747 9.101011 15.9759 -10.290198 5.4668174 -29.936375 4.6091356 -5.208079 -5.850878 -7.1681466 6.631548 0.54644656 12.511475 -15.186447 -1.5108812 -12.579429 0.7878079 
-369.38922 165.41965 20.119057 24.369562 11.173284 8.086304 -5.5511346 10.183838 -29.22446 -6.109411 -13.303239 0.8628582 -5.6838818 3.8753057 -3.9542584 8.435449 -12.501229 -1.1761657 -8.8643 2.709036 
-315.55566 57.22328 72.69703 36.642204 -3.1960518 29.09946 -15.021352 6.718605 -27.354607 4.5369287 -19.007433 6.2207284 -18.844059 1.059156 -6.63735 1.7823892 -4.110053 3.610891 -15.570672 1.4042844 
-359.53177 147.34148 21.457846 28.11872 14.5325575 11.146769 -4.4078317 11.696806 -35.57895 -3.4959986 -13.219651 -1.1079725 -4.3146877 4.7544203 -7.508489 4.8306885 -3.2121909 5.3544483 -14.726162 0.9890548 
-344.03986 147.19185 -1.1060462 18.87324 18.836082 19.934893 -5.322181 -3.3955107 -33.081177 1.658748 -11.500019 -3.6816187 -10.842625 4.1868954 -1.5743046 12.375094 -1.6968924 -3.7418442 -14.651516 6.5566254 
-363.59265 172.67767 9.36404 8.048999 -5.70766 11.381531 -1.2502836 14.562995 -18.319416 -8.402996 -12.459268 -1.1300853 1.5543475 9.509176 -3.9622133 8.653392 -12.893129 0.24859111 -7.1422706 -0.6089548 
-379.058 151.37389 18.145212 16.37527 1.7406745 6.939794 -4.3669114 7.9263935 -16.710241 -0.93519676 -12.188777 4.457841 -4.8332143 6.388689 -3.5227127 8.864676 -8.256359 2.520841 -13.019632 -5.173701 
-399.73352 140.57683 21.333414 28.753532 10.3230505 11.272812 -5.131071 10.657183 -15.797843 2.8963385 -7.810269 1.1415125 -3.6857486 5.0283446 -6.4279504 6.3052006 -10.740627 3.3989687 -12.82212 -2.437419 
-335.2738 56.08627 33.029423 63.248413 -16.858051 21.47247 -9.695911 14.49387 -20.262077 17.294794 -14.3782 4.1729336 -7.94433 7.583275 -1.4383237 -0.9530945 -10.191256 4.9296 -13.256068 4.4000096 
-419.36813 131.0978 14.472546 37.764755 6.395276 12.15988 -8.010119 12.501875 -13.659725 6.636302 -10.527364 4.624259 -7.784033 0.48118675 -8.108531 1.9175979 -11.459418 1.8613129 -10.000492 3.1692443 
-409.9723 124.821846 15.490031 42.096153 7.7674036 15.399013 -10.78162 13.429227 -14.965602 6.062842 -8.785399 2.839865 -4.1677127 4.1178226 -8.056762 3.5365152 -7.3225775 4.87873 -14.416343 0.87596995 
-404.49164 119.97177 11.457332 40.827957 8.871064 18.047007 -7.3412104 12.535617 -15.158452 13.327728 -9.062903 4.887602 -3.296125 6.6960773 -8.468928 3.0525799 -5.804463 2.0460799 -12.130391 7.2075543 
-414.2422 124.79686 19.18005 39.956543 3.9317186 18.68405 -10.438879 11.902686 -5.076657 3.7638488 -7.082541 6.609025 -9.752869 2.006686 -1.9581953 6.7068715 -9.844132 -0.36451176 -12.248006 0.23349905 
