-411.74414 130.53195 24.904886 35.016956 13.508671 11.253423 -8.053318 10.375397 -7.264145 5.703377 -11.95942 2.3452346 -7.9356637 -2.4093978 -7.815317 3.5375605 -8.668448 4.6275806 -6.362566 -2.9037485 
-361.9779 111.30029 33.224583 40.412155 3.364102 9.288145 -10.195732 8.189948 -13.914522 7.99594 -12.3139925 -2.1955867 -2.1993172 -1.5252212 -7.634504 1.8711365 -15.472636 -2.0196056 -5.203655 -9.734029 
-306.20544 97.46975 14.747772 58.868084 -8.325022 -3.5657015 -17.7546 10.40872 -8.644662 7.2176414 -19.911451 7.481162 -2.7101054 -12.856174 -7.863351 11.187862 -16.533205 -1.9212232 -3.028546 -7.673533 
-340.4609 61.14816 58.218227 32.075317 -7.447451 24.106453 -27.754614 18.649734 -20.224276 8.569992 -16.906837 -0.20262252 2.0293593 -1.2105187 -6.3191967 6.8454022 -17.662132 2.8312063 -8.638745 -5.442667 
-365.88702 102.40148 41.90896 30.136108 3.4619043 16.270088 -23.334385 11.730762 -18.82963 5.414347 -16.487755 -0.34314665 -2.4829664 1.6456825 -8.809713 5.557261 -12.837015 0.89259446 -8.093349 -3.1090827 
-338.87598 95.65011 27.21711 36.732254 0.21267271 21.207298 -35.863632 4.0488205 -10.494644 4.018363 -16.360186 -5.154568 7.2790866 3.2418284 -23.968924 7.815389 -13.5180855 0.22008239 -10.109882 -6.227028 
-406.27954 139.14507 26.953636 34.381653 9.966308 12.781484 -12.159196 11.195095 -14.839833 1.986106 -15.945406 -1.4473233 -6.3220196 3.2659044 -8.713784 4.82329 -14.288764 -2.675948 -11.035364 -1.9475261 
-427.03394 137.91246 15.906481 37.43154 10.255459 11.39291 -11.750576 12.402213 -9.925739 8.136547 -13.329492 1.8017542 -5.840462 1.5588233 -9.011393 3.698852 -15.265795 0.44179425 -8.909489 0.24988821 
-428.15472 138.28423 13.843866 34.356632 13.078808 12.904344 -6.522084 14.669968 -10.451197 4.48563 -14.174123 -1.1407208 -5.877882 1.5509241 -8.224887 3.9643342 -12.117533 5.6101346 -6.5155954 -2.5932465 
-387.34186 116.567665 24.782541 36.718834 5.218367 18.328623 -15.325512 1.325261 -15.054384 7.276162 -9.882427 -1.3912034 3.7082033 2.8179195 -10.179285 7.5645695 -13.327092 2.022704 -5.5712624 -2.8676784 
-331.73544 58.625168 52.411697 32.9808 -4.3506894 27.364216 -8.583261 2.9572833 -13.338055 12.058287 -18.81816 2.806161 -1.7969947 3.372016 -13.337023 6.784914 -14.85851 1.2001336 -9.709712 -1.284554 
-345.82367 99.2122 39.556995 45.550957 7.6940775 13.059397 -17.75356 -7.8501945 -12.862732 6.6712656 -29.452309 -2.2215996 -3.7606516 8.5379715 -15.722042 5.5205407 -6.01411 -2.34854 -4.0787387 -6.8730974 
-421.67398 138.95514 18.878828 39.723907 11.267308 14.502243 -9.503573 9.323147 -12.834637 6.6320276 -17.874992 2.8137655 -7.9983444 3.1447387 -8.136079 7.6147275 -11.15379 2.187967 -7.431849 -0.33919737 
-431.36942 139.60736 15.482213 35.885452 12.954474 14.998607 -9.441479 11.865038 -7.3527274 5.283331 -13.441881 3.415466 -4.5962396 -0.90104485 -12.480488 -0.26381963 -13.307742 2.8971055 -6.8241067 -0.9105779 
-375.05075 121.191475 30.021858 34.65446 8.990806 6.8925896 0.38652885 -1.6195714 -23.352465 10.898561 -12.29171 0.8921445 -0.097541966 0.44009575 -13.403044 4.8002567 -13.327218 -0.19875707 -6.660768 -5.6557584 
-314.89734 124.95912 -0.2290039 22.00721 -8.36456 25.188625 -20.244244 -2.6639292 -16.953472 12.524679 2.237244 -11.744074 0.01624367 -9.034405 -16.232384 3.841287 -19.495651 14.819567 -7.634028 -2.897459 
-337.03656 103.57069 33.005188 28.77137 -7.236958 17.27673 -11.455773 -2.421876 -21.575861 4.172202 -10.627411 8.077694 4.184145 -0.12517616 -10.72282 3.6245184 -19.43733 3.1027327 -11.479584 -7.059403 
-341.87177 87.509605 44.32891 34.274017 6.8011656 13.247468 -12.823879 -2.435213 -15.848704 11.389696 -21.81435 1.6647282 -1.966604 2.303774 -8.7170725 1.9372544 -13.637419 10.522415 -12.391346 -5.513958 
-323.13934 162.47943 -3.242727 9.529087 -2.303229 17.411814 -14.250621 10.95162 -15.615431 -3.1439798 -6.092418 5.884408 -0.9664882 -4.1795807 -10.850048 2.8524501 -24.08612 7.865737 -10.19981 -4.349581 
-372.38052 114.55279 30.553764 23.90694 4.9381475 23.583883 -16.735949 20.5238 -17.490458 8.181434 -8.940615 -2.5365787 -5.309847 -2.9215786 -9.329594 8.575776 -13.998702 5.996605 -5.56706 -3.199039 
-332.8054 88.80404 26.825903 66.921936 -3.2901459 5.1306753 -16.938375 8.774865 -28.518711 -0.27296638 -13.194885 -4.226783 0.7546375 -10.920518 6.172109 4.633901 -19.135399 15.797767 -8.382885 -1.3251383 
-332.92767 60.516068 53.297848 39.30681 -2.86517 18.699877 -26.739494 22.508425 -25.694397 0.8389108 -11.993557 3.0578024 -6.279752 -3.8619168 -3.7607167 3.8701901 -18.256054 8.296082 -13.458561 -0.47269264 
-363.4315 83.54646 39.52583 34.334927 1.8351216 25.091282 -21.871939 15.964951 -16.023996 4.526187 -15.052344 2.4378598 -1.5692819 1.0410333 -9.9561615 5.6663003 -14.102827 6.37142 -13.064813 -4.6978154 
-377.8926 116.443275 25.112963 40.185318 6.3435574 15.87293 -15.566762 7.2475533 -11.035996 12.288019 -17.09307 -1.1544397 -1.3732316 5.55556 -6.1055493 -2.0585446 -10.072742 6.0883656 -10.515316 -1.173307 
-414.2532 131.66246 18.490965 36.56899 12.449825 12.920777 -11.256418 7.8218374 -14.754018 4.599581 -15.410904 0.86352736 -2.0984766 0.3022552 -7.1367307 1.9177794 -13.380582 2.4153862 -4.129137 -4.8216877 
-362.89282 115.884796 30.891838 34.70775 1.5255268 16.725609 -22.135262 3.4183617 -18.757471 8.077365 -14.532359 1.3814076 -1.3046063 2.0025163 -8.395654 0.51299584 -17.175968 5.32413 -3.9650917 -6.8687224 
-330.66556 123.56384 9.834619 15.137685 -13.923957 27.564352 -13.761196 7.369472 -19.316948 8.866543 -1.7579337 5.5657797 -5.1426215 -8.279521 -17.538944 2.1356459 -18.232693 9.373422 -6.564843 -0.79645467 
-339.91504 120.92406 16.828619 22.297436 10.570598 20.905052 -32.946907 16.685633 -13.736745 10.88637 -4.5740337 -2.353135 -6.7721105 -5.7127337 -6.7691946 -6.5975857 -19.581764 11.572475 -8.7300415 -0.770478 
-351.85962 114.883095 10.089779 29.687757 9.777758 9.929386 -14.009588 6.7389 -14.821989 10.644887 -12.864365 1.0120845 -10.480055 7.0087194 -3.9840736 -3.3749053 -13.164723 4.0017185 -7.866245 -4.9557657 
-372.13513 128.67085 22.826172 32.06728 7.5172596 6.0140476 -18.48488 7.0697956 -10.629619 10.528163 -14.902902 0.18028837 -7.23938 2.1319609 -7.303845 -4.777906 -12.120092 10.089216 -5.628219 -0.5777437 
-410.05115 116.17962 21.57911 37.278572 6.968613 16.497305 -3.1584342 13.699133 -11.920834 11.028492 -14.242208 6.206008 -4.1339927 1.8290817 -9.079348 1.9890524 -17.924004 3.5867674 -12.126585 -1.5301946 
-335.26645 100.21451 22.800554 45.88337 13.795358 -0.41060925 -15.603322 -0.48109043 -21.40411 8.184644 -20.178457 3.5599964 0.6074188 5.4476843 -6.5001874 -0.60900044 -10.881608 6.8780513 -17.689842 -2.8564022 
-316.9919 131.80396 -4.138875 25.954243 -7.939272 19.49575 -14.144924 7.008557 -20.355598 3.3511398 -3.2319613 -0.5469623 -6.2393513 -4.4361405 -12.958307 -2.20733 -16.899174 10.40699 -8.615197 3.373301 
-341.53586 139.97145 -10.090905 23.358206 15.728397 18.247675 -21.538197 10.837444 -15.868603 0.9967492 -4.3965545 3.2931545 -3.0846953 -7.346272 -6.1673217 -6.2764826 -16.011627 12.45838 -3.3895586 -1.7237267 
-378.11584 158.87816 13.761279 25.23763 -2.1584978 8.271514 -14.451348 14.853768 -17.456696 3.8971372 -8.1302805 4.430605 -4.7062984 -7.012205 -1.02297 -6.082691 -14.048085 6.7867556 -5.45648 -0.49173293 
-359.8302 143.75162 -3.054766 26.920076 5.8743496 11.707923 -20.075706 10.687463 -12.3473425 8.700232 -11.462282 -0.8760046 -4.703639 -9.544252 -6.401162 -5.839043 -16.84033 13.60197 -12.174963 1.2916952 
-383.05237 130.75272 19.95563 37.55215 11.026997 11.282828 -25.116468 6.3781333 -16.518595 3.5713544 -18.897388 -2.4269664 -0.9872732 -1.0064412 -3.5343633 -0.21176974 -10.966377 11.467457 -12.055408 -1.2939618 
-361.11566 135.07603 -0.4083239 20.280338 8.649152 20.612516 -26.874952 12.070934 -22.06881 9.834242 -5.9190674 -2.133455 -1.2536939 -10.059007 -7.11281 -5.482083 -13.624724 18.325325 -9.145488 3.9970186 
-354.15732 63.818428 52.069794 32.529068 -2.0974698 26.68095 -25.414402 24.844124 -27.925676 8.580867 -15.847438 2.66417 -5.6518946 -6.5526648 -0.024848871 -0.22556986 -16.475847 13.722227 -12.571014 0.22339593 
-346.5612 117.41021 14.898422 66.73133 -1.0999864 5.206026 -17.326357 -4.9346294 -27.441267 -1.1502599 -21.35908 -1.9992676 -8.21474 4.6260977 4.6370792 -3.5495753 -5.863811 16.517553 -19.704967 3.1493962 
-310.06882 124.98595 -20.33257 33.84041 4.4993176 3.7220235 -37.925045 20.16202 -6.2022586 14.840406 -12.976335 2.810326 -4.2063055 -12.625767 -1.3947091 -10.141321 -11.782209 21.57171 -20.085878 12.565244 
-381.92838 130.61746 9.221079 28.910566 15.290919 15.416175 -19.772587 9.530866 -12.279351 4.1405907 -11.555557 -2.6490881 -8.764996 -0.7632701 -11.806715 0.036478177 -14.828576 5.803323 -10.202245 -1.0479897 
-390.31915 143.95226 17.991028 25.314808 1.7948127 14.057993 -7.5948005 11.565702 -18.80876 5.6072125 -9.554946 5.2433953 -2.42538 0.7517768 -13.616412 0.40128577 -13.125568 6.20157 -5.2428045 -4.122324 
-420.68832 136.8442 14.017422 33.215637 8.661665 11.408471 -6.2861915 7.906674 -8.463432 6.355422 -14.043467 5.2951255 -5.571287 -1.9924856 -7.7190266 0.7871647 -14.912374 0.870927 -7.7773776 -1.2147835 
-413.9911 130.98322 7.541425 34.121 9.418892 11.756033 -9.55643 10.354141 -7.535448 7.202242 -12.35436 0.73586124 -2.7848046 1.2849885 -8.689082 2.0795946 -16.156572 4.2201586 -4.8475337 -3.629866 
-382.8084 97.7952 26.41801 40.777225 9.629013 8.218345 -5.8503733 16.298906 -14.037038 10.528344 -11.121013 5.214823 -2.6547291 -0.34126225 -8.138766 5.3018026 -14.531596 5.7715616 -7.2516894 3.28243 
-350.20206 76.51148 45.323727 41.582497 1.9383142 15.98618 -15.345714 17.835045 -21.058855 4.107218 -15.881929 -0.9335064 -6.1477895 0.04532136 -3.0209079 3.8894107 -13.805972 9.457053 -12.908238 0.25968108 
-343.40283 101.48117 25.78829 32.720047 7.971041 14.107047 -26.068275 -0.32677186 -18.483742 7.893835 -17.058151 0.3189106 -4.8926916 6.928049 -2.9304912 -3.4719405 -10.27904 7.9677386 -14.390298 -1.5752255 
-353.45374 115.14049 28.131216 25.519138 10.837923 7.2464275 -20.063124 2.4906836 -23.038918 8.912966 -15.967724 1.196935 -4.1618223 5.8566055 0.35891357 -3.4270048 -13.981929 0.69538206 -10.460625 -2.002619 
-343.57034 148.85814 12.407154 10.857277 -16.778313 9.322117 -5.972398 12.518035 -26.945833 6.0778823 -9.04718 2.3629162 3.5220213 -6.0776725 -10.101246 -5.2292514 -15.538692 14.893168 -12.470458 4.4760456 
-405.10046 160.72 27.803894 37.02654 -0.06613329 1.0804048 -14.894245 6.0013537 -17.867409 3.1028333 -14.679482 3.1701822 -8.23018 -0.625029 -5.114236 6.333847 -9.184575 5.936906 -3.8189611 -4.610671 
-348.5964 90.32362 29.273289 23.270815 11.090615 15.303294 -24.26863 28.722795 -19.81449 13.695557 -16.510868 6.4099197 -5.7262936 -1.7165575 -7.154128 -0.24710634 -15.2746315 8.886791 -9.886456 8.127421 
-356.39243 139.75833 -8.782366 31.501486 15.300037 11.208348 -22.844034 18.997097 -9.221536 3.7158422 -13.43335 2.507722 0.43679726 -5.4625006 -10.572721 -5.7064962 -14.229959 14.727098 -12.869152 7.3983927 
-422.5939 138.90128 7.9082336 35.27575 10.822422 14.5652275 -7.6971993 11.7425995 -8.359783 5.4778714 -15.574641 2.373808 -5.4661 1.8311517 -8.389187 1.6772662 -13.563925 5.850529 -10.205625 -3.3645349 
-419.40347 140.79819 12.289263 40.560463 13.837649 12.802233 -10.558146 9.757465 -4.8168287 6.2835026 -15.477343 -1.1572767 -5.6854157 -1.2375213 -6.9618254 2.603137 -12.971243 3.411379 -6.3344626 -2.9687421 
-354.07605 140.05133 0.04190053 20.974062 11.508327 16.570616 -16.622608 9.079485 -17.811577 4.5965734 -7.596088 -1.4493903 -4.1107707 -3.818804 -7.9175076 -7.55286 -7.0552874 5.869182 -4.212122 -0.33143377 
-383.30838 131.2936 22.09729 26.327745 8.110807 9.864297 -10.750797 13.774616 -19.55211 7.1787534 -12.079655 2.7443612 -4.19738 -2.127344 -5.2821946 -2.8651683 -7.94076 4.390032 -6.6015725 -0.24402203 
-353.89597 97.96225 41.973904 27.252352 13.583741 14.570555 -21.848488 12.395463 -24.95998 12.864667 -15.447828 -1.0228772 -0.22868077 5.696141 -1.5895771 -4.932217 -11.748677 8.062876 -12.924997 1.190048 
-344.65384 157.11986 4.5199027 17.177155 -2.5677419 6.49858 -9.25933 3.058532 -29.098816 -3.140765 -0.62206745 13.972117 -4.931295 -4.698614 -2.5980496 -13.749161 -14.722083 1.6726019 -1.1305404 -12.747094 
-362.79898 75.43797 42.93084 42.994465 -1.3588248 25.939613 -19.152887 20.656342 -17.166918 11.654028 -15.759068 4.6512713 -6.9431486 -0.3598374 -12.4815855 0.42996436 -14.9168005 9.138985 -16.579369 4.412528 
-318.07483 146.03798 -0.8534978 14.070509 -2.1896994 14.135515 -27.329184 8.198788 -25.526957 0.13631016 -4.7176294 11.798748 -8.350559 -2.2892125 -9.708381 -7.3136773 -12.5205965 10.603404 -11.161095 -2.226588 
-372.97552 133.48215 21.216526 42.51186 14.588833 6.431741 -12.972332 0.9960002 -20.237755 -4.77316 -20.253822 7.6122894 -4.2655663 2.1688619 -0.60424113 -0.050493177 -10.3906145 9.090053 -9.133829 -6.7294216 
-365.5107 103.45736 21.485325 44.24712 17.650486 -2.0873368 -8.326726 15.6693 -21.557756 2.7442355 -20.370417 2.4400556 -7.1181455 3.929948 -3.1117802 1.8745363 -9.518995 5.456295 -12.908128 2.8005347 
-405.4142 139.73895 14.776452 44.832184 15.781688 2.5387945 -10.02689 10.74133 -8.51219 0.4279269 -17.140709 2.530087 -7.672642 -0.07818933 -1.9561121 3.6214876 -11.637566 1.4400691 -4.6843734 -2.407077 
-348.92944 168.2871 -4.7905707 8.109355 -2.643355 8.2553425 -8.04949 11.965394 -16.270132 -6.101081 -14.249858 19.080208 -6.097794 -3.964442 -6.4887047 -3.6372347 -16.207035 3.3990655 -3.4117644 -4.869305 
-387.4989 112.49113 36.49156 30.602486 12.244365 16.335842 -14.770345 21.040764 -18.941147 6.9320188 -15.014706 2.8002052 -6.1866593 0.9788806 -4.9898024 1.5044065 -14.347519 5.1724973 -11.509719 -1.9042312 
-360.74728 90.50966 28.155296 53.97325 0.53131294 10.089642 -10.4292755 12.185587 -27.913546 3.030541 -20.483128 -0.44512007 -12.332679 -6.0687985 -0.48508346 0.25819856 -13.210479 11.260085 -9.682748 0.1942909 
-386.03622 135.9732 12.806189 29.211596 16.957544 14.778919 -9.83165 11.193376 -14.148699 5.2058506 -11.462696 4.407938 -8.002631 0.85887074 -3.9440002 -3.250296 -13.669278 5.407592 -5.3995333 -0.8567809 
-356.54993 151.03868 4.744826 15.489483 -5.564069 14.954317 -5.1841993 8.584449 -21.265978 5.9145303 -10.420319 12.129612 -3.2043564 -5.3226433 -4.8034496 -7.147003 -11.493251 4.342881 -5.1080656 -2.774164 
-368.80237 124.02361 20.768103 25.288689 6.204359 13.328868 -22.731888 12.951197 -15.752607 7.5086255 -15.298741 5.599211 -7.4508996 1.203213 -5.774114 -4.6920257 -14.308127 8.6537895 -13.501177 2.4004138 
-375.5741 134.87787 11.294188 36.350777 7.0994606 9.5800705 -24.64405 9.33945 -17.30502 1.6244733 -12.305996 6.706568 -0.031095717 4.757762 0.43538392 -0.76637733 -14.773754 8.74129 -15.72329 3.299179 
-380.6157 109.05051 12.0947075 51.59273 6.961139 4.255364 -8.410599 10.187031 -21.428217 -0.24948512 -22.122702 2.2840288 -5.3967175 -0.50887024 -4.3426323 0.89296174 -15.777784 7.1217933 -14.732559 -0.97790295 
-400.55313 148.92273 16.089653 27.298319 8.427807 14.404461 -7.1070414 8.5337715 -14.743927 2.355625 -12.882841 3.8630016 -8.618391 1.6560637 -7.076521 1.1948261 -15.021114 2.4841452 -7.2922187 -0.73830247 
-369.23682 142.065 3.8411849 14.750639 6.9359317 14.297418 -9.402716 8.856515 -12.1957855 6.336607 -9.061615 12.7848425 -7.662564 -9.58915 -12.524059 0.6920769 -11.35732 7.1630325 -7.7229776 -3.152328 
-420.96915 129.90553 15.471425 35.00481 12.796744 14.663127 -7.469658 12.836096 -11.200051 8.978041 -17.163996 0.54702663 -7.7043557 1.7076536 -6.1150875 6.257289 -14.362759 5.3931913 -11.453844 -2.129616 
-400.27664 122.24615 22.503431 26.047651 6.362185 17.86435 -16.818083 14.090746 -16.10477 8.806423 -11.800278 2.8599277 -5.736446 -0.27143997 -12.46455 1.3888956 -15.484669 9.897548 -10.579411 5.8673153 
-381.8349 146.14934 7.7345963 20.072369 3.463891 17.086018 -11.30743 15.749976 -15.70018 3.736612 -5.741111 6.2831464 -6.156905 -3.6059635 -7.675621 0.6637483 -16.619156 13.448384 -5.867788 0.057306554 
-392.77994 153.33627 12.63227 23.182436 5.568986 2.3161063 -14.995344 17.070555 -15.422187 -1.5768163 -11.415405 4.860508 -12.830755 3.9352956 -2.048267 0.074321 -11.181257 2.3832872 -2.343168 -8.642102 
-363.0203 118.24086 4.6211157 10.425106 15.605947 22.759226 -24.65679 17.221794 -15.818417 5.859125 -10.108808 3.1009407 -2.5189734 -8.305593 -3.7660038 -4.156023 -12.0453 12.216705 -7.5214157 1.8893634 
-380.69424 116.77276 27.894135 30.82763 8.241408 16.124495 -16.77594 5.318854 -15.377382 2.5435681 -9.1251 7.885824 -0.57191235 2.107995 -6.307133 -2.501079 -10.594603 7.0217714 -9.124288 0.5230981 
-390.87894 129.6075 19.287249 42.027317 7.664358 8.15473 -6.0653663 3.6531944 -19.064999 0.5131301 -16.157566 5.8169875 -4.350526 0.042247575 -2.374574 0.57046366 -10.488893 8.4554405 -9.424566 -1.3418095 
-363.74463 88.975334 40.351128 43.24003 1.1666907 13.319795 -16.197134 14.827582 -19.5002 2.1407957 -15.452064 2.3543184 -7.247634 2.2710745 -4.4399605 7.087218 -14.202363 13.69446 -4.96811 -3.7161157 
-345.48123 46.15822 64.76889 27.077545 -3.1261787 29.64287 -19.519842 14.332526 -9.177126 4.333383 -16.911507 5.84489 -7.703815 4.535137 -7.0203576 5.0593567 -15.289854 10.430592 -12.257079 6.8136997 
-410.01212 126.26552 22.367584 33.445072 10.758549 11.677157 -11.630737 7.646978 -14.927198 4.1956997 -16.592089 3.18884 -5.798153 6.9812045 -7.056898 3.200141 -13.910908 1.8482386 -12.01646 1.305928 
-414.85513 123.03903 23.54398 36.19688 11.726167 16.084885 -5.868142 12.385804 -13.625009 5.8615537 -12.049207 2.735207 -6.8698444 3.7096524 -8.545391 4.327647 -11.407554 7.3984637 -6.8569074 -0.82118076 
-414.40582 128.07614 21.41168 31.410095 13.793957 11.515392 -8.891736 12.972402 -15.478182 4.818753 -16.069542 4.649615 -6.780899 1.7220029 -10.495624 2.3313327 -13.945118 3.3552957 -10.358338 -0.75738364 
-385.48914 101.54049 33.232662 28.48447 13.873693 13.414445 -14.719096 19.881609 -23.413408 6.889697 -14.242617 1.7316855 -7.876914 -4.0926986 -3.4069555 3.0403802 -14.076113 12.394143 -17.615702 2.9264612 
-404.60287 122.0223 21.111868 31.176975 13.736176 14.908824 -6.85312 12.305862 -12.752651 5.3161736 -15.016373 0.037319396 -7.503229 0.0036434995 -5.329586 2.3108692 -11.386213 5.0868483 -8.453176 -3.1704972 
-367.58752 143.07228 2.9013944 25.184084 4.2121983 13.585805 -7.6573257 12.126619 -6.119554 7.1554575 -11.93297 4.2315655 -8.965048 -0.6634836 -11.601363 -3.4500496 -11.371851 4.0548277 -10.170281 -1.4418237 
-413.5494 135.5889 12.967968 31.573557 12.367148 15.147502 -7.0364876 13.728854 -10.927263 7.745721 -10.809848 3.7493563 -7.8693805 3.5288022 -8.662786 3.705663 -9.320524 2.644799 -7.927513 -1.86689 
-420.91315 134.81049 16.250957 35.550766 13.210997 12.546833 -5.8326054 12.69156 -8.9019165 6.485473 -12.807035 1.0814862 -8.652896 -0.056167576 -7.221856 5.408066 -9.846886 3.82421 -6.873205 -1.0252851 
-462.86505 130.85518 15.874437 31.30953 16.755577 12.89602 4.7179074 13.248014 3.759904 1.9254215 -7.014058 -6.601082 -3.0233052 5.7298384 1.6497802 -1.911624 -2.642116 -0.89895767 -4.358951 -5.0629406 
