-364.18845 169.58237 16.685863 29.856438 -1.8872378 -1.0987564 0.60181284 0.05323937 -24.645548 2.8177614 -9.174612 12.223602 11.416673 4.6643453 -16.507431 -4.2942944 -10.870579 2.8666632 -4.3704853 -1.1466886 
-360.13028 154.58832 29.579824 37.49174 10.476955 -2.5575879 -12.653754 1.1726857 -14.29738 -3.0055876 -11.337041 0.45778692 -1.2216231 0.6428956 -9.070981 -0.94725865 -6.1627526 -6.2811027 -7.2223043 -2.2945633 
-291.87665 103.11789 32.585716 55.99937 8.9469385 8.779301 -15.211735 -9.429698 -14.235411 11.490478 -35.243313 9.08464 1.9800763 -6.6873455 -5.3391953 9.07767 -19.380695 7.1717257 -5.497661 -14.049123 
-360.94128 157.8849 16.87195 44.31584 24.391863 6.1864223 -14.203491 -8.611429 -7.9401135 3.460371 -18.690474 4.7884 -3.5423074 -4.3520665 -1.6377418 1.641406 -14.028405 0.49619457 -9.568262 -4.7632327 
-337.73038 115.82525 27.834848 34.630466 17.013435 15.9226055 -8.420056 -5.114782 -23.606794 4.0052385 -10.982358 -0.5886748 -4.825812 -5.042175 -5.8797374 7.373293 -12.070528 2.0170019 -10.004619 -6.158487 
-328.71106 156.67477 15.924935 40.551212 17.040487 1.3159932 -8.483639 -13.373467 -22.845516 3.2391787 -12.542355 1.9684355 -7.0851245 -13.423409 -1.0597123 7.5965323 -14.14436 -1.1438395 -9.207616 -6.0228767 
-404.06332 134.89066 18.19892 35.62366 9.512865 12.853269 -5.523599 6.518446 -7.69161 2.2041156 -16.679937 -0.88586986 -7.2329144 -1.918838 -10.80023 -1.909307 -10.503736 -0.81401855 -10.639891 -3.4329457 
-296.1849 124.79537 15.867186 41.087727 1.9673047 4.185966 -11.072291 1.9063276 -41.579254 -3.886178 -26.541725 -7.299752 6.4600596 1.1512618 -8.232443 15.206779 -6.860443 -3.533123 -4.788358 -3.4022577 
-370.44788 145.61725 29.130354 44.177525 8.318992 12.400608 -10.365628 -4.0195255 -14.522893 -8.185406 -20.407541 -5.4697056 -8.863161 2.2291143 -10.136696 8.826495 -4.6361713 1.5397606 -4.437433 -3.990035 
-399.0212 155.40773 32.338745 48.557487 13.911724 9.2429905 -17.28043 -1.0487682 -13.292866 -2.3750682 -18.687206 -4.4677663 -9.990736 -3.0760567 -14.010298 1.7630712 -3.5557163 4.704112 -2.3208675 2.7259562 
-389.10162 154.84833 21.0466 33.269283 9.814704 1.2815607 -10.303239 4.9613085 -14.35851 -1.8512969 -17.353859 -2.0156631 -7.741697 2.198483 -5.9238377 1.8957797 -3.4513268 2.0705202 -7.3307514 1.4238372 
-328.56772 119.69972 16.766241 61.656433 14.634264 -6.134775 -0.38430354 2.0881488 -19.060123 6.8848248 -28.325203 -9.854425 4.2969413 -10.943047 -21.188118 11.334241 -12.457801 -7.426763 -2.6349611 -5.353286 
-334.00226 121.722496 20.99465 32.96205 21.266588 11.237904 -13.520094 -9.2545 -27.023811 11.656025 -12.913068 -6.2437057 -2.4626584 3.3656027 -10.826834 11.704989 -19.711552 5.6673965 -6.9718885 -6.373485 
-328.69006 113.51002 25.672583 18.448238 12.836049 8.988985 -18.93394 6.0312986 -21.047174 16.364159 -10.930909 -1.3619332 -6.0944505 0.82025105 -11.724683 10.986159 -16.735209 2.907396 -10.377735 -2.8754342 
-344.68225 130.57076 7.3700275 30.38957 -7.766706 3.8414655 -2.8744173 15.351203 -20.712908 14.660675 -5.5038548 5.018246 -8.015418 -3.2889814 -17.515234 9.969626 -15.317692 6.193003 -3.8115523 -2.9720848 
-380.4607 146.66064 17.186016 48.5321 13.897472 13.087082 -11.3853445 -6.061312 -27.867212 5.2266173 -24.524231 -6.359155 -9.838062 0.3255247 -1.1092645 14.168232 -10.32703 10.209745 -4.037714 -2.1097157 
-366.0722 94.28641 44.068203 18.56945 21.533453 13.230038 -11.534306 9.0146055 -17.124432 6.8714857 -15.848014 -1.7654195 -3.840781 -1.3355039 -9.210336 11.094703 -13.987107 7.542744 -11.661089 -2.4757519 
-349.00174 149.58829 25.526375 21.06871 11.178293 0.79259735 -12.176072 -3.1308823 -19.370535 4.830876 -17.030024 6.6113906 0.16658574 -1.1669743 -7.8124523 7.2636065 -13.82979 -0.5321293 -8.585992 -2.7687745 
-370.88864 97.1926 47.360573 26.049337 14.086533 16.493204 -10.317455 6.3960743 -11.035992 1.1366158 -13.755286 3.9226618 -3.9760828 2.9004889 -7.891912 9.443137 -12.970821 8.30602 -11.620126 0.43738768 
-390.16794 149.4426 27.462175 30.634895 6.39512 2.023236 -8.583269 6.366476 -19.89929 5.1764965 -18.359959 3.030036 1.0420023 7.712286 -6.4041715 9.321789 -9.61358 6.030012 -8.70777 -0.3907367 
-329.3376 176.3654 4.0194016 34.626175 -20.435406 -20.026516 8.623229 7.0592613 -19.749487 16.090162 -10.991901 -3.9576063 9.716341 4.5625057 -14.859338 4.229325 -7.094722 -1.7616264 -10.166419 -4.9174247 
-351.49548 104.89861 39.140488 21.074135 10.01267 28.15387 -20.857635 -0.5807052 -15.599208 7.0372143 -8.234915 -0.47828594 -2.9909792 -0.7133758 -9.365598 15.967992 -13.08141 7.7095523 -12.414771 -0.21580765 
-335.63895 115.059654 29.94506 31.527527 11.392383 22.91651 -10.997379 -13.854072 -19.139942 6.205852 -16.451727 1.0809616 -4.2360797 -3.9209497 -2.8348515 18.475826 -12.011152 3.5592444 -7.226516 -2.6833053 
-325.29675 79.75057 28.625313 59.578716 9.808118 9.376489 -8.386275 1.7237418 -16.949106 9.489095 -23.900278 -1.7986903 -0.53572 -4.119107 -18.500668 9.744357 -15.629395 4.314573 -14.842048 -1.0161757 
-402.39825 118.937904 26.691177 31.69727 17.632822 13.617977 -10.547588 7.9979806 -10.046996 9.434938 -12.093938 3.295652 -5.7854314 1.8630856 -12.240206 5.840699 -9.485996 3.4342356 -10.503925 1.5263958 
-411.76596 135.61111 9.025691 30.377384 9.561792 17.189676 -3.3996606 6.295016 -14.409103 10.056102 -12.477116 6.1521583 -3.4639375 -1.991479 -9.921678 8.166472 -4.6876407 4.28623 -14.407662 -3.603957 
-343.06955 150.78494 -6.227751 22.273619 13.415542 10.409466 -1.1726922 -2.1073883 -15.309887 13.939408 -9.010334 5.39346 -5.2794113 -4.912382 -4.2961674 0.979443 -13.142159 1.6296897 -9.332809 -4.3714314 
-240.63159 157.2009 -34.75272 3.3769436 -1.3999658 -2.5218997 15.967516 -4.523059 -15.754495 13.751186 -10.801907 8.057604 1.668726 -11.261692 -9.0640955 2.7289515 -10.195415 5.3459654 -13.903912 -14.263452 
-314.9671 112.34895 15.152181 26.127895 -4.696436 9.257998 -7.8402185 -0.2650051 -7.460825 10.646967 -13.789933 11.147637 -6.985499 -9.083992 -7.808293 7.840951 -16.150845 9.096782 -16.843645 -3.5797424 
-300.29285 80.70074 36.857475 64.27988 1.8665096 13.441691 -13.742636 2.3462691 -10.858152 8.310482 -25.988823 5.1925864 0.9215619 -5.0030246 -19.06413 5.249226 -11.752433 6.836711 -20.89972 3.4363403 
-312.83423 90.071075 27.650047 55.233047 12.022541 6.6857395 -13.382118 -1.7203196 -16.767754 2.6865523 -25.709171 4.6398597 -3.4098513 -2.7199047 -6.197891 9.8154745 -16.855953 8.197554 -14.004953 -2.8414986 
-268.30643 135.39131 -12.824243 37.336304 24.002813 -9.619193 -23.370731 -18.14026 -21.966429 15.839498 -20.054762 4.4181004 -0.98923045 6.9160714 1.1102214 3.5440755 -21.732506 7.5831127 -9.29032 -9.944177 
-324.68365 135.5894 44.530327 33.22114 1.0821347 -6.9672785 -11.977652 1.182302 -21.877636 -5.7270155 -18.904034 -10.166329 -4.538332 6.028159 -2.840515 11.249443 -7.9088993 5.6790423 -9.279714 -0.8689986 
-327.89197 83.740234 56.537685 25.410818 -0.88062733 21.697392 -21.711935 5.024603 -13.7765255 -0.81514704 -12.909885 2.1688688 -0.590209 0.37847608 -11.680265 10.323452 -14.310481 7.4595423 -13.678982 -2.4056895 
-336.44208 118.74071 31.668823 41.06619 14.089344 22.07065 -14.924084 -3.1243324 -23.795645 11.5922365 -24.098686 -9.807209 -11.350649 -5.5997534 -5.9279995 15.981716 -21.257858 8.152392 -3.544322 -3.8427293 
-356.96088 147.11475 0.96650803 55.2859 23.941734 8.372711 -9.021356 -10.93187 -20.360315 11.499231 -27.76851 -7.8141336 -8.575832 -3.375454 -2.9582448 6.7084002 -22.996672 10.931619 1.524343 -12.716409 
-403.56006 143.14354 14.565107 42.82577 16.856886 9.377201 -7.206241 2.9836066 -13.0547085 5.904919 -22.039324 -2.7790303 -10.507206 -1.5141534 -8.034291 3.7011998 -11.812305 8.036844 -3.1975932 -5.6328545 
-317.16312 132.11494 1.2617989 43.589485 12.874297 -4.8750067 -8.931639 -6.435781 -22.586437 10.741626 -18.56894 0.9300374 5.429777 -0.8947669 -6.055993 8.028268 -16.80946 9.071266 -9.429156 -4.559873 
-346.43713 150.58977 16.835896 28.684177 -5.001409 -17.528622 -7.845426 7.6236334 -11.421769 7.0235944 -14.757557 1.0957675 -2.873728 2.1843524 -2.7892609 9.475803 -12.562684 5.65917 -12.95917 -2.1615133 
-351.42227 134.14174 10.975576 53.400764 25.06409 0.38846982 -8.28523 -3.8337097 -6.8524446 3.1431172 -31.948263 7.5639334 0.025584495 0.1276687 -4.3072143 9.421623 -13.257713 9.761311 -10.38135 -14.878567 
-320.54065 72.23745 24.030725 49.75068 17.705595 13.291721 -22.010607 18.04017 -17.43952 15.913625 -31.485344 1.4433024 -7.855751 1.0285869 -19.097633 14.328635 -15.311284 4.210035 -6.376226 -3.9114962 
-338.59888 144.48456 3.4661822 27.454351 10.937139 2.745265 -8.595539 -4.9747143 -12.458081 13.706027 -14.774645 10.440529 0.21408728 -6.703005 -9.958675 7.570838 -14.976966 -2.6634808 -7.3579025 -2.1855352 
-332.43323 135.93681 -0.6105228 52.660995 25.35627 -7.312127 -18.195631 -13.572281 -11.022564 4.608142 -30.941067 -0.17487362 3.9135199 -2.2174325 -4.415674 5.5605693 -15.696659 4.485075 -6.8722563 -15.544954 
-366.7897 144.4644 16.822527 32.024998 6.2373257 -3.2320585 -6.0143275 4.626864 -11.701005 6.5502906 -13.316045 4.342549 -0.3356114 1.6947558 -7.5962133 2.1394813 -13.972563 -0.69279355 -4.746543 -3.9486651 
-394.56876 148.91412 16.092167 44.41664 11.050683 1.3358624 -4.0505466 10.36792 -7.78646 4.2032223 -17.551266 5.603791 0.5358211 -4.0915365 -7.864553 5.30267 -7.2399497 -0.5357967 -10.3293915 -1.1647576 
-390.22345 146.70647 7.9884195 49.94696 15.864414 8.001355 -17.157875 -1.0053006 -14.500809 2.0218942 -22.683668 2.6692343 0.13870123 -0.5450923 -2.4272902 8.936266 -14.941256 6.54124 -7.8620205 -5.228547 
-370.50555 152.63223 6.540638 38.278923 17.713415 6.2686925 -10.869671 -8.353581 -21.31424 7.2753277 -10.7210245 8.338578 -3.0752172 -0.7087848 -1.8559592 10.391039 -13.413727 0.64632374 -9.295656 -2.9343748 
-302.1594 162.42656 -16.148647 3.4967744 3.5530949 2.086276 4.5865955 2.1350875 -14.015861 10.553706 -2.5427113 8.9328785 -3.569787 -8.731086 -12.9265785 1.7333211 -9.977112 2.8006122 -12.791354 -10.225453 
-408.3568 136.99225 14.187507 30.072039 11.370032 13.352336 -2.4303846 9.977735 -14.036891 8.192615 -11.856313 1.3974618 -3.0711513 -2.740237 -7.192447 6.1390133 -8.939676 3.053596 -9.895556 -0.17758246 
-417.74182 130.73329 16.151335 31.397224 12.074745 9.155107 -5.9485936 10.719392 -10.355151 10.051104 -12.722877 3.2170706 -4.6288843 2.072712 -8.943733 3.5529537 -9.667675 2.554815 -11.032307 -1.1306335 
-367.5614 149.52039 -2.0716994 32.319355 6.51699 2.7575612 -5.672965 1.6260717 -20.12272 8.066204 -7.497817 15.96356 -0.09942505 -6.2123694 -10.511791 3.2711804 -14.71443 5.4449 -10.574127 -4.4452534 
-342.01352 169.09308 12.797755 28.785849 4.9608355 -3.6837823 -3.9163213 -8.262051 -29.83567 0.87103 -13.741916 10.929188 5.7805924 -6.6079884 -13.093663 7.8088074 -10.89174 0.06705756 -7.1530056 -8.433076 
-309.1728 118.71242 19.380075 59.50087 22.808302 -0.006286833 -11.456104 -5.5438833 -18.082788 3.8050036 -30.550201 4.046038 -0.9065797 -6.76972 -7.398142 6.167217 -10.886114 7.492292 -6.042286 -5.5688705 
-260.8251 119.10202 21.862776 47.807163 -7.376978 -8.613469 3.7670224 -5.0305915 -43.607925 1.9382788 -31.670525 -2.2950168 8.069069 -4.8784204 3.1460848 13.402137 -13.1554785 10.576896 -6.679865 -8.471361 
-274.5487 164.70044 -8.411512 23.479868 4.897188 -13.357061 -9.5272255 1.5833154 -27.97507 16.72153 -9.556457 0.8035082 3.370383 0.2897435 -9.978664 0.5367076 -10.7891 -3.229565 -10.04532 -1.4641879 
-337.91434 95.411476 55.051025 34.759403 9.103699 21.75208 -18.535625 3.1706018 -5.8261166 2.1341732 -18.203356 2.0754404 2.0363474 -1.7194223 -5.585307 7.067646 -17.619438 7.657252 -13.834817 0.4328712 
-353.62375 144.18248 21.89787 28.769005 9.53025 11.706016 -15.145165 0.059243307 -13.661983 -1.106226 -15.667628 -0.98232716 -6.131484 -7.8924003 -4.1174335 5.93975 -17.406242 6.039197 -3.6221704 -2.7224255 
-376.2103 161.58931 -0.25172085 10.403627 -10.913488 2.971947 -0.46912983 10.642555 -6.1428943 1.9424405 -8.940917 9.543722 -7.149125 -9.58954 -6.511183 -3.3847804 -9.358347 9.263889 -10.758871 -4.8691382 
-415.77435 135.80484 15.85812 30.087667 8.213297 8.472492 -8.281715 9.004077 -6.283665 8.649196 -11.04044 1.8562045 -5.0965323 2.4372663 -5.4897065 3.5260572 -6.20714 0.8838211 -9.663992 -0.43209577 
-291.09393 90.30244 24.901268 40.24495 8.241568 11.160168 -16.534569 -6.6356378 -11.214229 2.7933831 -22.3975 2.2088642 -4.7353067 4.8622456 0.15689203 3.742278 -12.53444 11.232593 -18.95237 -6.50271 
-216.20348 133.91098 -20.65774 45.727314 23.494894 -15.020881 -20.261324 -22.891441 -13.09245 20.071856 -19.450048 7.9574246 -2.8693488 5.233089 8.566738 -3.8954747 -17.014673 7.440095 -11.587628 -11.456282 
-292.57825 61.920437 28.008192 56.16831 6.6214967 10.6449995 -29.786848 16.156237 -18.087751 4.6140447 -22.349953 -2.91941 5.536114 -4.815481 -6.6195154 6.3635235 -18.282295 12.909112 -13.0264635 -2.2022698 
-311.25916 137.30898 3.1242023 27.873009 14.240589 12.20021 -15.860683 -7.615725 -15.008189 7.7367806 -18.18693 9.480626 -4.3787055 -12.688459 -6.690059 6.6742992 -13.767761 -3.2211561 -6.1570697 -0.87916267 
-291.52682 134.44135 -12.059719 62.710552 27.288666 -12.653042 -24.474167 -16.000162 -18.564869 8.167649 -29.353807 7.1833363 -3.9574351 1.3243344 -3.7440977 4.944651 -13.096561 6.5137615 -9.056484 -12.298641 
-357.5721 155.29349 4.3994594 40.92448 26.37161 4.092081 -18.226183 -13.016575 -23.086653 4.2823467 -10.215386 2.8129141 -6.4697957 -4.1737504 3.9088068 10.7696295 -16.071795 0.18463357 -4.6971836 -6.39268 
-376.58005 152.45026 13.573742 35.58824 12.128536 5.43761 -6.7874393 -2.997213 -24.628124 1.9625579 -7.590054 12.189323 -3.2329032 -0.9850805 0.17190251 15.506132 -4.7063575 1.9775683 -9.10468 -6.002422 
-421.18317 138.83322 12.658517 36.711334 10.850212 14.787772 -7.900442 11.738963 -11.150918 8.214592 -14.391109 3.867864 -7.5320587 -0.83631337 -6.171406 3.082635 -6.670571 2.0426364 -12.441201 -4.8609915 
-420.85352 139.98895 12.273776 33.871025 11.492022 7.891047 -3.5014505 12.451496 -11.3723755 10.083906 -11.573927 4.3522024 -4.7761846 -2.9130504 -9.162004 5.189608 -7.7664 4.432997 -8.015812 2.1769974 
-340.07025 175.77054 3.4737754 22.627863 8.508556 -2.038936 -8.875607 -9.029621 -33.97189 -2.5471408 -6.958296 16.358475 4.03961 -4.810774 -6.124395 10.565725 -7.6741543 0.19379337 -9.262745 -8.329467 
-306.35684 67.174164 24.259926 52.09819 0.7208218 11.557814 -19.5214 4.2917957 -14.91148 6.0010743 -23.539047 11.328066 -3.999333 -3.600478 -1.016007 6.6014833 -13.321031 8.549004 -18.083517 -5.3260727 
-344.26566 153.57596 17.138885 30.970486 13.080669 -2.2685366 -18.170708 -0.21175185 -11.123086 2.9119263 -15.05731 6.5946755 -1.6049956 -2.9590716 -2.8787246 3.6565373 -11.598751 -2.3737674 -10.251934 -6.658331 
-273.5365 170.49005 -7.3630524 19.34333 12.0418 -14.288084 -6.513426 -14.220812 -19.81195 0.27424228 -29.346937 7.5843678 -0.737211 -11.178672 3.9510486 9.24859 -8.694221 -0.35603708 -4.0920453 -7.3250675 
-312.493 137.63885 34.181675 31.274984 5.296938 3.1278954 -6.633856 -8.361337 -25.694576 3.490297 -20.11059 10.050278 3.3450558 0.4214218 -7.1742606 4.5267735 -12.16721 1.6833118 -10.648481 -5.9908714 
-320.97263 90.83937 45.404236 30.648851 -4.280115 12.866627 -10.758244 3.1963308 -14.028806 9.661696 -16.038113 9.410173 -4.2053103 -1.1230559 -6.7762856 7.6194406 -11.426546 10.8112335 -15.7404175 -4.2307916 
-277.53296 136.4001 27.924475 37.696033 -10.037009 -9.047933 -9.4488945 -3.2556486 -28.893772 13.942786 -17.675184 2.0169666 -2.7546325 -1.829144 -2.7701917 9.245339 -12.067794 9.27808 -8.160191 -6.141997 
-298.17297 159.86174 -7.0681643 16.396023 -1.1454912 -3.832734 11.786834 -0.7729989 -29.5927 16.641727 -11.921645 3.3913722 9.997534 -0.34941974 -19.73273 -0.16463123 -8.861626 -3.5138226 -9.990032 -5.300372 
-353.82333 153.72954 22.65152 23.25602 -4.492239 1.3848262 -7.2188897 9.476204 -13.408471 9.945584 -14.083211 5.384701 2.777902 0.15649165 -9.692688 5.2723255 -15.969208 -6.0590367 -9.997397 -2.8044353 
-302.0711 83.99291 46.019653 32.19099 -2.063784 28.699013 -21.414328 -1.7348552 -26.02111 7.2882833 -11.516544 2.0121405 -6.4538326 -5.2081866 -5.8930817 10.825185 -14.350216 8.249578 -12.646704 -4.4739833 
-305.96765 158.34442 8.18743 13.745102 -2.4294298 3.1922884 -2.189131 -0.7179053 -15.843837 11.006968 -11.7225485 11.0569725 -0.7055719 -8.5495405 -14.048018 1.1063573 -13.507411 5.848215 -10.180906 -2.8965826 
-287.04758 152.60768 -25.772268 22.251421 11.507962 2.4108841 -8.811111 -8.302567 -6.68155 8.742588 -16.340126 15.396523 -2.056712 -13.468447 -0.5644448 9.1764145 -15.456268 2.561486 -7.6864176 -4.0460773 
-322.7787 132.35661 -4.0969563 47.076057 35.56761 -2.4341803 -21.75747 -9.089265 -9.069338 3.0940871 -24.311003 2.152335 3.2168908 -5.1798296 -6.9983273 14.670549 -5.7849736 -0.71498954 -3.9328969 -1.855313 
-336.53058 150.25134 6.0874515 29.851397 3.9155807 4.9314523 0.41938 -3.0350776 -14.195053 5.0357766 -18.089943 6.3512473 5.108782 -4.274873 -2.1092339 5.598419 -9.979833 -1.2816072 -8.385524 -7.338255 
-384.83203 152.33678 20.90158 27.050268 -1.7320658 -5.1109424 -15.660707 7.691096 -3.1036386 12.544873 -10.468055 6.342693 -5.1953254 1.7544681 -5.0954123 0.23726511 -9.997128 1.7225977 -13.086201 -3.373269 
-419.42557 132.00545 11.58509 31.055716 13.33063 14.585125 -7.060439 8.730219 -9.799429 9.92299 -9.081867 6.066416 -1.9018922 3.1629705 -8.194583 4.1487885 -11.222729 2.331485 -7.893715 -2.0232017 
-340.90686 158.01508 15.080806 25.379133 18.503935 10.436852 -9.526847 -11.605434 -23.653374 -3.3525655 -23.615248 5.593256 2.1319673 -4.6706243 -5.168618 10.883188 -7.5142975 -3.950948 -5.5514517 -5.584844 
-310.0326 163.33142 1.7430031 40.366184 3.7329075 -17.393545 -3.1566477 6.0173793 -11.435925 9.660691 -22.159462 -3.5679224 3.7007506 -0.7619612 -7.6901016 10.883397 -6.478841 -3.3388436 -10.740152 -3.1973233 
-326.56335 111.68158 8.6784525 63.1852 24.110552 -9.363394 -2.2301862 1.8372451 -19.17122 6.465915 -29.086966 1.9889957 4.054138 -0.8901878 -8.306149 10.669015 -13.30371 8.930353 -11.619482 -11.654084 
-312.38757 59.63706 43.0731 45.11604 7.562318 23.782253 -18.020103 4.912402 -9.872741 13.721554 -25.830824 6.2922177 -2.6228914 -0.13170607 -14.77434 13.744618 -22.982437 16.018497 -9.975788 -2.1958928 
-319.84763 95.1457 26.640127 42.83358 14.400845 16.697626 -19.497017 -0.97285694 -17.19403 4.2332897 -24.428658 3.258445 -4.5783296 2.9754152 -6.8065443 12.133495 -11.935078 7.024485 -6.476605 -1.9065146 
-355.4143 163.58943 21.850863 35.455765 2.4820275 -16.549526 -12.773033 0.08483103 -18.53137 11.72074 -8.395321 5.9787197 2.862907 3.2593153 -7.726351 -0.5071056 -8.226337 -4.0426188 -14.820046 -2.091036 
-372.4485 152.95052 10.209858 32.227898 19.812273 6.4189496 -6.080643 -0.57985115 -16.94274 7.7142386 -10.5258875 6.545206 -1.5117517 -2.628487 -6.1578145 6.944385 -10.293189 -2.3103418 -5.554028 -4.330283 
-402.84897 142.49538 16.55825 34.118 14.813685 11.287865 -8.400822 3.672045 -10.61852 10.032758 -10.807013 2.7405057 -5.1076665 0.9433547 -1.2614603 7.3382244 -9.1915865 2.3114505 -9.742947 -3.7331433 
-415.43835 137.71423 10.786189 35.406734 12.014361 12.898564 -9.751635 7.7237024 -7.080656 11.759184 -11.938893 5.248878 -1.5538201 1.7468395 -7.3831525 7.3426414 -10.829879 1.65068 -6.8844776 -2.6661985 
-394.74512 141.46121 11.392623 31.835884 15.552061 10.898394 -6.9403305 6.122656 -15.293182 8.701623 -8.302731 6.3147244 -1.7984748 1.6050315 -5.6265283 5.626319 -9.077513 1.024571 -8.990524 -2.3088994 
-327.31006 119.53744 37.6257 28.025826 13.420143 15.289736 -13.777409 -1.3367739 -29.327888 9.179251 -8.487044 6.2183027 -2.5659056 -0.45029503 -4.621703 14.072922 -12.499064 1.4107697 -10.353097 -1.9993494 
-302.26498 138.67194 16.187204 30.283678 20.50672 11.431294 -10.5830765 -13.607529 -27.303349 14.022031 -9.967878 5.452146 -3.3872173 -5.7257047 -2.939011 12.875195 -16.000088 -3.2451947 -11.493467 -8.109594 
-363.2956 151.20964 9.400036 31.631826 24.942799 16.546314 -10.492023 -9.820185 -18.960503 8.154087 -11.297099 10.490928 -1.2128103 -1.4101213 -2.7477043 12.830733 -7.6590967 -0.5457435 -8.139729 0.8433162 
-342.88687 152.23618 -1.2740121 47.091522 41.61215 5.4602036 -22.626053 -13.20933 -15.284061 3.3093333 -25.060465 -6.3980145 -1.13708 -2.9571004 -5.649172 9.679337 -12.239061 1.3992903 1.4797035 -2.24771 
-335.6084 90.57845 23.34186 49.158596 8.146351 16.024675 -13.149741 -0.8289662 -16.327463 6.528443 -21.009195 4.1956296 -2.4975886 -0.92703503 -1.9450811 8.427432 -16.372145 10.260734 -5.016916 -5.2848673 
-371.19427 154.58324 27.641823 31.93768 2.9979951 -2.8283832 -12.085111 8.350034 -12.05081 7.1235833 -12.348219 3.1719458 -3.5452325 -1.127061 -6.944014 3.186484 -10.319241 2.5525398 -9.7009535 -4.611039 
-373.327 124.87322 19.396006 25.244766 9.035357 12.365798 -7.751904 11.501581 -12.602528 7.760755 -9.946472 2.9953032 -4.561702 2.4236271 -8.4887705 8.479642 -7.878175 4.794059 -13.18995 -3.8406138 
-377.30942 127.96484 20.874947 30.214931 13.067194 15.652076 -10.305616 8.935516 -14.55884 7.1599326 -10.549412 6.1737866 -3.9353611 0.73364913 -7.995673 9.5974455 -10.056994 3.459427 -12.122181 -3.4957895 
-398.73056 127.15404 19.418465 27.599834 15.952589 13.38355 -8.465225 11.079706 -14.198608 5.5263615 -14.508052 3.3274255 -6.3377333 -2.1532736 -7.8051834 6.8707557 -10.236326 6.0212317 -9.915006 -0.3379169 
-415.68958 135.61118 15.964186 33.170944 15.196781 13.341686 -8.754986 9.339633 -8.328608 8.112214 -9.402667 2.943814 -5.117134 -0.16108894 -7.052811 2.0476265 -7.5658092 4.1145945 -7.9446006 -4.578765 
-418.6273 132.6891 15.563563 30.630997 9.537509 6.231684 -10.948277 9.81941 -6.1489606 3.81323 -13.598738 2.087797 -8.825673 -2.4194257 -7.299853 6.3074117 -7.7267714 5.115788 -6.5776057 -2.9014237 
