-308.18176 121.372475 50.635086 43.310066 -2.42236 -0.06671916 1.1848193 -7.6716514 -34.315353 7.292484 -25.858223 2.4867108 1.7780966 -0.67791516 -14.005154 6.0845346 -7.548994 8.21111 -4.945189 -2.0480456 
-238.28874 58.31307 42.417366 49.007553 6.1244993 19.492056 -17.670952 -15.492896 -30.739204 13.846161 -28.552406 -8.986854 0.593645 -0.63769776 -8.215855 7.473081 -11.903244 17.82409 -5.5646152 -3.5900295 
-243.15587 145.66922 -5.2537436 34.976315 17.20976 -4.220495 -20.6419 -12.7808075 -31.377537 14.610188 -20.983152 12.527766 5.9938016 -10.777474 -11.712432 7.119688 -12.569843 -4.4091897 -7.0895963 -5.279055 
-291.39783 138.53407 2.240556 49.878056 27.254566 -6.609553 -27.018917 -17.746666 -30.158115 13.905131 -28.918558 -0.887071 6.228836 -14.037916 -2.2722304 9.507964 -20.291855 1.2223259 -8.24839 -13.522121 
-364.8971 130.2818 20.91469 43.662888 21.160212 -0.04697736 -15.0176325 2.2228906 -13.681125 0.45527968 -24.047655 -1.4436195 2.2248495 -2.9598901 -11.423802 5.327396 -6.142271 -1.4419073 -9.704298 -3.062367 
-310.64813 124.00118 27.255955 51.65498 22.126993 0.31444815 -13.480768 0.3206076 -17.491974 4.489837 -28.210342 -5.164309 3.751971 -9.325469 -13.872914 6.7544575 -10.50855 -0.0008889304 -9.65248 -11.908222 
-283.67383 87.21959 28.152561 57.477158 22.377794 0.74372727 -7.7233105 -10.668011 -25.53118 10.786755 -24.107616 -9.280833 6.1233726 5.709279 -8.880081 7.0523977 -20.558523 0.8961308 -4.9099584 -9.667126 
-294.29492 124.889366 19.183449 50.190327 24.964315 7.855785 -6.61605 -20.295486 -29.809975 12.441751 -21.148155 -1.5416741 -2.1497917 -12.551843 -4.9721103 13.212229 -19.480898 0.35123187 -0.5095784 -4.7647285 
-266.5899 161.85689 3.4122899 25.0096 -9.334058 -18.906536 3.5961123 -13.553456 -25.70205 15.927551 -12.696969 11.422798 10.662022 -14.520698 -14.219269 5.587726 -24.556318 4.001617 -8.422853 -5.122156 
-331.15787 154.80954 25.498432 31.436184 14.940594 2.4711502 -15.548691 -9.149286 -15.100893 1.5609343 -14.447876 3.5235076 -0.32077238 -6.812661 -7.607249 0.12556678 -14.349442 -5.6481633 -6.9576674 -5.856655 
-313.19833 148.13089 13.43777 40.17722 19.181885 0.4695066 -12.282929 -15.013024 -32.141697 12.109959 -13.075469 7.223804 12.136858 -11.542851 -13.799647 15.198113 -9.664834 -7.014595 -0.26901734 -9.8948145 
-360.8744 146.9241 15.53912 33.549637 3.9500842 0.3077289 -4.3109093 -3.4925096 -26.994148 4.2645273 -9.959595 10.3672495 10.5725765 -3.2616081 -12.640834 5.091878 -10.911916 0.92943245 -7.3313007 -12.062788 
-379.74158 115.468155 4.7387934 33.514446 10.580209 30.926544 -12.044842 5.9088693 -24.57122 18.216925 -9.775846 5.139488 -5.8736277 -2.365268 -12.858554 14.205576 -15.304391 3.512425 -4.321235 -1.1552947 
-417.5552 138.14355 6.6166406 33.856216 11.728957 15.647178 -7.878446 10.210153 -14.911747 9.741113 -5.1104693 7.016125 -7.202072 -4.424233 -9.839757 6.7546644 -10.109724 2.8065376 -15.44809 -5.499988 
-323.7599 160.6836 11.182382 30.335331 8.450179 -0.32484403 -7.0832634 -3.646069 -29.700426 0.5366552 -11.998644 15.777157 8.459122 -11.636433 -10.739668 2.0520735 -17.829454 -0.42554542 -9.838681 -12.871234 
-393.0973 135.74794 19.230701 36.927288 18.500772 7.2551327 -4.4905186 8.958988 -11.097111 -0.658009 -14.597892 0.7252945 -7.917089 -2.834335 -6.442394 0.48751417 -13.6999035 -0.7909648 -8.445075 -4.1969666 
-355.19583 144.72427 3.4482298 46.077766 31.54528 -3.5460942 -13.177734 -6.0763035 -16.760115 5.6859326 -20.04992 -0.625339 4.881844 -7.03438 -8.405142 5.845598 -12.736712 -3.7961934 -5.960777 -8.987457 
-347.08252 145.29816 18.904383 51.75446 26.66445 -1.252357 -8.161146 3.8216019 -23.075932 1.6753592 -22.622562 -2.4433289 3.4294047 -4.3085346 -13.441231 6.0463037 -4.1696863 -3.54906 -8.538845 -12.466033 
-309.9579 138.70966 -6.9034314 20.574677 12.890842 7.1905804 -27.593596 0.13580598 -19.449415 15.341851 -4.6685014 11.523264 3.019491 -14.041839 -15.356197 13.61746 -12.901549 3.2137935 -9.303001 0.79549927 
-355.61646 137.4685 4.108848 42.85476 32.790367 5.985772 -30.172926 -2.4231138 -21.743208 2.9215906 -18.46498 -0.6855157 -2.4234164 5.0841084 -11.174499 13.067542 -9.512178 0.04611312 -7.839569 0.068864614 
-420.61215 131.82494 13.991606 33.92894 13.152029 11.457882 -8.392858 9.430531 -16.13335 7.5177603 -11.860476 4.533929 -7.611658 0.19581917 -10.803895 4.303313 -13.818039 3.1138082 -13.813183 -2.4986124 
-430.58575 142.98654 10.571934 40.543037 8.838015 12.205131 -11.064802 11.968933 -11.790305 6.933041 -14.816766 1.3948277 -8.639054 1.4195147 -9.24371 5.186747 -8.258066 6.193682 -10.134515 -0.60124004 
-319.75696 164.92543 8.364708 28.73352 -8.339873 -9.660154 -1.9164567 -11.638798 -34.606052 8.129128 -10.990093 17.242283 15.6086035 -4.599562 -20.898598 1.2005694 -17.88679 3.0784676 -5.7393537 -7.4116864 
-269.58072 121.23047 -1.2876649 17.516253 0.90857464 9.419271 -9.016129 -0.9885504 -24.917816 19.544329 -10.670349 7.8296347 -1.1683948 -5.8486753 -15.081874 3.5738618 -13.896046 10.38827 -15.100496 0.4202483 
-294.49112 116.522964 -0.40725252 18.989906 -4.6561465 8.61786 -10.630034 1.8388879 -26.878248 23.576248 -7.978339 10.347538 -5.6775002 -7.1771097 -14.082003 2.499659 -11.097642 10.413759 -14.248594 -0.9063312 
-288.89215 91.44918 37.472378 35.889946 3.162631 18.865593 -17.22441 -10.981739 -28.47841 12.821783 -13.187144 -6.0152583 -7.7697926 -1.1323798 -11.224638 2.4328508 -11.402457 8.931152 -16.658175 1.9453702 
-330.78998 137.02356 11.606804 53.93369 35.78599 10.743645 -34.734447 -6.28213 -14.295927 5.7507586 -32.68775 -4.6444635 -1.5582916 -4.2509284 -14.541338 -0.51226115 -2.7241812 2.0345545 -7.8841763 -4.0999107 
-266.71997 150.50507 -1.6569473 36.53354 16.752228 -2.4676552 -7.7586517 -18.3149 -51.611217 11.597321 -14.453905 8.103154 14.323375 -15.063372 -11.126299 13.859076 -10.952451 -5.3568316 -5.780154 -11.869723 
-343.96094 151.92023 14.188152 30.188545 4.4903708 -3.3484511 -2.5431278 -10.288204 -33.099857 4.9498715 -4.7937913 9.932761 9.309876 -6.7944803 -10.911415 1.931505 -11.685226 -0.98102856 -9.063787 -9.4647875 
-378.09253 110.9716 4.8033066 30.530905 10.143827 25.97783 -9.304701 2.8421092 -20.129725 17.878403 -9.866747 1.7652285 -9.669259 -6.9869413 -8.139439 12.372041 -14.054058 1.0406748 -9.184151 -4.0234947 
-396.8343 139.73299 15.637582 40.491135 19.022041 3.572959 -12.7437725 0.408841 -14.853433 11.587403 -12.3227 1.2166996 0.38486964 2.5388548 -6.19311 5.430769 -7.3638077 0.30083132 -6.747336 -5.902727 
-290.48398 143.66821 6.562856 41.424023 39.343666 0.022809498 -23.857597 -16.586334 -29.434801 11.813092 -28.146528 -1.8453203 7.780476 -10.948685 -12.026986 13.507807 -1.6173778 -5.1169276 -3.676301 -7.9809375 
-309.14447 163.91284 19.8655 38.763474 -1.5094973 -9.627108 1.2906961 -22.41199 -47.39202 6.0766582 -14.499359 14.52837 20.864635 -9.78054 -9.842842 3.0585911 -12.959991 5.5462537 -2.9954615 -11.9712515 
-411.3643 139.94313 21.593689 38.401928 12.07692 9.669218 -8.79876 6.6672015 -16.1296 4.862343 -10.8234215 7.273707 -0.19838399 1.3723878 -12.526776 -0.004137039 -10.052764 6.608436 -8.237641 -1.7386862 
-379.8084 108.380264 11.341604 41.368404 12.967986 17.546394 -7.3575864 8.722849 -18.933756 16.072044 -11.327325 5.97686 0.88162756 0.5949304 -12.353258 8.137582 -9.820087 4.389281 -7.8652854 0.00037912527 
-262.94986 110.957275 16.197433 32.911842 -0.37193537 18.913767 -15.765204 -19.848986 -37.46586 11.925852 -9.225357 0.48735175 -9.989756 -4.029411 -11.358526 -1.3317549 -12.218411 5.215484 -12.469461 1.7718569 
-329.28677 114.047325 26.792076 46.960236 10.46785 16.237768 -7.271093 -10.59972 -19.836296 5.6427803 -20.682516 -13.680078 -11.490815 -7.571684 -6.3220997 -0.048110113 -11.240097 9.680485 -3.9203725 -1.9752393 
-422.8976 135.4763 15.869742 34.64703 16.923836 8.441945 -10.319093 9.480915 -13.472025 8.307621 -10.966216 4.4274654 -9.285662 -0.33836734 -9.180286 7.733166 -9.699981 6.2693024 -11.363538 -2.4516666 
-422.30154 136.32973 18.254025 36.34016 14.266649 7.247828 -7.72405 12.56329 -12.69655 7.742884 -13.606711 2.5382595 -5.318452 2.7864492 -8.941544 4.056837 -11.054855 3.5988235 -11.009403 0.29125273 
-336.98178 120.287 21.446447 42.02584 17.402258 7.8239307 -17.52121 4.0957384 -17.386751 -1.9072037 -22.117756 -2.4937665 3.2166452 -9.759315 -8.545264 7.464096 -9.941426 1.7378656 -6.9873295 -8.149451 
-283.66537 160.62947 25.608097 33.69361 7.217481 8.419355 -21.943237 -11.848568 -33.05084 -3.4171991 -32.01331 3.30018 1.9664268 -17.530865 -3.0137665 8.700336 -19.582832 1.8471963 -7.026233 -1.8988338 
-237.70926 144.87914 -2.9051225 36.801773 5.568269 -2.8280878 -20.625906 -12.143 -30.661875 14.952016 -21.775904 3.770852 5.6927876 -11.811473 -7.1188455 0.007822156 -19.290129 -0.34327868 -11.94666 -1.378177 
-284.56067 93.911446 43.88658 38.87852 20.327438 15.328032 -21.858168 12.217564 -17.5071 2.6646576 -16.09159 -8.548467 1.6866877 -3.927997 -14.324485 6.676239 -14.63443 -0.965677 -10.597293 -8.519343 
-307.20126 138.96289 5.334032 37.065163 15.407615 17.425373 -15.558441 -7.7628 -24.713713 7.7373295 -15.678801 0.5506838 4.4526825 -13.461673 -8.660198 14.050328 -10.545612 -2.9213457 -3.4422243 -6.3440332 
-283.93665 155.37161 -2.728062 14.060588 -4.77536 2.398528 -10.794663 -10.828066 -27.921078 0.43150985 -17.58031 18.377657 7.8955994 -16.495405 -14.941711 -1.1666086 -17.477875 1.6096499 -6.137775 -3.519813 
-266.91776 152.59221 6.40016 28.996046 15.28132 9.499099 -17.70095 -15.8828535 -31.313734 2.5788038 -24.662043 -3.1733289 4.533136 -13.990815 -7.248347 7.98536 -7.0304484 -0.66965705 3.580844 -8.829645 
-281.17496 152.67203 17.701494 36.536137 9.215165 -1.9686222 -19.172796 -17.218437 -30.865316 9.904329 -13.244708 2.051837 7.808099 -8.681207 -7.0272317 3.1178699 -9.070886 2.9435892 -5.398859 -11.459565 
-304.00803 97.88238 45.816208 49.569607 11.643487 20.665125 -17.9581 4.5409107 -20.373953 3.4659045 -14.680529 -12.282915 1.1562716 -2.6597035 -18.72425 2.4290566 -10.902274 2.077371 -9.518073 -10.148201 
-344.22513 147.52596 16.436678 51.6232 21.826128 5.7026157 -13.806711 -15.237598 -42.430374 11.404744 -16.508183 -10.623562 1.8016887 -0.018945085 -1.7906206 13.652622 -17.823093 -1.6261431 5.1241837 -4.9018145 
-406.92065 138.58626 24.308369 39.247 20.2756 8.47377 -8.8443 4.7305536 -12.507871 0.90117264 -15.219254 -0.106096745 -2.2620928 -1.0806229 -10.939628 2.8507187 -9.010936 -0.32531214 -9.375807 -2.6810498 
-314.77356 98.543465 22.302788 51.30441 19.027584 7.599695 -7.7350473 -8.601603 -28.386139 12.848468 -21.889814 -8.09361 0.68210864 -2.8789535 -11.330288 16.345125 -8.863667 -1.4536011 1.1355989 -2.7699695 
-283.62527 70.043205 13.496044 50.523468 20.272938 -1.397523 -16.054205 -6.3569818 -20.48278 11.181517 -17.353569 0.54269886 -1.3533721 6.150938 -10.492594 14.8397045 -7.807178 1.1771772 -7.8694754 0.7323154 
-381.09607 166.08357 29.047523 35.220104 9.662855 -5.772271 -19.320042 0.1125586 -13.825269 2.8055158 -9.248261 8.099567 4.0631976 2.9574149 -3.7226706 2.5916476 -14.068646 -3.4624238 -11.080536 -8.07712 
-419.2439 160.05681 12.955563 38.122044 11.749562 4.574304 -12.328278 11.035877 -10.158829 6.430813 -14.676426 2.0161288 -3.922027 -1.9516695 -6.632236 4.709055 -12.367167 -2.3505635 -12.665302 -3.779578 
-417.60767 148.04742 9.009295 34.889084 5.50415 5.741165 -5.466623 5.715175 -15.762401 6.372347 -7.5286965 6.9470096 -1.4890063 -0.2517904 -8.218282 1.5338521 -8.228295 4.5643125 -10.208529 -1.2851502 
-296.53455 170.91316 14.277714 32.48547 -36.630997 -26.464663 13.068432 -12.822658 -28.550436 23.492352 -17.998657 10.201747 18.252804 -6.2036037 -10.422222 -10.764869 -14.5858 -7.7676373 -7.335505 6.0761423 
-297.32587 151.01245 -1.7862445 7.479704 -11.641518 4.8290653 -4.3217144 -3.6446788 -22.960222 15.073107 -6.551512 18.188423 -6.618238 -7.076337 -11.097468 -3.9097922 -5.1822224 4.0904117 -12.613509 1.8242667 
-334.90125 104.71955 50.916126 34.183586 3.3089137 19.464779 -22.357443 -0.28075197 -23.487003 0.3041402 -11.731457 2.2945013 -6.4603086 -5.2674713 -6.5984793 11.962839 -10.038326 3.3301082 -12.296996 -8.190104 
-369.078 97.58596 32.732475 36.11364 5.4988394 17.069046 -12.861646 5.7764707 -8.249661 7.6635795 -13.19574 1.0013256 -2.4529252 3.6246262 -8.810022 8.181431 -8.454444 -1.2586532 -10.431263 -4.6151514 
-284.79385 95.93555 22.770512 35.63847 -14.037024 7.0921345 -8.918575 -3.6474621 -23.909512 13.11173 -11.037282 4.124812 6.919658 3.7409427 -11.634121 4.779442 -14.450911 2.3275452 -12.006813 -1.12604 
-308.6608 92.76929 41.60035 40.329964 -7.8882 0.13506316 -11.479665 1.5143944 -13.513882 9.565681 -19.067156 -2.7086263 4.95078 3.430251 -9.469411 10.453457 -8.19789 3.0125859 -9.613069 -6.86356 
-348.14722 157.02003 1.4568849 30.936144 12.59551 9.771131 -13.085031 0.85825884 -19.34819 9.18839 -6.202398 9.368008 -2.9222746 -6.265747 -13.136488 5.3989587 -14.731832 -2.5354881 -8.202772 -1.6904411 
-409.35837 148.33818 17.447008 41.234097 15.424761 10.452011 -10.313721 1.4307332 -22.153254 3.2036853 -13.992451 2.964345 -3.2129772 1.7979711 -5.493274 8.328121 -6.9687114 3.1202943 -13.502677 -4.9081016 
-324.63797 144.38905 32.61997 44.60247 6.5961833 2.773776 -0.99952835 -12.820143 -36.42244 3.9421954 -19.085306 2.9071302 -1.4412313 -4.910872 -8.947121 8.575275 -8.958546 2.7287114 -4.4959083 -3.2423222 
-352.6257 140.7991 23.677036 48.767807 10.183251 7.7206674 0.75111556 -14.808775 -29.369646 9.966379 -19.227013 -6.0628977 -8.95685 -5.3136134 3.0712252 8.817878 -13.419327 2.904352 -9.7209835 -5.137898 
-302.41507 163.27937 -1.3102736 39.149624 7.280874 -6.3275495 -5.4476995 -13.258341 -30.361015 20.291513 -15.4749775 12.439918 3.7958882 -16.292208 -12.910922 1.7406036 -21.56794 -1.4578631 -3.505222 -7.6991544 
-294.20187 62.097847 39.63191 59.930447 8.133806 12.612545 -23.038767 0.1984654 -18.379965 8.497692 -22.83652 -3.940379 -0.961797 0.10347053 -21.954453 2.007947 -7.482205 0.38479102 -12.0177 -7.0592914 
-348.5901 155.70299 19.799965 30.467485 11.609303 9.9432335 -11.468208 -4.1762085 -20.81788 0.35692903 -9.272501 12.796999 2.4576476 -6.3696523 -8.790724 2.675903 -12.508082 -1.7807326 -10.661225 -7.164529 
-388.97864 126.62364 21.67494 36.40999 15.869373 14.522678 -8.511152 3.7465525 -11.485165 7.747852 -10.2295265 -0.8601645 -4.0901737 -1.1328771 -6.593889 4.883044 -6.0049677 0.53077894 -6.825261 -6.235543 
-289.29395 157.62689 -14.545297 12.138643 4.3579617 6.784326 -12.008197 -4.05656 -25.709911 11.090566 -0.25571877 15.205002 -9.732387 -9.669176 -18.08735 3.1394231 -15.314477 5.1561337 -11.923353 2.313973 
-358.70935 164.44016 27.59664 41.60065 14.161843 3.5643666 -17.274136 -14.578478 -18.681278 7.357856 -17.88196 0.14468819 -1.9838731 -1.6293479 1.3730458 4.360568 -10.003704 -1.8828079 -8.871747 -7.1100497 
-354.89648 154.30414 11.723518 44.688515 28.415655 5.3626156 -25.277374 -7.128924 -16.38693 3.911553 -22.106316 -7.6066175 -0.34607404 2.387569 -0.22931112 -1.3046855 -3.295215 1.7739483 -4.4528217 -6.483795 
-378.07065 136.69754 29.872551 33.831856 9.973551 3.4056473 -11.7122135 2.715289 -14.7288475 8.841568 -14.34967 -2.3196366 2.6837654 2.1289628 -7.721357 9.204479 -9.869522 7.284479 -6.8620524 -2.8583565 
-376.72665 163.72789 27.467253 47.72642 13.93526 -7.6612296 -15.906494 4.2297235 -13.997405 7.5224094 -13.876912 1.1387902 -1.7150481 -3.2747874 -4.2082043 3.3033075 -10.5858965 -0.25890678 -8.704304 -11.008387 
-376.48163 148.15398 15.350917 31.640585 14.811378 8.003678 -15.25097 -3.1162338 -31.651241 0.736946 -13.881693 12.22516 2.6752415 0.75413215 -13.797994 10.238737 -3.9602203 -1.8351339 -7.7344227 -2.4829168 
-330.04504 160.841 -4.127253 22.363836 9.363325 -2.9775653 -10.638188 -7.5574765 -30.722656 12.703969 -4.1077175 16.194294 1.5828509 -10.758999 -15.316494 7.7327824 -14.503498 -4.7267723 -7.7054935 -4.014487 
-346.19675 175.3053 7.650156 18.53823 -10.138807 -6.314923 0.5177996 -3.3076806 -25.22835 10.005418 -5.1550536 18.09212 7.8807535 -3.3639379 -16.817848 -4.516545 -13.274475 -0.48116335 -7.459804 -0.9115794 
-330.74466 163.13554 9.549337 27.500673 -0.9448877 1.2639903 -6.2560215 -17.107504 -32.530987 14.078291 -7.9201107 14.424595 0.9377162 -6.495612 -7.7540426 5.3227954 -7.157364 -1.6623197 -13.242807 -6.780222 
-351.93484 95.610085 7.776511 37.103592 5.9168797 27.252176 -14.897134 -2.1058671 -12.845003 19.700808 -9.495206 0.18506029 -4.4466534 4.0382986 -7.7177854 12.76134 -15.030557 7.48247 -12.334515 -4.3079348 
-391.17847 122.885376 4.357146 36.588333 12.261921 22.879967 -9.54594 0.26004654 -15.631511 11.604352 -10.119176 3.4600792 -6.443769 -1.0826781 -6.0954127 6.9311314 -13.470724 2.9998372 -8.309244 -1.1506966 
-276.7025 144.82951 -8.63159 16.078505 -2.002192 -3.4711561 -4.569633 -11.851101 -29.12852 20.51952 -7.992419 15.536436 -3.5543356 -13.126164 -22.423422 -1.6999369 -15.526938 6.605127 -13.56194 0.8226084 
-303.72235 169.74944 9.048323 29.694777 10.085545 3.320892 -9.947338 -27.671268 -39.250973 15.817169 -10.667841 12.613049 -3.1475482 -8.530618 -4.9207287 6.5971923 -12.672679 -1.8195139 -15.822518 -4.448046 
-394.3035 151.1626 21.716272 36.30713 13.174681 7.5377755 -12.096639 -7.5172644 -21.208147 5.9018183 -13.907237 2.5465844 -7.7795734 -2.2130022 -2.8297408 8.907461 -6.5995865 2.0631964 -12.620949 -2.5578508 
-424.49606 136.2849 20.017784 35.966946 16.3515 9.189492 -10.0288515 9.945206 -13.605519 6.418363 -15.828249 4.78164 -7.0710397 2.5868504 -9.49835 2.0915565 -8.922101 0.92105144 -9.510306 -2.122069 
-299.51306 63.90767 43.2978 55.441998 10.932485 10.956806 -15.079441 0.19149368 -23.877234 18.389671 -29.083374 -7.9718103 0.8837943 2.6970024 -21.495691 8.12704 -9.664301 5.585251 -4.654015 -6.2522917 
-290.48502 95.80113 26.050924 56.823147 20.133877 7.760397 -15.650218 -9.192298 -27.393728 16.938269 -30.811666 -11.525112 0.14289062 1.8017731 -4.5016127 3.2001925 -15.340359 8.204357 0.8651303 -10.402802 
-269.35233 25.879679 44.493088 58.262844 3.7402644 15.468699 -20.22512 6.296638 -21.69611 12.904677 -25.374416 -2.4008226 7.702387 0.7378433 -20.763357 9.286843 -5.447953 3.8011801 -11.808486 -5.665652 
-367.13058 147.50499 32.7986 38.358734 14.743515 8.659527 -14.580765 2.7280517 -16.819868 -3.0346308 -13.82885 0.8206146 0.7602606 -1.2786131 -5.466356 3.6969147 -6.990957 -2.8245566 -7.9020376 -3.4634123 
-337.0144 124.21164 17.028185 40.049625 22.233894 3.484347 -20.855947 -8.386413 -23.596367 7.29559 -18.026794 -3.7706807 1.9756211 8.31493 -9.814356 9.701656 -6.8783875 0.41933742 -4.5217533 -2.5390766 
-323.4175 135.72923 21.550121 22.925772 -0.06260787 4.35183 -18.150866 3.2792144 -21.987673 8.036449 -7.6547666 14.92689 3.0919495 -1.6146669 -24.677467 3.4359245 -15.110447 -4.216829 -8.418625 -1.2268356 
-329.0287 144.42056 9.789024 20.827724 3.8460388 2.843225 -9.639494 -12.272795 -32.900314 16.611412 -6.5391464 6.277798 3.7265294 -5.6265464 -10.849734 9.303555 -6.7292814 -1.2262758 -13.403005 -3.1900048 
-364.75528 153.82397 11.668858 24.423666 9.29165 7.2935367 -13.805187 2.1112592 -23.153648 3.9652493 -8.99851 6.770642 -1.5493174 0.062323466 -11.509989 7.6716757 -8.760363 2.0653703 -11.970371 -3.2558005 
-280.9403 162.79466 -14.551417 -18.762638 1.4726857 7.3777475 -11.549442 11.849064 -18.665848 13.497323 -5.4562006 22.806541 -3.3541574 -20.778276 -16.645027 5.4449596 -12.066083 9.993773 -10.238399 2.1567895 
-331.70108 124.016495 29.694923 -1.1174704 0.24325402 -3.2372377 -6.2041345 13.72852 -17.569921 12.204098 -18.990145 11.726815 0.014036868 -4.8599396 -14.669571 1.7535235 -20.622957 5.0276194 -6.7129602 2.556353 
-408.29654 138.24199 7.432146 26.553965 5.991272 13.946262 -4.585162 11.347057 -14.883305 8.433571 -12.84544 6.2124877 -4.3820505 -0.4490403 -8.2771 6.7143836 -11.287531 3.4041328 -9.380602 -2.4781249 
-409.49963 129.1832 13.335997 30.923794 6.100652 12.923601 -9.140824 6.9625797 -12.350754 5.7207985 -13.369862 3.79037 -5.9833703 1.9950085 -8.403484 4.206879 -9.823449 2.7483797 -11.901428 -0.35107878 
-342.4142 158.5523 38.353867 45.857937 -4.420674 -7.3731766 -1.9945782 -6.7827106 -24.798513 3.8676016 -31.28148 -0.9725313 7.5738964 3.1036186 -1.0471325 5.418396 -14.253941 -5.152805 -5.431036 -4.7414484 
-345.186 133.02423 30.175913 32.31103 10.98457 11.505804 -9.889312 -2.8074217 -15.469288 8.292631 -12.6612425 2.283764 -1.4131088 2.9566915 -3.8557074 4.354573 -7.3403797 -0.6843516 -8.635867 -5.7437387 
-334.11517 63.31705 34.416077 48.078426 5.914616 12.376221 -9.1897335 12.709291 -25.887302 18.421701 -22.251495 -3.6699588 -2.4438066 0.78508663 -22.167946 9.531026 -8.113104 1.1320425 -11.646047 -0.3456459 
-386.92422 159.36913 16.390179 28.736877 10.665129 4.2694464 -11.821572 3.5371017 -26.22774 7.651742 -7.916338 14.770006 0.8973269 -3.8304167 -16.814457 4.4996967 -14.594245 -2.9320252 -7.166593 -6.6186047 
-423.31067 143.0944 17.946089 33.986076 15.046823 15.551991 -6.1579976 15.685137 -12.865055 6.445623 -13.574467 2.0217972 -4.8068547 2.239564 -7.548026 5.031418 -11.468954 4.6071696 -9.280463 0.7991039 
-393.56036 108.35947 11.133122 44.54887 4.969141 18.030813 -10.698878 12.095492 -13.921237 9.936164 -18.292942 5.942214 -2.3909595 -1.2109561 -9.493287 7.010245 -9.094566 5.054826 -13.631881 4.949956 
-412.0384 126.65731 16.064157 37.03047 12.78484 14.042797 -7.810084 15.686788 -14.518197 8.815501 -13.432564 3.5018342 -3.332467 0.28393784 -8.688585 7.6616006 -6.49316 4.5755625 -10.265121 2.8542318 
-420.6272 132.02542 15.812562 34.52303 13.859765 8.437821 -10.301367 15.708773 -11.4689455 5.8825135 -12.909967 4.0849066 -5.151485 3.6421778 -9.795286 6.382993 -11.009758 0.98632365 -11.687621 -0.2934292 
