-477.03137 117.243515 47.18553 21.092407 11.092525 32.22973 -0.669008 -1.4697839 -5.6149697 1.2399083 -3.0037637 -6.28809 -11.977436 -4.5931454 -2.8234015 -3.0064313 -4.373161 1.7807554 -12.139033 5.2286673 
-366.9272 141.7547 4.556988 15.1338005 4.9006753 18.003988 -8.660509 -32.692554 -12.927765 -2.504694 -17.637735 -19.676804 -8.441454 -12.976519 -8.504353 -7.156077 0.4026646 22.97472 25.652946 23.319386 
-341.51318 128.48302 38.12687 3.4190013 -31.949982 26.444685 -8.099619 -18.84095 -28.519958 -4.3339176 -14.745846 -6.315161 1.0835191 0.35776874 -9.110781 -2.0806608 -19.385427 1.0119792 -6.075739 6.895594 
-395.7502 104.253204 45.523808 27.999489 1.388152 17.390749 3.3666127 -11.594103 -14.003671 -8.00619 -14.879006 -3.89031 -9.254869 -3.1868336 -2.8407972 -3.0766008 -10.580183 0.9812577 -10.680756 3.6436565 
-356.04773 107.26247 37.772247 19.15383 10.407272 16.57383 8.836431 -13.127254 -14.93336 2.6062896 -5.5007915 9.971616 -8.179815 -3.030679 -1.492111 0.062159643 -7.591494 5.233329 -10.323683 0.044586606 
-345.10422 159.16017 -4.6102176 10.442559 15.213357 17.977371 -14.278873 -47.274483 -12.911434 1.9659343 -8.757855 -6.04597 -3.4225025 11.586216 -4.204035 -6.1623034 -4.5982604 -2.3356345 1.9347731 1.3250921 
-343.14856 66.75175 48.765995 30.896803 3.5345426 30.7947 -18.311028 -10.3445215 -13.350717 0.4228415 -19.673403 5.034241 -9.599672 -0.23763792 -4.7453103 0.0642779 -10.870582 5.876883 -7.560077 1.9039629 
-352.8419 132.3749 24.698624 27.079763 -0.77202934 31.749983 -18.149086 -40.896713 -31.02784 -4.197437 -5.696472 -2.579977 -7.1106443 11.2009 1.0700686 2.0609283 -6.5094786 -0.68854153 -6.40444 8.105474 
-417.78986 171.50104 17.743275 17.002892 10.256211 27.087269 -22.679092 -41.41657 -22.587471 -2.478126 -3.3069525 0.08700752 8.615025 8.477729 3.5450575 -2.0097678 1.8020129 -0.03210868 -9.858368 5.813642 
-531.19403 180.40828 47.80583 28.335333 8.765861 25.757872 -13.57593 -2.8285391 -9.787528 2.471071 -7.3072567 -14.947163 -6.557436 -9.959076 3.170998 -0.80251825 -2.9969783 0.34545377 -4.0342193 2.697175 
-452.61752 86.85116 42.52689 36.30865 13.587346 33.26108 -13.352927 5.360428 -7.491416 0.7130785 -12.513784 1.4083099 -8.992867 -3.8147998 -2.174838 3.9232652 -4.645713 3.1733196 -6.713813 4.240323 
-369.17004 167.75313 -5.469406 5.15587 1.0039618 27.993124 -25.74813 -17.27942 -21.461874 -9.452332 -7.478206 10.16317 -5.466121 -1.7064502 -6.2183976 -3.4605608 -9.180884 16.565992 -5.957022 0.7965273 
-458.5785 158.43538 37.870083 38.733566 13.851131 6.379498 -10.602005 -16.199265 -21.271393 -14.813946 -16.76643 1.161025 -6.228097 -4.6659207 1.215164 2.926024 -0.6016585 12.716953 -8.233234 4.9477243 
-510.8444 160.46156 31.792685 32.936783 24.145844 19.518873 -7.3095694 -9.684269 -3.037012 -5.5061164 -17.842957 -3.3356094 2.3927994 -6.8454385 1.0402021 -3.0511122 -2.5920491 11.702391 -13.705386 -8.284613 
-560.8932 160.851 29.776987 32.854225 8.294763 34.930702 -7.6139135 5.053867 -3.6845813 7.841557 -12.035411 -1.544089 -6.1190753 -5.2631326 2.3006835 -4.840479 -2.5693698 2.5370913 -8.271875 0.3265692 
-549.72003 154.9448 27.199045 31.43044 4.637287 37.810886 -5.778021 6.7951527 -2.6434317 8.281963 -9.022178 0.7164847 -9.572296 -5.3203845 0.70564115 -4.483476 -4.0399246 0.43987587 -8.241454 2.3858402 
-416.0164 102.81834 34.896637 28.607307 10.093306 32.75262 -9.049145 -16.061375 -13.924717 -0.36573282 -23.403389 4.3742366 -8.323504 -4.870792 14.395717 -0.4512776 -12.488586 11.028143 -11.2353735 -9.199036 
-356.08484 134.7436 -7.629881 57.241047 20.83189 -4.9755197 -23.477797 -28.23406 -0.107336044 -38.17791 -16.998943 12.118229 -12.546387 -1.6078038 16.89907 -5.6615095 -3.4280794 14.038408 -11.909328 -2.7928808 
-516.8833 136.70778 17.598244 67.33523 4.663738 9.9001045 -12.48418 9.666679 -8.245721 -9.727024 -10.2140045 1.8408827 -12.130418 -6.035601 -1.316999 2.7341979 1.9082255 2.4552562 -9.502342 0.3747996 
-408.7527 52.05698 49.39139 39.85417 0.17968348 20.644918 -5.142226 3.717811 -4.04423 -3.7626834 -15.03969 11.172316 -8.1997595 -11.647535 0.986109 -2.227852 -3.2552269 8.134246 -14.756758 8.142563 
-388.69678 106.78761 48.00546 51.009857 2.1151457 11.551571 -21.45977 -21.295143 -8.145088 -20.112373 -19.658564 1.3145589 -7.2917614 -2.7117746 -5.7601404 0.024172094 0.50466216 4.727125 -15.1889515 7.0829453 
-366.5488 101.60574 49.348064 27.443424 13.7412615 23.099144 -16.390385 -30.92984 -6.927927 -12.003025 -21.757452 -5.6945224 -4.3147016 7.2654343 -4.980505 -5.5011883 -0.53894067 12.909225 -14.616928 7.9587607 
-316.44098 118.53787 3.3424296 15.8991 17.930773 28.191936 -14.894161 -31.387474 -4.708813 -2.3372211 -12.789059 -5.8878107 -5.767039 11.826617 -8.193911 1.812427 -10.222427 1.792414 -10.704006 6.374665 
-326.68716 97.466545 20.625278 17.320261 11.775332 19.585403 -22.411589 -14.431974 -9.089013 -4.360041 -18.050041 1.2405552 -7.118986 -0.08066291 -6.741093 2.2528293 -7.8464375 7.6572056 -12.318714 -0.2654729 
-438.31744 130.92885 36.89057 28.087397 10.897422 17.07531 -10.514664 -5.66126 -20.72987 -1.6930315 -16.126192 -5.717481 -10.795853 -1.4287325 1.3219526 5.499693 -8.724837 -2.61852 -7.6792755 -7.3231483 
-569.67816 165.35735 46.335377 34.305923 5.5642786 30.333286 -12.673161 12.183736 -7.211977 6.474493 -7.6998696 -5.555228 -4.567799 -8.896145 -1.0041767 0.2953233 -2.52769 -1.2430537 -4.016314 -0.6163113 
-573.452 168.59955 34.473347 30.77889 9.956094 38.29073 -13.8523035 6.865073 -2.9509783 13.979575 -11.707354 -9.94331 -5.608056 -7.897277 -0.51040554 -6.846064 -6.6571527 3.5956895 -5.8988514 0.8267387 
-579.4429 157.61555 53.645676 30.82859 3.0573568 34.44423 -11.910458 9.23267 -10.515934 7.7970123 -10.979107 -4.973505 -3.9796557 -9.05412 1.4623423 2.5453572 0.30990177 4.935355 -7.7462564 1.1238368 
-324.3781 94.05082 17.228025 15.463889 17.347214 13.952447 -28.382498 -13.675784 -8.584133 -1.3858523 -17.710636 2.6027417 -5.505968 7.4624863 -7.973627 -13.08694 -7.298356 11.05606 -18.742216 5.720189 
-374.4989 142.90201 11.757021 -0.028276868 -5.622889 22.095566 3.9451375 -6.8363504 -22.325783 -1.7609538 -10.158783 0.8933153 -8.462107 -11.478483 -9.308667 -3.251713 -6.0947657 4.41599 -2.6327994 -0.88554245 
-417.2857 159.02853 51.523056 8.390181 -17.362146 12.20705 0.225228 -16.192684 -17.86191 -6.145662 -19.311895 -2.1391623 -7.1206427 -5.795918 -3.4628859 -1.9120573 -8.658993 7.024866 -4.177626 -4.151243 
-426.77084 165.26164 50.5343 -3.3116488 0.31492567 10.456983 6.959744 -7.1298923 -26.506575 -6.20106 -19.556267 1.3652134 -2.337744 -1.7375355 -3.2362645 4.285403 -13.357639 4.1533246 -8.697836 -3.8002558 
-425.71445 163.45724 18.263407 11.315855 6.952563 25.899832 -12.000846 -24.263933 -28.889313 -9.665562 -0.22750115 -0.54187626 -4.866817 1.5820563 7.2632165 -2.1154306 -1.2452922 6.7791157 -10.454131 5.8195357 
-465.07547 157.84137 35.50772 44.235733 13.807627 13.049951 -24.844809 -21.520933 -13.448148 -7.9243917 -19.592705 -10.943832 0.3204796 4.352212 9.0479145 -2.915669 -1.0064855 16.378712 -17.685713 2.970089 
-436.72302 156.54073 30.373636 25.961557 4.563772 23.684261 -10.98315 -20.067915 -17.990038 -13.746365 -17.81724 0.36874717 -1.2730516 -3.105622 4.402422 -1.4577248 -8.970227 8.930599 -18.666702 -6.0494943 
-372.0146 106.390854 35.70244 33.21358 8.584691 24.063105 -16.07678 -18.60658 -9.2793455 3.95024 -22.238491 -5.6195517 -1.6773784 3.0681546 -3.7830179 -4.4902344 -10.555128 12.959949 -15.601861 -3.0292532 
-362.3724 138.58026 2.7262812 15.927685 -19.39444 28.576965 -2.3317997 -25.558235 -10.776093 -0.5161578 0.5826613 -1.116548 -12.145009 -4.7785625 -11.143424 -4.2941504 -6.825369 5.2285757 -11.410748 -1.1193471 
-395.10574 127.81239 48.75407 26.055792 -23.546852 11.178106 1.7292031 -19.608025 -28.089787 -6.697175 -19.509499 -0.97765934 -0.030486451 6.251553 -2.070393 4.285712 -7.8679447 -1.2107477 -8.393745 1.2719874 
-470.6996 135.10945 58.07729 44.800518 0.9512668 15.151526 -17.608814 -6.8113213 -17.850742 -7.0966244 -17.84432 -6.949751 -5.7415705 -1.0293937 -4.3361764 3.8854015 -3.6030912 -0.9688271 -4.8146954 -0.17788881 
-444.76718 59.52696 47.557743 49.22921 4.7932587 22.84936 -4.191332 10.658696 -7.4659653 4.7599335 -14.620274 -2.6719763 -11.074061 2.8505304 -6.7697287 8.203115 -5.5188193 -0.4229684 -11.975506 1.3258675 
-441.19592 62.838337 41.243942 40.22599 5.54277 24.663063 -6.003383 0.15640579 -9.42698 14.428898 -7.9376884 -4.7681932 -14.118103 4.823951 -7.549406 3.07059 -3.9488776 5.9360256 -5.9653296 1.4408011 
-437.79697 58.83618 35.541157 36.33766 13.261043 28.088066 -6.1784954 -0.054035954 -10.400273 14.591795 -10.783629 -5.0623293 -11.810321 -0.038071103 -10.14205 3.8938038 -9.250927 -2.4915304 -9.455036 3.6487837 
-467.31702 139.18143 28.14327 18.588642 2.2654605 26.879198 -3.2744956 -0.7462337 -19.028946 5.8390775 -9.565008 -3.983217 -10.923687 -6.915985 -6.9595804 0.430304 -0.7293881 4.479609 -5.618651 -1.3163133 
-324.3481 110.71925 21.282433 -7.5429645 -18.298008 31.678223 -3.150768 2.8686204 -27.164162 2.2123845 -5.623602 3.666111 -6.7619686 -0.49128354 -16.670916 -1.9181905 -7.713261 9.909733 -10.67062 -4.3766203 
-305.68652 107.47027 12.211575 2.116576 -14.364736 20.173882 -21.193836 -8.055406 -20.440912 -6.2535563 -9.79609 1.6641965 -3.9024434 2.6099021 -10.320781 -4.4522963 -13.061635 12.84426 -14.594949 -4.1306376 
-363.9103 146.448 8.788486 3.95396 5.660109 17.669682 -19.763279 -17.782936 -13.905919 0.19583024 -2.0680432 -3.9868596 -3.6655006 2.4937558 -2.5795224 -8.767993 -13.368132 8.691334 -9.781314 -0.5816946 
-376.4286 106.21275 32.97165 29.945457 21.765205 11.642931 -29.749594 -18.839977 -11.570019 -11.747477 -16.140715 5.932848 -3.9766092 5.6965227 0.96966773 -1.5296245 -6.6902704 13.905116 -18.230415 -2.2257092 
-417.718 117.9782 37.277122 41.979115 32.97603 6.2593594 -27.273323 -12.051453 -4.692043 -21.875597 -33.95684 8.607405 -14.536274 -8.314465 4.812376 6.8680325 -14.418651 19.943916 -9.828815 -3.4397898 
-413.55753 118.14932 42.066383 8.738094 20.947357 31.397728 -10.040783 -15.882379 -15.131649 -4.7817426 -22.96354 2.82405 -14.120529 -5.2449355 3.6559584 -1.2644717 -12.747248 14.512246 -8.577952 0.3268379 
-438.1684 163.80545 46.11017 25.615456 3.0316427 -2.4093685 -6.6860785 -11.970532 -17.321184 -9.306436 -14.833259 1.8609666 -8.126371 -2.8649893 2.9241943 0.13783258 -1.5022888 3.5686083 -9.425742 1.3314542 
-419.30032 177.245 26.783054 16.16007 -15.847034 5.4637904 5.454134 -13.737113 -14.498097 -3.992692 -21.643978 -1.2083981 -1.9840976 4.32517 13.930975 6.3703537 -10.692866 6.386934 -13.672245 0.6001327 
-480.836 162.59692 57.342556 27.14982 -3.3924596 9.527943 -3.0675917 -12.1559105 -21.296997 -4.817873 -20.181273 0.91500217 -5.4554744 -1.2353846 2.9555333 2.2670963 0.14832316 7.233741 -9.729383 -2.2134063 
-491.59793 183.67366 32.51602 11.046515 -13.652981 28.563469 0.8575841 5.016667 -15.08255 -4.6928716 -14.163027 -8.935614 -1.0149149 -9.251089 4.8908978 -7.380321 -10.401205 -2.5464463 -7.4881306 3.3613975 
-534.65424 136.81215 39.94685 40.48893 -1.9070314 28.97505 -4.7820454 7.6384506 -8.870572 0.94251263 -9.370131 -5.1754856 -8.799133 0.13026577 -5.9555416 2.9180746 -0.20570731 -3.1015854 -6.9688163 1.3631163 
-577.8787 164.96083 44.787434 29.210772 3.3284695 31.075226 -6.2469454 13.219193 -8.149075 5.958605 -8.352833 -4.652995 -6.471393 -12.229435 -2.8896098 -4.0574846 -2.1791863 -0.6884005 -3.2032177 3.8408546 
-494.3743 107.7934 33.949566 42.100193 2.898985 24.331963 -3.2143788 12.855077 -5.8507104 7.013408 -9.8688545 6.8471084 -8.208572 -2.5772562 -10.219629 0.012998104 -2.054183 0.94852257 -5.380259 -0.34952074 
-559.3486 153.37437 42.440445 36.73848 4.3922677 26.245974 -5.5785704 12.776518 -9.436581 7.1903744 -10.655575 -2.4099016 -3.8832502 -9.236432 -3.1784015 2.6515079 -1.6774268 6.4231434 -5.3338623 2.439705 
-545.1077 170.23964 48.384453 23.974937 18.437239 21.647303 -10.221702 -11.863303 -13.373121 -2.493879 -9.27119 -9.074574 -0.22425516 -11.8558235 8.266062 6.206813 -1.4149835 0.9048253 -9.896603 0.84699494 
-488.92117 169.77512 44.22743 6.2032204 4.875686 20.211266 -1.7077582 -12.214086 -25.220419 -13.101498 -8.723715 -4.1783495 2.4450243 -6.5907135 2.821457 3.4321537 -6.2341022 5.9268003 -9.845887 -2.165433 
-399.92957 143.49174 22.502632 7.356257 -25.755152 23.07469 8.163387 4.4695487 -17.571535 -16.723568 -5.7978244 -4.145801 6.1546783 5.640057 -6.8489857 -0.7219521 -18.014553 14.2660475 -8.946606 -3.675505 
-438.40588 150.7447 32.260178 -7.326876 -2.0323868 35.9931 10.689067 -14.7843895 -24.024237 -12.618427 -15.812968 5.1412416 -6.191983 -0.48262602 0.39504153 -1.2797885 -1.5295556 1.9105273 -7.7504697 2.290383 
-410.25842 174.93217 13.223689 -10.378896 25.918829 27.872408 -11.456989 -31.463758 -14.126141 -5.3712506 -17.62809 6.2397532 -13.394962 -0.32986122 7.134063 16.087677 -15.578289 7.132816 -13.851988 -2.3954418 
-433.31042 168.0811 29.790596 -6.2677913 8.935532 26.958584 3.2164774 -21.119905 -16.595407 -11.437237 -12.99383 -5.002444 0.96667916 -8.968473 -1.0149217 7.33934 -15.924391 4.750803 -11.867757 -1.4937606 
-364.54636 92.27703 39.552788 34.014614 12.780906 11.331061 -32.94406 -6.209003 -14.276577 -10.11051 -23.301401 -0.8429299 -3.1288557 -4.755388 -2.7728467 -6.5722766 -4.875523 7.319458 -12.414916 -7.0737767 
-370.5475 131.65742 7.37549 28.583122 17.95591 6.737224 -16.946037 -23.21087 -3.1981485 -14.87711 -11.055287 -1.4793633 -4.0858946 7.806136 -3.313566 -1.7094116 -2.9402232 7.7634954 -10.781997 -2.72027 
-380.63513 145.85316 6.623075 26.097029 23.52204 6.8571277 -21.987684 -18.037794 -12.872224 -17.54392 -8.532287 -7.961877 -6.2225933 -2.3150847 -0.8623891 1.1208081 -6.230258 11.030049 -14.224666 3.7802289 
-340.34946 148.21857 -22.814167 11.034585 -8.489092 32.879852 -16.313683 -9.177803 -17.814442 -4.772085 -1.9563261 -6.6390657 -19.04998 -3.557051 -3.178288 -1.4824994 -8.125116 8.245484 -15.017781 5.922864 
-359.7491 165.2501 -5.32611 -0.036279254 -19.624735 33.802555 -11.791491 -15.194218 -16.875183 -3.1029353 6.1040864 -3.2135768 -13.518978 -3.549273 1.3479469 3.603581 -3.8533063 9.749703 -11.319148 5.421123 
-437.5475 190.01459 37.452652 -8.021825 -16.120628 22.250298 -0.4591557 -24.633781 -32.710457 -10.909296 6.919073 4.327636 8.929878 -4.3328786 -9.615952 3.1911914 -11.908947 14.849789 -19.402124 4.108784 
-504.67697 182.19461 44.350975 10.817875 -6.7261767 20.492638 -1.5379317 -5.5133886 -21.602976 -1.3988184 0.100429565 3.0348647 7.0583315 -7.7340784 -5.985256 -0.45979866 -8.888953 6.384941 -10.545854 -0.634302 
-525.4325 138.96921 22.569464 35.14485 13.743635 38.287804 -9.867581 -7.6354084 0.21970528 5.571001 -10.578045 -4.0386877 -8.9566 -5.993783 6.7865157 -5.485914 -8.918082 4.7992964 -5.2781134 -0.41798723 
-554.5034 149.19876 31.613346 38.14738 8.097416 36.44226 -14.461224 5.813814 -3.473266 10.355622 -11.984646 -0.83051556 -3.5423899 -5.940644 -0.7804749 -3.697179 -4.415563 2.4721088 -9.100292 0.21677017 
-396.8031 117.07368 23.524343 15.043691 12.412939 27.794708 -10.825212 -8.895824 -12.647436 -2.2404912 -13.925008 3.2246947 -3.5614977 -0.11316808 -5.320484 -0.15393512 -10.656836 9.144871 -13.938744 1.5595504 
-455.77942 167.5947 19.88066 22.23806 13.09965 15.076002 4.726735 -8.561101 -9.376377 -1.5262042 -11.165976 -15.505794 -1.135425 -15.90269 8.690037 4.138795 -8.978939 -1.3245732 -1.6862916 0.021464135 
-533.86884 163.25485 43.33935 25.080284 9.770879 20.402557 -6.345676 7.3366065 -8.413458 -1.855096 -3.8667293 -7.7704196 -2.25212 -11.673984 -0.8100943 -4.39477 -2.5847995 -7.3205566 -6.7630343 -5.602527 
-468.01584 171.32367 17.54159 10.671075 -2.4838593 23.265604 -2.5895379 2.8718817 -13.446896 -6.4505243 -2.2202175 0.8452805 -8.847689 -7.38089 -4.854178 -0.98471856 -7.708484 6.7619886 -2.8964803 -9.724682 
-450.08463 178.21014 19.772865 -3.1899881 -3.2478328 19.545769 4.57213 0.78580326 -17.772814 -3.1163235 8.38363 -6.347897 -6.9996204 -10.521445 -8.480587 -5.9878397 -4.8610682 10.2575445 -7.891682 3.5940356 
-578.71625 173.33713 46.510147 23.974205 -0.19624329 36.164703 -3.1009297 17.896944 -10.051504 3.9359436 -6.727489 -3.4184892 -4.5008817 -13.969866 -3.4098396 -3.145089 0.025431368 -0.23581237 -4.5643 3.7683809 
-431.13464 159.81596 31.474915 8.01736 -5.8011794 17.94764 -1.5231891 -9.763967 -26.773687 -18.200274 1.6516798 -0.017102527 6.260709 -4.418149 -4.837279 -7.474592 -10.645176 9.835872 -12.3988285 -1.5783662 
-412.20636 169.98048 36.925503 15.448826 -14.591463 -1.6435026 -10.2691555 -17.971691 -11.580776 -8.021336 -9.891874 -5.348607 -8.263256 -7.653994 -0.27840915 -2.0583334 -2.8449824 0.38443676 -8.096737 -4.625551 
-415.7677 127.48195 56.73387 16.046349 -7.4189487 36.82036 -3.7260885 -13.0921545 -15.836916 -17.658073 -12.987739 5.7449045 -7.642092 1.1406236 3.6681569 -7.3835397 -8.056932 2.7240725 -18.797026 -0.9038051 
-443.87543 134.62115 44.961075 31.781942 6.415452 15.9089575 -7.903982 -6.2073994 -12.594149 -8.0551405 -9.442654 -7.427112 -8.933163 -6.005171 -1.4263766 1.5054517 -1.2184701 2.0671186 -5.4037843 -1.1242969 
-454.10028 147.42453 65.85134 29.958702 -7.0181136 1.0393977 -3.1511815 -23.96041 -13.953391 3.1502848 -11.582009 -11.880726 -1.0124903 -13.827941 -7.851087 8.367695 -7.849951 8.571197 3.7573347 2.6701806 
-492.68805 185.83768 48.852043 16.16639 -13.048048 17.889208 -10.796768 -8.90429 -26.091251 -8.742054 -12.060466 -2.3504076 -2.9032605 -9.05113 8.398579 -7.4099545 1.6501899 0.7177026 -2.9402463 -2.1919582 
-485.41418 179.38692 22.901457 6.5666823 9.951465 35.727806 -5.769884 -13.020089 -21.958801 -2.9348876 3.152442 -11.800468 -4.529257 -6.6339893 1.016212 2.1736667 -5.8757424 4.903852 -5.299122 5.365577 
-463.88293 150.13248 53.696255 10.015718 -7.1832867 28.637957 -1.1804788 -8.737976 -9.906788 -11.905363 -16.423702 -0.5905601 2.106051 -6.175442 6.328427 1.4209442 -16.669918 6.19012 -7.974409 -2.6923227 
-406.4737 115.203545 46.456894 30.691017 11.245182 28.517782 -21.609098 -34.038506 -7.117325 -12.747927 -21.837337 -2.5878918 -17.741184 9.45935 10.490077 -7.34735 -8.169727 17.840065 -8.711736 3.5063958 
-461.7957 138.9094 50.791313 31.303902 20.90331 12.9872675 -15.392491 -24.502432 -11.333175 -10.655146 -19.686687 -12.625295 -7.077758 0.13078338 0.5200478 -0.20269622 -1.910845 11.455089 -8.652647 1.3335059 
-391.43738 113.31199 39.254826 23.609247 12.205473 17.772478 -10.957658 -19.297327 -12.659635 -11.810468 -23.281303 0.29769018 -7.0448937 -0.84511167 -6.2530665 -0.033583537 -5.73776 9.480622 -16.22058 1.7638911 
-410.42883 120.87669 49.44248 16.467098 15.622443 22.966457 -5.212515 -1.7854886 -12.079941 -9.320594 -15.350941 6.0910735 -17.09459 -1.3720192 -0.4224277 -4.706133 -7.7701383 2.5829298 -11.498249 4.949824 
-410.17288 128.83124 41.245174 66.93398 15.886863 -9.174038 -12.810105 -12.098941 -22.17552 -23.052046 -12.971118 5.7113338 -17.056313 7.630927 2.002041 1.1534216 -1.5899854 5.9950824 -16.935795 4.955501 
-456.63666 157.8972 27.93151 39.735386 19.079689 14.760142 -13.829387 -28.304594 -3.6989758 -5.9356833 -18.166908 -3.2662728 -0.9282453 0.16172917 3.447507 -3.078864 -4.7844906 5.73356 -11.09952 -0.43207133 
-405.88977 144.04031 11.17517 51.322533 25.075607 3.2785368 -22.570309 -22.321857 -8.882817 -16.503023 -9.111007 0.52722293 -10.586559 5.7083807 -0.2654 -0.27738756 -8.2961855 13.5370035 -12.0749035 -0.8287304 
-412.95746 136.41228 8.304958 53.27922 29.083824 -6.730777 -9.839775 -10.373036 -12.33942 -17.321667 -21.435555 -0.20248985 -8.94128 5.0742784 -8.170099 2.6681328 -6.717669 9.801488 -20.48976 -4.1090555 
-375.14682 133.60626 -2.1316414 18.409664 10.005138 19.246017 -25.530525 -3.8399074 1.9707631 -10.69448 -16.622807 -2.7700071 -10.227319 -2.1627982 5.53431 -6.7425675 -8.650568 14.237203 -13.838775 -5.437914 
-437.77414 158.23207 12.386017 22.591896 18.14224 20.49738 -25.322086 -16.413448 -12.52593 -13.891131 -14.377662 -0.31997618 -8.612766 2.002566 1.6880403 -4.0283856 -1.6953052 8.336523 -7.7974253 -0.67838675 
-396.78552 165.17273 -11.8768635 17.16224 10.246159 26.928825 -20.092196 -11.540295 -11.482916 -9.579815 5.8807034 -5.352192 -12.508628 -0.038246896 3.818375 -10.457421 -6.699238 9.811449 -16.433174 7.1294928 
-359.7629 174.01729 -18.088278 0.27862325 -15.182253 39.39051 -12.827679 -13.781043 -12.869505 -2.4039278 -8.317078 13.244533 -26.193897 1.1826456 -1.2947472 -4.149829 -3.2461174 8.735327 -7.3531265 4.1216125 
-458.35254 158.37506 45.256542 26.70794 14.351405 18.49858 -16.58309 -17.297998 -11.966841 -13.839795 -15.205102 -2.7084846 -8.763273 -7.2056026 5.131773 3.8384237 -3.9184277 10.335844 -12.746958 2.5571392 
-455.33704 116.774536 41.445747 34.853153 10.853929 21.992714 -6.079855 -1.4443622 -18.960733 -1.7462759 -13.5578575 -3.9146338 -3.3979616 -7.30454 6.309767 4.108004 -3.0604045 2.335054 -15.423747 -3.1581519 
-447.73462 101.990265 35.87807 57.706055 14.964787 18.433035 -29.428104 12.197567 -10.200451 -7.0212784 -18.189337 -4.63572 2.560013 -14.562511 5.3064327 1.0130302 -1.7846925 7.969662 -6.893713 -2.1360698 
-549.66547 160.39458 35.320866 33.650806 13.047791 26.88438 -8.990227 7.9308963 -8.85777 4.4482603 -10.520367 -7.0685153 -2.0832093 -8.80904 -2.55197 -2.312372 -1.6522961 0.92889565 -7.8155255 -0.937009 
-528.95734 150.91179 19.604952 28.714529 17.726524 40.087788 -10.846058 -1.3266168 4.065417 7.2811103 -5.9429502 -3.0431356 -6.42581 -10.091485 3.5910225 -6.3013062 -13.058094 7.704047 -6.2353506 0.7595866 
-564.1963 169.91043 28.920698 26.764164 6.0680943 42.840485 -6.944425 10.473392 -9.98485 6.936176 -6.886713 -4.863244 -2.1827595 -10.084911 -0.5144571 -2.6288977 -1.0646969 2.7347085 -4.9867334 3.8552992 
-467.13147 184.36774 24.46684 -0.47867858 -2.2645206 37.117695 1.1914027 7.1350226 -17.89946 -5.547587 -4.4097466 -4.107861 -10.420544 -3.7052968 0.8954217 -7.3708167 -0.053497314 5.6988688 -7.4348984 -6.521894 
-379.877 157.52164 28.959127 1.4751391 -27.454899 17.896126 15.11841 -9.627514 -23.418308 -7.977321 -5.4477215 -1.9100091 -3.4362593 1.8402723 -16.345509 5.7409635 -20.650787 11.591029 -7.4649787 -10.021279 
-520.3579 152.41028 37.43721 38.816765 -17.44445 36.602512 -7.3045154 0.16221456 -5.424982 4.1775303 -8.764589 -3.1602712 -4.8350306 -0.6664165 -7.0901484 -0.7662773 -1.152431 -3.5717669 -9.989466 -3.1764982 
-557.7934 160.0852 27.81122 36.465775 6.7856193 38.219437 -15.40455 4.5674143 -3.8827379 6.6963544 -11.374037 -8.619478 -8.34956 -4.837298 -0.12473909 -3.9548311 -0.047469363 2.5706875 -3.2639637 3.5913854 
-595.5542 175.37726 43.548985 30.763882 5.624479 35.579193 -15.751824 14.967678 -4.889125 11.472346 -8.500005 -4.8892255 -5.8557887 -10.039218 -1.8785977 -0.27100575 -1.9830306 -3.824755 -6.9033704 0.33305094 
-594.1658 179.63463 48.24491 30.69636 3.2665396 36.14461 -13.428852 15.453121 -8.318583 7.5552955 -6.8742547 -8.989818 -5.2455425 -11.35019 -1.457456 0.04413827 -3.23985 -2.1442485 -8.159817 3.522583 
-592.5649 169.52194 41.957745 28.910984 9.464286 30.062605 -11.483787 13.420393 -7.5909295 5.619263 -9.84145 -8.629895 -7.436783 -10.160304 0.0836754 2.0431948 -0.968279 -0.6188356 -5.7508435 1.2829678 
-573.504 159.1976 45.044918 28.491991 9.242818 32.604546 -9.503242 13.656839 -7.873412 7.3683114 -11.492225 -6.5274215 -6.8317456 -6.041847 0.8818355 0.754531 1.1143832 -1.944433 -4.809824 4.4601235 
-507.5625 120.02718 33.60372 37.802616 11.13054 20.900414 -1.6922135 0.3632929 -8.942537 7.863676 -10.231214 3.9455786 -13.871163 -10.69495 -0.7233358 -1.0603876 -2.8460553 3.831282 -11.563159 2.4610121 
-384.1873 157.94594 30.011396 16.239944 -20.864967 29.280815 0.7352405 -25.55038 -32.261 -17.32285 -7.3685923 -4.774265 8.580946 -5.1054997 8.0138035 -6.3717465 1.9487563 -1.7804866 -13.306461 -6.581896 
-370.54672 148.58382 22.710087 5.886373 -2.9563217 17.099506 -11.957864 -21.974764 -25.099445 -13.032202 -7.9772043 -3.8217554 -3.1888835 0.5149423 13.193102 -14.176902 -4.4108005 -4.027426 -10.796797 -5.0545516 
-387.635 111.29721 21.33878 46.44116 22.62206 10.939475 -28.425581 -12.187676 -13.631939 -21.65989 -10.262525 -0.37501198 -11.022689 2.3352394 6.6494355 -10.234187 1.1983539 9.181622 -12.622268 12.098316 
-374.6882 154.87491 -15.459181 -7.920872 -2.465662 26.011604 -1.2117308 -0.6806507 -21.227533 5.4557347 -0.62840205 -12.106735 -15.049199 -11.32303 -14.768609 0.0069300067 -0.14460015 17.031563 -6.6045356 6.35042 
-386.85272 102.34341 36.87471 19.506561 4.3267984 18.052155 -14.643129 -4.8350854 -24.34924 3.0479887 -15.909038 -6.515543 -7.6197715 -7.656939 -8.098217 -4.471482 -6.1795287 9.304807 -12.584721 10.290066 
-393.9386 152.0927 4.5497584 10.628554 17.666609 25.452078 -6.2703304 -11.526569 -15.1038475 4.0565786 -12.190305 -13.124117 -7.3086033 -9.692847 -0.45239428 0.5131694 -10.327628 5.5119824 -5.538206 -3.8392894 
-417.70398 174.91447 7.0467563 15.174569 16.678915 24.586891 -20.717049 -16.362576 -11.237025 -3.155515 -9.299418 -6.0084677 -12.380443 -6.197229 1.145741 -2.574784 -8.465183 7.8058896 -1.3535569 4.1462994 
-449.05594 136.03038 55.219845 12.712424 12.06119 26.990814 -11.678196 -7.662711 -22.373573 5.1035843 -14.394333 -0.86093265 -10.600544 -5.4097085 2.43892 -3.4461153 -2.8969555 7.2404456 -8.495621 8.052217 
-445.4004 151.99135 39.450478 28.331047 19.523273 18.409595 -19.698944 -19.322077 -21.346272 -1.1562964 -20.591295 -8.108164 -5.9465637 1.1459047 0.95948577 2.904515 -0.50265336 4.6658096 -5.1571155 4.8876123 
-453.6044 166.7088 27.418343 24.987103 13.704524 15.327567 -9.3657875 -6.903678 -24.031624 -21.209873 -7.5430355 -1.6594604 -12.663735 -4.509545 2.0349371 -0.8650408 -4.2957897 6.2742615 -5.902309 5.3291087 
-405.8553 81.51852 42.072926 29.33595 6.5100656 29.58683 -2.6425352 -1.8083547 -10.992549 -0.9288059 -22.520761 -0.38354456 -3.9817514 -5.0159955 -0.14157861 -4.034179 -6.094711 2.962888 -11.403227 -1.4707823 
-449.72925 90.64446 54.981777 37.50534 7.30216 25.980003 -7.792351 -7.778551 -25.636806 8.938912 -21.647268 -11.131751 -11.336606 2.2423658 -0.5073504 1.0928704 -3.6884634 6.2905407 -6.888805 0.08880112 
-493.026 164.82579 31.267815 14.86824 9.654602 34.155804 -9.847555 -11.291615 -23.703468 -0.61952126 -8.205062 -9.664406 -8.618879 0.35696247 1.4756551 3.1189692 -5.76992 5.8324146 -5.3482747 8.302159 
-465.8656 154.30975 25.619545 36.793858 5.6569366 26.908129 -16.585472 -22.016996 -23.119293 -0.39991066 -14.770242 -9.034586 -8.285426 6.5804486 10.158764 -9.979823 -4.614776 5.6007075 -5.988413 2.2580743 
-483.10287 152.01173 31.28629 23.889046 7.283805 27.334635 -6.6799946 -5.3144617 -15.912857 -4.8596973 -9.747676 -7.414011 -3.1608531 -2.2595904 5.151954 0.96100754 -7.7160044 -2.5127687 -7.8361454 3.150609 
-501.86072 135.85428 55.661148 27.054863 -1.5634179 22.785576 -7.145852 -1.1137449 -15.683681 0.49437413 -13.453165 -3.516109 -8.817144 -1.5324012 -5.8913364 2.0430732 1.753673 2.0834565 -7.029287 5.0252757 
-500.29187 153.8169 36.171726 41.445946 3.0856657 18.401442 -7.6215534 -7.674045 -27.523857 -12.8113365 -14.113878 -2.1679575 -4.228171 -4.812609 7.2847366 1.9212575 -1.0763162 8.700966 -10.284354 4.704194 
-466.25153 110.836685 37.106167 46.86226 4.778835 16.489378 -16.92011 10.252 -16.696121 -2.118305 -13.330155 0.03022978 -10.873728 -0.16642867 -0.031530235 4.4928646 -5.885622 6.093197 -6.517893 3.4591055 
-542.36383 125.89678 60.91143 26.949745 7.863401 27.783604 -10.257867 9.881125 -11.872005 13.175009 -15.518307 1.345199 -10.898902 -1.2230523 -0.6444143 2.6154802 -4.9282722 0.8465565 -7.7482934 -1.1574973 
-414.64996 33.504803 36.806004 41.710644 10.972079 12.805776 13.760831 3.9148033 -24.364145 18.321573 -2.0205104 -7.1886168 -14.85247 2.8336167 -11.287573 8.542431 1.693025 0.48253602 -15.304057 3.9292831 
