-508.09787 138.83684 30.589945 39.985394 10.012066 18.316433 -13.035787 20.253157 -14.139657 10.7179985 -20.646503 2.0113099 -7.6369247 -5.3858943 -1.1771575 -6.835368 -1.2431505 -9.976085 2.1432612 -5.899633 
-493.41693 135.04291 38.993954 30.541233 14.118339 9.830454 -2.0134764 22.749481 -19.286737 12.651276 -21.6337 -2.469465 -14.394908 -3.4925675 -4.922377 0.6574973 -5.2253714 6.8578916 -4.75853 0.1907007 
-448.26172 138.92453 27.567572 43.66792 6.8331547 12.371359 3.6257792 -3.9667616 -11.071344 -1.6277657 -20.801313 -16.308777 0.8719728 -2.8549125 -15.624632 8.10509 -9.103135 -3.9834704 0.71838284 -9.842474 
-382.19348 140.71315 14.412876 20.301706 6.523907 21.46221 -9.56036 -11.297321 4.1089725 -1.9214265 -11.235164 -7.6479745 -11.231611 2.2087429 -16.928713 1.7155739 -16.538979 13.020811 -7.8069143 -4.6932774 
-353.2749 90.64899 33.76826 47.038704 11.734764 1.27715 -22.062565 5.8436337 -22.298832 -0.10748545 -28.587362 -3.7826276 -4.5133896 7.7233176 -10.666024 7.54583 -6.420977 3.9452434 -5.353303 -9.437229 
-363.8693 121.16261 33.974655 39.274685 19.428095 2.0802984 -38.150364 -15.217141 -18.364206 -19.323921 -29.933554 6.5329165 -14.569316 11.746734 -9.053123 11.999078 -6.13239 -1.214263 -5.848228 -8.541699 
-372.63043 145.88531 28.80225 19.272594 7.1245184 21.018082 2.8366957 -28.29847 -4.015642 -5.577735 2.852034 13.414235 -21.584572 15.637844 -10.532261 8.81355 -16.199581 0.31407827 -15.825758 -11.662975 
-401.74506 93.64568 4.9740987 36.247086 22.510447 33.653435 -12.735734 -3.3398383 -1.4501681 16.834934 -16.334969 -8.907192 -2.8186908 8.848692 -13.388655 5.989695 -15.38659 6.825362 -8.000509 -2.4981196 
-413.71005 67.18854 48.474148 38.45936 10.6609535 27.76653 -15.920646 17.758162 -7.291602 11.580416 -12.89103 -3.5678928 -5.0201893 3.250088 -10.105267 12.740565 -12.126255 7.355677 -10.494786 -1.925314 
-370.77936 103.61474 43.31764 40.157314 16.825539 8.837876 -28.6382 -9.7232 -26.414595 4.036867 -14.00798 -11.03649 -10.698981 13.407889 -18.142773 6.105457 -6.0569897 1.9525198 -11.102855 -3.8370311 
-358.33316 124.67948 17.563074 19.869904 18.33867 14.773695 -15.959318 -24.09246 -20.154123 12.4430895 -5.43356 -6.525786 -11.117048 14.236461 -17.425848 -0.5797348 -18.442348 0.6450461 -9.2082405 -2.0917501 
-349.60074 58.86065 64.69223 24.825184 5.9915624 26.821388 -22.528559 -2.4322124 -14.285858 6.8551636 -7.452061 -17.571993 -1.5869174 11.43449 -18.089088 2.7604554 -2.1849496 0.060558956 -8.925374 -0.96643704 
-367.49484 92.72708 50.515553 49.060028 1.5720925 11.557259 -23.429245 4.2982535 -12.600148 -0.31750166 -14.092986 -9.899175 -5.130781 8.081676 -20.793957 5.0193815 4.422966 -3.616486 -8.60835 6.8575096 
-389.91623 55.57107 80.905426 49.491665 -3.330077 16.338814 -20.854948 4.601287 -18.820948 -3.328756 -8.379584 -9.92963 -11.474323 2.60422 -16.613438 7.6709094 -7.0547495 1.8300416 -10.168459 3.7475019 
-395.76123 118.58414 39.139336 45.844345 6.7191744 -2.532847 -10.853278 -4.867675 -7.581265 -4.7529507 -8.225299 -3.852809 -19.176352 8.698744 -10.506555 -1.9746323 -3.5002506 3.301285 -11.587767 -9.26144 
-368.5072 101.50738 22.1526 49.273632 20.377262 4.3288755 -15.900081 -14.998798 3.1710389 -3.168672 -15.866667 1.4711126 -13.089121 14.5623255 -24.067394 -4.2230763 1.965892 -1.9428537 -18.734303 3.54092 
-415.98187 65.67243 73.82664 38.773655 5.989602 28.24897 -20.43508 -0.89394 -10.827045 9.952241 -17.77378 -6.2220073 -5.0854053 1.9803017 -15.728426 -1.3768007 -4.0755234 8.660244 -17.585043 3.8916578 
-526.73364 138.00749 42.168316 43.394817 10.975422 17.736748 -9.169356 10.852604 -15.327427 5.2343397 -8.233921 -4.714388 -3.5048702 -2.175202 -5.600247 5.4196467 -4.918344 3.6145372 -3.0294008 0.09385591 
-384.07025 91.017105 38.78901 44.283493 9.97574 23.572138 -20.509222 -7.721277 -26.298744 22.9588 -21.958435 -20.526197 -2.311431 8.750767 -9.936436 -2.1740506 -4.1312838 8.928048 -12.108671 2.5580368 
-383.92102 60.956055 44.305435 66.25455 9.354129 13.559462 -21.65165 17.555946 -31.449669 24.974407 -23.71663 -18.07289 3.9061906 -2.5375128 -14.635156 6.732206 -1.4484544 3.1202123 -16.070974 4.519763 
-347.0354 41.698257 69.78546 45.45603 3.0155466 18.02018 -27.2387 -4.173469 -15.284473 8.634801 -15.924077 -9.209433 -3.4965544 5.425655 -15.07154 0.45549074 -1.9915967 2.5181575 -22.631947 7.753675 
-349.93106 155.76884 1.1171355 10.383419 -6.5897503 13.194513 -12.133485 -17.427137 -6.0448866 4.091455 -11.723876 12.529095 -4.0040197 0.2995559 -8.513566 -0.7083957 -17.13503 2.6408336 -1.385228 -1.5126934 
-452.94263 166.36784 16.08916 39.04792 11.074754 10.100937 -21.423027 -20.718674 -7.88546 -4.542624 -5.6789603 6.136198 -14.518721 17.024965 -3.3098764 -6.3757 -5.3686643 2.4663813 -13.107846 -8.40035 
-424.28598 166.87338 32.049 29.805416 -4.0323305 7.5582943 -16.7667 -4.0363965 -22.723818 6.0522366 -23.808432 0.43396378 -4.623991 7.5083747 -3.9123383 -9.22942 -11.861893 1.3092953 -8.94985 -0.889275 
-390.12497 30.949493 79.3633 23.150814 18.55027 25.532164 -20.13849 13.438428 -11.369839 4.2755847 -18.772997 -9.120906 -6.3219056 -1.0523685 -11.289456 8.326962 -11.93672 14.292153 -18.780525 -1.2698011 
-402.3524 120.24398 35.239147 25.576077 17.749395 14.902172 -20.99988 -15.609599 -17.588732 18.013248 -10.459799 -10.337968 -14.813487 7.8898315 -15.176139 -5.9475827 -4.2597404 7.151631 -14.329276 5.047984 
-388.42902 146.37657 19.81182 16.0545 -8.847214 14.372977 5.1187634 -0.95200306 -20.765055 3.677882 -6.4945383 -3.9623032 -4.9168396 4.4222984 -17.305862 2.722761 -11.185674 2.9700787 -8.226023 -3.9669867 
-409.47202 87.32033 63.760117 30.277384 -6.596353 13.648736 -4.3838973 -2.2710383 -22.55651 -4.524979 -17.68514 -5.058077 -3.4381785 3.1188588 -6.101317 8.378315 -11.326229 9.51914 -10.5823345 -0.56739163 
-417.33328 168.08685 46.032856 43.146675 -21.773249 -17.196852 -0.9787514 -20.619572 -18.77291 -8.342134 -14.087297 -4.95601 -2.4369478 14.363758 2.8332422 -3.8010614 -4.823226 0.61208904 -13.255652 -10.625355 
-452.458 138.17847 -1.9448092 37.40226 12.725187 24.552986 -13.976586 -3.5715587 -17.487862 17.73763 -5.1144733 -15.364519 -6.3673015 11.351333 -12.138718 9.924901 -11.529097 6.852345 -15.916912 -4.169548 
-467.59863 122.41383 9.924022 36.34987 20.165953 32.388996 -14.085724 -9.397316 -16.652124 22.045872 -10.060739 -11.274225 -6.8413835 6.050176 -16.989668 14.35621 -9.29068 9.005349 -13.699574 -1.2634985 
-408.21158 173.5084 1.080332 8.804279 -5.3397264 20.402895 1.7928641 -30.05305 -32.72433 7.1241856 -8.998871 8.786813 -8.999846 -0.10613707 -28.4372 -0.80187243 3.1944582 -3.0368598 -3.024653 -8.310567 
-463.46582 175.42079 14.661403 22.694895 -4.321891 17.148272 6.8731203 -17.91119 -15.250329 -7.1349683 3.830808 8.53557 -9.557278 -0.5214819 -21.237597 -1.8081068 -3.7872555 4.3997207 -8.201306 -8.0551605 
-397.69373 156.71039 5.0263424 48.763565 6.6472397 -7.8323307 -23.221432 -23.414389 0.670072 -4.410534 -7.2331915 3.676596 -13.985817 17.008379 -34.1752 -0.34550452 -2.5489411 -5.4746647 -12.9503565 -1.4800463 
-351.4478 116.49686 -2.0354786 39.88162 30.679955 17.003105 -43.499863 -9.331473 -27.169464 6.988678 -7.801761 -12.557482 1.1269921 6.2060013 -9.687863 2.3422322 -9.066052 2.79737 -12.575955 -4.648315 
-358.44153 143.58255 -10.45882 51.870087 11.121537 -11.830381 -29.313843 -17.966698 -1.2973927 -0.27133492 -5.633042 9.995734 -6.86085 13.832723 -22.046309 0.33405706 -0.3418934 0.7324968 -15.611365 2.8842955 
-434.0378 132.0619 18.242117 46.34253 2.0743625 16.594372 -20.746403 -4.43286 -1.1763015 8.354226 -6.775107 -1.4122711 -3.5448797 4.6496797 -8.409374 1.7442216 -2.538964 7.128918 -15.895374 -0.16967371 
-409.45984 139.1564 12.243845 33.77394 15.023924 26.906277 -29.616829 -29.736977 -18.706694 4.856923 2.8204494 2.2932844 -9.836792 11.935955 1.2204871 -0.99044174 -5.1134305 2.1063669 -17.053482 -6.532342 
-364.78162 131.71686 -12.484364 32.509438 11.979717 9.937545 -30.94413 -13.332043 3.2480314 -1.9661174 -8.084805 -3.4566028 -8.024374 5.897143 -21.312826 -0.124340326 -9.3183155 10.927822 -20.2711 3.2659824 
-379.17508 114.44064 26.998667 18.704628 12.151425 17.462538 -22.815866 -7.3793335 -15.404955 9.626229 -7.3464575 2.4188924 -5.7569885 0.52457184 -14.491364 5.7966437 -7.458263 7.837545 -12.290395 -2.0105863 
-404.67273 177.74666 -13.07535 4.378294 13.60468 22.637491 -9.1234665 -8.097199 -12.707777 6.78436 -11.105282 6.7099223 -25.065218 -0.080156244 -15.8069 0.5500999 -6.005453 8.132489 -6.4075704 -6.5076504 
-448.2058 169.68088 8.039195 25.85992 8.464354 19.38702 7.89427 -15.592261 -14.305993 6.533576 -4.856184 -14.302911 -9.52473 -1.5854598 -25.876387 8.410837 -10.782116 5.4711747 -5.5463824 -3.21453 
-449.17236 169.2098 31.614471 39.39095 -12.936077 0.8571364 12.906248 -9.002057 -6.0458074 -7.336767 -3.231138 -9.916932 -0.4230832 11.561802 -13.640137 -2.1336954 -13.345417 0.11691475 -9.050076 -11.888421 
-498.32993 169.86862 43.25474 38.497715 0.36146227 2.4682245 2.197898 -7.073847 -8.11427 -10.746374 -8.954429 -12.33818 -6.7244096 5.0405436 -6.793398 -2.445537 -8.993476 -1.2651472 -5.6168003 -12.069249 
-572.66675 178.37918 40.614826 42.61359 13.344495 15.15823 -9.57356 10.912911 -8.438798 2.6770108 -8.512829 -6.5825753 -11.199752 -0.437809 -2.4581015 1.3084602 -9.190677 1.6138564 -4.67089 -0.6496527 
-448.8125 139.50302 12.974156 43.803116 24.33507 10.291651 -16.633747 -2.9962387 -30.371725 11.393148 -4.115434 -13.979311 -11.769729 7.0752134 -10.306945 4.2197037 -5.571612 5.476515 -10.21029 -6.0599203 
-448.24887 160.2658 10.466443 52.22864 25.705902 2.7673798 -15.567895 -11.586059 -20.17409 0.63546485 -12.954672 -7.0961876 -4.630907 9.265845 -7.3144474 4.314535 -5.0347567 3.5614865 -12.360735 -7.843872 
-400.63278 170.30675 16.852749 37.50398 -8.551258 7.3413053 -0.77442867 -25.73256 -24.340096 0.29845577 0.5207657 3.2582576 -7.622201 11.92538 -15.393478 2.1980658 -10.299799 5.4039183 -14.500829 -7.001238 
-475.45837 100.04287 56.667744 35.881443 9.049688 17.184456 -6.763323 2.9704306 -17.846378 17.004274 -7.9453855 -6.4005194 -4.196565 -2.9452384 -10.846715 7.534605 -9.725118 3.839002 -11.568001 -2.223432 
-363.06934 69.95123 44.57274 24.179863 -7.584499 34.85824 -9.335263 -5.6999183 -16.966927 13.739715 -16.328197 -9.316822 -13.419325 3.3160594 -20.890734 -1.884324 -6.8109775 6.7237487 -14.245211 0.9089019 
-363.7672 39.997528 40.47255 54.107414 3.2410212 17.454033 -21.13982 14.406481 -31.97478 19.744225 -18.488008 -9.531736 -2.281494 4.0435357 -16.88157 -0.8564192 -1.1708883 1.7569146 -9.126644 -4.189774 
-362.2924 119.44971 34.687485 36.68839 16.870247 9.143406 -39.418613 -6.439347 -31.21947 9.3020735 -21.83432 -10.609751 -9.662849 11.868491 -9.771907 -11.753547 -3.2203937 -7.1919403 -10.045511 -7.6304016 
-364.87238 140.66522 -1.660562 30.589457 6.3466444 10.481769 -13.776885 -14.869188 -27.052256 6.220569 -8.264234 -7.2340717 -5.030943 1.0158974 -11.846209 -6.515494 -3.6538458 -7.0993757 -1.6968656 -8.391406 
-411.3434 159.25043 18.726437 30.780771 11.531159 10.318827 -12.849666 -18.622053 -23.741766 6.402481 -7.3806653 -9.325735 -15.282708 5.8293552 -2.1694174 -9.345245 5.3080425 -5.4833164 -4.8492994 -6.504075 
-467.76157 156.11638 57.86009 33.238758 18.169504 6.696189 -25.066694 -2.5641603 -33.192364 10.301004 -16.898758 -4.1699314 -7.501808 -5.702266 -2.444526 -6.159567 6.173213 -7.5194964 -1.5800065 -7.365592 
-415.71143 144.76505 28.66053 20.661917 16.53608 21.280552 -17.820845 -12.609405 -30.805962 0.4858476 -8.886418 3.240603 -11.781733 1.5794351 -1.6990439 -4.280393 -3.8667917 -4.5077515 -11.63496 -11.339664 
-458.62738 162.93767 13.6982765 20.444511 10.039923 30.146078 -15.304254 -5.0360346 -15.942993 6.3488 -10.831053 5.1490684 -13.668636 -9.050201 -7.24143 -10.189419 3.664706 -10.804247 9.662693 -13.214383 
-462.89084 104.38919 22.074871 46.445183 16.002848 19.394066 -4.3602424 12.347004 -28.313532 14.345452 -13.248084 1.801966 -16.91562 -1.3938866 3.1582608 -8.670425 8.661212 -8.694157 3.078178 -16.83846 
-457.55002 114.3997 31.129744 51.183342 11.088688 24.203243 -14.322878 7.960302 -23.613348 13.568325 -10.543575 1.7376424 -14.596824 3.6055658 -1.3250299 -10.137919 0.34929213 -7.2470593 -4.8658385 -9.593676 
-389.70596 148.78627 37.455223 11.174649 2.3502839 16.598024 -17.469578 -13.14423 -37.125645 -0.29208323 -13.579215 9.062873 -3.848342 7.016589 6.047839 -3.5186987 -5.111189 -3.903595 -5.554496 -9.059077 
-388.9233 69.846504 45.616135 18.353346 22.877565 27.074406 -26.969412 7.2390194 -17.537834 19.519827 -10.826481 -10.0981455 0.14931615 7.429112 -17.142282 -1.6900337 -5.658911 6.196164 -11.52283 -11.152432 
-406.86984 144.50114 27.98043 22.541195 25.324419 13.9796295 -27.024101 -0.38117757 -18.767643 12.584802 -22.234987 -8.666683 -12.999446 1.951806 -17.699324 -5.533071 -1.5936089 0.12638743 -1.5407121 -3.8960724 
-457.1649 156.16762 26.577179 24.981678 3.8406956 31.142317 -23.616692 0.93390584 -24.376404 16.999062 -8.433518 4.9636087 -8.834538 -4.936397 -6.2674117 -5.930497 1.4352535 -5.0370793 4.18643 -9.791952 
-506.29163 158.52438 12.177678 39.84839 5.759275 27.778152 -14.3982525 20.600264 -16.769783 18.28428 -10.748293 -7.572597 -3.496375 -9.478823 2.837735 -9.5902405 8.795457 -6.501768 11.481693 -17.575129 
-557.489 155.10208 52.221382 40.157566 13.496486 20.607143 -15.50629 24.925781 -19.537514 14.438437 -25.231018 -0.57821757 -11.635645 -9.017432 -0.15449463 -0.52059937 6.7339664 -11.552878 4.444511 -14.267504 
-566.70404 163.16441 51.628838 32.8907 16.313469 27.087559 -13.23369 19.51522 -17.091093 18.816929 -18.300798 1.6323972 -3.0953875 -8.8994055 4.1321306 -4.817272 7.809713 -15.136802 8.6269245 -4.820609 
-568.73114 163.3003 44.142937 37.818634 7.1282873 33.555122 -17.520746 19.845573 -14.759391 10.026236 -21.09305 -0.2391526 -10.750863 -9.436487 7.3209424 -7.7260876 13.661362 -20.27613 11.94774 -15.978492 
-517.1623 160.1199 36.498795 44.48521 -4.722709 26.887413 -4.0094957 9.898333 -18.127214 11.725687 -16.090858 10.081315 -5.6194205 -16.152164 3.4625866 -13.786526 12.731694 -21.429237 10.950129 -10.775482 
-510.77292 121.47297 21.179367 35.184425 -5.222735 24.963097 -22.645824 11.618276 -24.734142 2.6224248 -13.382293 -5.738406 -0.8069874 -14.909899 3.8850174 -21.643421 10.242836 -22.098495 4.9083147 -17.550768 
