-283.47797 145.90715 1.1225452 8.593176 -3.40613 12.692067 -3.3902423 5.855241 -34.786552 -10.9499655 4.1909657 -1.3827707 -4.8122826 3.5637732 -18.552933 7.157086 -16.859825 7.680897 -9.600384 -0.2223475 
-199.33887 93.627106 18.734207 -8.077794 -14.394753 21.292799 -10.279326 11.488308 -24.283936 1.7237513 -9.716436 5.0490603 -11.040218 6.0652485 -8.316193 -1.2000692 -13.507784 8.364467 -20.547861 5.693706 
-262.93103 119.61963 12.80656 13.071863 -5.2802973 11.683314 -12.217391 -8.430706 -32.908504 3.4603226 -9.959606 -4.1960773 -20.891926 -0.35709321 2.5329454 -1.5835643 -17.535465 12.58579 -8.786488 -2.6032763 
-265.42627 41.439922 37.83348 54.303436 -2.1145582 15.021545 -16.29257 18.349691 -38.37051 2.5143764 -14.328434 -10.32271 -7.3212585 4.682836 -3.8627956 0.5130737 -4.9958043 5.37837 -13.480174 0.65973186 
-224.08727 43.829323 51.820374 65.24545 -8.624944 16.010323 -16.462965 3.7248328 -32.96718 1.0603999 -30.871325 -12.557273 -14.246319 7.75313 -11.678766 -4.5147066 -1.4884562 9.627931 -20.141888 4.31144 
-209.66019 105.07438 -3.3739946 4.2936373 -3.3937716 30.150652 -20.66588 0.050881915 -26.20452 5.0374265 -8.833139 -11.172053 -19.182503 14.088821 -5.338833 8.839806 -11.619618 0.4720372 -9.483444 5.6676397 
-270.5695 61.01448 62.458817 40.254684 -13.658606 33.88079 -8.572727 -0.98740673 -34.38898 -0.2944714 -19.109669 4.1258016 -15.608148 4.4612985 -2.282315 3.6984684 -2.791718 5.817711 -15.238979 7.538336 
-314.61996 154.92877 47.340046 26.151205 -12.796355 4.6883125 -6.048545 14.03504 -31.555277 -5.573166 -28.950287 -14.764938 1.4415205 5.114241 -1.2464037 12.283358 -10.038157 6.611106 -11.659856 -3.0137382 
-319.66898 142.81976 41.586697 30.16796 -2.1149275 8.545942 -5.5287805 12.220197 -21.935226 -4.3752418 -12.267431 -16.236996 -8.235956 2.0587268 -2.4601424 5.2903714 -3.8521564 8.384534 -9.480277 -2.3206558 
-297.8145 82.60416 79.05912 24.936058 -5.658628 16.739416 -12.767887 9.009847 -21.494926 -3.2331443 -18.412445 -11.264015 -13.456628 5.592311 -1.1827648 7.9090295 -4.548868 9.447992 -12.617261 3.008315 
-315.77246 133.56743 49.79313 31.668728 12.9814 8.887184 -9.008963 6.2507005 -45.405415 -14.866123 -13.598104 -11.090784 -4.5761967 7.1102767 -6.223637 5.9690976 -8.390478 6.558098 -5.9635563 -3.2680876 
-330.92084 104.53382 40.667892 30.962337 -1.8253583 27.319761 -5.083203 9.062044 -35.157413 -11.151699 -14.262541 -4.4276066 -6.7361813 10.559554 -5.3792725 7.075306 -4.108307 8.033211 -13.17193 1.6309288 
-296.7262 28.935934 62.188198 51.06032 -2.3104064 23.250576 -6.345484 12.174001 -25.708103 12.140644 -15.700636 0.17487556 -15.012804 8.948265 -5.867277 -2.1654024 -7.4237247 9.103629 -12.287934 0.34453726 
-286.71835 105.87508 25.224092 30.4827 -5.2523074 24.378405 -8.155514 2.7501135 -29.831583 7.805854 -13.424866 -0.61055607 -8.06071 6.083895 -2.396182 4.9336967 -12.532216 7.167995 -9.979211 -1.190273 
-293.73352 68.99619 57.258102 52.063004 -19.437815 17.359327 -3.9598372 13.629902 -35.26409 17.215967 -23.220606 -11.78264 -1.5849962 4.9793825 -5.765635 3.4552965 -2.2517357 4.1409645 -10.019762 5.3020086 
-335.625 161.19461 33.601665 33.71026 -21.627293 -16.52411 -5.873808 25.961006 -34.96314 0.8737705 -14.147471 -17.170301 0.5693251 15.32676 -3.411907 13.257042 -7.3146996 2.4780645 -17.217215 -2.915436 
-333.1988 122.934235 43.7477 43.991974 -0.2139295 -3.1907747 -6.3347325 10.698294 -26.45237 4.379322 -11.773845 -9.59273 -11.551906 7.031221 -8.602126 8.769099 -3.990559 4.2633066 -13.128906 2.4961016 
-284.25772 104.92992 38.316082 49.278984 5.186877 18.813456 -8.059101 1.8894488 -56.233364 0.4310095 -17.02214 -7.8222556 -14.2645855 4.7961497 -0.56231374 6.505934 -6.82374 3.3373022 -9.22274 0.3915318 
-283.52164 50.705746 54.057007 58.912918 -8.389203 22.30184 -17.309816 7.251124 -28.094307 6.941156 -16.897142 -3.772555 -13.777192 3.0761409 -4.784366 -0.6657807 -3.6928074 10.686584 -13.502045 2.8791277 
-379.95526 121.306694 23.291174 48.748943 14.48978 17.032463 -8.876989 11.495597 -18.223354 5.8175387 -16.32286 -5.461152 -8.405121 0.38692188 -10.268554 0.5341019 -1.8230021 -0.8089521 -9.959406 3.3065636 
-378.8104 113.499054 4.695165 37.66758 7.195814 20.389307 -7.2994366 8.354221 -25.568928 13.350072 -5.391851 -2.268464 -7.0112944 2.7208319 -6.88183 2.5310268 -6.3066516 0.5417123 -15.446827 4.121586 
-275.00815 152.36006 25.664417 13.592785 5.061262 6.311247 -9.291815 16.757196 -55.335587 -6.164011 -18.345043 -19.265398 -0.9283562 8.192734 -0.071482554 12.025679 -7.9641714 -4.825176 -12.259541 -2.327496 
-315.10242 168.24757 16.471464 5.782407 -2.7646666 11.477113 -1.7424741 5.6699753 -25.298378 -11.820781 -6.4795437 1.8275511 -4.317951 5.2284083 -8.37464 6.9439273 -6.6104345 3.2037117 -6.584829 -3.2078352 
-281.83182 93.19778 31.889235 37.838253 -5.28313 22.158266 -13.32427 -1.857449 -30.808275 5.0636215 -14.11753 -7.03061 -13.7163315 4.930813 -5.591217 -2.3935518 -0.91127896 8.687123 -11.636331 -1.0211878 
-332.80133 118.600555 23.65874 47.79357 26.071669 7.335862 -5.216135 6.0611005 -21.820915 -2.3795464 -13.055895 -4.3436213 -9.831241 3.9172986 -4.9433007 2.2601538 -0.26674387 5.31674 -9.569557 0.7326867 
-331.41776 153.50514 28.181536 18.314922 15.272856 11.103588 5.1788836 1.5785266 -43.684364 -4.8406787 -7.8498783 -4.05282 -6.63002 4.10476 -7.1071763 10.412213 -4.840358 1.112042 -13.364549 -3.5951254 
-352.1448 146.13934 29.905117 20.453386 -1.8619657 9.703919 -2.689927 16.623583 -17.648067 -3.6857944 -11.8258095 -5.0002027 -6.301735 6.032662 -2.9120443 7.8306665 -11.180557 3.274912 -13.908486 0.57417023 
-285.6588 33.867805 60.89677 45.188274 -10.458856 31.575993 -5.2237616 7.57498 -20.76095 8.544865 -20.573715 -1.0112424 -13.734742 8.674669 -3.0346873 -4.133398 -9.46519 6.7945566 -17.155739 6.600617 
-331.2314 151.36342 19.858866 11.608334 -6.256184 15.305538 0.5577431 13.940602 -25.509119 0.63898754 -15.257795 -0.30994055 -6.312177 5.1578436 -2.1870432 3.404292 -6.845872 2.6060295 -8.5937395 0.25354296 
-318.31207 119.00809 57.849957 27.650757 -10.346989 9.987505 -11.193643 18.595665 -25.917372 -2.382369 -17.984266 -7.283103 -8.291139 8.940799 -7.1951575 7.7322407 -7.63688 8.855582 -15.213028 4.201287 
-284.91437 75.39229 32.572678 41.261185 -7.0721226 24.783455 -1.1892171 4.9911675 -53.343742 3.5315084 -11.311583 4.7442436 -8.178384 10.430725 -6.920211 6.0812135 0.10902892 12.561861 -16.601494 -0.9547619 
-276.39807 77.19455 52.56578 40.375935 -13.002094 14.094652 -3.7840483 8.048794 -29.24688 2.3440123 -25.99044 -1.1663781 -12.0601845 9.257199 -6.0210843 -2.1029027 -9.401863 2.647797 -18.96122 2.0629437 
-266.11356 47.745304 50.388653 56.273296 -10.973061 23.268776 -9.242312 11.812968 -28.795149 7.549228 -22.078548 -2.0704172 -4.043577 3.4390614 -10.275127 -2.0607271 -5.7588453 5.669795 -12.58143 -0.04298422 
-345.201 140.37625 46.2186 38.843426 3.9919379 2.3711824 -18.164734 1.8355157 -22.480455 2.733695 -9.738681 -8.843374 -7.1010222 -1.954977 -3.8461494 7.605099 -3.633104 6.9386744 -9.166724 0.13825525 
-316.40668 105.02315 61.233032 30.197945 -1.6484315 1.1506566 -7.1298456 14.274275 -26.158989 2.055994 -25.522915 -15.785488 -13.805513 4.197732 -6.5710855 8.367886 -5.10862 7.235006 -13.618556 3.5997624 
-313.91562 139.4754 28.541054 41.25388 22.610996 -7.4337225 -11.068479 14.909001 -42.457737 -0.52200294 -27.99866 -11.786643 -14.425446 10.227994 -11.763653 10.502788 -3.1835709 9.787006 -9.805195 0.27430737 
-317.021 71.77084 53.941322 44.40517 -1.0987508 34.45127 -13.68269 1.7916898 -30.174547 2.7865312 -15.497494 -3.5954428 -20.985058 6.815493 -3.3078032 2.7708416 -9.125122 9.750547 -6.340527 10.391273 
-350.5055 138.92412 30.398045 22.718172 10.031927 11.774218 -1.9161699 1.368993 -28.07805 -7.737476 -13.530704 -1.5944678 -7.497579 1.263866 -7.2208047 8.319697 -4.5806932 4.852928 -12.053142 -0.07589907 
-330.10617 129.48842 23.496778 43.034573 27.05848 8.339949 -12.508835 2.8394678 -25.462683 -1.2040783 -15.225906 -9.788151 -13.707897 -0.9820817 -6.661275 1.5258068 -5.2936306 7.587498 -6.92338 0.8903818 
-304.4486 103.38578 40.68374 15.088664 -4.5885773 25.245684 -10.847361 -0.13518006 -30.71498 2.6229124 -4.5586443 6.775786 -16.381153 6.9886456 -3.8424847 4.977322 -10.747223 2.2902663 -14.990211 0.5714873 
-313.36075 113.11281 45.39174 27.786427 -18.000084 13.429996 -2.9302485 14.500397 -29.443869 -2.8824224 -26.740396 -6.9025807 -8.293652 6.865034 -0.785061 5.919906 -4.0112314 5.2358665 -16.223427 1.807045 
-367.02405 150.82054 27.085619 19.74043 -8.853662 0.3826563 -3.6207225 19.817635 -17.726885 3.9975748 -18.556467 -4.078706 -6.9818726 16.643393 3.8117714 9.694458 -13.246342 -1.4666369 -16.261642 -3.7538037 
-346.99304 141.68628 24.806377 21.195389 6.826575 14.889271 -4.2549467 6.9622736 -35.530357 -2.4268672 -6.7837005 -1.6626216 -7.532503 2.8434243 2.2504153 10.711627 -8.692787 2.4417691 -13.683812 -0.3950689 
-417.6451 136.50613 13.787056 34.85024 10.752314 10.218544 -5.5026574 8.193014 -14.097787 1.0370244 -9.957512 3.9011621 -3.6078432 3.7942173 -4.7780423 1.0266513 -11.501585 4.091857 -9.297219 -1.5951525 
-350.48096 128.34799 0.8577453 32.068386 15.517768 16.785246 -10.783482 9.297463 -23.749943 5.779809 -8.406106 -7.457533 -11.07608 7.6193695 -2.126084 3.11648 -8.83001 1.3441845 -6.9985404 3.2465 
-315.0746 129.55292 27.367435 32.038284 24.42617 6.137485 -11.8539 9.858345 -35.816288 -6.321807 -18.858013 -10.997226 -5.8042483 3.285959 -11.417988 4.119547 -4.9936843 1.1092626 -14.502645 1.8746101 
-385.74207 137.85657 16.07811 34.026043 9.952335 16.99451 -5.6115913 1.0263737 -22.74292 1.4107221 -8.283466 -2.3650022 -10.265571 2.6857975 -3.9798656 2.5326054 -7.8958454 -0.49905008 -13.210399 2.8399649 
-354.05313 103.731186 -8.598488 32.864197 13.755117 26.061394 -8.92168 0.16209334 -26.87408 21.734524 -2.0724542 -5.6380577 -22.509743 8.272655 0.34358084 2.5529416 -7.214735 1.3049792 -11.025796 13.404814 
-314.84164 151.47224 10.493725 7.687851 -4.6262903 5.2730293 -0.0682275 18.762276 -25.938358 0.23554185 -3.15589 -8.007795 -4.8210163 8.042864 -7.1593432 3.4226656 -18.717472 -0.053061604 -11.202806 -2.7639658 
-279.59888 155.20636 43.001125 19.607584 -26.293047 -20.270512 -2.1069303 18.254898 -28.568233 3.4912605 -9.300805 -24.56184 -1.3164341 11.0778265 -12.899751 15.295622 -12.759958 4.515716 -20.083899 -1.0136331 
-231.9802 133.39052 5.095858 -9.559254 -13.085914 9.512785 3.6196675 2.3817167 -31.407349 -6.93271 -5.9059277 -4.7500362 -14.968061 2.3179538 -2.7924588 6.238855 -14.028986 7.7779226 -13.6313925 2.4412668 
-252.37323 95.44639 38.620796 26.195772 -3.692705 2.6021786 -7.1678686 -12.651668 -49.61839 9.092518 -9.959286 -11.292176 -11.439951 2.8458984 -1.0640588 6.6739707 -9.335636 5.484971 -17.698616 0.72146827 
-259.1341 121.54764 44.30286 29.220829 -8.454447 -9.848289 -11.673088 17.268553 -48.15253 -4.406066 -24.99973 -18.360054 -12.545963 -1.765464 -13.418667 10.02367 -1.7091235 5.2359433 -6.7589774 -3.3248663 
-293.54996 111.6043 46.982918 44.724167 3.4885724 14.292326 -13.6248255 -1.1196027 -41.0598 -7.7807183 -15.955 -7.670044 -13.794878 2.112336 1.4436778 8.537823 -1.9892466 6.6411777 -6.4842114 0.30317426 
-314.6097 143.50517 24.734295 22.124443 -0.4987019 2.204198 -6.334806 18.640045 -54.55831 -10.979099 -7.3550777 1.8695121 -0.034776848 16.225021 -7.019308 6.3538175 -17.79879 7.2188864 -12.146288 -11.740987 
-314.60175 156.78636 45.86527 30.161604 -2.6937623 -3.9117823 -6.451525 16.638887 -44.17976 -13.85935 -21.665958 -18.127878 -5.2762146 7.336573 -4.463476 9.699302 -4.7664957 6.924934 -12.734333 -3.536212 
-246.38086 90.83336 24.165733 44.7486 4.206312 7.996111 -10.716676 1.7676599 -65.65415 -0.71256787 -7.468504 -17.483559 -13.250359 0.62176675 -0.8593406 2.5699086 -8.531976 1.5992169 -5.980844 2.963903 
-228.05566 44.73453 69.8234 40.52028 -9.344562 27.802986 -19.528715 -4.739119 -39.03512 1.2260984 -15.509332 -4.8832474 -26.532465 5.448313 -3.479174 2.6343033 -5.7745714 5.0488524 -9.306278 9.297709 
-274.37317 127.05949 32.172962 10.090246 0.50106454 11.27863 -7.0920286 13.38113 -42.866074 -10.0053 -16.13096 -14.381748 -4.79323 -0.14916259 -5.784914 6.3373747 -1.8806567 2.1858969 -5.1044245 1.3426585 
-335.33585 135.17068 30.74273 51.071674 26.336042 -3.1135778 -9.844775 7.1184583 -31.514242 0.13777511 -15.421675 -14.646818 -8.542132 -2.352904 -15.778499 -3.6541033 -4.995184 0.632204 -10.306011 4.4770026 
-389.9053 125.96802 15.419132 48.067734 14.105889 8.3557205 -2.1602352 15.811886 -22.09143 9.44165 -12.742652 -10.580639 -6.7254934 1.2130151 -13.237737 5.3633943 -3.490381 -0.58324313 -13.84212 0.534503 
-315.06982 116.3728 15.852315 17.00927 8.882738 22.794674 -0.17142847 1.2326722 -34.894302 -8.309299 -5.503029 -3.4272964 -8.751575 -2.2091331 -2.103764 3.6168768 -7.1866684 5.9872413 -11.750186 1.0554073 
-200.54193 125.51054 20.644798 -6.5327544 -21.667181 14.092529 -2.8445926 5.209721 -29.139801 -9.902936 -4.7402716 1.9849086 -14.345612 8.328279 -9.983039 2.880397 -16.716946 3.231472 -12.115963 -1.2682426 
-247.19029 130.68349 24.288836 9.762473 -8.578311 13.537996 -8.175491 7.499418 -26.44676 -13.168845 -9.642333 6.3025837 -8.929045 2.6302006 -8.40207 -0.5155202 -10.670178 4.064032 -8.362545 -6.770683 
-338.5767 142.57666 28.022966 28.445492 -5.3399086 12.027797 -7.4730854 4.359752 -23.855694 -1.9562787 -12.490851 3.857249 -4.279192 2.4011145 1.0247674 1.6893548 -13.227969 -0.05107493 -6.432088 -4.264609 
-340.31604 98.615875 28.749142 26.382534 -3.521462 25.586525 -14.605488 10.679763 -25.536018 7.6312537 -11.217332 8.731835 -10.542543 4.5402317 -6.8706737 2.9833117 -9.941528 4.59035 -8.904796 2.5581522 
-321.4239 149.13966 28.130804 18.616825 -8.618435 27.539892 -4.4524393 10.823647 -32.753925 -3.2789032 -9.085957 7.173753 -5.5345664 2.787645 -3.5905843 5.06481 -8.453556 4.214946 -11.749483 -0.6291878 
-288.302 156.18454 17.411034 9.056837 -7.677291 -0.42572436 -1.0760922 8.201013 -32.671333 -6.9779053 -11.857166 -6.1084857 -1.08838 5.127814 -1.5016289 8.376442 -5.5026503 1.6728997 -13.452747 -7.63158 
-290.11365 139.9452 29.556868 29.328081 18.739733 10.478941 -11.928299 -1.0125196 -32.444904 -3.4090004 -14.983893 -9.675531 -13.464565 7.7437506 4.860212 8.390376 -11.2309265 -0.9251176 -4.353015 -1.2796249 
-352.36713 139.57668 41.559006 48.684155 24.012398 8.787144 -13.377746 6.240085 -32.788982 -2.0685167 -14.628784 -19.390942 -11.401287 7.2932205 -3.837435 3.3320374 -9.033077 8.146546 -14.814046 0.65580815 
-281.43518 47.88106 56.54617 49.10717 -8.909372 25.928013 -8.724416 0.4693024 -25.557106 2.853689 -15.712309 0.38889 -17.424026 2.2822766 -3.9827228 -2.6167898 -3.2456074 3.963665 -14.860613 5.9628305 
-316.55185 143.84398 23.559156 25.811121 -5.158132 10.11529 0.6469468 8.821196 -33.682507 -4.8980274 -13.354071 -3.8888054 -8.390964 8.578659 -4.043587 3.786819 -4.995727 -0.2843966 -12.539601 -2.1151686 
-290.4069 117.95695 44.748634 13.070278 -8.188831 12.372472 -4.0569797 13.026335 -36.50865 -4.8474903 -7.3278646 -7.620318 -9.657909 14.148073 -3.297107 9.248814 -9.278627 1.5079364 -17.856226 1.5519309 
-347.5884 142.99057 3.8548076 42.122364 23.580492 -1.9964926 -17.92213 4.225635 -31.1138 0.30478346 -6.318683 -9.390453 -9.257024 11.267475 0.047787137 6.4808474 -10.812324 5.875273 -5.29925 -4.9078426 
-396.9336 118.834526 11.025742 40.424465 5.853848 14.154885 -6.8040066 7.915427 -17.991741 10.179919 -8.3684025 -0.5922538 -10.136955 4.9801126 -5.659785 0.80374813 -8.758562 2.7830613 -14.704381 3.0700455 
-309.37158 138.64139 18.30268 21.358196 13.379944 14.061704 -6.899158 2.1474261 -42.59729 -3.7833874 -1.2893723 -3.8999262 -11.891865 1.1148447 2.1900737 14.473628 -13.752543 -0.3070494 -9.452653 -2.58657 
-329.2621 158.59146 23.497215 17.895985 11.634525 19.16138 -9.164165 2.266529 -28.158445 -2.3366892 -3.0843801 -2.1504793 -12.021202 0.15014686 -3.2568872 7.5263705 -9.527949 1.6894027 -12.4679785 -3.316657 
-345.10782 126.42993 33.842464 35.980946 18.619558 13.906043 -10.09172 10.304448 -25.221584 6.4961977 -8.449918 -9.968238 -6.316352 5.31987 -11.244961 -3.1743002 -10.255665 3.0483122 -11.858371 -0.9151336 
-362.0159 127.70326 18.399399 49.24431 17.73867 5.9633427 -10.430063 3.7050705 -26.203363 -2.76997 -12.586467 -14.033746 -4.325941 5.149583 -6.459587 5.6123238 -4.2199454 7.7832446 -7.786726 -4.4718533 
-314.16122 70.13158 35.919266 38.863117 -2.6610146 20.273457 -5.8057575 9.237135 -26.592127 12.457201 -15.441433 1.2210753 -8.8495865 1.9906799 -4.1101665 -0.30890006 -4.106926 1.4155991 -9.85798 3.4821968 
-244.7727 118.00761 19.241875 39.606384 24.485437 -8.936549 -11.874203 4.6590285 -37.923843 -11.186632 -19.673187 -14.29681 -8.984447 -2.440068 -9.492848 7.7773113 0.99237275 3.7690685 -2.5662215 -1.956185 
-262.4884 38.300484 49.70264 36.37998 -3.7788649 21.466925 -6.683364 17.26711 -38.875618 11.1252365 -16.10053 -5.5232573 -8.311632 4.3198967 -6.3057437 -1.5495281 -2.9151044 7.128067 -11.060772 8.211547 
-274.83334 140.53046 29.34933 23.286907 -1.1810107 1.9540582 1.9304996 20.096628 -61.84322 -15.598543 -12.343923 -10.173997 -2.4456172 8.319461 -2.1570807 9.729968 -4.108495 8.013348 -8.11988 -2.752653 
-341.23724 88.4873 54.924896 24.549019 9.637075 13.034855 -10.53207 7.224026 -17.844618 -0.033438366 -12.8779 5.6519113 -11.574498 0.29241493 -8.775181 1.1839976 -8.076434 5.022787 -11.698288 3.7108774 
-292.24344 93.24596 18.356276 16.360031 -5.0137415 23.831535 1.7751836 6.562132 -40.224983 0.579325 -10.278559 6.2007 -8.193165 4.0840096 -3.9758937 1.1096607 -9.534844 11.814928 -17.133713 6.872486 
-217.47246 132.691 20.084103 -4.8265705 -17.9833 16.37132 -1.3808463 10.209581 -29.695408 -7.954713 -9.886677 9.038181 -11.752383 11.111874 -12.416677 -0.91520053 -10.013821 -1.4227707 -8.269005 2.7209697 
-222.69574 64.83589 40.371662 32.163326 -23.250479 19.325487 -10.951478 20.746113 -40.298515 3.494701 -6.2254066 -5.6848116 -3.610338 11.842323 -3.9131207 -3.1213233 -7.168783 6.1871724 -16.853386 6.5233207 
-268.4454 136.94655 27.19593 28.093071 -4.382406 14.5660925 -12.832797 14.86301 -42.615253 -7.7203197 -14.438727 -13.535817 -0.77099174 8.234797 -2.4145494 -0.8856446 -9.246329 5.337057 -4.9754386 1.4648482 
-266.439 81.2792 59.27442 21.810581 -17.924797 17.124172 -6.7339454 8.27368 -26.066933 -2.4311311 -16.484684 4.3060055 -2.9399066 11.03945 -4.636957 -3.1849003 -9.307166 3.1882782 -11.04288 7.1179104 
-266.2177 47.579655 57.41379 53.13215 -11.250234 34.101665 -7.2054987 0.8482895 -36.0478 8.759461 -24.22382 -2.959609 -17.002602 1.8867681 0.2189216 0.37373254 -11.576767 3.9941912 -14.57872 10.030076 
-293.3258 140.2072 16.32617 14.094618 -0.08080631 21.145786 1.760286 -2.8247998 -36.62707 -4.3942957 -11.30461 7.345494 -3.591738 9.550854 -1.3320699 8.144399 -6.440161 -1.4465493 -12.614661 3.4180157 
-306.23206 176.29022 -20.136406 -0.23750496 -0.7982051 19.674286 2.4414837 8.053761 -28.059181 -7.6371493 -1.3271644 -0.58957464 -4.9458656 5.0035257 -16.743414 6.2625456 -4.6931515 -6.9302373 -6.333939 -2.5165067 
-308.94458 148.25131 37.781624 13.483356 -22.646406 -9.080685 -4.3752427 26.341475 -18.054022 -5.2380905 -8.861037 -11.093077 -1.8481342 1.6487541 -1.6885133 4.0042706 -12.108888 3.2093284 -15.52418 2.8654137 
-282.2286 86.564766 43.98653 56.07339 -3.368417 13.054634 -17.233648 -0.21196233 -27.825895 0.51187885 -18.962961 -2.511894 -12.9328 3.6530766 -3.2665453 -4.1120143 -4.3747168 6.544531 -14.625768 2.2366595 
-293.29965 63.69547 49.507095 48.64637 2.521945 25.190186 -19.54473 4.0047326 -21.745428 2.7332926 -20.850468 -1.9659907 -14.789454 10.7852955 -2.8025944 -2.0446532 -3.798723 9.407009 -10.56811 4.4117565 
-320.74326 84.02709 35.809566 57.246113 13.07273 15.616902 -18.913343 23.527494 -26.977001 5.655237 -11.401837 -11.039866 -9.371324 1.2266436 -3.0120957 -5.584795 -4.2176075 3.2443204 -8.064976 7.1849117 
-316.06622 84.605034 40.522034 48.673786 10.313149 17.364384 -11.460455 6.7668667 -22.933662 4.353341 -23.018124 -7.661209 -12.203681 1.621087 -6.3743267 -4.499399 -8.022565 6.8899555 -9.380427 7.584856 
-305.91595 140.48816 36.679283 17.260912 -21.4867 8.857201 -9.619549 11.182374 -18.222683 -1.2027493 -16.601028 7.370275 -9.532606 8.2747 1.4514855 2.5336826 -8.917842 2.3819695 -12.959771 -2.4990115 
-308.83984 89.575836 55.610428 12.192572 -8.111021 20.247168 -6.01462 12.901302 -25.02341 -1.0205184 -15.676771 4.350527 -9.536169 12.811176 -1.6967742 2.8128462 -7.3065405 1.9747691 -16.417881 0.6710825 
-381.63553 132.9752 30.80818 21.727808 -2.7570279 9.357437 -4.754839 20.777552 -13.451141 8.86113 -15.546009 8.155237 -6.590832 9.925958 -6.52723 7.0428524 -8.78535 0.5805569 -12.14156 -1.4212972 
-359.76047 135.98395 2.9235666 25.637918 14.101152 19.37307 -10.094383 -1.4883624 -16.137173 9.519315 -9.00993 -3.0776484 -9.505836 4.8697424 -2.129048 2.744339 -4.755129 0.28298962 -7.578716 2.3611832 
-266.94177 104.584015 53.361946 14.548645 12.4408455 15.798771 -25.263239 6.3169613 -24.151707 -2.63435 -15.235012 -5.7387576 -4.534499 10.557035 -6.4723706 3.8497806 -8.007402 8.796166 -12.922916 -2.0087304 
-300.47012 63.94572 40.236557 48.07289 0.8672149 17.44355 -9.9873085 25.858782 -34.917423 8.947582 -14.861492 -9.19256 -11.944618 10.465456 -2.4031475 -0.5448637 -4.1431065 4.8676314 -6.4528155 4.8545036 
-360.35318 126.54224 29.856564 46.01789 24.860344 19.797039 -19.598808 15.888757 -20.96053 6.8684163 -21.524126 -10.3451185 -11.660183 2.868436 -7.0994663 -3.5451856 -7.203659 1.3366331 -4.466785 4.06589 
-384.67975 145.45013 18.751867 26.381844 1.0884032 8.805119 -2.4286633 12.535285 -14.373661 -0.24540901 -10.621433 3.3971546 -1.6639718 4.533964 -2.4793825 7.0213675 -8.261099 3.520446 -10.076027 -3.0665731 
-309.254 91.66593 44.396084 34.141766 2.2915084 27.283232 -13.024699 1.0612435 -18.378319 4.2856884 -8.314983 3.0432138 -17.738712 3.5430183 2.1658132 4.998008 -10.471588 2.1853778 -8.835166 -0.08731021 
-327.7036 117.08995 36.404205 36.617855 17.219532 19.590544 -8.0335655 3.5271733 -36.77618 -1.1142819 -11.526643 -6.81871 -22.551907 2.2698286 -2.1840594 10.909917 -13.721691 6.2076354 -12.764649 6.1195307 
-317.0307 91.42827 54.192326 29.236294 4.551462 7.4745383 -1.3496709 13.598721 -32.342148 4.5587945 -28.616661 -2.482305 -15.036277 8.771376 -7.4617987 10.20079 -2.8202794 8.1622715 -13.002778 7.4823585 
-369.48938 135.94371 12.909891 51.747116 23.956089 -5.8683796 -14.184963 8.162782 -22.181225 1.2920488 -19.101765 -7.3163157 -8.200499 7.824423 -9.264936 1.7761643 -5.686843 7.0715737 -6.1833982 4.3325925 
-435.69547 141.8871 8.533548 41.45229 9.59173 11.770043 -5.097603 13.879841 -10.95747 10.574047 -7.8322697 1.9894009 -4.643726 3.694375 -7.078413 4.6649323 -8.649227 4.1019726 -8.87261 -2.9561727 
-430.39166 141.56534 11.099269 35.81496 9.5660925 11.067281 -10.000319 7.7677813 -15.841529 7.3855314 -9.661467 3.3685162 -2.9161458 1.8950188 -7.026801 7.2144623 -11.653854 6.955877 -5.520343 -0.59001166 
