-379.50626 153.33807 22.875315 36.27325 5.149671 -7.965461 -5.396636 3.6567578 -22.153013 -3.2703059 -12.883826 -5.0879564 -1.4818313 -4.4452963 -4.780141 5.109961 -1.9151456 4.305243 -7.4949284 -3.7735987 
-256.9368 133.9461 -22.78991 32.10293 24.851166 -11.065372 -12.807301 -23.584656 -36.142258 4.785412 -1.4686064 9.7778225 -16.810595 -7.434252 1.4461656 -2.4047103 -18.617496 7.4626746 -16.269035 10.304914 
-203.672 151.49037 -39.276382 0.08464792 -3.0400858 -14.470612 -14.414219 -15.230006 -34.6137 5.4514465 13.236119 17.907173 -21.86663 -11.048544 -10.643168 -9.8892145 -10.881107 16.139153 -12.116024 6.6532636 
-289.596 151.10869 -2.4678073 28.677155 23.129019 0.84742284 -17.971474 -19.769793 -36.334522 -3.6856716 -13.65019 3.8385706 -4.1397543 -5.062841 1.0833517 4.411501 -13.859775 4.1196795 -7.8614655 8.013107 
-278.2445 133.48036 19.230433 18.391062 4.028467 4.7989235 -17.151527 -17.098402 -29.740105 -4.731563 -11.35223 4.2878137 -0.2531023 -5.2931886 0.24707073 0.8717105 -23.513096 7.0441613 -10.842841 2.9171941 
-298.69684 168.52014 -33.340054 24.777592 15.790239 -2.232384 -6.957016 -21.84232 -25.941399 16.012678 -1.0111074 18.095984 -4.5815387 -20.380611 5.238351 -1.353778 -26.895267 16.660175 -10.815832 -7.902537 
-304.52048 83.06909 46.9442 20.474941 -1.1542879 25.323343 -22.646582 0.54382515 -27.538029 10.221224 -13.303154 5.429982 -12.863261 -9.094451 -5.118131 8.222394 -22.366652 9.044227 -12.700448 0.54874504 
-346.76984 131.69615 11.295247 43.139446 21.138945 9.422304 -11.378269 -11.488555 -28.019964 3.8777628 -21.505112 -6.689319 -11.467917 -12.058631 4.5217547 4.652941 -25.440804 9.656506 -4.209323 2.1444826 
-314.50253 172.5639 -12.479562 13.265653 -1.6412026 -22.983107 -9.549082 6.8722444 -16.030165 0.41954973 -9.864799 13.751871 6.208268 -13.24007 -10.168844 1.6124083 -20.929388 7.5218744 -3.7625809 -2.1584752 
-299.82532 170.42912 -0.99237484 12.972425 10.18692 -32.783195 -26.224174 20.548119 -14.832601 -12.071031 -5.8014655 13.689868 -1.6415136 0.5936271 -6.2759767 0.7221089 -21.046461 0.16513453 -12.209284 -0.77597016 
-337.86087 129.4156 10.6594 49.727688 24.849022 -3.4108121 -9.937543 -3.662379 -14.271175 4.619532 -19.664314 5.571266 -5.9287944 -5.5218024 0.25377166 6.979849 -11.524467 6.296975 -12.615226 -7.3508496 
-307.51804 114.828804 16.70061 44.323532 6.991856 6.3880877 -9.731879 0.6559767 -30.736044 -1.8714385 -21.88412 4.003036 5.397003 -5.1944437 -2.0605798 6.7970786 -18.58713 6.5747724 -6.151227 0.19868702 
-309.7819 112.08431 31.126932 32.14278 3.3244503 23.902681 -20.775208 -10.224372 -34.95907 -5.4177403 -13.195452 14.648163 -4.2672215 -9.312549 -7.8421216 14.446426 -13.272444 3.4229949 -13.846788 4.9673667 
-307.6121 105.700226 24.750093 42.006878 12.796923 14.796581 -10.564176 -8.82689 -32.585636 6.4297676 -19.133636 1.4563303 -5.0250645 -13.802272 -0.93241185 14.468782 -16.636814 6.7633905 -10.119854 5.793588 
-334.67743 125.24977 36.8187 48.66055 11.90147 0.9205407 -4.0249734 -12.185793 -21.620628 9.503968 -21.700972 -5.998595 -6.895182 -6.721725 -4.7979193 6.999229 -16.567509 7.821337 -14.49155 -0.82882065 
-300.8136 127.82418 -5.306407 57.158028 39.195965 -16.744987 -9.28357 -9.710564 -23.662613 11.800614 -24.930676 -3.1205523 3.8774571 -1.0347712 3.519251 8.605647 -19.222363 15.17916 -12.940298 -3.9631314 
-343.87253 83.64896 36.881474 43.695072 1.3571619 16.288704 -10.706783 4.3191886 -12.160499 10.602044 -13.205279 6.55194 -4.592392 -4.2819576 -8.946131 -0.5384556 -13.1654415 8.607482 -11.894054 -1.7594113 
-318.39343 97.47254 36.48628 56.676907 7.2233863 18.223354 -21.198492 1.1692411 -21.903603 10.284504 -22.42401 -4.324692 -6.204873 -7.517879 -6.87176 0.83205533 -20.678604 6.2619114 -11.7756815 -0.14153163 
-298.11047 112.859406 27.099192 33.967285 18.037333 20.637661 -16.107527 -8.526083 -34.315315 -3.1970966 -20.032497 1.5557297 -11.5495615 -15.402832 -4.706937 17.869303 -10.243635 1.6402471 -8.122586 3.2065382 
-349.05734 121.94992 28.965393 31.220388 14.051091 16.726454 -11.838065 1.5561956 -18.46721 1.2951446 -14.792319 -1.7455301 -9.254177 -5.5395093 0.4898457 9.588299 -14.71458 4.4247193 -7.7793274 -2.5174503 
-279.32434 149.57619 -28.626085 30.975145 31.465342 -4.948531 -24.774162 -22.077465 -26.850504 10.386254 -15.762887 17.5277 1.8828646 -17.262466 8.461926 5.145092 -31.084076 15.044896 -12.307374 -4.329921 
-392.3113 139.49007 14.297202 38.34575 19.058693 8.381679 -15.411185 0.5821811 -14.835682 -1.3978074 -14.380323 -0.4555248 -5.8092904 -0.2715999 -4.2340307 2.8156786 -13.196827 6.827034 -6.096192 -1.3179381 
-345.15903 170.22112 2.2303772 20.3148 7.1820774 -13.702531 -19.224585 -1.1177436 -13.584006 -1.3262666 -10.578489 14.607995 3.4780464 -13.908373 -9.29049 6.383243 -17.66886 1.2860013 -3.2683308 -0.5191357 
-290.93198 167.78842 -15.513112 11.501199 12.830067 -0.9929995 -16.47385 -5.086277 -18.47627 3.6237128 -3.5466309 19.452644 -4.3406873 -21.33573 -9.772247 0.58192986 -16.043003 8.55545 -8.146656 -3.7078714 
-271.87457 173.79297 -47.14119 12.789556 26.186352 -11.999251 -29.054962 -7.27223 -13.944034 7.354238 0.38496822 26.33643 -3.7740626 -22.282633 -3.6321344 0.30985382 -19.619364 10.784031 -9.330825 1.8418653 
-339.9305 131.01196 32.684418 41.562935 8.383991 -1.4768173 -13.322365 8.651353 -21.11493 -3.5477734 -22.27088 15.049452 -8.891029 -7.5301614 -5.9050574 5.9822426 -16.842987 8.506454 -9.825597 4.382555 
-358.73743 169.4796 17.04884 32.614845 11.349641 -3.66131 -16.84283 -4.398173 -28.02831 -9.969066 -21.048925 8.573513 0.97465205 -3.1203384 -5.744142 10.205678 -3.7003984 1.2113919 -9.333524 2.9750643 
-342.4901 154.20207 0.5568815 22.127851 10.721116 -4.1378407 -11.133066 2.4275165 -19.079214 -7.2134094 -15.676553 10.490678 2.3988855 -10.146412 -12.808672 0.5509012 -17.981735 4.3209305 -3.356857 0.13856119 
-279.4845 157.25287 14.289333 17.300396 -17.988136 -23.232218 -14.767303 7.0834007 -14.313799 -4.6968594 -0.18227349 1.1736041 -0.116235815 -7.436302 -3.6612308 -2.07098 -15.657286 6.869738 -16.32087 1.5125128 
-302.76382 154.37114 24.80411 23.615429 -12.984802 -23.316492 -14.394957 3.1357975 -24.504309 -8.681258 -4.5264425 -8.563688 0.46130806 0.14185916 -3.048152 -2.820357 -9.623432 4.4739103 -16.840294 -5.6224422 
-268.72275 125.72501 -12.991439 10.649214 15.100335 -3.8214197 -17.50716 -14.006493 -30.926073 8.1256695 1.8268293 18.380978 -4.369154 -16.583899 0.12355518 4.901309 -28.976864 14.547263 -15.00616 -4.9050694 
-260.92444 139.96408 -34.259457 35.051888 26.076056 -8.333145 -15.156093 -21.40041 -29.104801 21.381653 -5.544929 7.43573 -1.9529512 -11.781086 11.876448 -2.4349556 -32.079636 18.241425 -13.397489 -6.762788 
-383.6444 120.76503 11.9263525 42.586433 11.993611 9.201372 -5.534892 8.091937 -9.411987 8.027639 -17.22671 4.8893833 -2.9244456 -0.602017 -3.5920858 3.666766 -12.406534 7.5032067 -8.791748 -2.7236822 
-402.52594 115.27494 8.022268 45.78312 9.721175 16.22988 -11.524129 7.4031897 -9.534349 13.457731 -18.313316 5.4535685 -0.81251204 -6.201822 -8.235752 7.900428 -15.173039 7.2109647 -12.1900625 2.206759 
-427.08408 134.98944 8.868069 36.771324 11.978974 12.093488 -7.064906 10.656826 -11.319245 5.8686924 -12.827503 2.9696894 -4.2248387 -1.3713512 -7.870212 5.305414 -12.413406 5.7540693 -9.741679 -1.0192187 
-405.35825 144.28088 12.736122 35.88673 16.664131 4.6345053 -10.466965 6.6613464 -13.563159 3.7235918 -12.331174 0.114756316 -6.2270045 -4.0976486 -3.1838472 1.0456469 -10.549563 -0.9768836 -6.414136 -2.2876444 
-313.78604 147.17068 1.3524079 27.492008 34.55023 1.3689109 -23.763083 -17.266012 -20.69616 2.5566607 -19.216759 3.141311 1.7222673 -11.542524 -0.5115099 12.010214 -14.421729 2.6531148 -8.527307 1.2376331 
-302.28287 92.49269 30.686153 38.665432 4.0216594 15.633979 -14.45796 2.0355244 -34.439663 9.967732 -14.56161 8.753588 -0.2543136 -12.010866 -3.9408684 12.959654 -11.044796 11.413798 -14.839359 2.6684885 
-273.61356 108.021385 49.538677 40.94307 -16.655079 -5.0307813 -14.673323 0.64350766 -42.516403 3.1132796 -19.318787 -1.9725538 -2.700161 -1.5116838 -3.624146 1.9346471 -11.66238 14.47855 -13.034385 1.7900802 
-284.91464 111.806854 7.63679 49.761555 18.15134 11.661354 -14.799225 -15.107427 -45.379776 0.3031991 -6.2212005 2.3030524 -11.955629 -9.9848995 6.4521017 8.433492 -19.164986 5.413267 -12.3685 1.4916215 
-294.82938 91.33157 50.68297 32.505016 -11.87952 6.120901 -22.325779 -1.5286375 -29.938097 1.0978923 -6.9684277 4.005148 -5.978397 4.842306 -5.0655236 5.254244 -9.059483 6.142439 -16.446327 -2.6107798 
-285.1483 123.05099 23.010258 22.42259 13.344416 1.2228018 -22.647827 -12.73738 -27.039122 0.39229214 -10.79965 0.9115966 -8.872113 -1.0733354 -0.050872486 5.8107777 -16.18169 1.8416451 -11.585151 1.8049359 
-286.91446 155.68816 -24.586157 30.099644 22.77401 -5.7711186 -14.287166 -11.821735 -26.29156 8.9199505 3.7386465 15.021725 -7.6941886 -13.650355 2.9669719 -3.1441412 -19.462492 10.164522 -13.410902 -5.537917 
-293.63104 95.689095 27.40058 31.475637 1.4570062 20.344873 -24.711971 -3.6771486 -21.284615 4.038483 -5.2224917 6.0952125 -12.321194 -6.582827 3.2642844 0.8580422 -13.349666 5.193501 -11.38757 -1.9446131 
-350.10123 146.24446 25.226954 40.402092 21.655184 2.5000334 -18.309792 -3.0997097 -19.572664 4.557304 -18.811218 -5.75033 -1.161162 -7.2041755 -8.855465 3.710133 -5.505739 -1.1642609 -3.3331537 4.3308735 
-334.98193 168.43729 31.317152 33.263134 5.2089987 -17.543892 -19.317142 0.49507734 -17.890755 -5.810795 -15.309899 -1.0813317 0.8886908 -5.6739545 -9.146988 3.5497704 -10.435062 0.991113 -4.2304 1.5932498 
-322.98947 149.19366 26.960499 32.458633 7.185061 -8.751904 -16.85908 2.251306 -24.719566 -5.3776765 -5.3523297 0.41579348 -5.2981887 -4.6406403 1.0123904 10.314739 -9.218443 3.8704894 -10.087715 -3.6184316 
-276.40613 132.95929 -17.676704 38.198746 32.48158 -16.258522 -17.498219 -12.022366 -31.748627 7.556962 -10.685635 -0.29389465 -4.1751995 -10.816351 7.899458 3.40116 -24.691168 12.250496 -11.156222 -0.5818367 
-372.39984 121.57091 20.575113 39.878185 12.762994 8.391735 -10.34692 1.8841869 -14.88364 6.3585534 -14.407854 2.290022 -11.483279 -6.645299 -6.2894144 1.6588287 -7.9130816 6.7701664 -10.614676 -2.1407824 
-281.61768 164.76189 -11.551629 30.88579 23.56009 -8.002327 -16.529879 -12.654612 -35.252 0.039459758 1.725815 14.030489 -10.982803 -16.056116 9.162955 4.3918643 -22.36672 11.037309 -10.49361 -3.14993 
-296.73697 186.90395 -17.726723 10.179248 10.132341 -10.667273 -16.399199 1.0368372 -22.143324 -4.8975315 7.0291877 26.729544 -1.5072403 -13.795167 -7.609536 -6.8732896 -19.13211 9.968007 -6.048476 -6.4767814 
-336.9279 125.002686 20.544773 36.14055 19.856041 9.989655 -17.724575 -0.9284581 -24.819735 -4.9071784 -4.839408 11.887519 -12.14384 -8.8811245 0.73980165 10.380755 -15.120758 0.78397346 -5.3982472 1.9563332 
-334.9066 109.14393 34.755524 37.667908 8.5097275 15.960591 -18.882055 -3.8711255 -37.004135 -5.7199106 -14.895185 14.101361 -7.0780296 -5.599786 -8.001416 11.343266 -6.078704 5.955683 -9.737076 0.2555649 
-389.87607 139.48286 11.264429 34.908516 13.388233 11.146109 -7.4855313 5.148447 -19.294388 7.17286 -16.373789 9.112936 -3.2453542 -8.0570135 -14.191051 7.915102 -17.138437 3.4265072 -9.909746 -0.41463232 
-320.85355 145.73956 -0.9570069 36.010723 6.6968136 -4.0030766 -7.55398 5.04809 -43.079372 -9.119147 -7.848164 13.729845 10.06127 -6.7024293 -7.16235 3.4708402 -20.734198 8.233153 -11.429722 0.9877608 
-334.8485 102.60243 10.354975 49.996258 28.379826 -2.9228938 -13.866989 9.700779 -23.31652 8.691457 -26.097504 -0.7311765 2.3378592 -4.3811646 -9.714382 3.4166691 -13.631694 2.1222208 -9.191871 -0.5247579 
-327.69348 127.57887 5.6057224 59.843864 31.760376 -7.4183316 -13.753478 -0.6038151 -19.321486 6.3654656 -23.246077 -7.384868 -0.94343865 -5.9949265 -4.692293 1.7850851 -12.1590395 7.1203046 -15.06723 -3.0941687 
-338.98425 87.22314 41.706684 36.764206 16.989365 11.169531 -17.387688 6.5816 -15.677555 3.1973164 -23.88469 0.75737345 -3.2747633 -6.6666017 2.323374 5.640896 -14.377045 12.294235 -9.0273075 -1.2576243 
-401.86453 130.98628 19.17736 49.39181 17.603615 8.254767 -4.0765734 7.990911 -17.812038 8.497093 -20.015652 -2.972085 -6.527933 -4.314066 -11.736518 1.8225398 -10.321677 5.4194865 -12.653679 -0.9747982 
-411.46255 123.42866 19.8377 36.033966 9.888793 10.119137 -7.06973 12.575044 -13.037809 10.185451 -17.594242 5.1715903 -3.6854613 -1.3630682 -12.01057 8.635713 -14.629734 3.676885 -9.263402 -3.4424894 
-412.99622 122.540146 22.598337 36.513535 11.623554 10.28389 -6.092775 10.423839 -11.751347 10.045952 -16.008097 4.2029495 -6.739309 1.4659048 -10.307096 4.6915183 -11.825214 5.800455 -8.187868 0.536221 
-390.40244 142.8288 10.713596 26.718 10.701252 2.6986966 -9.447286 6.763351 -12.482647 6.6548405 -5.563171 8.923488 -4.7050056 -7.949468 -12.158202 2.1412506 -11.502555 3.628491 -9.442449 0.8839951 
-357.64658 168.31705 13.855419 23.188784 -7.6736507 -9.017283 -13.4974 14.75561 -12.674899 5.326162 -0.86665475 4.1238923 -0.26335642 -7.884612 -11.14159 1.9504822 -13.4080515 8.217762 -8.969844 0.98844707 
-385.9846 156.00995 28.535776 34.71868 -1.4153565 -8.50308 -16.945587 6.549435 -16.596733 12.492718 -4.012544 2.2693975 -6.346056 -3.420418 -13.881478 3.8127158 -11.827013 4.755163 -13.054788 -2.8344018 
-345.7365 141.5398 3.5521922 17.751305 10.603518 3.6374996 -12.511407 4.2384725 -16.895773 10.495835 -3.1486826 16.170908 -7.8652844 -12.620452 -9.712649 0.6151278 -15.564911 10.219067 -7.2577724 -5.9896283 
-337.92148 143.4895 20.944405 27.57482 6.895793 12.508769 -16.843988 1.5303553 -21.950361 2.8044906 -4.3482623 11.767244 -8.335905 -13.329545 -6.692056 3.8794458 -12.2936735 8.0128565 -9.125558 1.0583049 
-384.9249 109.27991 37.877396 30.91315 11.179866 15.439711 -9.868417 16.334185 -10.808548 7.6336093 -14.850352 9.704751 -5.8633213 -0.17692068 -7.863848 12.026203 -17.52896 7.18091 -17.214535 3.6685917 
-399.31482 142.30229 5.627667 32.62359 19.06849 13.300671 -8.867568 6.446107 -15.0633745 8.563645 -9.39839 11.278268 -3.550784 -9.151327 -11.109673 7.5271378 -15.045429 0.0706289 -11.380021 2.6602871 
-425.33765 125.57132 20.835764 36.312527 14.477291 11.485444 -7.66522 14.056049 -11.904499 9.274377 -13.538248 4.966566 -6.5643654 -0.083031654 -11.628852 8.122821 -8.717844 2.8378577 -11.241117 0.08454459 
-431.70602 138.97594 13.144062 36.785366 11.080012 10.924362 -10.877166 10.687619 -12.353809 7.0467725 -11.469006 2.2886827 -6.929922 -0.7466097 -10.476028 4.7352247 -5.6075387 2.540429 -10.509346 -3.6401553 
-514.5272 137.01805 23.316034 33.65914 19.216057 12.607325 -0.7096726 10.676336 -8.715635 10.153694 4.931525 9.759554 2.356447 -8.538513 -4.8712845 1.982799 -11.84227 -4.2140403 5.921507 2.998498 
