-428.67178 152.95116 11.089807 38.723843 13.465594 10.660257 -11.861999 10.913137 -12.384492 7.90398 -13.514473 1.1578742 -4.1515927 -1.5783942 -8.269747 5.623266 -8.319778 1.0582902 -9.569847 -1.6115913 
-357.26526 168.78273 37.275417 41.187172 1.733977 -9.792648 -19.754478 -12.362339 -14.399334 -0.88295823 -12.116505 1.4767634 -6.6103053 -10.017067 -5.2056074 -2.9934886 -5.8300495 7.93749 -1.130362 0.16582601 
-330.40857 115.49524 24.014519 46.52294 3.4585686 -0.6726656 -4.084795 -0.09469816 -15.367591 3.912373 -19.051792 1.3760853 -1.699018 -6.0961223 -3.3049154 2.2577624 -9.66158 7.5710535 -5.98604 0.55549264 
-333.49884 134.38138 -0.09434891 62.17872 27.398708 1.5112138 -7.9103293 -12.946493 -23.689468 3.9093943 -24.902018 5.216513 -10.707653 -11.360579 10.48831 4.8753815 -15.13084 12.083698 -3.8215756 -1.6510168 
-319.58115 148.20535 18.76838 39.890118 6.2584085 9.101536 -11.026244 -20.949896 -31.085737 -0.019438399 -17.684381 15.958352 1.8954302 -12.426882 10.694687 1.8489672 -7.236434 10.254604 -15.633894 -4.749963 
-318.31055 161.59624 21.994545 34.038437 1.4042029 7.6844506 -3.6689923 -9.467364 -25.020683 -0.48761865 -22.53517 19.996445 5.4034452 -13.548692 2.993573 -1.8683131 -3.7543492 12.09072 -1.6222539 -1.453866 
-365.12805 156.08704 23.57206 34.699993 3.8466475 2.8438466 -5.561388 0.17425448 -18.806376 -2.3084795 -14.93671 10.751751 3.2389944 -3.9875667 -7.5573077 -2.0434105 -6.362277 3.0262716 -2.5252771 -5.440555 
-430.0442 148.6883 10.833921 37.081924 13.5565405 10.83597 -8.421818 11.401393 -8.701748 6.5747743 -10.478267 0.5998817 -0.3784922 -0.36933327 -7.646673 3.688482 -9.331728 3.5444102 -5.220941 -4.847607 
-413.30133 137.54022 18.567606 31.874193 13.725578 9.473016 -6.9358006 10.102624 -9.955624 8.332589 -11.380314 4.196702 -6.733979 -0.48184216 -8.504812 7.7832 -8.0318985 6.7154255 -7.706898 -1.0870894 
-348.5027 158.76512 12.21352 32.848953 3.6536725 -0.718101 -4.071369 -8.246207 -25.892887 2.6885247 -10.285396 18.592508 -0.781608 -11.013913 -5.4256706 -0.5267812 -11.611933 9.109104 -5.1532364 -9.636207 
-291.51663 145.98166 -12.191704 64.385605 32.562813 -15.803111 -15.336389 -16.628134 -8.112985 -1.658251 -36.181477 10.744003 6.0111403 -18.508688 -0.18818839 14.871519 -11.975847 5.1610675 -8.107283 -7.204506 
-272.5643 144.7682 -8.66425 53.00838 34.036457 -1.0056483 -17.886026 -25.401344 -17.911634 -0.5523265 -35.305683 6.1864047 4.1488323 -18.620388 10.220403 5.1663303 -16.351833 7.218289 -0.055355653 -2.5407047 
-283.87747 135.81017 23.809319 36.821136 14.907203 10.742825 -9.765644 -13.058989 -21.709955 2.9836683 -13.795349 7.6953006 -5.7389755 -12.902602 11.899784 1.689812 -12.184007 11.643538 -12.12948 -1.1761295 
-314.69272 143.183 26.471998 33.199707 -4.4992394 -5.8828263 1.3550415 -3.2611904 -18.788492 6.3417296 -23.11422 1.7180957 5.431604 -2.4974737 -2.2353961 1.8303187 -8.156486 5.149825 -5.4731593 -2.364048 
-313.79852 89.12177 39.180878 28.945143 5.543859 20.734232 -13.14852 1.1840911 -3.1492014 12.4436 -6.9280844 6.849526 -4.452871 -3.623441 -1.8984866 2.0081177 -20.004723 9.185807 -16.657825 -0.8756714 
-402.79587 147.53217 22.751862 32.81048 10.686271 8.044454 -12.151913 7.1189523 -10.268587 5.9277997 -9.091671 1.774854 -1.6030278 0.5634338 -5.703651 2.9888246 -10.709277 1.980899 -8.989458 -2.6414092 
-375.56293 119.27422 28.471113 43.27539 1.9353557 13.476091 -7.3472376 4.472511 -13.598345 4.018842 -23.047096 -0.79549223 -5.129004 -2.6955938 -3.5420609 11.171885 -12.910745 12.465839 -9.196751 -2.1748056 
-375.8931 151.9809 14.386693 29.76804 6.013709 8.783188 -15.489244 0.1384947 -8.402172 10.958322 -6.9086957 12.937224 -3.4258025 -3.2487245 -8.26717 2.4028826 -13.407388 5.396752 -4.243433 -2.7728367 
-341.29306 127.606705 25.640694 50.252754 13.809307 20.85286 -9.092845 -7.826684 -26.017502 -1.669648 -20.20294 -0.3571968 -4.4239645 -11.499547 2.5182126 14.891351 -15.777588 13.962045 -10.552143 -1.3768348 
-360.99033 139.49089 12.9799385 45.444817 15.567734 10.586456 -7.401195 -3.9988413 -21.838383 0.68413186 -15.215617 -6.238244 -8.654568 -10.027893 2.288072 9.784562 -13.07565 7.3013678 -0.87236446 -3.2286654 
-419.86633 137.46729 15.603856 33.25374 11.230931 11.523568 -3.3066857 13.557122 -7.063333 6.6276274 -10.686375 4.328769 -2.0972688 0.03606804 -9.937075 7.146104 -8.010658 1.7436535 -9.609556 -0.16649199 
-329.1928 166.44257 14.615772 34.988953 13.181174 -10.070828 -1.2192111 -4.7869873 -23.48873 0.59347475 -18.957642 -0.2850579 4.2138577 1.4459631 -4.5597696 1.6230083 -6.6900287 3.0414722 -5.3132668 -1.9631305 
-322.9208 159.5003 8.793852 36.870335 26.277166 3.4803407 -3.3732448 -11.971455 -18.793013 4.3565464 -20.983948 10.116764 -1.6625139 -13.745701 -4.899452 8.879687 -14.370317 -2.259817 -4.8999333 -8.410607 
-301.65863 133.69125 27.631147 31.129313 13.548685 12.417302 -16.698586 -6.182745 -25.903717 -7.9689136 -15.513726 0.036033526 2.4352615 -2.3874848 -3.3072536 12.456959 -11.663708 7.333473 -6.036449 -1.0338228 
-262.06897 149.54028 1.5298827 46.46005 3.7885225 -16.352005 1.1293632 -12.211617 -27.742802 -0.8987682 -20.8803 2.6807933 1.8099349 -10.961163 6.7701 9.842247 -11.205331 10.324754 -3.03025 -6.8171215 
-286.11246 127.789276 10.777531 26.911469 -4.2575626 5.6879416 2.7787578 -4.7991166 -16.880226 14.368608 -17.960907 11.855404 3.462339 -1.8151395 -5.520426 5.9163766 -22.382835 10.918184 -11.811225 -4.1629395 
-343.49493 134.68301 20.295778 40.8884 1.6035838 2.650057 -5.1287494 -0.6026219 -13.190586 -6.6754403 -22.364153 3.4083164 -1.7494974 -1.7386948 -3.321639 5.7256713 -8.129274 6.4283195 -8.748748 1.9276462 
-339.0144 137.65784 9.525511 46.901726 19.197922 2.3989704 -9.569127 -5.187528 -19.62399 -2.3472052 -27.670969 4.2743278 3.614777 -8.729387 -4.7061925 14.663221 -9.638386 1.9296336 -8.848438 -4.338455 
-310.02338 103.5687 -1.2105445 70.53363 19.955536 -5.086696 -11.074376 -8.458489 -12.880179 8.152693 -38.03843 7.286413 2.5374818 -6.7631774 1.5078884 6.378392 -16.105326 21.114414 -6.598402 -13.1810875 
-350.2881 127.79061 2.7147677 42.61386 20.015457 0.7728996 -16.592497 -7.0304728 -6.0046124 4.999262 -21.249945 6.162463 0.10556849 -0.6680645 2.318553 4.65322 -16.678131 6.175828 -4.89204 -12.0966625 
-417.23953 133.28764 16.894999 36.400642 16.255669 12.169407 -10.419035 7.588079 -7.6569424 9.533261 -12.278686 3.0985723 -5.4353743 -1.2647052 -9.506172 3.43145 -6.634493 3.0245357 -9.145331 -2.212606 
-420.0535 134.13019 16.760088 32.050922 14.322957 11.140373 -7.4430795 11.325809 -8.693786 7.042283 -12.829102 3.9992437 -3.0184891 -2.2377243 -11.06396 7.3222504 -10.444922 0.75171125 -8.672263 -4.5450516 
-413.44232 130.55402 15.278595 29.360203 15.152388 15.128571 -5.9378853 11.620634 -6.429234 5.2738786 -11.610012 2.8128483 -4.3775883 1.8718355 -8.906602 4.148579 -8.85431 3.8133452 -7.0094705 -0.019381205 
-285.11548 126.3867 0.5504639 35.83804 14.922346 -4.987058 -4.38358 -7.816347 -16.090553 0.32174486 -16.045456 2.370752 4.4295034 -6.557113 -1.720727 4.977538 -16.876474 6.059101 -6.228605 -3.0868433 
-244.13588 98.729744 29.125694 43.343124 -25.660192 -5.2305756 -11.249534 13.729815 -15.285721 3.1913247 -13.55618 -0.29341424 3.767272 2.4199362 -0.73974776 8.118266 -18.633097 6.004202 -9.547463 -3.7840068 
-255.14445 104.88384 27.999058 53.23895 16.537838 5.383945 -20.398245 -11.857314 -32.147514 7.247308 -28.19245 2.957996 -5.0642533 -6.208016 7.2607975 9.859757 -19.255196 7.2055035 -8.563733 -8.1942 
-278.75177 124.15445 5.315331 20.968597 4.7436852 8.567477 -3.653202 0.87320256 -21.634806 19.620468 -11.8864 7.62941 1.9935591 -6.099033 -9.509763 6.40835 -17.087921 3.1424177 -9.358902 -5.6877522 
-307.30804 150.78912 -0.4678508 35.927612 28.796339 8.58506 -10.821171 -16.262897 -27.237263 -3.2004194 -19.482183 6.9460516 1.0195451 -13.420256 -5.444028 13.06294 -2.7523203 -6.0842323 -0.33223173 -2.744417 
-348.25406 154.71547 11.342916 35.991837 24.302935 6.1702785 -16.031649 -9.050005 -18.468733 4.8724275 -14.086568 3.9435892 -1.7332164 -3.8462355 -0.96607804 17.7582 -7.9372005 -6.801269 -3.703253 -2.1202981 
-340.32288 122.92033 -8.262838 34.301403 22.360167 19.10613 -21.880966 -0.54535055 -10.818768 8.974905 -19.398159 17.400526 -0.25677356 -6.7832413 -2.9671063 8.190159 -18.848608 9.926736 -8.457888 1.30029 
-364.2147 162.3538 1.395443 26.371021 19.317684 10.2568035 -13.120348 3.1982908 -5.304262 4.7680826 -13.055729 6.575107 -5.1266346 -12.383431 -2.7304838 6.158685 -12.906933 -1.761958 -5.243538 -3.5485852 
-369.86688 162.74504 3.8667247 22.25837 11.730241 10.719394 -10.649782 3.148582 -5.3989544 9.548168 -9.119136 14.559643 -2.2930422 -9.513688 -3.9957266 7.3100533 -15.56832 4.069074 -5.276897 -1.8124809 
-354.22668 113.7999 41.848537 35.863422 10.313482 22.855812 -18.765917 4.6951804 -20.167702 0.099927574 -19.293896 -5.4370327 -0.7326378 -4.0793743 -7.5308905 12.692826 -15.530636 13.643016 -9.871502 -3.2024329 
-363.3926 144.58548 -0.6226692 34.49728 15.219204 3.010489 -17.049896 -7.741913 -11.707453 10.014548 -13.274556 4.7784247 -0.7760031 -3.612067 -1.5333298 4.5772905 -15.49721 -0.48882592 -7.709816 -4.4241676 
-335.40012 137.59747 11.64464 44.939167 19.818035 6.4095345 -16.523846 -6.7379327 -18.144613 6.6981406 -17.274635 -4.1306868 1.7358582 -3.368205 -2.5270758 8.463383 -19.373135 5.384782 -0.99917305 -8.375519 
-281.9017 156.37817 -0.10603544 36.58841 4.2554226 -10.121563 -3.653311 -9.14332 -28.163115 0.8471703 -14.230432 2.0081804 6.086014 0.097976364 -0.6118626 4.8183093 -16.29083 6.1345334 -6.598511 -4.202096 
-352.82217 151.97266 -0.72315925 40.886036 22.395576 1.7396952 -18.510925 -5.125328 -13.512486 -0.38890472 -16.872719 1.557467 -2.3611784 0.43046978 0.21049319 10.024554 -9.453135 4.7917886 -2.754319 -9.108882 
-364.13406 140.35742 -3.1931598 44.198067 18.869053 4.9268885 -17.075966 -3.4601028 -7.8973975 7.4309626 -26.21312 1.0688424 -1.3302583 -3.8621979 -7.459708 9.460935 -12.561052 9.80427 -4.302621 -1.6233778 
-380.41302 125.8573 26.529419 31.045898 11.691184 14.789656 -16.45935 0.92450947 -12.0176115 13.648264 -9.897848 7.598871 -4.8888474 0.14425723 -0.91249573 4.2088604 -18.384003 8.582307 -10.528416 -2.8396215 
-373.57916 107.86713 41.03567 27.523394 18.475073 20.137894 -18.783195 8.900104 -18.176235 3.9984338 -18.188658 -4.158102 -7.811967 -2.927531 -5.1889014 9.593228 -16.670475 9.312056 -11.246563 -1.1165936 
-362.41718 139.13522 11.21681 19.88216 1.4988976 10.495992 -4.4495907 6.5481052 -13.07835 8.931154 -4.9644694 16.571669 -1.7220948 -6.2094955 -11.831818 4.4916997 -12.289772 11.807818 -11.477628 -1.0662684 
-381.6837 143.48853 24.864815 36.24902 16.278463 15.304844 -12.091226 2.2936747 -18.458685 -1.2218764 -16.769825 4.6087074 -0.3884892 -0.2726493 -7.228497 9.805325 -13.180529 6.8489094 -5.67189 -0.20621035 
-364.2135 147.84775 -6.564135 37.539715 26.426989 5.988204 -24.909676 -12.5927515 -0.0376908 13.047695 -22.306116 8.202258 3.1626222 -2.1722329 -1.6289973 6.507669 -15.531994 7.2899313 -7.3269467 -7.234277 
-327.6439 170.45845 -15.45952 29.050545 2.1379602 -1.9602108 -5.5087795 -3.691895 -20.66079 11.644074 -14.765843 5.92949 6.5454607 -4.6805954 -8.917919 1.5267156 -22.32783 7.468777 -6.8067336 -7.541259 
-242.62581 121.47708 -6.295952 42.360813 4.0675344 2.8445194 -3.333398 -16.22247 -21.085762 7.7788568 -13.39587 7.136633 -1.5876105 -2.1455655 -4.318766 7.1680584 -29.268188 16.74983 -16.857807 -12.452273 
-301.77164 74.15819 38.314064 50.688908 6.9379954 22.918127 -28.66581 7.694012 -13.921939 6.0790277 -22.43913 1.4546822 -11.842793 2.4366188 -4.2726936 8.619218 -18.286705 18.930925 -11.19928 -6.706492 
-293.68216 144.65776 -14.69231 63.597786 36.59435 -12.162206 -14.767358 -15.016514 -16.117537 7.2874203 -32.99353 -10.017632 5.6969357 -5.7996044 -7.7527256 6.9052973 -12.430032 5.4311047 -1.0087268 -7.8972187 
-305.68512 146.882 -7.162133 24.291376 25.131191 3.635323 -15.225523 -7.06025 -9.716452 15.416597 -9.955873 2.8102999 -0.5668996 -2.799562 2.270424 4.6314335 -23.818705 4.3246636 -4.1667886 -6.65658 
-379.15967 160.6629 6.7718472 40.50505 23.761362 13.2962265 -19.602583 -2.9133282 -18.732046 6.2034245 -16.96148 -3.9670465 -5.757906 -0.38270196 -0.97720313 14.381328 -14.018252 5.467466 0.12327549 -1.2615855 
-313.8511 71.030365 27.65051 48.42592 6.3331246 16.120888 -22.823664 7.4399548 -10.100698 2.8826513 -26.710865 -0.88203645 1.1332536 -1.696599 -9.428672 9.947269 -11.6945 10.916857 -9.964894 -4.9736137 
-320.3825 129.07161 13.221002 39.285995 12.096096 -2.2819693 -15.736309 -4.6732287 -9.616368 0.99060947 -18.937662 0.42523313 -0.06488056 1.8937395 -1.7108827 4.7491574 -9.784086 9.502265 -3.5550175 -7.8884583 
-380.8134 144.12735 8.268681 46.023468 18.767397 2.9438639 -9.217656 -0.4350955 -10.8160515 1.38513 -24.9394 -0.4577177 3.1849773 -1.4045136 -7.1740637 12.180578 0.806719 7.6543164 -6.0184917 -0.8689644 
-320.72272 111.2763 9.592709 46.197487 32.914944 3.0659754 -28.616463 -4.659209 -16.485115 0.429233 -25.543724 -2.7061245 2.839918 -2.7206578 -6.9815173 8.908268 -12.731255 15.46562 -5.3256974 -7.845724 
-378.78625 127.72382 29.59946 24.1923 6.2196674 15.059823 -8.669962 10.038729 -14.13437 8.42493 -18.526442 4.7250853 -2.4072146 2.0863855 -8.448342 5.6112957 -14.261263 8.145591 -6.9210434 1.685602 
-391.23657 136.32063 22.438406 36.792618 3.8912964 14.863434 -13.944381 4.330151 -15.337997 1.2666794 -15.653052 2.3647943 -1.7183336 2.4779947 -9.221336 8.982256 -9.680764 7.0719256 -4.392077 6.1208706 
-412.36087 145.72762 14.791338 33.484226 13.863934 10.346014 -12.159074 6.85499 -10.31282 7.3065286 -12.439387 -1.8837717 -4.254227 -2.6958656 -8.716824 7.6364236 -6.695386 4.022549 -6.863579 -0.78014255 
-403.16052 131.8285 3.8535223 40.107346 13.200804 9.748269 -11.93713 5.885952 -8.185615 12.776227 -14.781099 -1.4811453 -1.5742422 6.5174556 -9.633358 8.91869 -10.27234 2.367071 -8.867104 -6.7780957 
-364.60095 115.36515 38.343487 37.655975 8.09358 24.277931 -19.377363 2.49851 -17.708061 5.973871 -19.111694 -3.011596 -4.960744 -0.8260306 -3.4033766 15.544605 -14.097122 9.893695 -8.672629 -0.49937862 
-343.02344 141.48442 29.290842 48.974983 18.755089 -1.888568 -13.316362 1.4506861 -16.803719 1.0208325 -22.79906 -1.0574555 -0.7927132 -9.7977495 -8.68002 7.6773276 -15.084619 3.45712 -8.836655 -4.842763 
-308.32227 148.77219 -5.172276 28.944588 30.282278 3.428493 -19.176466 -21.260612 -4.479548 10.380148 -16.636745 8.721027 4.179519 -3.129155 -1.2869744 8.190371 -25.570543 0.5357059 -8.169973 -7.282101 
-304.2506 98.381516 19.011204 54.084286 28.442242 -0.6544087 -14.486457 0.6152242 -14.147064 7.7575336 -28.34126 -1.6428405 -1.5643153 -4.292582 -8.198052 13.122864 -18.877907 2.5497422 -5.427124 1.6003833 
-278.20923 36.33012 63.48742 36.451305 8.778527 28.747698 -23.31599 1.4369718 -12.726002 2.8023067 -20.637169 3.074935 -7.150745 -7.5084095 -6.072388 5.4331927 -15.683797 13.308486 -11.278377 0.96857834 
-305.391 129.5071 34.620422 31.260384 8.487212 2.8106744 -14.962673 -3.136944 -27.227068 1.1752311 -10.582914 -3.6065428 1.0184742 -3.9969614 -3.7035217 5.302036 -15.755776 2.7911513 -8.003103 -2.0052652 
-340.50662 94.6462 36.660828 48.522453 -1.9907118 12.323083 -3.8107252 -1.273431 -9.548628 10.88351 -17.862322 9.435931 -1.3552339 -7.660263 -1.470382 3.7066638 -15.487257 9.101844 -13.73471 -5.7491646 
-346.67468 132.04793 9.312991 45.557816 21.245369 -2.7590108 -14.24519 -5.0092826 -2.8348248 11.0552225 -17.674475 9.640526 2.211236 -4.274777 0.12026925 -1.6465054 -21.18254 8.205113 -9.184254 -8.710981 
-357.5446 100.08573 41.596367 32.228313 11.343647 18.520693 -18.230583 11.586858 -16.581272 11.009252 -17.099771 -2.5524907 -5.4141216 -5.026725 -3.0629294 7.5459805 -19.240831 16.719683 -11.334165 2.0687282 
-313.93674 92.04404 25.034422 40.320965 -8.164679 19.4488 -6.421526 -3.2038982 -11.409814 13.653068 -15.633203 8.883725 -1.4953332 -5.271965 -6.2429013 3.2626715 -19.43876 11.278812 -14.999096 -1.9179745 
-298.9891 146.90099 -4.134587 27.469543 0.52481025 2.382308 -6.8000164 -7.5664234 -14.803621 8.56236 -9.554264 13.810352 1.0207105 -13.165664 -2.8085222 -2.7587867 -18.456734 9.97427 -11.278201 -0.4937885 
-338.43365 159.29865 -6.722751 39.08228 23.549726 1.876233 -13.913608 -13.538469 -23.012627 1.7026286 -19.555395 3.4289815 -0.21686919 -6.7211895 -6.8221774 15.578084 -7.688517 -0.3604269 -10.354037 1.2803414 
-341.48196 148.49612 3.3804312 23.88604 6.3085995 5.754693 -4.0402627 -3.6386156 -14.968617 7.259367 -13.016311 5.272944 4.442705 -4.07831 -11.465451 -0.41321957 -13.530888 4.939592 -6.511215 -3.8277032 
-385.5364 136.28242 26.605108 32.38642 16.23272 12.744561 -11.667774 6.751589 -17.215374 0.9742696 -17.398819 2.7488627 -6.09902 -0.2076539 -6.7839494 9.689272 -4.048823 9.602675 -10.160762 -1.5934701 
-297.10394 128.49393 -18.200748 23.330711 16.284277 14.71543 -19.059515 2.7594993 -2.8251517 10.050591 -17.281643 12.678167 -6.117289 -11.88186 3.9687033 4.4431486 -22.326756 6.6586423 -8.412708 0.3468681 
-362.30783 126.95002 15.673553 22.467419 13.01 13.746467 -16.796076 11.342614 -20.600168 9.187493 -9.127633 12.787318 -2.8596463 -0.53435147 -5.146463 6.9992447 -18.11977 3.1416025 -7.6129456 3.6331186 
-298.373 118.02428 23.862303 21.3638 5.434202 7.954868 -19.053274 7.2406597 -31.04017 5.3243036 -14.003088 10.092553 2.4181278 -0.49794838 -6.526105 2.0801153 -15.732437 6.4306927 -15.4871235 -3.7196736 
-354.1676 142.13678 13.433531 40.11061 13.234455 -4.6287875 -10.294134 2.0378187 -13.054547 -3.0447726 -16.481293 8.375037 6.236837 -2.8537712 -6.1787176 5.62244 -11.100399 1.3997841 -8.598365 -6.741619 
-344.97247 163.66304 1.4045165 17.51967 5.232262 6.15648 2.111527 1.3533769 -19.155214 -0.20264827 -8.429846 11.910844 2.8494885 -4.4157214 -9.065807 4.18016 -13.153335 1.9376589 -7.795923 -8.8605175 
-357.87753 158.94446 8.346111 37.07477 18.673431 12.35515 -11.383535 -8.288525 -20.42307 0.54999644 -8.973822 5.1791596 0.9753186 -1.6976329 4.619536 10.741521 -11.247301 -5.6742425 -9.425716 -6.1946073 
-387.23795 151.59494 16.964783 29.300354 12.636066 9.591308 -12.017589 1.0409113 -21.885674 -1.5292546 -6.5376782 9.264015 -3.5495272 -0.06579738 -6.8965154 10.527004 -6.232703 -0.7154488 -8.865009 -1.6403822 
-415.74994 136.96564 8.051226 31.51458 12.593026 16.83323 -7.0877814 7.760482 -7.0481477 9.576061 -12.619671 1.1354837 -7.2066684 -0.93519044 -4.829288 5.5117946 -12.625655 5.806701 -7.325163 -2.6294527 
-367.07553 137.18793 28.770298 46.215126 26.288963 5.1307697 -7.3324213 3.7535396 -14.810647 -0.47392714 -20.817732 -1.5778415 -2.5259023 -4.7360682 -8.277348 5.980622 -10.707563 3.6378942 -13.140751 -3.0117447 
-307.83826 171.4299 11.309873 22.122566 -13.67407 -12.805877 -5.843422 -3.5716655 -22.171694 0.82068515 -11.473303 3.9365778 -2.419212 -1.2150506 -1.5571772 -1.4247663 -11.114266 6.283628 -9.825232 -1.1302637 
-372.69946 147.05875 22.774843 34.23556 10.572642 3.683948 -16.08807 -5.061018 -20.690899 3.3006666 -10.378822 2.0237758 -4.601619 -0.04447529 -0.39138642 9.848882 -10.848755 2.926919 -12.619786 -7.374137 
-340.3546 94.70011 48.21065 26.925499 11.490129 31.270298 -17.351141 11.041678 -18.409264 -0.14051774 -14.942805 -2.197394 -3.541214 0.9836205 -7.4475317 7.87652 -13.9625845 11.750336 -11.62781 4.8277125 
-394.0608 134.44257 22.080376 37.091927 20.108988 15.369694 -10.535246 8.709715 -13.111777 6.7934 -15.098995 -4.872423 -5.833255 -5.445743 -9.859802 5.416332 -11.880219 8.024373 -5.3108582 0.88404775 
-402.45624 123.83682 15.641384 30.837616 13.321447 17.297007 -8.317564 14.3832445 -12.406231 7.3638296 -11.710117 4.406454 -5.301931 -0.79632854 -12.437963 5.321658 -10.877712 4.898219 -11.146873 -0.7575216 
-305.3271 94.14677 20.240507 39.529034 21.724813 10.189854 -32.41297 -0.7888968 -15.556324 8.810413 -22.981163 6.2367563 3.0643706 2.9680033 -4.900051 8.083538 -21.079372 17.573402 -10.556028 -8.647772 
-350.20007 119.42615 25.314964 29.486769 -4.484853 11.288044 -18.472055 2.227267 -16.37693 11.842397 -9.819959 7.3717303 3.7030668 1.6413999 -5.6380844 5.072163 -18.01646 10.47127 -9.557514 -0.4633743 
-282.71634 114.0925 7.2461276 34.58277 -4.037919 2.2180507 -7.3230724 -6.6354995 -24.5246 16.322632 -15.64838 5.620487 3.7843006 -5.111835 -8.9241295 6.9866986 -21.18231 6.875375 -6.625226 -4.945052 
-289.29276 149.0345 19.944136 29.649332 -15.433582 -5.3008847 5.4592032 0.40942615 -26.502281 7.2090616 -18.696007 4.5226197 7.7342944 -4.543243 -12.7797165 5.216131 -18.205704 5.3144293 -3.9660366 -4.4040256 
-278.5241 93.31811 36.292618 40.013298 14.869171 22.276495 -11.568158 -8.667788 -21.576105 2.1884024 -29.816507 0.6275598 -13.57825 -9.322194 0.79456574 5.592161 -10.512508 13.206057 -15.251759 -1.3576491 
-341.4425 103.024574 23.509918 30.651619 -1.7057271 3.7740011 -13.47449 10.395041 -8.131214 6.5126905 -16.98711 5.1630077 -2.447805 -6.94674 -7.49606 -0.72861075 -18.358269 10.050493 -21.435982 -2.6892416 
-315.97397 100.471794 54.921715 26.94411 11.244548 12.954692 -21.760633 1.6067758 -12.966368 9.045246 -13.750761 6.773078 1.1598482 0.51682824 -4.1884403 2.7778172 -15.572764 4.172715 -13.632387 0.65953374 
-235.03787 127.24677 19.325233 26.093596 11.2027855 -6.9795556 0.8043184 -10.248402 -55.946255 1.1986237 -29.404924 1.9398474 8.789119 -7.588127 -4.1964755 13.818096 -5.483324 13.399909 -10.933594 -12.115197 
-335.04227 147.3466 29.623055 25.53687 -6.2450604 -10.457305 -8.511751 7.09533 -12.103259 11.611361 -10.680837 0.31832254 -0.7190743 1.467545 -6.6058435 4.6922426 -7.4970574 -0.613236 -13.366719 -5.254693 
-305.46396 106.85697 35.469906 29.857382 12.205154 17.646837 -11.928012 0.49500105 -23.353045 -3.6465137 -18.087349 0.49434614 3.0308752 -4.775288 -5.4065833 12.222225 -13.822383 8.226251 -8.687431 -6.002427 
-369.36462 161.04979 29.350742 34.003174 7.125111 2.2834604 -10.93509 3.0771713 -24.452492 -9.675775 -21.734642 1.7420666 -0.8503595 -0.8635986 -5.8635345 11.934586 -3.1822119 3.2859032 -3.6314213 -1.7310777 
-388.10608 146.00745 14.786281 48.656906 18.050821 7.0503507 -8.852523 2.3018634 -10.10338 1.9188677 -24.95993 0.057341974 -4.0262995 -6.1580253 -8.861495 4.4137707 -7.0239973 8.696009 -5.107618 -4.2390957 
-369.39758 79.123276 38.669544 24.436052 18.551733 21.933754 -19.12407 14.186644 -12.228315 8.94223 -16.22474 0.11090003 -1.9923418 2.8209486 -7.5249157 7.720904 -15.576423 11.734259 -14.115164 2.8986251 
-272.93262 103.47866 14.403192 47.557842 13.111371 9.73202 -14.992977 -17.353165 -30.252075 6.9877415 -25.309914 2.1763034 -4.3616624 -5.6198597 3.0921555 15.703286 -16.853794 8.633876 -10.193546 -3.8729155 
-339.0632 80.297554 36.32506 54.13067 -5.5569925 18.303322 -7.017313 9.226556 -10.296854 10.925902 -22.130898 2.738719 -0.83859444 -7.2244024 -14.76031 6.1099296 -11.434627 6.7899065 -16.531376 4.3589363 
-356.2415 108.257286 33.953854 45.783688 16.800564 9.270579 -9.983658 5.2025504 -12.044316 6.571158 -24.398571 -6.5969386 -1.168371 -6.8198476 -15.927772 9.789288 -14.124714 3.7599885 -10.852701 1.8574592 
-271.33942 78.09344 16.672089 63.064713 11.671823 12.0827875 -12.675468 -8.101164 -20.73043 8.778803 -29.622877 -6.1498146 -7.3103733 -0.29254034 2.22166 6.2583447 -18.347445 20.22039 -11.696633 -4.253125 
-314.40735 113.58711 29.171818 35.17804 13.589054 13.421631 -17.47783 -5.1903787 -18.662601 7.5858984 -20.491282 -4.5888367 -8.765503 -0.09267574 -0.33734736 5.6621075 -19.347588 10.781993 -7.7950573 -4.447771 
-340.26306 152.39528 -4.9527965 25.254913 15.876463 2.3727922 -14.850567 2.0287893 -2.9274666 12.167002 -14.597948 3.358231 -8.405395 -8.943111 -8.238127 2.4910023 -16.00578 -4.492943 -5.403798 -1.8090922 
-349.51306 151.76584 6.73176 22.566002 16.251219 4.5121455 -8.669567 -0.084385976 -6.401209 6.34879 -15.175502 3.1879888 -3.167938 -2.020573 -8.199528 4.0563884 -10.870485 1.8387707 -8.120387 -10.721983 
-337.6264 100.19024 23.249102 38.49448 8.106481 5.5983677 -7.371064 11.33874 -19.802185 4.030255 -25.429039 1.327794 0.7922534 -0.04296691 -10.531842 13.829864 -8.884496 4.93411 -5.783152 1.7848848 
-359.08792 101.2149 19.6484 41.99005 22.259949 11.219323 -22.043127 16.245907 -16.356245 4.7041645 -28.544748 1.8482047 -10.22416 -5.3534603 -13.566395 5.1435513 -11.519931 6.255724 -4.082836 -0.47449514 
-414.77917 139.80981 9.613407 39.77919 11.736208 13.918797 -9.656377 7.6647797 -10.980014 8.738956 -16.110334 -3.3808775 -9.061223 0.8422744 -4.391343 7.0648837 -11.602763 3.964645 -6.086916 -0.46702495 
-410.12796 139.80208 2.8518133 40.06654 13.816262 14.929653 -12.356279 5.7474704 -9.806179 9.946711 -13.476295 2.6360495 -4.916828 0.91906095 -9.070063 5.494136 -9.490414 5.029625 -8.154225 -3.970754 
-400.01334 121.5856 18.040022 37.354946 6.2277455 13.997975 -12.136276 6.029723 -7.3782053 5.6407747 -18.423834 3.2824855 -5.6244097 -1.1152184 -7.813411 0.9911232 -15.586271 7.3164096 -8.700573 -2.9568348 
-328.8099 114.415634 29.568783 36.796745 16.113459 20.129456 -14.149019 -6.381849 -19.407948 1.50968 -16.737541 -5.5513883 -4.018644 -6.4590206 0.08904251 14.025608 -20.77737 7.0731845 -4.486223 -3.657935 
-291.8704 149.2627 -11.846632 42.62474 33.750553 -6.1422825 -8.022189 -21.619102 -22.281166 -2.4385107 -29.50872 4.744797 5.4637566 -6.453606 -1.848329 12.891732 -10.685674 2.9683774 -1.8295057 -5.303858 
-402.35016 140.47266 13.1835785 41.622147 20.162159 8.881861 -8.490262 6.52939 -11.719327 7.808671 -17.375551 0.18005286 -6.015965 -2.4515488 -6.450904 3.9266162 -9.934384 8.529705 -6.9811096 -7.4719105 
-309.12582 69.8616 47.91216 58.919292 9.706016 9.401195 -8.34062 8.472468 -12.501437 10.906959 -25.620462 4.030549 5.9229755 -11.8673315 -16.106346 10.918682 -18.417402 3.3031514 -16.98621 2.1968791 
-284.64758 124.9088 24.232853 27.554659 8.875253 -1.7009854 -17.400166 -2.094019 -31.40117 4.6148877 -15.206521 3.1519873 -1.2649636 -2.8413825 -4.5025196 2.9886396 -21.367287 6.3819594 -6.6607304 -4.536534 
-320.82852 117.05629 48.30517 29.191847 -15.45045 -3.2959833 -8.564062 -2.195927 -7.8513207 2.7700074 -20.757877 5.5790424 -7.3142724 0.05866623 0.18589598 3.6321313 -13.703207 10.143804 -16.644094 -0.96310997 
-374.2722 159.44478 32.774113 41.630688 3.5045068 -8.381049 -16.84007 5.2835255 -16.79769 0.87749743 -12.018101 3.2517526 -6.640936 1.6325586 -2.2477884 9.934594 -7.615423 4.528762 -8.073781 -3.987702 
-415.56775 137.04292 11.706359 34.986465 11.934365 13.8596325 -5.8255234 13.142488 -11.359774 9.868366 -11.802717 2.8214004 -4.8512263 -1.4805534 -6.774846 8.906797 -11.018066 3.3331525 -10.050321 -3.4509835 
-421.25653 139.85846 14.534956 36.78235 12.049705 13.356625 -8.031431 11.829157 -11.910857 4.4565907 -13.46027 -0.14437768 -5.6812882 -0.8656653 -8.080953 4.8903375 -9.659087 4.7672443 -8.049584 0.31084582 
-371.08713 172.49393 12.211906 34.437717 1.3059239 -2.7540636 -6.1282253 -2.7081888 -30.342665 -9.293124 -7.9881473 18.448576 9.677599 -4.4029913 -11.577444 0.60802853 -13.888881 6.7248755 -0.19741943 -8.834141 
-406.9621 156.86299 9.994744 36.88245 11.292569 6.9013057 -7.397487 0.551365 -23.137676 -1.5644466 -10.113741 6.2222323 0.7236665 0.18144375 -7.4635077 8.612046 -4.340783 5.19713 -6.511747 -7.5775046 
-423.55432 138.9822 13.724073 34.73296 9.451732 12.590859 -6.811409 10.872893 -10.812025 5.7781014 -11.842697 0.9363312 -5.222338 2.1061373 -8.519762 6.1063223 -8.286897 3.9351048 -10.785027 -1.6146553 
-425.11572 138.56476 12.310998 34.857525 11.531018 13.555106 -7.299246 10.607748 -8.719647 5.2985306 -15.639564 -0.7674766 -2.5899992 -0.31642848 -8.094658 6.442873 -6.9201245 4.4462695 -8.732578 -2.3005536 
-419.8036 135.39 12.670132 32.067562 11.317265 10.760229 -5.1032834 10.962887 -9.499099 5.5025725 -9.655529 3.3222747 -5.5373516 -3.84741 -11.728992 3.3351233 -10.477428 3.640653 -12.074657 -1.9399283 
-346.52112 105.35699 26.796658 37.809525 18.871578 13.675365 -15.536122 -3.5412846 -19.003973 1.8112545 -18.69049 0.43190113 -2.2053804 -6.599557 0.76345634 8.978039 -15.444697 8.151886 -6.65648 -1.0859237 
-258.9287 77.8967 43.36786 32.107243 19.29203 17.952131 -28.033184 -5.1266804 -29.603848 0.04279347 -19.28829 2.7370954 -2.8762693 -10.874673 2.8478448 17.182724 -18.67733 9.542728 -7.4882727 1.2428514 
-273.49033 80.72954 28.72405 64.71762 15.168937 12.37345 -18.73362 -1.2017318 -13.184278 -2.5791936 -30.118975 -7.8688955 -3.7117114 -2.6802752 -4.575479 2.499587 -10.054337 16.610363 -12.4567995 -3.2721982 
-332.27945 90.243645 30.260324 56.334187 17.23664 10.508834 -18.445522 8.561844 -14.542413 0.65388745 -25.017633 -2.884273 -3.223131 -4.858164 -7.770811 4.769126 -16.233973 12.804633 -13.625578 -2.40458 
-355.49197 166.34966 17.156569 28.052088 7.353747 -2.3468437 -0.3814515 -1.8260149 -13.38355 4.472007 -9.199201 2.4060838 7.3533726 0.17196181 -2.1805768 2.5823362 -15.344683 -1.1855344 -11.328166 -8.003661 
-369.28525 135.5871 22.529474 37.138893 8.969551 14.278835 -4.2147126 -2.2112458 -13.268395 5.0157175 -13.218577 7.510704 -3.6062841 -3.5452075 -3.365971 5.4437904 -10.010033 3.471419 -12.353472 -4.7262464 
-383.95682 162.06757 33.39411 40.418842 4.901599 -2.4365678 -17.03803 5.9098563 -15.327903 -3.3885434 -18.761843 1.5263748 -8.888416 -1.0703586 -10.233938 8.955084 -6.677009 4.975812 -5.1942606 0.94050324 
-365.67804 133.38483 17.911095 45.558395 5.281021 10.562678 -6.0337934 7.7688065 -12.828673 -6.002958 -25.152576 -0.119291306 0.8531341 -3.7461405 -9.134082 5.7547774 -12.187251 4.2118316 -7.1303234 -0.1790344 
-390.922 148.17302 24.47628 38.099083 10.791344 6.0117927 -12.76466 -0.36987272 -14.812374 4.7968845 -12.985901 7.408372 -3.0564604 2.7464724 -9.708161 8.980706 -10.797621 5.1490216 -8.328391 -5.1878366 
-379.44165 136.81036 18.072752 55.55405 19.819223 -2.5384002 -2.4431438 4.0912 -9.742664 3.536128 -24.856682 1.2730043 2.4339375 -2.284763 -10.441146 7.0053587 -8.274842 2.8096209 -13.824334 -2.2176714 
-326.35764 103.42315 17.084557 49.474075 6.665508 8.924757 -13.0212755 0.82570267 -12.108549 9.302419 -17.139433 6.0775065 -0.47629008 -2.372384 -0.9725929 3.481801 -20.841295 10.019466 -12.485949 -3.5385547 
-351.86566 149.41252 3.826266 27.02206 15.176503 7.553069 -8.4462805 -2.285705 -13.536083 4.8059955 -6.9517574 6.09132 -3.9399753 -3.5708025 -3.1235573 3.4248216 -12.096593 0.3269703 -4.8126774 -6.817226 
-373.8862 151.95886 17.776764 35.542133 20.343264 6.1831393 -13.676821 -3.8029225 -15.758713 2.8020332 -15.257139 4.6554093 -3.0601249 -1.4256924 -4.8983326 12.8486805 -9.502511 -0.64734596 -6.6857166 -5.208611 
-410.8527 126.56954 20.42051 32.667034 11.435454 9.750305 -7.587282 8.241297 -8.077377 7.63163 -11.8858795 7.6424212 -8.618039 1.2766806 -8.562643 5.215339 -8.168302 0.96961266 -11.132594 -1.8777364 
-426.1383 142.06363 15.42727 39.72812 12.465439 11.632724 -6.491758 10.608065 -7.0611978 7.9951105 -11.540418 4.335947 -3.610794 -1.0093015 -8.86822 2.9752867 -9.376659 -1.1557114 -9.533433 -2.406439 
-356.98102 86.98691 26.592617 52.714527 5.7347317 6.005815 -8.423834 9.202323 -14.001232 9.721445 -19.637373 4.487642 -0.32125938 -5.729695 -10.008443 9.924198 -12.211456 9.394899 -15.002275 -0.16558647 
-341.7085 89.819725 40.324123 41.94207 11.933816 20.415213 -16.626183 9.199139 -18.844778 10.917435 -23.064157 -2.8066084 -4.64415 -3.030195 -10.177778 10.5392 -16.64863 9.186318 -9.915091 -1.4314017 
-326.8671 80.60702 48.555832 29.14205 11.825225 26.176365 -23.39789 2.0453339 -16.242882 13.256272 -20.828047 0.26875243 -8.599056 3.060012 -5.8110313 9.924036 -17.654882 7.958073 -11.218873 -1.2685219 
-338.30502 153.66344 -0.6580276 37.89246 22.315805 -2.022939 -21.931871 -10.375682 -14.643687 18.617022 -13.280024 9.075479 -0.73996913 2.1395068 -2.4120653 5.3839636 -22.77723 6.2155094 -6.2506485 -5.3670177 
-382.58884 130.43976 24.288174 38.416576 13.076555 9.020617 -18.20756 2.664069 -13.179366 5.097891 -21.424479 2.3933084 -2.2687154 1.6121128 -5.7613277 6.2880726 -12.646244 8.853115 -8.880245 -3.7672527 
-392.8168 138.281 20.41511 35.340412 8.548052 9.709194 -7.8620486 5.526968 -9.285184 10.947168 -15.989214 3.658218 1.4508716 3.5619555 -8.725757 3.8243256 -12.552864 0.9502149 -9.05132 -1.7488419 
-400.56808 136.01636 22.204536 40.968193 17.723333 10.640289 -10.168599 3.5180948 -14.891805 3.141782 -16.779478 1.7525675 -1.0124041 0.112914614 -4.5253963 13.159408 -8.635852 6.2882895 -7.5603113 -0.7176501 
-389.378 137.30457 14.034359 29.5111 7.537718 6.8056283 -2.9495606 6.3585167 -12.828589 7.26405 -10.342684 10.637333 -2.0752194 -3.5093737 -9.898528 3.9696562 -11.69696 4.6268744 -8.869949 -1.5430557 
-389.42908 130.06084 28.86164 30.050032 13.996462 12.179048 -6.758703 9.984653 -9.433453 11.590583 -7.7839093 5.636843 0.01861116 0.6858842 -4.905933 7.590655 -13.156338 7.234971 -6.598089 1.4541438 
-401.3406 134.88724 18.253397 28.858086 11.780882 8.943749 -4.6060796 8.077067 -9.474865 6.0632634 -8.804549 4.91799 -2.3622177 -1.2630467 -11.55873 2.951156 -10.594557 0.37587094 -9.5784025 -3.5936894 
-407.82312 131.09181 13.735533 30.061497 9.379073 10.329223 -7.034952 11.110844 -7.4150867 6.2198644 -9.424685 4.2748766 -4.701629 -0.94109756 -7.7664084 5.1594353 -10.848274 3.5175626 -7.588611 -1.1032506 
-429.51523 129.87613 11.648745 32.211548 9.6381235 9.223224 -4.8732452 9.635275 -7.8989625 4.3085375 -13.011389 0.28417617 -7.0351477 -6.2591243 -11.197395 4.9274 -9.490021 0.84721935 -7.671756 -2.4892972 
