-322.89526 72.606865 36.13872 34.992435 3.3365014 24.582767 -18.371086 10.794398 -22.895046 2.9447699 -7.2757425 -3.865357 -8.184239 3.7485178 -5.666921 4.0395856 -6.322794 3.9832256 -11.5109005 3.8323588 
-217.14018 101.7106 -3.7120752 69.40833 21.909466 0.60260135 -11.900415 -4.8656406 -36.807514 12.112076 -25.919304 -14.0116625 -12.590494 3.8572779 -7.705702 1.2225081 -3.6871786 1.2354076 -2.6072042 -1.715215 
-276.03677 107.89113 9.232801 70.79019 15.644291 -1.3023604 -8.516258 1.3319398 -25.962332 9.920322 -22.967537 -10.610303 -4.343372 -3.4677799 -21.910769 4.6310883 -1.9269814 -4.009498 -10.685818 -7.7612042 
-309.44498 168.37021 6.966145 46.936592 17.015217 -2.3269215 8.73276 -3.489144 -35.63127 -2.9700093 -26.003578 -5.1203947 1.4810838 -9.844391 -15.479967 16.719717 -1.7447544 -1.240758 -5.620385 0.8557203 
-213.31544 148.48073 -30.726257 47.55394 11.908921 -8.248278 3.1541016 -9.978762 -32.69313 13.363865 -22.770796 1.0561833 -2.911138 -6.9675813 -12.081831 7.879476 -2.8717403 -4.5104275 -6.3465204 -5.997397 
-275.66116 140.64288 -14.119365 48.97316 34.129623 8.176522 -15.412121 -19.921923 -22.728804 12.988079 -24.96249 -9.128648 -4.114031 -2.4036007 -4.461447 14.446984 -4.6182394 0.0942422 0.47807947 0.49479395 
-304.19586 131.66905 0.0097482465 36.938026 -8.118404 -7.9613094 -1.4100145 15.663871 -26.291857 12.612402 -18.080147 -9.204612 -6.6573086 6.2128277 -5.252901 14.734628 -4.1605053 -2.4219909 -14.480981 -7.523847 
-300.01212 149.42996 -9.800625 49.314995 8.627086 5.4252896 7.469319 -12.105937 -27.780949 11.398562 -16.48237 -5.5678806 -5.120504 -5.4712653 -6.8235555 9.953391 -7.9546084 0.8833283 -7.5194397 -11.781686 
-264.4364 76.780205 28.011269 57.828045 2.9331808 23.243206 -0.4604702 -12.488338 -24.199898 11.973299 -19.521587 -10.801833 -6.4005923 -5.305003 -6.3385825 15.003555 -6.7649 -2.6007216 -0.5044226 0.7118209 
-303.6782 169.54105 24.556099 52.351467 -4.1633277 -19.757044 6.051635 -2.6216486 -23.286472 6.0983906 -21.645681 -15.5686035 -7.606006 -8.043336 -8.201882 17.341957 2.4881628 6.7143044 -3.6723404 0.47207725 
-317.06647 148.28876 -7.4453406 22.179203 11.987384 14.027179 8.243803 -5.8878255 -22.958534 8.095046 -14.527224 -2.6634946 -9.004687 -14.230872 -2.2870908 14.138335 -6.829165 -1.940991 -8.023481 -6.602366 
-269.76917 130.2681 -11.55157 35.60584 -4.2976675 -4.29984 18.737513 -4.177713 -25.133215 20.472897 -10.2391815 -2.999989 -4.7343273 -6.734703 -15.336448 10.422348 -6.728792 2.8201923 -9.24532 -2.7977796 
-313.34195 93.25349 22.453285 47.445984 34.149982 4.25329 -22.557186 10.720734 -18.841131 11.77614 -23.20323 -10.5944195 -3.6149547 3.1920683 -16.429546 5.6588306 -4.697858 0.92600197 -8.216278 0.20594864 
-387.93665 130.28964 7.567794 38.79225 19.821503 13.444199 -9.822701 9.222714 -14.446947 17.173214 -12.590566 -4.7316074 -2.97323 1.2176238 -6.561037 6.2620664 -6.0502167 -0.35148472 -7.9615793 -3.294199 
-414.5405 127.8589 10.203579 39.733074 15.578053 16.23146 -6.6442356 8.280614 -15.643641 14.287539 -9.945453 -2.7224522 -5.288337 2.811988 -4.455695 10.97007 -6.2749577 5.1756344 -6.010515 -4.1641383 
-261.4329 135.52411 -10.099921 36.349052 24.404648 4.2418556 1.9763063 -12.467274 -25.38667 14.940501 -24.274694 -2.4479928 -4.1854525 -3.3702211 -4.3225894 17.833923 -11.346302 0.056289144 -9.388241 -9.252508 
-270.771 29.7608 35.815918 83.82145 -10.105879 21.377886 -0.3158491 9.4992485 -15.471266 16.768602 -20.10273 -3.4236083 -3.2157407 1.0826133 -13.330163 4.5185437 -12.470282 2.6847658 -10.376256 -4.5884895 
-324.41812 86.121284 32.664303 79.01015 -2.5044873 7.522158 -2.6290479 4.51219 -21.228678 11.217732 -22.709831 -6.338234 1.887322 -3.3076706 -17.288902 4.9635086 -10.499719 -0.2807525 -12.94147 -4.8335876 
-295.56635 85.70153 36.61323 56.53276 5.4677634 27.476303 -18.716686 -1.3538764 -15.716419 13.834377 -26.770483 -10.094973 -9.5054 2.6013722 -13.187789 9.507992 -15.453773 2.3878405 1.0816884 -6.5219274 
-348.47223 136.4202 20.772596 59.890686 12.818354 15.327591 -6.0645638 -8.272724 -21.26591 11.954733 -21.959957 -12.898686 -4.691215 3.9057248 -0.82721126 7.6089315 -18.231224 5.2296205 2.4615011 -3.3434858 
-412.84067 127.54295 20.757355 31.610233 9.77701 10.713722 -8.02089 16.359484 -13.474319 8.4124 -9.186466 0.27217913 -3.9327664 1.0999722 -9.294345 5.077276 -10.40457 3.5778456 -5.6361775 0.804053 
-252.13173 147.13683 -26.963766 49.01572 24.722446 -13.233356 9.672698 2.475593 -25.494822 9.294179 -21.771318 -7.599128 3.076389 -5.1262345 -14.286711 16.375656 -15.702208 -6.967307 -9.988419 -9.637882 
-253.19469 166.19388 3.353244 54.237106 -20.010717 -32.413185 19.45959 3.5124626 -25.459846 12.582031 -27.403505 -15.339198 0.7979726 7.115556 2.7888129 22.025774 -6.2558436 -6.574262 -7.0105605 -18.09569 
-402.11307 144.45972 14.506799 38.29402 3.0470793 -0.4023556 -2.619882 14.444399 -9.400689 9.462841 -7.034276 -1.1274165 -9.6206875 2.7720068 -1.5857092 8.697913 -6.2489834 4.2891955 -7.9483447 -5.542452 
-307.43866 150.39725 -14.540924 33.228382 24.589443 -2.7824414 18.893757 -4.388239 -27.962152 8.223981 -18.56937 -1.6216272 3.483058 -11.462598 -12.032634 19.407572 -16.698858 5.365169 -16.313349 -11.586592 
-290.68103 96.58609 46.396507 37.26523 17.793274 22.537403 -16.330101 5.4296675 -20.164827 8.661007 -16.807253 -0.887229 -11.354945 -4.4649653 -12.483495 14.236752 -19.324165 0.7052155 -5.7860684 -5.355692 
-272.58127 150.20241 12.620917 58.065228 7.832758 -11.94405 5.9046545 -0.437427 -30.891323 7.827336 -29.173523 -8.9516325 -7.2458673 -11.904544 -9.20423 23.642036 -6.1104903 4.8184385 0.17156154 -1.7225227 
-327.64917 161.7223 14.143656 41.891376 9.105041 -15.267897 5.509014 11.590285 -18.839634 10.429237 -11.812975 -11.714104 -4.798344 -2.6597338 -11.0493965 14.918479 -3.3133993 -1.3063992 -8.674451 -6.8485446 
-248.77057 148.22401 -21.451519 47.35228 35.67504 4.756289 -2.5558345 -30.419254 -25.356148 16.211098 -30.84533 -8.378521 -1.8049475 -1.3367394 -2.7061381 23.86177 -5.393866 2.718806 -9.960561 -0.35047975 
-305.24533 165.38086 -8.29761 37.610474 21.306126 3.9557889 2.8802338 -8.330517 -18.81876 1.9005663 -14.840159 4.0861607 0.5422625 -12.864073 -8.406696 21.645142 -7.9268894 -1.0539149 -5.0920353 -5.334847 
-249.64705 163.58405 -29.784084 40.19752 5.4172688 -24.458475 16.24239 -1.0229602 -26.955023 11.664667 -26.587969 -5.405186 6.2700853 -6.182722 -3.3674865 22.358564 -17.581326 1.6720394 -6.394267 -7.875073 
-339.84418 159.29726 20.73243 35.05158 -2.7796862 -14.948761 2.7005463 14.175527 -12.332479 2.0525913 -14.64513 -8.551018 -1.6664492 4.469597 2.8588634 16.29621 -6.567127 0.35669744 -7.853669 -9.532242 
-394.32904 126.75387 22.067348 35.191784 14.973942 7.789873 -8.726807 11.151327 -8.126485 6.691754 -9.63596 3.0968504 -4.893568 -2.0424314 -5.0374994 5.9482284 -8.339674 0.5356297 -5.1443586 -0.8629554 
-227.19049 142.34093 -37.117294 43.8254 31.835157 -22.626266 15.072283 -6.595729 -17.89125 13.819389 -31.698769 5.363104 3.2937589 -16.586567 -3.684293 17.13202 -20.789856 -0.67543805 -20.894527 -5.8840313 
-253.57126 120.642456 20.018967 25.669704 -12.450184 -19.441362 8.839873 21.319895 -18.94077 18.589954 -24.081715 -11.750276 3.3735306 2.7125678 -8.970535 21.636618 -19.658617 -0.8605845 -18.010777 -9.315368 
-261.79672 118.29361 21.30923 12.692827 11.543394 15.572837 -3.4021037 -8.028782 -34.978992 4.1402745 -19.664747 -8.743395 -4.686169 -1.3218024 -7.872283 19.951227 -7.3149695 9.171446 -7.3938794 -7.6190515 
-333.18393 155.67027 8.4465685 19.496662 24.312145 13.422249 -6.065721 -10.717778 -24.870384 -5.314085e-05 -20.69087 -5.6327667 -2.2940106 -2.0498934 -14.382826 12.736629 3.054661 7.9235053 -14.505459 -6.479638 
-383.51556 114.0174 3.4495773 37.675964 19.367414 18.596159 -14.206196 4.111634 -9.94101 17.76737 -18.533676 -3.598666 -6.7790365 -0.8754985 -8.8944235 9.611249 -18.000862 4.271917 -10.804375 1.7652204 
-325.6914 153.41498 -10.4794 31.832384 -1.8669273 -8.361775 12.115612 -1.1762004 -12.687966 10.536203 -21.51524 1.6746496 4.4279366 -5.122718 -7.062505 5.190551 -15.553458 0.22762135 -11.993927 -5.8351398 
-247.3903 160.72653 -20.828049 26.29916 8.197652 0.49512228 9.026255 -17.86451 -6.6846895 13.272527 -17.167904 3.4217281 -4.0252028 -12.497115 -7.7582836 11.999691 -15.794719 -3.3799944 -11.462051 -2.6981478 
-286.60953 150.19214 -7.66527 46.153625 17.399467 -11.203202 5.2392373 -0.5238378 -15.393328 2.6746442 -25.537031 4.887912 2.530963 -7.336197 -6.370244 20.697006 -10.44839 -2.0389585 -11.96813 -1.7352501 
-289.15085 155.48862 -12.567585 48.114292 30.37555 4.420441 -2.680894 -23.472595 -22.796883 5.5104637 -31.202877 -4.4532223 -1.8733171 -11.857305 -3.4731421 28.292282 -7.5325766 6.152724 -10.733839 4.1861105 
-292.1348 73.40043 23.58047 75.32294 -2.7316992 14.991987 -15.857369 -5.3989744 -13.756855 5.809491 -33.88377 0.3262718 -3.5473175 0.11066975 -10.037694 14.170574 -9.729248 9.677484 -5.5275946 -6.9082465 
-345.68198 147.56622 9.677004 54.33973 23.914375 -5.2042522 -10.492909 -5.771468 -11.710212 6.3443294 -29.367397 -1.7605964 0.23492283 0.448022 -4.320471 13.982622 -10.985031 8.638077 -8.41978 -10.958181 
-284.23657 158.71379 -16.57705 46.441895 14.787726 -19.540634 8.679386 -1.1071754 -18.088211 3.720512 -29.29562 2.9883368 9.4934 -8.20209 -4.6615376 14.860463 -16.727533 -0.22819583 -11.350482 -6.596351 
-322.58566 174.38025 12.640243 43.774788 -9.820367 -20.077105 8.40984 8.995096 -17.162312 -0.26522234 -22.710775 -3.9193606 2.9532712 4.855389 3.3054435 20.089298 -13.359413 0.68706715 -4.3142443 -9.153861 
-384.48633 136.32516 12.112082 31.694876 15.178282 13.357493 -5.751346 -1.9872824 -20.694508 0.7504868 -19.32407 0.11951891 -7.3133044 -1.5675542 -4.822121 14.970257 -8.151855 1.1518137 -11.665677 -0.8723724 
-261.1758 171.3751 -33.347736 29.318638 -4.752755 -21.276344 26.985811 -0.9951068 -20.513988 22.654186 -25.77794 0.24767897 4.794774 -12.38576 -10.306626 16.950756 -21.034615 5.236327 -18.36616 -8.525312 
-372.1631 164.49553 26.01278 45.167866 5.895703 -12.78588 -9.671085 2.3750956 -19.24452 6.5558352 -15.118199 -8.642836 -2.0928516 -0.34853315 -6.7810946 13.078518 -3.0399528 1.3210053 -6.923088 -5.5927725 
-313.20593 168.62872 -2.7549286 26.278408 -5.384395 -11.950319 13.794974 9.89475 -19.369549 11.235517 -14.915787 -2.6015537 5.608211 4.75335 -18.353073 10.461537 -15.625604 -4.19091 -10.292994 -3.8749669 
-290.84854 70.49336 23.19274 64.239395 19.766964 -2.9386423 -19.263855 11.410838 -22.478697 17.964638 -30.922377 3.3616302 -3.5909147 -1.182173 -26.922277 15.397897 -21.293678 6.6903815 -2.5028582 -6.353864 
-322.2269 85.649284 11.039804 19.778938 13.182292 25.245514 -13.997761 -1.1851597 -9.588558 10.553688 -19.911638 -0.49712652 -7.717888 -0.7441101 -7.6442447 15.696462 -16.299807 6.280462 -13.43112 -3.827307 
-260.09723 169.55536 -31.774485 16.618036 11.873977 3.3900862 -2.204608 -14.687047 -7.004511 11.082027 -21.410927 6.1310487 -6.6813416 -21.52958 -11.905308 18.940294 -18.544672 -1.7994914 -12.18475 -4.7213535 
-285.77115 144.08556 -15.108501 15.390462 -3.4545474 4.980527 1.7988031 1.6955158 -12.89557 9.488691 -17.650145 10.02056 -5.0981946 -13.748469 -12.264418 14.526834 -12.975508 -0.27868074 -5.876775 -10.252956 
-265.9027 145.96208 -7.5390067 43.059143 29.107113 0.99692535 -2.2347498 -16.26307 -22.152336 5.171588 -23.559734 -0.9766339 -13.110923 -12.458044 -6.121496 28.339853 -18.689556 1.5998541 -13.47926 -15.892378 
-258.20212 83.03741 44.65834 39.684074 9.161479 26.00619 -19.603798 -1.286471 -23.396526 11.697246 -17.790733 -0.26865306 -5.0353737 -9.206287 -10.530642 25.30054 -12.822504 5.0195355 -3.7174814 -3.4654229 
-274.59952 62.889175 50.54597 46.43846 3.6906242 28.21653 -17.378313 -0.72792405 -12.821991 12.405128 -25.976393 1.2352866 -12.805574 -2.8763347 -17.488186 15.412133 -18.489052 7.1730466 -3.4584823 0.5812608 
-318.75244 138.1429 9.86049 56.702103 6.0691137 -6.9284086 -0.96705055 1.3016596 -21.776848 2.305181 -35.695194 -4.889324 2.1786711 -3.506732 -13.163273 18.085588 -11.587307 -1.9651887 -6.5132227 -7.228857 
-373.37827 98.3433 36.542355 36.312176 -1.942724 15.730126 -13.373988 16.528 -21.742506 8.833012 -19.690336 1.1622939 -6.810283 4.7618337 -15.498169 10.761551 -12.9715395 3.9188566 -7.4248486 -3.6758478 
-265.9183 57.944572 46.91478 60.941475 -1.0641255 13.02864 -18.387644 6.241057 -25.34707 13.586324 -26.970997 -3.2876873 2.6144056 0.8131708 -28.896542 14.832182 -15.481569 -6.916327 -10.50159 -8.665614 
-289.2819 150.5452 16.812023 31.811972 -6.8549566 -5.1310396 0.2402293 3.1124601 -27.621712 5.3013453 -20.372477 -3.0164852 -1.4058805 -0.9038957 -9.888152 14.705941 -12.398312 -4.275353 -15.398531 -13.450407 
-319.61243 136.66177 15.972192 43.26444 -6.49097 -2.7549431 0.83799255 -4.540027 -21.801378 13.625844 -21.941658 2.9864876 1.6707225 -1.2070487 -8.64129 15.134559 -15.695858 1.5875301 -4.916244 -7.3293066 
-335.18607 126.01725 22.101856 55.5761 11.019979 19.88801 -8.768305 -14.427226 -18.505928 14.038684 -23.426125 -2.5161762 -14.23507 -4.6049547 -7.5989585 17.154133 -18.193207 2.3133662 -0.52242917 -3.0262685 
-364.14697 102.12985 -1.9605359 38.10963 10.210549 24.75207 -9.824322 -5.208621 -17.76117 19.149878 -15.745692 -0.4509484 -5.495675 -3.1225815 -14.079996 14.152398 -14.889913 -3.2407794 -7.333798 -6.0394006 
-338.4528 124.48166 6.393762 40.784157 18.70858 2.7335615 -11.657405 -2.427927 -18.619438 5.919098 -17.100191 -4.333789 1.726628 -3.7097244 -4.327988 13.326717 -8.3162 -1.0790417 -5.148356 -8.9258375 
-272.52008 178.92657 -6.2746677 40.19728 6.3069196 -24.9624 4.252654 1.0282468 -20.608658 -1.0515032 -32.4961 -7.874699 11.290499 -5.506442 -7.1771717 17.587746 -13.710186 -5.033482 -10.756423 -4.6897902 
-330.99963 157.12454 12.935488 44.60222 5.187692 -3.9054189 -1.3900151 -1.2598866 -26.452087 -2.5565217 -24.672956 -15.026844 -3.2622652 -0.7715871 -10.460917 18.04143 -2.8490834 2.1935434 -8.145523 -6.444001 
-364.85925 144.45863 30.7485 28.96447 1.602766 -7.18223 -5.5765686 15.100037 -17.572786 8.086053 -13.660406 -11.767638 -12.042895 3.0674736 -10.802405 11.064982 -0.09801544 4.4231567 -12.694976 -6.843726 
-258.48312 134.72565 -2.597865 27.050117 2.7405577 12.325053 0.64546645 -7.9034677 -36.36995 11.9868 -7.0854206 4.561293 -13.180673 -3.463004 -6.1541805 8.8194 -11.10199 -3.4871774 -14.232539 -8.71141 
-337.6533 160.5636 1.6009916 39.12178 7.082815 5.4866223 15.8113165 -8.927784 -48.38675 -1.7544564 -1.7308631 0.24949095 -5.923935 5.569993 -7.6750927 14.967174 4.8409677 6.427822 -14.400356 -8.32052 
-279.6549 73.75635 51.0501 37.24632 -15.481188 10.912495 2.6827877 3.1073122 -24.392075 -2.8578281 -19.86563 -9.54139 -17.279327 14.480701 -8.657631 8.126705 2.6490438 7.38886 -13.720219 -0.7516542 
-378.9179 147.90468 22.489079 34.902298 1.8751814 -2.5310614 1.3656589 10.211605 -15.84268 0.30328798 -15.6488085 -9.889027 -11.171286 3.2768164 -5.0785227 7.191064 0.055810478 4.8448725 -6.819728 -0.01846377 
-373.52646 74.63885 44.748398 32.247707 0.70310444 24.533699 -13.33851 10.387076 -8.608059 3.0551958 -9.759252 2.946647 -10.894238 9.542606 -9.17428 5.9265866 -9.107559 0.7288106 -11.739855 2.5750165 
-401.72845 110.488 33.094467 35.53309 3.275075 17.233555 -14.499172 11.041369 -13.528117 4.212637 -11.6779585 2.562131 -9.072071 6.2655 -12.147594 5.215992 -9.990823 0.86660546 -5.3860474 -0.44719186 
-232.3832 95.0225 38.472286 37.99401 -29.911129 -11.464267 3.4030037 14.362494 -38.449753 2.0290425 -15.485421 -12.933489 -13.163679 12.169658 -7.352706 11.951575 0.8371581 3.3762388 -14.932994 -7.698316 
-214.96649 137.51762 -35.58051 28.188332 -5.738848 -1.1508952 1.1705222 3.8250809 -28.38442 9.91994 -11.870152 -10.1550255 -5.662092 6.3331933 -17.41399 13.470157 -6.990594 1.3049717 -12.211789 -2.2832396 
-324.466 92.14612 29.316824 40.134624 0.24904521 28.695042 -14.851488 5.8610363 -25.94431 8.3539505 -14.071073 -3.1885338 -11.27628 2.3786821 -15.72592 10.800189 -6.925773 5.907648 -5.4972258 3.7165425 
-409.18518 128.0896 18.64826 36.129128 13.341475 13.417579 -8.050146 12.865932 -16.311699 5.7312202 -15.132335 2.6615152 -10.055843 2.2695212 -10.847767 5.713987 -8.306233 5.945598 -8.425525 -0.37013772 
-404.85437 120.95196 12.3439665 30.61686 13.084946 15.638391 -8.677352 9.649604 -17.946823 7.335702 -8.389043 3.85264 -6.973213 6.2057996 -9.976421 3.9250746 -10.332688 0.6649125 -10.889711 -0.18434358 
-333.64337 141.17992 -4.757386 53.07291 23.98042 -3.1547694 -6.363656 -5.292367 -31.121416 0.28072417 -17.809053 -11.903712 -1.6578231 1.1408157 -7.3848276 8.60503 -3.4280968 3.0853398 -2.955425 -2.8744764 
-408.87302 126.726715 7.7476892 39.211594 11.257469 10.77475 -6.9157753 5.8269935 -14.151416 13.982525 -6.8434095 0.14062394 -3.081854 7.3864994 -5.2103863 8.505907 -10.48203 1.3517065 -7.226327 -0.4387566 
-232.50467 165.37975 -52.829315 29.057915 -5.0764704 -14.832618 35.331284 -10.139252 -35.71148 16.425175 -13.003355 6.354127 -11.072171 -7.582461 -19.566711 7.3493967 -13.580381 0.8119922 -15.967838 -6.7742763 
-231.09898 160.18027 -30.010796 37.980206 6.774442 -10.591007 31.153355 -12.792961 -32.42131 14.469179 -10.329176 6.922858 -11.857756 -6.5024076 -12.655932 9.183408 -8.885213 0.26278508 -18.47868 -10.633371 
-234.98224 123.183975 0.5950658 31.257324 25.940407 7.0338097 -1.179575 -17.192677 -37.794685 3.5905228 -20.934525 -5.2183943 -5.844435 -7.4933834 -6.359667 15.307866 -2.5047078 -3.9269247 -7.2664194 -2.4187791 
-255.42226 143.08684 -20.28901 41.652588 24.181044 -4.7169657 12.074001 -11.264406 -31.54609 3.599545 -12.602121 -2.1483963 -3.1794279 -3.6976848 -14.142302 14.840206 -6.2907333 -6.241495 -10.118649 -1.7546777 
-222.67023 165.95613 -21.919151 39.718063 -21.74221 -28.080278 32.628967 7.0268064 -41.471344 -0.92010826 -23.238806 -6.4877024 3.614123 12.38751 -7.826978 11.406608 -11.365677 -2.8619072 -13.452815 -5.6705966 
-293.1997 177.02905 4.330451 35.425495 -5.754536 -19.60437 13.801685 2.783803 -38.608658 -6.653077 -22.810814 -2.8799124 5.7711596 -0.32937384 -9.054836 15.352138 -6.9361224 4.6835113 -4.9177265 -5.6051197 
-296.7072 172.20915 4.6483784 32.570755 -20.758581 -28.298077 13.921598 16.775589 -23.31614 11.265057 -14.820352 -15.128913 -2.1446626 6.3245015 -8.998975 18.445353 -7.1460266 -1.5821424 -13.98616 -10.582929 
-291.19223 117.61506 22.342587 41.228592 13.443744 -2.5145385 -3.7354572 12.564191 -30.362312 9.839708 -13.111284 -3.8938572 -5.690006 9.793256 -14.059444 12.402929 -2.9605815 1.4138249 -7.927997 1.6780586 
-262.27866 112.02359 12.300722 36.286144 30.409655 5.962289 -2.9633908 -5.3400326 -28.876713 4.7479916 -17.421305 -7.2561197 -7.645417 -0.21041648 -12.302706 12.024213 -2.5689151 0.33697838 -13.603418 -5.3115177 
-282.78357 51.122982 40.63008 67.85173 -0.59235656 16.942757 -11.979132 13.085695 -21.989038 7.4956503 -16.248299 -9.01453 -2.065138 6.363779 -21.455614 3.7075005 -1.2058191 -3.8031073 -8.350709 -5.539323 
-284.5744 68.880455 48.55537 52.08809 12.293781 19.360739 -26.300274 12.211558 -19.963907 9.094675 -24.469324 -8.561918 -5.7410226 -1.1144524 -19.553362 5.367691 -10.152416 1.5866342 -6.5860286 -9.165604 
-272.76233 140.0534 -6.3367667 19.777813 5.79151 4.236147 6.169294 8.894846 -8.95775 7.9817843 -19.627457 2.5739055 0.91616005 -5.4397235 -6.120121 15.868732 -11.667337 0.96246487 -9.574249 -4.863753 
-271.40237 165.25961 -34.309666 23.591806 -3.1634395 0.75328976 24.63079 4.0389647 -11.496349 16.251188 -17.311209 6.7309885 -0.915951 -12.181517 -13.767715 8.804863 -11.776113 1.6434091 -12.699594 -6.0474486 
-399.1327 123.947525 10.129029 34.418835 7.552429 14.507808 -7.5674777 7.7008395 -10.621193 17.92607 -16.589676 0.6335428 -5.404639 2.0353785 -9.866494 6.321 -11.651564 6.814645 -6.450735 -2.1280255 
-321.284 140.00389 -4.266348 35.62301 3.4350328 2.3966901 -1.0578265 -3.2340927 -17.998165 4.2812204 -24.693264 2.5896149 1.7239318 -1.6556803 -4.5433307 14.253695 -11.957712 -4.214622 -9.334403 -2.5314517 
-280.8457 63.92189 39.49618 49.446934 17.796762 2.5400186 -13.021058 11.886167 -27.5344 15.14895 -27.224943 3.148026 -1.582891 1.7041836 -22.374712 10.303836 -15.274362 1.919959 -4.4542704 -7.512936 
-204.83362 121.106895 -4.7863007 21.689934 -11.612563 -15.939545 -2.113525 11.472978 -26.159212 8.014965 -35.50194 3.2782505 1.8193368 0.58398354 -11.179271 19.131763 -16.16645 -9.0949 -8.609253 -7.287139 
-258.95862 108.169556 8.354839 35.44544 6.6654496 3.1516552 -10.112849 5.1375203 -15.702999 5.0035315 -26.216179 -0.19495954 -2.6174712 -2.7275782 -14.482668 11.761105 -14.092034 1.0655141 -6.7639565 -6.973073 
-271.4377 134.31735 -7.5406027 46.97258 8.5755 -9.034698 1.7224603 -2.4805439 -20.299633 10.281537 -16.430227 -5.0606117 -3.1485379 -8.32951 -16.639624 15.939075 -13.422273 -4.3700843 -5.228341 -5.9812045 
-244.83301 78.798294 24.13947 51.84227 26.62551 -0.8346683 -18.060644 9.6422 -31.890429 10.713208 -29.92705 -8.350492 -4.6282406 0.9309428 -18.018606 11.517239 -12.073098 1.6247073 -8.452961 -6.2869167 
-293.47327 151.71968 -3.23052 32.860973 23.384342 7.652593 -3.8644845 -5.7049017 -31.198208 11.233406 -15.830307 -0.5870505 -7.5535345 -3.2178512 1.7936554 16.28599 -12.385227 -4.4793453 -10.98702 -12.602087 
-301.56998 153.26434 -19.216688 36.85328 16.187092 6.553044 -1.6717069 -6.638398 -19.000755 8.867859 -11.387903 -3.6426668 2.032561 1.8153542 -9.966685 7.1101313 -19.562101 -7.284055 -5.431341 -8.837964 
-298.7622 149.24174 -20.788902 29.40414 7.6526694 -0.8772834 22.02918 -5.281493 -28.18551 10.11912 -12.179579 4.4271436 -1.1607642 -5.8687005 -15.07418 -4.56525 -12.052468 0.48012173 -15.590323 -8.845955 
-238.84236 158.60992 -49.49512 47.76945 4.784767 -14.849102 24.728867 -9.411336 -29.63231 19.702 -19.12385 1.1257725 -1.0503227 -8.394321 -13.249449 2.2325103 -7.7646976 -0.29709366 -17.884604 -0.4687959 
-261.37775 108.99315 20.545328 43.667065 1.5795951 3.5383387 1.6119009 -8.320256 -33.69542 -7.851371 -19.812958 -7.203087 -1.0352681 -2.7023783 -5.8307567 13.998989 0.20321341 6.099707 -10.810072 -1.8398768 
-236.3556 146.06247 -11.464912 32.30276 -8.067995 -15.150997 21.227814 -1.4834545 -31.546234 -3.0659876 -18.80294 -2.3957431 1.6074405 -5.6921177 -3.6679213 7.17317 -6.7861166 5.1644626 -11.800983 -4.4589214 
-269.5105 164.79984 -27.738348 40.84375 -2.0218554 -5.0908074 9.951531 -14.494058 -47.50099 3.514488 -14.149391 1.5998398 -2.0535498 -8.470678 -6.648292 15.837736 -9.491413 5.319803 -16.773117 -10.573488 
-335.03775 86.84903 28.125143 50.195953 3.6519966 7.116574 -7.3855343 10.519783 -21.784643 6.1920166 -14.351336 -4.1459165 -1.8242368 -2.4980404 -12.028239 5.030659 -4.18677 -2.2553203 -13.04126 -2.4656081 
-202.41339 113.421234 4.477541 32.659176 4.279653 4.1436667 -4.0709653 -6.143948 -24.980925 0.5545578 -23.519745 1.4998144 -3.2412941 -5.436991 -16.221735 8.228307 -10.414468 -0.41786936 -11.671916 -6.475938 
-214.43448 111.56928 3.4263391 24.451605 5.8067408 7.955908 -4.4648447 0.77248114 -21.37085 11.104153 -19.882145 6.3379498 4.853564 -4.4890714 -13.801906 11.745022 -14.455617 1.7293203 -7.2740345 -9.268508 
-274.39926 160.21289 1.5597725 37.055847 15.896883 -9.925446 2.2262158 10.882086 -14.445323 10.831866 -34.94307 -4.385413 7.648725 -7.3758054 -8.326954 21.355406 -7.2401147 -4.0919595 -12.277325 -11.002403 
-284.64148 142.00673 4.438257 50.970882 43.14294 -5.2801895 -15.959161 -4.4076924 -7.8342075 6.533146 -44.302933 -4.404192 6.489255 -8.006747 -21.14709 12.871278 -9.882856 -4.36074 -5.6649356 -6.6424885 
-294.17755 179.83492 -9.939884 29.153727 -17.422844 -25.851126 12.811817 14.7239275 -10.484455 13.114114 -29.592855 -2.986465 7.198061 -8.047215 -2.6660817 16.128763 -21.054518 -0.04631163 -6.5610676 -4.126882 
-390.59253 129.65295 2.9654348 38.931602 9.15176 11.387748 -5.0549493 4.9126415 -9.360556 21.011827 -13.839688 -2.648616 0.1732262 1.3824376 -8.821933 10.390059 -16.985119 3.867279 -5.500557 0.8914424 
-365.7636 122.38014 6.519058 37.694485 9.946145 11.84871 -8.375774 -4.946554 -14.473348 16.25745 -14.964888 -2.0329773 -3.4736245 0.0060723624 -3.8365889 16.699486 -13.85918 -0.62205553 -6.1156 -3.3253155 
-261.28818 138.45404 13.288972 46.162918 10.308542 -12.423964 -4.049773 -8.541706 -21.57245 7.632287 -36.71886 -9.303796 -6.8794265 -12.273614 -3.339519 22.904106 -9.354539 5.819868 -2.2186182 -5.5822177 
-281.1991 132.9212 20.51552 39.87081 2.6132112 11.596024 1.2490714 0.70053184 -23.001652 3.0116205 -26.39203 -2.5993178 -3.6395035 -5.952261 -7.2365994 23.201218 -10.56228 7.7422953 -6.796823 -9.814299 
-289.2316 148.51105 0.2718741 34.705173 10.691625 0.83854073 8.169098 -1.6062418 -17.903503 9.4917345 -26.256536 -0.41697237 -0.239343 -7.991372 -2.4972885 19.44659 -14.410499 -0.85798466 -11.894606 -6.0903106 
-293.50607 156.78586 1.6230855 36.114525 16.606428 4.107119 0.5948747 -4.5252724 -15.879497 -2.7744265 -30.047323 -4.2509694 2.546098 -10.039268 -14.408293 16.325182 -1.5375276 1.3658847 -8.894537 -1.6709169 
-276.6739 146.23193 -3.4956968 45.867264 17.100107 -0.89383954 -6.891861 3.008644 -22.34639 -2.476754 -32.538803 0.26646826 8.070136 -8.978535 -14.071541 20.033287 -17.549784 -4.5730486 -4.284741 -8.474094 
-263.4981 110.31342 -11.323929 59.89801 5.098516 4.7042446 -2.2985165 -3.3295298 -22.514593 9.143093 -29.432716 3.902763 1.3649082 -8.229854 -13.034739 20.25645 -15.610988 4.8458815 -7.2670803 -3.543156 
-307.6382 97.20607 9.779362 80.79372 11.725407 6.525521 -15.485779 -5.1278343 -15.362057 6.7409782 -37.15788 -2.6376054 -0.52242595 -0.3160082 -18.428717 9.827798 -6.0813675 9.002515 -5.868146 -8.742863 
-333.2164 99.43994 43.11473 50.898254 6.3233314 25.544167 -22.422247 2.546151 -13.176704 3.8613892 -23.470812 -4.7246623 -13.786403 6.221997 -14.654622 10.672574 -16.048653 4.0581474 -2.8942182 -6.7026663 
-350.2809 137.81287 13.141217 48.738792 17.289385 9.931781 -5.226468 -9.8347025 -14.9437 8.687978 -16.672577 -6.221613 -6.124267 -3.2036102 -3.6313972 7.301284 -14.535023 2.405485 2.35906 -1.5224849 
-400.693 122.79815 1.9534552 37.10367 16.22766 15.313154 -6.7037992 4.9927883 -9.636986 10.678396 -13.691921 -0.041222785 -1.0565504 1.2026818 -4.8251944 11.008618 -12.9643135 -0.2587212 -7.0802135 -3.2040555 
-246.47523 136.88605 -24.700495 24.959572 2.1066468 -7.1871905 0.6515844 7.6182785 -13.826321 6.320709 -21.479513 3.964503 4.0225883 -7.246923 -9.517442 12.137285 -20.089836 -5.296938 -1.3713387 -1.6550572 
-214.01811 138.01958 -30.629103 37.81684 18.437365 -0.5455602 -1.629191 -10.597789 -7.7044654 10.318378 -26.4365 3.4933355 -2.7065575 -14.573275 -10.489455 13.07868 -18.793362 -0.80420536 -3.1581564 -7.0732555 
-239.16176 49.210915 16.019615 40.41545 -2.1972609 20.222742 -13.312433 3.108525 -13.499301 18.336948 -15.601308 0.3987725 -9.367326 -7.067356 -16.301846 16.318779 -16.369362 6.4815335 -8.247368 -4.1434703 
-291.7419 65.66218 33.08796 78.406876 2.1880445 10.743627 -18.287214 12.428497 -19.060274 11.365431 -29.357866 -3.4248297 3.8787417 -3.4082224 -26.824177 15.033502 -13.78743 0.15683725 -10.255433 -1.7903118 
-300.022 49.355686 50.575497 47.556347 -2.5833538 36.70821 -33.20523 12.0705 -15.072983 14.252672 -26.235136 -4.021318 -4.4778943 7.0511837 -16.087757 10.793894 -20.137568 14.127123 -9.786657 -7.287575 
-382.03674 137.14203 22.558086 47.187492 17.000273 9.870291 -7.898313 1.3090092 -13.100231 6.3729563 -18.158306 -7.4730005 -6.923324 -0.80621976 -7.379742 5.5378985 -10.98031 6.7107477 -4.7176666 -9.209754 
-306.8937 129.63617 -5.0868244 49.146057 29.578548 -5.4595385 -4.953455 3.4377356 -11.2638855 1.3858244 -26.423695 4.8252525 2.7509854 -10.160492 -12.414948 15.055472 -12.912136 -0.2209255 -8.075695 -7.183304 
-214.80122 56.094696 16.43846 67.27914 1.8478694 13.766615 -17.21721 0.74200714 -18.387527 10.978069 -31.424404 1.1517406 -2.6611257 -3.2157564 -17.343552 14.082506 -9.843436 5.1430945 -8.34827 -4.527653 
-311.60834 133.84172 25.957436 43.167397 22.948273 9.005534 -12.927334 1.3949306 -20.851374 4.634409 -25.356953 -8.4172325 -6.136266 -6.4226127 -11.695216 17.038956 -4.4698176 2.706915 -7.9844546 -5.945792 
-273.11 111.46422 5.2460117 42.932404 25.3814 9.427562 -19.38806 -1.6864645 -28.420912 11.216698 -31.671474 -9.219548 -0.82137656 3.275387 -11.181261 20.434122 -18.932898 0.61992306 -4.229297 -10.126263 
-338.97305 161.88165 14.758852 28.38747 0.22103013 -2.699772 -0.79021204 10.615786 -23.420284 0.07115645 -26.574272 -3.474588 1.553472 -3.543797 -6.1636543 12.731291 -7.6777215 0.5603913 -8.788855 -3.8133528 
-357.209 112.9835 41.888626 40.933044 10.965298 4.765894 -4.9163666 3.1808097 -22.846136 9.347078 -20.256483 -8.081647 -7.011048 -2.231992 -11.3818 7.753713 -10.027107 4.56645 -7.156544 -1.3335555 
-266.9718 145.33946 -14.396977 40.039383 15.672272 2.1539984 -0.9379643 -10.332784 -34.720276 4.5130014 -25.931602 -5.5853634 2.693852 -2.7478344 -6.7810097 15.375963 -15.48918 -2.7480996 -7.4585247 -5.505676 
-294.67984 92.60611 48.80205 27.022417 -0.9781882 11.953178 -2.4907033 10.9374485 -33.58217 -2.824622 -15.485491 -4.9381485 0.31587994 1.8896565 -14.303155 8.476416 -14.172354 6.3259525 -9.271047 -3.394597 
-348.93045 159.73524 31.425163 47.066086 -0.8288656 -16.993896 1.3450646 7.758862 -26.711609 3.6230512 -20.363619 -15.707701 -10.692433 1.9781342 -8.8529625 14.882948 -7.1222973 6.3017383 -9.423999 -4.508381 
-248.81285 123.61075 5.127203 27.735472 -9.253674 -8.119517 4.4284477 11.815552 -43.42803 10.228153 -29.924849 0.36367008 1.6433145 4.040056 -12.076775 17.908783 -11.296421 -0.44271109 -11.32473 -5.9165964 
-273.2406 89.35276 5.972069 38.633423 12.098774 14.285869 -20.099617 9.641271 -36.735252 14.930568 -20.669773 -4.884741 1.6607549 3.8304079 -12.223439 12.791275 -3.4024334 1.4003072 -12.1849 -0.6357026 
-321.61087 107.93271 18.611044 38.88517 16.835777 1.8424029 -6.6955237 -8.867049 -30.239973 9.677662 -18.171614 -3.6567585 -3.1531408 1.5070555 -7.454565 14.784017 -11.935511 3.709586 -3.8048265 -4.4408937 
-269.931 153.04181 7.474044 37.105488 -2.740719 -3.7192247 10.0287285 0.653745 -39.040825 -8.462102 -32.98247 -5.0591226 -1.716722 6.107264 -4.7999644 17.855433 -7.8149557 -0.22190577 -11.02951 -6.360137 
-292.72757 94.60793 24.635246 39.71504 14.295259 5.1192827 -16.099455 1.4350842 -23.735888 7.688456 -21.192516 -7.0005264 -8.968691 1.582111 -10.874003 12.406883 -12.318862 -2.3227077 -7.4069605 -7.3333216 
-353.71198 152.01237 11.44124 46.495827 33.887703 7.670616 -16.066397 -2.689311 -19.506758 8.709505 -25.439747 -13.0616 -5.922021 -2.688447 -15.597619 8.361637 -4.995948 -3.0942106 -8.812425 -3.0378573 
-367.67816 124.39755 17.173624 32.073753 16.66146 19.069271 -0.53147304 8.719999 -14.708744 6.6054387 -12.644965 -0.011679623 -4.1372414 -1.9355702 -7.489213 8.767922 -7.164627 3.537858 -7.1563373 -1.6493855 
-343.193 140.39252 5.996047 39.552837 22.770716 2.3642876 0.099782094 2.886428 -18.280748 -0.9905207 -21.631306 -2.2419817 2.0866923 -3.4762096 -10.312565 19.466417 -2.4344256 6.2727604 -0.4337535 3.1307075 
-392.33072 119.49772 3.7679842 43.009964 17.572489 15.280858 -15.371883 7.6012487 -10.223675 17.161146 -12.876484 0.4245437 -2.322514 4.6912313 -8.029293 10.439843 -12.445679 1.4158502 -7.258912 -3.8506618 
-305.31345 165.20915 -10.058086 26.258215 -14.38853 -12.667594 17.22093 4.789048 -24.69465 15.196357 -16.201828 -7.482762 5.080557 -2.7086437 -14.240212 8.454562 -16.78081 -0.12705973 -13.175976 -4.7154303 
-303.48413 133.77866 13.342094 40.459694 8.943142 1.8263528 -2.0257907 1.488067 -29.403238 8.939663 -27.986006 -10.207951 -3.5278256 -1.4128644 -11.4502945 14.509022 -6.729005 -1.6292452 -6.1326747 -3.409845 
-288.08258 113.19859 32.907093 34.116776 2.3474424 4.1956897 -2.3974562 6.900375 -23.862967 -5.8995767 -24.016958 -8.667889 -6.984514 7.4596577 -9.670513 14.719962 -7.712651 2.5078936 -6.269356 -1.5430673 
-308.37888 110.03503 24.023247 26.704994 -5.9842567 15.016992 2.3748503 14.698447 -18.080439 6.7444997 -11.508954 -5.9768977 -7.837765 6.7182384 -14.108932 3.915572 -12.006523 -4.260263 -14.739948 -6.7644777 
-314.87732 86.7642 38.57792 54.39837 12.260502 24.371529 -18.876362 2.4579673 -17.952267 13.628148 -22.44433 -13.897376 -7.7088447 4.745573 -11.5964365 9.006786 -13.545292 0.6069316 -2.7800355 -4.9739995 
-326.75394 92.591835 28.39149 44.07609 16.274323 14.559603 -6.755892 -1.5339696 -9.637322 12.848363 -19.627974 -5.080694 -8.45746 -0.22422092 -8.621783 4.9713264 -13.070009 -0.23614518 -2.732021 -5.172777 
-235.88089 95.89479 5.6011376 56.44841 29.105492 -4.024386 -5.7177434 -16.803028 -15.995956 11.938142 -32.04089 -13.888561 -3.9114952 -2.696776 -8.946644 14.234951 -14.251107 5.1155725 0.29559386 -7.082655 
-243.58406 100.53778 6.8998675 72.255646 13.615114 -8.383702 -2.5845647 -1.6299613 -21.119223 8.878427 -32.189587 -1.5408158 2.9422982 -7.4210567 -9.45765 15.345496 -8.216771 3.1837695 -10.723266 -8.930673 
-315.38977 122.756996 30.534346 31.498331 2.2914472 12.188803 0.0945815 13.6574 -13.724711 8.757784 -14.933319 -5.372892 -0.39411995 5.9008584 -7.3996124 11.005639 -9.243788 3.2262967 -8.703175 -7.1992517 
-328.8109 114.6092 42.469692 34.74229 8.698414 23.427 -2.992755 9.253567 -25.769873 6.6965156 -14.925396 -4.9175515 -6.75012 -1.6406693 -14.705019 10.550358 -4.425903 2.3330514 -5.8703594 -6.559748 
-335.18298 114.25537 33.216625 36.654648 -0.81417996 13.130431 -7.0829315 14.832574 -10.268925 8.500637 -11.851956 -3.5628934 -7.4918714 6.714178 -9.649966 4.9693584 -3.2069702 0.38912615 -9.161627 -9.858934 
-309.16052 120.80551 0.36631012 41.764236 7.7291193 12.366398 -9.189622 -4.255707 -23.208204 14.13982 -13.704486 -2.1144702 -2.7968507 1.3824351 -12.678208 9.804398 -6.2962112 -2.3177395 -7.5378757 -6.7330847 
-371.82565 144.9903 17.473572 22.964115 3.2031708 1.3714259 -2.774389 16.072512 -13.739867 12.6143 -11.7663 -6.4095144 -8.15572 2.310718 -12.417706 4.6899657 -9.755878 -2.6983373 -11.877743 -7.130747 
-351.75793 158.8089 0.23045594 28.581564 -9.02895 2.8200216 13.026126 6.4566135 -18.475151 11.589984 -12.485174 -0.2909629 -3.4308467 -3.8772714 -16.598967 0.9207569 -14.2827 2.1440363 -11.823848 -7.4743595 
-344.54965 166.57538 -3.7779126 28.003752 -15.999706 -13.0728655 21.087412 13.485187 -20.425714 15.81131 -15.097951 -6.985667 -0.5380852 3.204426 -11.762177 8.248856 -9.91582 2.1820638 -12.289292 -6.1149774 
-311.159 109.21495 10.835564 37.986774 15.171794 9.472514 -6.173612 -7.399853 -18.673069 8.749617 -19.152557 -5.8492913 -11.414025 -3.109339 -6.358836 15.905064 -6.847569 5.417783 -3.187705 -4.8100996 
-332.70416 143.62425 12.635998 37.947266 3.3978336 5.5562954 6.8483453 2.80646 -29.321768 -5.266657 -23.955576 -1.8676232 2.9737473 2.7844608 -5.970517 17.112988 -5.397829 5.906599 -5.676203 -2.8533025 
-292.91635 92.36734 21.172176 33.217785 12.901754 22.680824 -14.428864 -3.4169855 -14.791576 9.5860195 -22.40439 4.2976937 -7.630286 -4.0923395 -10.015705 19.859118 -9.806957 1.6426909 -7.092451 -5.9531217 
-278.02734 96.185326 15.076304 51.418335 3.1480856 -1.6041126 2.9366693 6.5151725 -17.016523 15.825893 -28.756767 -5.3887763 4.152815 1.2418042 -8.422938 18.28826 -11.555422 -0.05238746 -15.513375 -14.338185 
-331.57758 118.75408 17.21288 55.609653 13.478147 10.440705 -15.046215 0.15398124 -15.158203 0.15777832 -32.07271 -9.052068 -6.6511464 -2.144589 -12.835127 6.414976 -2.6732006 4.77511 -11.50377 -2.7744143 
-370.254 148.22322 25.960892 31.315817 9.372613 9.450706 1.4348059 6.928871 -13.930792 3.727557 -15.3046 1.6063327 -7.410575 -7.9679203 -9.260944 7.9664025 -9.571285 5.2168493 -12.299855 -7.114173 
-357.1133 157.89552 7.8897715 28.726814 -18.257393 -14.736694 11.669612 18.062418 -15.417194 17.375908 -20.366524 -8.94889 -3.0018897 5.4342566 -8.846104 11.5165615 -6.3427587 1.139193 -16.64756 -8.800336 
-396.91962 119.89629 9.075715 35.8157 10.946269 12.426643 -7.81495 9.656138 -12.748601 17.102257 -10.332081 -0.7585579 -2.7455192 4.941036 -8.976174 14.550983 -9.429599 0.5664812 -8.041852 -6.080063 
-409.3989 140.80162 13.48681 39.642605 15.704448 10.77219 -4.856056 5.3336635 -19.214691 8.22207 -11.874642 1.906187 -2.871894 0.36799204 -9.668523 10.3621855 -8.910925 3.940893 -6.2504773 -1.7398916 
-303.1609 114.51074 35.23208 29.196629 -7.4213095 -0.6639065 5.7543006 12.974773 -21.298998 13.220848 -25.025557 1.6063979 -0.79369706 8.548451 -4.732433 16.023678 -10.562564 3.5632994 -7.24783 -6.2571735 
-293.50272 132.18814 22.491837 37.494595 -9.142477 1.8267931 4.681337 0.1459197 -29.926842 7.942459 -18.04806 -10.983781 -5.4432964 4.6424246 -9.420618 11.746952 -8.178954 3.4609578 -7.519747 -4.983829 
-334.10846 111.08934 23.604946 48.037666 24.981573 5.0295343 -13.802258 2.0439231 -22.827988 13.217909 -26.883081 -12.53149 -5.175862 3.8349338 -12.089715 11.734473 -7.7000294 -3.4427595 -2.2981389 1.4068643 
-363.9624 97.86442 38.917118 38.052364 7.0826 11.718016 -4.096121 10.882993 -20.729996 15.702352 -18.543966 -2.810036 -8.966449 4.280063 -14.457221 8.202677 -8.356305 -0.0015105936 -4.997095 -1.6668371 
-372.4668 96.68051 43.418556 34.589764 11.843837 23.485348 -16.397894 5.9886785 -16.714437 4.06519 -9.815401 -7.255818 -11.699416 7.1141033 -12.00557 10.184567 -12.436999 -1.3910699 -4.4851394 0.36909547 
-408.82318 132.39294 15.305681 37.024326 16.099907 14.030325 -5.0644526 8.178981 -17.571844 4.1245694 -13.015957 -2.2354631 -5.5829606 2.4058707 -8.007631 8.430644 -9.882667 0.48029315 -4.681477 -2.0451024 
-394.28647 139.40079 8.325575 38.63517 16.004719 9.288154 -10.237347 0.7696881 -12.978171 8.830321 -11.6828575 -3.3413513 -4.9915853 4.598222 -8.160734 7.845709 -10.689057 -0.34183517 -4.1935573 -5.089183 
-415.09793 127.77994 20.199244 30.221151 9.97134 9.107471 -4.0542355 16.638494 -11.691409 7.4662333 -11.389812 4.1243677 -3.428496 3.9303708 -5.1550517 8.597277 -6.4078293 2.6852984 -8.961836 -2.3935294 
-423.77963 139.07579 15.061607 35.392513 10.588782 7.51025 -7.6811943 11.778606 -14.378105 10.028531 -8.343326 2.8734148 -5.336473 4.6769137 -6.6251163 7.01796 -9.162045 1.6925396 -13.537819 -1.3564383 
