-567.6044 164.70247 28.47951 33.004013 4.407414 30.268578 -16.413208 16.465534 -2.4967616 8.184581 -11.376049 -3.2909026 -4.748495 -10.593485 2.4428537 6.4535847 0.31520027 4.7946725 -5.461809 -3.5923717 
-549.4675 161.27718 31.001974 32.812675 7.796183 25.64534 -9.939101 15.032432 -5.9920673 2.6067913 -13.285221 -6.032729 -3.9100575 -8.948039 -2.4390647 -0.21363269 -0.44423836 -2.2354412 -8.06576 0.02043157 
-536.0532 163.7746 42.333332 25.170858 1.046627 19.987612 -9.559638 7.4206533 -5.4791937 0.079145804 -8.101477 -6.382698 -1.0859996 -5.707497 -0.8218127 -0.6915078 -6.2501593 -2.3585103 -5.684325 0.45502222 
-471.3573 180.00581 51.666542 18.85303 -4.404043 -0.1314606 -10.929893 -2.198617 -4.109989 -4.30026 -15.974041 -11.563953 0.17156148 -6.6275616 -7.129175 3.4478133 -6.5161223 -0.9728065 -11.042969 -4.7237 
-408.89703 126.18738 38.240013 31.744785 17.245358 5.940353 -25.488792 -12.294505 -12.73233 -2.4640212 -24.680656 3.323714 5.3055987 0.13607651 -6.3082776 2.161173 -2.0093312 -0.8089619 -11.95472 -7.1116924 
-386.15512 142.16742 46.719635 14.969901 -11.743021 8.928265 -13.068977 -6.8480945 -25.309422 -17.956093 -19.260624 -3.5420778 -0.15117233 3.0540178 -3.0984192 0.52986294 -7.8921146 -3.4580898 -5.4778643 -0.059303284 
-425.4563 111.17809 53.795574 28.753744 -3.1247213 16.034506 -4.29147 -8.106608 -12.783878 -3.2349577 -17.74224 -2.4280674 -10.847852 -6.0060387 -6.13098 2.7650201 -4.998113 -1.7291789 -5.0266056 5.389122 
-387.21033 191.30803 -10.289556 20.568024 -1.312613 6.5182705 -14.083969 -12.40157 -16.596058 -8.0231285 -1.9502656 1.874124 -1.2037917 -0.050695803 -5.3393803 -3.4205863 0.5367158 4.8529243 -10.184067 -1.420325 
-405.38147 76.15863 40.67191 27.535849 9.987203 10.813054 -2.365881 5.415479 -12.252974 6.3792815 -23.59412 10.733309 -11.468052 -2.3350637 -9.750164 8.0392065 -8.633738 2.7377965 -14.057299 1.7079079 
-414.73645 100.39091 45.605858 43.72655 9.011127 3.2831876 -8.181625 5.0969014 -20.113663 -6.4011674 -17.824892 13.663227 -15.917857 -2.9232562 -7.5469317 14.91845 -4.373139 2.7216117 -11.68727 1.5231093 
-414.47797 181.03505 0.96207726 -6.986308 4.237423 16.826035 0.106314026 5.501065 -10.227694 -0.06981337 -8.111275 -3.6395748 0.4095006 3.4529104 -3.8653173 -2.115734 -4.8581395 1.278337 -8.8933935 -7.5823236 
-421.3488 194.10718 23.137184 12.534847 -34.182964 -6.3297524 -2.19172 0.03853459 -6.1900997 -0.19934961 -9.216312 -10.326814 8.432123 9.949692 -6.8604674 -2.291726 -9.141347 -0.5355121 -2.7861834 -2.130064 
-419.03308 184.99896 27.307184 33.977474 -30.005455 -15.054646 -15.709654 -8.397221 -7.938036 0.7665239 -6.299298 -18.818413 8.648353 11.32876 -2.9141486 5.616392 -8.030903 -10.187382 0.89111984 -10.892149 
-466.57358 165.80878 29.155968 22.399193 0.70678985 10.351874 -8.305914 -0.98754376 -13.029734 7.3181677 -6.4113054 -9.997683 -4.396351 0.47517696 5.725351 0.84486604 -12.779466 -0.45402548 -3.5575137 -8.02288 
-500.15305 162.7558 -1.7418194 31.935678 13.274923 30.109184 -13.01498 5.9357057 -7.666747 12.083592 -9.050647 2.3127477 -3.352699 -3.3434556 3.0580103 -1.1615095 -9.492648 1.8880585 -4.8814883 -4.365849 
-518.2661 167.35446 15.292179 35.33873 12.936558 27.646982 -15.196667 -1.4043005 -10.753339 13.363466 -1.5146947 -3.128896 -4.749975 -6.9012737 -1.0777586 -8.175614 -9.810024 3.0694573 -6.3692417 0.12669468 
-540.0951 165.15869 25.63515 35.438503 10.188531 22.998999 -20.551497 5.6891747 -10.250087 19.191032 -1.8139201 -3.8345761 -3.8123758 -11.674357 -5.452191 0.80492306 -6.64623 -2.9368193 -10.182458 4.501426 
-511.7634 166.26718 30.76205 19.040323 10.427068 25.145199 -12.232311 -5.5271664 -10.832746 7.2908993 -1.6914093 -10.536671 -7.586005 -11.899397 -0.9292468 0.6584861 -3.166247 -5.502561 -4.964474 2.2614622 
-425.0632 167.04846 11.662513 28.005564 14.773075 18.01715 -23.62925 -7.7708836 -5.75197 2.213027 -11.335541 -12.5874 -2.57619 -6.450601 -5.0897813 -0.9984071 0.6702027 -1.1774654 -6.44564 -4.3576965 
-400.29007 148.91725 20.106861 21.266224 20.6383 12.900052 -15.312683 7.203782 -15.116128 -7.8825793 -6.8667684 3.3406813 -2.8877268 -1.1563699 1.7447515 1.8181589 -4.12929 2.9737036 -6.1869054 1.4073412 
-377.7623 155.34088 17.335129 5.326156 -4.290664 7.7588162 -9.706951 -7.3256803 -24.852673 -6.838685 4.1620035 5.236141 -2.7273011 -1.2633318 -0.80855465 -4.032438 -4.238879 -0.4188453 -6.854688 -8.116365 
-387.6825 142.35893 24.927338 12.221186 15.50589 6.576095 -22.906715 -5.3999424 -17.383606 -8.515228 -5.9087715 9.0683565 -6.8651648 2.4107695 -2.473602 -8.560613 -2.2828932 -0.85236716 -21.343401 -6.459101 
-422.42166 139.60909 23.968607 10.3625965 26.13951 19.228065 -24.197662 -13.085224 -19.19814 0.9032868 -8.232289 2.8092184 -7.113861 3.5801709 -7.0364976 1.5928794 -0.21880811 -2.6112883 -14.531901 -5.183109 
-385.00824 144.57167 8.946913 35.00962 10.835175 18.198086 -24.118155 -19.259138 -18.28641 3.9184232 -12.966384 -4.8763494 0.93189263 8.557359 -13.61755 4.1276913 -4.6394315 4.992628 -14.284465 -4.827583 
-414.16675 108.294655 45.289597 26.159103 14.131479 18.628878 -3.4778519 -10.27698 -11.247991 -4.1764145 -24.720953 1.6026005 -5.01793 0.7009716 -10.818974 -1.538146 -5.3325915 6.316585 -6.2038546 1.3089122 
-399.28564 114.874176 34.506634 29.500824 10.068822 14.239246 -12.2474785 0.3368595 -22.869757 -3.5078173 -17.078558 -3.6680603 2.354394 3.9863586 -6.0293365 -1.8130041 -6.223255 -2.1183896 -3.0631368 -1.4652905 
-410.69107 172.64648 5.7332067 13.724653 1.0455176 17.845692 -6.9162827 -7.044522 -14.930959 -10.224912 -8.05368 -4.3410106 5.303526 2.3808584 -2.3824964 -0.9045194 -6.514885 -3.2320154 -12.644555 -1.5686489 
-386.15277 174.76059 -15.318785 27.971872 10.213683 -13.1243725 -13.945445 -9.992741 -24.023516 -14.001292 -1.0735444 -2.1659062 2.059976 0.27449313 6.615949 2.7337632 -7.850807 4.4397955 -11.500394 -3.9944496 
-394.22232 156.09134 -6.052825 34.74681 16.306805 -1.711137 -20.38164 -2.5538435 -16.096184 -12.174313 -8.092869 3.6101363 -0.15274122 6.24476 1.9420779 5.6120944 -1.5868208 5.1210766 -16.038425 -6.2413654 
-416.88885 146.96683 16.674095 34.996887 3.0700896 8.213832 -18.922194 -3.679492 -25.178654 -11.559569 -14.883865 -7.7277546 -6.289304 1.9916272 3.7960272 10.234171 -0.40966618 2.355377 -9.547229 0.6823688 
-442.52536 148.15086 33.390396 41.24147 4.2647443 11.309584 -27.059658 -6.258967 -18.84583 -11.385316 -13.851032 -5.5037074 -5.791929 4.5380397 -0.26437345 5.6912723 -5.181732 4.088835 -8.010725 2.5477905 
-419.9077 154.41946 13.582813 14.173384 -12.585336 18.384327 -0.6428178 3.454584 -18.426594 -7.227366 -12.312915 -4.6294446 -3.7360492 1.8014643 -6.9712577 0.20993392 -8.198876 2.8488362 -11.387317 -5.415374 
-435.02237 202.30597 7.9947968 20.1201 -33.504646 -10.940148 -11.775067 4.9403744 -19.542055 -2.8414574 -6.6850486 -11.483889 15.601157 -0.37719166 -8.469895 0.06949728 -10.183777 -4.041587 -4.230712 -9.490828 
-504.96268 164.64699 28.764378 33.445553 5.183041 14.214872 -5.1657763 1.020664 -19.21081 3.37435 -8.544274 -6.806589 -0.3255968 -9.063505 -0.64403087 3.5734618 -1.6623191 -3.2626877 -7.0098896 -1.5629306 
-437.3794 135.15689 30.45244 38.754833 23.259388 1.6055235 -12.820428 -11.496799 -14.998104 2.5197635 -21.943468 -1.0707617 4.6858788 3.6212072 -11.375069 5.0489144 -6.546452 6.7327137 -10.681137 -0.6522617 
-457.04016 167.92216 39.21929 30.08002 13.312508 10.5384035 -14.165294 -9.406364 -9.259058 -4.441747 -8.116299 -8.068362 -1.853732 -4.411474 -4.711209 -5.1687717 -3.923475 -1.7011523 -11.030604 -3.4006414 
-418.5066 129.59929 30.9295 10.105432 20.894186 18.13151 -16.882645 4.601304 -11.231822 -2.077639 -3.8425555 4.1554346 -4.4743314 -5.764462 -5.879717 0.45605966 -7.5062704 0.99165314 -12.061069 -2.5029683 
-368.0155 159.91853 1.0895184 0.49718046 2.3461213 7.286327 -13.0648155 -2.512004 -16.721226 -4.2918754 -1.0502241 0.64722914 -0.96937084 2.017639 -8.895997 -1.1405358 -5.0140815 -2.2170272 -12.549989 -2.3088522 
-391.81393 130.33224 24.435972 15.74978 3.6510549 14.744106 -8.994387 -9.339794 -23.811478 -0.88004804 -1.7879431 1.5333381 -10.224487 -2.242239 -8.152217 0.6800891 -3.0118039 0.03624524 -15.377143 -1.7703081 
-385.21988 150.07597 5.9262586 2.786409 10.117567 22.477455 -9.214123 -9.192486 -29.337626 0.14059247 -5.7029896 0.2973799 -8.201968 1.4654789 -10.366829 8.275609 -0.809411 -5.734446 -22.294014 -6.1326923 
-407.2767 176.33487 -0.67013335 21.013039 6.6777463 5.8109317 -29.58908 -7.0908775 -22.228426 4.697995 3.2206178 4.205551 -11.5250225 -5.757008 2.348284 3.053738 -1.2683482 -1.8942021 -10.149181 -1.0070057 
-351.69028 176.70697 -24.566402 14.176749 -12.667542 -1.8746855 -38.107132 -3.8938646 -14.405709 4.801175 14.190303 4.2546573 -21.377583 -10.704646 2.2183878 5.842973 -1.6503832 6.7896633 -1.3531573 -1.2517774 
-424.42212 179.65083 17.669533 23.527193 -17.297503 0.57564706 -14.035341 -4.506327 -10.446189 2.9635673 -7.0253763 -2.8496206 -1.8087218 1.3875262 -1.8687456 4.644879 -5.2588844 -1.9507194 -9.372981 -3.7270193 
-452.08228 179.7509 43.567978 24.316362 -6.3552494 7.013489 -12.906322 -13.517391 -27.334393 -15.93161 -11.607463 -11.869984 -1.559669 -4.067787 -8.369491 1.5696521 4.7471275 1.8708749 -3.271766 -0.5291448 
-395.15564 172.18018 32.12416 20.06092 -27.107496 -17.869175 -15.731659 4.0193768 -20.008598 -4.4962745 -6.358725 5.610637 -1.2202748 -4.113303 -10.647774 1.1633207 -2.2250123 2.8714118 -4.1425986 -2.5356486 
-432.58746 137.2016 47.57104 22.010624 -14.759687 9.628837 -5.7450886 13.932539 -12.696693 -2.1459167 -15.007977 0.7474913 -1.3592153 1.2585303 -7.9819617 0.13172463 -6.288929 -1.6203562 -10.454853 -2.0624847 
-434.84247 125.57872 40.203854 46.820446 0.409387 24.801468 -8.547679 -6.335248 -14.225886 2.7462893 -20.661947 -1.6427763 -9.73645 1.1194785 -5.7974634 5.197871 -4.02825 1.5057005 -10.018131 2.8066163 
-410.11496 162.12967 3.4921129 30.466295 0.7535925 6.053481 -21.616322 -13.272819 -19.842415 -2.2952995 -1.3884441 11.013769 -3.2816515 -3.9010832 -7.8901005 3.9612758 -6.537362 1.2750936 -10.858772 -0.3362307 
-486.4171 191.63469 23.075644 25.398043 7.55456 16.50035 -14.6654625 -8.381123 -30.795336 -12.698512 0.19299394 0.73512894 5.518825 -3.8064134 3.93519 5.835472 1.6799656 -3.8957427 -14.615993 -0.63789916 
-508.64035 174.32803 56.92473 31.46917 11.877521 12.539266 -23.020256 -11.804691 -20.444447 7.7338543 -13.517671 -3.7908614 -7.2666135 -1.5301993 -0.21221012 1.438345 -2.6498866 0.90763324 0.2728097 -2.9790163 
-429.33762 181.35089 10.169561 8.90236 6.8565345 18.484097 -4.777665 -14.239039 -25.932817 -3.4247825 -3.199689 4.8620777 3.3777025 0.967338 -13.266499 9.239166 0.030212827 -0.74026424 -14.975094 -3.5552804 
-429.19427 181.78168 5.788316 8.1533575 7.263967 10.074187 2.3159554 -6.142974 -23.244972 -2.8478267 -4.5978875 0.17110845 -2.296419 4.0074215 -5.5207243 5.242348 -5.451558 -5.244782 -8.025326 -4.5806766 
-442.69196 166.64993 11.124496 37.626663 24.198471 -5.126636 -11.257069 -15.657772 -22.737928 -11.448759 -3.8925688 -0.95933247 -8.844551 -2.9155462 -1.4751128 3.2410462 -4.498778 3.143089 -17.071266 -0.21146287 
-424.70367 192.06097 5.4597955 13.635761 -14.833714 10.069961 -10.004921 -7.093072 -16.008713 -4.2193165 2.2120042 0.9128381 -1.9158641 -7.150613 -10.411808 -4.352449 -7.751814 6.782035 -2.405808 -6.78428 
-456.10568 164.36383 24.879913 19.34311 18.597984 8.921473 -7.6917768 -10.838762 -19.462759 -5.5362325 -7.671484 0.06965843 -0.91682965 2.217429 -4.6145506 3.584443 1.5551839 4.5383043 -12.497659 -3.6630678 
-447.5841 153.20367 12.836995 54.27598 25.422651 -4.823744 -20.62005 -18.474897 -9.666627 -9.147815 -12.165023 8.417176 -0.9581498 3.6989534 4.6872606 2.4894698 -7.918569 1.8560954 -17.66465 -6.527285 
-461.8812 182.55032 28.332516 39.40891 -35.92272 -5.872563 -5.3449664 -8.114333 -15.568129 -9.212292 -3.903038 -6.5436735 8.127728 13.357044 -2.6945353 3.4577272 -8.2388315 -12.102144 -10.417065 -9.049655 
-512.1316 139.4458 19.007362 37.500023 19.645073 19.925123 -2.1474974 5.91118 -0.21976157 6.882 -18.0426 -6.4011364 -4.1633554 -1.7440431 -5.206393 6.365335 -3.772808 2.5910075 -10.846242 -7.1445446 
-489.8145 124.56574 17.340683 45.138603 23.522133 12.584162 -7.259008 2.0128088 -0.5121493 -0.46483776 -16.475243 3.2884579 -0.37610367 -3.555626 -5.0272584 6.059199 -3.5783653 4.195915 -11.329934 -6.6188335 
-484.8112 119.182686 13.524045 46.65327 24.776222 14.2996 -9.073602 -0.050631683 -8.090837 2.9043622 -14.928395 -1.1348544 0.8814646 -3.8846707 -4.2689223 3.7770064 -5.694624 4.388782 -10.541647 -7.9868946 
-522.3609 150.60211 18.267061 42.678875 13.4373665 19.21898 -4.189844 1.0115298 -10.040291 7.4528427 -6.0543594 -6.5066037 -1.5263926 -3.5659626 1.3502204 3.9833882 -1.901829 4.7202663 -7.115837 -2.1371164 
-536.36255 180.89426 25.193645 27.714573 -1.3827668 15.162674 -7.1132145 2.7705007 -13.043432 7.3597894 -3.6272573 0.49111325 11.849167 -3.0098977 -3.8744397 0.9140556 -9.7090435 -3.4831798 -3.672062 -3.8837292 
-426.79706 195.90813 -1.9598918 19.574049 -20.164986 -0.70149785 -0.37708187 -16.887615 -6.9773126 -8.111809 -17.173864 -2.3831816 31.193481 5.4319553 -8.449593 7.134709 -15.896624 -1.6735778 0.20521736 -6.789456 
-446.02182 183.54062 9.28053 21.513285 -18.120474 10.073837 0.66580606 -15.757893 -12.197579 -5.6495323 -13.841663 -8.295288 20.364931 1.4773555 -5.970179 11.118452 -10.858628 -1.9366188 -2.2530077 -13.732496 
-490.70914 149.1236 32.089417 32.394608 14.712509 5.217634 -4.720699 11.94154 -16.149971 0.7329622 -19.145876 -5.3574486 -5.031745 -1.7832475 -0.054376706 3.6865857 -4.3101964 -0.6144661 -4.7151885 -9.269295 
-437.98138 111.64664 39.753815 39.890003 15.199947 10.496759 -6.951043 -9.991082 -23.605503 6.7554097 -23.757412 -1.0065746 -4.281153 1.8864225 -7.1106024 1.683019 -1.2624902 6.720129 -8.075187 -12.087319 
-381.41257 150.52135 -0.93975437 19.056684 6.952786 -1.5584505 -13.940769 -8.155956 -21.039288 3.2020934 -4.2440515 16.468794 -6.9868555 6.5997024 -3.7863612 -1.4652984 -9.377073 5.3367195 -4.109066 -7.9445376 
-439.01892 193.0156 -4.3858337 41.26621 5.28429 -5.7864513 -8.965877 -11.029979 -10.015315 -8.253217 -13.628134 -7.0647197 -1.0087441 1.4545488 -0.6670528 4.6850595 -0.7746415 1.8944948 -7.16535 -1.9591264 
-422.13367 94.92585 46.657387 43.75519 17.914112 -5.6423626 -3.5036173 -7.478919 -16.967411 4.283244 -13.743473 8.861178 -9.817317 -4.789018 -1.581943 6.4910593 -5.5378447 5.3076735 -7.756792 0.6234126 
-434.25482 151.23863 -2.275199 55.04447 24.735435 -5.8468804 -27.425253 -20.724901 -8.943348 -6.203608 -8.383216 1.5640411 -0.060503714 7.708262 2.4293468 0.1217236 -2.670534 10.918157 -18.356876 -12.629818 
-499.04172 168.49571 3.2461023 37.136326 20.387033 20.167137 -4.799587 -8.728929 -12.34638 11.365234 -4.492114 -11.475574 -2.13328 1.0842718 2.6138432 -5.486905 -3.8068783 3.159674 -5.743587 -14.185045 
-514.74524 170.30861 28.567543 35.576435 17.285954 26.129946 -19.712004 -7.7732773 -17.312374 1.4788691 -6.085679 -9.720771 -0.55733275 1.9735036 3.036145 0.6943233 0.2344065 -0.87370276 -6.9558954 -4.9717917 
-376.1173 64.32294 35.67913 36.069458 8.597807 14.732951 -11.991745 -9.093331 -10.16288 -1.4082427 -11.997938 16.768324 -10.457269 -0.5434015 -2.7331448 4.3004065 -10.625507 -2.7809188 -10.50469 -0.86958206 
-375.88617 102.930145 34.448032 60.17894 11.060881 -6.990885 -25.133127 -7.185595 -26.042196 -16.760994 -13.84554 13.295622 -20.781498 -3.535769 3.87068 11.524747 -6.72457 -2.2380462 -9.092672 5.4893217 
-405.93127 147.53607 12.437253 24.651691 8.86066 12.007595 -24.441267 -12.196197 -22.53195 -4.0032787 -8.427303 11.250416 -10.107445 4.2388434 3.3335936 -0.13315317 -5.6492157 3.5559912 -17.560957 0.2444032 
-440.018 181.2475 10.717729 21.540764 16.395563 9.216492 -21.076262 -20.791939 -23.567951 1.782309 6.611368 5.371676 -5.5608234 0.34034866 -3.4971297 7.4965916 -2.7583284 4.4024005 -12.535766 0.113699146 
-493.6255 180.76495 19.659674 18.831928 0.26642206 24.529068 -0.18847762 -19.266964 -22.819641 -2.556159 4.213302 0.112643875 5.884707 -3.9101038 -9.850566 -2.3221257 -5.403318 -2.1766014 -9.765746 -6.4689445 
-564.98553 173.66382 31.864006 26.729635 7.929139 36.170696 -3.5938196 12.945393 -9.748323 4.5775557 -6.2161517 -1.2368816 -8.086754 -7.7909107 1.4013973 2.4253454 -1.2282987 -1.3904777 -9.055418 0.53720754 
-518.9108 145.05214 27.998714 26.8098 0.08221695 41.57393 -5.6866016 12.936612 -17.36029 2.6375227 -3.7307026 -6.0432177 -8.734533 -5.4177594 -9.163146 2.263677 -2.801414 7.3793387 -13.013491 -1.0878521 
-366.1939 118.94453 12.077205 12.734922 -16.983723 27.963385 -11.229879 8.851876 -15.183199 6.2813287 -6.171634 1.0204738 -8.5637045 -1.9914093 -13.362845 3.163452 -6.1508923 5.754382 -14.249907 3.7528975 
-465.32037 166.61977 22.379171 31.096645 11.987145 18.813986 -15.761268 -11.077099 -13.15904 -1.9118165 -13.428403 -4.45326 0.83983403 0.18401596 -4.6981907 -4.9821625 -3.6519372 1.1948638 -8.501834 4.3097267 
-533.44604 180.2044 29.66195 25.178392 16.559446 24.52574 -7.1442547 -6.087979 -11.760691 -0.8771211 -7.508494 -9.98732 2.6717052 -5.972845 -3.1046038 -8.190814 1.6722838 1.6414294 -3.3520575 0.22156154 
-575.53186 169.52629 33.107307 27.529085 6.183724 36.520557 -4.8846574 14.86048 -9.296423 2.3624027 -13.434239 -4.6479626 -0.7841054 -8.19428 -5.647009 -4.4844437 -6.137606 5.722927 0.94673896 2.6202812 
-481.21414 142.29562 31.202911 16.309366 18.203382 29.666372 -8.83756 -4.222886 -11.2215 -1.6987069 -11.322878 1.9379735 0.02982627 2.490818 -3.5792532 -1.702796 -3.4945416 1.3250914 -1.9721266 -0.75181293 
-389.8781 138.22705 15.555337 27.164566 0.6686678 8.957021 -11.7188835 -6.5281706 -28.648014 -9.258825 -2.1060224 8.797771 -0.83421946 3.4148073 -0.1246313 6.356301 -6.6552086 1.0135472 -5.7363935 -12.052017 
-471.73004 168.6845 -3.983034 59.005466 5.5455866 18.046627 -13.875383 -23.065311 -10.653343 6.0594707 -8.661539 5.6459455 -4.849043 2.3997192 2.3395872 -10.844779 1.5763235 5.6437263 -10.899122 -4.990694 
-493.2137 145.70853 36.080017 28.597277 -3.0426843 21.522812 -1.4014895 -6.672491 -6.4864087 2.7124114 -15.500671 -5.9115987 -2.1560688 6.1400814 2.1796806 -3.6061342 -9.583595 -2.9419255 -8.851353 0.25555614 
-560.2615 166.51471 33.367897 29.446432 14.974402 31.896484 -8.901814 14.2547865 -0.34347206 4.2815604 -8.453454 -8.212119 -7.409595 1.4455299 0.46558046 -3.365572 -6.6410074 4.934303 -2.1735182 1.8010199 
-559.3396 168.36353 29.566854 29.675493 12.150936 34.835773 -7.6798344 14.122601 -3.0549028 5.893574 -6.285029 -3.9415462 -11.641496 -5.360445 1.4320325 -2.1001368 -3.569544 5.6056995 -3.088952 1.3657397 
-536.9352 180.81767 21.082438 23.016357 -1.9323921 30.78737 -3.3703485 15.765032 -14.115665 5.9601736 1.1272022 2.8852997 1.2309736 -7.4190106 -4.0431294 -5.7284064 -6.403065 4.9813943 -5.4745264 -1.5286661 
-479.43744 167.49721 -5.658428 28.974792 -6.8931007 18.82455 -4.948703 4.650461 -9.398236 16.424557 3.0815897 1.618189 -5.7027597 -10.385363 -0.6105321 -4.3118644 -10.178774 -0.16481113 -5.000881 -2.7164893 
