-206.3256 86.386345 -18.23377 43.047066 -2.921115 10.721023 -19.565666 -34.36507 -18.822186 10.766037 -1.2021866 -2.32503 -15.100379 31.38779 -24.157457 -16.307238 -6.624934 -5.316534 -15.100645 -15.373503 
-204.23134 95.13786 3.5971675 6.687512 -16.25044 16.48774 -9.406227 -24.611094 -18.878242 4.4194627 1.4089391 -4.8820815 -7.0098047 18.821924 -29.431145 -5.157758 -12.862644 -10.579793 -19.580435 -4.689524 
-196.68488 111.64126 -24.739275 21.423132 -13.412216 14.307186 -5.8840084 -30.10909 -23.344788 4.074346 -10.25625 -5.5905576 -5.6201096 24.436558 -34.284855 -2.72192 -12.571747 -0.9704996 -12.432941 -8.952431 
-215.01839 137.06406 -23.353525 9.025889 -2.126533 16.060923 -4.4585185 -29.719551 -33.75729 16.253115 -11.97984 4.7299514 -11.9323 14.293941 -17.69758 -10.818071 -8.636051 -12.35053 -7.6280756 -2.7161539 
-273.4581 161.23817 30.013187 11.755711 -10.421458 -8.74316 -11.391902 -12.225507 -37.197544 8.545427 -16.319235 0.78885305 -7.4302006 8.01663 -6.347516 -11.527541 1.9537907 -6.7507954 -0.8879615 -8.262478 
-278.60898 93.089005 39.24461 38.2085 2.5075352 8.165924 -21.547306 -10.131815 -22.167274 -3.5036478 -13.965537 -1.119112 -20.928505 10.600035 -15.417818 -12.461874 -3.279775 -1.3430629 -14.042489 -6.0391884 
-258.12457 118.80721 35.37851 18.903597 1.8249983 -0.47831684 -21.667837 -1.2501068 -37.415417 -2.917407 -24.161522 3.0195034 -7.5424347 12.367985 -8.850336 -7.190835 -7.583251 0.61287457 -13.665938 -8.6077175 
-230.55779 146.01126 -3.51656 16.587334 -28.686388 -11.201126 14.832432 -19.923082 -37.36909 1.6180357 -18.690346 1.09117 -1.2651702 7.944446 -12.577492 -14.924866 -0.6178254 -2.6502254 -9.717284 -3.7066655 
-312.16003 177.51738 -12.625362 21.519459 -3.5623097 -6.858087 -6.1236954 -14.143667 -25.007774 -0.9480512 -20.166435 3.6932514 -2.3272927 0.9142023 -3.694469 -6.0426373 -1.4019285 12.023281 -8.229392 -8.031291 
-307.68698 162.3161 5.230366 33.138683 11.116428 -5.7444205 -16.508827 -16.47999 -32.96627 -4.1163864 -9.240406 -0.51263225 -8.2523155 12.323996 -5.3040257 -2.6765726 -1.1668911 -13.038955 -6.9672737 -15.076243 
-240.00052 110.10807 -12.245858 34.02321 10.42361 11.876188 -14.079555 -14.649109 -29.359535 0.026962493 -13.293882 2.59837 -13.77019 16.871902 -23.150888 -11.920859 -0.29167074 -6.9982905 -4.3798428 -14.251354 
-215.73041 129.57056 -42.809673 30.073294 -3.7588704 20.147999 -0.6339336 -32.034203 -38.016815 16.885872 -15.246153 3.7565622 -5.4224215 16.778988 -16.62217 -12.686095 -9.840679 -9.165747 -9.1235285 -3.9657156 
-296.50183 138.87346 9.4153185 43.54704 10.053845 -1.7176987 -18.536951 -14.534548 -27.269863 11.952498 -12.104391 -10.044344 -8.716942 5.2830286 -9.15881 -6.4853945 -6.621457 -1.4084892 -11.2104225 -4.8723936 
-232.78377 120.330605 -3.1545613 0.29942405 -20.381723 14.254711 -2.359832 -15.143136 -28.983625 16.270023 -1.7205019 -0.83373153 -16.504086 3.9791594 -21.761663 -7.1418695 1.4605026 1.5979291 -14.607403 0.14874183 
-339.80533 163.61584 7.0435658 -4.787176 -21.099434 3.0122728 9.287763 11.522139 -21.483265 3.7953334 -12.169512 1.3133477 -3.2058 -1.6268601 -17.121002 -4.367103 -7.640576 10.455373 -5.4247904 1.8216746 
-423.76367 128.4139 14.308165 30.051327 14.343556 14.762371 -4.559746 10.942459 -10.148357 11.177703 -13.682087 -1.90367 -7.614661 -0.04074008 -8.133312 1.2985663 -12.135992 3.724186 -7.7662525 -0.98075557 
-379.65564 104.23798 12.189617 34.414978 9.611416 12.750843 -13.961651 16.138527 -19.49829 6.6230454 -6.9911375 -1.9501572 -9.831777 3.666921 -6.1221247 -1.2782683 -11.550287 4.2642407 -8.853275 1.5821809 
-270.11078 54.183926 -7.7818484 40.00232 0.90953106 16.11763 -7.796465 10.565579 -23.65537 5.5153985 -1.4732838 2.4424732 -6.099911 6.1543355 -4.2704797 -6.391616 -12.030804 6.47637 -11.865144 1.1931424 
-278.10776 68.78032 17.53976 41.055447 1.2133124 3.9384985 -19.372444 9.709487 -30.709232 9.836204 -11.750246 -4.570284 2.0999413 1.9521539 -7.1660137 -0.8041189 -11.383129 0.011610455 -14.768544 -2.3825388 
-233.29828 102.86606 8.154491 49.348484 -3.6290371 -12.990776 -15.37505 -12.450085 -30.621904 -2.4986868 -16.873146 8.670402 -19.470772 2.8084848 -1.3016036 -2.031358 -7.2287226 -13.873248 -4.7704525 -11.862457 
-242.01573 103.24105 43.988476 11.685056 3.2693777 0.47175747 -13.833648 -16.572765 -31.9072 2.1782389 -12.285881 4.922521 -11.111599 10.046814 -7.818366 -5.2773647 -8.283901 1.377896 -18.551788 -3.1435938 
-240.19556 148.18568 16.755444 5.5168705 -10.351844 3.0789304 -10.878725 -20.842756 -46.74708 2.3914948 -7.5248404 12.584053 -6.8145328 12.815852 -8.116299 -10.419257 1.8109025 -4.3241715 -14.215262 -5.7482724 
-257.16718 130.77711 6.9053693 29.361277 3.0559988 5.7120433 -13.052746 -26.762993 -41.411407 15.412543 -5.416455 -0.06474582 -10.484238 15.137975 3.0243623 -21.946556 -0.052043278 -4.172384 -14.748189 1.5145326 
-322.3446 169.42355 10.555042 17.071844 -22.160898 -8.246983 3.4724422 -9.693827 -24.774712 9.643812 -16.006134 0.12440077 4.4361796 -3.5380564 -2.9939675 -1.2795047 -11.317756 -0.70486164 -13.063102 -9.658104 
-267.43494 134.1027 11.731408 28.720324 -2.7438397 -9.820453 -8.325887 -9.278714 -35.456314 -7.079792 -15.004627 6.599293 -3.7077365 9.596558 -5.1510906 -10.564983 -5.5667973 -5.283946 -2.931021 -9.158466 
-258.6136 102.44057 27.044199 27.356054 -11.995259 -13.558364 -11.991414 1.9662069 -42.246906 6.347517 -20.793127 0.299054 -1.2218857 5.180157 -7.4396005 -9.1716795 -2.265626 -3.283848 -10.988743 -5.5410204 
-261.65002 116.97382 -0.31875739 51.28178 9.97279 -9.964618 -27.766573 -8.85701 -34.53694 0.8991342 -21.272434 -4.7155643 -9.3885355 5.1546736 -5.519949 -12.502271 -3.4777598 0.5017594 -13.290255 -2.7572021 
-308.47565 136.15005 6.6233773 14.309459 4.372434 21.561344 -18.393314 -17.471663 -41.156155 1.9495722 -2.4323168 6.6844463 -3.6111357 15.409864 -11.186326 -2.641634 -4.2642303 1.7713325 -12.808197 -5.72958 
-385.52618 139.107 15.455512 29.628187 7.379447 11.244485 -10.263721 -2.5251627 -25.463526 10.364154 -13.211697 5.4789867 -2.5530977 6.4112854 -13.741411 2.6622634 -9.897468 4.9612155 -10.298824 -5.5689435 
-356.91467 93.4068 26.350315 28.725075 10.297325 11.203848 -7.155744 0.22113545 -14.562402 16.704731 -13.066068 -4.4429398 -4.29925 9.140507 -15.65305 5.690799 -10.389429 3.2849576 -13.967149 -0.1592238 
-178.28113 128.99123 -15.938705 7.059663 -25.105812 -6.083324 -5.319034 -15.863392 -27.826668 2.7480116 -8.718361 2.885927 -12.116855 26.190918 -25.350706 -8.145772 -18.960754 -7.7874856 -10.013832 -9.118772 
-256.39786 134.45436 11.3334255 24.059383 -15.297192 12.305513 -4.139381 -24.706823 -29.68533 -3.2120204 -3.2981334 -2.9481566 -9.401824 13.305868 -26.339695 1.0414761 -2.6561167 -6.0009856 -4.2097654 -5.1602135 
-262.5072 111.39733 14.433936 30.0735 4.197118 6.0419636 -1.3768764 -32.757732 -29.140673 8.656284 -11.982986 -9.162912 -22.236214 23.298662 -14.334065 0.015561421 5.9017644 -11.31712 -6.106833 -4.797385 
-269.01514 122.44177 20.477852 22.15749 -10.316166 8.177937 -6.879342 -9.536095 -30.981712 -1.2017434 -18.616817 -4.351796 0.48904493 7.495252 -14.324182 -8.504966 -7.218607 -4.3023043 -11.136258 -7.3861217 
-310.7823 155.47432 19.811714 12.067304 -10.363722 -9.257119 -7.359336 -0.5986657 -14.721416 -1.6911466 -12.839779 1.9007261 -3.4114304 4.4851813 -6.735178 -7.198807 -12.64601 -5.746815 -10.33283 -11.86152 
-247.80843 145.39793 4.9005475 23.620537 1.146386 -5.934892 -20.569862 -17.905476 -27.585014 7.1495914 -19.742037 1.1958238 -3.9745598 5.5804467 -12.507602 -8.261604 -0.8358411 0.85182834 -10.153452 -2.4258204 
-215.75366 139.05577 -43.621346 32.795696 7.7989826 -4.931315 -17.380669 -19.88713 -26.380991 26.127672 -19.923143 -5.05261 -7.497829 11.455633 -9.388168 -12.322653 8.362955 -6.356882 -8.524149 -5.5784492 
-273.9024 103.7128 5.852812 56.449173 12.2619095 -14.565116 -13.199331 -10.383428 -37.606956 11.171581 -10.957143 -2.858058 -5.3035536 11.195101 -14.6160755 -7.4331217 -1.7112079 -6.2367783 -10.09085 -7.1762204 
-280.7211 109.65529 22.241308 32.580654 0.84527355 -2.6111388 -4.03897 -5.489596 -41.979427 -2.4360228 -16.229364 -0.33451045 -11.062028 14.108526 -9.547418 -5.203001 -0.24980338 -1.425385 -7.4557157 -4.45309 
-303.02484 124.41778 32.423843 17.456741 8.940092 -1.8349376 -3.2345445 -16.517866 -37.418133 -1.1212388 -11.444505 0.28379467 -5.122902 4.4916306 -5.6117663 3.894685 -0.60948765 1.0487787 -14.806974 -5.10278 
-265.3143 163.46199 -14.851414 12.2371025 -20.862904 -11.667091 10.763854 -9.453442 -44.24568 8.812304 -5.8948417 -0.1411497 9.672901 1.7722106 -19.859337 -10.633439 -4.790711 1.2855431 -11.581656 -1.1447406 
-212.75816 141.96765 -39.126266 21.370033 -9.545451 -1.3274451 -11.848568 -17.007236 -25.454151 10.949364 -7.639767 -3.8004565 -15.044846 4.05674 -15.713201 -8.560032 4.1291614 -12.767031 -2.5591843 -7.1241226 
-283.1388 103.935165 13.643226 62.51639 4.8004313 -20.672237 -1.4807407 -10.392986 -37.205948 5.3675785 -15.6609535 1.2605302 -6.0811987 3.1594691 -6.0057583 -2.6470575 -2.2507722 -7.3926425 -6.1821127 -5.3368273 
-326.6007 94.23144 47.666782 40.40352 6.5863557 3.4349217 -16.193308 0.24649408 -27.964563 9.050228 -19.794708 -4.485498 -5.6761746 1.8536688 -14.986012 1.550105 -3.9707043 0.77133656 -9.408352 1.113526 
-290.6142 52.35213 48.005875 61.553223 -12.150831 2.894764 -5.6842384 -1.1446618 -25.373009 1.6165695 -20.412258 -5.3259563 -12.958239 3.0073385 -16.129333 1.1378814 -7.9198422 -1.3113064 -10.884812 0.61154675 
-287.12424 154.57101 -21.003798 22.43089 -10.151925 13.765427 3.5690129 -15.47559 -33.224323 9.920559 -12.313183 -6.7989674 -1.4516594 3.3825994 -14.640082 -5.9299927 -4.6890044 -2.7968936 -8.544991 -7.97666 
-230.5625 125.47198 -4.995031 16.311651 -10.310928 12.495275 -3.5479593 -27.980648 -30.969675 6.9514084 -6.9815726 -4.765534 -12.851872 20.117443 -22.585915 -6.364224 -5.296664 -10.540521 -15.374729 -2.1576042 
-233.88905 114.109825 5.3462534 24.918388 -8.971241 8.62921 -6.465123 -26.41498 -30.262735 4.039066 -3.2617471 -5.5562077 -14.7049 25.013088 -17.373144 -10.270229 -0.983584 1.0026239 -13.281908 -2.0002713 
-239.97478 158.61269 -19.95164 13.408286 -12.87105 0.7360713 -3.701575 -17.323318 -29.13225 3.6542253 -5.9144797 -1.7489364 -6.81641 0.60316306 -9.767884 -12.518282 -3.5610514 3.92121 -7.8621163 -1.9788153 
-259.4756 153.4043 -39.38504 10.017667 6.342323 13.513605 -2.018616 -2.6955147 -31.800999 17.905327 -14.497661 -12.470212 -4.2170095 2.720758 -4.4675064 -11.211953 -1.8993075 3.2390416 -18.522486 -1.5887284 
-298.90442 140.0304 1.9503454 28.713701 1.0666796 2.4065723 -15.56422 -23.40096 -30.721395 12.167575 -8.578325 0.10250738 -6.5019565 7.4702377 -6.634082 -13.77783 -6.5181775 -9.026821 -15.086675 1.1237223 
-274.77502 151.26828 3.5077794 17.800089 -23.336987 -2.292673 5.3103166 -20.049398 -24.823917 6.307092 -18.130114 4.571859 1.25367 7.5088863 -1.0917186 -9.083141 -10.450298 -5.7350683 -15.69027 -0.9781873 
-246.3348 104.27599 -0.669554 6.2722554 11.726842 11.452615 -9.02227 -10.241154 -24.582205 14.107544 -9.360574 -10.1248 -10.22977 18.796429 -15.401152 -8.664486 -8.114225 -2.2410367 -16.361319 5.19462 
-292.55362 145.38968 -40.591133 22.367807 8.259864 6.6763306 -10.093938 -2.7179651 -24.128447 15.699892 -9.995386 -3.8405085 -7.751063 7.12254 -14.801182 -12.273735 -8.889128 8.145901 -9.371131 6.8449354 
-258.2595 151.66086 -66.34164 27.937754 8.042695 -6.652564 3.9581642 1.0660439 -21.73816 21.008772 -15.331007 -7.5213113 -3.84415 8.048557 -13.046474 -6.876169 -0.6295452 1.4277349 -9.799169 -5.470583 
-276.10638 161.26009 13.037979 9.4534645 -28.450544 -6.644657 0.81026757 -3.8662143 -21.828907 2.3393366 -13.65858 1.845056 -3.4310164 3.3450823 -9.427013 -12.969626 -1.2785401 -3.9164777 -5.3920193 -2.8285472 
-290.37442 107.782196 41.165176 47.350483 -3.656258 -7.982217 -12.695507 -6.5402064 -25.072018 -4.1930847 -10.315929 -2.2998211 -9.391203 2.3344026 -8.567083 -0.61495936 -1.9561291 -2.7430556 -8.440233 3.5709848 
-334.94998 149.82953 0.91489995 36.691578 6.613752 1.516225 -14.112037 -22.118319 -30.014235 15.660575 -13.870003 -3.0220537 -0.77355 14.509199 -3.909963 -7.3491592 -7.081682 -4.555845 -9.198252 -1.8987868 
-422.37875 130.83255 11.911329 40.205303 13.014579 11.185553 -7.1818337 11.477308 -13.924691 7.990092 -9.756672 -0.016599337 -3.874297 4.288463 -7.532742 5.1022825 -9.4173765 2.9585469 -10.4004755 0.6726295 
-271.43756 134.67879 -6.6455526 71.411644 0.4023336 -25.467918 -19.604824 -11.036674 -20.26812 -6.5378046 -17.745358 12.151544 -9.055334 4.818357 -2.9764745 -13.406365 5.579072 -12.414637 -9.313928 0.056897324 
-266.57684 168.46068 -1.8612622 5.72164 -26.275688 -1.1130922 -7.2394505 -6.2646623 -34.047394 6.33038 -6.2459164 10.742069 -6.112602 13.9452095 -4.805155 -14.634884 -5.658862 -6.196593 -20.315294 -4.289606 
-325.9786 174.74306 -13.841869 1.5794843 -8.181894 15.935896 12.39764 0.533502 -42.931683 -1.5310485 -10.260757 -0.57096046 10.824646 1.3446403 -17.454092 -7.282223 -11.295263 -2.4778986 -12.046736 -4.5895786 
-282.40793 161.26286 9.16513 8.373278 -28.182962 0.45158747 -1.9840505 -8.979555 -23.830086 -5.808687 -8.126837 -2.5240693 -5.408057 15.824529 -10.730267 -10.615404 -6.627602 -6.547325 -9.357441 1.4878552 
-242.83673 123.81554 -2.5138013 22.030615 -4.6717753 0.37298498 -12.548792 -21.444563 -31.094017 13.155415 -1.5776782 5.0637746 -25.499193 17.384474 -4.6208363 -23.460268 0.5325696 -9.3954 -13.940159 0.11995636 
-351.58423 108.99115 3.3500595 40.280773 16.829433 11.849659 -4.3629203 -0.24994871 -14.158665 11.5774765 -9.976352 -5.0105877 -3.7873335 9.645555 -13.831236 0.19338873 -9.293105 4.8225613 -12.880436 -8.0840225 
-365.3202 150.72322 20.478573 27.402687 5.151852 -0.5684279 -7.0705585 -6.944075 -22.242516 -0.4403498 -10.35361 0.5753091 -0.808839 4.346686 -6.7259846 -2.5024037 -11.371168 -5.611852 -12.344816 -3.4076548 
-180.65645 126.00366 -42.557182 15.446345 -20.701637 15.182552 -1.5493953 -28.82039 -25.269804 9.049655 -9.742278 1.5954814 -7.328971 12.516955 -19.177223 -7.9411216 1.0012552 -11.078368 -11.734468 -4.845408 
-260.11322 81.7807 48.44131 9.410831 -4.7701807 8.968201 -19.628609 -1.0595655 -16.815008 5.8507767 -13.774256 -8.96925 -9.596287 9.020576 -25.01661 -5.668085 -1.34708 -3.8594954 -16.294176 7.0461655 
-260.7069 144.12206 -25.129473 14.923235 0.5474626 9.493508 -5.7805347 -6.826478 -33.924023 11.281948 -18.115234 -4.178289 -7.7943397 4.9132175 0.8372668 -14.414802 1.2595842 -0.6556456 -12.442987 -1.6624639 
-282.557 146.3474 0.7245212 17.474022 -0.77401227 3.0627196 0.3243904 -17.773468 -31.0945 8.330225 -7.2903843 -0.5330223 -5.5252357 5.914149 -10.445148 -14.34831 -7.5778623 1.4201374 -19.01263 -1.039286 
-280.1628 176.34503 -50.68706 8.369995 -13.1065 19.636574 25.81913 -11.832031 -44.059986 7.523514 -5.4557858 -1.2833 13.979836 0.23139614 -20.705387 -8.058351 -5.3140416 -3.1184406 -14.852343 -1.0224891 
-200.07402 135.99918 -56.484493 15.826697 -22.451784 14.650133 -2.327429 -12.981847 -36.011597 27.108578 -16.014511 -1.3836653 -18.390915 9.714527 -4.7077646 -21.891575 3.9011624 -6.756426 -18.146946 0.0019779338 
-272.30795 67.96939 45.29446 45.565434 -7.52884 -3.0487683 -8.694058 3.0797389 -31.098764 6.1823664 -9.793981 -8.542366 -14.394686 0.23920925 -12.369535 -1.3628994 -5.3765965 -2.083509 -7.9887304 2.678449 
-327.26617 92.232834 54.938103 53.247284 -2.2512064 -2.5537376 -11.18914 3.3355963 -23.200155 8.321395 -12.861806 -5.6893106 -11.674201 -2.2286367 -11.503511 -0.41027614 -8.938631 1.9699427 -8.425083 -2.222604 
-282.20813 131.55354 -21.359922 67.69915 23.017574 -28.9253 -10.692342 -4.0427995 -41.146744 12.858351 -24.570301 1.9541289 0.7219943 5.3442817 -8.142808 -9.438516 -0.9939247 -5.360332 -10.256179 -3.2131474 
-245.32652 123.8259 -18.80233 30.02694 2.51232 -3.4413836 -5.772417 -12.134096 -27.6756 14.596554 -11.231732 -0.8925725 -8.884136 10.891793 -15.131573 -15.225536 -0.4497882 -11.853059 -19.876278 1.315208 
-226.31546 115.88162 -8.385347 -6.5856953 -10.432944 10.307372 1.2186589 -13.244129 -23.666294 9.865681 -1.5669619 -4.428101 -10.053696 9.910198 -14.646155 -7.7445517 -8.383324 -1.4389102 -18.477283 7.560438 
-304.0105 101.634125 11.035364 -9.296475 12.69285 24.5562 -1.3663377 4.8238635 -31.845734 11.736658 -7.964592 -0.9978841 -4.017777 11.16024 -9.08035 -4.266204 -7.3773246 1.3258239 -12.913368 4.2824764 
-313.97205 153.21075 27.744038 12.025071 -3.1773825 0.07186666 -0.7001577 -6.6229706 -33.25501 -3.0401623 -12.569084 8.011831 -4.973515 12.057928 -6.970971 -5.8506584 -6.033322 -2.0289252 -8.1550255 -7.372116 
-270.99442 78.02893 50.86537 22.118103 17.085548 -2.3410678 -22.062387 -7.3569584 -22.541643 -0.5556401 -19.568626 -0.80058753 -16.172794 16.16331 -16.280428 -9.115394 -0.8080699 4.4951673 -16.690905 -3.8142738 
-358.67792 107.793076 14.099667 44.308907 14.844428 2.385134 -12.041714 -0.5287678 -16.936535 6.6275077 -17.519659 -1.9535499 -5.1386547 7.676697 -14.907379 -0.6028002 -2.0820265 8.522368 -9.747613 -5.6392317 
-311.25302 129.95178 7.7768044 33.768505 -1.0264615 -6.4165688 -0.7381408 -14.20371 -24.896553 -12.17129 -4.5137234 5.187587 -11.113587 14.712328 -17.965607 0.74316114 -15.463772 -3.7989268 -5.7917337 -11.094915 
-279.47266 129.57578 21.854586 32.15888 -5.610097 -17.365767 -1.172093 -10.46072 -29.167036 2.1248379 -12.305138 2.3720732 -23.46168 22.064812 -8.432491 -8.716795 -3.895364 -13.71441 -3.824554 -3.18501 
-300.44342 170.47533 8.039636 16.762794 -5.799009 -6.832569 -7.8299494 -10.924615 -35.74191 -3.7471898 -13.747175 6.1971765 -6.8186703 4.1623373 -6.2821865 -10.138989 -5.1532526 -5.5742903 -14.7947 -8.116115 
-242.21379 146.21638 -29.776014 20.608603 -0.69559884 -9.662057 -6.4633374 -16.900682 -38.521748 33.311314 -8.559245 1.8223605 -6.060446 -0.908723 -8.2704735 -21.485758 -0.7702996 1.5709739 -12.551722 2.6111066 
-311.28223 125.77077 15.597195 34.76631 15.129072 -3.275998 -15.722309 -21.498886 -21.910667 12.780163 -20.042076 -10.027516 -3.020473 13.682589 -11.615493 -11.190142 3.933737 -0.029863928 -12.1575575 -2.8410993 
-286.12173 91.463 25.405003 40.814575 13.635136 -11.15707 -19.843563 -9.684926 -18.075823 5.307054 -26.352568 3.3301876 -4.110455 8.660213 -16.232449 -9.050972 10.290578 -8.53653 -18.249418 0.23575671 
-319.89435 79.211205 60.770107 38.35972 7.955138 -2.335272 -15.328389 -2.2513936 -28.177437 4.715416 -20.895592 -8.086579 -3.1208236 -0.15080568 -17.40445 3.4043365 -4.1363297 -3.8722181 -13.595184 3.8444192 
-362.36908 153.24893 40.355335 30.651628 5.4181747 -3.3948479 -14.6496315 -8.576784 -36.080025 1.4811494 -17.939018 -0.82203746 -5.0557694 3.1945114 -8.330578 1.9606482 -5.0014577 -2.566829 -10.94629 -5.0218697 
-311.30676 132.16 3.073166 50.683804 25.389015 -2.7849329 -16.075264 -12.247242 -30.35596 13.819042 -30.21701 -7.792717 -5.749383 9.915607 -7.2015357 -10.995997 2.584537 4.5377183 -8.003279 -4.6104774 
-289.09723 65.56962 55.07194 18.803331 18.994362 10.556858 -24.45173 -7.9826794 -15.30465 11.977474 -15.150345 -4.4281535 -6.5011744 17.274883 -15.752132 -6.9400992 0.008767711 1.4371676 -13.654354 2.6056764 
-252.06305 125.166 -8.517422 19.23426 10.405582 -1.0734229 -37.91022 -5.940532 -18.633293 17.03324 -13.327 -0.35430187 -7.142896 20.879408 -19.034803 -19.109087 4.502796 -6.3833313 -13.539791 -3.6183162 
-277.9556 166.32965 -37.093647 15.312018 -7.1435833 9.447046 -7.9517617 -14.863907 -29.7071 25.530146 -13.342109 6.934248 -2.7742116 -10.990816 -2.89944 -17.25932 -6.5916524 3.234444 -9.863053 -3.931775 
-306.38864 143.78497 -8.482761 39.99556 12.165097 -3.4037874 -14.412855 -13.559463 -23.538168 7.1309094 -15.385995 -2.7396696 -6.3883286 0.056670003 -1.9898502 -4.6179295 -7.246679 -3.4490454 -15.681861 -6.742758 
-312.11127 86.95029 35.35634 63.585686 -3.2931437 -7.6847053 -11.771896 -2.1431723 -28.96157 5.547955 -20.969856 -1.1403011 -4.785819 -4.6114316 -9.255049 1.9971479 -6.736706 -2.9164984 -3.2059648 0.83512014 
-355.52408 160.40181 35.528637 41.666096 4.570257 -11.424081 -21.44063 -19.720106 -19.093388 2.1922166 -12.738943 2.7948985 -4.7255273 -0.64810807 -9.5136385 -5.1282697 -7.792207 0.7204098 -10.514167 -4.0508456 
-283.74023 175.02776 -23.057919 10.26273 -7.297176 6.8290477 7.5651803 -6.4375944 -42.927475 7.0401144 -3.720957 2.335169 4.754712 1.9365801 -13.065843 -4.1866093 -6.2882557 -0.08493781 -8.583543 -3.9696605 
-267.12854 143.30316 3.9704657 5.0583935 -36.68785 1.9204526 10.727159 4.4103885 -17.507616 15.843223 -17.826567 4.4372907 -0.49815935 0.6584319 -13.800243 -11.312543 -6.639359 -1.3917329 -11.762039 2.498624 
-358.5587 108.98252 -7.1180596 34.344025 5.530808 13.72166 -5.013647 4.6285634 -19.393503 21.067616 -15.550731 -11.900303 -3.893692 9.465356 -17.573275 5.389886 -17.05357 4.6595235 -14.512412 -5.137318 
-317.77988 103.43265 29.687218 53.063896 7.762058 -7.7337375 -14.098734 -3.7072797 -23.375673 -0.9720504 -17.2931 -2.3664742 -3.12145 7.483526 -15.6016035 -0.6341049 -2.3391979 -4.7198787 -11.405796 -1.9709096 
-214.0182 110.83681 -11.331489 17.467937 -5.904094 6.117703 -17.619312 -22.002577 -24.355751 13.244727 -4.262946 -0.51147866 -7.669454 9.934285 -18.097017 -11.819592 -9.649239 2.4188335 -14.846436 -0.2871262 
-226.8716 116.79855 3.6859195 29.325514 9.864852 -0.30952412 -21.097033 -17.413233 -28.262295 10.9805 -14.385261 -11.353717 -4.0369353 22.678951 -20.404179 -8.234231 -0.13338651 -7.5566144 -12.217541 -6.3167233 
-271.57388 112.9075 19.483856 41.073193 6.404794 -10.249263 -7.1839447 -6.2185645 -39.361137 5.277939 -9.629276 11.385416 -4.759576 10.202944 -13.591973 -10.117415 -3.8865993 -7.9357834 -10.704421 -4.6000476 
-301.84378 128.79614 6.2851276 49.583942 20.382416 -8.855965 -24.149849 -1.6031451 -23.63629 0.27725294 -26.698563 -1.5429806 -11.358139 9.690559 -7.4327946 -10.5642605 0.49681187 4.6571736 -5.469748 -7.6186566 
-360.86798 149.17076 31.620985 24.352306 8.819709 2.0910115 -15.114025 -3.512636 -24.689943 -1.4113332 -14.567861 -3.05173 -4.5263815 -0.5394265 -6.2111416 -1.817213 -8.422411 -4.0046067 -8.378885 -4.644749 
-281.7248 133.57304 13.837579 7.9682584 -1.3368332 2.6799881 -5.68241 -12.09581 -37.086605 5.784046 -5.324732 6.8523207 -1.1167245 10.122883 -18.496864 -6.3873305 -6.8679605 -3.0751119 -10.753359 -8.080632 
-136.13666 96.974945 -11.759435 19.015327 -6.7566395 -20.319231 -36.409954 -9.698228 -31.456717 1.8529271 -13.157642 2.7695596 -7.16647 16.57267 -25.7417 -7.710367 -13.489924 -4.427811 -8.902565 3.463756 
-315.59515 113.92486 2.1388445 44.488365 5.2598734 -17.596678 -23.68136 1.4713776 -15.949439 2.033227 -11.282903 8.414709 -2.7814724 12.766866 -12.693104 -6.0009212 -8.760067 -2.4171412 -12.80014 -5.365246 
-297.2459 109.08576 -3.6670744 29.660288 14.079945 3.0847225 -9.654255 -15.470472 -10.66804 15.150979 -10.266404 -0.2240466 -11.25725 16.794823 -22.39319 -10.331532 -7.4517603 -2.0967793 -8.170865 -9.182703 
-196.77818 97.15148 23.735603 4.083774 -23.904915 8.784293 -5.315686 -14.600837 -29.630419 5.348332 -4.2561016 2.419307 -5.736466 20.872965 -26.156422 -3.4681265 -15.88748 -3.888296 -9.321297 -7.862281 
-227.31276 97.624115 27.899588 23.571787 -5.967583 -8.810398 -13.71286 -12.511878 -29.474945 10.006969 -20.836327 6.586222 -11.631123 13.646755 -16.075392 -6.904302 -5.0712786 -7.9925866 -6.8681164 -5.544212 
-244.63815 145.33702 -26.037092 19.590889 0.49995428 8.388157 -12.242817 -9.87716 -23.25835 13.076213 -11.994411 0.75265056 -8.179455 3.564156 -8.693138 -12.177338 -4.8442135 -2.6084688 -10.65513 -5.114629 
-272.83813 107.06025 28.729519 42.168823 -15.197994 -6.9402976 -6.2362585 -5.1857 -39.126633 12.125731 -19.63677 3.207967 -14.759467 2.1875055 -9.949054 -11.218941 -11.320689 -1.9295063 -12.272898 -11.652878 
-338.74176 110.503784 44.52855 56.875668 -0.33213764 -6.2369275 -13.419189 2.8350394 -34.449707 14.641895 -24.09011 4.225762 -12.3858385 1.9807162 -1.6848154 -4.6804967 1.0200596 0.089988075 -9.208877 -7.043439 
-226.0493 115.52984 -22.360596 9.352306 10.408856 -3.436369 -18.254505 -2.079465 -20.404842 21.235924 -21.842257 1.0397277 -3.0378714 5.749735 -23.970158 -8.991945 -4.5294523 -2.9249983 -5.7838874 1.0164849 
-280.00504 157.41289 24.716995 19.549797 -6.588468 -9.780348 -18.273108 -10.677058 -27.884438 1.7168604 -18.441854 3.4455807 -3.3055267 -6.332567 -3.0398812 -8.537615 2.5724466 -1.2306434 -2.2125947 -4.4393244 
-286.55414 102.46275 41.72436 16.618742 17.33786 14.653676 -23.579248 -14.685496 -23.476868 12.775399 -11.414883 -8.088944 -0.8428475 5.9501476 -3.9209535 -4.6013894 -8.434581 6.380662 -9.627473 -2.4384928 
-291.46033 83.32593 58.397182 29.200016 4.0726438 -0.85652965 -20.792343 1.6130271 -16.87165 1.916608 -19.11832 -6.9442515 -4.904357 -0.157422 -16.357632 2.4998083 -7.7629776 1.3617159 -14.706536 0.43240654 
-182.11835 140.65668 -54.572083 30.051292 -0.21543439 -14.442479 -16.266663 -15.244291 -17.875942 17.069805 -27.077162 2.8162932 -2.407151 9.222233 -10.063356 -10.455693 -2.7383256 -2.0620542 -9.6704035 -11.0647745 
-288.50336 107.13937 33.008057 53.3638 -7.229856 -13.924064 -6.545179 -0.714392 -20.695675 3.6137097 -21.994026 -2.9063845 -14.067106 -4.114828 -3.2277977 -13.339182 -5.3042536 0.12540203 -9.4254675 -13.848949 
-372.7786 100.79063 16.594933 49.725693 8.54276 5.6817994 1.1569381 8.344777 -20.99659 3.7856152 -14.715201 -0.8129503 -6.770569 1.5373383 -6.8305817 3.6479433 -9.892963 2.2683733 -8.610521 -6.632298 
-290.41418 141.11513 -29.81073 38.0763 11.187161 -8.358009 -12.881702 -2.6324432 -23.559298 16.316118 -14.519908 0.38338432 -5.914975 7.6163635 -20.41241 -13.030699 -5.782743 -0.52076757 -7.149124 -5.7303085 
-285.0782 149.8641 30.662191 13.717398 -9.759579 -16.265593 -9.696827 -15.0753 -22.641396 0.65137565 -8.239468 -3.9975226 -2.7378163 6.881968 -10.365578 -0.14548223 -2.0063808 1.1689543 -7.3531656 -8.143516 
-274.97244 130.5835 11.875057 54.7051 -6.8058147 -15.963372 -8.97958 -6.79558 -31.045742 5.0326796 -13.646961 8.053168 -14.167466 -1.674293 -1.5708433 -13.426319 -2.3980381 -0.75652856 -12.710413 -8.179668 
-307.1158 94.01926 50.571575 33.01045 0.46569124 -0.12834941 -16.387836 -2.5575914 -18.611809 -3.3255677 -13.032351 -3.9519153 -10.048809 -1.2474899 -8.3310995 -4.452675 -7.1117435 3.368289 -12.224247 -2.7344666 
-273.52466 91.22702 36.837357 39.37736 0.3140323 -11.832614 -10.229867 -4.8789577 -17.977821 -0.34283793 -14.321365 2.3477345 -10.513859 8.367396 -10.368837 -2.4893694 -4.0134225 -3.130725 -6.8974166 -5.913273 
-308.83142 131.33295 20.084963 25.049238 15.895013 5.768584 -21.111044 -15.528965 -27.98933 0.13618773 -8.776456 1.7620195 -19.572607 17.795366 -0.83161247 -7.784055 -9.312928 1.3453448 -3.6655207 -12.2533455 
-251.11865 144.71776 -5.635092 22.281994 -9.276241 -5.541157 -16.383812 -15.4341755 -32.54032 4.4263444 -8.913472 10.238379 -12.132355 6.0851994 -11.999144 -15.027871 -9.514669 4.7096252 -11.7699995 -7.2122593 
-313.14563 113.009384 25.073374 45.753136 -13.422782 -11.184263 -2.763918 -2.107502 -25.860207 7.178556 -13.334257 9.243123 -14.634162 1.1265544 -4.245576 -6.9804974 -5.7127037 7.071856 -3.250038 -6.4962244 
-335.19888 103.89941 40.50115 46.44045 14.111492 -11.35708 -4.02428 10.213595 -18.173649 2.8750792 -12.629114 3.330136 -15.082585 -1.573141 -9.372149 -1.6980523 -7.8006167 3.2179303 -10.834698 -1.7859911 
-314.34515 147.58775 19.87512 27.403553 -1.2577441 2.7415059 -18.033575 -13.711501 -34.40043 4.3940024 -6.8352757 7.7408195 -3.2751508 12.527476 -10.575358 -7.5524497 -4.0810156 -5.733467 -10.44892 -8.372181 
-345.6056 158.93536 20.029362 19.982246 -4.904711 6.6543217 -6.012389 -13.420873 -32.97826 2.691846 -5.0821514 11.562833 2.1112967 8.297558 -11.305191 -1.8314385 -6.6501837 -4.0957465 -8.151477 -6.414341 
-259.6458 35.956657 48.73449 48.19724 -13.463863 -1.4293662 1.0310739 5.053568 -27.15798 5.475122 -10.186345 1.7032104 -14.610927 5.4555697 -12.921117 4.1721716 -9.022228 1.631151 -4.217591 -2.7318761 
-304.4526 145.15045 40.726616 39.48836 -12.939472 -12.127062 -10.049994 -1.1195977 -34.99654 2.216431 -16.153297 10.847164 -12.5674305 1.7806935 1.8939495 -6.8605804 -3.6003485 2.1557496 -4.588187 -5.978368 
-326.57663 151.3677 35.973747 11.732191 -13.754149 1.131483 -8.804577 5.4681582 -22.534578 -2.4618516 -12.520336 2.0339365 -0.56814444 5.5540957 -5.6304026 -5.1647997 -13.187797 -6.0044575 -13.80219 -7.488245 
-318.82736 102.58133 52.402588 21.162453 14.483473 8.271439 -25.650618 -5.1855145 -24.509245 12.055281 -15.184548 -13.580422 -7.1984067 12.323891 -12.511185 -6.9154663 -4.2390385 0.3225898 -10.28899 -2.8575923 
-313.25595 157.96812 0.85485226 14.556332 -8.726651 4.9629507 -7.4068146 -14.906669 -49.034485 15.36869 -5.668383 7.846044 1.8816599 7.2716956 -10.296158 -10.642106 -3.8604512 -2.64071 -13.946896 -5.9445057 
-399.47406 144.53854 5.334152 24.34208 7.208369 8.793953 0.3723782 8.368971 -28.5676 13.024035 -11.271661 5.0947347 -0.38853055 5.159903 -14.150593 -2.5392969 -13.340925 0.14946301 -10.335159 -0.17634624 
-274.5765 132.76468 -14.322347 53.866104 6.2694902 -29.01702 -19.299889 -5.7136416 -28.151682 0.34372297 -16.341179 12.234322 -10.461483 7.0656343 -3.3804092 -9.622104 -1.4523119 -5.9747334 -6.143034 -2.982951 
-338.30942 101.09122 45.762264 39.627567 8.113418 -0.778589 -16.566826 4.5179706 -21.215672 -2.5086648 -8.423237 -2.237601 -10.478696 0.452544 -10.942627 1.3524104 -9.319735 -2.6527998 -12.4718895 -0.8110839 
-264.75702 97.25305 19.7564 11.2057085 7.5761395 14.818447 -12.994563 -7.9157124 -22.26263 2.005862 -9.958669 -7.8577247 -4.1475954 16.060177 -16.037691 -7.0721874 -7.5147085 -0.6438811 -9.741679 -0.9209855 
-221.595 121.84992 -2.8421593 7.445353 0.1689573 8.2683735 -13.319373 -20.341188 -27.87542 13.1066475 -5.285067 0.24691041 -15.3009405 12.4811325 -10.173387 -14.015636 -2.0492313 -9.034606 -11.77309 -1.9678824 
-321.49133 131.42686 16.836704 12.158571 2.2465625 7.4953976 3.865315 1.4393353 -34.306355 4.4747806 -10.731394 -0.51538426 -4.299626 6.7603893 -12.916936 0.042429183 -9.094041 -2.884595 -11.2517805 0.3789504 
-335.85843 107.26673 22.271902 48.523987 17.982597 -16.789375 -12.075686 19.344769 -25.333143 -4.2372427 -16.756742 5.1335382 -14.93415 -1.1957166 -11.16484 2.4241457 -7.153121 -1.5844438 -11.138801 2.2352915 
-322.35132 151.32753 33.629765 14.315024 -5.9179235 -10.8554 -6.6982617 -5.176746 -37.03497 3.3303502 -17.765078 -4.1196933 -0.8467511 10.100855 -9.971102 -1.8686976 0.14428519 -6.065374 -11.124599 -0.14693205 
-395.13458 160.98466 17.987799 24.942675 -7.4604 -5.4009714 -8.7185755 11.324146 -26.142149 5.8688493 -15.0922 0.9394553 5.973543 1.8191975 -9.921656 2.4972882 -6.959973 -2.6049936 -10.729967 -1.4537679 
-375.34412 81.485146 35.768547 21.90108 20.712896 14.290482 -10.267143 19.211569 -12.970979 8.040561 -7.2680316 -3.789565 -7.0733743 3.8663433 -19.153814 6.7770176 -10.0653925 2.1113806 -14.779573 3.5898106 
-230.89447 138.64214 -35.199005 25.649776 -5.3376083 -6.390852 -12.681576 -17.246948 -33.321526 2.63935 -9.722216 13.384929 -11.425897 9.981225 -12.083911 -12.642543 1.6475512 -2.637584 -12.323165 1.2818732 
-251.72841 161.60915 -64.0687 3.9572406 -23.468336 13.121242 27.350891 -6.803799 -38.932426 15.86262 -3.0874858 -4.9242043 -3.53764 -3.17274 -12.586954 -10.559685 4.396206 -4.14087 -14.122593 1.8003786 
-298.3271 158.01302 -38.30814 -1.466742 -0.4724952 18.003843 7.1429377 -1.3519 -34.366077 17.988749 2.3062308 -8.852517 -10.649621 7.8277936 -20.762417 -11.236061 1.097775 -0.740065 -9.125506 5.1144047 
-264.28284 131.32951 -0.76425976 14.251622 -6.3915577 10.4448395 -3.077747 -26.272867 -31.66507 6.0744596 -9.581767 -3.088464 -8.928439 17.443708 -12.010425 -12.782091 2.9578092 -5.8112736 -14.9818 3.802561 
-288.36072 110.44164 20.795109 34.50926 2.550107 -2.9880428 -21.359827 -4.458589 -21.791285 -5.369363 -11.335541 -1.1811353 0.27345657 11.020311 -12.641029 -5.0697527 6.8989005 -1.0664216 -14.706928 5.28374 
-242.74373 87.38193 40.922348 29.120937 7.9385858 -0.12831031 -31.990347 -11.329918 -19.02494 2.0692868 -13.991924 -12.800105 -5.4348044 17.228207 -24.497448 -5.659583 5.0101357 -5.1646957 -19.175352 9.9193 
-273.31067 120.35247 -3.0408647 32.686703 2.597376 2.668981 -6.4050655 -6.988068 -36.525223 5.7493668 -8.147492 -9.884746 -1.6993322 11.760602 -15.81328 -4.932012 2.1827838 -2.6831517 -8.186864 4.819923 
-246.41824 157.90173 -23.888607 23.377037 -16.263268 -6.6427035 7.8322873 -12.774029 -28.693626 16.854942 -13.608978 0.0732335 -5.0381565 -0.15777948 -3.5698793 -11.547297 -3.43313 -6.934077 -12.763797 -8.378173 
-250.60669 171.37256 -44.180195 -7.3515286 -8.3781 10.119065 -0.85160816 -4.376051 -32.584766 6.192991 -3.4527755 -4.788028 -7.0477185 -4.8842497 -10.68745 -15.431444 -2.844185 1.275959 -10.573508 -3.7851198 
-245.69765 122.23277 0.002123144 47.01736 2.2995596 -20.99987 -16.207182 -7.3718014 -25.61981 4.605134 -21.254147 4.2619157 -10.472193 4.9935927 -7.7442966 -7.062188 6.0759964 -6.8704853 -5.3457403 -2.2730975 
-316.78247 111.43825 39.111153 25.08245 11.059088 3.079916 -18.000435 -2.5972285 -31.41013 11.510107 -15.624122 -0.61953044 -6.9737115 12.163259 -13.690224 -6.6302266 -10.402792 0.9436569 -11.316474 1.5725008 
-254.56902 174.17987 -25.29049 10.57263 2.348694 -9.151771 -12.797721 -5.7544556 -35.81235 16.77836 -6.857978 -2.8301356 -3.730587 5.1725087 -13.264694 -19.072134 5.8478413 0.6524391 -9.60384 -2.993205 
-250.66786 102.70224 16.464067 23.688751 24.430748 -6.2433453 -21.317995 -16.65728 -31.464088 13.894079 -13.103655 -5.112006 -14.891179 18.185156 -7.236935 -22.086779 -2.1409733 1.5218855 -12.313549 -0.64168626 
-334.66388 145.71274 21.631834 18.677662 8.571438 3.983339 -18.393545 -17.403687 -35.527485 -0.072108954 -6.5548997 4.521328 -5.6786313 8.199972 -6.398794 -4.056969 -12.397236 0.22541666 -11.907998 -5.205173 
-375.8045 153.42548 17.204344 20.814754 8.323129 7.797665 -7.570634 -0.9215438 -31.342478 8.94584 -7.7300925 8.192245 0.26660714 3.6812718 -10.999903 -2.5654678 -9.530028 -3.0421312 -13.8355055 -6.9608707 
-279.49878 106.267746 10.387989 8.77649 -2.7616527 10.964656 -0.040700596 -1.9527754 -22.263536 9.166696 -8.079633 -2.3351793 -4.1820593 11.875323 -13.6583805 -2.6426275 -12.737537 1.1009955 -11.722597 -0.3703314 
-241.1308 138.07126 -6.2684546 32.760017 -15.595385 -12.074707 -5.283928 -9.01709 -22.417229 -5.176377 -8.014403 3.727645 -14.160209 8.123239 -13.018063 -9.640532 3.124779 -1.9407171 -8.99129 -6.1649833 
-326.7149 146.1195 16.889015 28.59674 9.840214 -1.0701824 -16.110538 -12.346492 -21.470541 -2.2487245 -8.01274 -0.9524348 -1.5827907 2.4528058 -3.6501057 -9.322912 -2.706254 0.85812163 -5.7519374 -3.3308434 
-286.16888 98.66992 47.247143 17.363321 1.8179175 7.332525 -18.352356 -6.9351873 -25.149408 -4.9714293 -13.535111 -5.7729087 -1.7484136 9.116304 -9.383818 0.33549765 -4.518369 1.0011224 -0.5488706 1.4205875 
-278.9975 138.24957 -2.9013383 19.250328 -1.5470257 17.043356 -16.975168 -25.47565 -38.63078 8.967744 1.4055753 -6.0360336 -7.8614917 18.753723 -13.150841 -8.359997 -14.303874 -4.3581257 -11.812955 0.632705 
-230.43481 159.19833 -14.4466505 4.8492703 -42.64298 0.89785796 6.1824827 -15.268788 -24.847998 1.4630814 -5.278233 -7.6288357 -1.2776971 2.536941 -17.866457 -5.5151663 -4.7701974 -4.9411807 -3.6234899 -2.540787 
-241.90332 115.1172 3.0099657 37.649208 15.4705 -8.835373 -25.357779 -8.927828 -22.157368 4.6652393 -17.510569 -7.61169 -13.283972 14.980535 -4.1799307 -9.992764 -0.46134773 8.410683 -9.16222 -15.205556 
-238.97038 146.02821 -7.735236 25.08985 2.3408477 -4.570846 -21.505901 -20.939562 -22.147398 16.312397 -2.7184756 5.796593 -11.611585 17.848158 -10.209665 -20.097694 0.73658407 -11.443165 -6.4701223 -8.352427 
-281.13943 116.71182 -8.780103 42.12998 3.3590178 -16.549051 -20.916925 2.9914944 -21.416576 7.6620355 -9.999112 6.6439724 -4.849242 10.881312 -17.018763 -5.775118 -5.384715 -2.5792818 -11.608898 -6.6566944 
-353.2594 106.73801 19.786552 29.625475 12.119601 4.0649505 -17.280027 6.0908737 -17.70032 3.973328 -7.9103756 -5.465493 -4.1658835 10.893913 -16.167385 -3.4414055 -6.3399262 1.4549283 -16.23914 -4.5327477 
-222.40417 81.155426 17.176369 29.785805 3.344286 1.6303561 -32.115196 -5.417288 -16.886734 -0.17936002 -14.49854 -5.1714444 -2.796485 22.093422 -23.507332 -12.516935 1.8209292 -8.103678 -26.066694 -2.1379728 
-233.78024 120.3694 13.423074 39.484707 -2.7925415 -15.07774 -24.182549 -18.808195 -24.889208 -2.5635762 -7.6872845 -2.346196 -18.944698 15.157482 -16.27062 -3.4738972 3.4442902 -9.018607 -16.188082 -4.2179327 
-253.55862 151.66148 3.0138113 16.165148 -1.8856926 0.44711065 -19.497364 -28.828484 -27.543825 7.679925 -6.311736 -0.9019416 -13.460797 10.486408 -9.344677 -15.335902 -3.5874045 -13.357008 -15.761444 -0.29993355 
-258.67703 118.61248 1.5837923 51.118145 -5.5003586 -13.938183 -10.462099 -11.804533 -40.056705 12.735027 -20.894148 8.1033535 -15.686724 7.203539 -1.1223577 -15.75291 7.357122 -9.487034 -10.875785 -1.5482202 
-287.35056 144.45728 -1.2058034 51.19496 0.4200859 -12.94807 -7.0707026 -10.465237 -45.687275 7.1049633 -18.279007 16.836525 -12.729838 7.2907662 -9.636227 -15.162925 4.726492 -4.5054374 -7.98531 0.6831143 
-301.91278 123.08896 27.298544 46.35328 7.016279 -12.169745 -20.20728 -8.557383 -28.168325 0.011740791 -12.669821 -0.50184876 -2.8172019 7.1288595 -12.928886 1.3346972 -0.984576 -4.762275 -7.6218314 0.79545873 
-209.59694 146.8858 -34.090744 13.428685 -15.1972 -0.31728256 2.7511437 -10.967122 -31.095543 9.225652 -1.7659248 2.2238724 -13.422613 3.0941079 -13.256226 -8.066802 4.1383176 -4.532272 -0.2725734 -4.0028267 
-251.44743 153.11127 19.441717 12.989769 -11.570973 -5.534959 -9.09325 -18.067831 -36.61949 -13.067532 -13.60162 11.32251 -4.796932 7.3381696 -2.6239417 -7.2081594 0.33184868 -6.3036156 -8.571987 -9.065191 
-317.6754 152.16547 29.756248 21.896513 -1.6149482 -7.28673 -16.548698 -11.662655 -13.381658 -4.8951902 -3.6868668 2.232154 -8.328849 -1.7747912 -8.926824 -2.475219 -7.1818695 -3.3269904 -6.9436994 -5.43385 
-239.11063 148.60281 -31.048544 19.970512 -11.089759 3.3251355 -18.337242 -14.96975 -19.143484 11.801755 -14.649616 8.52913 -10.202301 1.5109448 -4.670662 -19.606499 2.877746 -3.777949 -8.555561 -5.1423135 
-317.80417 155.49706 3.1974978 21.907139 11.675212 6.348812 -24.430302 -14.441257 -30.2883 17.038233 -15.630895 -1.6255549 -1.9878175 9.310268 -3.3311222 -16.043344 3.8847554 -2.275589 -14.097316 -5.1585593 
-377.4877 125.624794 10.730447 29.014975 11.938823 7.924563 -12.5219 -0.8543693 -17.550882 11.299831 -14.013195 -3.9136899 -2.0801647 11.063564 -9.204115 2.236995 -8.330741 0.59464693 -8.3522835 -5.4663196 
-373.98795 93.913025 20.093777 40.38057 11.097827 16.736929 -7.010017 8.973035 -12.605972 16.858358 -14.408358 -1.532829 -5.39411 6.9819746 -15.334806 3.1747887 -6.9459767 5.1009474 -9.050793 1.4752305 
-269.82578 89.08023 22.814947 43.40177 8.557258 -5.390602 -23.22397 -3.9550848 -29.348175 11.4023695 -16.147495 -0.1258021 -3.9413152 16.870134 -15.43425 -3.0867422 2.1855206 1.7819254 -16.646673 -8.755929 
-259.1532 117.76083 9.379589 29.641079 0.75081944 8.747588 -24.670958 -17.940233 -17.371933 6.629398 0.9917454 -3.8679936 -13.58397 25.39471 -18.661045 -13.915874 -6.223287 -7.53622 -6.795488 -5.14884 
-236.67448 161.64351 -32.7134 14.497608 -17.710773 0.135332 -2.5322037 -17.172691 -29.935661 14.178162 -0.44027475 -7.1981378 -5.7200165 12.964446 -17.014872 -13.024047 -0.706192 -8.745302 -0.79284406 -4.3754134 
-278.7256 105.32602 28.976437 21.94792 5.357521 2.410847 -17.616682 -13.5841055 -26.122839 11.38293 -11.475138 -2.1286004 -10.38673 14.690769 -7.3574657 -8.411167 -6.835225 5.0165114 -10.814048 -0.5740573 
-357.1737 148.62233 32.231655 26.22039 7.279974 -3.6187863 -17.47527 -1.9513544 -27.258898 -0.7805338 -14.385851 2.8013551 -1.5600014 -2.0758317 -3.553074 -6.40394 -7.0398197 -5.7267923 -7.5519114 -6.482262 
-324.73 159.38152 19.625542 27.776169 -8.609826 -2.7625713 -8.793191 -11.888877 -34.26651 3.0372007 -12.202091 0.73913985 -2.949221 -0.7919349 -8.961543 -9.605421 -2.6014624 -7.094212 -10.129614 -2.3921614 
-356.00598 154.66972 22.714275 35.813797 8.137608 -11.246403 -13.026697 -7.4788384 -24.516594 -1.2861993 -14.226491 -9.3533125 -4.360574 4.270856 -11.167882 -4.609515 0.8462837 1.2027361 -11.435787 -1.3262271 
-297.21555 135.1408 2.166889 19.546804 8.74984 7.9902463 -25.550295 -6.1706333 -30.917446 11.662563 -9.355194 -4.666285 -6.229161 6.796335 -6.93934 -12.064909 -3.0329752 0.3289849 -4.5351133 -5.3412733 
-340.7759 166.10153 -24.69886 10.059914 15.822349 17.83236 -7.8165994 -0.62091774 -34.369377 13.476689 -6.5005093 -9.167825 -4.237804 7.2712545 -10.664868 -8.85829 -13.253993 -2.0201302 -4.325899 0.9781174 
-356.60168 121.77734 13.719561 22.455608 4.4379425 15.74231 -15.403239 8.623627 -35.246048 5.3729186 -7.407709 0.3685734 -1.624206 8.750879 -13.462591 -4.812885 -8.005291 -2.0575807 -13.163747 3.2702055 
-376.92313 118.2873 17.670101 45.228786 14.433487 14.982649 -22.7895 13.314177 -16.16113 4.9610786 -16.755114 -3.0302572 -5.302098 5.055388 -16.162426 2.5027373 -7.0568347 0.9566194 -13.375836 1.6822408 
-415.37958 121.58508 19.223742 35.30858 5.48007 6.0306873 -4.993602 15.353975 -11.476437 9.507965 -12.764835 6.8605366 -1.4036661 2.2128649 -11.966797 5.3672476 -14.358863 0.88314587 -10.3206625 1.0240707 
-424.81873 126.86199 20.833134 28.684967 12.316126 9.518827 -5.536618 13.18261 -17.426153 5.356316 -13.69176 1.8787543 -7.1185937 -1.7846209 -12.837482 4.590117 -12.979743 0.9204337 -11.305178 -1.7681621 
-441.23117 132.89468 16.954424 37.929207 9.830561 11.844095 -8.070207 12.41059 -14.513252 9.059628 -11.957991 3.2464693 -4.3720145 1.8087636 -9.771117 6.5165224 -12.226541 1.4349526 -9.187278 2.3960636 
