-570.3762 158.87976 41.336853 30.055895 6.856627 33.85222 -5.8101153 10.08939 -6.918337 1.4560312 -4.935927 0.6507886 -9.381274 -2.6276004 -2.4012766 3.1067572 -1.0547329 2.835024 -1.5944899 1.7724669 
-520.39264 151.51659 43.88894 31.057106 19.851036 19.142433 -3.816149 2.1272957 -6.733482 -4.202433 -5.0766687 -13.7053 -7.352721 -8.306854 0.5382612 -0.18514459 -1.5713456 -1.4218155 -5.571018 -0.9529859 
-395.6677 114.17435 33.78758 41.080593 8.475117 16.200584 -9.371047 -8.934185 -23.862375 -1.6980078 -13.930378 -9.683914 -3.5840068 1.0574608 5.316175 -4.061697 -8.359721 3.7974074 -13.651271 -8.839556 
-399.236 146.0484 13.89305 35.23467 11.119117 19.01777 -10.272816 -24.949694 -10.231937 -5.1366634 -4.0512404 -4.995607 -12.754147 0.55900127 -1.0710311 -3.8850589 -7.6803927 0.5083568 -8.872519 -3.0776765 
-447.82852 163.1488 20.782888 34.170876 30.25222 13.720303 -12.193248 -16.809467 -8.692409 -10.107624 -8.412307 -6.316323 -0.8900912 8.786821 5.2737575 -2.092373 3.1663454 6.5497937 -6.8223124 -7.63619 
-396.2926 112.32112 47.49757 42.607132 24.62484 16.128687 -7.873919 -8.067668 -0.51896185 -4.0556197 -11.063972 5.4230313 -1.4366202 -0.7479383 -4.329377 1.4436945 3.5102527 7.7110476 -10.237945 6.872676 
-325.6626 118.60395 -8.152998 43.515354 5.1082954 13.3279505 -30.102211 -20.491396 -11.390552 -22.501719 -10.954537 0.056843415 -9.942549 0.7093146 1.3521962 -6.9052024 -3.3474932 8.0583515 -13.070373 10.347619 
-360.9385 164.32959 0.96544224 -5.414191 -26.47049 29.829521 6.9445257 -0.022179285 -17.139597 -10.643929 -2.4731658 -2.2370005 -0.8705207 -10.170394 -12.662505 -5.5382667 -7.110093 11.888019 -6.829569 3.176199 
-451.08405 141.44023 56.6364 6.768268 -17.358818 23.054249 -9.651133 2.2199154 -18.206455 -4.0336704 -10.109852 -0.561691 6.8667164 -5.9257793 2.7628024 -6.053112 -5.523698 0.17110972 -5.549759 1.060353 
-434.99493 185.6475 4.120187 4.7648263 -4.960094 36.288532 -8.490086 -8.086788 -27.402739 -6.303004 0.9167667 0.5095647 -13.184405 -7.4934745 0.7602584 -0.73675287 -6.095349 7.8731365 -7.8565435 1.3170167 
-409.49197 184.30194 7.552887 -4.992071 -30.91331 35.92721 12.225643 -13.608389 -21.194973 -14.771816 1.2597412 1.005362 3.8054411 -10.141969 -3.9655325 -10.570652 -7.5224032 7.1843925 -7.3924613 2.7301676 
-427.21802 127.69737 36.4851 29.142021 6.1183133 32.481792 -13.896094 -15.403449 -18.329626 1.3386418 -13.855384 -1.7113588 -9.391531 -3.4821436 5.5920825 -2.8325214 -13.612783 5.5511036 -0.67024285 5.564912 
-467.1079 120.72323 55.77793 41.690628 -2.3443527 24.249844 -26.478264 -0.08450678 -26.004469 -11.800519 -19.52686 3.1914024 -7.229348 -11.1909485 10.923219 3.102776 0.44688442 0.72319233 -0.864409 1.3453064 
-461.04556 123.87746 57.409134 13.647738 16.859194 29.563707 -16.11624 -4.2046757 -16.846636 -6.675549 -18.463657 4.6277947 -6.4361553 -12.208385 8.441448 1.2301255 -5.6517887 12.381672 -6.6300573 -3.7195265 
-484.43835 113.511215 70.57115 7.975893 29.49189 22.213972 -15.052992 1.5627711 -21.623354 4.543795 -15.355462 5.307864 -8.91415 -5.038135 0.88356704 2.1411486 -2.5208807 10.706242 -10.63828 5.1359625 
-551.4574 188.81488 49.523987 31.631355 9.186312 19.178585 -27.418417 -9.949788 -23.248562 -4.105177 -13.177837 -10.870065 1.2328465 -8.168256 2.6825361 0.95559394 1.4107548 2.1321955 -4.3769226 -1.0777166 
-567.5655 176.50446 33.4955 26.076553 12.179921 30.495321 -19.101759 4.5526724 -10.315454 12.514965 -2.6614244 -1.4658245 -2.8539684 -7.3065066 3.227633 -0.6552189 -0.90190196 -2.603678 -5.114438 0.7734769 
-574.39874 171.34981 28.135353 28.132927 16.71244 35.72252 -14.30624 8.370332 -11.756687 8.794518 -7.5184946 -5.9761124 -2.6715934 -6.384255 0.73417306 -0.7052763 -0.3104425 1.496683 -5.4344845 -4.550399 
-491.08154 173.27858 24.966072 11.462136 5.584932 17.499472 6.1166043 -0.048624083 -16.940693 -2.6372583 -9.433382 -4.149029 3.9259863 -0.91537166 -6.833101 -5.7972455 -10.951882 -4.160704 -2.4208064 6.4022484 
-448.08762 187.66164 14.610537 14.441077 -24.930645 18.457516 7.031208 3.0957022 -7.416436 -10.662266 -4.8558254 -9.675339 7.512655 -1.4413062 -2.6284018 -10.025494 -17.47949 -1.4769167 -2.4910648 -5.578496 
-426.24213 179.15643 18.585838 26.612812 -44.820103 17.116476 -0.24673812 -12.2685175 -8.780356 -16.6384 -3.501163 -12.409575 12.150793 -2.3434792 -1.9082102 1.4635141 -13.25906 3.9741533 -0.71034783 -4.3914146 
-407.3234 105.93334 30.800545 33.281845 4.6460457 20.74763 -22.897264 1.8522614 2.417865 -20.768517 -16.534414 13.095989 -11.283222 0.52044815 3.6487863 -4.8070393 -8.573138 6.660186 -20.87368 1.1520982 
-398.90283 82.511246 41.317936 41.750698 5.500389 24.175863 -12.431083 -6.508918 -13.328749 -9.353928 -14.385629 5.6493826 -4.3376827 -9.398289 0.38182864 -3.304693 -13.307931 1.7538121 -13.193815 0.7859691 
-388.85144 117.213776 27.823341 78.15619 -2.8353477 -7.512536 -11.6066065 -5.7269573 -18.56157 -28.791525 -15.4219055 5.3373013 -14.038572 -11.509435 5.099311 3.3706367 -12.805862 2.8789308 -6.691396 4.3183303 
-444.57187 146.84026 26.998085 75.157074 5.353736 -9.482883 -9.148513 -7.7620893 -17.858105 -28.60099 -9.876148 -0.36260617 -13.720998 -16.731167 6.9339867 0.8851245 -10.986019 11.432862 -5.391561 7.215904 
-484.17633 158.18633 26.848358 51.456833 13.436997 7.330695 -7.7518625 -1.6343032 -17.226051 -9.221457 -11.677613 -4.4074903 -6.431388 -8.3928585 3.7694135 -3.6402485 -5.013137 3.7567515 -6.503461 -2.8491583 
-442.2211 170.0465 18.38659 37.612183 23.851187 7.4620457 -7.2403564 -21.49921 -15.023342 -19.304094 -10.796772 -1.0164961 -3.2834122 -9.570409 6.096974 5.5557694 -10.892356 6.311568 -4.7802486 -4.6942925 
-395.95303 143.949 28.644836 20.532131 3.8635051 17.503374 -7.2330737 -17.701836 -16.222137 -7.809237 -15.136486 -4.0684085 -4.520796 -4.0011187 0.75256944 -1.4936393 -13.278007 4.2815375 -15.538899 -3.7960668 
-382.3899 155.01091 -19.5364 2.136733 8.111787 31.455214 -13.82114 0.4949328 -12.94317 -1.6094398 -2.344602 -10.0968485 -11.879185 -7.495419 2.5549207 -11.429138 -11.96735 8.012694 -9.01707 2.960072 
-439.85364 195.11302 12.039337 16.155016 13.419021 15.062458 -0.18657555 -12.098605 -15.162654 -8.15385 -16.024656 -12.8318 -5.265638 -8.578531 7.2882123 11.969094 -8.286646 -2.7908502 -7.339954 1.8423549 
-491.17307 194.51765 30.91496 22.16597 9.06052 20.48668 -8.818327 -14.512222 -19.914415 -2.7991583 -6.7371793 -11.76215 -4.994877 -4.1089907 4.9775915 5.652828 -4.04401 -4.4786224 -11.819676 6.6331487 
-548.0436 181.7105 36.249897 33.934288 20.24834 26.184704 -10.907464 3.1922019 -15.02306 0.3748052 -8.303321 -15.637412 -6.6771517 -7.7668185 4.982894 -2.1903038 -1.907671 -2.42821 -4.3298807 0.49230564 
-573.9817 173.73721 35.86037 35.006687 15.121611 32.69404 -10.488234 10.651186 -9.690044 6.2776866 -9.627869 -3.698714 -4.7587714 -9.802486 -1.416915 0.477767 1.796374 1.9150251 -8.034895 -2.3518536 
-571.1589 171.29456 36.693295 34.636738 9.084028 33.505295 -12.3250265 14.115409 -6.54554 3.724678 -8.669682 -4.1213923 -8.82754 -6.4041233 1.1130048 -2.5573316 3.4488823 1.3132592 -6.7417784 0.5803837 
-568.0981 170.15047 29.69085 30.273085 12.128472 31.950174 -7.7640667 12.772827 -10.295168 4.468874 -10.983014 -10.183317 -3.0981815 -7.0593038 -0.27688047 -3.4715176 -1.6284109 2.0321703 -4.1907525 -0.1838527 
-542.89484 160.7002 30.098568 35.108116 10.513882 36.734386 -2.7333355 9.283414 -9.380776 7.3805213 -6.1792545 -5.573156 -2.5334048 -4.491489 0.6535485 -0.88383496 -2.8869748 0.041364867 -6.5967913 -1.6503831 
-566.5819 169.51468 35.958668 29.907396 7.9560785 30.484951 -8.161567 12.22412 -8.34988 6.20364 -6.7255363 -4.9609847 -4.666071 -10.220537 -2.4346657 -0.89290977 -0.9247802 0.54752576 -7.6775227 0.68465954 
-526.43036 180.24672 31.999847 27.123272 16.249147 30.626059 -14.455751 -4.879796 -18.759884 -1.1438103 -6.9041433 -8.516628 -6.163698 -11.08297 5.2862487 1.9427876 -2.416441 -0.19947201 -7.348963 -4.5374775 
-499.0611 182.86292 35.509823 22.078981 14.981918 24.208443 -12.343948 -13.294037 -20.438042 -4.108892 -4.4604373 -10.21448 -6.0938163 -12.493961 4.866697 0.14892058 -3.878079 1.505161 -1.7465059 -0.74173445 
-514.46735 178.66232 31.304583 16.809837 13.377389 27.620958 -10.493813 -3.1807325 -16.162682 1.0197434 -2.4982672 -3.9090092 -6.6079507 -10.2340555 4.6936436 1.1590074 -4.104468 -6.7844944 -5.9928555 0.31498262 
-415.33276 160.89317 23.530602 -0.4959616 -11.276509 18.759823 9.247617 -1.8052987 -26.897676 -10.242883 -10.805229 -3.382908 -0.8464372 -2.4626033 -6.338302 1.734992 -1.740499 -1.9040934 -3.4280934 -8.461915 
-390.33667 165.1041 2.2338016 13.507833 14.894207 20.696186 -9.501585 -25.989985 -31.58347 -6.6588798 -4.532982 -3.9741228 -0.26326752 -6.821394 4.247388 3.1851397 -11.688201 -6.263393 -6.433181 4.1311793 
-355.73328 162.81964 -30.939888 11.3831215 14.345326 21.052425 2.3850255 -17.22016 -18.904152 -18.009626 -8.507992 -8.532458 -4.285745 -3.4014692 3.1034393 1.1555492 -10.55002 8.26436 -9.950292 4.4904666 
-408.7352 160.18654 -0.31870353 46.867287 10.683094 19.698816 4.4037843 -27.59289 -20.745392 -17.862196 -19.030325 -5.856441 -1.0114038 -6.28433 2.5516214 -1.4703866 -2.6785233 8.425831 -16.03199 5.7228446 
-487.52615 169.64462 45.093372 33.343357 6.90582 6.938397 -3.4976506 -11.628633 -22.687775 -11.785061 -13.803175 -6.1018 -9.605562 -1.9694127 1.4596515 -3.2210438 -1.4544938 2.6055915 -9.913581 4.4289494 
-493.8685 194.75423 39.035847 13.743763 -16.423128 16.60733 -2.473 3.917929 -20.456236 -8.225656 -8.932935 -14.002646 5.116535 6.758236 1.9528891 -0.13536215 -2.0727658 -1.5428386 -1.2027819 1.2688205 
-459.62387 154.12018 30.158552 33.661427 5.9877777 27.714893 -7.6775 -23.666903 -22.023167 -9.241997 -7.8602276 -1.3659853 -4.012165 -2.0931964 12.502544 -3.8667135 -6.7311893 7.428484 -15.710593 0.5222035 
-420.50085 116.28482 53.180946 33.063602 7.100682 19.705753 -2.3016896 -13.968467 -16.54005 5.69743 -18.135765 -9.845908 -6.3783355 -3.8275163 1.6880287 -3.5775244 -13.600159 5.350956 -10.389319 -2.5354745 
-381.13135 152.39139 15.572231 26.327291 -0.16969286 18.093666 1.3331274 -20.090595 -21.922375 -1.5368881 -0.10659896 1.093989 -5.5746036 4.436915 -0.8113143 -2.1546566 -7.686483 -4.147346 -8.521282 -5.155355 
-359.95334 167.79927 1.4953109 19.993767 6.9018345 9.412838 -15.120543 -30.891092 -26.134354 -20.736168 2.6575313 -4.033765 -12.527622 5.81493 -3.8610659 -3.5485895 -5.6233892 -1.1944684 -10.631947 -0.14867496 
-354.72644 183.53017 -24.152906 -2.4410536 15.099647 17.74216 -18.42067 -19.494719 -23.215424 -13.074436 7.5747046 2.2561004 -8.061011 -3.4680893 2.8334796 -11.662372 -4.7400336 -0.09880617 -7.4307384 7.2312174 
-363.5404 104.96909 30.660872 31.148367 2.0986974 23.576744 -16.61844 -10.286711 -27.017052 -2.5062551 -10.639228 1.5222707 -9.631451 -0.56775945 3.4705958 -9.205778 2.44624 2.8192642 -16.121637 12.603266 
-405.7449 158.03174 24.285238 30.33881 -22.028852 12.766738 3.9647455 -8.339727 -27.434902 -13.257352 -7.4968896 -19.256687 1.2310443 9.282755 -9.354079 -1.078653 1.8503537 -10.114164 -2.4454963 3.1439161 
-414.54272 166.27872 15.486747 24.947765 -9.584128 4.037509 15.774265 -11.615364 -27.141329 -9.879755 -4.8789124 -15.698044 -3.400391 15.866198 -14.050175 6.5597386 -2.11343 -12.002332 -3.435197 6.662045 
-481.5702 156.02704 39.498806 27.469336 -1.1986618 11.473046 0.1553514 3.1269681 -17.890797 -1.2194055 -8.762517 -4.5104885 -2.002721 2.5911024 -2.146178 4.9269834 -3.918765 -3.429167 -6.770216 0.21626319 
-543.8005 147.50835 41.99446 32.65272 6.5822897 22.263617 -1.8571877 11.77726 -5.8340387 5.1920595 -9.897155 -4.5354056 -7.6081347 -5.3847866 -2.5439367 3.8031094 -0.84934926 0.4826148 -5.8956685 2.1232543 
-554.2413 160.6192 37.771553 32.155632 3.7154322 25.592455 -5.995249 12.267578 -13.426675 7.2222824 -11.311986 -4.3213596 -7.214024 -10.04682 -0.2540428 2.2243462 -0.6788846 -0.90259784 -6.4089146 2.126522 
-435.84778 154.85991 29.344316 24.501345 4.6867394 27.489254 10.046623 -20.467644 -30.18732 9.522421 -16.430689 -5.1109457 -4.0938272 -4.6385365 2.872141 4.434107 -7.368839 1.6861207 -9.477907 8.463114 
-387.0846 123.68035 23.194988 21.666061 5.79894 25.558044 -5.438635 -21.627031 -19.23575 7.561506 -16.579222 -8.227818 -3.6550255 1.0892539 1.3477263 3.9355173 -8.945291 3.8177283 -10.450615 5.5277786 
-419.51556 116.582184 42.00787 33.553844 -12.707226 31.978285 7.8209805 -19.413387 -24.287373 3.259681 -22.729296 -1.731223 -3.9961522 -1.3222234 -2.1393003 4.789977 -5.926289 2.245358 -8.882687 8.117722 
-459.80756 116.700165 46.052002 36.33149 -9.152021 24.476358 -0.9608555 7.253444 -27.084705 -2.274572 -20.200066 0.22967365 -0.9767549 -1.580492 -3.557891 -1.6946303 -3.3567553 2.660194 -14.641708 3.1632018 
-482.42957 145.59601 38.79501 43.855076 9.326102 20.230696 -24.123125 -4.3730655 -13.993866 0.8368485 -17.80031 -8.606833 -2.4487097 -2.2928956 3.0155606 1.2911669 0.46686253 7.473791 -10.719057 1.0913659 
-489.11703 120.735435 44.621384 52.714577 19.816576 9.29218 -10.894085 -2.4875035 -4.995302 -8.023136 -21.010555 5.639929 -14.641697 -10.093359 1.1261487 -1.029194 -10.193275 13.553173 -8.779903 6.8915634 
-515.188 140.55179 49.574455 13.808456 11.138218 22.995329 2.208224 7.413001 -12.860629 -3.7745929 -11.730674 1.6893744 -3.0641744 -2.4131012 -7.4339547 2.0817232 -9.470412 2.7721636 -8.445129 3.9233143 
-523.86597 123.1069 66.37503 21.376846 20.150787 17.138407 2.236667 5.512988 -3.197727 3.2547815 -7.8436704 0.9776437 -8.598354 -4.239374 -8.347385 5.7271395 -5.0113964 4.310627 -8.872749 6.2022076 
-537.2044 124.019516 55.18794 37.5969 2.8326883 31.34514 -8.130409 8.318915 1.1749353 -0.14473766 -10.668705 -2.1796923 -9.971363 -4.9511147 -5.447915 6.133253 -5.388628 3.809992 -7.393039 -0.2588813 
-543.9258 135.00708 49.791996 31.09117 10.655046 28.8106 -4.761767 8.006953 -4.4569626 0.043977313 -9.747814 -1.5202184 -7.202883 -3.3891003 -0.6875727 2.0554926 -7.8614907 -0.1429124 -2.5987055 -0.43638337 
-509.59445 151.0345 42.08915 24.38473 5.8535175 34.92015 -5.5679584 -3.4054728 -12.546397 -3.0204556 0.9358353 3.554797 -11.140969 -7.630384 -4.5813546 4.68531 -1.920116 -0.31956646 -8.382076 -1.199039 
-559.15045 154.8153 45.757645 34.48053 10.938239 27.635832 -8.491698 10.947048 -1.9874547 4.1812053 -5.110886 -0.26625776 0.37546647 -9.366883 -5.212543 -0.66976273 -0.59077126 0.1749947 -9.590451 -1.9751651 
