-367.5277 131.5966 17.31722 35.046963 15.621059 11.28926 -7.1633434 11.86611 -10.551443 3.51599 -15.545543 -0.29884943 -2.4639165 4.199886 -11.663193 2.1263416 -10.518909 5.4545407 -12.616662 -3.1359055 
-271.48734 113.631256 1.3312925 66.86419 2.4086945 -13.474077 0.12096696 2.680497 -28.655312 -0.35480097 -19.530245 4.4174433 -2.0395708 2.1521301 -5.433263 3.4919393 -12.800605 0.0906478 -6.611 -9.385987 
-284.37085 127.64932 16.66379 36.195404 1.8562571 -3.727696 -8.097864 1.0737643 -18.018791 -6.863945 -24.998161 7.6345053 -10.124554 -1.8992988 -7.757746 -2.144065 -12.540565 -10.382563 -12.67553 -8.660479 
-264.49075 66.57962 43.395504 39.39894 -0.82569045 11.797045 -15.457694 12.369709 -29.09889 -1.0737069 -15.576533 7.1252093 -8.9963455 0.74703395 -5.6901464 1.7366567 -15.579073 1.8227825 -9.1571045 -3.9076996 
-265.87024 111.97873 26.514467 18.385294 15.261117 1.140052 -15.065369 2.6966329 -25.13633 7.4504733 -19.028412 -4.7763286 -3.1620455 10.004898 -7.192991 -6.185233 -9.068714 4.431208 -17.573118 -4.038412 
-249.0594 143.36198 -2.725295 9.488273 -16.479923 -4.7484174 12.347316 -10.754588 -26.613409 21.337889 -29.77888 5.778359 -0.80093986 -4.4893565 -0.016601615 -2.288926 -14.897963 3.4557104 -5.715088 -2.197917 
-235.06972 142.84807 -19.815697 7.810899 -14.279273 6.2554903 3.501774 -3.7915754 -27.77972 8.218457 -23.446331 -4.1552067 -0.90223205 4.5506773 -0.9533618 -6.109669 -6.26035 -0.59657246 -7.106358 -9.79491 
-211.44586 118.60257 -51.36928 24.236969 -7.2922416 8.820776 4.652797 -2.716643 -13.997438 12.945026 -27.678917 -1.6315609 -18.064304 13.831445 -6.4471097 -13.8283205 -3.8306181 0.79946715 -9.341771 -3.7045903 
-246.64105 122.22881 -30.73539 51.261837 5.8635974 -17.142218 -6.3966923 6.59822 -9.516791 3.390879 -26.125078 12.480107 -12.053115 4.909282 -5.8928146 -4.303816 5.231224 -3.7044911 -11.719642 -4.1038084 
-366.52112 140.27155 21.076447 22.103476 8.147454 9.272119 -3.9645946 6.3457026 -16.79837 -1.4764711 -18.440813 4.1810017 0.9983888 4.143615 -8.967203 -3.6395128 -7.042752 2.8523207 -9.446919 -4.4649005 
-266.1354 142.59276 -12.357979 15.8023615 2.7300982 -4.1632304 2.8098364 -8.76195 -28.886179 14.310091 -12.213335 7.9940624 -7.470313 6.617112 -6.373551 -13.346981 -12.652529 2.7736318 -6.4044375 -7.2695074 
-235.5434 125.79827 -22.820843 56.49725 3.401273 -34.076286 -7.028294 7.2320023 -24.767454 -1.9680648 -16.223606 14.454372 -3.8093774 3.9839728 4.7255273 -12.202945 3.1988566 -9.010143 -10.843693 -7.3700113 
-257.6756 126.0553 -14.866486 67.09456 5.1599903 -33.639664 -10.668193 -0.2522016 -27.200182 -15.177385 -7.3889236 18.692226 -6.8745146 4.843944 12.799262 -8.61933 -2.2051568 -2.49456 -9.682535 -4.066327 
-373.87405 135.21184 11.121359 43.158035 13.238554 1.189225 -12.260547 13.7779455 -13.90505 -1.7150255 -13.06171 3.2528985 -11.393238 2.3848207 -6.4953866 1.2976438 -11.06531 0.3790026 -10.674831 -2.069815 
-400.1821 141.50708 14.726628 30.210571 11.395081 10.790827 -11.026426 8.907092 -13.813241 4.3835053 -10.958639 2.4220161 -6.7147274 -1.7501693 -11.821302 1.5599624 -11.207378 0.5903256 -9.201865 -1.40675 
-258.49908 157.61928 -62.538616 -13.87465 2.497275 29.791897 22.735838 8.297804 -36.48337 5.3514814 -13.028471 -1.7633375 -9.880025 -8.387196 5.2279844 5.0783987 -22.287056 6.301794 -10.56976 -10.016057 
-284.3174 143.55392 -49.298443 14.947445 18.81448 20.655525 7.668217 7.5072384 -25.325573 8.237735 -18.471375 -2.887246 -7.0753403 5.1870575 -0.41651243 -5.161245 -15.038672 8.8774 -14.226412 -0.39249474 
-360.67978 106.6525 38.503418 22.544567 20.93966 13.398534 -14.405916 15.550818 -18.167164 12.830888 -16.50074 2.9698458 -9.057214 3.993376 -14.057863 4.160863 -12.400997 6.071973 -7.470425 1.3232945 
-251.04411 152.58951 -57.870415 -4.294539 9.212472 21.30647 10.940521 13.24673 -28.112898 11.466257 -11.169569 -9.303911 -3.834485 -2.8200881 5.8683224 0.7864147 -20.94811 8.973438 -10.871002 -4.7976036 
-287.51492 90.643074 8.101458 13.591742 17.082565 27.11332 -10.440969 15.834257 -25.270176 11.337322 -20.051676 2.541003 -11.99706 9.520161 -4.9405346 0.48856926 -12.870075 4.7371273 -10.235326 -3.2759726 
-237.21223 105.38481 -13.4444475 31.139683 -16.538816 13.012653 1.2400856 -0.8544129 -27.055605 12.4319315 -19.200592 -4.5223413 -5.020638 -0.40255043 -7.0375714 -2.2479 -11.461941 2.7254076 -7.3418527 -0.14359859 
-254.46931 121.266045 -16.38783 54.08937 2.5868266 -16.528831 3.1916456 4.7179027 -34.474453 9.889826 -17.153206 -2.2371936 0.11213345 -3.7623286 -1.6265248 -3.616486 -9.477412 3.845119 -10.183101 0.0441245 
-280.38037 61.253838 49.04172 47.357723 -2.5299642 12.163974 -12.256664 15.697174 -32.34758 4.4253078 -12.413669 0.90027875 -12.137648 2.5214002 -12.489677 1.1797156 -16.508356 3.4242554 -10.356513 -4.214443 
-290.8081 103.90684 30.113485 15.96853 -7.072088 11.65277 -1.10559 3.211029 -21.672602 7.328249 -15.350001 3.4589543 -5.8403554 2.5145693 -14.715305 1.6035398 -12.711941 5.210847 -14.106506 2.1039267 
-297.64948 162.63611 -15.486847 1.3431462 -17.16034 12.9734125 15.163897 9.577426 -33.107315 9.984921 -13.742826 -5.6554084 0.34194872 -5.907029 -8.8378105 2.6044827 -15.97857 -0.046997413 -13.5256195 -5.3395405 
-334.7772 136.06831 -9.795341 13.820034 1.2167724 22.758377 9.978065 7.945461 -18.423855 9.834263 -13.020608 -4.066731 -1.7388211 -2.706919 -8.928794 6.473229 -17.433262 0.79309994 -9.209686 -1.441759 
-362.5715 123.6969 11.830612 34.79454 13.879022 11.414047 -8.804831 6.7637787 -12.319832 8.169344 -17.044773 0.57556933 -2.9666443 5.305324 -13.030711 -1.2359118 -13.041921 4.132891 -8.961929 -2.828556 
-265.4386 148.95132 -25.044926 2.6866522 -5.7694216 23.828705 13.27985 4.9849696 -32.42893 14.1951065 -23.723455 -2.2030141 1.137971 6.400327 0.58691907 -5.098165 -14.908733 2.5174003 -17.029596 -9.371848 
-278.72632 141.1695 9.871057 6.606571 -16.177967 16.611244 20.228895 -2.9519281 -24.34714 7.9393854 -26.411234 4.0688815 -0.41424763 1.2046604 -12.0367 6.8171697 -16.161125 -2.1375678 -1.4963553 -8.077326 
-277.55478 52.82918 46.324234 44.310085 -5.4685626 9.75211 -7.1450095 8.854633 -30.892626 13.36047 -22.23446 4.7356954 -4.7994404 0.2563631 -10.562194 2.6600676 -9.94429 0.034750186 -7.7294745 3.9233503 
-284.3724 66.648224 45.023468 39.332527 2.326403 1.3162897 -10.34705 12.930237 -25.275936 1.4524988 -15.999058 5.310753 -4.3789883 -1.4705629 -8.923584 6.3678217 -13.86784 2.0088153 -8.170228 1.5491539 
-263.15714 78.823975 35.945835 33.09578 2.2424457 10.426167 -22.664755 9.805163 -24.842403 7.2398815 -27.92984 -2.668741 3.469728 1.0196631 -16.113909 2.6741323 -5.8275037 1.7630782 -14.626186 4.21592 
-294.026 153.47398 17.776403 17.775593 -7.318537 0.75179183 -0.34312594 -6.2221847 -31.294542 3.2330925 -16.582422 -4.8071065 3.1975129 2.2554648 -8.945862 -0.22142771 -5.767173 -8.778892 -11.585501 -3.0742357 
-310.41614 136.41339 22.77951 4.505588 12.84657 8.715111 -7.75755 -0.49774185 -26.937569 6.393384 -16.292816 -0.44682154 -12.045566 4.0404544 -8.921523 3.26349 -13.932619 0.060670454 -11.276141 1.3211118 
-237.79633 135.71252 -25.471802 23.322262 1.9512626 3.8903513 -2.0289602 5.984182 -23.087425 14.931188 -25.096762 -17.2456 -2.005248 1.3059369 -3.1989584 -4.0454245 -7.9417505 1.7977706 -13.996021 -2.5280714 
-304.4073 144.06413 14.551717 42.379868 5.2130275 -6.45319 -22.427256 -3.386765 -30.952536 6.0980663 -14.774168 -8.372074 8.706215 1.1455705 -8.548983 4.4659705 -9.698101 -0.67855996 -7.6454983 -6.3047357 
-304.72794 151.034 16.250763 15.168459 -11.956059 20.20725 -18.662682 -3.2261887 -39.73507 20.373924 -0.36203808 -0.40544116 0.6965173 2.050498 -11.491859 9.107768 -14.101079 -10.994938 -4.371688 6.165781 
-336.97614 114.0938 29.41378 19.51117 7.6235385 13.419946 -14.021683 3.2270823 -18.747303 13.089483 -11.197717 -2.6429443 -4.663452 7.0748596 -10.082254 2.105768 -14.5971155 4.091531 -4.879328 0.15933135 
-265.4118 124.02565 9.192316 -11.030684 -11.31544 10.404116 0.9196255 15.183626 -20.929958 3.451817 -17.639566 4.618223 -10.515252 -2.091684 -3.5380294 0.83794296 -13.244871 8.710431 -9.379009 -1.1771545 
-225.37793 117.43072 -51.244316 16.34302 2.3576367 15.266715 2.491559 6.3608418 -8.436097 -2.1832542 -25.127205 -3.3355265 -9.679394 14.92058 -13.809225 -8.262585 -11.304606 -2.0354402 -15.322246 0.29032767 
-359.44263 124.9353 10.400802 32.75311 8.407211 19.223257 -8.136672 13.533101 -4.7504506 6.3650494 -16.863762 -0.043866582 -9.128946 3.0326169 -11.380059 -3.0748754 -11.19615 2.0849943 -10.855152 0.32160276 
-361.7031 133.10489 -3.903262 33.778 19.759932 16.413042 -8.108532 11.877693 -9.211415 2.2971106 -20.305944 2.585181 -8.7879505 10.756952 -8.245915 -9.091634 -14.120487 9.321782 -10.975683 -4.0854034 
-337.7455 81.56491 38.80191 24.38069 19.21215 12.077042 -11.363885 19.229313 -17.061659 4.635205 -10.047328 2.7429335 -13.486727 4.634054 -10.143607 2.476029 -12.772384 5.7226853 -11.931927 -0.8330494 
-231.94499 121.01865 -14.4417305 13.905541 -11.648795 13.703325 10.330774 -15.105403 -28.533848 16.955776 -24.27961 12.423664 -10.378479 -0.30859345 -7.1151114 0.74172455 -11.070663 -4.7023087 -14.261193 -9.246397 
-283.48364 127.57153 24.829262 20.66023 3.6281633 11.842082 -3.879386 -11.207038 -32.167744 9.973946 -21.12516 0.8264328 -9.224644 1.1013385 -4.4082866 -1.0827796 -7.925805 -1.1299629 -14.572989 -2.344863 
-241.36021 150.92345 -8.0607 9.458918 -40.42996 6.5649996 36.625446 -4.3636336 -26.207176 6.562241 -28.285208 4.5396404 -8.158797 7.8906536 -14.0345545 -4.105855 -6.3731384 -0.77686083 -11.820403 -5.002087 
-246.4881 134.84373 -8.210873 21.58019 -34.90059 4.720086 25.499043 -12.23618 -22.470436 10.481935 -22.2565 7.0623393 -3.3522909 -0.63098896 -14.998901 -1.8526357 -7.6455045 0.33531928 -4.294794 -1.3961436 
-231.47195 134.46045 -3.8211212 -12.735172 -17.141258 7.7673764 9.236214 3.312315 -31.767021 18.462587 -12.729006 3.6284304 -5.4898267 0.9239453 -10.811221 2.8107853 -13.145091 8.889208 -9.709289 -2.98712 
-266.4222 139.56488 8.026195 -9.353511 -4.226509 15.461256 3.6478348 3.6866434 -24.665743 11.557762 -16.613905 -0.013337586 -8.729101 6.853689 -7.771581 -0.95139736 -13.05535 3.6721556 -8.872472 -5.8378572 
-278.5541 94.57518 24.86371 28.13417 6.742647 10.886844 -15.919159 -6.196078 -18.272308 14.380093 -26.533846 3.7504315 -2.6912096 4.0920115 1.1025504 0.41231808 -7.3867536 4.112095 -10.6192255 -7.799836 
-307.69934 129.69547 28.124468 33.049194 7.137379 0.059603795 -2.436961 4.7718086 -33.665417 0.3863748 -28.024345 -1.8289468 -3.1924343 -4.430762 -0.59976286 -0.28934133 -13.772371 7.417668 -8.113037 -2.1215029 
-299.67145 97.26596 23.262093 74.27768 -13.543678 -5.519365 3.322206 6.1055527 -29.212751 5.9450626 -17.433102 -0.69800264 -9.337499 -2.953345 -8.712914 -7.775612 -6.9408298 -0.042438447 -8.500083 1.7945946 
-246.0874 55.57476 36.96641 54.089233 -2.4148211 3.4752824 -14.672093 13.923759 -35.822674 -1.1099343 -26.537575 8.711858 -1.7026911 -5.090281 0.5490018 3.096087 -12.2943325 4.4022098 -2.2092874 -2.4329388 
-233.44765 117.22773 -18.457375 53.846172 4.1811485 -19.98132 -12.22617 2.809672 -27.7779 12.255985 -30.812216 16.83447 12.731194 -11.42644 6.6366625 -4.5472255 -7.150615 -8.823327 -16.328432 -0.46692112 
-302.72354 136.12303 -12.036373 37.49017 8.28622 -6.3830357 -13.71376 8.529629 -11.646741 13.667995 -27.21491 4.1296673 -5.151875 -3.8548207 -9.979223 -7.3359017 -5.03889 -3.9287066 -13.438023 -1.9923047 
-387.48328 133.8494 16.140661 33.890396 12.857914 13.591088 -12.057378 10.624324 -13.184222 8.638478 -15.782606 3.066663 -9.219982 0.1872494 -12.449598 3.155912 -12.977493 3.9615674 -9.739874 -0.25746834 
-390.20447 139.05667 18.496124 30.732958 11.562705 13.968744 -11.274726 10.560373 -11.912843 7.3706913 -10.91004 3.3380258 -8.698511 2.908545 -8.3728485 1.6749191 -9.853687 3.2784758 -7.1621594 -1.956337 
-244.53937 78.50718 14.44555 30.269653 -10.179276 15.948937 -13.6910515 2.611805 -19.265778 11.527142 -26.593624 8.303768 -4.5609536 4.157297 -7.32375 -1.5596867 -6.842474 4.655792 -14.081671 1.6576707 
-259.2648 85.62772 16.921959 23.36812 -3.7272687 21.290598 -3.4939854 2.9596539 -23.351013 16.054424 -25.578667 4.0027556 -10.589175 6.1360173 -2.1491537 -0.6583657 -10.762638 -2.5969656 -18.061691 -0.48519176 
-203.3666 93.63866 9.809457 28.790506 -9.368428 12.920419 -17.403606 8.573872 -32.90035 5.321654 -26.540169 0.5100352 -10.618125 4.858037 -6.6295557 -2.1841679 -2.0373943 0.56710666 -14.339824 4.6261744 
-244.31012 149.79573 1.8240209 11.849433 -28.062902 12.124387 -8.043508 -19.641476 -30.327576 18.39274 -16.356907 9.26274 -5.6021047 4.314073 -5.675546 1.8001859 -5.804949 -5.938104 -7.6223264 -6.3916464 
-295.54358 166.99019 10.924525 11.454285 -8.872647 5.14279 -5.2482567 1.2737597 -33.93373 4.5431104 -10.231026 1.451541 -2.8961523 -1.8222499 -12.124323 -4.442272 -11.284546 0.64016664 -10.755655 -2.6944127 
-273.65637 51.174953 49.29996 55.497932 -5.0113816 9.742925 -17.851805 17.850826 -32.90232 5.544568 -22.69396 1.5051602 -7.1702595 -3.1674635 -5.9290395 -2.234389 -12.416362 1.4766073 -11.752526 5.8081455 
-241.33806 101.96353 8.598596 37.305893 -8.133499 13.107083 -23.566908 8.736797 -27.019753 10.641899 -23.721243 2.245009 -3.1269445 -3.7507503 -5.6468167 -2.6031883 -11.172714 3.5788307 -13.195094 0.12718476 
-291.4946 95.45817 41.920517 17.969 10.199398 17.042793 -18.192696 7.7158813 -18.916296 8.947434 -20.182333 3.3107696 -8.89093 2.5231872 -9.029713 0.48449865 -8.970638 6.1456876 -16.481524 -1.7240505 
-323.347 127.598145 24.62514 36.229855 12.315929 6.1909733 -9.69737 1.9505811 -16.320892 5.840971 -23.936174 -4.359363 -4.5402007 1.6048903 -10.013075 -7.3623557 1.1161766 4.9164243 -11.354137 6.296698 
-351.16898 127.28967 7.394846 28.023117 1.0307906 17.942568 4.1843667 5.0294857 -18.254211 6.347466 -13.154859 0.58422935 -4.4188004 2.1481948 -10.503531 -0.73852843 -13.785984 5.8025875 -8.397945 -3.4997902 
-358.28052 124.01633 8.68819 23.627842 7.2821 18.574804 0.66504925 7.3807015 -17.101696 1.3170972 -14.597073 -1.1754533 -4.967619 1.4931338 -11.210081 -1.8878362 -16.039547 1.6843803 -10.574145 -0.62977964 
-258.47513 164.50432 -22.052158 3.0166554 -21.121344 1.4928526 17.03431 5.8051457 -33.155014 4.8428555 -14.135871 -8.138021 3.7056491 3.8460262 -9.796516 -4.646247 -12.3565235 0.5038507 -5.6847363 1.8402456 
-281.507 74.7851 42.67862 47.63829 -1.9379228 10.570718 -18.930962 13.037863 -29.378777 0.4228252 -23.611885 1.6858034 -3.1900468 -0.66032887 -7.5989423 7.921137 -9.334404 -0.94527316 -9.136434 1.3554025 
-252.7026 117.27695 -11.640118 54.738964 4.072011 -21.415596 -15.947414 -2.5004478 -20.967888 4.0398655 -26.261215 15.793235 3.2069836 -3.8256323 0.67131644 -10.660646 -4.06997 -14.19712 -19.470545 3.432271 
-282.31238 131.68248 -1.2570326 46.081905 5.950675 -10.220953 -16.295187 -2.6676655 -11.320359 4.1652026 -25.20514 16.333494 5.7684665 5.1619396 -2.5612116 -11.179439 2.3068979 -11.646086 -20.143442 3.3079507 
-302.96072 73.59893 56.745026 23.780708 7.268667 17.12667 -24.872477 15.31105 -21.286669 6.8460484 -21.71659 3.937682 -4.864125 7.553812 -11.389655 0.8164865 -8.843049 -0.22943152 -18.684608 5.004972 
-300.2511 95.81671 42.806023 32.851955 7.0145235 13.168361 -19.577662 8.27563 -24.822554 6.5399857 -17.978222 -0.03292306 -2.9396608 1.5280868 -7.584777 -1.4852731 -7.348003 -3.608752 -15.235203 3.1201203 
-299.96323 105.23978 34.266525 42.91244 -1.7041144 8.455163 -24.596802 5.350358 -28.938765 1.8441824 -17.751568 3.89077 -2.9862022 4.514255 -10.171352 -1.3961701 -7.6297326 2.0956624 -11.469494 0.20837635 
-304.74405 153.93674 15.895998 14.584499 -7.8090954 7.0632567 -10.519744 2.6034012 -28.698154 5.8095164 -7.567276 -1.0813684 2.7278519 -0.79347295 -14.790768 4.093382 -10.264807 -0.72403306 -8.475442 -4.978264 
-285.7682 75.571846 46.707283 38.42924 0.86593366 14.850157 -19.645391 13.152745 -18.365091 4.6895223 -19.419846 4.438211 -7.114103 -1.2678738 -10.62284 3.5635648 -10.688239 0.7715978 -8.028685 0.9042978 
-194.88974 115.742485 -55.284775 31.341047 -5.60699 4.2857533 1.9713072 5.9226813 -24.030489 10.443054 -31.301643 -4.4173923 4.9455404 -4.8813334 3.5672836 -3.985254 -13.9333 3.3717372 -6.97078 -5.872744 
-220.94821 133.59644 -57.198444 15.427425 -1.1442457 11.922968 9.935345 2.0467036 -20.368837 20.2398 -29.952824 -12.016142 3.6011837 1.9399427 10.797838 -12.742956 -13.701255 6.2066407 -18.693134 -8.7277155 
-240.68718 102.8692 8.652333 4.950009 -21.700605 28.437351 -6.622227 11.675504 -23.022438 25.977558 -16.522873 -0.61444694 -10.898862 -5.1241436 -6.5616965 3.3141348 -12.045414 1.8220003 -10.193348 -0.7599271 
-252.43915 75.71552 33.55546 45.83703 -8.597789 13.942869 -29.278643 12.626535 -24.97448 -3.9581447 -20.552254 4.6190305 -1.0828624 -0.17629664 -5.1953754 5.2674685 -12.578666 -0.1934697 -5.2729807 0.94521946 
-250.48894 146.39398 7.51405 15.3627205 -7.429418 7.7504096 -1.0300407 -9.520985 -48.980217 13.411265 -17.468729 -6.568352 1.7218834 3.7573678 -4.653492 4.77921 -1.2465591 -7.602257 -2.0607312 1.9989932 
-307.44202 160.59283 22.442741 17.26842 -7.1398644 5.625024 -7.191233 1.9618062 -38.703724 2.8295603 -11.171403 -0.74324656 3.2665205 2.5514848 -9.965724 -0.37412155 -11.279255 -6.1654377 -6.86272 -3.4594526 
-305.2116 119.889175 36.32632 23.310534 3.4461105 2.8750052 4.257707 -6.8983665 -27.321724 2.5283756 -19.046373 2.202148 1.5359083 -0.90739036 -9.107582 4.093454 -13.457314 -0.46349716 -5.8608346 -1.9491819 
-272.56097 121.97731 14.305695 37.464165 -10.248933 10.024427 0.78927547 -7.491332 -40.769695 15.73489 -31.774502 3.9961848 7.746278 -8.224168 -2.4892771 -0.39802274 -14.30067 0.37254727 -5.3319387 -4.60207 
-341.11487 133.96484 26.37704 45.47026 7.047907 8.408404 -22.3928 11.37972 -24.736483 -2.9899755 -17.273417 1.0758109 -1.9606857 -0.09035047 -7.2627606 7.2737217 -15.863781 -1.589443 -9.184379 -6.1228127 
-243.00238 121.30924 9.014369 10.408989 -24.63682 14.227512 -9.074591 -1.409 -32.86531 16.876696 -25.03518 14.093484 0.50439525 5.583796 -6.963881 -5.610248 -8.806164 0.6619424 -10.473299 5.367276 
-358.30603 131.10071 8.152964 29.42668 11.131115 15.520761 -2.4176502 8.404919 -15.247143 15.137266 -18.673697 4.6144238 -3.9620209 3.1981273 -8.285895 0.94272316 -14.738412 1.9758325 -7.620829 0.38305828 
-345.7858 120.65787 3.2605746 26.01471 17.256552 15.102803 -3.9340754 8.142158 -11.521508 9.97955 -19.324322 0.29818133 -3.5812979 4.869979 -11.27043 -1.9832011 -16.984013 1.2354863 -9.799686 -2.9720142 
-344.6423 130.52252 9.227427 27.244602 13.031789 8.294853 -3.8476055 2.1234305 -20.07003 6.7146244 -17.380215 -0.7464375 -3.4751024 2.903678 -8.239011 4.6617594 -10.249908 -3.8297167 -8.047482 -3.8772447 
-235.18427 146.72841 -18.268028 -9.189534 -15.275967 22.077824 28.240925 -1.1501342 -33.53357 10.523484 -32.826687 4.450506 -4.1166515 0.5863668 -7.1822834 1.0575937 -10.899798 -9.310957 -9.800215 -6.20535 
-240.20676 129.75507 -7.6029797 15.546345 -41.514805 -0.8873952 38.960922 -13.878847 -11.2369175 11.7023115 -45.479893 12.554866 3.1505888 -5.6998496 0.97325295 0.83359915 -16.500374 -4.5198026 -2.804578 -0.354101 
-270.62537 152.41904 -4.7009754 16.67588 -40.66359 -4.4681964 21.854256 -7.2234464 -5.5695553 14.656176 -34.08624 5.5559864 5.5672145 -6.6578264 3.707027 4.198803 -17.022945 -4.9867043 -13.002979 -8.442035 
-292.18036 155.29453 3.194267 9.539099 -22.355684 7.8138013 6.5015063 -10.05711 -23.42803 4.1969867 -24.00275 3.8917034 4.633809 0.82445645 -5.664554 2.089814 -14.497731 -7.737357 -12.18505 -9.888562 
-272.70346 120.73017 22.10882 20.463476 -7.557909 11.108213 -2.5960417 -7.084118 -34.610977 8.009412 -22.214073 10.380027 1.7653327 1.4517902 -4.4063683 1.112752 -12.124947 0.10813776 -8.209076 -7.1521096 
-216.57672 112.15271 -11.501918 27.632881 -12.010245 13.0380335 -6.036039 -16.694193 -43.18178 16.794575 -7.294754 8.856398 -4.1746025 15.573157 -8.5215 -7.2443957 -4.253362 -19.070087 3.917886 1.3272299 
-280.92096 157.76685 21.754904 14.442241 -20.713524 -15.503845 3.2731133 -0.079694115 -26.354702 5.68223 -18.607811 -7.2248425 -2.0123289 5.6998796 -7.584292 7.151458 -2.4192865 -8.422467 -3.9226286 -3.7688293 
-302.38928 150.18102 18.19371 19.193945 -13.249464 2.5487006 -2.9544287 1.8435483 -18.541538 -4.6761723 -17.668825 3.80137 1.75718 8.710133 -2.3410773 2.681845 -7.821594 -6.2644806 -10.958564 -3.661788 
-263.1347 113.4995 29.481546 20.722214 -8.681302 9.917555 -13.489564 16.056086 -19.171576 1.6965921 -18.371954 -1.6795052 -7.4870996 4.3409586 -10.00024 -4.098068 -8.348637 0.13632353 -11.925598 2.0844762 
-258.42007 116.54918 3.9358525 43.104626 20.922068 -8.56548 -24.59757 7.6665387 -26.139091 -0.4489317 -25.73837 3.6557665 -1.2891505 3.957732 -7.249406 -1.7488247 -9.064802 2.460045 -15.286516 -7.1266437 
-286.3979 115.67135 18.224266 53.985985 8.635481 -8.819182 -9.381118 5.3617887 -18.797691 -1.1065469 -23.530497 4.6671777 -1.7677484 -1.2284675 -5.5807247 -3.393523 -3.1206312 -3.2596443 -8.120044 0.36226666 
-294.00214 73.64383 47.327564 41.649418 9.875658 4.7601833 -11.030507 3.9096494 -16.227924 1.279202 -19.829155 1.197944 -2.8122938 0.21005754 -12.024743 5.3578076 -10.982759 0.46424517 -10.406084 6.870974 
-265.898 86.92891 38.562115 21.175814 7.572668 11.97361 -18.881735 10.075319 -27.47239 0.17916149 -24.823353 -0.10791316 -1.7093893 4.183183 -12.533705 2.2385368 -4.692477 4.516203 -8.820206 -1.0627478 
-296.63074 113.382164 46.206306 21.449408 3.8687296 11.2484455 -12.308718 3.426236 -24.726984 -3.0359488 -23.55773 -2.9018211 -3.7230513 -0.61994827 -11.137005 -0.8105224 -10.038093 3.4121394 -8.312601 -2.0819914 
-248.95741 139.14352 -34.108006 11.986123 7.353277 11.255807 2.0103083 4.5633574 -20.166553 19.77841 -33.62101 -12.883881 3.4660823 6.671072 -5.340459 -4.378642 -12.2103195 1.3772177 -12.71941 -7.940482 
-273.5491 159.44777 -11.624623 -4.8894753 -22.701784 17.699394 12.917602 10.697885 -28.415163 11.645196 -16.508158 -6.888094 9.073111 -1.6766394 -9.038422 -1.1505014 -14.279929 -1.7840478 -10.465083 -0.49267 
-230.23541 93.11159 -1.0333201 18.30794 -10.704828 18.287798 -16.103882 16.861916 -15.898154 5.004047 -20.05827 -0.61856776 0.41559017 -0.5864279 -8.68818 0.19692305 -10.612936 5.2466373 -16.025476 5.719939 
-311.09363 165.44772 3.288924 7.7414646 -10.8989105 5.3036237 4.069369 6.7601476 -27.046747 2.7151015 -17.817984 -0.9432361 -1.8380072 -0.3305184 -4.572438 0.46632922 -5.5672 5.8978496 -9.846771 1.4456537 
-267.6158 112.27466 0.55204904 60.406773 4.80188 -16.844093 -4.718276 -1.9000391 -35.217216 13.376626 -30.899136 -0.36224982 6.384509 3.8237393 -4.4619184 -7.1500244 2.2784944 -2.5590563 -18.900768 -1.6263326 
-274.78815 66.94625 39.96589 53.726337 -0.97238994 -3.3149376 -8.297145 17.778986 -39.83342 8.983804 -24.138775 4.16582 -7.0647187 0.67516315 -9.188605 3.9581876 -9.752735 -1.883122 -6.5963893 3.6108806 
-255.68579 54.004036 39.501713 60.977573 -4.9866753 2.032275 -16.188469 20.793358 -39.152462 20.047762 -27.535692 3.854518 -1.7191589 -1.8654706 -4.9602895 4.029175 -5.7624555 -3.0556562 -7.0852337 4.455222 
-345.85983 130.51129 22.897846 41.953392 12.2652025 -0.6489052 -17.130302 8.011573 -26.348396 1.3139035 -16.978094 -1.3677489 -7.0777764 0.9184993 -6.2389164 -1.4966679 -4.4403367 -2.352163 -9.490988 -0.75517875 
-301.00876 154.22154 6.3712406 15.927697 -13.886388 10.221801 -2.2678447 -9.666401 -37.02603 12.650751 -8.2694025 2.5445583 2.0007167 -0.036611453 -10.335349 1.5225053 -4.338053 -9.518472 -15.52999 3.673239 
-336.23572 135.42357 8.118345 25.728992 4.233008 8.00395 -3.7573755 0.95896363 -20.97322 10.786604 -11.085595 -1.9889565 1.848217 6.936336 -15.391688 -2.5217264 -13.151408 -5.672203 -12.4902115 -0.612737 
-368.32196 118.91177 14.919501 34.840183 16.655722 19.47193 -11.840343 11.551644 -12.052565 6.8693314 -13.173332 1.4729737 -3.8179865 3.1038926 -12.857342 2.5091896 -8.48074 0.9442019 -10.025288 -1.3972937 
-277.80716 95.20464 36.257587 50.624336 5.174679 -1.3773329 -9.504573 7.901235 -35.80269 2.6999736 -14.5442095 -2.4597015 -10.903282 0.719534 -9.700352 1.2311529 -9.301067 -1.7919347 -11.624615 -1.9014056 
-241.76172 96.57748 13.901232 64.31984 -5.8019733 -14.446967 -1.6630263 -2.3058004 -32.31778 1.0456548 -23.262152 18.331251 -2.4834604 -2.3071284 6.0957227 -7.9853907 -5.255577 -2.5704186 -12.05345 -3.9287975 
-283.16794 114.77968 31.048492 22.22902 -4.251623 4.321253 -12.439312 5.622806 -23.962444 3.111305 -18.183105 -0.95910764 -3.4630117 -1.0679212 3.3892167 -0.17167012 -7.835495 -3.2148602 -11.446202 -3.6370103 
-269.17523 136.78586 10.037482 4.3316116 -28.963358 2.4884367 12.189741 11.010184 -15.556819 8.305383 -18.982645 7.886343 2.8009946 -2.023715 -10.413073 -6.8551993 -5.6683745 2.104182 -8.969798 -1.7160501 
-305.83386 80.5144 39.615906 37.547993 1.0361222 13.101627 -8.274709 12.498829 -23.790907 7.2416286 -21.348587 0.36274633 -0.688348 -2.1493883 -10.152987 -1.1298057 -10.286266 -0.5613169 -12.040035 -0.8362807 
-268.26346 162.42403 11.168038 16.606913 -30.073835 -7.900896 5.1329226 -14.63625 -33.5689 4.3650947 -22.221941 3.6769044 0.63491535 -3.0069873 -6.3441324 -0.029231839 -6.9445524 1.1577735 -13.204569 0.16550238 
-284.14163 131.59268 21.617752 3.7666821 -13.2844925 8.711773 -1.3932198 -4.2738423 -31.176304 6.5080233 -10.2484045 2.5545223 7.3827953 -0.3580623 -10.432877 5.77701 -16.892687 1.492005 -8.379979 4.8178926 
-380.06808 127.93118 23.400099 26.881788 13.474005 14.019965 -4.8063984 11.547054 -15.201626 6.970523 -12.16413 5.0895963 -7.482499 1.2317603 -14.37224 -0.52679133 -12.716655 3.826416 -9.495631 -2.1967325 
-374.76013 118.155815 26.849998 33.61789 14.843087 16.17581 -8.541195 15.270779 -10.237431 7.7584925 -15.839072 2.9954224 -7.086575 1.7369202 -14.226833 3.435319 -9.059413 2.576111 -6.887067 -2.5347176 
-247.39725 150.53738 -34.87416 20.760641 5.5450983 12.731504 -15.822534 -2.2704163 -23.91555 5.6059012 -19.98745 1.6445441 0.8228748 4.313459 -2.386834 0.078841075 -8.576622 -1.0309217 -16.941826 -5.0744658 
-243.47133 147.28029 -30.384922 -19.462364 -12.075074 26.223291 18.460669 5.811041 -30.524178 1.0612253 -18.314705 -4.065345 -6.007623 -0.23231827 1.8504405 -13.674294 -6.32044 -1.8076591 -15.279079 -1.1901246 
-227.87698 116.86089 -10.368329 7.640649 -36.30201 12.126281 26.560957 8.954919 -13.202848 3.8679793 -26.944284 0.8275445 -8.990794 4.806177 -9.411762 -10.146531 6.594656 -13.455577 -1.6177982 6.2160654 
-269.0641 152.48541 -5.466776 15.379354 -41.881557 5.5863376 19.681063 6.4272094 -11.244289 3.063898 -19.393112 -1.2983443 -0.18479167 9.827982 -14.931515 -6.287062 -2.2828074 -11.895404 -4.259904 5.987934 
-311.3322 164.58417 16.829386 14.683622 -35.836872 -6.9636445 4.113973 9.624885 -9.370011 3.7444017 -19.167828 4.820406 1.1655748 10.034394 -7.6758847 -5.4866934 -8.555395 -8.555973 -11.210985 7.7156405 
-291.57593 165.05605 -8.028342 11.738785 -9.122063 9.6947155 -6.3003073 -2.263688 -21.260746 10.982082 -20.950506 0.97975135 -1.227784 0.11698813 -0.24273893 -0.6670449 -6.139702 9.782414 -15.640108 -6.165106 
-241.54182 107.176994 -11.968268 4.497881 2.871097 14.001111 -8.742799 -0.5997431 -20.511131 7.4087315 -19.22094 5.9611926 -11.74827 2.770894 -4.769951 -9.59012 -13.074507 5.93578 -16.8513 0.39324453 
-288.9617 131.39943 -2.3226526 27.779152 5.4874473 12.369901 -6.6923184 -4.3762784 -24.84509 4.9345713 -17.229652 -3.4192836 -7.1088967 3.6442974 -4.8467617 -5.1399417 -9.13652 -3.6042132 -11.084179 -3.8886194 
-273.65436 145.64034 13.28218 32.839855 -11.113632 0.071918696 -7.711851 -8.804361 -32.171036 14.242573 -14.872062 2.3953078 2.450233 4.0712705 -4.1392646 -3.2434032 -6.364794 -3.9805663 -7.801975 -3.3546057 
-314.70667 167.51164 -2.2086596 11.361156 -0.35005337 18.342876 0.62437356 -1.4654849 -31.10543 -1.064783 -18.456886 1.6261375 -2.9661274 -7.2325077 -0.63297546 5.4296713 -8.649022 10.330547 -8.210837 -7.2529154 
-289.86887 123.3522 -3.341101 14.228441 7.020589 30.432434 -1.4593768 -2.5418215 -21.344398 16.442015 -25.33395 2.5733922 -8.342632 9.074886 -2.6870792 -0.6665997 -12.600345 4.523624 -12.988701 -1.5240407 
-274.4007 60.007828 49.56322 22.967222 8.742155 24.178442 -24.743523 17.721899 -24.465998 3.5261767 -21.03907 -0.5641522 -2.1888723 5.3004174 -12.333446 1.9876984 -8.142437 4.9160767 -12.11835 -2.365444 
-253.56174 126.37333 -15.753381 0.84815764 -0.89910126 11.743877 5.204929 3.0193706 -25.882809 27.756401 -28.627678 0.89497524 -6.9319158 -0.4326619 1.6527 1.3660083 -13.332463 12.140673 -19.587759 5.8841977 
-367.51767 130.4725 17.945492 28.49745 13.416146 20.122932 -3.8699265 10.612141 -10.62505 11.755766 -15.805391 3.284041 -5.9971433 1.9850421 -6.0068035 1.4142028 -11.872805 7.0375586 -13.411769 2.407877 
-395.3441 137.20798 17.503109 32.23881 10.796008 12.327892 -7.5891285 14.923693 -9.162707 7.7410107 -14.013447 1.1258054 -9.72479 -0.20005137 -12.162258 4.2733173 -13.239741 4.2594247 -10.858837 -0.029367924 
-389.8 129.7727 19.314774 30.676352 15.571201 11.675008 -7.10358 12.714901 -13.795096 4.6205654 -13.83215 2.6596715 -6.5957737 -0.1450978 -11.234298 0.7880357 -10.725017 3.996404 -10.019304 1.3341781 
-319.28357 144.60843 -6.234912 6.7758875 -0.48030323 24.46794 6.5705895 12.40518 -30.263407 2.9541864 -12.572671 -9.514201 -4.3969007 0.46883932 -4.890852 3.9388742 -13.431004 -2.5478773 -10.593923 -6.1762257 
-290.60294 126.228546 9.179448 35.1064 -1.0085496 9.098125 -9.01896 8.893023 -35.608795 8.193929 -5.1051254 -4.6298695 -4.4703946 5.4207416 -5.8008647 4.1830463 -13.467499 -2.5455065 -7.5459476 -2.972164 
-285.97833 111.60836 29.205997 34.89283 -1.7329898 9.228659 -17.521034 -1.8740518 -30.133453 4.8471093 -16.100176 6.63582 -3.6522822 11.091677 -13.64719 5.482836 -16.92121 0.5866905 -13.074455 -3.060102 
-389.36066 141.44989 17.263218 29.570862 12.043688 12.082681 -8.754393 9.656661 -14.479346 6.910507 -11.811261 1.8152839 -4.7839856 2.1293051 -14.59588 -1.5367631 -10.787185 1.1671808 -9.885454 -3.330629 
-385.2654 129.6732 21.58982 34.69279 15.054319 14.121209 -8.04829 11.69977 -7.1270924 7.471426 -11.258137 1.5776556 -5.5124164 3.3787596 -10.117161 3.803713 -10.12282 6.6620092 -8.850547 -5.6061053 
-373.70135 120.516235 28.254307 31.894356 16.464085 15.246014 -9.724568 9.701306 -11.597698 6.667036 -12.741885 4.927095 -7.021667 0.031231675 -13.218816 1.3234277 -10.319302 5.925884 -10.794461 0.23233312 
-395.0601 132.76639 18.60669 33.991405 14.865414 15.847022 -7.6440735 13.508574 -9.859735 7.4627805 -14.415477 3.0041084 -6.362922 3.5467296 -8.768389 4.0387897 -9.422645 6.148693 -10.552974 0.099985756 
-370.82593 133.4172 24.267231 32.068176 15.3514185 10.485277 -17.168224 8.936761 -13.2419815 4.9351373 -12.827772 2.0905654 -6.3539605 -0.4460526 -8.472657 4.816801 -10.015469 4.1930127 -12.112335 -1.6090308 
-335.47134 147.00186 8.137867 16.710487 9.873971 13.441013 -15.647069 13.306748 -16.238602 7.0812883 -12.367933 -2.757012 -7.4080677 -0.48584434 -10.049072 -4.146586 -10.59036 5.0685425 -11.133958 -4.956811 
-368.4865 112.714615 40.34715 24.791855 21.205177 12.26807 -15.454108 12.567873 -15.126492 10.659308 -16.55372 3.9701488 -12.165187 4.13395 -17.180845 6.26544 -9.061185 4.730424 -12.078655 1.1295615 
-395.72443 139.5828 19.915907 36.619858 17.235758 12.772556 -9.384754 8.451776 -12.05018 11.159406 -12.638687 0.96002513 -8.413344 -1.0641193 -14.67218 -1.2897252 -11.488739 6.2114964 -9.316324 0.68222964 
-413.51703 142.08218 16.338573 37.53935 13.285275 15.491071 -6.042153 9.159442 -13.316603 2.994882 -8.151423 7.1851883 -1.3051275 3.8746123 -6.760686 2.0042794 -11.41174 2.935221 -5.3456883 -2.5918002 
