-479.35965 128.76962 16.877003 33.656525 13.814693 23.480371 -11.509104 6.335161 -4.3057327 8.600395 -6.268636 4.45556 -7.5193806 0.28693506 -2.6994493 4.421999 -10.513623 0.9490688 -8.761934 -3.8610568 
-384.79037 160.93336 12.650787 26.136322 10.1855135 -7.630466 -17.25815 -8.87993 -14.91924 5.389179 3.1232767 10.012231 9.118385 -10.001751 -5.5193577 2.565511 -17.526794 7.0250955 -6.9429073 -6.7183585 
-332.8272 170.02924 5.9200125 23.52949 9.283027 -3.7012727 -17.938967 -15.304036 -16.14887 -0.84322125 2.3499599 12.7366295 6.5185246 -11.354713 -0.17693461 4.529632 -9.436204 4.569409 -6.124478 -13.581021 
-385.2989 176.78214 35.982674 35.00582 -4.5252395 -8.466006 -8.917659 -6.84002 -10.340833 -9.166456 -14.78358 0.53520286 5.0541883 -7.919463 4.0690904 6.547701 -8.709629 3.5717134 0.94484085 -1.8374228 
-358.49533 159.96996 10.721736 43.489517 14.480584 17.876955 -15.674709 -21.993162 -26.022728 -10.009784 -2.9285905 0.92156917 6.2702827 -19.966076 8.458943 25.383371 -18.659739 7.3976984 3.3934424 -16.879425 
-407.48444 108.60282 24.388159 61.448296 14.940212 9.205563 -6.0895176 -5.9301505 -3.6667786 0.5605156 -12.118651 -9.350853 4.047719 -8.298075 -19.661152 10.866481 -14.908802 0.080350555 -4.6870136 -17.439997 
-330.5727 116.75052 24.353247 40.991074 30.49315 2.491312 -18.65086 -12.630317 -10.52192 -3.3709693 -14.248755 1.11305 -5.0113783 -13.103223 -3.1706264 12.213332 -13.910971 -1.4728868 0.18119672 -5.983544 
-334.61926 158.93196 27.005932 29.264303 5.7197137 4.700479 -24.48162 -18.303638 -23.015827 -7.3023505 2.4354713 5.115494 4.46419 -10.855952 2.6853337 17.403727 -9.413887 4.906519 -1.7593341 -16.926695 
-434.3063 150.84862 37.90655 28.431828 8.478097 16.567316 -14.870368 -9.503156 -17.686384 -4.647592 -4.0124893 3.7963846 0.9470806 0.01749897 4.3774004 17.281563 -3.003336 6.9736876 -3.7999284 -3.0399942 
-373.06995 59.784954 41.87175 48.060936 3.261058 24.663223 -6.6008997 0.3934587 -13.36356 10.976134 -20.886076 -0.43482462 -8.315044 -1.6274047 -8.425485 12.628204 -18.633158 -1.5285021 1.5995531 -3.5642085 
-383.624 125.20119 31.773695 56.018406 27.210243 15.551147 -7.9964 -4.744925 -20.808004 0.3533791 -11.37129 -7.4212036 -19.642435 -6.280601 1.6815718 8.735123 -16.634846 0.5535928 1.4944782 2.1130102 
-438.14822 167.83691 31.740221 45.791954 22.017921 7.4325495 -7.2246346 -11.041905 -18.39699 -2.755153 -13.731413 -5.220281 -11.137599 -3.3561444 3.9624257 10.862112 -5.065787 6.772949 -1.494535 -3.825677 
-401.98987 172.6382 35.86882 23.37641 1.2272536 -2.494034 -18.46293 -7.509371 -11.306217 2.957786 -1.0760256 9.461735 7.1895437 -1.9164488 -7.254858 3.350555 -15.0845375 2.6183014 -7.5434723 -0.6838238 
-451.20776 172.64561 24.907284 30.19472 19.222311 7.9279227 -17.162973 -10.919094 -14.4041 1.3393509 -3.895167 6.511736 2.2285378 -1.0749269 -4.288939 8.63994 -6.4278955 6.617216 -3.063067 2.7536783 
-481.61252 140.10895 17.924994 31.996988 13.666375 15.5694475 -0.24861002 13.220462 -5.241655 5.8119793 -8.204988 0.30068642 -8.386904 4.5476127 -11.061685 4.0973783 -7.299808 3.2033758 -6.6999187 -0.093848385 
-486.4657 135.87494 20.523455 40.916286 14.455353 13.293772 -3.5740764 10.439535 -5.3233614 6.6980596 -9.876134 -2.4100885 -4.0171576 -0.5831337 -3.8540297 8.038829 -6.4196157 -1.8363576 -7.400275 3.3037858 
-439.46198 171.6109 31.892172 27.220102 2.5769918 -3.871964 -22.503439 -11.637288 -12.772943 -2.5315 -7.3507557 11.146676 4.859157 -0.59840137 -6.4601026 6.999151 -7.530866 -1.9025315 -8.513569 -2.576106 
-448.90912 137.9563 43.602432 31.184483 1.2962093 2.8394709 -17.420647 -2.3952415 -8.2070465 1.4825554 -5.1221986 5.898825 5.349097 4.2467327 -5.510003 5.934226 -6.9775047 2.8374987 -10.03362 -0.63880527 
-469.78705 114.62596 34.782246 32.806046 3.6038551 20.404533 -4.857238 10.404088 -10.737605 5.7589264 -8.704023 1.8893874 -4.128068 6.336245 -9.374671 4.860716 -5.460097 1.2470145 -8.9808035 4.574133 
-514.9798 145.56055 19.765387 34.792072 10.982897 25.432184 -12.346589 11.239296 -1.2209699 4.7490997 -9.360198 -3.808506 -7.276396 -1.7086227 -7.1435537 4.2423954 -5.6827817 -0.3732594 -8.305675 3.8941367 
-500.9942 150.22002 11.974056 32.125607 9.076128 25.88022 -7.049799 13.073556 -4.2214184 0.015424622 -8.7547035 -0.14943148 -2.3875432 0.037873838 -3.1453571 -2.7648287 -7.826769 -2.0098317 -7.9596753 -0.24109623 
-384.57706 141.10864 44.700493 30.13899 -6.6042852 -13.123031 -16.969643 -4.5167465 -7.312406 2.1080656 -17.324656 3.0569115 -5.8247943 -0.98162055 -6.5008645 8.832338 -8.433157 -8.703607 0.5231364 -8.644268 
-347.71814 172.44006 9.087199 30.05851 22.181139 -9.05991 -18.188496 -7.305334 -13.718562 -4.9745235 -7.998413 1.4876368 -6.292655 -4.5174117 -1.733288 3.4421175 -9.475889 2.5994837 0.29925415 0.03103688 
-386.42065 141.20749 36.431583 36.328278 19.419096 2.9761713 -15.421114 -12.078035 -27.791819 -1.4205308 -9.792263 -2.3049088 -7.3746066 -1.7773882 1.5176222 15.580778 -11.607163 2.0961607 3.1515753 -7.7964725 
-396.4756 145.18074 21.450848 36.51241 25.182575 7.3286853 -18.887823 -1.8346888 -15.175978 -4.2091393 -11.680162 -4.155871 -8.4477415 -4.054204 0.14999825 6.9442053 -7.4833703 -1.4425046 0.35708693 -2.7367582 
-415.23187 149.45587 31.629337 38.849476 18.168499 8.250789 -14.20299 2.8437324 -11.444916 -12.714873 -17.092646 -2.8820682 -4.111312 -2.3424006 -4.9455595 7.3483973 -5.5887103 1.9657568 -2.3001747 0.34397098 
-438.37 139.47882 19.437708 44.053886 12.06376 16.774473 -30.049934 -0.9293603 -1.5544974 -7.8168054 -9.327888 1.8013878 0.112133235 -1.57224 -13.582006 2.4698198 -11.146159 2.0148027 -2.6091342 -2.336741 
-466.553 149.76086 14.714418 20.183062 -1.6466067 12.228303 -8.303474 5.294294 -2.074167 7.4576626 -5.200524 5.6394534 -1.05429 -6.0206323 -16.826202 -1.3759449 -11.544031 -0.1910802 1.2758291 -0.9322232 
-473.65402 137.648 21.523445 31.767605 3.7959774 18.09892 -13.739169 3.523223 -9.098415 6.642335 -5.9134703 1.417611 -7.5309734 -1.7622498 -1.9979562 4.5488715 -6.675426 -4.3205214 -6.347616 -1.7877727 
-350.67123 159.9532 4.9499917 49.33494 45.785763 -9.1505785 -29.700823 -9.373286 -28.056862 0.45227656 -14.53047 0.161424 -4.9328136 -11.0455065 -9.434684 13.5951605 -5.8624535 -0.11416721 -3.5079165 -8.357632 
-317.74435 124.18594 16.409328 41.59794 41.206158 5.9640775 -28.593845 -24.239723 -13.877452 7.1303177 -22.86184 -5.380472 -9.270734 -4.731086 -6.6024337 18.869371 -18.007847 -2.2439098 5.987181 -8.171216 
-342.72507 120.76956 41.3064 31.066315 26.714043 24.416063 -27.343788 -15.057112 -17.83045 -1.1810651 -16.195126 1.2675875 -11.472645 -11.356153 -6.929903 23.712309 -21.143818 -3.0138462 8.244258 0.095841154 
-370.7032 134.33786 23.420507 56.59129 32.29698 9.374429 -23.932732 -7.8291225 -11.754016 7.301283 -13.386448 -4.561413 -6.36357 -0.76033235 -4.2308083 5.836037 -12.814899 0.24186894 3.5639403 -11.281808 
-350.5636 146.61284 26.049473 22.66757 9.783693 19.968798 -25.55704 -4.7492237 -9.121585 3.9274495 -1.4412911 10.359766 -10.831428 -8.145694 -9.194194 9.583828 -15.6672735 1.9662552 1.7390904 -3.999107 
-342.33334 114.2868 29.296516 40.962025 -10.654054 10.349457 -26.379946 -2.9668288 -4.7680707 7.1345105 -3.6429656 11.598251 -5.2348385 -6.3346195 -4.8910193 11.19115 -14.573061 -0.40570015 4.5753117 -5.6369405 
-410.36008 138.21098 32.156036 34.318928 -11.595319 2.3802102 -18.65923 5.5264 -4.5901594 7.220631 -9.140072 5.441525 -1.2295156 1.4973251 -3.5855074 9.810294 -9.8424425 -2.4051883 -5.4771137 -3.298462 
-345.02438 112.93706 38.354794 30.104153 -14.778475 1.5838491 -21.734753 1.9665023 -15.420497 7.7850657 -4.129656 18.449852 0.029881133 -2.0259287 -4.7758765 8.071453 -14.422483 0.96690613 0.96425 -7.0613546 
-380.05615 126.8724 50.969864 34.0158 2.755051 -6.1740413 -16.199272 -3.0509143 -15.794347 8.444614 -7.4056005 8.273558 -4.2257767 -9.300896 -1.4860226 10.145368 -7.7633533 1.369729 2.5394163 -4.8265634 
-390.03174 182.46439 39.73924 28.401106 -9.79715 -32.002495 -17.40168 -2.8069546 -9.619335 0.38183883 1.1603576 0.6878451 3.0340984 -5.433819 0.50907695 5.0282283 -6.7964096 3.365447 -1.5288179 -7.337253 
-370.25354 144.18254 33.171497 26.154266 3.642723 11.297521 -42.487934 -12.509083 -7.5039043 2.863341 8.40213 12.660727 -7.7692847 -5.626009 -3.3684788 7.736035 -12.686366 -0.25529322 -4.0205564 -5.3884625 
-369.49213 190.48343 15.214168 11.586669 3.9362123 1.9091837 -26.350933 -4.834191 -6.405442 -2.5259125 5.3341503 17.11373 2.985663 -7.7031655 -9.491282 -1.7629511 -9.109741 2.744192 0.0073381 -0.4014375 
-403.18567 182.95091 26.916826 22.361107 9.143213 -3.7668371 -20.120907 -3.5853322 -6.9013577 -3.3132648 -1.5115921 10.253803 6.329255 -3.0890017 -10.130208 3.5623724 -8.54664 0.12963979 -2.912335 -1.559591 
-399.48166 149.23541 11.58579 27.25489 21.856186 6.805408 -16.624506 5.446073 -0.010537465 7.191331 -4.2343163 11.937583 -1.8442336 -1.8189875 -7.285731 -2.0319252 -10.487825 -0.14561695 -3.676591 -0.22290887 
-375.6428 166.53662 -2.9722798 33.69168 32.102886 -0.9500117 -38.446083 -8.880848 4.773646 7.9264474 -1.0756624 -2.6314228 -6.2995954 -2.5423555 0.720975 3.3570147 -8.117465 10.165129 -4.1455665 -6.6149793 
-389.65198 139.06685 29.546713 33.42035 17.13048 -6.204514 -17.154066 -2.1242232 -5.8976 0.13667075 -9.761296 2.0021777 -6.9305415 2.0216608 -5.3434954 9.102707 -2.6014528 6.60716 -5.493555 -2.407569 
-449.75354 142.80013 47.944054 43.142845 4.5039105 13.08366 -9.038669 -0.68708396 -6.967504 0.88412136 -11.199653 3.2637177 -5.0680103 0.76389825 -12.130227 2.354646 -7.935233 -5.279761 -3.3057845 0.4984511 
-435.00577 157.30968 24.721521 42.21766 -2.2307193 -11.113578 -20.903942 -3.2556155 -10.393241 4.2835193 -2.8233342 3.5357866 1.7192113 -3.0230436 -4.4332285 7.4159217 -5.815038 0.5844678 2.77422 -0.089621335 
-489.05405 152.35257 18.462698 32.57848 7.7017627 21.828325 -9.550682 8.161518 -5.367994 4.8088303 -6.3104935 0.4471337 -0.50369227 -2.4484224 -1.6896026 6.4723177 -2.3159382 0.046238754 -4.8800545 -1.89812 
-452.1633 136.46898 5.641366 30.219229 6.735655 13.614468 -11.414234 9.607677 -0.5213363 11.888 -4.500592 -0.17541303 -10.125708 -0.7026875 1.2107862 6.674884 -8.148693 4.6371465 -5.586865 -5.307775 
-376.7641 181.73396 4.761774 12.351 19.175743 -2.6957767 -27.601973 -2.452705 -6.1740856 0.78829026 0.7465939 6.470496 -2.2278235 -11.307946 -5.7161674 4.51887 -10.933455 -0.2601384 0.7720397 -0.9831311 
-315.33496 156.19177 28.043245 3.1860015 2.102615 -2.9554071 -27.158129 -3.3767674 -3.3905678 -3.269342 -4.7448936 14.532094 0.4624505 -9.892353 -11.064672 7.3289194 -21.405725 4.0149326 -1.5662024 -2.927157 
-343.9097 139.93724 46.00026 4.3675284 -4.16474 9.423541 -14.541277 -4.943455 -12.042053 -13.652194 -12.704725 9.922283 -1.7156037 -5.179327 -9.251125 4.336086 -18.010197 8.463851 2.7945414 -1.3275285 
-367.58646 177.90233 38.720783 28.494528 -7.0652294 -19.692268 -23.685167 5.8612585 -10.106356 1.1649834 -6.6418705 -4.174701 -2.4730895 2.023989 0.032649357 4.3460016 -7.620085 -4.7621436 1.4348845 -7.848734 
-435.46924 169.69778 46.975857 40.11454 2.7551854 -3.3073123 -9.88754 -4.414698 -7.648701 -2.1343098 -12.8801985 -1.5447365 -5.957659 0.6262624 0.97376865 3.6492114 -0.13704395 1.6770674 -7.3748484 1.0079162 
-381.26306 91.44749 56.25981 34.757595 19.672403 17.270426 -12.267485 -9.274833 -8.99659 -2.3345482 -20.552292 8.236044 -19.24834 -11.116434 -6.419242 13.647579 -11.802392 5.7250423 -2.2058713 -5.233961 
-394.07898 84.64047 53.75237 47.788887 11.485874 29.972046 -11.376936 1.1705151 -8.129616 3.8440259 -17.7614 5.132881 -15.361631 -2.2941992 -4.646782 5.771771 -9.310348 4.7210946 -2.0173762 -3.1731613 
-404.71756 168.44693 8.658142 15.006376 13.270776 6.642024 -20.269775 2.2257261 -2.0977602 5.6332498 4.831727 9.272843 -7.8257427 -13.686024 -12.546135 0.5616529 -8.288642 0.53324294 -2.417874 -0.96883136 
-444.08743 142.65317 33.54155 24.44075 7.6530566 14.34727 1.1225395 2.6348736 -6.6442184 7.9216437 -4.5995197 3.7767606 -7.6326795 -2.7130919 -6.511741 3.5839548 -9.041836 4.0618954 -0.9697068 1.0048144 
-429.7202 185.0564 46.602478 39.82772 7.518502 -5.340797 -15.341254 -2.6718087 -6.200083 -2.3831139 -14.447715 0.5144754 -3.1429274 -6.5877323 -4.154731 9.459329 -3.3113182 -1.6347393 -4.354756 4.4120426 
-376.55585 85.13453 39.930706 46.095074 -0.020700667 20.15557 -5.9341183 5.127709 -6.082987 5.639593 -12.130017 5.580656 -6.6865163 -4.6866956 -4.138032 7.067626 -9.912464 5.760265 3.0715883 -5.209455 
-412.87766 153.0251 33.71874 44.867596 14.102368 6.709393 -11.732214 -5.7272897 -3.5456145 3.3369396 -7.7669697 1.4474267 -2.978423 -6.2140236 -3.6111069 6.5148897 -1.811214 3.921444 4.600779 -2.359435 
-413.71225 167.53268 33.02922 43.05588 8.182622 -1.736413 -13.1994505 -9.196757 -12.808227 -5.9450073 -4.0492954 5.8137207 0.8598608 -3.4273174 5.3032627 14.212587 -11.925423 3.079958 -5.591035 -2.4944742 
-462.86877 153.74976 31.49076 30.45681 7.7388096 11.028758 -2.6218312 -2.992053 -8.832443 2.862443 -1.1272749 8.701869 0.5318282 -2.213229 -0.24296205 11.902897 -2.8584905 4.231538 -8.376674 0.21226364 
-496.0912 148.32494 16.381859 34.301895 10.67575 22.359077 -9.708053 10.437746 -4.373451 8.417823 -7.8609433 -0.84764075 -6.245989 -2.368952 -3.4999514 3.4955974 -8.622533 2.3094873 -4.9732127 -2.3672829 
-489.1847 143.71004 28.403069 32.00348 15.08304 21.154308 -3.098852 6.1864605 -8.136831 1.3106793 -8.081703 -0.022902183 -2.519042 -3.700832 -9.496156 2.5935097 -2.2807035 4.094958 -3.9042218 -0.602679 
-462.97543 138.0104 37.24823 33.61086 12.058276 15.104625 -5.7794094 -0.1082414 -10.123041 1.6350323 -6.4842267 0.9834817 -9.138923 -2.2039547 -1.9991546 9.458658 -7.0774436 2.015013 -2.4772332 0.3938704 
-395.31665 157.15608 39.70097 43.757114 1.2654569 -8.137002 -17.235437 -6.3460236 -12.773515 1.0431944 -6.8665113 -1.5758961 -0.49610656 -9.676044 -12.433624 6.044969 -10.355954 -3.390564 3.7620935 -3.2784402 
-453.0688 177.14908 38.362503 38.271046 -6.875046 -11.369259 -19.421104 -1.9615762 -9.254667 2.302213 2.0582516 4.876824 1.5412358 -3.5888355 -0.34112868 3.402487 -5.9274654 0.8291168 -4.817227 -2.2197194 
-406.562 182.67355 19.733757 18.61045 4.5547347 4.7973304 -22.595543 2.8263762 -4.9858932 4.51685 4.2095666 15.683989 -5.8533 -3.4827788 -11.168003 -4.077215 -8.174249 -1.0150832 1.8834356 -4.869211 
-365.54095 165.39264 23.749352 32.714497 -18.285973 -15.562415 -16.387001 9.507579 -4.226275 3.7951825 -2.4676716 5.5881815 1.1091305 -7.1818 2.9500263 0.27511013 -17.420498 -1.4372137 6.7075057 -12.218472 
-404.61023 192.67722 47.724953 38.67925 -8.023617 -27.429228 -17.447819 -0.8261842 -6.681737 -1.1389948 -5.8313375 -0.1671283 2.1848128 -9.862542 7.2165585 13.411872 -3.679265 1.1253428 -0.47139132 -11.117796 
-418.29816 149.74573 29.27638 36.614315 33.0313 10.241993 -10.267607 -5.452245 -13.234853 -5.6423817 -11.512155 -1.7895226 -4.6358013 -3.7707045 -4.4126644 10.718289 -1.8348223 -0.011702564 -1.2805403 1.6012609 
-359.86963 155.88417 23.966526 23.135944 0.6347377 -0.4886908 -19.479794 0.382002 -4.751295 9.126571 -3.5684009 8.337954 -0.003941218 -3.745225 -6.0810494 8.537191 -9.674877 -5.630272 -0.9738121 1.1821712 
-414.57187 162.006 43.123703 26.093449 -2.573885 0.7301208 -3.3702517 10.279656 3.095949 17.91275 -12.465926 10.228786 7.302101 0.41349635 -6.3715177 8.545406 -7.0371304 1.9447153 0.17226352 -1.7500268 
-434.66907 158.53442 50.65966 43.215546 14.47636 -1.4797893 -11.578738 2.0182106 -21.083963 0.13637882 -20.290874 1.4943329 -3.3481877 -4.2662725 -3.3439667 12.549523 -3.9011862 1.5318356 3.706531 -3.9026082 
-441.29105 162.17497 40.731647 44.8706 21.282942 6.780256 -15.484238 -5.856616 -13.204578 -9.579446 -12.1513 2.8873918 1.9024633 0.776922 1.6570076 13.858487 -3.5988333 3.3365304 -1.9454384 4.90965 
-367.78525 168.4167 14.792714 19.900244 6.047022 -6.9172974 -20.137007 0.287826 -10.319263 2.1085968 2.6080894 11.411181 0.70311713 -5.520028 -10.3608055 -1.4446523 -11.210176 -1.8754635 -0.3958931 -1.3480535 
-420.44473 159.41783 28.68226 32.623703 27.909655 5.3361096 -15.077449 -0.9286213 -0.9921232 0.7198834 -9.006428 5.398405 4.3597126 -1.7604678 -4.6857038 5.8654284 -3.4757802 -0.47502723 -6.515047 -0.61143506 
-329.8671 133.98373 31.121395 18.554071 18.971642 9.144436 -30.807526 -2.2907238 -9.85951 3.526936 -2.78021 13.147145 -10.677138 -5.483484 -11.642588 11.147821 -15.065511 -1.3927342 0.15527418 -6.5706997 
-382.82935 157.12991 17.32209 30.634407 22.9948 10.156742 -20.028833 0.91052026 -10.963292 1.3413448 -11.43885 2.8810658 -4.580192 -3.1058874 -2.8193436 5.0997553 -8.3772545 -1.9889594 3.0120306 -7.2854013 
-361.8286 162.88818 3.306775 9.485085 6.34602 15.36147 -15.150158 4.3694386 3.0357747 2.7015398 -3.2224865 17.949228 -4.886135 -14.229924 -7.5551734 9.727622 -1.6877254 4.6788797 -1.4212388 -3.7236655 
-471.32825 150.05814 13.51805 23.968334 2.928255 18.823677 -1.2824298 10.630766 -0.63009655 6.142677 -3.637989 7.095476 -4.8924923 -3.1781747 -8.109536 1.5200938 -3.7050192 1.0915278 -7.8880215 -2.554059 
-492.4937 143.99849 9.8110285 33.19233 9.946722 25.206865 -7.424635 7.769711 -2.1432898 5.5554943 -6.206344 -2.744466 -1.898837 4.864819 -0.88278383 -1.6106919 -6.520006 -0.3012589 -6.080009 -1.1025151 
-356.0404 120.82764 33.480156 20.65741 7.6260343 11.080226 -26.41321 -5.5597134 -16.4818 3.1535115 1.1671445 17.066011 -7.163114 -6.6271486 -15.6282 11.253749 -16.186056 -6.0941634 -2.890767 -14.05794 
-332.89542 131.82256 26.230146 29.387203 11.658884 4.0002637 -34.974792 -5.7436533 -12.315293 -6.3207893 -11.6586 4.2452927 -2.4336662 -4.590043 -8.944481 4.144888 -17.398308 1.6383371 4.939664 -10.933395 
-368.30948 156.985 43.556545 29.727669 -27.421711 -19.72485 -18.109253 6.3485627 -9.452557 -3.159192 3.9639723 -0.14228243 0.77258575 1.8119714 -7.8537655 3.6729093 -15.6701355 0.25011688 4.6543427 -5.099996 
-330.40125 191.12956 8.2883215 24.07643 -9.901902 -19.930807 -29.94325 -2.9763193 -17.648054 -1.7156746 2.5239613 8.400852 -2.5859375 -10.601677 -3.7112143 10.372706 -19.415648 -0.11846468 8.79105 -14.130547 
-422.7767 175.68817 44.5687 32.492317 4.586465 -6.353896 -10.882732 -1.0749931 -13.936432 -2.0595834 -12.84644 2.951214 0.14879633 0.841485 -2.2821944 6.3155003 -4.058367 4.2584724 1.059155 1.817276 
-412.66626 124.6987 42.78853 38.059853 15.476924 10.361279 -12.751757 4.928687 -21.45938 0.034723654 -19.314495 5.272547 -4.986909 3.3273323 -12.339038 7.50305 -6.5363827 -0.26893753 -2.2664006 -0.41024774 
-358.08347 185.40833 22.659887 39.48839 -6.6146116 -18.39106 -7.508161 1.844544 -17.933699 -3.8517141 -8.284933 -0.43612057 7.212281 -8.012524 -0.80058634 11.700347 -11.172755 3.6934445 6.773935 -5.893805 
-387.42368 121.28209 47.511383 31.947414 16.78972 11.3587 -6.9358673 -9.250732 -6.9210486 1.3128567 -15.087825 6.220038 -9.130618 2.1422815 -1.7695985 14.078442 -13.209341 0.14354712 -2.2260158 -3.3500574 
-398.56656 177.51106 9.654262 33.57157 25.040844 -1.2272841 -27.1292 -7.318742 -3.904614 2.600089 -0.2615599 1.4709547 -3.1883056 -1.0992383 3.1155767 11.866571 -12.345123 -6.064975 -6.070247 0.5119362 
-438.54922 160.51363 52.93381 33.639553 18.98244 -3.6634052 -14.904305 -4.9192767 -9.516307 0.26410526 -11.7438965 6.447125 -3.7466578 -0.8669192 -12.416616 15.129325 -6.055194 1.395605 -5.4331684 2.446084 
-440.9119 137.65816 37.0649 44.21934 24.291887 14.115279 -14.220012 5.041336 -6.515795 -1.028534 -13.647713 -1.1621478 -3.76349 -0.5681433 -2.910414 6.077956 -5.8605275 1.7502854 -0.039778806 -2.402103 
-443.95938 160.90741 37.28582 38.34076 6.820284 7.4555717 -6.465844 -8.513219 -12.5641575 -4.654146 -13.593492 3.219344 3.5816858 -5.4684916 -1.2638057 14.235851 -4.247345 -1.2382872 -0.21882905 1.775974 
-441.7831 124.31775 44.671806 28.926134 9.076023 14.989643 -12.199214 -5.083476 -13.249003 6.395145 -11.29364 11.495582 -4.3238935 1.5653576 -3.6978047 10.0461035 -7.671465 -1.1110742 -2.3597124 0.61552787 
-456.19397 157.781 30.712097 18.22642 6.706733 11.329459 -17.286715 4.0829716 -5.9133363 4.2569623 -4.6830444 15.994204 -1.8975037 -0.36564952 -15.690099 -0.33286244 -4.051698 -6.131884 -7.9091253 2.0713103 
-504.5729 170.92253 36.12696 36.552002 8.725073 16.929678 -13.30941 1.3015968 -7.950823 -1.6024524 -7.066564 -5.930346 -5.3006434 -6.5269113 -8.485175 -1.0755076 -5.4088163 -3.03133 -9.63306 1.1651781 
-501.33392 149.25633 8.16755 32.79082 7.989886 22.630789 -9.083954 8.047103 -2.9356375 7.1038566 -12.8745775 -0.030345917 -2.2176416 1.3200498 -3.3910024 8.024097 -8.393966 3.0535574 -4.5001454 2.1866138 
-495.896 143.95616 14.455895 34.964172 10.662601 26.225363 -8.10706 10.156841 -2.3997796 0.59715676 -7.790668 -2.2108138 -3.4051602 -4.6021266 -7.780619 -0.5613911 -10.925496 1.6582826 -7.302621 1.2410893 
-425.00244 103.004166 48.151627 46.011673 22.54151 10.120207 -4.903181 7.65472 -9.226882 1.4424586 -14.346673 -6.44069 -8.173788 1.3021569 -13.128482 2.4823694 -7.868165 4.7056212 -10.497794 -6.077359 
-341.51315 110.03661 20.873024 60.860046 42.359898 -2.6062746 -18.190454 -0.9811074 -10.91949 0.17796919 -21.60181 -7.775988 -11.123196 -0.088924676 -12.180958 -0.007518967 -7.3986077 2.6244004 -7.092064 -4.974769 
-385.99658 177.79291 54.59845 44.621994 7.476591 -22.415947 -21.676304 -12.405223 -21.293705 -5.47951 -7.4777036 -5.8894286 -2.3747263 -9.777928 -8.114961 -6.7609835 -7.5958424 -0.44998232 8.34215 1.4530987 
-381.37802 191.7473 52.026592 44.521564 -11.132014 -32.303986 -24.17349 -10.251049 -12.580802 2.478339 8.089977 -3.5133226 2.0585957 -6.7327304 -5.8069587 -0.15304051 -7.915111 7.935877 4.266743 -8.952076 
-420.30545 152.11754 49.954792 23.733131 3.1941206 -10.237381 -9.912313 -0.58505917 -6.1824374 -8.667194 -11.585955 -1.8127776 3.5736384 -1.493336 0.56367505 5.973587 -11.952371 4.3525987 -9.613181 -5.3415055 
-356.67322 52.21068 66.89124 30.144487 13.271874 24.068916 -23.179054 -6.107644 -8.434957 2.1213021 -15.638592 4.335203 -20.815224 -8.545673 -0.65838873 6.053083 -18.434135 2.4389584 -3.870307 -3.7815955 
-323.91718 109.79758 16.576538 53.0967 27.271847 -1.9484181 -34.537308 -15.343752 -8.671159 4.5881295 -16.929888 0.8673066 -7.807188 1.2723663 -2.258729 8.081127 -18.446241 7.3668594 6.6240644 -13.476281 
-382.92566 61.418327 43.910847 61.55237 -0.50054765 16.438526 -9.440604 6.0594444 -18.137785 11.330226 -14.248293 -9.338499 -8.147078 -1.1573212 -4.6702776 7.8338776 -10.283062 -3.0982227 3.2598753 -4.5985737 
-377.35364 71.58256 41.967445 61.422546 16.535936 18.432037 -11.657667 1.368478 -7.7458453 1.1737853 -22.558617 0.41092914 -12.466688 -0.06262419 -5.707026 -1.1704565 -15.037487 6.9494305 1.7203969 -7.4894085 
-374.6864 139.50441 39.758358 42.79702 13.291887 4.4765234 -11.660626 -14.008167 -11.114767 -4.0970902 -12.517461 10.214009 -6.525209 -5.413247 -1.5097666 9.292932 -14.307763 -0.28256512 2.1757433 2.1529417 
-374.04138 133.50288 24.262512 39.70851 30.85035 5.017639 -17.34896 -9.203294 -5.95648 -8.400614 -20.213354 -3.4681041 -2.3379567 4.1474714 0.20908959 12.137534 -8.642601 7.26886 4.0784993 -0.11585426 
-419.66867 90.5087 63.91933 32.498417 17.896385 29.200596 -9.407453 -3.4591894 -2.7254262 -4.9802876 -14.397396 -0.74697983 -19.725304 4.221911 -8.627825 8.428307 -13.944754 -0.55746114 -1.3713099 1.1689082 
-422.54156 107.17933 41.598244 35.027576 26.896128 8.328262 -17.019606 2.6704528 -1.1163223 -3.9478083 -9.936593 1.5043352 -5.6338143 10.429989 -5.011569 5.370781 -10.177447 3.978157 -5.8304944 -5.6189737 
-362.50443 180.37181 10.040146 19.981146 23.4525 -7.7116995 -32.453182 -3.967851 -6.970387 7.7157726 -0.22541931 12.009462 -5.2943587 -3.9957325 -8.090063 3.5410464 -10.621447 4.7877045 0.1394433 -6.6898417 
-421.67853 154.80795 59.561516 36.389675 4.438506 1.6694291 -19.086252 -9.462513 -4.1493707 -7.3302436 -10.786252 3.3238688 -3.435259 -0.37088525 -9.42705 8.685943 -7.03354 -1.2218679 -3.9308963 6.0064297 
-437.10916 131.1198 29.563559 55.950413 23.683632 13.302548 -12.920418 4.421355 -7.730967 1.1376972 -18.091423 -0.95264405 -4.4117947 -1.5908242 -8.861167 6.457881 -11.483598 -0.9492354 0.2623195 -5.238995 
-438.57672 173.96576 38.60947 37.69062 3.1663451 -7.0940385 -19.34717 -1.6046786 -10.983695 4.1294317 -4.37826 3.5737674 -1.287068 -2.177257 -2.9292972 6.830614 -7.9898496 1.0862626 -1.1101551 -4.3440814 
-410.17957 165.88354 31.878126 27.755991 -0.26951516 -3.042138 -14.421169 3.1854694 -8.124152 -1.2555529 -3.5248468 3.3655155 -1.6965978 1.9191297 -2.8567908 2.9386847 -8.357083 3.1181889 -3.1906736 -0.33751065 
-381.42908 75.34455 37.327793 53.41516 6.0742893 17.519905 -3.5445447 2.1858706 -4.2012463 4.6356025 -18.112276 6.832507 -5.716661 3.9294133 -8.244162 6.7959037 -14.008605 -0.5216961 -1.566511 -7.956972 
-402.56848 135.0014 38.781754 22.688274 9.21897 -1.079829 -15.340356 5.2925014 -17.106794 11.8494005 -13.940699 21.529112 -1.7830023 3.7635634 -17.862597 4.8328037 -8.9570055 -7.971516 1.5772848 -1.7994448 
-463.7869 136.27596 48.561848 29.357012 8.511431 15.155847 -9.390809 4.0325828 -11.391176 3.4325528 -12.353068 0.46201834 -6.4254427 2.6449232 -9.833958 -3.9587488 -5.0200133 -5.4488125 -4.746662 1.6068902 
-480.00748 133.16681 11.646942 29.665293 18.882011 23.977571 -10.812786 2.0031195 0.5706824 12.357609 -8.228481 -5.057041 -7.3075724 2.8299267 -3.2689276 4.320004 -6.940018 0.28799975 -3.7058058 -1.8008289 
-459.87143 160.27045 5.5986013 25.010025 12.373918 10.665471 -14.379408 3.791663 -1.5254817 6.6371245 -0.434014 2.1556172 -10.929913 -7.1199365 -5.0302596 0.2725922 -4.1583815 2.3624823 -5.0903907 -2.7607222 
-363.30362 165.50946 20.941381 30.53575 29.089712 1.6881409 -16.169569 -11.152195 -17.513493 0.6599899 -18.857779 -2.7180262 1.0937243 -4.5447626 -7.918978 5.8776793 -7.0374875 1.1573405 0.58867764 -1.4229561 
-371.7834 122.52304 32.339832 44.38695 36.47132 12.997106 -21.907692 -11.735428 -8.807397 -5.667342 -14.234835 -4.116458 -6.508103 -6.5998135 -6.617408 15.086968 -11.6500845 -6.1973543 8.346576 -1.0421236 
-404.6223 135.79918 38.135212 46.03746 34.988262 7.7157574 -24.544636 -10.172239 -8.275896 3.34863 -17.594677 -3.7025082 -7.447231 2.2798357 -5.008359 11.501424 -9.37675 -3.7102182 3.1813765 -7.437901 
-394.85178 80.47674 40.739353 59.2571 15.612983 16.451546 -12.883891 10.9587345 -9.745978 -0.09362716 -18.204264 6.685423 -12.23218 0.46680942 -10.528958 4.696722 -11.00274 2.4292262 -0.086141795 -7.5021396 
-408.11603 169.20505 35.25678 41.327404 24.886429 13.642552 -20.763374 -11.372267 -21.11886 -7.55071 -10.227177 -4.43075 -3.4414625 -6.3919353 -3.9709342 9.122183 0.088340335 0.48676598 -3.2666323 5.90047 
-366.98132 118.27511 51.14596 27.640991 3.7830403 2.9736123 -22.55075 -5.6212454 -13.815173 3.7752278 -3.6966302 22.96955 0.068978414 -0.8896851 -5.0543094 5.8232327 -14.690623 0.80702233 -0.05426322 -6.2967463 
-410.70844 149.07864 32.84962 34.214066 13.801689 4.694012 -24.912434 -7.657412 -18.097197 -4.0969434 -5.074874 14.582326 -1.9247102 -1.3694078 0.7031452 9.970866 -15.243378 -3.8511794 -1.756478 0.8027827 
-398.54056 46.56954 43.65326 55.995525 -3.197259 16.917612 -6.345916 21.996983 -25.597445 17.710594 -8.56435 -4.3136234 -7.3507996 1.6481471 -12.936497 7.7451496 -7.6430206 -2.1762326 -4.1931515 -0.22748953 
-424.9967 161.87349 17.274223 35.92044 19.096214 3.693797 -20.994894 -5.146612 -13.732369 1.7490686 -12.458683 -5.862977 0.19090721 -3.1258118 -9.478082 5.1037664 -1.4077135 -4.728381 -3.5748913 -0.065764904 
-512.7852 150.36436 29.195059 32.65244 9.137679 20.288975 -10.531232 10.90887 -2.401951 4.68357 -6.9779153 -1.1184397 -5.517694 0.032942984 -8.396595 2.86402 0.41342747 2.1077955 -7.430992 2.2967377 
-508.0602 136.62578 26.42127 25.622593 10.681643 30.034912 -10.583865 5.35513 1.6398995 -0.10093866 -6.2085414 -0.16161431 -8.722494 -1.8050323 -3.9400537 -1.2711569 -3.4366379 -1.3347248 -10.373473 1.3428528 
-489.22546 142.19893 19.543474 22.197971 -1.5161868 27.226665 -6.3467197 5.602598 -5.807127 1.0403377 -3.391158 5.737589 -3.7585335 -1.9340951 -6.2066917 2.7123332 -3.5600111 -4.7967687 -14.058956 -1.5297741 
-463.5586 155.30322 10.508744 30.706825 15.917799 16.488731 -13.075344 -1.5616932 -12.657887 -4.525472 -4.097228 -4.462202 -2.743976 -2.5670538 -4.19232 10.981253 -5.0183887 -1.863233 -2.800323 -1.6140795 
-496.3309 149.66156 21.169077 27.08275 9.992761 22.751844 -7.3161325 9.156896 -2.9553428 1.632114 -5.009218 -0.008140828 -2.308463 -1.2322966 -10.796563 0.15525691 -5.7961483 -4.530413 -7.710946 1.7789445 
-501.26987 148.57645 31.429626 25.784508 11.833431 28.802069 -5.3447776 10.796056 -4.018593 0.0878996 -7.509905 1.4186702 -5.8447456 1.5057124 -8.329571 -0.5814689 -5.8900566 -0.40653273 -9.506356 0.77013093 
