-430.7202 137.73705 13.33941 36.832558 11.205616 13.049839 -6.399388 17.88083 -9.013477 5.471084 -13.327499 6.0917034 -2.4750822 5.6341877 -8.097981 5.813839 -10.127603 1.6884416 -11.1491585 -0.34167206 
-338.57446 131.24959 11.958946 22.066633 3.5386732 14.133576 -9.628273 -6.296027 -23.494339 9.928838 -14.430294 1.9381536 -6.2424493 1.7378924 -8.964123 3.0408442 -8.965762 -5.5294447 -3.393587 -1.2187545 
-339.23608 144.93365 11.459152 44.53648 16.683838 -8.70348 -17.677261 -0.3512399 -18.019995 -8.880839 -16.08105 5.486948 -0.21871418 1.3255386 -5.6183996 4.8618402 -2.4600663 -6.1394143 -0.98186874 -3.5050392 
-346.9778 132.16904 17.874514 21.393705 7.7720633 7.912367 -14.8003435 0.0065163504 -18.9382 5.803442 -14.473019 0.42398345 -5.1397862 10.594968 -3.530923 -0.07798621 -3.8468747 -2.1825943 -9.928464 -7.360594 
-402.32217 147.69183 34.425823 39.13016 7.5371094 3.194264 -12.986073 0.75709087 -19.564362 0.39057887 -17.268906 2.367763 -2.744723 7.349027 -6.584761 5.234189 -7.3797174 9.199694 -8.191452 -2.7483666 
-362.8175 149.93016 14.693061 26.103905 0.48152986 2.768235 -1.365505 7.0879626 -15.211385 3.6622288 -12.25934 1.3195295 -2.9852781 -0.99651366 -10.7558365 0.5446611 -5.9235344 0.52637345 -11.556446 -1.3249116 
-411.05997 136.77335 19.392729 36.103622 9.241621 8.342957 -2.0109565 12.266798 -10.427519 7.5732594 -10.72331 1.6976657 -4.2908506 3.6268795 -12.940337 3.5004594 -7.9941025 -3.927127 -8.543761 -4.780898 
-425.1288 138.02756 12.593996 37.049187 10.633036 10.348084 -6.945053 11.684178 -4.100099 9.031437 -12.066973 4.8151073 -3.312168 3.3110497 -7.3726144 5.2003136 -11.785122 2.2836778 -7.5135965 -1.7886233 
-419.95877 127.13255 22.233805 33.68597 10.031887 12.913929 -1.0093518 15.149319 -6.51528 4.6828566 -14.070121 1.3615319 -5.4566708 0.14209694 -10.945158 3.4109828 -11.548636 9.010653 -6.6177435 -1.8850814 
-296.5295 114.69404 -9.623165 30.870829 7.291555 4.721563 -5.292326 -10.056617 -17.758718 14.771632 -21.983282 0.9111794 -1.8184084 -2.306442 -14.755046 -8.07568 -12.088272 -9.585391 -16.173601 -17.071442 
-299.85098 145.70285 16.82018 20.532295 -12.588279 3.4828148 -0.60940623 -2.0400455 -18.68003 -6.601277 -18.820261 -5.1008563 -5.188068 2.5045803 -9.970974 1.2504083 -4.0410213 -10.005676 -5.109234 -5.8749104 
-313.02646 125.17489 16.893534 23.65609 0.21594122 20.156761 -10.594749 -11.921919 -23.734444 2.4688945 -11.909449 -2.0311606 -4.1817927 6.2162924 -5.3881545 4.989078 -8.155647 -6.0727005 -15.60652 -5.693981 
-330.61877 144.35222 7.0573034 35.226643 16.892633 5.5459204 -26.670664 -10.633814 -16.428688 -0.3629581 -14.761198 1.7208906 -4.3981357 7.0314045 -5.834299 4.0620823 -6.6322184 -0.5987208 -5.503544 -5.2829976 
-372.53702 148.3731 31.133175 31.152079 -3.6179614 -0.5985581 -12.471144 4.172561 -16.918337 -2.1069815 -19.826553 -2.11389 -0.4499018 7.0583367 -2.0331268 12.67632 -6.038275 2.9839773 -12.490898 -6.938975 
-339.5727 139.12639 16.193449 23.375885 -11.926 3.3837752 -3.9670317 2.7795439 -19.206188 -0.359763 -10.715066 0.59511405 0.25139278 6.3164153 -5.872572 6.009747 -5.8114877 2.9437976 -6.529276 -2.0642521 
-313.94516 140.64592 -12.553267 23.463799 14.746928 6.6267657 -13.211556 0.9402839 -8.686406 6.6164985 -14.239816 1.1618985 -9.164482 -1.0565256 -6.4825525 -0.57597613 -9.552718 1.360601 -8.83868 0.9902611 
-260.75815 136.89534 -15.407054 37.72185 2.2100353 -11.369709 -9.314751 -17.248644 -27.386732 8.5599165 -22.247166 7.1459985 -3.7411168 2.2781515 -1.5166507 6.7865353 -7.270701 -5.8147526 -15.872463 -14.427015 
-313.1377 127.49936 4.3509135 30.794369 12.4280815 5.592849 -21.564327 3.9980783 -14.180672 0.31682888 -14.437646 -6.965784 -7.1646447 1.3618536 -12.020949 5.582027 -6.4940863 -1.080381 -13.105635 -8.318973 
-301.2741 153.20114 -13.329106 18.93346 -5.137752 -1.3441238 -3.9904523 3.790838 -12.239153 4.2277336 -13.992207 -7.72264 -2.4261043 -1.8278427 -8.048254 3.436827 -11.416029 0.579036 -7.8744946 -6.87478 
-327.73645 94.0719 26.721367 27.082567 14.05867 16.92752 -20.483927 10.452257 -12.299589 2.4804862 -16.89257 -0.38586086 3.0400538 6.8773217 -10.4452915 6.0930095 -13.647435 6.538924 -18.036964 -2.972819 
-306.65582 146.25641 -7.9524436 18.199028 3.447995 13.473445 -10.879028 3.0001109 -21.27068 1.4343352 -2.3271809 -8.778431 -10.267751 -0.44956833 -8.15784 7.641583 -9.11446 -3.3077075 -17.384106 1.707058 
-323.2775 136.66129 -4.281011 26.977139 15.484837 14.511566 -30.91887 -4.4417043 -13.140324 13.192543 -7.884747 -12.339887 -3.934438 7.8474383 -5.397741 -1.3028588 -16.964384 9.000995 -20.416058 -3.0924253 
-368.80307 137.9693 18.35991 47.340733 18.780277 0.053403325 -18.653435 -6.891466 -15.979608 3.2209978 -23.900507 -10.609597 -1.6035533 4.4821754 -11.061043 -1.4307425 -5.0235395 4.807981 -13.682477 -0.76167476 
-365.78513 135.36043 26.212994 39.33448 16.357569 9.202848 -10.755783 -10.9636135 -13.575208 10.30847 -24.817135 -7.028722 -13.122418 9.887872 -7.3803806 -1.5364187 -7.14918 9.55495 -3.4221811 5.8058605 
-255.61195 131.19586 -31.476942 23.332876 4.4491315 8.690642 -32.65727 2.7181115 -9.459813 18.481255 -12.969679 -5.74279 -9.541454 2.9246266 -1.8305421 0.30237183 -17.1588 17.54054 -19.502712 4.951605 
-352.88715 131.31804 10.020903 45.576717 14.600922 -3.524951 -25.239422 11.981135 -10.073038 -2.076737 -21.949883 1.6755685 -1.0139213 2.40886 -11.666856 3.6609607 -12.804709 -0.13234574 -14.832811 1.7217488 
-425.64908 135.90787 16.440435 36.81761 8.905736 11.697823 -7.7879734 12.243377 -9.703312 5.288642 -14.526555 0.5892215 -7.300198 2.3613925 -11.528744 3.2507095 -14.098362 3.339925 -11.791258 0.7638183 
-358.77856 124.39298 39.741413 33.984947 5.683309 3.2290258 -10.986944 -4.2420692 -23.618376 -0.97900975 -25.808844 -3.78226 -11.290516 -0.89597905 -0.9712425 4.1572313 -11.676094 7.1888537 -15.763175 -7.411108 
-267.07507 125.64345 -11.810564 7.0982113 3.5750036 17.573034 -12.485752 5.707314 -16.963326 2.3399203 -6.08926 -0.13202424 -15.393865 -1.7617142 -1.3139833 4.7385845 -9.328324 -4.129839 -19.036333 -5.0488987 
-292.40427 70.980446 25.221159 44.928032 12.328939 7.4997187 -29.560965 13.01281 -20.729383 3.347138 -21.773355 1.3565719 -0.23828687 -0.26254573 -11.393281 9.487867 -8.327836 1.4704645 -19.202848 -1.9106928 
-356.58966 137.94904 22.008385 30.869598 6.5208573 1.183029 -15.8004265 4.3732877 -12.717885 -2.2924507 -15.32281 1.4969705 -3.7555335 7.383038 -1.6406989 2.23354 -0.99749374 2.6657257 -11.602429 -3.799214 
-296.3612 155.34235 -2.8972483 17.248377 -9.490148 -1.5595978 -2.4717522 5.504424 -18.549295 3.576865 -15.499187 -2.3409648 -3.5896666 0.99588233 -2.9254324 2.322974 -3.8144133 -5.204366 -10.557659 -0.0640262 
-326.17654 103.21275 34.5566 27.189266 4.979371 18.33534 -23.68381 -1.1035421 -30.33077 9.324707 -17.134323 3.6747487 -6.748676 6.0572104 -2.8815875 8.1583 -16.405466 4.2080226 -16.756096 -0.98413056 
-333.78458 139.56703 19.956718 30.092333 -20.564583 2.2299678 -1.5460079 3.6306398 -20.829826 8.445934 -17.379942 -1.5980731 4.4414754 3.5448668 -6.3017116 4.7921033 -10.237359 4.1681724 -13.570309 1.5527006 
-323.49957 161.09843 -12.110255 12.421349 -2.0274925 5.790629 -3.6899414 -1.4834573 -27.752537 2.3788362 -3.1523106 -3.0356367 -1.912344 -4.131754 -13.96368 8.182591 -6.7976522 1.4093642 -14.080187 4.2473235 
-301.6022 138.29266 -23.49186 23.819569 15.26884 17.72321 -21.006395 -1.2645717 -6.9673038 13.675265 -5.8771715 -9.307331 -10.061768 2.856339 1.6448215 -5.49734 -9.349055 5.145323 -19.876373 3.918905 
-289.04736 141.00217 -23.807533 31.601616 7.9780407 6.1612473 -17.636114 -15.214759 -20.970085 17.96502 -13.683483 0.0999261 -5.5493994 -2.0752432 -1.1646703 4.1588955 -18.424261 1.7781141 -10.46952 -3.8682692 
-359.51987 147.7193 3.655208 16.497993 14.538369 4.8987246 -12.792782 -8.399143 -34.49724 10.694247 -9.36445 13.270321 -8.170413 1.640891 -7.1171746 10.590015 -18.642635 -6.7425356 -13.298687 -1.2406443 
-423.2678 132.25397 21.051228 34.48108 14.28627 10.601839 -6.2836113 12.844853 -8.462587 4.2214174 -14.902996 -1.6303542 -8.699366 4.0843444 -7.4603934 2.6614385 -13.173388 2.592085 -7.728991 -1.0969443 
-383.1393 136.4574 14.366139 34.01275 15.247896 4.8940763 -9.566682 3.1924388 -7.750716 2.1739178 -15.431931 -3.166804 -3.1450942 5.8370585 -6.2568274 -3.3609953 -7.027208 1.9105657 -10.668355 -1.6703528 
-323.1569 150.6267 6.792004 24.49099 -12.620126 -5.827384 -0.057891622 -2.9345274 -16.79134 4.9993277 -10.808292 -2.7631054 -2.41823 2.3092184 -6.4496493 4.1526694 -7.7661266 -0.47534359 -13.963159 -3.8326814 
-413.6869 141.16296 18.951746 36.774555 5.1357584 2.6410255 -5.405576 15.494154 -9.84585 5.0963893 -12.724349 -4.9054155 -5.294343 6.2678103 -10.048974 0.44934198 -7.9433985 -7.4821005 -13.885981 -5.0130696 
-425.7114 138.87154 13.3926115 36.128094 8.6203985 10.863682 -6.4437823 13.495595 -13.6160345 4.6644335 -13.6875 2.3119936 -3.249551 2.2684724 -13.100832 2.7931795 -11.87092 1.972589 -8.818213 1.2212567 
-427.7259 140.66165 11.074975 35.975376 10.142524 11.266606 -8.9231415 15.059686 -6.1835866 5.4686728 -15.052704 5.1224537 -4.026936 1.788342 -12.615776 3.7929158 -10.568279 1.1636571 -14.990421 1.2876364 
-430.8463 140.88753 14.169174 35.951603 8.865055 10.37124 -0.51042914 18.066708 -7.520449 4.1660466 -11.889543 3.532335 -4.4144235 1.0055513 -9.359451 0.14907344 -12.210315 3.1253705 -10.463757 -2.795019 
-284.32254 126.18947 -25.665398 44.311577 5.751996 -6.631517 -22.39273 -4.330034 -3.8770723 4.5365143 -23.293379 1.167481 -4.792377 0.08828778 -7.249687 5.84602 -11.128933 7.4078455 -15.3414135 -0.27042347 
-313.51273 123.05603 0.12018808 62.379536 14.213021 -19.07301 -15.495775 -12.735606 -17.834818 -4.7444954 -28.517998 2.451735 3.384023 -1.3608202 -7.600793 15.711395 -6.9971952 2.937361 -17.14253 2.7168999 
-406.277 142.4132 17.082352 44.505386 14.839543 6.687501 -13.935043 5.335322 -15.199992 -0.6615727 -18.080631 -0.486189 -6.326839 7.4959674 -10.599969 3.0146813 -5.162714 0.9373629 -17.824345 0.76017994 
-428.01428 137.78435 17.299538 35.683243 9.580326 12.519716 -3.3626995 16.838842 -9.52148 6.8987055 -12.6680155 4.567242 -4.605576 4.695174 -10.334113 3.7609668 -12.866499 2.3112097 -4.310317 1.3651495 
-421.13574 131.1395 23.013826 31.77202 11.952 11.701818 -4.8815217 17.013742 -8.457905 7.1329813 -10.560116 2.753224 -5.30723 1.1116782 -10.045642 1.6535257 -8.543549 3.184682 -9.03379 0.8450459 
-416.29596 129.11363 23.60212 27.826529 12.515585 10.832563 -3.9152095 16.108723 -8.600371 7.5081863 -10.134206 3.2406657 -6.645943 2.4000883 -7.079529 4.2377844 -9.219655 4.072306 -7.5524554 -0.73002744 
-423.23615 126.73656 23.143263 34.35348 12.398173 11.589117 -3.2192614 15.328051 -8.642152 7.961152 -12.08244 1.1806772 -4.5287337 8.000666 -6.5139785 5.1705985 -12.516407 5.184801 -9.61102 -0.28758755 
-429.46838 135.1608 20.456306 35.457626 13.357579 9.883519 -6.626208 14.372918 -9.714478 6.4063296 -11.421952 1.7154276 -6.3337874 3.740254 -9.957305 1.2710452 -9.288283 4.707754 -9.01836 -0.33787557 
-411.6916 126.05873 23.822815 35.714005 10.494542 9.300141 -9.831227 14.9308815 -10.860644 7.798245 -10.583186 5.396443 -3.7571352 0.27219278 -10.330173 4.4248166 -14.583342 5.152998 -9.413986 -0.20862389 
-371.7897 86.72994 27.817661 41.573338 4.0716505 11.354584 -6.3338337 15.158903 -13.167402 9.10956 -18.169556 11.716712 -3.3271496 0.8474436 -11.655814 3.2135892 -18.77319 8.804874 -12.255793 -0.32556424 
-429.18393 134.22638 15.085957 34.8364 9.796724 9.950999 -7.7831063 10.041465 -12.725759 4.1652284 -13.342266 4.7374654 -5.6064277 2.5838306 -7.1872406 1.6279454 -9.515119 3.8939388 -8.187712 -1.2461464 
-297.3927 140.3352 3.36673 20.386349 8.818493 6.3281727 -22.904106 -25.647064 -30.375645 3.5844617 -18.32798 5.962698 -5.7956195 1.9626211 1.7223922 8.615718 -14.453505 5.293675 -15.029678 -8.774941 
-340.20795 131.42325 32.764156 27.182447 10.794403 2.6045663 -20.056885 -6.9757404 -18.291323 -6.6968174 -22.349892 -5.6024294 -13.858485 -0.124404326 -8.567882 3.7069418 -6.629397 6.1935215 -3.8644638 -2.2846658 
-275.5195 10.38017 31.340149 43.490677 2.7303648 19.845057 -16.761818 17.915894 -12.7082815 15.128223 -19.316298 3.1133218 -1.4535385 -0.9233374 -16.01957 8.901696 -10.953425 -4.385905 -9.808239 3.3365817 
-366.45062 117.59631 37.315266 47.609337 2.4192657 0.40467104 -13.069855 3.2956128 -23.70228 5.493497 -19.333765 -2.2042096 -5.1005917 -2.859689 -9.143321 5.70838 -11.718424 3.0015523 -3.5463686 -1.6507828 
-364.21057 113.6569 24.448025 13.810896 12.349194 21.690619 -9.94559 5.343769 -17.366549 5.852446 -6.471858 0.51845044 -8.43542 -2.210208 -9.996407 11.357438 -14.302443 2.7675488 -14.024068 1.5094255 
-396.0606 142.88121 0.2652855 30.072592 17.713257 14.059376 -20.367144 5.4148793 -7.4704905 7.6336026 -7.803405 -2.2467833 -0.7910415 4.880875 -6.7765107 1.1089963 -17.525373 3.4889085 -10.216019 -2.3107886 
-369.4638 122.39092 33.569805 34.900852 15.803984 11.285383 -30.213785 9.459596 -14.14388 1.077732 -18.469093 -8.815325 0.57829666 7.5346274 -11.778368 2.587643 -8.896093 2.7700047 -15.059121 1.4234041 
-322.17313 127.28076 -6.4632397 20.438267 17.19352 12.780573 -6.2028546 4.8995175 -11.503816 7.190272 -15.420293 -3.1594179 -3.8693051 -1.0748132 -8.665321 9.992511 -21.287588 9.168412 -8.110971 -0.6177494 
-335.74384 111.03726 32.061653 34.074936 5.02339 16.022474 -23.836292 -0.5688727 -15.31732 0.7882268 -18.434309 -7.015564 -7.6168203 3.9580493 -9.800139 0.18353152 -10.229957 6.29274 -11.194737 -4.128712 
-292.3528 84.578766 46.477024 25.740444 21.395914 6.0194864 -26.907978 -9.567426 -20.113672 2.4432514 -29.840715 -16.62581 -5.498105 12.822727 -9.567015 2.3253884 -11.154061 10.997792 -13.69831 4.928039 
-349.17596 135.547 10.395214 31.80154 15.699117 7.715533 -17.281061 -3.4462616 -13.962894 0.25386512 -17.413559 -7.5575967 -4.985674 4.157495 -8.5396595 -2.1138313 -9.867366 7.4518795 -14.074518 0.7280497 
-313.01733 151.74728 -4.966549 15.6136675 -12.724023 9.916556 5.244657 5.170145 -10.808157 -3.336975 -15.68714 -9.413115 -10.659331 -0.78750825 -9.209338 6.993399 -4.8568654 -3.4346135 -14.104204 -6.174902 
-309.6936 85.997505 21.680994 32.890297 8.975102 13.20596 -15.613759 0.76683193 -17.55196 6.0918164 -24.052864 -3.184762 1.2284896 8.016911 -3.3662066 4.506696 -10.671156 1.5010786 -14.656444 -5.557974 
-291.61136 118.98215 8.565604 3.3662794 9.589928 9.49196 -3.2875972 2.2141647 -21.7538 4.7540846 -9.990651 -7.8380213 -8.896572 -0.84401125 -16.32697 10.74347 -13.807368 4.2060294 -12.941007 -6.176195 
-334.11853 139.46886 14.497044 23.841923 -7.0008335 0.9238273 -4.120597 11.130105 -17.236107 -0.37733454 -11.000367 -7.8639584 -8.79124 5.204113 -8.779589 0.85873866 -6.3893366 -4.163096 -17.542067 -2.176175 
-322.61154 158.53726 -16.554844 28.719015 5.1461086 7.2114716 -16.334055 -6.1370792 -20.466377 6.215434 -2.9618444 -7.992786 -5.796607 -0.52915406 -6.263744 4.2892556 -9.0931425 3.7785158 -20.35341 -0.5344071 
-362.71103 124.7023 17.07985 33.85907 -8.88327 -2.9055846 -0.42041937 19.308353 -16.663948 12.078822 -10.237569 -9.696097 -7.916567 -4.1593676 -18.672785 9.534893 -6.9729815 5.05739 -6.047783 -2.9976382 
-306.1629 163.14041 -11.795346 -3.123848 -22.313267 14.048595 -4.7390285 19.435465 -17.807653 -4.0721974 -10.963255 -7.6854496 -7.6458316 -10.047989 -9.987911 8.586285 -19.801834 10.864664 -5.11619 -7.5195823 
-302.76733 63.078247 21.554869 25.44618 1.4431566 18.385315 -19.549353 14.331875 -23.69355 10.6973095 -11.695316 -2.8802202 -4.2203403 2.7913249 -13.29206 10.56303 -12.699478 3.744818 -12.513499 -6.0634437 
-362.96628 151.16371 20.862709 30.049269 5.4042935 11.112141 -16.410286 -5.71274 -32.227173 -0.26886845 -11.247571 4.865263 -9.466366 4.2940173 -0.8917006 13.057552 -11.360621 8.941407 -16.652994 -2.845954 
-401.30847 114.717896 24.431028 35.243862 11.436783 18.349958 -11.819626 17.298985 -12.199299 6.8834534 -16.94617 0.99860996 -1.7661012 2.2505958 -11.300361 9.578587 -14.21449 6.829092 -10.6420765 3.222078 
-312.88425 114.06419 5.979352 25.414793 10.065612 8.043661 -26.724625 9.706387 -14.954398 10.9573555 -11.842381 -10.923263 -3.2154658 4.92814 -7.9123783 2.904765 -13.583912 13.043409 -12.671979 -2.9779918 
-372.57803 148.75734 34.156406 34.182327 11.753649 4.125971 -15.659077 -3.1917481 -22.050161 -10.098338 -18.799772 -6.1713924 -8.015528 -3.5084467 -7.2491207 2.5136814 -8.674845 5.035952 -7.2242255 -2.0466762 
-327.42245 99.213936 21.385809 8.662679 12.861114 22.217299 -23.194067 13.384592 -20.453068 7.0165854 -8.328737 -7.701673 -11.6807785 -1.2328651 -7.606112 10.9741 -20.831161 4.319214 -16.939709 -0.5138324 
-409.7563 134.48964 14.818956 33.316483 8.162715 9.331295 -8.225898 9.577175 -14.570742 4.6929774 -13.336139 1.7109165 -1.2105871 -2.4261572 -10.428182 3.1047873 -11.271898 1.6006382 -11.502859 -1.5047536 
-421.62057 130.01166 17.191315 32.737988 5.562889 10.336633 -5.6014056 16.563242 -5.80966 6.7393494 -14.371418 1.3842232 -6.745114 -0.39694357 -10.286794 3.0488236 -11.777362 4.295706 -10.376386 1.3085208 
-420.52277 130.42949 15.306651 34.76163 9.314855 8.379793 -9.6408205 11.50688 -6.0944977 6.463332 -11.704219 4.226925 -3.998035 2.93636 -9.209072 1.956998 -12.320389 1.2921611 -13.549958 -1.0480722 
-389.99936 95.622 35.97133 30.927385 14.514794 7.6568604 -2.894922 11.531879 -11.335986 6.9591503 -14.114514 3.479936 -3.7843513 4.3644457 -14.877117 8.898253 -11.913049 4.576187 -9.387237 -3.7026834 
-337.87125 150.86871 -4.838367 15.448521 -8.030666 14.882355 3.3915586 6.590559 -20.441383 8.141158 -12.446796 -11.360842 2.1715503 -4.1281705 -11.466352 12.437038 -17.428185 4.363573 -12.022533 -2.1398494 
-302.28778 116.41429 14.222713 32.216797 -1.8697537 1.5074416 -7.8243723 -5.7548213 -32.8799 12.734542 -18.715145 -5.309367 1.8836032 0.3110111 -7.9636207 5.723663 -12.065986 5.81758 -13.952208 -4.324352 
-309.26672 135.12271 12.215798 30.81192 1.467028 4.030466 0.6881661 -10.587127 -30.711239 -0.25002226 -21.037083 3.0709703 -8.869547 2.307378 5.5949917 8.864227 -2.8638391 1.6202509 -12.353156 -6.317723 
-377.7824 129.5695 13.013545 33.233192 11.438527 5.847599 -5.099622 5.141271 -14.916882 4.7927284 -12.442542 -1.4680085 -0.18678063 1.8308125 -2.4667664 4.1782665 -9.720068 3.2997897 -9.595061 -10.951012 
-287.8524 162.33868 -23.968191 19.250278 -2.7370472 -4.5059743 -1.1868283 1.884634 -24.809645 -2.0338748 -7.0420337 -7.0680885 6.5396743 4.926573 0.11963378 10.446188 -19.939194 -3.0549712 -12.085106 -15.61852 
-261.1442 94.622635 0.84500575 46.36457 25.125616 -10.212467 -20.20519 -2.17944 -24.458687 7.182842 -23.224205 -4.7113814 -1.5884842 -0.11147019 -3.3199492 7.87973 -1.2647153 -1.2867374 -16.425182 -5.461314 
-294.77142 148.61797 -29.1305 14.991582 5.6984687 11.888344 -14.151816 8.100679 -20.222067 4.687403 -11.8052635 -11.433811 -7.611216 -8.167718 -2.080994 7.6150784 -17.783073 8.778539 -11.258567 -9.413373 
-296.56027 131.00717 -8.094666 39.01582 17.431414 -14.177715 -33.416187 5.9341 -18.948551 5.262354 -18.775457 -1.2947952 5.357427 -1.9569755 -11.161675 2.0388544 -8.659237 7.5959864 -22.500597 -0.06565324 
-328.96988 93.491425 36.019787 34.333096 12.998869 5.7717757 -30.093506 17.013802 -29.040873 6.5176697 -17.757368 -3.6528244 -6.7568836 3.1858206 -8.403101 5.5269284 -9.936253 8.624504 -9.6511135 1.2172639 
-326.48425 142.94942 -5.8113427 29.977556 5.022612 7.017931 -11.67967 3.6236012 -30.153316 9.848076 -13.363043 -3.8627608 -4.991583 -4.6535068 -5.20463 6.4078226 -13.123641 7.917922 -12.427021 -3.996235 
-376.67972 118.65318 34.672287 38.48999 17.172194 8.015377 -14.434221 17.189749 -23.262173 7.516171 -19.243809 -2.18037 -2.8533309 -2.4545069 -7.123399 -0.09648575 -8.144978 3.170655 -9.475569 0.18313694 
-327.25803 150.59203 -10.2152405 20.269863 -14.330455 14.223002 1.8277315 3.3099213 -29.259697 6.0668697 -11.124226 -9.732243 5.7028995 -3.4093602 -11.967456 5.3351126 -14.8732605 9.236556 -11.590626 -1.4894929 
-306.3224 163.34749 -21.107351 21.332933 11.714288 10.106055 -12.006191 -1.8382318 -24.232845 3.003486 -5.0133877 -10.849223 3.1028786 -7.3121424 -7.668513 5.5681934 -5.614421 2.0022008 -9.36089 -1.7338537 
-311.51282 152.2281 6.4123507 25.907177 7.2272396 2.9160023 -12.47147 -9.043699 -35.943027 -0.83756214 -10.009442 -2.5822868 -1.5531088 -0.06066908 -0.065668635 10.907903 -8.979107 -0.15358326 -11.22799 -8.509474 
-347.05994 117.48568 31.481041 29.408098 6.6244483 12.194336 -14.399185 1.3303521 -18.989466 3.8532486 -14.093833 0.023834892 -6.609225 0.83205634 -5.5815167 0.3290137 -9.50763 2.2990773 -6.5353656 -4.5650573 
-310.18835 158.81404 -3.878278 22.861332 1.2357968 5.5803633 -16.922337 -5.431809 -18.556692 -3.0492716 -9.432776 -5.9726286 -3.664572 4.45361 2.9086745 4.294726 -7.9975457 7.8947024 -12.986811 -7.1060123 
-322.95325 144.31888 -25.598967 34.977802 17.465534 1.7504733 -19.447296 -2.2366798 -14.850974 7.853469 -14.626835 -14.838699 -4.304525 1.441029 -2.7648954 7.434133 -13.773246 7.451479 -9.5717945 -4.901419 
-338.01547 122.1631 -1.9040252 46.854713 22.333479 -7.788752 -27.092842 3.3262305 -21.346966 0.96445817 -19.918129 8.340637 4.3057666 0.32238853 -1.8327059 4.633596 -5.924558 0.4624345 -16.77129 -5.1224375 
-307.05142 123.99429 -20.60882 23.58174 15.898229 10.9116955 -25.854698 12.079767 -11.6126175 12.822933 -13.901954 -7.756535 -3.4600782 4.5991488 -9.782254 8.798448 -18.8971 7.437277 -12.148811 -3.2105908 
-412.7534 136.83215 19.441498 37.676468 10.343136 7.916698 -7.9898205 10.202252 -14.975435 5.0597115 -16.717102 -0.22766696 -3.3568556 3.4656522 -9.359778 3.253557 -11.662446 3.9230483 -10.05282 -3.0857823 
-327.96545 151.22531 -9.15809 19.885738 9.130695 12.445899 -14.235864 3.5708466 -23.639 -0.0705701 -7.9360046 -8.695419 -9.754278 -3.5819151 -7.0167904 6.398847 -9.943272 3.4161773 -9.435111 -4.7039194 
-351.00885 122.95318 21.950377 23.064327 10.2125635 12.622703 -14.713784 2.1904812 -26.543228 0.32909107 -15.3291235 -7.606417 -5.605795 -0.75719315 -3.045827 5.576031 -10.819178 4.363911 -14.420127 -8.20195 
-383.09357 142.76001 16.851692 43.204556 7.665936 2.5743794 -13.639479 2.849159 -25.541939 -4.8272495 -15.118403 5.195596 0.9137393 -3.2875845 -5.670138 4.258557 -7.9993067 5.9483924 -7.743444 -1.749312 
-373.57718 129.78435 20.054893 45.49258 13.610474 0.34036466 -18.206114 2.0051332 -22.634169 -0.4430166 -21.12842 -4.962389 0.78826183 7.864004 -5.8363476 6.015562 -2.8850741 7.132951 -12.921951 -1.1859298 
-411.05408 137.51866 16.218801 28.880869 11.52678 15.991512 -5.808905 10.946085 -10.77173 8.626714 -9.154474 1.7474377 -5.935925 3.1251016 -11.19567 4.9860134 -13.730846 3.2327394 -9.142079 0.2359473 
-418.56726 134.78558 20.135155 33.979683 14.29049 13.47643 -6.06381 12.830538 -10.663558 8.431935 -13.887319 1.3212956 -3.6917505 4.878147 -10.938883 3.8449335 -10.8730345 7.3581095 -7.0058465 0.22710578 
-394.0093 105.92399 23.200384 35.534416 9.908486 11.75604 -3.8539305 10.648054 -9.268936 5.9221215 -13.605525 2.7116742 -5.8875504 9.546634 -11.543547 7.6331024 -12.8689785 5.5545216 -11.706307 0.13675141 
-396.61383 103.61442 35.364025 27.472525 14.362477 10.842197 -5.321198 11.481476 -10.321759 8.473754 -17.772974 6.468115 -7.412359 6.270999 -11.566893 4.99171 -12.6293955 4.6270065 -12.395673 0.51642853 
-401.66504 137.93135 17.63802 35.10374 11.392676 10.807682 -3.223803 8.009829 -13.9235735 6.058908 -12.552809 7.642214 -2.9412584 0.87571275 -9.540632 5.5349293 -13.108424 -0.4254642 -11.754002 0.12963904 
-415.55673 136.9605 28.855627 43.762344 24.437393 11.708722 -3.1036274 -1.2560605 -18.675272 3.9131181 -7.2935586 5.293569 -6.4762435 5.2002587 -9.659798 -1.1692432 -7.914049 -1.2013868 -8.907065 -2.7382383 
