-406.3949 134.4937 31.08331 33.69593 12.3885 7.472631 -10.576146 9.163151 -14.912969 3.1724246 -13.557341 2.5873857 -1.5238616 1.5295191 -7.233663 5.51698 -6.8494368 5.160463 -6.6577587 1.6349653 
-335.53717 154.26491 13.587893 34.435295 21.058672 9.932669 -10.922413 -14.305584 -24.10943 2.1431887 -19.767557 -5.2433753 0.26664728 -1.9490895 -4.235744 1.1564243 -7.5898523 3.9936023 -6.1539097 -2.7605386 
-261.83347 99.01354 14.248365 65.661835 10.975611 6.100464 -19.349344 -4.4732 -26.008049 -4.343252 -25.699562 -7.125653 2.3504715 -0.9124154 -12.720881 5.191454 -3.8659117 5.357139 -15.764189 -3.5689447 
-293.67307 127.24512 14.85897 32.727978 17.652685 9.940818 -11.272648 -1.1590737 -17.90705 -1.2795833 -17.897856 -1.3047882 -1.6860932 0.7141745 -5.877344 1.9056761 -13.246214 0.066247195 -6.8810506 2.4567845 
-262.61 178.46759 -19.13786 -16.559624 -1.4061629 21.5858 -11.24858 0.3945638 -27.772535 -1.0207605 4.0324173 2.672907 9.75487 -16.247015 -4.863265 -1.4141421 -13.2547655 3.1186874 -9.07881 -3.140084 
-315.56873 184.89986 9.403103 -6.8679557 -3.262351 18.984552 -1.3314831 -2.4531102 -29.993553 -5.9471245 2.9082003 11.879013 6.9246407 -7.025781 -7.5926504 0.740072 -11.89826 2.328902 -11.908393 -8.574915 
-368.52625 159.25003 18.955801 16.944511 8.888423 10.165141 -7.3013754 -4.961029 -22.625223 -1.955461 -3.9301763 9.897994 3.2874734 -1.3484399 -3.7445052 6.138809 -9.082203 0.22001924 -13.904504 -2.876079 
-411.34747 146.85077 24.941349 36.95543 16.012386 10.663822 -3.8040848 7.5350285 -11.920177 0.30649525 -16.691902 -2.4000523 -2.6835108 -1.4618592 -4.9536886 4.27702 -6.9558167 1.3871369 -8.408809 -0.042377207 
-321.86414 175.02202 50.048004 33.586597 -4.6261234 -15.675613 -8.707253 1.3617039 -24.52577 -0.21292183 -24.626274 -7.4479623 -3.6081495 -1.6177411 -2.7123919 2.6924887 -5.079567 6.6722975 -9.742161 3.170531 
-246.28331 103.74842 10.559131 44.657104 -13.875614 19.612272 -11.855414 -6.4834347 -32.70047 15.855794 -17.107906 -7.27668 1.7857004 4.2591724 -2.16396 -1.3076996 -10.847206 7.4082193 -10.184314 -6.6448097 
-255.1603 174.84406 -4.837939 1.0607088 -8.052108 -0.046458773 -2.7069325 -10.117871 -29.834167 5.7584205 -8.053115 0.34482425 14.276844 -1.8496718 2.874687 -8.182676 -16.366829 4.450814 -14.573643 -1.7783519 
-328.34338 182.04657 34.558243 33.800922 -21.171255 -20.333448 2.3465948 -5.47639 -26.400991 0.64005446 -28.758474 -5.187327 8.910134 -2.6013212 9.28235 4.8970003 -5.1361666 2.592303 -13.7414875 -2.551782 
-422.09088 133.6426 15.639055 34.582565 13.948956 7.4494114 -9.334842 13.520926 -14.713689 9.057217 -12.626779 1.4410943 -8.289344 2.4468744 -4.8522468 9.746967 -5.7613864 0.9672877 -9.83445 -2.4169786 
-391.94946 126.90091 23.145325 41.966038 12.793476 7.730373 -4.2032313 7.6405215 -15.821004 3.946925 -14.832219 -5.426932 -1.405341 -2.3978758 -9.814375 6.2599807 -10.104651 -5.3628707 -10.507201 -3.9546347 
-304.8257 147.30359 18.132385 49.142113 32.32298 0.20301639 -14.198485 -12.846685 -21.35558 3.9138815 -29.702013 -7.747651 -2.0377529 -2.7977479 -9.069836 -1.6434683 -5.001994 9.822343 -6.2578363 -3.8248012 
-243.06972 71.731636 27.098118 46.482834 -1.7072768 21.32321 -20.453192 2.924522 -28.173628 -1.8100725 -21.497742 -6.858991 2.9362895 -4.6682897 -7.948361 1.5572044 -8.5914 6.2683 -15.2308 -1.3849384 
-309.58215 166.4418 31.667423 28.510658 -18.18681 -12.961338 -8.752746 -7.541292 -21.542616 1.490768 -25.769922 -6.0477524 -2.917469 -9.175377 11.520475 8.475674 -6.3568425 12.218196 -9.633048 -15.481098 
-273.47168 138.16432 -22.80399 -2.263456 5.5847406 25.356798 -8.643058 -1.1518587 -23.422411 1.9378626 -4.600393 7.5046787 3.1974473 -11.864747 1.5540509 -2.2625515 -14.515017 7.502839 -12.104121 -3.1084306 
-292.55725 144.92578 11.9652815 23.119886 14.237701 9.417184 -9.918318 -12.282295 -25.272524 3.7173603 -14.599448 -2.1282778 -1.0886741 -2.40129 -3.4836373 -2.0088453 -4.0977707 5.7377243 -4.621155 -8.104309 
-295.32898 129.89584 36.271286 28.434723 6.7522254 19.40713 -13.23693 -13.507747 -40.052578 -1.1470609 -17.341484 -2.5017004 -9.300817 -1.2086548 -3.9637113 1.9259065 -4.5294914 5.5812054 -8.277155 -5.215341 
-334.5155 171.41644 8.846968 37.313885 15.25082 0.7108222 -10.2428665 -19.461718 -33.38513 2.9180949 -13.161655 5.152146 -3.5381072 -2.3668935 2.4427311 -1.2639291 -13.489229 3.5970862 -9.464123 -6.139566 
-362.32275 156.71602 25.849117 56.828396 16.758455 -5.712669 -10.41743 -8.551599 -22.569118 -2.517895 -25.640045 -5.022921 1.2106425 -3.5866406 -10.301504 5.307885 -5.2298493 -0.6220231 -10.805578 3.5571654 
-335.85104 173.69063 14.408406 33.785275 7.0361075 3.1548295 -8.226869 -11.649691 -28.429745 -2.5833755 -20.565853 -0.64683014 1.9834696 0.4375237 1.2724832 1.1401807 -9.247829 3.1570997 -6.1181474 -4.178694 
-321.07474 162.90375 8.551676 13.164625 -17.964808 2.895893 -1.2948165 0.15669887 -22.548765 3.7525723 -12.045994 7.364239 2.7657533 0.7526472 -0.8364706 -7.601499 -15.700919 8.488184 -15.898684 -1.3983004 
-322.89557 81.52467 32.55645 55.366524 -4.5382586 20.626585 -19.389301 3.9183362 -22.607378 7.1935143 -21.109306 -1.2366151 -5.7341366 4.3206277 -10.638163 -2.5033524 -9.095486 15.3247595 -11.18036 -10.213082 
-339.8123 110.82824 30.574568 36.392227 14.953057 28.593363 -19.980606 -5.571661 -22.99062 9.30991 -20.374886 -5.945961 -11.6326685 5.5838337 -2.1353202 2.1033049 -12.358458 7.300399 -0.7690552 -6.9959106 
-298.48386 139.57916 0.9876798 58.02968 22.49569 7.548983 -17.437723 -13.735548 -25.201681 2.2828972 -25.883162 -9.200848 -1.4096478 2.8716962 -4.034692 -2.2412915 -4.9653187 11.265222 -10.041113 -8.937266 
-386.82193 135.73492 21.40179 54.121418 16.519075 6.9466114 -6.3988843 4.3320823 -20.269522 1.9696437 -24.237877 -5.6168866 -7.1900735 -2.5247827 -8.576698 7.3377237 -7.9989166 2.5577066 -12.283467 -1.5599757 
-376.4237 111.849304 5.134206 36.08844 6.626591 21.147762 -11.315874 5.9119263 -11.399243 13.025509 -16.834612 0.6784375 1.071723 6.250045 -9.400418 1.2904333 -7.7451816 7.269142 -13.935695 -5.383654 
-418.29822 127.26249 15.646876 37.190933 11.203496 11.861797 -8.139522 9.64739 -11.826794 7.5325294 -14.876258 5.465703 -5.125243 4.855181 -7.7149835 2.3767002 -8.138949 3.3628578 -9.796161 -0.32994112 
-295.0905 135.68044 15.709459 29.611275 0.9880761 1.2707855 2.2631998 -2.1954095 -43.34529 4.6873627 -18.952127 -3.8319783 5.165987 5.5377812 -6.375177 -1.0159713 -3.616553 3.0053422 -15.3564 -1.8830534 
-301.54706 152.3039 20.045034 23.696697 -0.2636727 10.723354 -2.868231 -9.220003 -44.88509 5.053186 -5.8050904 2.7159457 -8.652137 3.2361047 -0.10552152 -5.262549 -7.0187488 3.033055 -18.05913 -2.525774 
-352.81674 153.64117 33.05203 51.58439 1.7144233 -12.712898 -8.229917 -12.117352 -21.388489 7.2268353 -16.800697 -5.4315777 4.8777075 -1.7024816 -6.7642264 4.4431996 -7.32204 -1.2246333 -7.043302 -2.8415022 
-298.3651 178.21886 32.729057 24.00081 -4.931296 -2.8599634 0.8077481 -10.505374 -27.821392 -10.837224 -17.069529 -3.9714503 2.6344237 -3.6145816 -0.8973253 -0.964436 -5.9904833 2.4915323 -5.61183 -5.3132544 
-284.9594 134.99425 43.39715 20.973856 -8.348228 9.5682955 -9.968763 -9.6735115 -31.448277 -4.75645 -15.725749 8.17226 1.5909435 3.7353091 -6.4378953 3.4820778 -11.576088 3.0291984 -13.512508 -6.176437 
-379.61356 153.30641 29.064842 34.875835 5.5586658 -1.9869132 -13.2442255 2.4498575 -13.907439 0.4396826 -13.100771 3.1793277 -3.640026 3.31637 0.22251624 7.2381153 -8.191723 4.485513 -10.232757 -2.540292 
-288.27197 127.24761 -10.946789 -3.0964017 2.5506842 34.753033 -10.236533 -3.8894925 -22.508629 4.411946 -8.22955 7.9009533 1.5878999 -2.0646803 -1.6126444 0.1939811 -14.638428 2.7137032 -7.827909 0.20471784 
-303.08777 170.22838 -6.6926756 30.854269 12.18536 6.9949245 -9.785113 -26.531609 -28.811897 6.517731 -15.36414 -6.4730473 5.528105 3.316059 3.4359448 -0.6989621 -10.245655 8.126297 -4.8978524 -6.2618914 
-293.8113 170.99274 9.258829 18.34129 -24.158363 -9.443676 5.5550942 -7.6228213 -36.493282 3.9714084 -14.562171 3.6550548 4.6260395 -0.24033625 -1.2043307 -3.6304092 -14.189839 5.9943485 -16.656044 0.8275649 
-320.86957 104.396774 43.73759 36.042156 -15.415846 -3.048112 2.506357 0.7480233 -25.89071 15.526391 -25.481651 6.316038 0.30844846 7.9659348 -11.284188 13.806837 -10.92053 8.309837 -15.779273 -1.3473508 
-347.73697 156.5932 -1.8921111 31.79528 12.942415 15.5722 -11.866679 -17.533037 -21.051342 9.157032 -19.46276 0.028051695 -4.1621814 5.0406475 0.22686842 2.9484813 -10.598481 9.737507 -9.434939 -1.7250054 
-374.93518 119.38836 25.953564 48.27983 7.726565 18.725182 -14.948556 1.2276893 -14.231827 4.7965283 -17.28695 -0.47297966 -6.2726283 3.194268 -6.575012 1.1109252 -7.201304 4.636167 -9.354481 -0.78177315 
-297.4982 109.54279 18.218105 74.98058 5.504364 3.3434017 -13.652699 -10.9941225 -25.333895 1.3775386 -31.258741 -12.099636 1.7684289 -3.0657115 -17.082794 4.763351 -5.4913 6.6842937 -11.217819 -2.3966448 
-357.10437 134.49652 27.582064 63.768234 11.014916 -0.012637245 3.9374597 -4.6180634 -24.605553 7.58747 -29.071642 -11.696251 1.516739 -10.568769 -13.6541605 7.938012 -12.638647 2.2289467 -14.352358 -3.1610231 
-400.95618 138.29791 26.90397 53.127415 12.961104 11.99202 -5.3486347 8.554273 -14.247616 4.0428696 -23.479652 -4.693368 -4.4123697 -4.861895 -11.67415 3.1557207 -15.914191 3.2539198 -14.097829 1.7121143 
-413.57202 141.8468 17.88868 47.487206 15.273458 8.889278 -2.2968724 14.166959 -16.56855 4.70605 -15.560274 -1.1904583 -7.5564337 -2.325443 -10.196567 0.4097227 -12.105326 2.8433328 -11.020621 0.16973959 
-378.1571 100.07815 22.808617 43.160713 5.9653373 11.541629 -2.7788763 11.182032 -15.960508 4.265345 -15.472148 -1.4318899 -5.7093067 5.3511906 -9.590064 5.9560575 -8.13447 6.132621 -13.472002 -2.710845 
-317.68005 152.22269 23.266367 47.917805 3.1547682 -4.8089304 -4.3531766 -2.7260387 -31.063137 -1.4215412 -26.142778 -2.956784 1.2438653 -2.8764844 -1.7889262 -0.8368656 -10.127155 4.64766 -14.963017 -3.046195 
-366.2647 147.07574 25.744715 51.534985 13.555407 3.841157 -3.6905775 -3.8591864 -22.880766 -3.8662982 -20.74171 -2.1980302 -9.247339 -5.573661 -1.9281979 4.229094 -10.3082485 4.507128 -10.934956 -1.6873554 
-372.24213 118.565254 34.195175 69.08164 9.581338 0.9543525 7.996484 1.1234641 -28.020409 12.107976 -34.824554 -2.507857 -1.479586 -6.643377 -14.100045 4.531167 -15.670814 -1.5738341 -13.717564 -3.2403085 
-301.61615 80.942245 27.595964 61.97603 -0.8868882 16.2645 -16.259926 0.4677819 -23.121958 2.6669016 -18.042377 -3.9275017 -2.0453029 6.6761036 -8.804841 -4.332025 -6.044337 8.970393 -14.63695 -7.794536 
-350.6373 168.62848 11.388443 20.676584 5.2726846 12.092741 -8.587638 -5.1793146 -19.805868 -2.5203724 -8.055576 10.6522665 -3.5237012 -0.50223947 -0.6010151 -2.6992595 -11.629347 3.2917726 -11.073011 0.53670794 
-402.77078 157.39989 12.344316 19.47955 3.4268348 11.633879 3.1607203 15.989887 -17.632174 -1.0260694 -8.3215685 11.059056 0.9694979 2.2359533 -9.336264 -0.32547036 -11.484021 3.8302045 -11.296317 1.2169887 
-421.62323 146.5012 14.487861 40.825638 9.7902565 6.1936193 -6.5053678 8.081234 -12.124439 3.5785306 -15.009301 2.1603343 -3.040669 2.0830297 -2.1031904 6.7216206 -8.352439 -2.1068404 -10.581558 -4.3529606 
-328.71893 108.773155 37.61264 32.140553 -2.6712694 19.54346 -10.520015 -4.051267 -18.84077 -3.5895903 -24.176664 4.0259705 -3.859926 2.4486678 -3.5042562 -0.46028265 -11.790121 11.213838 -9.387782 -6.0188546 
-350.3635 142.1235 23.152729 44.384495 10.536419 7.9815693 -7.4548025 -8.031682 -19.130472 -5.7747903 -24.615362 7.340393 -6.497106 -7.667489 0.03081555 1.5370792 -9.046436 8.295944 -9.286925 0.52446043 
-341.08362 114.72709 31.38585 49.206326 -8.226946 19.568087 -12.578023 6.517645 -20.998629 -1.7538714 -15.762281 8.708086 -2.6231868 1.9041998 -0.19143994 -4.2932444 -14.532261 10.457523 -10.228807 -6.209337 
-334.04462 145.7994 18.734846 71.92778 11.710139 -5.6566415 -5.822473 -13.375493 -25.631601 -2.6946793 -28.046295 -0.6020633 -2.2327397 -1.2332845 -1.77117 -0.6953137 -9.594824 16.70249 -15.740509 0.68247503 
-312.4969 122.65738 22.484543 22.417084 6.455518 17.461401 -24.042515 -10.836707 -19.390144 14.447155 -8.746691 1.7429419 -9.719769 3.1873066 -1.1698159 -6.989475 -15.696387 5.095376 -8.325344 -4.466507 
-359.09125 125.65255 21.58911 26.89622 13.514441 15.243984 -15.107533 -2.5790641 -17.258133 12.0078945 -13.445771 2.1091716 -3.3081112 6.0385933 -2.1429799 -4.418412 -14.626661 7.0050716 -8.396964 -1.388931 
-302.6322 157.07695 -3.5045996 12.256464 2.523051 16.33678 -11.640306 -14.238353 -24.4945 5.8355064 -10.717579 1.9744555 3.9669113 -4.226619 1.0911939 3.2683177 -9.11133 1.6103344 -3.7618933 -4.6869907 
-305.6345 102.44987 28.488094 46.87037 6.744478 7.7500362 -12.932327 -3.4867733 -17.208143 -0.7662664 -18.344751 -4.956366 -4.6889763 4.6523876 -6.299646 -0.098255314 -4.008305 8.963288 -12.165734 -4.452036 
-342.85635 134.19708 29.963266 31.616035 16.538368 10.340483 -7.8968453 -4.235056 -16.141191 1.2991595 -16.88862 -0.065984935 -8.693491 2.320428 0.056520145 -2.0323737 -14.984599 3.6154356 -6.545824 -2.496424 
-320.04462 162.9761 1.2128019 8.379649 6.3523045 17.577522 -12.201152 -10.060638 -29.358538 7.631217 -10.434066 3.2698503 2.634341 -11.231537 5.0332007 -0.011121485 -12.914821 2.766346 -9.485561 -1.9864987 
-338.39856 136.62737 24.771019 59.839966 16.916239 -0.7539012 -7.1665325 -10.740593 -23.424742 -1.2781492 -25.67112 -6.1226025 -1.166711 -0.8974639 -3.7310355 0.9301107 -7.672637 11.845318 -12.017772 -6.852407 
-341.759 122.20304 38.926373 51.344635 6.3444743 18.40248 -18.830894 -5.627437 -17.859406 2.69747 -19.999956 0.08885297 -7.9608517 0.79562944 -1.293559 -1.9354583 -14.251384 12.44846 -12.174612 -4.7270713 
-358.10876 139.95044 15.221325 39.84819 16.385294 9.70064 -14.645769 -0.6960095 -19.313822 9.485248 -14.6591835 -4.9306903 -0.5187925 3.1622617 -0.788924 -4.664493 -8.333195 8.357968 -11.807649 -9.703499 
-363.96405 109.5905 -1.9059969 34.640182 10.752039 24.410675 -8.381565 1.7603912 -16.233131 24.750868 -9.584885 -2.3233664 0.7680848 6.8967996 -6.3696637 -0.76362544 -10.645902 5.254072 -6.127985 -9.14517 
-389.0669 140.98598 6.1362762 30.752586 8.978648 15.2669115 -9.160389 5.9979987 -20.784634 15.694658 -8.938175 -0.14302905 -4.690408 3.287797 -4.5709124 5.343658 -6.6602626 2.0290918 -12.018337 -4.6358056 
-329.21616 173.03592 24.837242 29.40667 -2.0920217 1.9681897 5.261034 -2.845993 -35.21382 -4.3854513 -19.222094 -7.607422 3.4057324 1.2801236 0.5086293 0.39343914 -7.9030085 1.2439694 -14.84149 -4.9174666 
-267.4921 49.63524 56.196613 19.968988 -0.8374522 32.37834 -13.788572 -10.473574 -24.068136 9.669658 -15.886851 3.1270068 -12.732053 7.6920147 -4.275713 4.126948 -8.047344 8.255848 -12.027547 3.949725 
-305.2204 162.9019 15.893234 25.657639 24.816319 7.9631367 -13.263352 -17.779057 -36.437077 2.5634856 -10.506444 -5.601733 -8.261133 7.6136146 1.7539722 0.6874234 -10.862738 0.74179196 -6.2284045 2.084218 
-275.95132 171.52457 -23.150068 17.277227 16.010118 12.733675 -12.94522 -23.810873 -23.513956 15.601918 -7.105154 -5.3556013 4.350686 -1.8934424 9.649226 -5.226943 -17.097237 2.8362124 -13.771789 -4.0656357 
-306.4035 162.2015 6.6739826 36.96328 11.6854315 3.6032562 -5.3686056 -23.276218 -34.132095 8.733618 -12.461201 -3.4625535 1.8626628 0.23816596 2.7493644 -0.42999968 -7.924864 12.074129 -11.141562 -6.3137794 
-294.5203 140.11305 7.5618796 19.387857 -9.482478 6.314442 -2.9088023 9.656547 -42.628357 11.748653 -12.171398 7.2235465 4.6888523 2.553079 -3.8211992 -10.499761 -11.336094 12.497967 -13.481007 -8.059147 
-370.89368 150.67108 20.114683 52.21194 23.96257 8.016455 -11.12938 -0.80460715 -31.062086 0.025271203 -21.446465 -6.700135 -5.6087 -1.032416 -6.9261518 0.21358643 -1.0782526 2.1012995 -4.1331916 -1.3534207 
-328.0986 175.89456 19.802237 15.759038 5.4274836 2.7036893 -6.2828913 2.536377 -36.73376 -0.85530066 -16.859276 3.4857323 -0.21664207 4.7094064 1.7201589 -2.3866897 -13.247467 4.0080333 -7.329544 -4.405363 
-320.97238 111.84696 24.02932 41.47109 2.3039312 11.13827 -4.4417076 -12.836069 -26.966223 19.317575 -21.10265 8.329553 -2.341733 2.741151 -1.8281956 8.617665 -16.455248 8.380483 -11.825654 -0.49122652 
-319.3381 142.33684 27.87218 47.29915 7.6375756 -1.940034 -10.706187 -16.31532 -25.185942 0.14841382 -35.770447 -7.2746253 -6.5556383 0.042103045 -1.7655767 4.0182967 -11.352877 11.905639 -11.383784 -0.8816096 
-341.611 167.56 15.425127 13.920956 -5.0032687 10.066914 0.81010365 1.8122438 -25.601019 0.5821655 -16.901691 14.69891 -1.9804158 1.090932 -0.22566329 -0.08279811 -16.659563 7.5566 -10.516224 -0.65544647 
-336.37436 109.55652 23.744093 52.75148 -2.309271 15.640165 -10.823675 3.7668169 -27.540615 10.380198 -15.499834 3.722974 -1.2387278 -1.5994009 -7.645946 1.7696766 -9.463576 3.7066002 -10.843554 -6.3810596 
-353.49524 156.86621 23.164457 34.323532 6.4495273 8.207422 -1.0943532 -3.588507 -29.375462 -6.6783123 -20.11994 2.2140703 -0.46946526 -1.4811968 -5.3557773 4.8701468 -3.5110252 5.878184 -4.1254454 -5.3232417 
-331.24683 159.51787 14.934187 24.227287 -9.575297 12.894095 1.2265592 -0.3967237 -31.854025 -3.6577868 -10.021886 9.4991255 -1.9110532 -2.3244748 0.96638024 -1.6401234 -4.247885 4.9363914 -10.888159 -6.389578 
-317.98523 169.09532 25.046059 28.483887 -16.235222 -10.528064 1.4333041 4.499716 -30.28895 -1.3959184 -18.07212 -4.659544 7.63727 5.5408397 0.61834085 -2.3761337 -4.4932566 4.522377 -10.213484 -0.7750917 
-332.3133 171.14597 4.420845 15.612625 -14.312127 -2.5062892 -0.52703243 -1.5316759 -21.175009 4.5468006 -9.744863 4.618679 4.60791 1.3468317 0.15073544 -4.594736 -10.916425 6.9287863 -12.635834 3.224448 
-351.04382 156.47314 16.191322 52.237766 23.050274 -3.0826428 -10.746025 -10.165579 -13.858079 -0.9032116 -22.594322 -3.3931115 1.0027798 1.282389 -9.989846 -0.85678124 -3.23501 4.3244505 -14.439486 5.176425 
-326.64822 124.168945 21.080349 53.577953 12.766466 1.5143825 -10.179798 -8.331509 -21.64625 4.116854 -21.154863 -3.07975 -2.8304234 3.071127 -3.4569917 -3.1272385 -5.2613373 7.9307446 -9.658417 -3.5350661 
-354.707 146.27664 16.922838 42.82965 15.666493 9.177002 -8.857948 -4.7083125 -19.350132 3.7975764 -16.6207 0.2031017 -3.6757517 4.554528 -1.4320683 6.3702602 -9.011166 1.9452035 -12.233524 -2.750849 
-367.97086 130.48196 22.978828 36.67881 -1.7270027 9.381625 -11.982727 5.09797 -13.014059 9.240528 -15.256953 8.811824 -1.7852334 6.5486894 -6.0413074 1.2979703 -12.920302 -0.28124472 -13.319309 -0.698379 
-380.30518 137.08519 21.710487 47.815437 14.826324 6.9051347 -10.779713 -0.5969834 -19.844622 2.513913 -19.10606 -1.312968 -7.837649 5.584223 -6.136293 1.9176314 -6.655695 7.5373435 -9.136523 -2.4279866 
-378.32935 162.38423 21.60017 32.26691 4.2104244 7.5381417 -3.5967882 -3.6693141 -14.310311 -9.200898 -10.454148 8.827194 -5.750852 -2.5193546 -0.5703546 -2.8866549 -6.174694 -1.5100993 -12.357556 -2.3976164 
-353.2216 145.76561 23.842205 41.718178 13.290542 5.1218967 -18.118618 -1.0743518 -25.755789 1.4945143 -23.649569 -6.712496 -4.6376686 3.426381 -2.495571 1.425776 -2.156317 2.8508165 -3.3280237 -3.0816488 
-329.47684 122.77481 47.293594 35.642338 5.0063972 19.6457 -18.656452 -13.492965 -30.721506 1.6213354 -14.486622 3.227534 -11.779137 -1.4703323 -2.9671853 9.512004 -10.463965 8.571241 -6.5418234 -2.648015 
-353.34207 95.5798 39.26099 55.382767 7.208641 21.652893 -15.497796 6.2090883 -20.962618 6.609017 -24.305054 -5.0222206 -10.757778 -0.9408843 -11.49753 0.45789063 -10.586288 12.6466255 -12.36291 -3.9286685 
-367.37463 158.73836 9.567221 29.35671 4.8139625 14.536427 -11.36923 -10.701514 -29.24606 4.6035886 -11.878609 7.772417 -9.382875 -1.9297537 0.82689357 7.196668 -11.794702 5.2603145 -13.974949 -2.1839404 
-370.53397 153.7738 22.279009 19.283773 -1.7341535 10.119966 0.66056263 6.391667 -22.55131 -4.820569 -12.316698 16.78809 3.6020033 4.2594967 -10.382861 -2.7831616 -9.885814 6.8361263 -13.1458845 -0.35730797 
-373.92255 158.24278 17.510857 36.299053 6.862332 8.254471 -9.519044 -17.901804 -41.719822 -7.8855395 -11.736289 6.6581454 1.2404475 -1.1029887 2.8824742 11.74297 2.9892604 3.732118 -10.781367 -7.827675 
-364.79602 171.96191 21.275597 30.404243 14.225353 3.3921456 -5.306178 -6.7618175 -31.189955 -13.335083 -17.517881 -2.8993158 -11.043255 -6.045983 -2.4030178 3.7919126 -6.001993 7.2814126 -7.528582 -1.2373384 
-381.26706 137.37936 29.490828 33.393307 17.806759 10.843143 -6.1603045 2.3400214 -25.93046 4.2987194 -13.221734 5.4241014 -1.0216165 -4.559093 0.6314527 3.259086 -7.3449655 0.058720853 -9.371916 -5.495708 
-371.5326 144.66272 24.234728 24.342842 -1.2701155 12.0489 -3.0832624 7.488445 -17.159416 3.3073301 -10.313894 9.340241 -0.82416123 -1.843878 -9.407483 -2.7820113 -11.65053 3.7691448 -8.480462 -1.7908499 
-351.11047 82.765015 43.025455 41.62136 1.5719589 28.777195 -15.1874 -0.09148216 -16.690899 8.961684 -24.059175 1.1604732 -19.728296 2.481574 -4.489958 8.199401 -8.947033 10.222261 -7.953437 2.5046 
-345.39734 156.5106 7.3022327 20.196955 0.6886208 10.828817 -7.2638617 -9.670678 -24.232151 4.6433787 -4.631159 11.093527 -9.451625 -1.7605138 1.0187984 -5.3039722 -8.834658 1.1258128 -13.777173 1.0639871 
-351.09656 160.97395 6.144914 19.749561 5.3037953 12.728581 -1.7988963 -3.7732096 -29.597542 -1.5753095 -11.738503 5.388555 -3.7848768 -4.682345 0.8673394 -1.9941983 -15.002808 1.7149374 -9.007051 -7.2061234 
-383.1121 142.06078 15.223347 40.94347 9.333986 13.625272 -11.725793 0.7183873 -17.452148 6.9312654 -14.445384 1.5172801 -3.5734797 -0.8209489 -5.995431 2.1149156 -11.477985 4.4293766 -9.951835 -3.8313687 
-374.47403 112.70428 2.8972073 37.911095 5.996682 17.24363 -8.018221 5.0365467 -17.456465 15.974899 -14.100345 -0.28638455 1.7614998 3.4898002 -9.691742 4.3536315 -8.960269 5.2061367 -7.207935 -5.408527 
-364.17603 159.95898 11.621662 42.292534 16.572212 8.579293 -2.3914373 -7.017935 -33.213505 -1.2500625 -19.40708 -8.19872 -4.086611 -3.2315454 -3.773243 2.98544 -2.9241855 5.0643697 -4.1576223 -1.4605443 
-327.015 92.0387 42.983376 64.73783 -4.323547 15.755234 -13.11584 3.7613661 -25.268877 6.8905883 -20.222458 -7.262438 -6.72082 0.046629295 -5.8772283 2.380908 -5.725269 4.4220524 -9.638896 -1.7017438 
-343.9179 128.66173 30.769833 50.118797 15.758199 3.1422992 -0.9232501 -9.248883 -29.736427 2.2092514 -19.249044 2.624012 -5.2570844 -2.196416 -4.8979187 1.4484757 -15.71993 9.680239 -6.9007354 3.000837 
-320.1288 105.96707 38.665226 27.385132 4.296812 21.280853 -16.7588 -14.353217 -23.67292 6.366809 -16.89076 4.167921 -9.710726 4.0056586 -5.015626 4.7903113 -10.503527 6.814418 -10.37602 -3.9289165 
-333.9304 86.49075 44.24519 43.856533 6.3371744 18.630817 -9.506959 -2.3003957 -28.1732 7.9420505 -21.688898 -1.5812205 -16.299444 3.804671 -8.97353 6.5158124 -13.5149975 8.054629 -9.065989 1.337939 
-331.11383 166.05748 12.218834 33.84792 -2.6795979 -1.6501806 1.3407254 -14.709347 -33.27174 5.7792077 -19.23636 7.96327 1.4189851 1.0773923 -3.9063437 -0.030376699 -15.050487 8.9736595 -10.838231 0.2736505 
-350.36603 119.98786 27.708504 44.698315 3.0534625 10.960009 -11.664701 -13.329273 -15.077988 6.4105186 -20.998571 3.9072523 -4.863326 0.04717713 -0.91183674 0.9809085 -13.049708 6.175366 -9.097721 -2.7862816 
-396.83572 153.37918 21.890068 36.21236 1.2840817 4.16002 -8.191152 2.2396593 -14.644572 1.8342751 -14.05064 8.733186 1.6795069 1.8447503 -1.3266052 2.0024514 -8.229308 2.2212086 -12.968287 -2.2568152 
-372.75403 151.92749 25.356777 39.264267 9.629135 11.819135 -8.076927 -12.194217 -26.005896 -1.3864522 -15.846434 6.3714004 -8.461034 2.198182 3.2097957 10.165587 -5.382624 6.704943 -12.6990795 -2.3213408 
-359.52014 142.45036 18.44794 52.37256 15.317515 1.3418225 -9.761654 -7.4976707 -19.791555 2.88904 -24.315414 -1.5005319 -3.683038 0.22412324 -9.191999 4.097706 -1.828122 5.990206 -12.470699 -0.10821554 
-358.59903 133.4091 9.108444 38.43852 6.109022 6.7747707 -5.648327 12.305803 -16.928823 8.823381 -23.594284 1.928335 -6.02987 0.6013738 -8.593807 4.7356105 -15.0868025 4.1167917 -6.3838024 2.1805868 
-342.50992 124.00373 16.737997 41.167854 18.488647 13.539213 -19.443567 7.3677945 -30.039106 5.384985 -29.775848 -3.3141692 -5.44458 8.037794 -14.331109 0.76585513 -6.059473 5.7605457 -6.702793 3.4737854 
-372.80258 134.005 12.616275 26.22164 14.648298 17.726284 -13.813237 -1.962699 -17.595049 11.228352 -9.875838 3.661919 -8.058658 -1.1026338 -5.090472 6.9537935 -9.688919 -1.5364991 -8.632535 1.8286681 
-374.0414 158.59128 8.104423 23.18321 6.131219 17.609108 -14.204364 -5.2235107 -16.449522 4.374106 -7.755128 7.071066 -6.4024963 -0.78904617 -2.8383787 2.7210877 -11.461266 -3.521628 -6.7492924 3.8494327 
-403.55576 151.45636 22.348995 37.882282 15.486365 12.114233 -8.677274 4.5543723 -18.414404 -1.272416 -9.944592 7.003046 -5.7975736 -1.2301981 -6.1845684 3.2280493 -6.598714 1.7197961 -5.962084 -3.0022628 
-363.88892 84.268974 32.891884 51.715446 4.052351 23.93256 -16.813173 15.449422 -19.4533 12.089579 -23.694042 -1.4567862 -10.523296 4.644117 -6.7425256 2.7464952 -13.327151 10.740949 -5.77734 -0.71006966 
-379.32327 110.58397 19.018887 49.950947 8.726376 16.158203 -25.907516 20.236168 -17.94969 8.765737 -18.829414 -2.8953633 -5.894982 -1.2689157 -6.3833127 5.024452 -8.926832 5.534545 -6.053315 -6.53288 
-424.15887 138.11903 10.788857 37.23057 9.973274 9.488059 -9.234615 12.247818 -10.199978 8.378567 -12.099842 6.4022927 -2.9610074 -1.4857994 -6.145571 5.013804 -8.613018 2.7170916 -9.201036 -1.82494 
-439.05112 149.31137 5.4910245 42.07219 13.057119 16.344984 -5.3731375 16.08733 -10.019806 2.0863938 -16.618673 4.361235 -1.349763 0.61346996 -4.8126097 6.410276 -7.556801 1.0728376 -9.905941 -1.6633002 
