-301.64597 75.40871 42.09817 53.23677 29.336548 0.8347195 -15.809335 0.5094898 -21.921404 -5.9591107 -18.433907 -0.70827496 -12.271321 -6.0447454 -10.223027 2.856923 -15.115557 0.5881331 -7.697855 -5.7655826 
-240.41734 129.06271 42.6118 25.7035 -1.2234159 -24.793808 -8.289081 -6.145059 -40.002487 -11.421925 -19.915905 3.779316 -21.543081 -3.7531695 -11.273629 -0.12440851 -6.9684587 7.0557384 -6.4627733 -6.8240867 
-209.60744 136.89825 -9.342501 27.666405 23.635885 -13.597431 -29.660301 -8.164524 -49.38463 -9.400626 -2.5424736 5.4996014 -10.891632 -16.460001 -1.951383 6.6940155 -7.616549 -1.0676383 -3.830676 -3.0701857 
-219.39008 117.26671 1.0144095 36.87824 17.0175 -19.507648 -8.177445 -16.233986 -37.67183 4.348806 -17.800728 5.0914125 -10.160098 -13.260478 -8.649504 6.3978176 -19.747793 3.2400038 -1.393686 -9.110041 
-268.2951 140.65442 23.054195 32.254025 11.515713 -26.758717 -10.564807 -11.636993 -18.862791 5.489644 -28.352976 2.6402025 -3.2445576 -14.775373 -5.6684885 1.7496953 -21.20598 2.826002 -1.3634362 -4.5429482 
-287.86337 139.06255 44.630745 21.591953 2.2750797 -10.878013 -16.518581 -10.159011 -32.909843 -9.190742 -18.845863 10.702695 -14.908515 -8.917871 -5.14383 10.414371 -10.69668 5.1140046 -6.7334256 -8.186131 
-365.96814 176.37915 21.997997 38.626896 7.1722355 -22.602226 -24.408333 -4.5152607 -8.660578 -5.464463 -7.5799494 0.91543514 -1.0441266 -10.686691 -7.569616 5.976244 -4.3999724 -7.017579 -3.64225 -3.181945 
-401.0045 146.22632 43.256023 35.47156 16.241524 -1.2072018 -15.314869 -0.61434203 -13.752425 0.09404034 -6.663965 3.985467 1.5118198 1.2561352 -11.115523 4.6862073 -10.461256 0.5643706 -6.5839295 -1.208199 
-321.51627 183.34973 32.26721 31.74513 -15.190493 -63.357605 -17.533607 18.700619 -19.229946 10.720637 11.049079 0.62160057 -2.678398 -2.1905916 -21.882729 -0.9809697 -9.448995 -1.9458637 4.5966415 -9.549668 
-412.9305 133.63287 18.70629 25.39524 1.4181024 6.9740715 5.6116257 5.0547724 -6.4553723 7.7198825 -7.0271816 2.8554559 -4.4162264 -1.1441034 -8.339138 -1.8378618 -10.587963 -3.113644 -9.018239 -1.3900077 
-268.5884 161.75352 -6.386993 12.8470745 15.895259 -19.032997 -3.8923323 -22.598694 -23.234253 -1.7142252 -5.7353454 7.10407 -8.890813 -12.013151 -14.364363 6.091739 -12.682061 1.4998717 -4.999453 -8.040339 
-290.9566 155.1436 6.2259545 33.374397 19.061445 -31.019928 -7.7860165 -6.002825 -20.287489 -10.64113 -15.871565 10.121848 -1.1605579 -14.222401 -9.602008 5.3682413 -14.957548 -2.494775 -0.7214677 -3.9797146 
-358.5034 129.55109 19.281687 24.639334 3.5737975 9.417406 -15.122347 -2.7302103 -16.066685 -3.095351 -5.7927475 4.377905 1.4686974 -2.806576 -8.363271 2.4894423 -10.244642 -4.233735 -7.793435 -4.97966 
-430.3895 120.06341 11.69045 31.161736 3.4536757 14.321394 -9.070855 7.099582 -5.1019115 4.605333 -5.032997 1.18672 -5.6892195 -0.063346386 -8.921992 1.3739316 -10.736271 -0.9405704 -6.7292767 1.8011824 
-408.92798 151.74783 34.295723 35.4874 8.043413 -4.047471 -9.989216 -5.378671 -9.364658 -1.9774458 -4.1302795 -0.84590596 -0.46081388 1.8327098 -5.421118 -1.2209382 -5.51867 -5.5894117 -7.320513 1.4876909 
-334.57718 174.70584 13.506367 17.983204 19.750229 4.140453 -9.427575 -6.1063724 -15.736838 -9.626084 -1.6175612 6.349489 -6.2615304 -9.684551 -9.524743 -1.6608224 -6.428869 -6.6909614 -4.5283585 -4.309269 
-270.09378 102.070564 32.917496 37.99849 25.047167 1.2842746 -21.519003 -11.836446 -18.885817 -3.7752614 -8.306732 1.476427 -9.9791155 0.3716695 -8.210218 -2.2070472 -14.153242 0.31106833 -0.7084074 -4.726482 
-271.68024 143.62532 19.641314 37.061646 8.953195 -21.68665 -15.269726 -19.379656 -6.4899096 -1.1722488 -26.907305 6.000323 -9.944274 -1.835298 -4.348338 -1.9909434 -6.2757745 6.104343 -2.2156856 -4.4175014 
-260.78516 112.33028 21.069603 29.564156 8.454524 -10.434541 -17.384216 -16.356607 -25.927452 6.6588917 0.14357482 11.822926 -17.134861 -5.9491324 -10.285095 4.6311646 -7.5728126 7.055768 -10.126904 -5.366841 
-306.24707 93.04202 30.023668 41.949722 13.285395 17.009144 -14.890416 1.658661 -15.416526 -1.9748048 -14.78745 5.5901165 -15.020579 -3.534739 -6.5566263 3.5558844 -9.964353 2.1550205 -4.5415506 -5.5988793 
-319.63364 62.081345 61.625225 36.07019 12.262597 19.87542 -20.159277 0.020770498 -12.632574 -1.0929009 -16.62041 0.42812335 -18.218483 3.6156557 -6.8971143 -2.7014136 -8.512898 1.1938987 -1.2878726 0.7692987 
-288.7057 180.50374 -0.5011541 21.042076 6.482992 -24.796282 -19.098852 -0.89062595 -27.15945 -9.421613 -2.083233 10.668392 -3.3602984 -0.96713763 -7.2626104 6.5399446 -3.2888012 -9.645821 -1.0679283 -1.3610759 
-316.62894 147.97174 26.353651 17.670263 -2.7925763 4.0576572 -12.383461 1.1873798 -20.22617 -6.165897 -5.2900457 12.513234 -1.8492684 -2.503747 -10.734829 5.4810963 -2.8608131 -0.025069105 -5.913477 3.1782124 
-306.83774 166.41093 4.9696026 15.352432 12.994764 -5.2515326 -9.2569475 -7.043409 -18.079607 2.2460322 5.3117123 11.463592 -8.938117 -11.918791 -13.923353 12.824462 -7.1840177 -1.7036153 -12.866021 -3.8910437 
-344.95624 87.31885 38.447388 52.414825 18.25483 14.869083 -16.942827 5.6415615 -17.792759 2.788681 -17.7719 6.57382 -10.854277 -5.002627 -5.4202704 6.791788 -14.245189 6.1924005 -4.039903 -3.805923 
-307.7995 160.01842 7.653254 14.212208 17.014393 -10.459864 -11.888389 -3.2240336 -16.22986 -0.29615986 2.2870867 7.228604 -11.293514 -11.150485 -7.9649787 5.3439507 -9.404697 5.669939 -5.914177 -5.3868003 
-320.93445 172.81989 20.73668 35.59486 17.860748 -14.809095 -20.88049 -12.217722 -17.951084 -6.5913663 -10.144828 0.9711726 1.604956 -6.6485 -3.39883 8.788367 -13.983156 -3.1956325 4.5202627 -1.8701507 
-340.77365 169.20465 13.603275 41.256218 15.093617 -19.746431 -7.1622434 -1.5775176 -16.930696 -11.070734 -25.727573 -10.818917 1.4259611 -4.6113863 -10.032235 15.371035 -6.2695856 -6.2506332 -2.6358356 -2.6194875 
-340.93347 173.05011 2.6738377 14.272388 18.313395 -15.708337 -14.955296 -4.845218 -22.68357 2.5591936 5.070495 7.1720734 -7.2751303 -7.2692695 -13.906179 11.411963 -4.140585 -2.7668142 -9.061565 0.60779023 
-359.25867 130.72612 30.527489 25.600294 21.03482 2.5566025 -12.266237 6.475926 -9.174472 -8.152419 -10.06419 7.065817 -6.7222342 -5.3545423 -11.582592 5.476287 -8.1254 -2.9727669 -3.8141806 0.37023714 
-316.82346 141.27913 17.554462 36.053497 27.313238 -3.14186 -21.175444 -13.760403 -24.269747 -6.6131907 -12.751273 -2.8547735 -4.059263 6.1789727 -10.809844 10.421514 -6.396001 -6.391321 -0.8533752 -0.311535 
-386.488 166.99265 24.84204 37.368267 5.569262 -7.4078727 -8.166065 -1.8998399 -19.235495 -12.855057 -11.54849 1.0959718 -3.3960094 1.655214 -1.580297 10.054076 -2.704993 -2.5281498 -4.4317164 2.2205725 
-355.11307 140.45279 16.971409 36.379673 19.237667 -1.9366989 -9.094906 -11.615355 -37.217354 -11.07843 -1.2141663 10.674172 -3.1728454 -2.4819272 -1.8915312 16.101862 -3.0924733 -9.793627 -7.8535595 -2.4657984 
-325.72333 148.87482 12.409211 22.418547 3.1384356 3.736476 -19.226904 -6.7489114 -21.773724 -3.8486354 -4.8843365 15.992268 1.4375758 -5.342175 -11.108419 2.9489384 -6.8461857 -3.8848543 -3.4877226 -0.3609645 
-353.26276 142.62642 24.437973 21.90074 5.897832 5.024063 -14.240535 -1.0366671 -19.84912 1.3980838 0.25069034 11.367749 -5.246377 -1.2096658 -10.879863 7.2708077 -2.1313803 -5.719945 -4.5481777 -2.0237849 
-375.04224 127.46676 33.31879 29.625048 12.993493 14.312986 -16.163456 2.6050158 -14.795362 -2.9240694 -8.834717 2.3378813 -18.07592 -6.496826 -6.1435747 0.3011208 -8.3848 -3.7237346 -4.889295 1.146813 
-255.26831 127.82954 4.7655845 30.27018 6.8317814 -4.08833 -9.340997 -13.217663 -26.871183 -3.1541383 -11.87908 6.679841 -14.644191 -13.093017 -5.5417495 0.41858202 -10.973371 3.2807746 -7.3942313 -4.4499416 
-301.82294 140.84776 21.049902 47.872528 33.035355 -12.849836 -12.670195 -13.632032 -19.518795 -8.448181 -16.025888 5.098211 -1.4217708 -13.316532 -6.276873 12.280049 -14.451267 -4.2898455 2.3049889 -1.8098047 
-345.94083 161.19583 11.615786 24.120754 12.606798 6.2614536 -8.725933 -2.8067608 -12.848092 -4.9110622 -2.3557005 3.1238492 -2.1699455 -7.887968 -10.195669 5.764297 -9.430217 1.5827732 -1.9912153 0.9209792 
-360.61853 115.26755 38.95663 52.171368 6.394725 15.778187 -15.856608 6.006193 -9.739685 -7.394743 -12.059145 1.0118413 -6.193514 -4.7680745 -5.027603 0.9459377 -9.472757 -3.4731922 -7.2718234 -4.0205646 
-335.64114 131.98001 16.819105 25.28065 20.023148 1.8401659 -23.460869 -5.5006657 -7.731464 8.0224 -1.3740859 2.7457492 -15.036445 2.4726698 -6.2091074 3.3250506 -12.058153 2.4624455 -2.6604326 -0.766437 
-317.00958 138.21161 41.71776 50.445423 7.994837 -14.362364 -29.352095 -5.597605 -15.119836 -10.48639 -19.508173 3.965187 -4.336486 -7.974907 -9.390922 8.035134 -10.7481575 -3.702418 -3.5741293 -0.9773986 
-349.35324 107.230156 54.646908 33.135063 14.399992 8.0244255 -14.843035 0.15388955 -19.539928 -4.3180223 -17.905989 8.195783 -14.85384 -3.3084373 -6.481347 4.968807 -10.866201 0.3829262 -1.408714 -2.3777928 
-359.7023 109.148125 35.439957 16.947468 9.386981 -2.269775 -10.36948 2.236061 -24.77559 8.497606 -0.6001853 18.754087 -1.7355436 0.24292459 -15.50767 2.2262359 -12.555733 -5.410583 -3.949979 1.5112599 
-298.2576 151.47229 -7.913608 44.511726 55.619686 -26.76753 -14.371068 -10.247861 -42.152634 -5.556678 -18.61792 -1.4294069 -2.4057376 -3.1132464 -19.091318 20.339146 -15.013495 -4.0889754 3.472677 -4.555601 
-427.21933 131.6069 5.5972867 41.18728 21.727621 5.502232 -5.9348307 7.3766055 -6.9644957 4.466767 -12.974886 1.3183382 -2.9812195 1.8331343 -12.9636545 6.9798074 -5.8582745 1.0933224 -3.3149023 0.87016416 
-439.406 130.40746 7.069058 31.232967 18.734814 15.618595 -1.422103 10.38324 -9.665826 6.0173426 -7.0245233 0.6859354 -9.30585 1.1290069 -8.127948 5.94989 -4.2022543 2.4472215 -8.203333 -2.0622542 
-352.02576 177.81882 28.820827 46.031673 18.398521 -26.397512 -20.694618 -15.4097185 -28.5366 -7.7829056 3.084788 -0.82785296 -3.4548612 -5.2483525 -12.49508 2.8500357 -6.7874002 -3.8349185 -0.84972847 5.7103086 
-269.62994 141.95781 28.091036 23.146715 5.0408993 -28.82336 5.316963 -4.436446 -31.802786 2.0470843 -24.604261 5.085046 1.0394224 -2.7776277 -15.065179 -1.8457222 -13.349907 -3.8235164 -2.1775172 7.585483 
-326.53455 178.879 34.39974 36.16926 -8.001581 -36.84828 0.49713054 -2.4353638 -31.223341 -11.47201 -15.699199 -2.7681966 -10.789318 5.0078154 2.456223 -2.4349103 -10.486954 0.732142 -7.8510914 -5.949666 
-276.5793 145.45647 26.285215 10.106801 -16.399313 -27.115366 -14.172794 9.532533 -30.832756 -0.1148963 5.1077347 11.30006 -2.4224114 0.1460107 -17.392313 -6.221592 -10.95917 1.341513 -3.67873 1.0109829 
-307.68643 175.38048 8.988998 12.797865 -1.8298113 -27.611698 -5.991102 12.809467 -5.780263 -3.337765 5.714446 4.5312653 -4.334172 -8.368813 -13.275284 -1.5783887 -9.303843 -0.7966434 -1.3073536 -2.4121854 
-289.36676 191.10614 -9.055376 10.815855 16.100197 -27.84393 -10.493893 1.1929294 -21.315369 -6.796163 2.1084669 4.0557117 -4.533758 -8.526789 -17.155357 10.4142 -11.209094 -0.9918355 1.7872461 -3.4397688 
-364.73618 173.83073 11.4801235 35.435307 14.428997 -18.671265 -20.185198 7.204256 -28.379528 -12.576511 -0.85212433 1.1486541 5.83 0.79260296 -11.805084 6.997219 -3.85449 -9.899389 -3.1875181 2.2831535 
-335.03842 172.12885 19.365826 30.933249 3.048992 -27.839739 -5.4287934 2.6311817 -44.532402 -8.761561 -3.0091543 8.321207 10.749381 6.9358106 -14.696389 6.5437675 -14.583103 -2.3316104 -2.0673077 0.7013788 
-391.21204 173.98436 14.353887 31.866716 9.377037 -7.4938517 -17.937523 4.9869947 -14.458738 -6.2282243 -5.3553853 7.1283035 7.296775 0.59673774 -11.293926 5.8243628 -4.926841 -6.1529837 -9.41391 -2.1456668 
-373.01703 107.73593 44.112766 30.966362 9.326837 6.996364 -5.623984 8.149196 -18.68818 0.37991482 -17.625677 5.3383904 -9.20564 2.4732003 -6.3335366 10.130307 -3.2282503 -5.1015067 -9.503886 2.1134372 
-365.6964 167.03493 26.149612 31.503452 3.1632905 -11.947664 -19.507322 -0.4839021 -22.963192 -2.3793423 -1.1727357 10.022929 -6.553829 2.146659 -3.8861668 5.2730207 -5.5845037 -4.0562077 -4.027627 3.0031974 
-350.57285 157.3206 7.2422333 33.491623 10.413101 -2.8947248 -8.137685 -2.170093 -14.332528 -9.383157 -11.648463 -6.4235706 -5.4270883 -0.2858835 -7.889478 7.31477 -3.8656104 -6.4741116 -6.3599243 4.5033026 
-372.35803 141.93715 20.53453 21.306664 20.376076 3.5673273 0.3208143 7.083922 -19.23958 -5.894787 -16.201199 0.12758869 -14.911784 0.019131767 -7.7586007 7.5424304 -13.240792 -6.4029617 -11.784527 5.173348 
-338.2365 120.11401 19.728064 31.152275 4.402137 0.9599277 -16.744465 0.9360357 -21.917807 6.640238 -5.2664046 12.861363 -7.9718814 -1.8957863 0.38073784 5.689579 -10.224614 -7.149803 -5.775217 3.749541 
-407.46912 171.1298 1.9916949 21.39414 -1.1058385 1.8534865 -7.156505 6.313813 -13.40889 1.3593817 4.201655 11.250295 -1.8219634 -4.10273 -7.2509823 4.5597754 -4.033089 -3.7579968 -8.550928 2.0225968 
-447.9603 138.63849 7.400428 28.913597 7.502751 13.055506 1.095681 11.808594 -1.8206344 6.0548515 -7.917597 -3.362841 -2.784501 5.3282175 -0.68060756 5.4010224 -7.7553763 -4.8092694 -13.227654 0.07281526 
-443.54233 137.98547 10.111017 28.333567 6.006872 13.39801 -3.204263 6.5766683 -3.896703 2.4277132 -5.4470286 1.333384 -6.793893 -0.23350525 -7.210981 2.890032 -4.6917806 -2.3090396 -10.72877 -1.6337934 
-384.2288 172.35077 34.5162 32.04323 1.4367691 -9.384824 -17.368702 -10.609669 -19.64246 -4.656093 -2.150322 2.4637175 -1.7714868 -7.5114093 -6.159017 -2.2474866 -4.6611733 3.1434245 -0.45389175 -3.0424438 
-283.3854 147.50069 -19.083378 56.8115 51.72162 -34.263535 -13.314026 -13.536965 -25.59273 -7.3312445 -17.998695 3.7261522 5.4766965 -15.87144 -13.149967 19.901152 -18.328392 2.353249 -1.5824696 -5.971656 
-350.98386 163.37688 3.4860518 27.282614 29.105408 -0.61432624 -17.935493 -12.525494 -13.859212 2.4367666 -4.933282 13.743022 -3.0310717 -16.280134 -6.9558916 14.180715 -8.231615 -0.5159657 -2.0303195 1.2323854 
-300.84045 156.56929 17.841166 11.800788 -2.3449183 -11.121943 -16.02906 12.339496 -25.26674 -0.9602266 4.7056904 18.748379 -7.66357 -4.0559416 -16.029982 -0.55286425 -2.3694148 3.7627017 -6.155611 2.2360587 
-345.13327 181.10205 14.033215 23.050016 6.242875 -6.7536297 -2.9653025 -0.5401519 -11.3696995 -9.249378 -16.635323 -6.372119 1.6565833 -2.450664 -9.106261 0.6996163 -9.847233 -2.223101 -9.774817 -4.6256924 
-383.83682 129.9024 32.948986 39.576965 12.878097 9.738142 -9.4796 2.1838505 -12.0345 -0.37351575 -12.407128 -0.3888706 -8.591579 -4.6907916 -6.3766074 -0.18396808 -9.615064 -3.8457303 -10.30001 -2.521098 
-302.0052 158.6081 -3.0175061 42.722813 36.872177 -19.697367 -32.68349 -10.604902 -23.373755 -5.365122 -7.748051 1.092011 -8.079579 -6.203164 -15.319431 1.5671115 -6.743585 -5.462891 -7.1033297 -5.793049 
-322.8053 170.37506 25.074308 16.174599 -3.939742 -16.729307 -13.757059 1.9368507 -14.50883 -6.247586 -7.936347 3.783353 2.7651212 -2.17049 -7.406011 2.8439665 -5.6038046 -1.769726 -4.691697 2.348669 
-347.40564 166.997 23.641184 33.559208 14.521907 -16.58853 -25.741673 -11.318529 -13.048552 -5.3541317 -8.346263 3.702012 0.44347987 -9.105342 -8.500586 7.5626864 -8.648689 -4.5767956 -0.7434736 4.4850073 
-316.23544 116.347885 26.740517 33.509533 32.92706 0.18730085 -22.530169 -6.43263 -33.761246 1.4329355 -17.29908 -3.521625 -9.987329 1.297817 -9.28457 8.440009 -0.27785915 -4.8401394 -3.7967186 2.3425171 
-346.5907 167.10313 7.0953836 30.152405 11.126621 -19.375118 -24.76764 0.7042256 -20.909416 -1.8574052 4.609652 11.482873 -2.6404715 -5.339967 -8.782726 4.535467 -2.8037462 -7.7766247 -7.3648267 -1.3909154 
-391.22183 174.27121 26.093529 32.087776 -4.8565793 -11.982769 -13.388045 -3.4389143 -8.445878 -0.046801846 -3.6092415 1.2984409 1.0673316 -1.7224023 -4.3512444 4.386954 -4.1983724 -5.1229644 -4.0634146 -0.052722916 
-446.0182 129.26828 17.645279 28.654043 5.2546005 9.358669 -0.19170539 7.651644 -5.128661 2.9914725 -9.330552 -0.7094214 -6.964083 -0.57103467 -9.183579 3.4647741 -10.06929 -0.34266493 -8.642734 1.9518403 
-347.09576 191.23923 9.985136 24.570534 -3.396074 -22.679161 -17.444153 -1.9469485 -18.41757 2.1813867 3.520178 3.757777 -6.4788914 -10.354725 -13.198047 9.137587 -8.502943 -3.7612965 -6.0410595 -4.059417 
-387.71442 155.53143 24.237745 32.821793 4.0267587 -1.4300275 -19.623682 -4.3097773 -18.316204 -1.595098 -6.7179565 0.9164363 1.862836 -3.660135 -2.99599 9.581829 -9.456448 -2.6553934 -8.26311 0.46232197 
-350.18707 168.73792 13.327123 34.188885 17.309885 -20.058874 -15.24363 -0.039057944 -23.155981 -9.899702 4.4024734 10.981854 -9.186394 -6.2979484 -6.899207 7.4741235 -7.261095 -6.2640476 -5.868346 2.159545 
-379.4115 150.3011 34.338116 23.310905 6.2865357 -5.268864 -20.292423 3.4620469 -20.254148 -4.3544025 -2.5459783 6.4843297 -8.7592535 2.273086 -9.927294 6.7775064 -6.594996 -4.673318 -9.425991 0.30152184 
-333.41006 149.2813 34.937325 14.024059 0.1589097 -2.2902732 -12.38254 6.0474353 -17.179226 0.41719115 -16.371328 15.535099 5.2613196 -1.7083236 -21.02467 5.483305 -8.202488 -1.8607684 -4.9664745 -0.27490282 
-344.98633 125.30385 52.310684 28.316793 -9.67655 -14.428051 -16.896845 4.2124534 -24.20081 -0.23555459 -14.016552 11.866029 -6.079435 7.5027466 -3.314249 4.652359 -7.433943 0.4940494 -3.0125268 -1.3109854 
-368.12402 178.21631 9.229894 27.71697 1.97661 -18.285833 -12.094784 0.14227551 -23.22508 -5.2478204 6.909853 13.160801 1.226196 -2.5552385 -6.8697357 8.61903 -8.298197 -4.5477633 -4.842375 2.8425887 
-359.2945 185.55046 16.769144 19.5282 -13.794726 -40.278603 -17.34721 14.503423 -6.783831 -0.44599193 4.827386 12.079449 3.110792 -1.8616128 -11.246629 -3.055703 -14.327774 -2.9173486 -2.1895893 1.9356755 
-343.04544 143.39745 21.62161 17.459766 4.0435543 -9.966506 -21.3492 6.9938984 -20.189554 -5.620176 1.0020299 12.978823 -3.2296126 4.3481236 -6.939028 4.6726284 -8.005293 -6.66518 -9.387634 0.4625294 
-381.76904 133.69284 23.243149 40.217133 20.881422 11.156361 -28.941105 -0.2282611 -12.994633 -2.607115 -12.568653 4.349905 -8.466649 1.2511567 -4.560149 5.516905 -7.53222 -5.822181 -2.0756254 1.1267822 
-404.8744 172.17125 20.648777 33.465393 -7.031948 -17.237839 -18.804941 6.964589 -14.315484 -3.6278987 0.86692965 7.289565 -1.8875853 1.0227846 -8.907577 4.511543 -8.884039 1.5862458 -8.956285 0.0328664 
-363.22583 132.9136 17.534071 38.45959 27.786669 -12.186407 -25.822227 3.6935298 -17.18919 -10.863417 -7.8116684 8.3900795 -1.1966484 5.178623 -9.837041 5.8296504 -6.8273473 -3.2733393 -6.965802 2.6883845 
-398.41736 142.80779 35.457985 35.33017 14.616711 -4.587773 -1.838286 -1.9814394 -20.137413 -7.5608835 -12.359575 -0.9937251 -6.1079826 2.837308 -9.339997 5.484264 -8.325991 1.7056442 -6.7896686 -0.25496182 
-417.00854 149.02399 14.263375 42.880726 20.529306 -1.0439936 -6.220359 7.738642 -11.752742 -4.7079186 -8.757996 -0.04569986 -4.9343696 2.7131975 -6.4694486 2.5739214 -2.753679 0.169936 -8.434633 -0.9340083 
-399.408 110.26817 31.567146 36.779724 8.869345 13.100353 0.76031274 13.778328 -14.460013 1.6731627 -11.625603 -0.6269574 -9.431284 0.18719667 -11.681334 3.5916393 -7.7032285 0.70512563 -6.232016 3.7606516 
-400.64874 115.06599 17.383228 41.811813 13.191273 5.488058 -16.256245 4.302768 -11.799764 3.844248 -11.661092 1.2892907 -3.7966728 5.6689467 -3.3253229 4.7657447 -8.5011635 4.403678 -5.129247 -2.7249157 
-453.56094 139.67644 12.123008 35.285297 6.7288537 12.859778 -1.9373205 9.113243 -6.083731 5.607513 -4.142563 0.51107097 -3.509109 0.8037731 -8.106815 3.867316 -6.3048806 -1.5097833 -8.007545 2.6798642 
-422.37683 114.580986 33.417435 30.358347 14.031285 1.9181292 -3.4901462 7.824201 -14.738144 9.698131 -10.519557 1.6270564 -9.23328 4.8288207 -10.034256 9.534629 -4.4976544 -1.7984805 -12.416525 2.2026505 
-359.79828 177.96306 34.291004 25.25603 3.527795 -19.131157 -12.334404 -0.4258978 -27.426054 -11.78841 -13.762007 0.01649269 -4.797544 -3.8542905 -12.412525 7.135328 0.7562386 -0.7149582 -1.7173167 2.1761677 
-355.36456 131.03864 15.756099 36.758335 31.556192 1.4081873 -17.154781 -1.3753684 -27.734766 -4.698356 -9.574288 -3.6547241 -11.982457 2.73487 -1.3772349 8.295186 -0.71183884 -7.440626 -6.317964 8.609103 
-341.55862 84.487045 66.15297 22.915031 13.524168 20.325087 -9.216098 0.5128227 -19.565939 0.7314298 -14.864105 9.667634 -17.803173 1.2678847 -8.513019 9.73702 -1.4789321 -1.501449 -8.170259 4.2666965 
-389.7157 161.8035 36.549454 36.2839 0.39369822 -10.502212 -18.532743 -6.2906165 -22.214394 -1.4509354 -6.673879 0.1102626 -4.8122044 1.0971739 -7.923619 5.8908753 1.6144096 1.6613998 -2.1514273 2.9276917 
-383.01404 136.65552 24.590261 34.186504 15.739332 -3.6121843 -10.669981 1.7259344 -26.263115 -4.6330557 -7.589959 -0.08372842 -4.1032352 0.62069637 -5.9442835 8.787765 -3.800869 -4.279585 -2.6028187 3.0172758 
-321.49454 111.292244 18.850851 38.37401 9.800832 11.469105 -13.574962 1.9458288 -20.293499 1.5581298 -12.242474 -1.8940065 -8.058524 0.36724985 0.43396363 4.093422 -9.004069 -1.9663901 0.3638719 -0.30007446 
-416.3932 158.15445 26.299833 36.259872 9.686318 8.037933 -5.3510036 0.025019327 -13.49452 -5.749398 -11.113868 1.8096746 -1.4553915 0.5321139 -3.348739 7.192991 -2.8499548 0.122337766 -4.85055 2.1354508 
-428.46133 139.63518 17.024616 40.782913 18.288084 6.0224705 -6.02131 7.0336204 -6.8221474 -2.875945 -11.123131 -4.4275455 -7.5562077 -6.2349777 -7.9136376 6.582994 -3.1925707 0.5026698 -8.58334 2.555232 
-430.0956 139.80554 18.474623 23.269753 8.6983385 9.897045 0.16567251 8.769133 -4.418302 4.0162864 -5.2183547 5.80741 -0.7002746 4.068832 -10.841819 0.5337249 -8.485142 2.7265227 -10.392223 1.3092009 
-443.1795 133.78793 11.667933 37.644463 5.40356 18.041454 -5.1820626 9.925393 -2.6762304 5.2872286 -3.606776 1.4410474 -6.2810264 2.970165 -6.7025814 -1.0759236 -3.0706654 1.5349326 -11.609369 0.18300624 
-458.0743 123.74679 12.325091 38.578472 4.9405932 21.356451 -3.491804 12.202655 -3.6644928 8.170929 -6.6097608 -4.7305427 -11.553824 -3.1259067 -10.79053 0.09657254 -5.775759 2.9388006 -5.7801433 2.9568188 
