-506.19348 154.78107 21.925016 39.80847 20.609335 29.788723 -0.7958405 17.425343 -2.4479055 4.45717 -2.6459398 -0.8588657 -6.311025 -3.146823 -6.485337 4.6078 -7.423434 -1.2928314 -3.3140888 1.4346601 
-422.86993 160.37482 21.413168 63.621536 24.942467 1.3181198 7.8344474 2.5222588 -19.5935 -1.7297469 -8.15162 -1.5236561 -3.7488055 -10.844343 -4.657161 -0.18698399 -11.7533245 0.57195866 -0.7763154 -8.183968 
-357.6845 163.09468 19.699833 51.808765 15.45115 -12.219621 5.963309 -1.5961236 -27.972944 -8.937184 -11.146408 -6.7827234 -7.170473 -12.411663 0.7303648 0.5444127 -11.821201 3.1770854 -1.603725 -12.321532 
-321.83478 136.9976 20.086864 61.259636 20.863161 -7.8895626 -8.659149 -0.9029224 -41.79704 14.0065975 -24.46433 -5.8670597 -5.64017 -12.918201 10.162561 -2.113764 -15.721006 9.310585 -4.075966 -12.183653 
-318.0912 155.11469 11.345074 53.04578 24.605242 -17.619467 -12.578491 -13.288858 -40.39224 3.8679013 -22.074594 8.305123 -2.8564763 -13.734396 12.588436 3.9574885 -18.604214 12.153356 -0.93428105 -8.632199 
-308.81833 113.72115 40.057945 49.937298 -9.467928 -1.0709692 -9.598443 0.5711238 -34.82677 -1.7512412 -26.372328 11.445953 -9.005448 -3.7925072 9.222552 -3.522926 -2.6456122 8.982285 -7.887669 -10.210095 
-287.62817 171.80692 10.080882 36.718906 -26.168179 -24.93135 -2.6848245 6.863502 -31.126186 20.309027 -11.384291 16.046534 -2.6919148 -7.7758365 -9.876862 -10.107786 -12.306904 -3.7494402 -7.6721935 0.15332688 
-293.5333 55.416122 39.273514 72.61316 7.3593664 4.468273 -25.33346 22.55883 -29.653683 6.4398823 -20.824251 8.574125 -1.7601235 -0.49405798 -9.195059 -2.2918155 -3.1761937 3.1845336 -12.793111 -1.5147115 
-321.554 62.495377 44.2413 70.481544 12.445816 3.9597719 -10.358595 20.24367 -16.898735 0.17894036 -25.745497 12.445509 -18.595621 -8.115206 -4.0984144 -3.003145 -3.4137762 -1.533106 -10.1746435 5.6457634 
-272.69812 112.57529 18.19178 23.397997 -11.8318815 -5.018185 -10.341116 7.193957 -18.819418 11.592048 -9.596197 13.826985 -18.9432 -8.854879 -13.484852 -5.044037 -5.201231 6.581522 -13.518548 -1.9920756 
-359.09457 157.8741 35.609623 48.634808 14.622929 5.12385 -3.9612932 -1.9601588 -29.092293 -8.2444105 -5.8532047 5.0333843 -18.264637 -5.5928116 -3.746684 -8.018473 -0.0570844 1.2365878 -6.170085 0.68363094 
-350.82465 144.39731 35.8659 46.87443 -6.739628 -2.2053769 -3.9913363 -0.7963986 -42.023666 4.6323185 -6.1886654 8.071003 -2.0033169 -2.0971005 7.721621 -6.688194 2.4729795 1.3819444 -14.432826 -0.13584195 
-361.12946 192.24588 39.330074 39.14833 -42.31142 -29.794582 -13.494742 12.019847 -16.41839 17.521778 -5.4904633 5.9882812 0.29294536 3.6081898 3.1033022 -18.800493 2.670553 -7.100412 -13.914634 3.726406 
-357.74237 175.81842 3.94233 47.30247 -15.883251 -9.714523 -0.77175564 -15.619221 -20.67002 14.606113 7.2681503 24.422453 -9.364216 1.3684783 1.4491221 -14.228531 -1.181221 -4.851386 -13.603532 2.5873706 
-377.385 102.635704 17.220139 60.07171 11.932224 10.476596 -13.059385 13.308637 -18.819265 9.078315 -13.696865 -0.80821365 -2.117362 -5.2969933 -0.1468063 -7.6131186 -7.2752666 1.0489208 -3.8970294 -5.543227 
-293.43576 63.768562 38.280334 68.09211 4.2574406 11.14703 -13.32074 7.7953544 -18.824146 14.037812 -35.103683 10.020294 -10.121922 -8.898047 -2.4997196 -5.4829183 -9.054462 9.532259 -15.845066 3.2088077 
-332.4476 100.43053 30.103725 76.39893 22.7722 1.7743026 -13.858861 10.011926 -23.51106 14.212118 -39.01547 -1.0326399 -8.760086 -3.626078 -8.934135 -5.917241 -3.3732197 9.237154 -14.589369 -1.2409296 
-323.65814 91.405846 35.776905 73.04185 20.598442 9.689855 -9.4868555 -2.5056658 -28.74609 18.00763 -31.363792 -0.34245333 -10.092861 -0.4580733 9.118914 -4.903582 -14.112269 11.758752 -6.8191032 -3.3029246 
-393.06125 145.08325 26.504482 45.01681 8.004944 6.951015 10.975949 2.19977 -12.535999 14.457836 -18.931198 -6.0960827 -6.865633 -10.450407 -1.8153281 -5.9841747 -11.55393 8.356781 -1.8463876 -4.2492657 
-353.8999 163.78586 52.84133 52.799347 -13.994071 -13.37319 -0.85336566 -10.28439 -24.929405 -1.5614231 -21.944542 1.1858975 -5.4410114 -10.077034 5.188488 -4.5114384 -1.2310786 6.444662 -4.7730675 5.9523487 
-340.1704 93.02524 19.157526 71.899216 21.364254 -9.214135 -16.584404 13.819032 -18.232079 -10.835031 -16.60001 11.837147 -11.286386 -5.629005 -0.74469405 3.4094024 -3.19055 -2.4514952 -7.8296223 6.553371 
-445.66504 165.57118 28.492924 56.119396 25.009178 9.547347 0.4825748 8.685552 -15.620241 -11.357105 -8.684939 -11.458287 -14.890583 -5.001196 -6.3231483 -4.393895 -9.226652 -1.763789 1.3057724 -4.7098007 
-397.7824 166.03836 43.843674 57.884415 -8.469138 4.139353 -9.988865 -11.090493 -14.219786 0.65544355 -27.241188 5.198832 -14.363266 -3.0251055 4.0721455 -1.8238233 -4.023934 0.22544326 -6.720155 10.656516 
-303.94434 73.94211 31.520948 21.048065 -10.764332 10.559235 -7.7165475 8.501257 -15.267278 14.607851 -10.226949 23.660988 -16.796734 -5.7815433 -8.010159 -6.6484156 -4.623165 9.519148 -14.21401 6.299928 
-409.6571 166.6364 22.551968 33.238327 6.978037 -1.4078993 -5.9526563 13.956776 -18.296413 3.7865257 -0.53262955 5.756521 -12.589276 -10.443131 -15.185589 -5.3015537 -9.780795 5.6513042 -5.477979 -1.250096 
-341.2564 112.14066 33.27739 40.727898 6.514303 3.411864 -28.088556 10.375866 -23.354368 6.4104104 0.25777325 13.797339 -12.5373955 -2.948396 -12.282196 -4.4934464 -15.052593 6.50473 -12.369072 -1.8995383 
-408.44537 111.53026 59.240078 26.871374 26.27478 18.642206 -14.741176 19.060312 -21.674719 1.012017 -8.471148 1.7121834 -12.851051 -7.3753476 -8.383923 -0.8105742 -12.252041 3.175452 -9.838345 5.539575 
-351.1798 183.46735 18.521479 32.60029 -43.813774 -15.130842 6.376313 -0.3010525 -11.824238 15.054402 -14.72452 17.763977 -3.922122 -10.19781 -11.160198 -11.325163 -4.0654902 -7.641859 -1.6392117 2.5001886 
-415.60205 175.5179 42.17601 43.19145 -15.663005 -4.4067683 -9.134928 -9.816174 -12.370591 8.980713 -14.68733 0.26954317 -1.6231632 -6.9110827 3.79599 0.6323113 1.6768079 -4.908304 -4.3934817 3.0244284 
-417.59903 120.837456 5.6005654 42.6656 11.537123 29.832266 -23.570795 9.979453 -7.80592 9.854149 -11.133509 13.598307 -15.930592 -1.1387203 1.7793405 -3.3610601 -4.2624946 6.855381 -11.472218 6.9751053 
-471.5562 164.26773 10.101185 36.716293 6.7340655 28.07737 -7.3733315 17.135159 -5.18517 4.2821336 -6.2810473 0.14804953 -12.043222 -1.2467265 -8.765806 0.19277018 -3.2086916 2.9138823 -1.1418515 6.448445 
-360.65088 144.27753 -0.25177553 77.022095 16.462906 -21.337856 -3.0132136 9.099585 -18.281822 -9.946111 -18.679346 2.4191427 -6.2029715 -4.791216 1.0798897 8.077371 -0.2657143 -3.2900076 -0.83283967 7.631525 
-344.6493 130.15742 6.4668946 100.83861 36.646954 -28.124168 -9.841483 1.4934075 -24.747707 -13.622059 -22.892673 -1.1494781 -5.0233955 -10.517738 -0.8369468 10.468412 -3.9555883 -0.49982187 5.1985254 1.007027 
-273.42267 171.42545 6.8781357 36.585213 -20.623247 -35.57152 3.4152982 -4.285283 -28.774366 14.658534 -11.315565 16.71468 -3.7530212 -11.26547 -7.9303885 -11.670498 -10.997858 -3.987024 -2.9528003 -2.7699575 
-330.6168 145.91986 18.248465 58.050823 16.955702 -23.185154 -5.768095 4.379968 -29.790144 -8.389552 -27.392622 15.417121 -8.003019 -16.005608 5.6854057 -4.9400883 -2.8616176 5.8830967 0.87792206 -1.267101 
-277.7192 99.6434 36.64994 55.01195 9.143747 1.7757573 -14.909556 3.5459273 -35.31005 -5.43751 -24.154072 18.737259 -11.426802 -6.2194533 -0.87503946 -1.786841 8.782803 3.3055792 -7.1661816 -3.6892052 
-267.46533 60.605427 58.17635 45.722744 13.079842 2.6494348 -20.478765 0.0028563605 -16.300663 -5.02939 -22.149479 6.199152 -17.088087 3.1204667 -2.545362 -4.7590504 0.68942344 4.6024537 -7.8530264 -0.54310316 
-294.9992 154.81523 47.76235 30.634712 -20.163837 -31.539394 -0.9303371 -10.5559 -37.221416 0.20241039 -12.436115 4.0737724 -8.817149 3.4207885 0.3567858 -0.7262076 0.9701127 4.6108885 -7.643319 0.287948 
-317.41202 117.78326 33.708206 61.621384 24.113731 -0.85448694 -12.49491 0.34802002 -34.18411 5.333989 -20.688082 -2.5978901 -15.517742 3.9622676 0.43244776 -7.596392 -2.730601 7.352831 -1.0096073 -0.222179 
-338.17822 150.35414 19.493786 62.336792 15.58939 -10.117098 4.03321 -19.716871 -46.177673 -4.5071063 -4.1205273 14.386256 -10.96354 -10.198093 7.178879 -9.054371 12.828988 1.5304914 -12.84896 -6.0069785 
-425.25327 168.6213 27.007334 44.490913 13.1151905 4.976837 4.908758 -3.310187 -29.902401 -9.7171545 -7.167571 4.3553305 -9.788448 -7.3293324 -2.5477679 -0.72939897 -0.33519253 3.5653186 -7.4828677 -7.3199277 
-486.9696 164.62035 15.540978 28.480516 7.9021707 27.43062 -6.007028 16.11121 -5.5252542 7.695066 -5.4332824 -2.427575 -14.4026165 -2.1015744 -7.5203094 6.7755527 -7.103097 -2.4286628 -6.4505253 -1.5009747 
-367.12662 125.3068 37.79659 55.408615 22.944807 2.8561342 -12.855022 -1.5578761 -14.176528 -11.121687 -14.771138 5.0905294 -22.575624 -3.6836832 -6.343794 -7.254063 -5.5416684 -4.981373 -6.4214134 2.3031235 
-350.98688 162.22601 17.560003 41.158417 17.792412 -1.6343104 -12.970751 -2.9870298 -19.825058 0.87400216 -4.4531083 7.850198 -16.591972 -4.002769 -1.5441135 -8.921294 -8.090345 -6.270147 -9.889845 1.3739597 
-308.687 151.90085 22.085423 46.321754 18.918188 -7.7064495 -26.336906 -15.386333 -29.471165 1.1575438 -7.9895945 9.30901 -16.435501 2.3840857 10.790167 -15.756805 -1.352134 1.9877086 -7.9553137 -0.1093306 
-307.0319 103.466354 24.36059 58.65883 2.0528188 3.956763 -17.603931 2.3827069 -16.829353 17.769312 -18.802032 11.324879 -8.029454 -5.5756073 -6.049306 -12.3175745 -9.519184 3.116508 -15.700582 0.9472745 
-369.76422 175.49771 25.736326 43.76808 -28.773142 -19.484293 -4.977391 8.926312 -14.277091 10.077631 -9.956319 11.864463 -4.1226826 -1.5115293 -7.3855066 -9.839261 -6.241318 -9.033605 -10.227701 3.620316 
-335.64197 179.18655 -10.142956 23.31068 -23.75168 -26.810265 -1.6032782 14.127505 -12.425103 16.135292 9.98401 21.014107 -18.322859 -0.35520732 -6.7716117 -26.328573 1.9518138 8.980289 -9.249452 7.6341314 
-316.39825 86.96285 38.681633 58.13243 5.270023 1.1997045 -7.5964804 8.203281 -11.797483 -4.542478 -21.660149 18.814528 -22.456402 -3.3554964 2.620316 -1.512624 -3.2914667 3.1561594 -5.4926543 10.782038 
-383.66217 144.92938 48.062172 26.324203 -3.1343784 9.561674 -9.545328 8.46285 -14.705283 0.6345772 -18.451006 8.033049 -11.982289 4.1588006 -2.2839558 4.9144883 3.868314 5.9604435 -4.2639303 3.9287453 
-326.46033 93.7937 47.491657 27.0913 2.7924204 14.29089 -7.5395947 6.4410934 -10.256674 -5.5724134 -9.206779 15.020453 -18.468014 -1.8999217 -2.450033 -3.0924973 4.0368686 6.3352957 -3.177244 2.580435 
-324.13058 164.00987 26.096407 21.351738 -21.198671 -11.670017 4.664925 16.294807 -9.297978 10.438154 -4.789507 18.67118 -10.3459425 -7.8795166 -17.014841 -7.4337444 -10.691621 4.543804 -8.761031 6.305252 
-368.09262 154.37726 44.584763 48.28937 8.207462 -1.6883328 -1.8342073 -3.9093218 -17.681297 -6.254471 -12.646062 8.4054165 -13.825673 0.3739285 -1.2095926 -6.43692 2.9350443 3.7311664 -7.640794 0.06488207 
-351.47104 136.58905 24.150047 71.08863 20.633034 -9.881944 -14.729618 1.3621782 -6.734101 -2.7468162 -10.004152 10.274144 -7.4894967 -0.5171946 -9.254841 -9.225237 -3.8566403 -5.2695236 -9.972151 2.8483598 
-373.3192 96.23828 47.124462 41.598022 15.571581 22.95994 -13.55147 9.988087 -1.2817312 2.586023 -25.097305 10.228664 -16.232908 2.099029 -7.2863083 -3.7277358 -3.463351 4.2367406 -18.18687 7.480617 
-337.89514 137.22704 29.90649 54.320953 11.062112 -0.76593804 -14.575529 7.505884 -11.788004 -1.4851997 -14.79932 8.0350685 -11.207752 -0.9099794 -1.2279515 -12.860484 -1.1199323 -4.9264092 -8.159939 5.235595 
-311.7262 115.34891 28.3317 38.06932 -18.917946 5.7786684 -7.548354 19.012943 -18.316269 21.155766 -12.793641 15.176847 -7.780609 -3.3904555 -12.561103 -7.9585757 -5.62152 0.14070871 -11.369717 9.865209 
-347.2955 183.40189 4.1596355 23.721838 -3.7823215 -7.4184775 -5.8557653 9.064612 -15.775432 9.241876 4.840482 13.977851 -14.3039465 5.561041 -8.903899 -15.143182 -1.6878072 -1.1623056 -9.746907 0.93605447 
-377.8065 153.32135 15.32212 66.70395 28.661293 -5.263999 -15.490424 -7.7059426 -18.368172 -3.7706783 -6.9849906 5.8294044 -12.108715 6.4797096 -6.447866 -10.293393 -1.5985519 1.7608874 -2.651577 -3.389526 
-315.56033 31.769096 69.31731 55.709602 13.129102 23.063494 -23.460758 0.7882301 -9.009167 -1.1775602 -20.845154 12.249819 -15.941311 12.648893 -4.0032663 -4.007064 1.6203548 2.237784 -10.413532 2.8252265 
-362.4287 113.63812 34.504017 70.623215 27.933586 -2.2487097 -7.609267 13.809716 -26.816242 -10.480993 -19.487349 -0.14249843 -18.827248 -4.1723185 -5.6157665 0.65615815 -6.0449343 -0.55585074 -4.347588 -2.415895 
-295.8455 108.15327 22.040236 26.242994 -3.9707325 4.3943467 -16.674232 12.102829 -17.858639 5.219614 -8.285127 15.6959095 -12.40137 2.491163 -9.933495 -6.883367 -9.453581 6.493695 -15.948505 2.225593 
-373.89194 159.69096 28.519999 36.98533 2.9713604 12.309938 -10.172745 1.13347 -15.991056 2.5344243 -3.960506 3.087123 -21.60507 3.9314241 -5.7932086 -10.025757 -1.6235082 -2.752603 -8.455915 5.717615 
-299.63287 32.34319 26.454609 40.944096 -2.9911554 23.81568 -14.894994 29.543327 -22.637365 23.898018 -26.39484 15.667324 -18.018614 -7.1676483 -6.6810236 2.9314175 -8.548511 4.8122873 -8.2911825 7.8235526 
-370.33282 160.25433 37.31169 35.15302 6.2282467 7.9982333 -18.729252 4.0144854 -31.431175 -0.87799007 -7.963803 0.9449927 -10.231766 -6.6427474 -7.790052 -1.5620036 -4.1439953 3.3842535 -9.106562 0.5804761 
-356.85544 149.20634 1.644204 39.35205 3.7037218 -8.357849 -17.429369 -1.8587322 -11.475174 11.330167 -0.36273277 17.150452 -14.620623 1.848444 -0.43767208 -13.236256 -9.361893 1.2380518 -7.4967856 -3.528044 
-382.44974 129.43129 56.372356 47.33576 2.0646982 19.935268 -1.7198483 -6.4995313 -20.915752 -4.863383 -26.90626 11.03164 -15.017988 -3.9956725 2.8850684 -5.664526 -3.989939 1.550406 -14.216074 4.6935596 
-391.5357 141.2064 32.456802 61.610603 25.606468 3.6470015 -1.6049377 -0.30391556 -7.7012577 -12.846161 -12.028211 -0.43309566 -21.503576 -2.3276198 -4.394018 -8.234534 -3.518071 -3.0044873 -6.4152894 3.1321697 
-394.4391 141.46309 16.197449 28.146885 5.640234 9.786275 -3.9859738 9.582691 -9.6685505 -0.017404398 1.4475214 10.810284 -10.108789 0.4848147 -5.1763053 -5.7549405 -5.1733494 -0.89309144 -5.599178 3.6968668 
-350.21765 172.02217 8.194958 57.26477 8.664108 -30.496695 0.06131808 10.594776 -25.641098 -11.269814 -4.8494782 4.0695176 -7.4752493 -5.750545 4.442654 -7.183085 -5.4227953 -5.2878623 -2.0024223 -7.1311536 
-312.62805 104.11386 34.157536 46.77963 -9.924582 6.910803 -17.716331 15.375861 -13.947659 12.224629 -13.816272 21.893473 -11.044239 -7.456072 -2.6792204 -12.143638 -10.021494 -1.0705438 -12.603011 5.4526553 
-318.24057 106.063805 54.074615 18.403025 -15.833805 11.323118 -10.184266 6.5395722 -9.459101 3.837908 -11.500763 19.541603 -9.346176 5.2171845 -7.645567 -5.770567 -8.101828 -2.776312 -12.099823 6.027662 
-365.87006 152.38046 27.396263 43.474136 11.20724 0.8575004 -8.969344 4.1918817 -26.735142 -1.595949 1.1384499 15.487883 -14.715084 4.818922 -3.3509333 -6.2215743 -8.609598 -3.097686 -13.087326 1.0267863 
-355.5453 160.85162 -5.6451936 43.94316 22.5272 -15.1137495 -23.619465 4.6862435 -18.41589 8.55161 0.59139717 17.086294 -10.411297 -0.10114532 -5.1581054 -11.334042 -5.140852 0.5862473 -9.944491 -6.1268573 
-378.6589 128.89703 11.772653 36.09018 -2.9056075 22.6636 1.5998917 19.357038 -21.263329 6.5171614 -9.624973 11.515583 -8.256891 -4.6034603 -4.045959 -11.464349 -8.415539 5.0548267 -9.055706 5.396598 
-400.44885 143.70856 26.551012 23.62407 -19.61961 10.543913 -10.535758 17.07608 -6.800697 15.750225 -11.777332 20.453478 -7.7765274 -0.72976166 -1.8363285 -6.9317417 -5.342985 2.3825343 -14.930276 11.858502 
-391.11316 102.43917 14.862403 36.53131 13.21989 20.095293 -9.758283 6.2693977 -6.2496524 10.505146 -11.905149 18.738932 -7.038144 -4.0544434 1.7530376 2.3389075 -11.004136 8.1747465 -9.433739 9.900538 
-367.09756 150.83344 17.302246 40.58958 21.389265 3.1065192 -22.165491 2.2777307 -19.66139 8.079171 -7.172843 -0.6881447 -1.0518659 4.9047513 1.3157172 -5.230412 -7.267234 3.0946004 -7.352188 -0.034348592 
-322.766 119.27475 34.149868 52.806316 18.597795 8.798163 -9.879539 -0.42959887 -17.48201 4.1311893 -17.988892 -10.081127 -17.064314 2.0506926 -4.0719485 -10.606563 -5.911147 6.8442655 -5.862623 4.4616346 
-376.82773 161.51811 22.082075 50.28467 11.346331 0.033176105 -4.6188335 -12.468448 -18.609762 -2.0435889 -13.466594 -5.585851 -14.563317 -7.1479797 5.2580357 -6.9089246 -2.740713 6.959525 -2.9500716 1.7837328 
-344.10193 136.88322 27.730824 63.49138 19.450087 -6.286621 -5.0999613 -5.9220753 -37.864044 6.5026445 -22.348244 -3.857719 -13.518246 -3.3033478 1.0101881 -2.1298125 -1.9133478 7.0627737 -4.4043884 -3.7727518 
-270.0145 98.39713 37.126106 40.430996 10.4028015 -4.855826 -18.300724 -7.3034143 -20.993828 8.009644 -6.0276184 6.6927633 -9.618709 -1.1419048 -7.2170434 -10.335228 -10.008129 7.84768 -11.254741 4.2942014 
-338.09167 153.76398 32.82875 51.905815 7.7244406 -12.097221 -5.473563 -1.5741659 -38.874996 -4.3198543 -6.661066 11.459795 -4.595144 -6.723135 -0.51915234 -7.253345 -6.611651 3.02416 -4.906746 -9.311883 
-331.50998 175.5388 8.926419 39.221607 -1.0282512 -24.024813 -5.9830356 8.204277 -34.84787 3.9133174 -11.915807 17.296587 2.3059702 -4.373603 5.442276 -10.709842 -6.3618565 2.1133084 -5.0645585 -5.2982635 
-317.50128 101.16654 55.549194 36.74267 2.4964893 12.294721 -7.162651 -6.18698 -24.060297 -3.1997404 -24.119484 23.163582 -14.736956 0.05351432 1.409058 0.4458543 -5.355501 8.0958395 -8.714583 1.9978538 
-327.9389 154.50372 30.794329 37.341545 10.909403 -5.8206463 -12.3451805 -4.59818 -25.41005 -7.929062 -15.132073 8.10532 -13.170154 -2.9548795 2.744834 1.1356878 4.427168 1.3044215 -5.2942085 0.3885988 
-383.67688 150.8717 24.782562 40.890484 10.8663435 1.2816879 -1.8342917 0.6066224 -25.314165 -9.978448 -7.8337116 4.7258205 -6.1718426 -2.3655596 -3.138486 -7.226591 -1.3231349 5.8901105 -3.7402277 -6.025506 
-394.82047 170.75528 37.387253 49.75288 16.405499 -5.897722 -5.273986 -2.984506 -23.717003 -7.4759083 -4.640966 -1.4996508 -10.687879 -9.385679 -7.2831063 -8.70604 -9.440672 3.3028524 -6.5741587 -3.260664 
-370.64008 162.98566 21.797915 34.42278 -7.6270914 -5.089775 -5.3693256 -0.1528395 -24.285831 -2.899104 -0.51065266 10.894884 -6.405393 0.777968 -5.9232845 -9.895726 -1.7060543 0.6278398 -7.9222565 -0.98812634 
-359.19974 108.354355 64.635445 45.514473 -16.652845 16.471275 -3.8013546 -4.3672547 -12.198356 6.9444895 -24.19474 11.1598835 -8.711025 -2.0660777 0.1102656 -7.909829 -4.0956917 3.4385304 -10.968401 -1.4187022 
-327.994 98.798256 46.28023 49.08328 8.90406 17.988441 -11.703266 7.1452484 -25.173136 13.100171 -27.51312 -3.0302453 -10.836445 -1.8426054 0.6997193 -5.848576 -5.0190525 5.5194783 -6.627524 3.4975753 
-371.6428 143.31026 24.410652 53.14632 10.296351 0.5413704 12.669611 2.2354589 -8.0134735 -2.897005 -15.276337 -6.111343 -21.61537 -14.151055 -0.43421307 -5.307586 -11.764633 -2.7044528 -4.2296634 -0.27293375 
-399.90744 144.38353 22.13693 62.58115 6.725141 -4.690343 14.476198 5.839815 -13.062204 -1.6921966 -14.275624 -5.8777256 -26.659737 -15.363659 -4.1413903 -6.5635715 -7.4291635 -5.8034835 0.6951722 -2.246873 
-341.85297 110.72426 17.641592 83.94547 35.628765 -18.577438 -16.479128 18.94593 -24.679277 -9.130503 -30.595737 7.2646995 -15.001409 -16.072079 -1.3037415 2.2743123 -6.2685366 -5.8841267 -6.6524034 -1.3584365 
-332.54404 104.07694 32.382225 52.31461 2.1227736 3.3947177 -22.815294 7.038655 -20.736748 11.713616 -10.637394 16.113693 -9.643929 -5.812273 -5.483028 -5.6714706 -11.903513 4.7036815 -12.340699 2.8416605 
-364.42596 146.92793 20.868872 60.257523 26.607185 -11.268037 -7.2738385 11.199934 -32.37953 -2.7460425 -17.59829 -0.6053787 -12.339345 -14.126159 -2.1347628 -2.6054392 -9.325369 0.93834853 1.5134578 -7.6528025 
-365.8249 140.68329 16.552668 88.64908 36.886288 -21.385414 -1.3627298 12.789844 -17.98449 -14.956938 -14.887646 7.5900726 -23.146559 -12.123295 0.76097405 -7.401602 -8.575703 -3.8283277 -6.9604635 -1.9452809 
-328.66144 77.445305 43.867813 41.865322 9.887649 15.351559 -10.798218 2.1042566 -7.042107 2.4012592 -14.444451 14.454088 -21.567404 3.566062 3.3506129 -3.632398 0.5275695 7.3042965 -7.7734046 9.167783 
-311.3388 135.29303 14.830953 23.14061 -6.0494666 2.4853597 -5.379218 17.567589 -23.143435 13.596559 -3.4824822 15.82508 -21.251123 -5.523456 -14.60577 -4.151457 -8.153704 4.3088017 -12.165672 3.7552538 
-377.9069 137.5723 28.156525 36.732563 12.952171 -1.1893234 -2.8125567 13.3896675 -11.219662 0.25603157 -8.274608 12.289939 -16.436241 -9.445267 -3.2584028 -7.1287365 -6.947959 -1.0678502 -9.431986 5.483451 
-338.8014 155.01772 9.680776 38.37409 -5.435905 -1.6785325 -0.42482507 15.5639715 -26.614933 17.97409 16.686007 15.614029 -2.7664013 -9.229488 -9.42868 -2.707422 -6.533417 1.897355 -5.665424 4.712792 
-366.19318 148.32109 12.118659 72.52463 33.23602 -6.1204743 -12.558693 9.509805 -20.01871 -10.674632 -18.576591 19.711096 -9.304101 -3.7804003 6.1735744 1.913202 -0.72477454 5.988378 -1.867663 2.2214155 
-415.62192 123.68384 13.401516 49.857914 22.802303 16.959497 -14.735024 19.152733 -6.097215 2.6650052 -14.321415 9.268932 -8.691845 -5.830997 -2.4022768 -1.8319967 -3.1190252 5.4894404 -9.020993 1.6445289 
-425.74445 159.45735 21.55094 40.881313 30.31346 3.888607 -9.169812 3.1367135 -13.127692 -7.0174694 -8.772653 6.8316913 -4.7598104 -7.576584 -1.7204738 1.0363688 -6.364795 1.2560804 -1.5773275 -1.5167936 
-402.1971 122.904945 29.467207 28.033348 8.233363 14.070144 -12.368328 13.060178 -6.81556 6.6499853 -13.094432 11.49748 -6.162366 -11.642485 -4.037036 -1.8579025 -4.373653 0.71729046 -10.024085 7.744413 
-349.95862 170.48503 52.23429 51.67837 4.6687746 -26.36003 -13.421753 -13.399979 -20.336786 -3.4088736 -19.303242 9.183683 -11.449657 -12.858805 3.0673285 -5.3143406 -3.1606946 6.8612337 -10.576916 7.9500318 
-389.1532 142.70491 24.74986 54.696163 17.688368 2.8264287 -0.866542 17.61428 -12.532159 -4.969213 -16.758833 7.6707654 -27.45434 -4.8925714 -3.6927457 -10.057407 -9.87463 -7.6393642 -5.8550816 4.2551694 
-327.09848 82.42685 42.9919 42.197994 -3.555027 18.36931 -16.163006 8.766155 -18.347874 11.683219 -30.061485 8.496983 -17.527119 -2.5229104 0.62465477 -7.82975 -4.3839273 8.41804 -7.7871375 -1.6403508 
-357.9422 138.13503 6.964312 66.521454 22.28608 -14.428472 -11.014744 -11.640942 -22.436235 -9.396354 -23.163027 1.6260362 -8.03785 4.0922503 9.055431 2.7660167 -1.8078728 9.560897 -3.666898 -1.2955976 
-325.92014 76.32014 48.863937 57.47629 10.7990885 9.997231 -12.564785 2.1121821 -30.715416 8.617307 -36.93363 10.610241 -12.660519 2.76066 5.9054456 7.2471485 -12.573975 11.62434 -1.7881608 -3.6258566 
-363.81168 136.29044 23.771906 62.365852 25.40623 -0.6241631 -6.976775 5.9715557 -38.45705 0.17048483 -27.078844 0.14766905 -9.5120735 -2.0209875 4.1769648 -1.5180825 -6.515225 8.96392 -8.195944 -2.7446518 
-366.1739 147.08844 13.160643 76.36132 28.633615 -8.145613 -5.119308 -4.3232923 -19.24472 -5.13796 -13.544754 0.5379436 -17.290993 -0.1752544 2.149109 -10.651614 -7.25963 -1.1709628 -2.2497203 0.8189294 
-325.3897 167.51149 3.5521672 43.073452 -11.305851 -15.1704035 1.1677309 -3.336536 -12.528305 2.0596247 -1.78885 21.089836 -2.7013266 0.024683079 -6.1775885 -16.113527 -7.883485 -8.555088 -12.505799 5.98015 
-450.41882 178.70245 14.732697 24.414967 0.79298866 20.894989 -1.7237263 15.046095 -5.644318 8.39251 -6.3314786 -3.281293 -11.964236 -3.7473695 -10.751827 1.0214602 -5.5863495 -3.2332227 -2.4009504 1.8191528 
-460.99185 175.44293 11.163199 20.604942 3.843604 25.94523 -3.1410687 17.042593 -7.1442466 7.677899 -3.7757525 -4.0675554 -8.704573 -3.3065202 -7.336874 4.290776 -2.5097163 -1.1043288 -1.09656 3.8197353 
-449.15332 133.7252 20.565653 46.854485 9.514866 26.58653 -6.6617517 22.992952 -9.913298 10.720289 -10.145789 -0.27710834 -7.200387 -2.4964514 -4.9918814 3.485788 -4.5508094 0.24982089 -3.4201336 5.0303974 
-331.77692 125.68441 31.327644 45.57646 1.4708133 11.085363 -19.748674 1.7442868 -27.006569 14.667016 -14.852602 10.328999 -5.4507194 -2.9439285 -0.72481275 -8.952047 -3.0418057 8.486377 -9.246344 -0.040283103 
-333.68488 171.33942 31.27417 36.807625 -33.427147 -21.564459 5.421351 2.715203 -17.137424 13.095919 -18.691935 14.07208 3.3013208 -0.77646786 -0.138228 -7.2235117 0.073464446 -6.334764 -11.263916 3.28974 
-368.19788 91.34281 31.676493 61.701313 14.207546 6.715057 -6.7152615 11.968458 -9.919565 4.43123 -14.253283 9.775734 -11.062819 -1.715392 3.0040605 1.7889506 -2.4385495 4.706197 -9.050912 6.3762946 
-335.19128 147.12807 36.524918 25.208555 -16.818336 -4.991131 -10.084049 5.351517 -19.018867 11.760152 -14.951455 13.426113 -5.380379 3.4905272 -0.42250216 -0.9512203 -5.7918873 -1.8961095 -7.941669 6.960371 
-327.34387 90.87723 46.950424 58.15201 3.9474194 9.362232 -10.83935 16.840223 -23.346445 6.3144703 -28.187357 11.4536495 -16.492334 -17.505896 2.8754947 1.1374713 -6.5746045 3.2762985 -2.1723738 -3.6076076 
-399.7115 145.47365 43.578293 30.227257 8.477273 18.42456 -9.88497 9.836931 -20.192705 0.75313485 -16.837454 16.949318 -12.747343 0.46425772 8.4279 -6.6053104 0.6018715 4.243968 -13.0879345 0.22392829 
-434.92435 166.7679 56.827625 38.883118 11.020375 14.322381 -21.131039 5.1757355 -10.518288 -4.429879 -14.058589 3.229853 -9.594293 -8.142868 -2.6368659 -12.024864 -4.821018 -4.2757516 -9.154201 6.809021 
-319.9495 8.721155 61.28456 66.291336 -0.94331443 31.672977 -16.91712 28.33563 -5.6937275 10.775728 -37.201004 25.562332 -14.975257 -10.103734 -3.9008703 -4.2555146 -0.60490143 5.141426 -13.359112 16.079678 
-362.9093 125.46692 22.678164 63.64808 10.386578 5.126318 1.1435454 13.251551 -19.549206 10.217531 -11.5490885 11.162704 -7.5638485 -14.056159 -9.608843 -4.4186773 -13.856854 -2.6210213 -5.276713 2.3509667 
-392.7057 187.5263 36.90239 30.043144 -23.330498 -8.276149 -3.538177 9.714314 -8.491251 13.704688 -10.528102 4.9753857 -0.91334236 1.00868 -2.0111403 -6.17659 -3.7411337 -9.183905 -5.052111 -1.0021 
-322.5554 142.23637 -2.9481916 24.886766 6.366115 4.0540743 -25.252333 7.8607235 -7.566959 12.337782 -4.926955 10.9084425 -15.492413 9.897908 -4.7834015 -14.591802 -7.319502 4.9035983 -7.362914 5.2944846 
-380.29703 114.52426 9.180369 39.987003 5.980601 17.066267 -23.15319 15.414699 -2.7719939 11.246912 -13.8210945 12.281677 -11.640303 -3.3024826 -5.7465243 -8.199574 -7.4297233 1.3849264 -10.027635 9.195454 
-417.69193 118.93171 11.51665 40.576614 13.804238 20.315432 -9.310847 10.74205 -6.4998794 6.9301853 -17.560026 11.817222 -13.460146 -6.1524463 -2.6902297 -2.6007776 -8.138637 5.4975724 -11.455683 1.5303938 
-387.8678 131.91255 50.184246 47.776363 29.18709 10.548881 -14.168793 4.103945 -19.72332 -1.8909315 -19.522842 0.7285822 -19.874561 -1.4710793 -1.155034 -9.523718 -2.713649 -1.6244024 -11.02269 -0.14291863 
-379.39197 144.86806 22.27447 54.85112 21.43393 0.3917479 2.6997523 -13.374477 -26.348373 -4.0829115 -5.343325 -2.0178583 -16.790043 0.5216763 4.231197 -4.6826096 0.6576271 -1.6354926 -2.7098372 0.31914738 
-329.76303 72.88531 31.371758 26.028624 -1.3600144 14.864919 -6.8316464 11.552586 -5.59931 6.41136 -9.838639 17.677032 -22.997995 0.54544383 -8.089271 -3.445455 -9.858585 -0.26688704 -14.204207 3.1718283 
-361.61636 159.90863 29.53033 33.58491 14.319836 3.1756067 -4.937456 5.88717 -26.20413 -5.7137446 -6.4827886 7.713239 -22.789066 -6.315266 -9.307468 -6.694356 -6.8364425 0.6689344 -8.512869 -1.3459376 
-349.65262 150.67604 25.947433 48.853573 9.066732 -3.6216834 2.6956396 -11.0186205 -26.66577 0.76752156 -17.254715 -3.6498706 -22.549906 5.353897 8.10009 -3.7630823 -1.4523736 4.0880356 -8.951709 1.4620978 
-357.48227 72.80124 28.609545 59.650066 14.039366 13.66121 -19.504423 40.401672 -22.533941 3.7378583 -14.37167 6.2307916 -15.750225 -15.723526 -1.2675095 -0.95882225 -4.305004 1.7999052 -5.399846 6.740792 
-345.01675 60.987602 52.98431 55.712963 17.103367 16.206686 -13.622869 9.325522 -10.216788 1.2416813 -24.902594 9.144589 -14.204532 -4.3455954 -4.5882154 -0.9081245 1.1474177 1.9732988 -18.711956 6.272337 
-364.05374 148.25465 24.553507 43.123135 7.3430514 -2.921489 -5.170614 -6.8520846 -26.66677 -2.6629703 -1.7856017 16.593529 -4.319434 6.0704937 0.87729096 -5.673277 -0.27084145 3.1265855 -11.228794 -0.94487244 
-348.5213 159.34662 11.479424 63.94266 26.270382 -12.469347 -16.565474 -13.552024 -23.371988 6.4190125 1.3870659 3.9297664 -4.5530767 6.0747356 -1.6276408 -10.285988 -6.3053308 -3.631674 -11.095375 -3.0641806 
-391.99792 169.23355 16.336561 38.87936 0.9124477 4.6116705 -6.3543944 14.502014 -18.249245 8.137367 7.977239 3.0452962 -11.7558975 -5.2120166 -8.081277 -11.062022 -2.7266061 -2.3972654 -4.410621 2.809674 
-413.65823 154.78482 5.236893 63.47536 24.943419 -1.3983824 -0.3712652 17.10795 -11.22879 -11.506359 -10.687222 5.080539 -7.8509164 -6.7850986 -4.539653 2.135354 -1.658432 0.61376464 -0.4111591 6.560331 
-402.08887 132.30869 41.929516 28.945763 5.970223 18.811308 -4.3378778 13.057514 -7.9098816 2.2482655 -14.978319 -4.1023564 -17.502884 -5.9505215 -8.975794 -0.96352196 -8.006058 -1.5500638 -10.212908 7.8950357 
-338.3883 138.34555 25.609436 42.02232 17.435738 -2.5620475 -22.947563 1.4226882 -27.311016 10.494407 2.3115747 8.141948 -12.573106 -0.5229585 -13.465331 -7.611034 -14.514516 4.0320034 -11.639011 -1.7423227 
-373.33298 166.49718 37.36836 36.468544 -13.734433 -6.054342 -9.649914 -5.20938 -21.659817 4.020729 -6.205688 19.622799 -6.457289 1.2362914 -1.9933286 -9.800861 -2.754671 1.3437346 -12.153806 2.1137383 
-385.74155 157.40456 34.32646 49.987873 12.137506 -7.927765 -2.4377432 -3.095344 -28.47039 4.0633707 -11.689051 1.4180808 -6.2156925 0.82647586 -3.9671566 -1.3683039 0.0065749753 8.480373 -5.723966 0.92543125 
-374.06668 159.7494 11.623123 73.006226 23.111752 -3.4904692 -3.7479467 -14.992711 -31.992828 3.4324553 -10.568599 -0.9377861 -9.90707 2.6767025 9.320708 3.2850401 -1.5060081 3.65554 -0.81476456 -0.48341793 
-423.6242 167.86627 17.912916 49.918007 17.16233 10.864758 -0.6947915 -3.1345859 -16.69678 -4.4200287 -2.8165042 -4.6487417 -10.256947 1.1985568 4.51977 1.9133852 1.2332687 0.98889965 -4.188252 -0.08479794 
-462.68176 167.39015 20.75121 40.93068 12.303295 21.098557 5.1181707 12.395496 -1.2175375 0.43014663 -4.623737 -7.192277 -10.822261 -4.049507 -6.377847 -2.8665001 -4.6282053 -4.274214 0.4601065 2.3658571 
-373.1543 142.43643 10.986187 74.77603 27.930237 -7.103702 4.995384 6.923288 -14.500217 -9.344718 -12.224184 -7.232783 -13.670626 -7.737694 -2.9018235 -3.0100145 -1.2506701 -5.881362 -2.4399767 1.4818835 
-327.89307 21.341593 48.674393 49.51712 8.302236 24.264225 -7.958106 20.791336 -3.291278 7.495741 -22.013212 18.3027 -18.149504 -0.06401798 -1.3615199 -0.10033058 -5.1180325 1.2138853 -11.081273 11.365055 
-272.9948 1.906823 57.050518 75.70042 -1.0736747 10.2686 -12.97423 27.654005 -24.880005 7.4917536 -27.166609 21.885551 -19.896559 -2.5867245 -3.9158194 3.5258417 -14.693624 -3.9391775 -6.993266 6.1418295 
-312.2323 35.04364 62.253983 62.656487 11.415403 18.128462 -8.710573 11.764113 -10.023853 -1.9343286 -28.631239 11.455883 -16.877235 -12.193115 -6.2483034 0.25011668 -6.5172844 -1.7233368 -12.270908 2.6941946 
-371.79037 63.398987 62.666397 50.840534 18.146189 24.544218 -8.554836 15.307731 -7.7767596 10.38115 -28.088005 6.1959686 -17.680595 -0.6279962 -4.4405303 -4.785902 -7.219807 4.4145036 -13.420782 0.7624978 
-380.47757 128.76898 66.53223 33.21865 10.727039 14.331221 -10.492566 7.687639 -21.745653 5.9442973 -19.543756 4.3673587 -12.49683 -5.695408 -4.7159176 -1.2901505 -6.014673 0.5192683 -6.405654 1.2209581 
-356.87366 161.79883 48.38589 42.12578 -13.753554 -16.97581 -6.4625726 -6.2503796 -25.727768 7.284427 -16.862768 -2.9737706 -3.7985687 -0.27825165 5.7923856 -0.94754875 -2.2243397 2.9505718 -10.446058 2.3354712 
-375.40967 168.29114 18.20095 38.74903 -1.3598701 -1.9523708 -6.5360985 8.729398 -25.189013 5.083263 -1.5988045 10.080855 -5.216413 -7.2702813 -8.487232 -14.566631 -6.6756845 -2.1989598 -11.788873 2.5743027 
-394.6319 124.29389 17.66796 57.129898 29.131907 11.362539 -20.609264 7.4918537 -13.733049 -3.2904358 -16.955341 4.8375874 -17.680204 -2.9975781 3.2909496 -6.8578763 -0.45240054 -0.31259134 -3.2447658 -0.87503755 
-338.81177 134.02184 1.6404755 62.86436 21.683971 -18.303368 -14.666371 8.412264 -24.412886 -11.076427 -12.263007 16.118767 -9.278452 -1.7650796 -0.64560896 -1.6942209 2.9002554 -7.9966483 -4.895536 -2.2597215 
-376.564 176.86984 30.273586 19.217628 -48.267536 -9.325077 -7.2650614 13.638668 -4.1673565 12.3267975 -11.298977 17.004013 -2.9071755 2.8237057 -4.3707004 -20.919865 -2.1470942 -12.279911 -4.3580966 5.9167657 
-407.3596 178.11095 19.861944 50.0704 -7.3412104 7.4669952 6.8894815 -11.801038 -22.626335 -8.376868 -12.273291 10.056183 -1.3918637 0.014010694 -2.8838577 -6.62294 3.5408225 0.40967405 -8.108405 -2.2392378 
-387.1244 175.09796 8.197817 25.05308 -6.3069882 -6.413966 -2.5677743 16.372662 -14.625159 -0.40667862 1.9166703 15.388582 -13.634388 -0.78692156 -8.35132 -20.26295 1.945446 2.5743308 -8.081287 1.4435534 
-372.40692 138.82318 -1.712744 68.65715 22.133543 -14.117101 -2.2634234 13.780471 -19.704012 -5.615708 -11.661566 1.5765278 -14.28973 -12.267304 -0.34949577 -1.551274 -12.782304 -8.018929 -6.620831 -5.163767 
-347.0117 52.38341 42.64695 58.72419 17.141895 15.198086 -20.270992 30.610233 -17.59623 6.2321506 -26.011139 17.942575 -15.030348 -8.829053 -6.657858 -6.234287 -3.7258296 0.47844654 -17.778732 7.9246945 
-350.36716 128.01654 21.628736 17.942635 -3.0067618 2.4431262 -2.1833925 16.224998 -22.07862 5.6966524 -0.9921063 19.158075 -17.710583 -3.0143063 -15.661141 -4.422726 -11.164815 7.5505424 -15.018219 1.6549199 
-398.32312 135.8212 19.00451 28.007748 -24.354733 22.199797 0.29566097 19.289984 -17.609776 11.179909 -5.6042767 16.729256 -7.835166 -3.469484 -6.822369 -8.368762 -3.2361255 3.4303122 -6.6863785 11.172967 
-444.53912 111.870605 39.397312 31.45132 11.81028 22.395052 -13.041531 17.395712 -5.673149 9.859803 -14.909663 10.791772 -12.171106 7.3832803 -9.084695 5.86621 -7.4146214 5.2901974 -12.880589 9.00404 
-407.52332 158.18939 2.9645002 37.485027 15.746841 -0.46763992 -11.94141 9.4904585 -16.429205 10.521207 0.969004 11.152858 -10.365865 10.181162 -10.510987 -4.5590844 -10.412331 5.2469373 -6.8576884 3.4794054 
-385.76724 106.86082 25.75941 34.561646 2.9881845 21.106157 -2.9684892 9.14092 -2.454795 11.090201 -17.258274 5.6656003 -6.8541193 -8.901596 -6.8143587 8.070894 -14.77751 9.050804 -4.942983 5.5305405 
-389.8483 85.0822 29.474148 47.222164 9.780711 18.943201 -5.635976 7.428404 -3.0093882 10.67835 -20.120996 6.5884495 -5.48576 -6.421426 -7.4224353 9.6491995 -13.781557 11.272045 -7.769613 5.1037827 
-494.021 122.61467 32.609447 37.311264 21.665548 21.285923 3.406327 8.645746 1.0980924 4.556522 -0.24425393 -0.7082176 -9.319731 -8.708584 -5.975133 0.25822926 -4.812441 -0.44456393 -3.5613477 -3.721286 
