-348.05975 155.30238 17.465763 26.693905 -20.039268 -11.915958 4.4427133 -5.553217 -5.6221986 1.4238583 -20.543892 0.836518 -2.837882 -4.0259724 -2.6132975 -0.4082067 -15.381878 4.565195 -13.270321 -3.7833002 
-274.9657 134.66414 -11.448251 21.539398 0.3567274 1.4305853 4.4685245 -10.126672 -9.789952 -1.16495 -14.371545 1.791332 -6.825484 0.44594657 -6.006877 6.5596075 -16.486881 8.211379 -12.891208 -5.561693 
-205.71536 110.83803 -52.648697 23.745184 -6.2588024 20.103827 -12.8708105 -10.780994 9.422176 -9.591995 -6.941151 -7.4195557 1.4050153 -5.6135507 -10.48664 6.102698 -25.79331 22.294664 -17.752764 -7.9516068 
-253.1077 60.85873 13.08854 49.13029 -3.4420323 8.292168 -9.835119 4.982405 -32.09773 17.213865 -22.027693 3.9072757 -0.96896255 1.1858493 -14.606467 8.039131 -10.295995 6.2470913 -7.8978977 -6.737796 
-244.26384 121.779106 -34.000126 27.523159 0.72993493 14.550731 -13.02339 -2.4873974 -6.425816 1.2814682 -22.073357 -8.71191 8.10829 0.18837255 -4.8226323 2.750164 -18.545078 5.683602 -12.29228 -11.113792 
-270.0456 128.92462 -22.28483 26.780546 5.460557 18.939398 -4.054119 -13.295042 -7.8302875 -7.0604525 -9.56848 -7.688018 -5.302286 2.5979161 -5.3542857 1.94868 -20.162008 11.1686325 -19.348154 -2.0966616 
-287.7091 113.574066 0.77419704 47.36848 9.527057 3.012892 -14.460903 -16.050255 2.2034674 -16.293846 -24.366146 -1.3480666 0.83521295 7.4801145 -12.032336 8.532493 -15.290521 8.203545 -21.168724 6.6685376 
-276.7754 134.88983 -18.711031 16.341955 -14.087192 11.694405 -10.967212 -6.8294635 -12.692457 0.51987433 -17.731846 5.5662766 -9.119279 4.4704127 -12.228398 1.9215355 -18.593039 12.953104 -10.264631 0.3790014 
-255.88641 105.231316 20.82372 14.904918 -27.006004 13.866806 -11.653722 -7.5978317 -15.413945 8.445431 -24.626867 6.240394 -3.984387 -0.4544085 -10.126921 4.876442 -18.383469 7.971331 -11.340565 -0.16876285 
-258.008 131.40321 -16.405901 38.810467 -9.938165 3.0784004 -1.2052748 -28.757145 -16.80026 -7.316732 -18.326591 -1.2760755 -2.57687 2.4279172 -5.8152127 10.279096 -16.383875 11.6957655 -16.81032 -3.7630107 
-301.10495 125.30268 -5.6793666 56.271397 3.2907944 1.591185 -15.473463 -28.246574 -18.04933 -5.182554 -24.352064 -1.5645251 -3.121153 3.7868624 -0.052728016 7.52215 -13.398269 6.8348103 -13.162567 -6.0734553 
-304.098 110.16018 18.598154 37.126747 -10.980164 16.774845 -8.992381 -24.813856 -24.807344 0.010759301 -18.876976 2.1121356 -6.6649785 3.3998692 -0.18749608 7.7100973 -16.54297 6.1683517 -15.663349 -0.39854777 
-282.10022 137.85712 4.961485 39.47432 -4.5871234 -9.320512 -1.9025353 -14.406462 -26.00408 -4.7924247 -24.912012 3.817804 8.655273 1.3671355 -3.1915023 10.859532 -13.758036 6.2750754 -7.86551 -8.680058 
-242.00787 135.28065 -22.106028 53.540066 5.6203694 -16.971483 -16.947521 -30.475542 -16.525423 -10.583791 -32.615948 2.2765212 12.254604 0.7167033 -5.195329 8.129072 -8.025342 1.4142056 -7.752315 -5.744066 
-313.34167 135.88495 20.180168 39.133133 -26.132477 -7.336069 -3.7253978 -10.021908 -16.407127 0.1377617 -25.716162 2.4964898 2.8998637 5.078148 -1.7622783 4.8935113 -14.997938 -2.356022 -9.798373 -3.7566974 
-266.3366 69.42596 39.468624 17.593636 -18.616848 22.443464 -8.974801 -10.4404 -19.859882 1.4426273 -17.90879 3.7344017 -1.0729163 6.0669885 -10.766315 6.0871563 -18.286636 2.029006 -12.318354 -6.6271815 
-288.1724 125.98758 8.987219 28.140614 -15.047006 14.735672 -9.796561 -24.326488 -28.774498 4.1911554 -15.096992 7.907575 -3.961249 8.923825 3.0045338 3.174354 -16.308815 6.454655 -16.707504 -1.354326 
-277.9049 130.6319 -11.567048 23.56669 -38.370895 27.42863 14.332581 -9.813306 -8.66285 2.0693765 -26.641966 5.8663845 -11.123132 5.4038663 -18.086758 2.655833 -14.246575 9.759182 -5.008898 -5.5147457 
-300.3039 90.374725 26.541761 58.30808 -11.30966 15.9059515 -10.229152 -11.563762 -18.343506 12.718166 -25.118462 -2.9385505 -1.9174712 7.166091 -15.066886 9.681773 -9.751859 8.446419 -10.358192 -4.085761 
-316.02225 100.11191 31.290968 42.356613 7.6443286 13.403133 -27.736862 -6.6440396 -17.745687 -6.0714865 -26.741325 -8.562284 0.35195696 7.533881 -13.634744 1.7985916 -6.317872 11.821241 -14.924486 -6.640031 
-398.0076 116.63498 17.699598 38.449013 7.383267 13.324123 -8.45043 8.254016 -9.401234 10.943941 -24.052094 5.253834 -2.9941928 4.3137693 -9.002711 1.6762127 -12.449173 8.948375 -14.250198 -2.7134218 
-287.65497 30.525902 40.250553 66.672615 -18.898039 20.4915 -1.7478877 2.9012825 -14.229087 15.12059 -25.838898 3.4423842 -3.3712862 -8.094793 -17.174055 13.072971 -23.684456 9.013155 -3.2121258 -9.331478 
-235.74051 122.609604 -28.719387 26.036587 -10.203037 16.138298 -3.1573656 -7.8344216 -11.162652 1.4930155 -21.909075 6.4513073 -12.277511 0.33210087 -17.65952 1.4839044 -17.091722 13.977711 -9.781124 -0.9247407 
-251.5723 123.18724 -30.44962 22.78676 1.1639936 19.897242 -3.1642494 -8.083936 -11.667261 0.34983635 -10.803837 -5.8926616 -10.186595 5.845132 -9.823802 3.1526666 -21.74247 11.647712 -14.4379225 -0.18026072 
-252.68018 79.96025 -1.2337358 49.747734 -11.121131 13.029405 -13.481788 -10.983455 -3.247382 3.809661 -28.05779 3.4290292 -3.7977443 2.5756817 -15.775074 10.919113 -17.391764 1.2943052 -11.709223 -0.7781621 
-276.77795 109.287735 -19.060484 76.5041 -10.388161 -16.185242 5.979357 -19.056133 1.8386027 -9.295271 -26.795254 3.390798 -3.7089834 8.821008 -13.223736 15.890669 -22.236359 3.2916727 -14.47542 2.1403286 
-268.54153 105.8002 -6.786027 46.184002 -8.70399 12.214764 -0.5290502 -10.150188 -5.8189383 3.7254562 -20.994377 3.6266162 -4.5466347 4.13061 -18.182365 9.686376 -17.735018 6.9446898 -9.529736 -6.0803823 
-314.20416 116.001884 1.861421 46.83911 1.1227092 8.262255 -6.0413404 -13.446453 -11.559997 11.211071 -21.999683 3.4902048 -1.2063833 0.41361806 -11.419816 2.3899028 -12.717674 4.279001 -9.296306 -4.3581576 
-254.43707 69.882904 51.51386 6.7503552 4.3884945 17.240435 -17.298466 -9.931834 -25.991161 16.299126 -26.16311 4.442773 -3.0543847 -0.2688745 -5.7565584 6.2578635 -15.530064 6.1595716 -12.251347 -4.577303 
-280.28467 124.52155 1.1904521 58.950893 -9.337525 -7.96018 2.5677667 -15.999037 -10.996136 -7.694169 -34.590584 -1.1648047 0.114437476 9.172599 -3.91579 -0.31368387 -9.377007 -1.3195567 -12.504848 -2.602952 
-347.02618 112.39583 24.31544 62.23529 -7.9008484 4.021779 -1.3634892 -6.7237887 -12.99495 2.1607738 -21.182058 -1.4287295 -7.096011 -5.873104 -10.477883 4.542171 -16.587116 6.506677 -7.6115417 -6.475144 
-335.24133 143.82172 -15.309647 19.76494 -10.9163065 18.180336 2.8446226 -2.2716813 -14.137125 1.896295 -17.454979 3.628432 -13.632442 -5.160348 -8.969714 7.7102027 -13.845092 5.72083 -10.933064 -1.6175396 
-298.59192 136.42206 -16.988247 28.79206 -13.575731 23.191628 8.4878645 -10.809549 -13.877651 10.047502 -22.083609 0.08880583 -16.967194 1.4292706 -9.552328 9.640768 -15.657085 5.5599217 -9.870909 -2.8590078 
-275.13678 135.74068 -15.392239 30.348751 -1.0896627 8.422273 -5.2674766 -23.680262 -24.184433 -0.050588448 -26.172997 12.772259 -4.7157307 2.1665523 -2.3869913 0.548085 -15.813782 7.2921467 -11.594654 -4.158863 
-268.322 135.95718 -35.068466 26.965855 0.78862 13.540473 -3.0369334 -21.935705 1.8432549 10.694687 -26.601109 5.575469 -21.017149 2.1389277 -7.119556 2.0396762 -12.974438 7.589554 -5.9219 -3.585576 
-350.7854 146.72952 10.131695 44.072403 -14.846076 3.3443692 5.3666034 -9.932621 -22.398712 -1.1860296 -27.443027 0.6855772 -2.111668 7.751093 -3.8817368 3.83419 -8.445138 1.1458507 -6.255816 -5.671193 
-324.41058 131.43571 -2.737687 71.8778 0.26651192 -9.8981695 -8.935364 -14.420661 -17.491825 -6.3271146 -33.181156 -2.6731699 -2.0760949 1.2645084 -2.5082064 10.92514 -10.751491 7.008219 -7.970833 -4.799383 
-374.2313 123.747734 33.530792 32.049744 13.645187 5.1282377 -6.735784 -1.4389566 -14.791399 3.3098874 -17.375887 1.517302 -4.7471867 -0.26671073 -10.473687 7.6720624 -11.262735 7.9978485 -6.7550044 -0.5127252 
-317.73395 151.779 -20.52219 22.211914 -16.661724 22.615341 3.1090543 -1.6535554 -18.393063 -2.0341089 -20.123465 10.498265 -8.178671 -1.7981567 -5.6949024 5.645266 -13.8817005 18.866217 -10.3783655 -4.8868504 
-337.64322 141.54291 -7.9223022 23.545998 -7.39202 23.094847 -1.5433786 -0.650584 -8.5164585 2.8005812 -19.199814 -2.3517725 -10.161479 1.2237906 -7.8180203 5.5613256 -15.740709 8.674853 -11.723452 1.0902947 
-359.06873 148.55121 18.247187 34.36723 -21.652111 -4.6594896 3.1593661 -4.1302066 -9.078717 9.332818 -28.326286 2.4678137 -5.485836 4.2453585 -4.238731 4.395254 -13.041606 2.5038383 -16.527489 -9.514392 
-406.55756 128.94557 12.748147 35.98681 9.400982 16.455002 -6.535787 6.508014 -5.1495028 6.4995513 -20.493876 1.7232991 -4.7468967 -1.1933494 -6.7831054 1.8753908 -13.036029 8.314642 -8.255759 -5.5331144 
-351.49756 130.00304 -2.7414594 29.276146 11.104793 9.801223 -9.494198 3.9306395 -6.135786 -0.31302562 -19.174286 4.680262 -5.899041 -0.9805678 -11.871981 3.1721992 -16.40028 12.027592 -12.12655 -9.4658575 
-272.08237 141.01807 5.857402 17.577478 0.74330944 -4.810156 -11.867149 -13.664313 -19.723774 -1.663818 -28.157034 15.299262 -3.8995523 9.210741 -5.1117415 6.697603 -17.588173 4.956989 -16.606901 -10.005754 
-349.8777 153.15039 29.378988 22.224203 -22.234665 -9.116065 -9.917191 1.110537 -9.355169 8.887489 -19.312395 9.026382 -8.193248 6.2176247 -2.3659449 2.5561848 -8.436389 3.0680661 -13.413252 -5.906767 
-217.70654 119.083824 -38.412865 18.938265 -6.8032627 8.852747 -9.56459 0.010351817 -4.014593 10.512846 -23.77811 0.7617607 -7.155956 -0.6886545 -9.684437 -3.6249309 -17.37631 17.886133 -11.3882065 -9.435164 
-228.13623 131.55405 -15.468309 1.1326679 -9.484238 15.758416 -13.453462 -13.910675 -9.444769 7.064636 -15.6247 -4.6888676 -16.990662 8.096041 -2.9525707 -6.0889993 -28.157352 9.490036 -20.815874 -8.909365 
-271.90497 141.51006 14.407715 3.1357417 -3.0438616 6.704922 1.9982842 -15.868901 -27.951508 -5.239753 -15.450038 10.025396 -12.592526 -8.135689 -11.633855 0.87126964 -6.5822015 11.081318 -17.277617 -9.288716 
-314.55328 134.2718 13.674406 27.45073 12.1933365 -1.2045007 -15.61447 -14.917842 -15.605504 -1.1502725 -28.684343 3.6491673 -4.872991 -3.436319 -5.898942 5.7674274 -9.53039 0.6545096 -7.0825367 -4.3197308 
-306.99722 125.463585 -7.2141285 25.853945 -0.2994016 21.36051 -9.845673 -5.011385 -15.906108 3.160737 -23.966259 -4.2358446 -12.905401 3.644096 -13.370129 3.2519555 -12.854791 9.384228 -9.479491 -3.9120815 
-299.0962 91.351814 21.506382 50.40631 -7.3272095 8.306647 4.666292 -1.1740909 -19.513613 11.8062725 -30.187357 -12.975819 -5.280749 -2.6492565 -15.388799 11.309226 -10.489838 -0.03817325 -10.808986 -0.118213445 
-303.54608 115.97995 17.701935 39.946274 8.036673 -1.0340837 -9.241157 -8.409056 -13.691533 1.2400054 -23.73 1.8711575 -6.0101695 5.405625 -7.3174033 8.178297 -12.320204 6.1943655 -16.302498 -3.2131586 
-334.2889 120.48012 13.000362 47.69316 11.661411 -4.82079 -10.900083 -5.005614 -14.193983 0.73113275 -31.771532 1.9140148 -0.122911744 1.7910821 -5.448367 14.219649 -9.218207 3.7605379 -13.252941 -2.5862453 
-343.69785 135.06502 14.2941675 27.2801 -7.694336 10.497587 -3.4674747 -5.3968773 -21.687859 4.728884 -19.421194 3.3311632 -4.062044 1.2523296 -11.195591 5.7052402 -14.504403 0.76668805 -9.319545 -5.871498 
-336.8932 119.0968 36.816807 19.838621 -7.241917 10.791061 -6.1987762 2.0767407 -22.977104 4.9775033 -26.4745 -0.46385723 -2.8889868 0.29676014 -5.403631 9.952202 -14.728265 5.0226436 -11.022635 -3.395233 
-294.62128 87.19399 31.215847 27.342346 -17.810125 22.947714 7.8864627 -5.5344925 -30.140299 11.825459 -27.394648 7.9830375 7.2711563 3.0652843 -16.70677 12.160156 -15.992301 2.7215064 -5.3875136 -6.2537594 
-304.0462 157.19624 -10.919727 16.358332 -14.620753 13.873542 -12.428455 -2.1491067 -19.19802 11.079135 -22.167257 5.0632687 -11.113221 2.3360193 -6.015966 7.2436686 -21.916725 18.721493 -8.607516 -6.162876 
-355.08145 147.52235 4.582918 38.045525 -7.242336 8.01026 -5.0615115 -8.848305 -26.684832 -2.0619643 -19.597534 10.408199 -5.3729763 0.89646393 -3.464669 9.143791 -9.32653 9.803422 -17.477379 -5.05581 
-390.6924 138.33511 15.768989 39.793156 12.765354 9.654764 -7.224869 3.202301 -14.987183 1.2565788 -18.58436 -2.016282 -3.1735303 -1.4421232 -3.5860693 4.8086624 -14.159413 1.3921456 -11.937548 -0.069830894 
-348.21008 127.7967 -1.9377174 28.70918 -0.13250817 18.359089 -11.120605 3.5035086 -4.2149677 6.861282 -19.24593 -2.1951265 -7.4613953 -0.7872348 -9.687725 1.0367247 -8.393948 10.312912 -8.022279 -2.9606729 
-334.77075 106.973625 40.29881 38.02446 6.868043 16.834932 -23.630295 -1.4210753 -15.950119 -0.94703186 -20.73257 -12.833986 0.3051003 7.1285043 -4.7134876 1.8159379 -5.85997 10.166294 -10.514755 -4.0685177 
-359.8099 123.858604 18.49148 44.771286 6.936717 11.503937 -14.534053 1.5140005 -11.027701 0.38726956 -25.238152 -1.7825483 0.47225368 0.86732566 -7.9794083 3.3034737 -2.8078504 1.433974 -10.787905 -1.6101153 
-419.74597 128.8989 11.139416 40.8521 10.3499365 16.433725 -7.885549 13.660084 -13.030786 7.8504596 -16.87027 3.9380035 -1.9851028 1.2749957 -6.787676 6.3719506 -10.931011 4.363051 -10.311774 -1.1574997 
-294.26306 61.94536 34.31792 33.675125 -0.91360664 20.191668 -16.581125 -1.0189435 -14.438041 9.955225 -18.645088 3.1452165 6.04855 -0.74405944 -8.940599 11.325311 -15.743561 2.239317 -11.3601 -2.0877142 
-250.11523 125.117836 2.9515197 16.560686 -2.6163268 6.787779 -18.835896 -4.567614 -8.1267185 0.68873 -21.140715 -14.66502 3.5182898 3.4079852 -11.903204 -0.99367577 -11.779017 7.5447683 -14.924755 2.2712233 
-309.7598 146.8067 3.5234468 21.703949 11.4202 2.2448401 -19.37056 -4.5654383 -10.517158 6.734906 -20.926996 -4.8289795 -12.424383 1.5047338 -8.984874 5.1518903 -6.3474054 10.9822855 -10.745296 -12.543887 
-319.67468 135.23393 9.609642 29.778175 8.144391 3.4537568 -6.507575 -9.961966 -17.729172 1.787895 -27.253143 6.2509494 -5.440729 1.8155799 -4.698047 5.2209415 -14.72316 2.4689088 -8.3844 -5.2555957 
-330.6506 104.54642 39.223495 44.397896 0.46129322 15.748055 -27.887665 0.2072436 -15.17306 0.90590435 -27.701212 -6.8568764 1.448771 0.5110979 -13.282813 8.9783745 -9.3543625 12.31449 -20.530502 4.0355673 
-354.17557 131.26118 26.48191 52.90801 4.2904735 16.011984 -22.875898 -7.051785 -17.69065 -4.6110578 -21.73861 -15.207546 2.319774 1.4820871 -13.907079 12.273433 -9.58788 14.235209 -14.8538885 0.56554043 
-341.0099 152.30151 -5.377064 13.875095 -7.186671 20.793718 12.494999 2.9474173 -16.209953 5.691559 -22.234976 -4.545367 -7.644527 -8.168331 -15.146829 7.464386 -15.125919 6.6501894 -6.4469876 -3.618072 
-367.2578 143.93132 -0.48138535 30.392117 -14.612858 13.515345 2.5105317 6.4340234 -2.3011792 11.132984 -13.421272 -0.5905424 -6.572836 0.382435 -13.855756 4.0670834 -16.520264 12.001192 -8.651611 -0.6117651 
-416.3149 141.89096 13.487571 40.818787 11.115028 8.878996 -6.799941 7.3453116 -7.5976734 5.9331737 -15.760801 -2.3094797 -2.0662065 -0.7209974 -10.770115 2.9073477 -12.2093 6.1859407 -12.976879 -0.23174201 
-419.3348 129.68288 17.154608 31.574697 11.183156 13.052235 -6.7801247 10.856713 -12.117911 6.51933 -14.514548 0.7382034 -5.5805964 2.4225938 -9.30532 4.2953978 -11.560804 3.3953297 -8.656703 -3.2446887 
-424.88885 135.11388 13.749927 36.539303 12.633788 10.2182665 -5.990986 11.735388 -14.040642 4.8842144 -12.301952 -0.09964628 -7.277403 0.12391452 -10.631214 3.6247244 -12.444493 2.8117876 -11.134196 -5.22597 
-431.77274 139.32109 13.682118 38.0133 9.888489 12.765504 -5.687676 14.188498 -12.096884 9.224601 -12.342073 1.4790691 -6.331139 -1.5042133 -4.709768 7.118894 -9.037867 4.010617 -11.840612 -2.810458 
