-487.47083 103.17042 47.898514 48.201675 5.85425 27.845467 -8.133967 16.073967 -12.231806 8.979666 -11.331536 -3.7610686 -11.382912 -2.0037904 -9.144529 7.989214 -12.598863 3.8299952 -6.192514 0.21137097 
-389.90643 147.82338 25.546343 35.952286 -22.976782 0.2542093 7.8699484 -2.4247055 -20.171583 8.4999485 -6.288844 -0.80405164 5.8701725 -0.41221026 0.89842254 -3.8822098 -12.474091 -0.9308865 -5.8407807 -8.355808 
-386.38293 192.25026 42.050323 43.57457 -18.943144 -21.839264 6.3808203 -12.813564 -19.318785 -3.1833239 -9.199987 -9.45052 2.5376494 1.471043 9.151387 2.520835 -4.8041577 1.7415744 -7.3717794 -10.927131 
-296.95898 124.861115 19.008797 41.80534 -17.407118 10.775862 0.0061598886 -7.7332797 -44.751328 0.3110484 -14.469855 -2.6419802 3.131661 7.366221 1.3852476 0.96747375 -7.4824142 0.9018363 -0.99682766 -7.0486355 
-356.35706 171.80779 43.054234 51.6165 -18.130726 -8.578073 12.341055 -7.532571 -22.413494 3.14165 -23.247963 -7.4676557 -3.0890825 -3.455574 1.9800593 -2.0449162 -4.476867 1.3367049 -1.2242712 -2.9427762 
-425.67953 178.15265 48.58327 40.442417 -1.3876568 -3.3879406 17.817701 -6.2153983 -15.514936 -2.9426813 -23.733448 -10.707203 -0.24310276 -7.8113394 3.2836192 2.6536517 -7.3322544 -2.3587408 2.1962862 -6.2695003 
-532.51965 156.58643 31.27699 43.010586 7.1513815 14.9336195 1.8229327 17.517136 -19.62204 9.355409 -10.712073 -4.5517554 -9.387504 -1.7597704 -8.508717 6.343985 -5.256533 -0.16558462 -3.1851246 -1.284077 
-559.0457 165.01373 41.19361 49.0383 6.022783 20.439474 -1.6925569 10.704798 -10.782869 1.1028526 -6.889593 0.40947664 -12.369149 -3.5214355 -5.711066 2.6133904 -5.085841 0.9936712 -11.677905 1.5278939 
-371.56122 164.63976 30.819546 17.446255 2.082254 -3.967969 2.6531606 3.931112 -35.639816 3.1810443 -15.47188 -5.6495547 3.5018203 0.9268129 -2.6797483 6.285132 -6.38095 -0.3679844 0.84736884 -7.4196568 
-271.26505 98.41019 21.089716 49.134777 16.110691 3.2238133 -6.4324846 -5.023568 -24.963667 2.3315136 -12.825349 -1.6991422 -5.2365847 -0.33175713 -7.3231125 8.849639 -11.270051 4.573122 -4.004823 -7.044538 
-260.0817 144.83154 0.8166771 20.564392 -2.486059 9.310993 -3.8678572 -14.323256 -33.14198 17.99726 -4.572481 8.343953 -4.616685 -3.4366114 -2.5072463 -3.9234934 -18.043358 5.55193 -5.626204 -12.068021 
-288.13617 117.73507 -2.9774084 41.23562 -13.439743 9.84472 -14.454222 0.09000662 -31.557688 14.667713 2.1371431 1.4847322 -1.7074466 -0.86064285 -10.674809 2.6658914 -9.091662 11.834267 -2.3737323 -12.493163 
-403.41772 147.13853 9.997184 57.742874 15.431621 6.549157 -16.782839 -11.013576 -22.465208 1.2644651 -12.368833 -16.30197 1.3651376 1.7923499 -3.07185 1.7433649 -5.307578 4.0224156 -4.745724 -13.243266 
-364.29605 98.0506 54.535225 30.847067 1.2700639 33.6086 -11.161302 -0.011104967 -33.807083 12.299733 -17.76847 -3.8983967 -13.737528 7.5153713 -3.6713245 9.135176 -15.522036 5.3773355 -0.65699977 -5.4418893 
-298.07324 132.13387 -6.0171204 43.752716 -14.168869 9.297523 -0.32890743 -18.340273 -39.399357 19.589092 -8.619587 5.528961 4.3558106 0.6820407 2.0855138 0.024664005 -16.209864 -7.0385933 -1.5063013 -11.719552 
-402.21936 111.87135 56.423367 45.480774 -27.733818 7.90267 -14.888714 9.794673 -43.253746 13.45039 -16.990623 -14.936354 3.3187456 3.5699697 4.5912423 6.8056602 -2.2716413 2.6309917 -7.5121593 -6.5846615 
-553.25494 171.63864 49.492813 38.17786 7.5450244 16.010235 -3.2307901 13.089354 -14.880602 3.0234947 -12.671941 -8.141942 -4.734373 -11.348844 -4.4398837 1.6325457 -6.8896394 1.9845878 -4.000363 -3.1243482 
-355.51794 166.75159 9.991187 18.558182 -16.059998 9.355913 4.202525 -0.07679028 -31.18784 13.746941 -4.066703 4.933335 5.598272 -5.469507 -11.473318 0.41742575 -17.50789 -3.000744 -7.671558 -2.7026968 
-339.35114 127.35582 26.172838 27.269228 8.840572 24.960701 -11.292309 -16.772387 -29.08355 6.0765576 -15.072323 0.24324258 -9.555644 3.4863946 -1.5419248 5.2855964 -10.1465435 6.9250345 -3.3287807 -4.902978 
-272.87177 108.26967 5.217992 74.22955 23.635155 0.70137364 -12.998269 -12.061519 -33.789253 14.526437 -29.273808 -6.8739552 1.0741552 -2.4392989 -1.2382178 6.3521924 -10.349838 4.323553 -0.19483832 -12.497271 
-396.63214 109.09161 30.802464 58.86868 12.83275 23.315666 -19.939753 10.5654335 -32.38594 5.325386 -19.277473 -7.8690457 0.61867183 -0.45572668 -1.2661823 7.1453986 -7.4657645 9.035034 5.774103 -6.9131875 
-354.62122 88.17018 34.269787 58.176113 9.85802 18.608658 -25.952162 -12.212838 -36.13304 14.780018 -14.659108 -11.852423 -5.094643 5.073115 3.5142267 6.7818236 -11.243251 8.208702 0.35324192 -5.8503537 
-384.12268 157.24994 32.265854 42.026714 6.659913 10.917742 -5.093418 -16.978554 -31.15778 1.6558219 -3.562967 0.6647218 -11.756954 7.589269 5.1555257 3.602628 -7.074178 -3.2898042 -7.6885443 -13.23769 
-384.33502 130.53897 32.50898 31.364899 -12.346839 20.659916 -1.7174988 -1.5437821 -23.793673 1.5097772 -2.9566033 6.9627733 -0.8060733 -2.3022983 -8.253902 -0.2529574 -11.982186 1.1925583 -13.879508 -4.2872295 
-354.93323 175.23701 37.545906 34.313763 -31.426657 -8.340992 11.482612 -10.202777 -28.482012 -1.9907349 -10.410972 -4.932928 2.8645573 4.733289 -1.1644344 4.919209 -3.8477812 -1.2019784 -3.8101933 -11.972143 
-309.23376 37.019287 49.89283 51.653927 2.3654823 22.813843 -19.095879 -3.6102605 -26.461727 17.476677 -22.851608 -8.559992 -6.9024878 14.465761 -8.077143 1.774905 -10.068072 5.2489824 -3.4485235 -11.552421 
-307.15588 127.56387 15.487416 57.374153 8.020341 4.7496796 -2.0193365 -22.901693 -27.8419 18.781462 -18.40295 1.2652118 -4.1760573 8.0912 -3.263404 -0.7394761 -16.014805 -1.7536803 -6.6691647 -13.566306 
-415.93417 117.892 45.76888 58.296387 6.4648294 14.507032 -13.120732 5.4115796 -28.942457 4.728485 -24.0968 -1.546863 -8.846606 2.183983 -6.5302672 4.1889853 -7.665112 2.0489125 1.4522794 -2.9125044 
-364.1084 158.92136 -11.361373 52.280098 6.493063 -5.8547807 -9.1527605 -18.483694 -24.237234 13.474016 -1.5293661 -9.432189 -4.9248943 -5.5197735 -9.032518 -2.8217523 -9.487588 -1.723866 -4.306971 -9.996535 
-319.0443 152.1278 -22.407566 38.66616 1.6668292 -2.0157285 -18.678848 -21.278694 -10.550173 16.9464 3.2068043 -1.6648961 -4.1064467 6.574475 -7.5617414 -3.8134303 -14.140477 4.5490513 4.2402477 -11.432811 
-403.99393 121.59872 51.22243 55.451614 2.0348086 23.663742 -20.133614 -1.3165423 -36.019123 17.303616 -11.2861185 -19.329569 -14.968597 6.871346 -1.2240134 -1.0665054 -9.605713 3.5145128 1.6014745 -8.294296 
-459.84927 133.34586 2.4247649 44.267353 15.374449 24.270731 -4.209061 -4.6692348 -18.220438 26.502993 -8.823055 -11.541164 -8.278802 7.5670643 -3.0197709 1.9371703 -6.4721704 -5.968081 2.1695702 -4.733774 
-435.27673 91.10578 20.050234 59.284676 7.4057727 14.11304 -12.997433 20.11021 -19.025597 9.033254 -6.597314 -7.909384 -8.066918 4.497894 -7.306767 -0.29396367 -6.0081677 2.7506845 -5.583661 -3.748619 
-257.71277 111.82365 12.611468 31.354269 2.6971076 10.322298 -8.324875 1.0290034 -37.32905 1.1296084 -16.542206 6.384333 -8.095082 -7.775446 -5.161849 7.6446176 -11.157976 -2.749618 -6.748468 -3.998448 
-251.1116 146.92645 -32.656456 53.57754 18.630545 -19.128944 -5.3443375 -27.720142 -21.675032 10.454998 -17.030375 1.6779505 2.8939307 1.3166299 -1.5685179 -2.4564044 -14.174094 -2.1139593 -5.4008245 -15.094532 
-328.85757 142.68 18.829338 41.293114 -5.5520897 8.181308 -17.314548 -11.346813 -19.358042 11.038921 0.7457582 6.3854966 1.7990856 3.201959 -4.4333973 -3.7270596 -19.673817 -0.3074723 -3.3022864 -8.276339 
-366.15158 208.74503 -17.381002 12.180296 -7.281819 -4.304281 5.759592 -12.189235 -16.105228 9.859743 6.5141253 2.4254336 1.2539189 -8.883046 -2.937156 -4.8105946 -14.893655 -7.8282523 1.593594 -10.917693 
-418.5179 171.9386 21.120995 35.633858 0.6060906 0.87129754 0.5272826 -7.708798 -24.76917 -0.19830598 -8.581497 4.0997066 2.346958 0.593159 -3.5985668 7.587655 -13.525403 -1.8866844 -6.3253946 -16.103437 
-421.26453 83.72848 40.772865 84.622055 4.81915 3.4730089 -8.087896 11.614671 -24.530268 11.571088 -21.684666 0.38368374 -7.081409 -0.8636581 -12.42889 4.82897 -7.782877 4.798381 -8.251897 -9.51705 
-358.28314 175.27687 -17.907766 33.250744 -1.507609 9.166852 5.0602336 -20.440283 -22.592861 10.593807 4.3461432 7.2871194 -4.9293413 -2.6152067 -3.8955808 -6.5928326 -13.575249 -8.228329 -4.0728693 -11.396623 
-343.16052 67.03335 57.714546 35.215996 -1.3660276 34.703453 -21.2536 2.4992795 -26.049232 15.526669 -10.4298315 -6.846364 -13.805969 11.627002 -8.524802 0.09804317 -14.533051 3.7890978 -2.1898205 -5.959147 
-418.37628 110.40862 38.018436 82.94074 2.7141979 0.045420017 15.260775 -6.7104263 -20.31703 12.142895 -31.36753 -7.875931 -1.9172639 -8.275703 -17.368912 10.547897 -5.980722 1.6539811 -8.4268465 -5.359667 
-490.7018 135.85736 19.47973 52.477154 18.680515 18.231903 3.665549 -1.057349 -6.334303 9.758518 -13.195424 -8.374862 -4.810193 1.8338983 -10.771595 8.428657 -7.5567365 1.7894728 -7.3080273 -10.579829 
-496.8699 141.08926 14.439405 49.4832 13.259234 21.49738 -8.02398 3.4457119 -6.356775 9.355684 -13.262284 -4.734993 -3.1799905 -1.7601564 -10.286634 3.3810194 -5.6696854 -0.10414383 -5.078092 -9.49641 
-318.12537 88.929054 28.028008 73.83916 14.357136 1.7427235 -5.955454 -5.9658337 -29.456184 12.318647 -26.896152 -3.5952497 0.84006083 -4.604366 -19.394226 7.7419186 -10.161806 2.437266 -4.463593 -7.4011207 
-242.86642 171.83896 -39.199013 16.318703 2.8036673 -14.157145 -2.1979513 -27.384659 -20.308174 16.604683 2.859395 5.2802386 -3.0113673 -7.815717 -5.9893475 0.19589779 -17.981287 -0.8170348 5.3700085 -8.594153 
-407.83948 121.32072 16.331814 37.483086 2.9624493 9.784762 -5.079655 -1.7475696 -20.888313 21.848104 -7.685464 1.6456966 -11.884435 -6.3459997 -9.372252 6.758465 -9.373566 -2.5626338 3.849011 2.7121625 
-377.0088 183.53546 47.8513 51.485256 -23.969227 -24.902386 -0.3312182 -2.6876154 -47.179287 9.290093 -18.125517 -16.490444 -0.02872226 -2.8555892 6.199531 1.3582954 -3.3983483 3.0203288 -1.9303848 -8.17859 
-509.67926 204.31157 43.539474 42.60292 -12.503777 -13.697553 1.5146517 -0.234041 -15.197503 2.937598 -5.8208947 -12.963998 -2.4436269 -4.7054815 -0.0055070454 10.738489 -2.4199612 -4.493985 -6.685504 -9.212796 
-463.4038 164.0467 42.722927 20.177391 2.5438516 9.372828 7.1120434 -4.25863 -10.816966 1.090135 -12.93796 -0.84231025 0.8601211 -2.0675771 -1.6112962 8.325538 -6.60627 -6.5852103 0.056673475 -5.2542744 
-305.65375 128.04977 18.674133 52.50381 -6.685162 -3.6307652 -1.4691844 0.8534635 -23.295347 11.688892 -17.346075 14.024882 -14.09586 -9.781415 2.5180762 -2.4110594 -11.378563 2.666514 -6.407342 -7.6603184 
-368.31003 79.37141 35.736294 74.67809 10.190061 8.998057 -11.606589 2.0112932 -26.987976 11.393109 -18.760357 -9.878575 -7.5802817 2.82027 -9.518124 2.6699717 -17.04449 2.1431727 -6.4388814 -3.579204 
-352.30844 90.77365 37.062386 37.221962 8.794242 8.409984 -15.675869 -9.021053 -36.40436 8.5251255 -2.4654865 12.205054 -7.8362026 4.8829894 -3.811278 9.365124 -13.009338 -1.0948598 -15.403276 -4.407796 
-433.45084 75.49113 45.54747 46.939102 21.207373 14.778622 -9.612891 14.044198 -12.806771 9.281891 -17.460669 0.9610458 -14.9475975 4.090614 -11.902977 4.1020017 -9.801723 10.317961 -9.13055 3.9306483 
-319.0427 118.65028 42.940212 32.750088 -1.9823413 -7.3855057 0.4654116 6.4523206 -37.992752 9.215476 -24.439806 -4.194519 -7.462276 4.409871 -3.0003045 12.324407 -11.419127 1.3546404 -4.715606 -9.012644 
-389.0791 144.3755 21.057735 61.778633 11.3344 -10.051593 2.5095465 -6.0211215 -18.732906 -1.9890054 -26.512205 -8.48325 -4.738528 2.3749166 -9.339129 8.162057 -4.4297886 10.040897 -8.458105 -9.50929 
-336.42593 135.86377 30.897335 41.493965 -3.6518161 10.85464 -1.9066361 -4.844367 -39.032738 -2.855195 -14.992794 -4.7278314 -0.6439744 6.095066 -0.9444193 7.263877 -11.186707 5.9441614 -0.3788881 -6.364429 
-441.05807 131.98373 43.12465 47.420887 -1.4987997 9.637803 -0.44719929 2.5928752 -35.64899 -0.7435642 -9.133183 -1.7354311 -0.53022057 3.3501484 -6.878839 10.339863 -7.387163 1.9634933 -3.5513165 -4.1995883 
-421.70593 91.557884 56.037083 53.632748 -3.068981 16.643167 -16.72299 13.823465 -31.262102 9.020347 -14.489077 -6.3769755 -7.2603946 2.9498062 -11.894186 8.030834 -7.0381026 4.7528386 -11.3833475 -3.2341793 
-445.1077 106.52255 45.181572 64.43912 11.93922 5.1848946 -4.2868958 -0.3730032 -24.581175 12.218904 -20.400177 -6.2947645 -3.8689108 -0.4147449 -11.843827 10.3534355 -10.073527 6.3209257 -10.100956 -8.950156 
-475.71442 156.2228 22.061047 41.128616 14.839647 2.6405072 -8.752573 0.9503663 -11.621254 14.219562 -6.7743826 1.2723709 -6.781111 -2.6829393 -3.5792856 -2.6876242 -12.404009 4.6304584 -8.290112 -7.1376624 
-535.99976 148.04012 47.61006 35.156136 5.395885 22.692087 -5.073084 14.2210655 -8.600779 6.1627936 -9.935187 0.5841787 -7.832866 -6.0480747 -7.7668915 2.2407897 -11.663677 1.3518708 -8.15152 -0.40623748 
-551.5051 166.55547 40.10477 43.0166 11.226064 22.653965 -8.110499 12.1992035 -11.944627 4.008417 -12.51521 -0.83135265 -3.7412732 -7.2519007 -5.958015 7.67655 -7.317432 -0.44288433 -10.455835 -2.2082367 
-519.1222 146.75806 37.494736 52.7648 -6.2322617 15.949935 3.4630675 0.7183999 -3.9036877 6.3093905 -8.589312 11.182308 -6.6204615 -2.5200765 -13.498766 6.1925654 -7.019601 -2.8201232 -5.0371714 -5.9469805 
