-376.87592 173.78308 31.353617 47.92765 -11.408923 -25.577824 8.986872 -1.0918058 -32.83817 -5.6253815 -16.894037 5.803321 0.72480434 10.44912 0.12342359 -8.960551 -7.7533503 -0.08460084 -7.3525763 4.706219 
-407.46863 164.36198 18.083574 48.78388 0.4244622 8.703358 11.6516 -3.98903 -25.101616 0.9935356 -13.558252 3.3646545 -3.606848 -8.734817 -2.6868823 -2.9988415 -5.6440043 3.2827377 -6.4901137 -4.3512707 
-392.2468 147.84555 26.397392 34.42254 -0.6060561 -6.575136 3.588888 1.5830119 -26.489292 3.8336334 -22.446712 3.9337196 -8.204678 -5.918062 -5.6675606 0.33729854 -7.434132 0.37798035 -2.2430027 -2.4854314 
-328.921 152.89235 21.131474 48.61472 17.94304 -20.13323 5.3942456 -5.5384226 -47.16459 -4.5588965 -18.39055 -0.34761462 -5.696085 0.60025716 1.9494406 -1.9808451 -4.905825 7.008355 3.3858514 -11.142195 
-294.47443 55.300133 42.20233 64.01364 6.2442474 12.396259 -12.651747 0.5328616 -25.726902 10.401509 -32.633373 10.59499 -10.573632 -3.8060014 -0.45710838 -2.4354286 -8.691227 9.047501 -6.990875 -2.451905 
-303.76724 87.62534 30.383894 88.29338 27.55072 -14.878013 -22.888523 16.291025 -42.004814 -4.041749 -31.578138 5.6806545 -9.997458 -13.106772 -11.145392 -0.38413197 -13.871808 -1.222829 -2.1284475 -5.5485187 
-309.61646 68.17034 25.305107 78.231636 36.870796 -4.1350474 -31.478878 33.987938 -31.819498 3.094803 -32.99696 4.8612022 -9.153998 -8.669644 -10.396759 -3.336139 -5.959134 1.889253 -6.4177322 -3.2344544 
-310.3241 117.87448 40.12493 31.787096 -14.538793 -14.603688 -15.603932 16.756842 -44.267254 17.09094 -16.65284 17.119938 -10.879678 2.3403604 -6.280678 -10.075583 -3.2759664 -2.3862362 -7.93235 -1.3743403 
-282.06793 177.26897 -4.210253 24.742813 -15.49462 -28.408146 -5.5342765 2.3172503 -20.599455 18.66535 -0.5501656 17.500214 -16.322918 0.55166787 -4.501223 -22.708677 1.9861579 -0.43082395 -8.340895 6.4713564 
-316.7993 130.56082 29.743065 46.954155 8.850013 -3.3081684 -25.773655 0.2573895 -20.737377 11.01181 -9.087039 -6.1389256 -17.035969 8.885522 -1.6880145 -14.24224 -4.034733 3.5363991 -13.198011 2.108625 
-310.6905 93.86168 21.823788 64.281555 13.184707 -8.731976 -22.887907 2.7237735 -14.965532 6.79674 -22.60152 14.539001 -7.4231315 1.0909339 3.0812345 -7.532147 -0.52438885 8.490481 -18.582943 1.1066083 
-268.76855 118.79599 10.478779 20.936676 -11.670417 5.21545 -9.629571 9.816692 -23.542854 11.177808 -4.4807854 19.081043 -10.543838 -10.970462 -11.848435 -7.9507236 -7.5170536 5.670206 -14.293923 1.7696207 
-380.02295 145.55827 29.766832 46.252846 15.1478615 14.602864 -11.6308155 0.27414745 -26.86217 -9.226719 -6.5953813 6.006941 -18.46494 -10.794834 -3.7090878 -6.7671638 0.5370429 2.5755541 -8.163767 -3.389643 
-320.6734 106.934555 38.660603 60.95853 16.524773 6.6797013 -20.889303 -10.451796 -26.999477 -0.5359304 -21.988111 10.881687 -20.8246 7.785314 -0.8054192 -2.2407155 -4.2700124 9.136551 -14.625239 3.442729 
-386.2382 135.1037 21.49447 49.077797 19.539806 -1.4914303 -10.036803 13.577247 -17.48809 3.9436908 -21.090324 12.519609 -6.292021 -4.679728 0.17396875 0.9123692 -8.592368 4.025933 1.0168961 0.65730095 
-328.24503 190.35173 -16.947533 34.84035 0.6923672 -29.415653 -15.24697 1.5784312 -36.675117 9.295203 4.78243 15.809167 -6.493046 -5.0996437 -2.6920416 -12.665472 -18.427633 4.288558 -6.995167 -8.393149 
-296.20074 179.56808 3.6193645 27.49794 -40.893417 -32.986298 6.452142 1.4263735 -25.89856 25.911066 -28.487902 14.12514 4.814316 -23.087784 -6.764265 -11.3039875 -18.073053 -5.166851 -7.206278 0.045429945 
-333.14572 169.6394 7.5462666 36.167446 -26.678253 -10.966886 -1.9362979 -1.7217269 -22.38073 10.470135 -9.696539 9.849741 3.2765417 -14.363722 -6.1186824 -5.855566 -5.5610123 -3.9504213 -7.466532 -0.47888428 
-310.48718 99.34748 34.20107 49.25258 12.287862 5.3810525 -0.21298154 8.506356 -19.442266 14.896459 -21.088806 17.482693 -3.089302 -11.224984 -5.794246 -3.2974129 -10.433752 4.7721996 -3.689925 0.70876163 
-372.4656 152.00475 62.250298 37.69101 -5.812392 -3.7672625 -19.605524 11.676448 -25.344368 4.7558956 -28.801537 -2.544015 -9.433443 -9.669776 1.7536526 2.5293782 -6.7894583 7.8958793 -5.937913 -5.1984515 
-309.8856 147.71957 -8.671568 58.022522 37.481197 -26.737404 -14.117382 3.5996928 -48.2072 2.347174 -26.2781 8.020638 4.096266 -18.447742 10.720184 1.5770831 -15.28624 7.227026 -2.9227595 -8.862011 
-349.1345 135.9486 19.122744 27.164818 13.737951 6.446534 -12.908054 9.030962 -25.814175 -0.26952013 -18.624271 19.04737 -12.850952 -6.9311385 -1.2149816 -0.97612435 -2.300062 7.7136273 -4.1071725 0.6169348 
-303.4861 160.27563 1.8760829 32.002197 11.253179 -23.690538 -17.163897 13.263343 -35.477577 5.109236 -12.290371 15.2112665 -4.609776 -8.598467 5.277844 -6.0760484 -12.114399 11.169355 -3.3126297 -4.3892 
-263.62228 132.0836 1.8698881 29.345228 -9.624466 -14.936183 -16.09925 3.1361282 -27.89386 9.515408 -5.955357 21.099104 -11.385193 -1.6061497 -10.563191 -20.76471 6.4004507 9.553041 -11.423552 4.9302654 
-326.6323 86.383644 49.133423 57.468777 18.07134 7.266003 -16.766424 3.3481913 -16.419802 -2.2905731 -27.131174 3.0430362 -13.729217 8.94801 -5.5340447 -5.7161007 -1.7904044 8.002799 -13.115151 0.636873 
-360.694 148.17267 17.800964 75.25048 32.60588 -23.912016 -6.7647033 16.176105 -34.10622 -14.436127 -15.749767 6.2566013 -9.65254 -4.6127086 -4.0437984 3.6072252 -10.664248 1.7876009 -1.9977747 -3.6401172 
-322.84543 94.0882 16.144417 75.74673 28.974447 -10.583226 -21.341753 6.1242228 -32.283993 -1.3163939 -31.731222 8.862011 -9.259874 -5.5224123 3.8215344 -1.7114428 -6.3492527 4.721174 -10.837374 0.33697456 
-314.22864 59.32742 52.234806 72.19393 19.634453 11.8401165 -23.035324 4.366892 -19.882242 1.7108617 -31.564157 3.6357465 -12.630248 3.4884174 -4.3502364 -9.095222 -1.9531394 5.747774 -17.376015 -0.54372394 
-326.5163 124.10083 49.368587 35.42265 -5.4363637 -5.475873 -15.748923 9.3684845 -21.873178 7.4964304 -22.857208 9.878265 -16.056252 0.61161125 -2.0661764 2.597806 -10.319066 1.6845598 -10.647753 -5.1400757 
-311.60617 135.20705 23.556877 47.77574 -3.8122585 -1.6744465 -13.426793 5.188204 -34.67423 0.53906894 -8.516364 9.747591 -4.646581 7.3331475 -8.362063 0.79145235 -10.045727 2.3122542 -10.442006 -8.872979 
-347.94577 142.2558 20.61597 70.34312 20.127567 -14.607494 4.739897 5.117628 -41.73533 -8.023551 -24.668839 12.499048 -15.856866 -3.229455 -0.84782165 1.5364195 -5.5381107 1.5838008 -3.05213 -10.007291 
-378.41394 63.788322 75.15831 31.737068 17.71523 26.352835 -7.4914703 7.8003583 -3.9366298 -0.18314601 -18.4144 6.86891 -24.435787 7.6191006 -13.050945 -5.8382635 -8.162451 -0.4635962 -12.009861 -0.30202496 
-301.96582 122.32137 -2.0340173 65.942055 25.855795 -30.048862 -27.503838 -8.107731 -22.977453 -1.3423325 -14.480404 14.107984 -0.017076068 10.426041 -2.189518 -9.088159 -1.0999242 4.99097 -17.127922 -11.51592 
-371.37158 109.29557 6.186812 62.531292 23.50491 -1.6824099 -15.145238 12.589814 -13.602079 -10.807377 -16.796694 13.93919 -6.9207916 -5.128332 -3.9298418 -1.2496207 -0.980211 -1.1569123 -10.348653 -2.3638444 
-418.4637 125.041176 4.3243384 42.212723 11.298329 12.915547 -16.273304 18.661476 -4.973883 5.055648 -15.413657 10.093136 -16.12042 -3.1096997 -6.497947 -4.9949946 -4.6340237 1.8995073 -9.5175085 1.6994559 
-316.62857 114.26248 18.495169 61.200222 19.57946 -1.3060801 -24.35211 5.5330987 -35.760082 5.208727 -15.379787 9.736988 -17.126251 -5.707601 7.2725754 -2.7063851 0.961948 6.932829 -5.5800076 -4.8051553 
-315.13788 60.657635 38.54273 62.549248 12.574648 18.056032 -22.867365 23.022469 -36.918793 8.832791 -23.690233 11.511237 -9.214772 -1.1709894 0.30183417 -3.0778818 1.0072994 10.764341 -15.887373 1.1977634 
-363.9633 122.877686 5.4849815 84.64032 31.390066 -6.030348 -19.61479 16.318691 -25.601913 -11.111318 -23.714113 -0.9567104 -4.7462916 -9.006292 0.74409485 1.1084054 1.8569758 1.5374248 -9.525198 2.0939143 
-404.15442 152.22223 15.554993 79.660484 29.411594 -5.1607766 6.013861 8.116715 -17.963179 -14.853829 -10.4753685 -4.585024 -19.16375 -13.989001 1.093611 -0.7698505 -10.83193 -7.5669165 6.7278605 -6.8140593 
-362.7528 150.18591 -5.492381 88.25754 56.671837 -25.001928 -15.567673 14.599908 -24.875969 -17.076515 -30.094513 1.4350384 -3.9129639 -10.728922 -3.7916892 5.8140936 -3.4938745 -2.8659563 4.2110095 -8.630331 
-374.3598 112.665985 19.287214 67.659485 18.556736 7.9703336 -13.392899 16.203094 -29.294516 11.06274 -22.847921 -2.75918 -8.231937 2.9700587 0.48519093 -5.7176123 -0.61069095 4.635145 -5.349778 -8.490894 
-319.1527 106.66983 34.55571 47.25707 -3.4795885 8.399402 -20.903292 10.754747 -21.35096 18.2694 -17.05655 10.685847 -15.493042 -2.9549387 0.5175307 -12.08785 -10.824269 4.938819 -11.802819 -0.82063365 
-355.03622 80.63126 54.7364 49.085285 14.027297 19.05786 -11.510235 -2.5050611 -8.892628 2.4188836 -21.31235 4.0853767 -25.28893 5.8873897 -0.58499175 -9.661308 -5.77524 6.807398 -8.9729805 2.992502 
-396.6585 157.14728 18.419031 59.183212 26.447166 5.2120614 1.6979505 -3.5276594 -23.2878 -2.7064955 -15.020576 -11.250821 -21.307768 5.7410455 0.06848118 -12.369203 -6.6425533 7.3824973 -2.063032 -5.216902 
-462.77448 151.85158 19.291006 49.318825 18.660372 16.396364 -1.0620956 7.7758417 -8.316125 -1.4909017 -10.373274 -2.848762 -13.763824 0.32698914 2.1512804 -0.61481255 -7.3120737 3.55035 -6.4028187 -4.612138 
-345.62537 143.21626 4.306314 28.419073 14.636271 1.2743884 -22.646263 17.385735 -16.299438 0.7442219 3.211242 9.348617 -22.858355 7.541369 -4.9331727 -6.2722225 -6.82493 0.6235756 -5.0928707 -4.2408657 
-360.7187 146.30814 19.390997 49.03133 6.0482697 -5.9625382 -3.382327 8.994709 -24.45728 0.7212263 -3.5737724 21.929039 -13.517044 -9.678063 -10.177175 -17.627695 -8.736015 2.0147965 -6.370283 -7.3574405 
-358.847 119.03464 43.856842 50.629875 8.580223 7.9825583 -16.30363 11.671138 -17.681892 6.499136 -18.54873 5.5003157 -15.499446 2.288012 -2.2214766 -2.2448616 -6.1961594 -0.14257246 -11.315273 1.6961855 
-379.1501 157.073 33.196133 43.592834 4.915025 7.040391 5.3653755 -2.458457 -22.613352 4.6211033 -19.496328 0.431834 -20.644144 -3.4055042 -2.8943841 -0.36220422 -0.4886624 5.786598 -8.208229 -2.6974363 
-382.307 151.21304 11.317797 50.218945 13.261675 1.9514624 1.416351 0.9147024 -24.91204 2.780859 -12.236359 -6.072837 -20.780067 -0.48595524 1.0788869 -6.8009176 -3.4839773 1.8525615 -5.4392796 -4.9226537 
-302.60953 109.20246 12.774555 25.344456 -17.002602 3.1405766 1.5009322 16.477278 -12.397549 13.418095 3.1914272 18.527998 -25.128374 -3.827981 -17.724312 -14.494526 10.109486 8.491786 -11.741195 -1.1850439 
-348.3478 112.80763 42.836864 43.98845 -2.9411278 6.7344503 -13.919903 5.4537406 -27.925991 -0.6721839 -18.104374 19.989254 -7.1370163 8.350454 -4.511351 -0.809923 -4.520896 3.4348598 -13.913034 3.6304114 
-359.05014 72.09745 45.33551 77.6542 16.109612 8.082855 -9.552174 18.067593 -24.03025 -2.8350933 -27.193136 19.17582 -16.68587 -3.8332944 -3.046076 3.7248828 -4.3850274 -0.8285817 -9.228348 11.066071 
-388.23987 89.211815 62.53144 39.0938 14.377831 22.255955 -9.030935 9.672374 -7.937151 -2.7591138 -17.253881 10.190037 -22.079865 4.745515 -1.4407272 -1.6661981 -6.1051865 3.119175 -7.2990875 5.6984296 
-354.6374 138.02255 13.294292 58.554768 22.319166 -10.903227 -12.0588665 4.8490925 -15.363979 -5.5083704 -23.088097 4.2617393 -13.9303875 1.8499181 -4.989806 2.7167268 -2.0170102 11.731717 -5.1311226 -3.3907537 
-382.2349 148.37093 10.969064 61.735188 14.907598 2.6377203 -15.928029 -4.9384336 -15.936523 -6.781976 -17.67756 -0.1629511 -15.253506 4.8038845 5.9806724 -1.5355835 1.6036456 8.883599 -2.1526163 -1.6584077 
-315.32907 71.01913 41.286243 52.702847 15.284553 12.343335 -16.561577 6.9005084 -18.642313 6.9718814 -36.596134 13.875562 -11.360852 -0.20761946 4.6260395 -0.4942665 -7.8261175 9.57735 -3.7626584 -1.3105992 
-372.19376 137.57968 0.5986535 90.89072 44.603012 -26.864359 2.4105232 17.618462 -30.030338 -10.878277 -28.800941 -0.086634606 0.23799637 -22.123348 -5.0446534 11.26561 -14.217933 -4.7241845 2.9265456 -4.916084 
-438.65216 125.494804 8.560288 59.730545 20.037891 18.965197 -12.788369 18.152918 -5.772905 -0.6198962 -16.88029 13.545308 -12.244207 -1.5447116 -1.9681907 0.49039978 -4.2961545 -1.1161363 -11.899715 -2.5518832 
-458.40778 124.057335 13.530506 50.724693 14.11219 23.773085 -13.16534 18.973003 -8.483874 4.8760033 -14.108848 8.03673 -12.449695 -1.3958672 -1.9132317 -2.2825582 -0.8231715 1.7320498 -7.9114914 -2.9961603 
-333.68912 84.95129 35.341473 70.89825 12.991249 3.633592 -14.576423 13.871468 -27.344513 7.4742236 -26.70892 0.7597671 -8.425166 -0.693031 -9.195207 -4.6710224 -6.8634853 4.3121433 -12.347541 0.8636517 
-290.91046 131.39792 6.9829965 77.34848 34.187897 -27.216238 -17.500147 0.94726944 -30.604954 -0.35016143 -33.59628 0.58282167 -6.9710784 2.7378888 -0.6756238 -3.699361 1.1526704 10.923943 -0.30245462 -11.562184 
-349.87195 139.71489 7.5785437 78.16857 20.090567 -16.621016 -2.7102144 -2.714293 -26.351746 -11.597736 -18.166195 5.25245 -19.064127 -9.504245 6.6832657 -0.30417743 -3.1073165 1.1920024 6.689055 -3.51123 
-374.61264 155.43542 13.061397 75.41616 31.817528 -17.97405 -1.9873338 17.858082 -27.262423 -7.618054 -20.62436 -1.455688 -10.62666 -12.566183 -6.330053 1.2940568 -11.150954 -5.8377686 7.5958457 -9.302441 
-350.70447 142.55652 10.595751 75.62881 37.655224 -12.442635 -8.336934 -8.625367 -23.894829 -12.5734415 -21.446754 -0.69234025 -11.720094 0.7897117 5.61664 -5.257523 -1.9071295 6.627023 0.35203552 -6.3590207 
-365.43588 155.74431 18.820688 59.024094 17.854006 -3.8212132 -6.337421 -15.79582 -40.214825 -12.770798 -6.3121467 16.556877 -12.785025 -4.556867 13.56917 0.8922566 3.0229225 5.832239 -7.6419 -3.4966595 
-473.6488 143.47345 25.693335 35.59054 15.548733 23.075644 -6.7424955 15.579961 -14.4948225 3.8385136 -10.528119 0.4711983 -9.795 2.3233123 -1.9946055 8.378918 -6.257602 3.3759642 -6.0363483 1.147896 
-505.57336 164.14362 19.938866 35.99156 9.978141 28.112421 0.1274492 16.734243 -4.4702096 4.7980957 -11.363035 -0.96001506 -8.031725 -1.2060364 -9.1310625 9.2312565 -9.769161 -0.31847754 -3.2631502 3.9355164 
-490.1063 163.26584 18.739601 31.049913 10.373961 25.975975 -7.6504025 15.498195 -7.085528 1.7944341 -8.321147 -0.53436893 -11.169616 4.6341896 -8.918984 4.1829734 -9.633164 -0.7253164 -7.1112084 2.6076384 
-501.62933 159.05855 21.164257 35.326836 11.839733 27.06115 -4.072032 16.765205 -4.298948 7.7142215 -7.5795627 -1.4632115 -10.457859 2.2136593 -5.4243264 6.789152 -9.35734 -3.581143 -10.508314 0.34256998 
-454.17816 115.39298 35.501186 32.044567 14.312973 23.92428 -13.615576 17.962107 -7.7037005 2.533867 -6.4923267 8.216021 -6.777909 -2.9488173 -3.801395 2.583556 -3.5683534 -3.613842 -4.876291 2.2992308 
-302.57574 175.4377 42.98298 21.951212 -25.98893 -33.335293 -6.8632383 4.010676 -38.463993 1.0644041 -4.8668003 5.114575 -0.019733217 -0.4744517 -12.779072 -6.8762956 -4.4566708 2.0721397 -8.394254 3.3299484 
-379.76038 120.51015 30.333628 76.03237 9.162212 -7.310146 16.105618 -3.7983563 -8.815517 -5.7204356 -19.223854 13.5564 -23.632164 -10.726182 2.1985035 -7.7678995 -10.318665 -7.9963665 -1.9813951 3.8271985 
-348.6632 120.54349 25.491472 71.80618 27.94302 -6.6375637 -9.713131 -0.58840156 -33.285046 4.211811 -21.97909 1.8343358 -11.392286 5.0974617 -0.37908208 -5.6002107 -1.7098255 1.9963775 -7.037386 -5.863888 
-307.31647 112.6905 20.981728 41.54743 4.95453 -1.3828874 -28.751072 2.985959 -14.547662 13.585919 -8.812197 18.772451 -19.147594 6.6115484 4.1366177 -11.867345 -5.8333707 8.807156 -10.317785 1.5926148 
-367.4255 141.75331 39.307438 37.171055 12.345173 4.7038465 -10.3351555 6.9222455 -26.130304 -3.7673879 -9.718446 15.13483 -16.272837 0.5035312 -7.004157 -3.2490046 -8.996998 0.45537418 -18.669981 -1.0230654 
-338.34735 43.088142 64.48423 38.490986 11.081081 25.826017 -2.1158278 10.352046 -17.557737 13.96086 -29.897055 26.241177 -16.61231 -3.977926 -5.421014 5.391423 -11.214654 10.393292 -9.145222 -0.7811402 
-375.24628 169.11925 53.76297 32.4659 -2.055093 -14.804463 -14.510081 8.51086 -34.1984 5.6523566 -16.56076 11.422145 -4.8941064 -0.5156314 -6.4177365 4.6076865 -6.2249517 4.504499 -6.051582 -5.7266917 
-343.81754 179.03369 34.950222 35.217785 -40.855957 -28.166504 -6.815507 15.442524 -15.162408 14.566216 -11.980589 15.045183 2.8399577 -7.3285847 -6.206917 -9.777973 -14.053477 -5.05052 -6.923094 0.9110523 
-311.33997 154.15933 0.6084851 49.68682 9.949365 -19.58207 -13.668517 0.36870363 -29.435097 10.905759 -11.501684 8.58279 -4.0826664 3.3607562 -7.3244267 -9.401924 -7.2808514 5.077123 -7.8945293 -1.2758584 
-356.11237 130.8738 18.218155 74.90924 25.609829 -7.6119776 -11.914138 -0.1692045 -16.391481 -4.496958 -28.950405 0.09829998 -8.005829 -1.5539509 -4.304629 -2.879695 -3.1835475 -0.6485292 -11.986282 2.4408023 
-371.43228 133.38506 5.9412274 90.174286 35.062973 -18.808645 -15.3796425 1.87522 -19.174212 -17.544767 -28.102463 5.2935114 -8.469975 1.8881449 -5.3668346 0.96929234 6.511129 -2.1200838 -10.930805 8.994562 
-475.02512 148.47006 26.720152 39.75098 9.418823 20.842354 -5.553698 8.768408 -8.866675 1.6018072 -9.886817 0.1093146 -10.477741 4.9827814 -10.486287 2.770967 1.4240205 3.2509983 -9.164089 2.2658849 
-468.21204 138.79256 25.903694 44.137676 19.275484 20.472725 -4.0873904 16.921288 -4.4100666 -1.5057107 -10.686441 1.6935883 -10.082808 0.8116308 -5.998088 3.5687027 -4.0808406 -0.5675161 -4.2582173 6.4275517 
-395.44977 133.44951 24.777626 76.44731 21.541885 -11.613597 -0.9591706 10.73512 -18.164385 -6.8251143 -18.065783 4.045417 -13.814545 -9.378055 -4.0430784 2.1404452 -9.192976 -8.335684 -3.240786 4.2340417 
-450.57828 146.27972 10.6698265 49.58808 32.020565 7.4320536 -7.123471 14.053108 -11.824978 -2.235401 -12.038469 -1.4971889 -5.4004188 -1.1201873 -6.176939 6.8422756 -7.043421 2.6199305 -4.0292397 0.073910266 
-317.0434 96.98155 22.307272 79.08927 34.456924 -17.973116 -21.26345 5.542489 -22.253317 -11.0516615 -29.393715 8.430654 -13.581515 -5.2371345 -0.91849655 1.5211027 -3.4713664 -0.7917243 -6.111921 10.222243 
-322.02173 141.2725 8.869788 69.854164 34.269512 -15.502158 -16.858793 -0.9977451 -34.00164 -9.190762 -18.775646 0.023512099 -4.4885216 -4.921387 -3.168983 -0.24081278 0.7058292 2.0805886 -5.1922307 -1.8298116 
-312.81512 151.2889 9.828754 18.74739 -6.698943 -17.779585 -6.1640587 14.469616 -22.851337 1.4478097 -2.797034 20.345175 -3.7458649 1.4929236 -6.227631 -17.333672 0.10669387 6.107824 -11.546844 8.163361 
-306.4073 112.5062 19.72079 64.40576 13.64765 -1.3181354 -28.083641 -0.6365865 -20.330248 0.7866855 -24.289314 6.8746347 -6.7227197 7.5867505 -5.6489644 -7.906374 1.3298646 7.1311398 -14.260243 2.5422986 
-348.43152 80.36301 56.040676 59.42161 0.9476099 18.31271 -5.5873423 6.2436256 -34.422916 19.56003 -32.54918 7.235298 -7.526804 -3.001915 -1.492805 0.7119412 -11.200992 7.4508896 -7.500605 2.8382807 
-361.88022 163.79489 23.984821 62.873917 17.114958 -9.181218 -10.877013 -7.563624 -30.23428 -12.684938 -22.895899 8.395629 -6.9505224 -1.9550474 4.418088 -2.3969812 -1.8344655 7.104028 -6.755878 3.4533784 
-344.09232 58.542557 45.93048 69.50155 8.202233 21.07578 -16.597881 19.618513 -13.60056 -5.5779305 -29.898489 11.262686 -19.961239 -9.683183 0.635515 0.4737501 -2.213497 1.8589243 -13.146179 13.097884 
-403.282 124.58173 37.120544 56.67582 21.021568 24.773369 -22.192163 12.448596 -14.468741 4.313787 -23.888067 -5.5145073 -14.347377 0.15183973 -13.435208 -5.7012424 -0.014979495 4.515402 -15.108509 10.963474 
-321.57794 80.30713 38.666977 17.790735 -2.1416547 18.65516 -13.538215 13.280977 -7.6746655 11.252734 -9.81109 18.706038 -11.641132 -0.4836271 -12.37272 -2.3431864 -8.304811 5.973863 -15.116952 6.2604027 
-375.98642 171.10947 31.304073 26.515905 9.249864 6.126606 -5.17962 6.0713406 -18.643915 -3.0333765 -5.78628 -0.027337976 -12.614355 -8.345874 -14.313889 -3.8265386 -11.069088 0.577528 -2.9920447 -2.515974 
-322.19888 153.55814 29.576927 36.742844 -11.085417 0.94411427 -8.397188 -8.850558 -26.78718 -12.61345 -6.136224 16.121256 -18.52759 4.529548 -1.1368726 -11.895951 9.054204 1.2207686 -12.715885 4.9444146 
-325.97095 154.4943 -0.23614226 58.796066 8.724903 -21.342472 -21.398476 -2.899743 -24.80656 7.036498 -10.547916 12.5406 2.249164 -1.5660064 -6.9338293 -15.512804 -6.9052563 -2.136558 -11.163157 -7.4185324 
-379.58377 180.5019 0.19418526 41.570614 -6.233109 -8.501652 12.800823 5.122421 -8.80953 -1.7446041 -8.760801 8.946964 -3.2031963 -13.259849 -16.057764 -18.005348 -13.629287 1.6915967 -4.6046925 4.7485385 
-405.0502 192.6571 39.054733 35.56927 -25.194109 -21.103931 -16.033842 -1.5858413 -16.392145 13.003445 -0.37621674 0.7001293 1.9959874 -0.8392506 -4.641181 -6.67737 -0.03524209 -7.400539 -4.2595325 1.5914793 
-400.05435 175.06914 16.973019 37.525436 -4.703272 0.78570217 0.4035295 2.49663 -21.097692 -2.799161 -4.46406 5.495465 -8.851618 5.7702813 -8.466774 -11.895105 3.4918149 -1.4646323 -8.542702 3.0905766 
-388.87997 167.7409 6.1595793 44.774094 2.7880654 -4.818714 -6.6457744 -1.2952851 -26.9274 0.5681207 -9.560392 3.260147 -8.9423895 -0.7869572 -0.64599377 -2.9396799 -6.668379 7.651731 -8.951959 -0.8444677 
-359.51508 181.97903 25.987091 23.258308 -30.996094 -7.338903 9.434665 0.4059267 -10.250801 7.578264 -12.589595 13.740274 -2.5468926 -2.2776096 -2.6925938 -10.264615 -1.2570772 -6.758036 -4.7366114 5.171839 
-358.72253 162.284 17.454079 45.65438 18.542233 -10.907984 -4.9826007 -0.21736506 -17.082386 -17.951918 -18.992071 5.0551367 -16.472359 -2.1745505 7.3902183 -3.9104855 1.1801355 1.8735232 -7.087419 1.5404267 
-338.63794 73.7048 44.18171 64.19136 19.810034 18.027458 -20.144285 16.594776 -27.210918 2.2578104 -28.271332 4.7017117 -18.285519 2.5854564 2.2741203 -12.289349 1.555155 2.7762074 -9.289918 -5.277536 
-319.0921 119.92369 20.424135 37.23491 12.567032 -6.6057744 -28.403566 2.2386484 -18.090939 7.4138913 -4.3571124 10.375675 -11.275663 9.893278 -8.849774 -14.131505 -6.236094 -1.2930452 -11.512876 -0.33294344 
-369.4432 176.43045 -1.1886764 33.767506 2.5718634 -8.663628 -6.3737907 6.896106 -22.85841 4.1581964 13.381245 14.335301 -11.813415 -9.314806 -11.880029 -15.242486 -0.36610338 0.7834106 -11.134996 -2.3119783 
-422.287 187.5388 53.879097 41.5708 2.2427855 -5.641733 -13.125236 -5.5789986 -23.135618 -3.859375 -14.114531 -0.7915433 -12.569119 -6.4642797 1.671705 -3.989728 4.4806614 3.3257892 0.7662008 -2.0567534 
-341.77234 141.82585 9.928625 68.19347 17.86467 -1.0899937 -19.714108 7.4328713 -27.088047 -10.08329 -15.854126 -0.14611138 -19.693377 -2.606956 7.079102 -7.6501446 -2.9071317 -0.4004415 -4.264723 3.632891 
-377.71426 132.41418 18.094032 57.269436 10.112916 8.201824 0.69762915 18.342865 -13.825031 -1.8739946 -18.810316 0.54672515 -20.738348 -8.966561 1.0110589 -2.7522273 -6.0340834 -0.52584225 -0.5383163 -2.1556027 
-307.21045 39.511265 42.522594 66.121506 0.9861516 25.215229 -15.977681 7.3121176 -24.73651 13.62636 -27.957848 9.446608 -14.073569 -1.1832017 0.965859 -4.0406094 -5.027101 8.322939 -10.250295 -4.3672585 
-397.9032 123.43684 19.013847 50.527496 9.891177 13.793111 -19.862635 9.797963 -12.383392 2.2456932 -16.42676 11.890434 -8.852228 1.0602195 4.215172 -2.4132955 -3.3888593 4.700818 -9.923046 -2.0940485 
-403.3678 108.7755 3.5502386 46.296455 15.472615 16.602427 -15.577606 15.187415 -5.633495 5.664676 -14.011946 17.881714 -8.927026 1.4828607 1.642421 -3.3734274 -5.472664 6.7440677 -11.286394 0.17090513 
-426.71503 160.41093 29.514317 17.353935 13.650162 5.9640636 -1.0694069 10.377358 -8.294608 8.249263 -2.8267083 10.630168 -8.196432 -8.7591505 -12.85722 -5.3566623 -6.1312113 1.6223589 -8.300236 4.5806994 
-360.25485 185.22542 11.249371 46.15883 7.465671 -18.526033 0.16485745 -4.2202063 -25.291674 3.5038707 -6.6859746 9.194805 -6.6132903 0.35114664 -0.47582924 -5.0465894 -5.7035465 0.36552557 -4.989246 -3.1064558 
-370.47278 173.46007 10.965747 34.83376 3.0464385 -2.0472353 -4.2007327 2.711927 -22.447054 1.7899157 5.52094 9.097778 -18.244257 -8.471052 -12.439311 -9.619135 -2.3069892 0.19860029 -5.942325 0.10357814 
-415.4518 166.72665 41.86651 37.5775 1.3567269 5.1250467 4.3484173 0.5626993 -18.328327 -4.0594363 -15.0558605 -1.6187034 -15.501392 -5.0989494 -2.8225214 -7.3614783 -0.981205 0.7889364 -6.346104 0.89408183 
-371.8745 80.135345 56.221878 44.233746 7.512947 23.847326 -17.600563 21.087934 -34.158344 14.561573 -22.759926 3.3617795 -12.727854 -2.880779 -3.7991955 -2.5269089 -5.6246395 -2.1857271 -3.6630735 -0.7154466 
-319.9862 70.363846 31.848764 29.870487 -6.06625 20.281914 -19.295908 10.247918 -14.4768305 15.270421 -19.277628 17.083223 -18.325779 -4.6690736 -4.6518116 -10.152998 -7.0953827 6.9082837 -11.609061 2.2393458 
-423.66022 162.02327 15.069158 27.071571 5.6163898 10.888897 -7.6873226 11.9450035 -13.942475 8.671005 5.216769 6.536339 -15.065787 -9.108865 -11.24418 -3.4213479 -2.4051142 2.2913811 -5.0151258 -3.9306073 
-462.34528 152.2145 -2.5629823 39.4748 14.808428 30.431929 -10.837788 12.935839 1.4318137 3.878708 -8.314603 5.5616317 -9.549375 -1.6490657 -1.5710808 -8.712273 -7.722568 3.262405 -1.9687688 1.0615757 
-420.70383 180.47495 19.937513 25.981306 1.0760131 4.5880075 -2.2505484 3.4568503 -13.136448 -0.8998514 -1.4164605 9.706461 -3.7825046 -10.124699 -12.264886 -7.7737765 -8.766702 2.4960196 -8.143992 0.5544381 
-367.48514 165.74666 18.195045 38.66481 33.60182 -1.8284817 -6.129534 -4.651171 -32.229 -12.579922 -6.7614355 7.0461593 -15.53017 -2.8660576 -1.0972937 1.2542729 -4.5549417 2.568452 -3.7697856 -6.672042 
-418.4304 154.63145 22.230072 56.286873 23.055101 6.9012995 -4.2713833 11.559284 -10.019489 -0.7417782 -11.388747 -3.936729 -7.438299 -10.374193 -5.9242268 -3.7555132 -5.8439865 -0.754588 -4.2373 -3.4136453 
-332.828 174.99274 31.095598 46.248764 16.508694 -26.877512 -13.076506 -1.8580437 -30.427935 -8.914681 -13.647607 1.9517102 -6.001068 -11.799977 -0.21732418 -8.396064 -4.471894 1.0707849 -5.1703877 -2.9246433 
-294.6112 118.89681 15.510668 94.18742 22.309732 -36.96095 -10.4414 3.648657 -35.820484 -13.7765465 -24.171106 7.113061 -7.689065 -15.246948 2.4130929 -4.0412974 -5.929649 -3.4469795 -4.7757807 6.840395 
-302.86215 162.4892 -5.413172 52.775925 13.888431 -27.794111 -32.190567 -8.647923 -28.603245 17.512474 4.526025 0.9015331 -6.137555 4.6958838 -5.0483932 -15.946738 -8.551346 0.23586157 -6.3059254 -0.55630374 
-344.5869 81.77177 51.581894 59.107185 25.343773 -1.7531766 -20.307833 16.517374 -28.990866 -1.9737118 -16.63018 3.316991 -12.315502 -7.840632 -10.918832 1.3861642 -10.864677 -7.917538 -6.2213078 9.1155615 
-330.4939 93.38354 42.889656 39.087128 12.589764 10.999537 -25.77233 -2.6048384 -13.662336 -2.0979664 -10.216555 5.579192 -16.227926 4.4232965 4.3862023 -5.307429 -3.8875475 7.2162957 -6.220106 -0.97700185 
-337.558 160.21954 9.525228 24.046896 -1.5541267 0.8081108 -8.9772 9.866291 -23.886044 4.2565546 7.3142133 11.270501 -19.324669 -4.1212177 -14.164832 -3.8021507 -6.357261 1.4912281 -11.953323 0.27447128 
-406.66385 167.16301 24.012667 54.365963 22.434404 0.22547023 -13.829899 -13.089884 -24.120188 -15.131651 -6.6893115 0.8652089 -21.081682 -0.753238 8.069256 -5.2103443 3.147662 3.306133 -2.0758634 -3.1530168 
-350.58142 49.916874 67.303604 46.2598 6.5943503 30.155535 -12.962845 19.84127 -15.908637 -1.7228761 -20.86208 9.479502 -19.807264 1.9457182 -4.4696174 0.3503543 -7.885893 -1.819269 -9.04922 8.206241 
-331.00174 59.24597 27.566626 79.318184 8.929196 13.705514 -6.3406205 21.78155 -19.072628 11.744701 -27.621544 6.7097974 -7.3103614 -7.586753 -9.6417265 -0.094558135 -7.2267585 2.3106554 -9.854524 4.16549 
-397.98795 114.00802 46.35094 54.749992 9.929874 24.571009 -10.815716 10.45355 -35.040737 4.2039623 -21.138859 -0.022228492 -9.926243 0.92674893 -9.470852 2.2603083 -6.116958 -0.25171077 -8.601481 1.5738138 
-371.32593 141.48593 20.537788 52.029446 1.6975402 0.34964308 -25.615816 -1.0937037 -25.867016 3.5606375 1.1681476 11.386495 -10.624688 -0.6010896 -5.666035 -7.7614026 -14.179638 4.839398 -10.269521 -1.6080946 
-350.94833 124.88661 37.56469 51.106823 7.732522 4.5273094 -3.1649826 -6.9680767 -37.28384 -4.618881 -25.529135 15.568663 -8.487618 -3.3695288 5.437729 -4.8087726 -8.894509 13.671741 -5.611896 -1.652 
-312.75235 118.03486 33.227036 76.72543 29.943743 11.954017 -14.291916 8.864829 -22.554115 6.47718 -17.67642 -0.11573574 -0.033738002 6.3961396 5.851598 -2.6480584 0.6801064 12.198666 -2.6031196 -1.7241234 
-319.71167 70.41169 51.73841 71.489204 13.792113 20.318443 -14.629425 13.992471 -14.19923 -0.2364503 -27.184286 9.382349 -4.4218774 1.5590874 -1.6868663 -2.9032052 2.3815439 10.055897 -14.257958 6.8948793 
-286.92865 124.67948 23.244184 26.168636 -5.8996253 0.93125355 -12.036007 10.571497 -20.07341 3.409049 -3.598914 15.022724 -11.528922 -5.89527 -13.791414 -5.6524954 -5.2615137 5.766483 -9.776756 -0.0039915508 
-368.9319 153.17047 37.09126 42.772408 14.928373 9.51081 -6.903695 -6.7493124 -25.669071 -11.98447 -14.616957 4.0247483 -15.37658 -0.65133876 5.3182845 -4.420336 0.1816153 0.4860115 -5.8093653 1.539399 
-370.79022 135.22685 33.973526 61.029793 18.298962 7.630454 -17.999453 2.0479922 -9.048313 -9.04838 -29.676706 3.1831403 -6.569354 4.3854604 -4.5295887 -8.430358 -1.6828269 7.187695 -15.593584 -0.5220632 
-334.7435 41.714836 65.47326 52.81601 -0.13384798 34.28287 -16.561106 3.061657 -8.145857 9.136341 -31.359375 12.81158 -13.386352 -1.3109347 -4.355559 -2.531082 -4.2720127 10.8507395 -15.605501 10.633869 
-344.52478 84.63848 44.328335 64.30814 6.0019827 14.485975 -15.674282 6.834696 -17.979273 -0.6004556 -27.127678 10.901081 -19.055876 -3.3000455 -2.8408422 4.0711126 -6.6721697 3.5993 -7.595821 6.083493 
-344.70395 166.53375 11.337307 35.20146 5.9538746 -11.364958 -18.338264 1.2936949 -21.298002 6.754566 10.545864 11.206887 -13.479036 2.0105467 -8.498919 -11.393303 -11.913561 3.7890913 -7.8348737 -1.1550845 
-380.52194 169.61946 22.073769 32.36928 -19.312836 -7.3869452 0.52195656 9.474391 -7.0012193 7.195565 2.002749 9.446239 1.3866884 -3.9157524 -7.670311 -12.605905 -7.036991 1.8079965 -4.0474486 10.953171 
-402.8319 200.4175 28.38636 38.34774 -20.777172 -17.772026 -17.33331 -10.142201 -19.792812 2.854693 2.577228 8.0116825 1.4586906 7.7575192 -2.2980545 -5.3102336 2.4050329 2.5951395 -8.956347 7.366757 
-460.86902 167.32532 22.53577 44.502686 9.948748 18.148445 -4.936976 4.9988155 -12.189457 -3.954446 -4.6439023 1.5493134 -7.5893455 -0.66413075 -3.4326766 -5.5682445 -9.2634325 1.9404496 -10.97617 2.7265463 
-441.16077 155.69809 20.135382 41.582165 11.029271 12.698973 -9.019512 -3.1718452 -13.4917755 -5.7863245 -10.130997 -1.2217288 -10.179244 -1.4049536 5.843931 -3.9885674 -2.2319057 3.6539905 -4.9726167 2.246952 
-392.03455 110.59449 22.661968 30.66111 -2.693506 20.189562 2.3396282 14.499196 -2.3530803 14.806461 -19.079224 4.455782 -9.618592 -5.7588263 -8.163428 6.168579 -11.243258 11.643588 -8.465159 6.5388913 
-475.10922 162.74016 19.82322 27.88442 5.231179 27.247652 -6.986253 18.37624 -3.6697264 10.105117 -7.350291 1.8765929 -9.598299 0.4158973 -8.223688 2.9419692 -8.63211 3.307596 -8.261862 4.402727 
-486.2774 178.32004 10.966561 26.643187 3.7866309 28.463737 -5.2644954 16.852564 -2.5897284 3.81031 -2.451521 -0.78388417 -8.242098 -2.7005687 -4.731923 -0.547873 -9.762331 -2.7115524 -5.021057 0.4265942 
