-369.0229 135.04872 18.426317 23.581308 8.384033 18.59024 1.4946789 11.159168 -15.249647 6.533531 -10.382579 6.3891125 -9.82226 -0.040237427 -15.470559 4.7031865 -9.823856 4.2092323 -7.4559045 -2.578744 
-351.11896 133.59996 21.761774 35.41789 5.5904565 2.1389863 -2.993401 8.620641 -19.866423 7.093422 -9.679198 -0.9155744 -3.9216185 9.323375 -9.370711 3.0220444 -8.223635 -1.8871032 -8.052697 -2.984399 
-266.78656 131.67789 -36.227127 63.913208 28.300694 -16.397295 -2.403293 -25.961266 -32.770187 13.23063 -6.5255346 -9.138772 0.5490105 10.941373 -12.168982 -1.6576544 -5.0944977 -2.302496 -13.33762 -5.285281 
-373.98865 138.26286 0.8955544 54.26924 12.074022 -1.7594961 -4.144835 9.428966 -12.313772 8.045599 -13.056293 -1.8877436 -5.67066 3.6985664 -8.87954 -0.14168039 -9.58454 -2.7311854 -13.42046 -3.7279227 
-386.6173 131.95134 20.48175 38.027946 11.91492 14.976674 -4.5077276 14.61647 -8.346044 6.357546 -13.582536 -0.4988648 -10.417593 2.5063837 -12.375648 2.3583417 -11.676799 3.4572988 -7.894275 -3.4666626 
-305.58044 105.69058 30.194122 31.541077 8.701792 17.000044 -4.9934387 -1.8061261 -30.111887 10.0846 -4.7280374 -6.940082 -5.153515 0.80868286 -11.704247 9.692013 -8.583037 4.5951476 -8.694171 -4.8006287 
-278.88806 132.24182 -9.858812 67.01183 30.165257 -24.627106 -2.4892309 -6.421117 -31.301003 5.2734833 -8.452507 -5.733318 -0.053957514 2.3455472 -16.202597 1.8649191 -1.1066167 -1.1697019 -10.650761 -0.2285529 
-251.57587 134.2257 -3.138692 16.410917 -5.3799686 -0.80432445 2.1549122 -2.9317992 -36.10142 12.002926 1.9899096 6.443539 0.27146995 2.1000445 -16.553816 -5.6267877 -6.7958155 1.8708644 -9.995083 -4.9532986 
-249.94049 124.2388 -11.029954 50.06875 6.092169 0.9370935 -3.4104133 -15.187949 -34.76825 17.120705 -6.7548194 -13.745719 -2.4215555 11.948822 -9.702999 -4.7186728 -2.7546947 3.6233919 -9.969356 -0.43028665 
-275.32834 118.26421 -5.2026477 75.58795 20.018923 -26.208458 -7.329789 -2.3795106 -31.314291 5.9883776 -16.218502 -11.384817 10.708941 -0.72949344 -17.065893 9.565129 -1.5407515 -6.363244 -10.51365 -1.5626208 
-292.73108 131.41289 -3.8151028 51.477573 13.845837 -2.0635364 -0.101346545 -4.161283 -38.20493 5.9195333 -7.944097 -4.8996735 1.5104545 4.3296747 -13.219988 0.95714337 -3.6484706 0.8783744 -8.018111 -8.749394 
-309.69092 143.25961 -7.889901 52.92227 24.802338 -8.639335 -0.8147285 -6.5014524 -29.12476 7.8933725 -9.029543 -8.980603 2.7444875 1.075485 -11.696793 6.553324 -4.1274805 -1.6674359 -4.182708 -1.2185262 
-248.93918 124.98776 -11.015237 29.860413 13.951023 10.425044 -12.94592 -11.675642 -27.090405 14.803486 5.1931267 -2.92802 -2.4771686 6.6699123 -11.494466 -6.253694 -8.903961 -5.944172 -15.236884 -3.5477896 
-272.77228 141.51231 -11.712955 7.3583546 -3.4301422 8.705221 7.1138196 -2.4862158 -30.353645 9.982631 2.6420069 5.915908 3.8430977 -5.841414 -16.914623 6.327012 -10.505939 -1.9303415 -7.6661725 -5.691908 
-358.1107 126.41218 36.35869 31.340237 13.030284 3.2403097 -9.429882 6.237215 -14.105 3.5059593 -14.909466 2.24023 -7.258154 0.782737 -10.909084 7.4306006 -10.758501 6.2730255 -7.3985806 -2.0084748 
-327.50122 153.52994 13.130357 34.67125 21.925201 -0.27358633 -4.474484 1.1099234 -25.608723 1.4452415 -0.62459797 -2.7497816 -4.602791 9.027902 -5.9282184 0.725963 -10.562891 0.59588885 -9.836233 -4.3271995 
-232.35822 147.03502 -68.90116 16.062372 50.26884 -2.5543475 -16.057114 -5.823099 -23.802101 14.9497175 8.817653 -6.2601123 -5.9067883 6.2285976 -7.768051 -5.681566 -19.712452 -7.124297 -12.073567 -3.3849907 
-329.298 138.72348 -13.974949 27.312801 23.147938 10.923041 -12.810922 3.2647023 -13.339902 14.733909 -0.33168855 -2.3074007 -10.462774 1.2654533 -6.466059 -1.9578514 -12.973548 -2.5519137 -10.716678 -6.465755 
-355.7397 126.77506 13.668845 45.342834 9.009342 5.3762426 -1.3073659 7.9348044 -12.408158 6.7180457 -12.451937 -6.6612782 -6.0056415 -0.99858147 -12.396721 3.307529 -9.514957 -2.7892864 -6.369992 -3.605156 
-200.86111 115.87364 -21.344124 44.309036 28.888802 -21.298504 -13.279347 -8.207565 -22.518803 15.29953 -4.1587377 -4.270484 -1.1924082 4.2923565 -19.82759 0.3523994 -10.740039 -2.8784144 -7.4931445 -10.435321 
-247.28888 110.48878 24.969185 30.513214 7.6048636 8.716038 -27.26507 7.5687766 -36.88934 1.958529 -2.644946 -5.879193 -4.0728965 10.412537 -11.543093 2.1456375 -10.555101 -2.858359 -9.71188 -6.2775836 
-281.04727 113.27586 11.32228 49.449364 13.751929 10.072643 -22.129242 2.6679769 -31.598625 5.641789 -4.3483844 -10.313486 -4.359751 14.290661 -11.467379 -2.1858082 -0.25833294 1.5182884 -8.96689 -3.0500522 
-265.00656 130.7198 -21.587503 65.808304 38.5964 -27.001541 -12.0726 -0.9578916 -26.933813 1.2001572 -13.743848 -9.086577 10.119023 2.2315516 -11.98843 1.8064246 1.4820209 0.34659356 -13.343713 -5.3865595 
-277.7275 119.04678 4.9828854 44.21035 14.184333 8.131872 2.97123 -11.240557 -34.560837 5.990715 -2.987155 -6.4257364 -6.698311 8.424115 -9.246909 8.798753 1.9443389 0.5711535 -10.955007 -5.4859715 
-283.75473 52.8888 45.067734 53.678482 7.2214913 5.225608 -11.363972 19.430534 -20.876259 3.513001 -12.14365 -5.0829554 -6.9445696 8.184769 -15.931142 3.538001 -6.114312 1.948334 -9.540213 -0.9215442 
-329.2694 109.865074 14.811138 51.391468 23.145452 -5.692499 -8.142435 16.425968 -24.084307 -0.029583666 -15.719358 -6.6377645 -4.4936757 3.2675302 -13.123619 7.1723547 -4.8069806 -0.056570265 -12.173469 -1.0640635 
-344.29108 129.76578 14.002157 54.489555 12.69553 0.10793877 -2.8499172 -0.38423073 -19.297215 9.789348 -12.111042 -12.031198 -0.30015215 1.0808845 -11.198579 7.5552387 -8.8833685 -1.3232131 -3.6402104 -5.150227 
-301.44632 150.18332 -7.9579763 14.586821 -13.263984 -1.7856276 10.333972 7.2021823 -28.250998 15.804213 2.1645765 -0.938177 2.6832833 5.0317707 -18.404678 0.933726 -8.622695 -1.9439253 -10.627138 -4.0719447 
-235.8027 172.8208 -27.896746 10.533956 -10.016684 -31.292423 -1.76354 7.5441885 -32.188522 10.807125 16.311657 -7.5804815 1.4483116 6.0493226 -19.7757 -1.7505119 -11.068004 -8.214052 -5.7537265 -9.21364 
-261.34564 139.65918 -39.905495 40.573376 27.761461 -10.22681 -15.439573 3.9167569 -19.669691 14.077687 -1.4141853 -2.981234 0.9409914 4.9933205 -11.614694 -3.9360301 -5.267469 -6.201288 -12.970737 -3.6680183 
-282.8254 134.4689 -27.509052 46.02422 25.784054 -13.181603 -32.993675 8.669348 -22.793238 10.775131 -6.6232204 -0.6676288 -0.6929816 4.4368668 -18.676308 -1.9434972 -0.3625942 -2.8579285 -6.6205487 -5.0026083 
-304.6681 130.33235 -3.1154687 58.36226 26.339424 -7.7931876 -22.756207 6.032165 -32.432762 3.8848088 -14.483226 -11.539441 2.7089505 1.7025466 -12.035015 4.4065595 2.9871337 -6.3809814 -8.742165 -1.859482 
-269.682 142.69287 -43.27761 56.867958 29.648794 -21.456758 -22.863913 -9.506079 -33.67626 8.514708 -0.36215147 -5.8957205 10.014904 9.2743025 -9.92636 3.22639 2.0609496 -11.468539 -15.191308 -7.8744726 
-301.52066 166.14203 -30.014923 25.863224 21.727085 4.908511 -20.62527 -10.018523 -22.912504 15.880278 1.4398513 -4.9187427 -6.2445517 7.714739 -6.779232 -0.7433832 -4.224936 -2.1775827 -9.119818 -2.7090392 
-309.35522 143.29683 -8.823076 45.563503 32.282066 5.670985 -25.697035 -6.5796466 -21.630043 3.198037 -13.850716 -6.299006 1.3724704 8.644396 -2.9595826 1.7588458 -2.047751 4.5148087 -7.614341 -7.646269 
-289.6073 76.60612 28.640907 35.3862 9.909454 22.044537 -18.81948 0.104964785 -22.965723 7.3235006 -7.9670367 -7.4216666 -13.562487 7.518788 -12.953716 4.111069 -8.363032 2.581814 -7.519577 -2.2609637 
-302.8831 134.61017 -13.003701 52.803623 33.56151 -14.274285 -14.226811 4.179718 -19.46728 0.115430936 -12.7150345 -9.380056 -0.17260836 3.2644 -14.526112 2.0791242 -1.0081599 4.288687 -8.946785 -5.60205 
-263.69385 164.46968 -18.923958 40.66132 28.697035 -13.939786 -9.091406 -20.25527 -36.418655 2.688573 -5.9601636 -8.941031 2.3971708 4.222268 -5.4539447 11.503265 -7.5292444 -0.89759636 0.8887227 -3.3625166 
-331.09888 138.7945 24.355404 30.088762 7.737465 4.4453363 -8.719648 6.6477165 -25.37065 1.6184382 -5.9308133 -2.469716 -2.8518002 8.281547 -6.633559 9.071586 -5.1368732 0.036832836 -7.848982 -3.6455808 
-281.96902 103.967606 6.135366 34.51136 27.507267 3.490117 -33.909912 8.813446 -24.681871 14.603914 -8.337149 -5.8391137 -0.54403764 12.490605 -16.328726 2.3197105 -3.4785292 1.4925898 -14.6208105 -3.781299 
-272.99994 158.76128 -36.717373 9.199841 16.65397 4.5200696 -7.2142587 -1.3680718 -23.567266 14.084713 9.436818 8.330204 -8.590032 -0.27106035 -11.40723 0.19276184 -7.8692255 -1.0018643 -7.7610116 -2.0885851 
-273.91788 145.21194 -7.923184 30.33467 3.9700215 -2.9405744 8.111408 -1.3859876 -42.124046 4.103947 1.643247 0.27674028 -0.69891524 1.6484296 -20.561317 1.2166394 -0.9643135 0.84852535 -9.633073 -3.8396704 
-337.62067 138.19478 10.858427 35.019955 14.142578 8.655633 -13.85541 -3.2288282 -17.557512 8.268346 -8.112225 -4.5063834 -6.3589563 9.851442 -2.9986093 -0.7731512 -8.955302 3.4047778 -5.9514055 -1.154201 
-286.05896 107.01802 14.543669 48.16645 17.038982 19.809637 -24.204323 3.7542562 -27.665123 8.06559 -7.856369 -16.868235 -9.136378 18.856224 -15.821692 -0.65909314 -4.323455 4.152322 -9.2814455 -3.2159393 
-322.30502 123.74327 5.982037 48.40271 21.438974 4.935806 -10.502773 0.5006578 -16.431046 11.107644 -12.67569 -14.977831 -5.1172485 9.592266 -15.222499 -3.2805173 1.8624848 6.648997 -10.785986 -4.5005665 
-372.60666 126.65517 6.907658 38.486378 13.787067 21.734608 -8.748728 10.292177 -8.597532 12.086293 -13.913723 -5.3971734 -10.842942 4.0924277 -10.254941 6.0498486 -8.460186 0.8959533 -9.942996 -3.5804584 
-376.24536 149.42003 10.864734 39.11237 17.056091 12.123715 -6.1798086 7.9458585 -13.578664 -0.31643474 -7.401556 -0.7320852 -11.234374 -2.6544194 -2.678977 2.356412 -8.380167 1.116712 -9.786077 -6.660761 
-312.56042 150.12247 7.71835 40.909744 15.451896 0.31230122 5.905303 4.3089814 -30.248928 -5.0528793 -8.730951 -8.202967 -3.9961417 3.7372656 -5.2851095 0.8214052 -8.681366 -0.15883756 -9.662945 -6.843832 
-221.36176 159.01024 -39.419827 37.944107 40.43567 -15.578766 -12.451719 -14.751387 -42.043957 -1.5997714 -1.4046808 -9.389448 -0.63123196 3.1168299 -8.977588 0.018828286 -6.2551203 -4.724121 -9.104965 -6.8353505 
-211.08807 129.32333 -50.47868 47.484787 36.285366 -23.221533 -31.31754 -7.5875726 -20.853148 8.1530905 5.0926785 -8.470097 0.97197175 14.799296 -12.53083 -15.822552 -1.9213524 -1.5954356 -14.639928 -5.99778 
-257.62088 22.918785 42.060215 61.752094 -14.502869 19.077238 -12.094801 2.819642 -5.2884336 7.0546393 -12.871728 5.3117146 -14.023772 9.05923 -11.273527 2.139291 -4.269224 3.0679522 -15.57214 0.50317186 
-268.97562 87.2002 17.317574 44.80002 6.531716 15.311927 -16.630152 -6.5343075 -22.02871 7.4645452 -6.593318 -3.4490929 -14.177512 19.522146 -5.8593082 0.69861245 -7.9543056 4.0666256 -11.321589 -4.0338063 
-231.45226 103.66265 0.46445718 38.75014 25.163227 0.41241413 -24.06283 -4.4057007 -33.378586 16.107004 -0.34382343 -11.958964 -8.400433 19.896097 -16.268585 -5.8963156 -6.1496067 3.3543277 -13.468319 -4.017507 
-232.82147 79.80412 6.363247 63.266846 10.094902 -8.999495 -25.964312 0.094628125 -20.492111 8.084347 -14.12318 3.2191722 -3.3386393 6.9684134 -11.045945 -3.0892231 -3.6416898 4.793878 -12.988959 -5.430902 
-211.74774 99.788124 -9.301694 27.081022 -6.2444468 13.337856 -15.3097925 -10.353011 -29.485888 11.378625 8.762241 1.0652215 -6.4924116 7.6319437 -13.639525 -6.035548 -9.048224 1.7541016 -12.130399 -5.5354724 
-306.192 88.3937 30.792742 51.46788 1.0357894 17.46506 -17.850744 7.505345 -14.837574 4.9573183 -13.218578 -9.385651 -4.6921716 10.837252 -20.065844 -1.1801105 1.0170208 3.138556 -14.16067 -1.8185811 
-335.4832 138.75287 17.876036 35.65425 5.6018524 11.600067 -4.8158402 -1.4101603 -25.076212 -2.2502613 -4.9162292 -4.364455 -4.1908703 5.33821 -7.238485 3.5805974 -3.7537756 0.60515803 -12.470875 -8.73726 
-300.6222 141.08867 -8.816214 20.566816 15.738212 15.146367 -13.437007 -1.1181703 -27.528883 11.926113 -0.21176021 -9.130104 -2.9316673 9.119393 -4.858592 -0.28002658 -6.7090473 0.69506 -4.995966 -5.849377 
-302.82635 160.22208 -14.840678 21.5951 17.22793 6.848894 0.52823037 -7.8284116 -38.137882 2.9262626 5.391477 10.565593 -1.5387539 -3.3685925 -7.1475787 3.924403 -7.353665 -2.5417333 -7.507609 -10.118099 
-338.6082 146.33629 21.540422 28.197256 12.229907 3.0239496 -7.009587 5.669642 -20.948538 8.081977 1.8779311 -0.005475389 -5.920024 2.7484884 -5.86854 -1.0815234 -7.9454236 -1.8410492 -13.914371 -4.5366173 
-259.1996 171.89697 -25.320654 21.673887 -18.499657 -4.6045313 18.94822 1.7008126 -31.550602 13.624658 8.301834 -4.468439 2.9903252 0.37965998 -17.333696 -5.113077 -3.3579106 -5.9552026 -8.197742 -7.952351 
-363.05695 158.10478 18.341904 33.962627 -2.5490553 -5.7679358 -5.79793 8.316346 -10.17611 8.504727 -5.072104 -1.8378435 -2.1812358 4.0610447 -8.179234 1.6528912 -10.174497 -3.3839889 -8.112095 -0.7008287 
-388.32596 138.29913 16.14428 38.18787 11.87007 14.667725 -3.9646873 10.9331255 -8.272636 5.725688 -10.0209465 -1.7228065 -8.141949 -0.99923444 -6.2545643 5.59843 -9.926075 2.6619985 -5.397406 -3.2602437 
-372.20474 108.95526 35.24226 30.021568 10.563856 13.946428 -11.272358 19.143167 -10.483073 6.6694098 -12.171204 0.57740664 -9.198622 3.6659575 -11.486628 9.019963 -10.669948 3.4353235 -7.3481083 -4.932898 
-246.29169 75.963806 10.751253 74.36926 21.118288 -18.377357 -10.187944 19.248426 -40.867523 4.6225915 -13.943882 -10.40986 -3.4503958 3.5651712 -26.62838 3.0456116 -3.4351072 -2.5306954 -8.895826 -1.0448475 
-257.60992 82.3198 1.7817675 61.815212 34.413357 -15.78857 -22.65344 12.343748 -26.643164 0.7935087 -22.987562 -0.18823348 -8.058278 -0.08364868 -17.145342 7.1558056 -4.4150105 -5.5109897 -10.70939 -2.6750145 
-279.03113 154.63182 -8.780052 40.63781 20.603241 -16.041395 -4.332571 3.2928984 -32.767456 -5.2555676 -4.2376733 -0.12484953 8.28009 2.6881802 -10.304907 -2.7215805 -5.1697927 -4.1378016 -10.1030035 -6.7942176 
-298.40613 150.40796 -2.2454436 40.090424 17.065855 -3.6058404 -3.8201551 -0.6207894 -29.949045 9.563023 1.1299351 -0.3287853 -0.34240544 3.1968422 -13.673311 2.530421 -5.6413383 0.873074 -13.283272 -4.895934 
-288.45346 150.38153 -13.7903595 34.230618 26.142626 -1.7455542 -10.3998785 2.9773467 -26.786629 9.154161 8.423786 -7.047098 -7.4458942 14.501377 -4.322168 -9.438299 -5.8316884 -2.38469 -13.950805 -3.89775 
-255.77211 92.52928 20.69299 12.545444 8.244458 25.75031 -20.934807 7.8902173 -27.692673 11.86451 6.795634 -0.76830703 -9.00254 5.7502384 -14.512874 0.45487505 -10.106419 1.7109628 -14.343534 -1.9460477 
-325.8066 138.84338 13.465755 18.151497 12.980399 11.283044 -5.0747156 0.41635567 -30.570557 9.01065 6.5552464 2.3502557 -8.014217 3.4690437 -12.331484 4.025245 -7.708291 1.8747076 -13.318649 -2.1548357 
-363.32425 137.8741 35.835396 34.63008 12.715256 1.6919051 -9.390838 3.1322124 -15.860704 3.699496 -10.646047 -0.026649693 -7.413535 -0.48761934 -11.196706 6.3756375 -11.160335 3.1203496 -7.339459 -2.6477087 
-322.93954 120.73375 33.142014 33.209347 12.199062 16.062073 -20.103966 -0.3172156 -21.006111 5.2969146 -11.207499 -2.305543 -7.3423734 7.465688 -2.9013357 8.579056 -7.5503683 5.26931 -3.656784 -8.408096 
-269.66074 121.784966 -17.934254 56.543907 29.996773 -1.643573 -14.3548975 -4.916623 -28.48978 5.6202703 -4.0567555 -29.610355 -4.0036907 14.901506 -14.288204 -7.000849 2.4414918 4.5259724 -10.261503 -5.9137187 
-338.66312 122.35226 10.312849 43.017414 17.842049 6.4856834 -7.728548 1.9627124 -15.404593 5.2165265 -16.883385 -17.969795 -6.904011 7.8545074 -11.453637 -0.6158227 -0.7515122 4.7613854 -9.611335 -3.4764647 
-387.15027 129.10153 12.637689 39.356762 12.169171 15.756376 -9.741372 11.356952 -6.8520684 9.487807 -12.8744 -1.9503568 -8.74191 4.544737 -10.157757 1.8973298 -13.279238 2.0445845 -9.070352 -3.8447762 
-307.53458 120.0553 1.4156617 50.729507 16.391426 13.360578 -13.904702 -5.702273 -23.454712 9.362398 -7.462983 -15.993212 -7.7453003 15.862377 -11.0147295 -1.2535647 0.1940229 1.7289126 -7.911523 -5.0113926 
-267.98492 110.721115 22.171217 40.487423 -1.1900992 -3.8470688 -9.430508 4.1320977 -30.936897 11.328337 -2.9424992 -5.9448657 -8.835686 13.069277 -13.682669 2.3823128 -8.238608 -2.3987489 -8.320606 -1.0164294 
-288.44687 157.49756 3.915452 41.620342 2.3262944 -24.585144 -0.16665798 -5.9112754 -37.522213 4.3552513 0.9697343 -7.0464997 -0.99433315 2.0455115 -10.506175 4.097108 -8.197516 -0.72768223 -3.928911 -6.2305913 
-302.40067 74.85508 52.353 27.832933 4.951377 22.198046 -10.142689 16.149082 -16.464853 3.010831 -3.5126529 -3.806784 -9.310848 7.092768 -14.765218 6.316704 -11.946494 1.5864543 -5.757475 -6.2750134 
-214.49797 82.74316 -18.799795 56.62346 19.33221 -2.6704645 -31.746773 5.483778 -21.185183 6.5605173 -1.621834 -7.4544244 1.6102633 10.9631605 -23.10485 2.079173 1.1102448 -3.940446 -12.522921 -3.008729 
-220.51886 106.62319 -27.745445 44.52587 29.481575 -7.7931027 -35.43889 3.2578967 -25.981964 16.768223 0.48050198 -7.1125174 7.979563 13.525783 -12.7929945 -6.0213685 1.5130419 -2.91233 -13.038589 -11.042134 
-286.6894 54.55616 44.47201 43.043045 -2.3847196 27.813286 -27.697905 13.15769 -20.45946 4.5763407 -11.822811 -12.783863 -3.4499302 12.1750555 -19.246517 5.610271 -3.9592395 9.048299 -9.708302 -1.6255876 
-327.9984 95.494774 25.435478 53.358112 -0.19964409 13.804218 -5.816403 11.005607 -17.567547 4.3226495 -12.518851 -5.514519 -8.333124 4.985903 -18.425407 7.225866 -6.1018033 -3.3614008 -7.455427 1.5821177 
-288.19275 126.14816 20.462671 33.431774 0.08354849 2.4147115 -4.315888 4.2438445 -33.960148 -0.17285973 0.19177458 -5.7030435 2.0218916 14.975444 -9.088835 3.6619327 -6.9375286 -6.147726 -12.363812 -7.453999 
-252.20148 105.35606 2.897153 37.55424 16.101234 17.98724 -19.985409 -6.362574 -39.98491 10.708248 0.11177889 -6.4688644 -5.898592 8.526272 -9.500727 6.660601 -6.9793005 -0.24537581 -7.6274014 -11.587693 
-307.37048 81.99432 32.94737 53.904594 2.7007167 9.7602625 -9.671704 8.4602165 -18.282375 7.051935 -6.473444 -5.8754816 -3.590132 7.7270374 -11.244127 8.487192 -6.2770762 2.5214283 -8.230402 -4.3086743 
-307.34012 146.04422 8.6902275 31.306068 6.9651427 -5.91728 -1.9852984 2.1330812 -26.954721 5.2161427 1.3334929 3.3317466 -0.9171908 12.645111 -12.151989 -1.0567763 -7.4370937 -3.0942285 -14.191098 -7.7337513 
-300.96243 153.36407 -2.9631338 34.679256 16.34436 -8.216097 -11.235995 -6.4648905 -29.953817 0.054313228 -4.098736 -0.29618707 1.4542934 9.035987 -7.480435 5.2061405 -3.3474853 -1.7004339 -9.332536 -6.6694694 
-333.83517 146.73787 18.089293 28.937614 4.4914303 4.3796906 0.09138174 6.612912 -25.976372 1.0410107 -6.4540195 0.81540495 -0.7955682 5.720214 -5.6800604 0.99151164 -6.407208 0.45545757 -11.99976 -7.1990485 
-290.2022 106.67624 35.584435 34.286324 -2.6407106 14.676841 -23.25273 2.549029 -25.006418 4.652099 1.3542829 -3.1623907 -6.488842 16.073112 -9.673012 1.5836769 -8.394373 -2.3031456 -8.487078 -4.87455 
-282.96722 108.79459 18.005205 22.942734 13.879327 8.503955 -25.886242 -5.031165 -31.780191 13.513979 -1.3362042 -7.731123 -10.56616 13.250784 -8.889428 0.8514016 -7.738199 2.775225 -9.616518 -2.7800984 
-297.17917 151.29031 -18.149122 2.3890612 8.832834 16.13081 -2.6305907 7.0740986 -29.811167 14.110481 9.0416975 6.70376 -14.558147 0.5483396 -13.503913 0.41611516 -12.084144 -0.87761337 -13.071102 -4.947592 
-285.02396 165.53001 -23.98661 21.29357 2.6152027 -6.497016 7.042898 4.8137493 -34.983322 10.82179 12.030845 0.51457685 1.9292836 5.5631485 -17.443731 -0.41130292 -7.2770557 -3.0666854 -7.6174293 -1.7523379 
-321.34488 135.0292 3.5568368 38.380234 13.073929 -0.8897061 0.7119848 8.266752 -25.075716 7.677726 -3.5450404 -3.6306703 -5.102321 8.96457 -10.196327 5.2761283 -3.5416353 1.900153 -9.335943 -2.9690301 
-290.0503 131.65822 -6.4835362 62.306362 37.102528 -16.395494 -14.773412 2.0892012 -24.382393 1.2558572 -18.162361 -0.40326658 2.8584223 2.6372464 -10.013951 6.0196095 0.007886436 1.5961522 -10.862609 -5.760853 
-292.57434 150.27797 -8.04196 49.444588 24.641825 -12.82697 -3.3242857 7.1064005 -32.906246 3.6044934 -1.6171423 -0.20686764 1.2493188 9.741195 -12.846061 1.2174841 -6.1430926 -2.3594472 -10.620258 -4.2170296 
-320.445 148.4529 26.8145 34.359524 2.097016 -5.8106747 -2.8862581 9.8064995 -18.500387 4.628411 -6.2970014 -2.0055795 1.9876755 11.145199 -7.089335 4.8032446 -3.320098 -2.6631484 -7.6483088 -3.700478 
-275.13757 104.68834 24.515152 32.77152 7.083071 15.604046 -20.667614 -6.2904387 -41.194893 13.436201 1.8645816 -5.7241893 -8.297599 14.992806 -5.963541 7.022293 -7.8644695 -4.683626 -6.880141 -3.385928 
-251.51677 130.97237 -19.145227 8.576712 5.9107227 7.762391 2.2645717 1.6084867 -38.47615 18.739096 9.539202 -0.26800585 -1.4521683 2.8692064 -20.987848 4.1618667 -9.067398 -1.689587 -11.156293 -2.4185305 
-288.20047 123.77565 1.3294742 43.34854 21.33095 -2.733111 -4.260055 2.795165 -23.73432 4.608333 -12.577671 -4.523687 1.7861036 2.0170534 -15.405788 3.9624455 -1.9631609 -0.365889 -6.1366735 -2.2703564 
-340.22192 160.9557 9.874546 32.04193 9.140782 3.48421 -1.16915 10.790063 -21.641245 -0.04576304 -9.877371 2.5525022 -4.055843 2.7425244 -10.952229 3.3494267 -7.861653 1.257934 -8.032333 -4.5751038 
-325.9359 144.258 -3.7928195 40.03271 12.81918 0.99216664 -9.048542 0.30961835 -18.282099 13.590839 -5.334362 -3.1418183 -0.32692802 0.25852522 -13.320782 5.2431226 -6.3269534 -4.2794843 -7.755499 -1.5438547 
-277.05023 69.59509 23.913078 70.5246 -4.9379034 -0.4758106 -8.519441 8.24817 -23.967339 1.6060381 -12.717139 -12.586715 4.3842645 5.2876253 -19.675072 10.2489805 0.50746506 -3.3653367 -3.5460687 2.8315773 
-269.16083 124.264435 -23.712185 70.97217 29.321098 -21.166214 -21.94531 -0.1300283 -28.233086 5.2065716 -8.204174 -7.8758383 16.122482 11.367682 -14.428401 4.6488996 4.044974 -5.80609 -15.334671 -10.274334 
-366.32855 127.90991 12.237113 41.74257 17.891045 14.013181 -8.730906 15.363663 -7.9878016 9.704796 -10.4321 -5.641597 -10.7019825 5.261746 -13.406511 2.7569125 -6.87148 3.8586676 -9.307254 -5.0507264 
-366.05484 133.06534 10.683611 35.054844 17.624815 15.0953 -12.733325 6.1001287 -6.8609967 9.355964 -12.721106 -2.3021817 -10.587593 5.739744 -13.307621 0.9098979 -8.917496 1.7611725 -8.236057 -4.756329 
-255.92912 106.58232 19.75323 33.488457 19.849596 20.77515 -37.76801 -6.104345 -38.934937 10.080206 3.1897304 -14.314846 -10.678684 12.382488 -9.083772 1.8250887 -12.587035 -0.7260759 -4.921351 -5.749762 
-234.982 145.28177 -58.263107 40.203655 33.421463 -5.314221 -30.763716 0.7169943 -29.308641 20.303904 4.540031 -0.3134496 -2.1954823 16.143902 -18.571396 -2.9824698 -6.9299946 -3.9103928 -8.288283 -13.822062 
-330.8985 158.40189 6.6991415 28.798841 14.409125 7.6483755 -8.491418 3.7216763 -23.206923 3.5912955 -4.6715393 -2.4907346 -6.8488593 3.342791 -3.6654286 -0.08487126 -6.863126 1.4569342 -5.692377 -2.3832545 
-355.6134 149.78377 18.140968 29.073195 -1.5082961 3.244541 -5.6710253 6.6182265 -19.739977 10.484516 0.015471565 6.216273 -3.9202063 4.6076217 -13.919992 -3.0711677 -11.763453 -1.3700968 -12.80438 -0.4193614 
-380.90247 136.58716 22.46323 40.652596 9.524102 8.92751 -6.0589504 13.021818 -15.554387 6.055386 -11.48255 -1.2748044 -8.510809 3.8102531 -12.02013 1.3862268 -8.9830065 1.4725811 -12.156873 -0.68493325 
-327.25955 144.49425 -4.6688714 34.6353 13.836509 7.080629 -12.587861 -10.437954 -25.747686 13.0385685 2.6591237 -1.0800407 -6.5487113 6.6970696 -8.058278 3.9453506 -13.621823 -1.0731962 -7.795328 -4.412811 
-339.5173 157.5214 -2.2629993 29.76838 6.3192596 6.2994328 -3.5547621 -9.886894 -33.538586 10.822607 3.8283675 5.4310293 -6.98821 -0.15178569 -6.5591793 10.35211 -8.551114 -3.1409845 -17.03688 -6.923295 
-320.62903 146.17606 -14.120098 46.63191 30.18632 -5.2571816 -15.391015 -1.9269252 -27.904467 4.448632 -5.7693334 -7.270824 -5.9544125 6.2828684 -10.839149 0.6318222 -5.365102 -1.3421092 -9.589303 -1.9192929 
-229.89146 145.99962 -46.330273 17.572933 19.662926 0.7039799 -8.805928 -10.5578375 -31.598253 19.21398 14.7934265 -2.827756 -8.237287 4.2666726 -10.161695 -2.0879228 -10.312283 -6.1031175 -9.078379 -3.9521184 
-343.81873 105.85499 35.896286 25.53034 18.191113 6.6987066 -9.582609 4.2118554 -12.501058 5.885787 -8.9182005 -1.6934545 -12.246037 3.8344355 -9.034992 2.4994378 -12.511373 3.7860544 -10.774861 -1.3053585 
-374.1075 136.3874 30.363905 40.644905 10.652737 8.634934 -13.685427 7.130785 -16.135683 -0.09967605 -16.94543 -1.7465091 -12.3854685 1.562032 -8.004993 5.733843 -10.146592 3.731244 -8.023736 -1.6987395 
-334.91113 141.64519 -2.263468 31.164999 29.268463 12.635294 -19.28022 2.2877898 -20.460337 10.034453 -6.7999206 -4.8794394 -11.153469 5.095499 -7.722311 -1.9670546 -9.9405775 5.6948037 -11.423584 -7.079908 
-388.88373 142.06519 16.00366 35.69377 11.050274 12.487024 -5.497681 12.566725 -11.581104 1.7958804 -14.50388 -0.22650068 -9.155358 -0.61986786 -9.979266 0.50426114 -13.380425 1.8641502 -8.195605 -2.9212701 
-402.84427 141.83684 11.32893 37.57762 6.0971003 8.171036 -9.942315 14.380489 -7.5269413 4.387677 -13.84036 -1.2647139 -9.706542 0.3250019 -7.828169 2.4954443 -12.228697 1.5720558 -9.988772 -1.8533851 
-397.26593 144.26169 18.838955 34.2454 8.635197 10.410226 -4.3310294 11.931478 -3.4659216 5.0539417 -9.0717125 -2.3556583 -8.337168 -0.31534094 -7.4018717 2.636851 -9.494993 2.1573277 -4.7029963 -0.90597826 
