-289.20724 170.8712 -4.610005 9.6101265 -23.99179 -60.496017 7.1693597 41.851765 -44.679375 11.862495 9.451973 -24.846045 11.445402 -5.4668813 4.490814 7.934517 -11.543296 -1.1134123 -21.71649 16.006222 
-325.7102 165.77824 31.802835 31.11481 -5.4681935 -50.686756 -0.058080766 30.67473 -40.06575 1.7960968 4.497711 -19.475908 -0.9483475 2.660653 -5.5309434 11.292615 -3.3611877 0.7101715 -12.972055 9.473403 
-258.6635 111.04351 25.058275 42.410347 7.6297965 -8.140509 -7.797397 16.601736 -38.480247 -8.074081 -14.241261 -7.5860953 -11.4404125 -4.575707 -1.3257664 8.826565 -15.371636 1.5771705 0.64940524 -8.14106 
-232.13626 116.78139 9.298559 44.812454 10.378635 -17.389116 -15.163134 -4.478434 -36.050663 7.913742 -5.2898693 -6.861056 -11.7206545 6.5001945 0.5242595 8.93137 -17.154007 4.264657 0.69484687 -12.52665 
-209.60132 144.41458 -33.09162 26.10048 33.51302 -44.746292 -11.252959 -0.027050866 -64.6639 31.485481 13.0457535 -23.57055 8.75217 -0.72147965 -5.85164 21.844696 -31.293846 -9.5187645 3.5073895 -11.044542 
-327.0038 156.03946 22.715742 34.63724 10.4084 -25.522696 -11.52261 7.2252483 -32.330246 6.255355 -7.7127905 -10.093961 -5.9925785 -1.1439902 -0.43363568 8.969454 -6.2436914 0.10404979 3.6812754 -1.654392 
-280.06287 91.77163 10.5878315 71.56156 33.00855 -10.724284 -1.8457987 3.5178385 -30.279135 -0.010954248 -5.280032 -14.494278 -12.186274 5.9751873 -12.468853 6.6053705 -2.7421825 -3.681282 4.006499 -4.226178 
-297.7876 119.27553 8.362311 66.64418 18.681019 -8.577925 1.8287154 -9.132844 -21.510174 0.7209518 -6.5685177 -6.7753353 -15.145589 3.426495 7.261985 2.9664965 -17.421837 1.1128249 3.2337112 -2.766436 
-210.75928 127.26538 -9.293346 26.942589 -14.548194 -21.061659 -12.986102 10.022079 -43.125595 8.928206 25.851849 -0.86902684 -7.011057 -2.5773773 -11.015477 10.073573 -17.080132 2.9083726 2.1656814 -7.438288 
-356.9673 129.72508 2.2113647 59.768772 21.799904 -0.28079012 -25.9997 6.5751 -34.264004 0.28314072 -5.04733 -9.852057 -13.021487 2.1027505 2.443458 1.0503091 -2.7667189 3.2213933 1.4324273 1.2746632 
-431.51474 152.74184 3.0244112 46.760254 23.121761 3.3824582 -13.80522 2.3769643 -21.379827 6.951072 -5.7932444 -5.929279 -13.764167 5.3806386 2.444356 6.02167 -2.3463683 0.1946996 3.02697 3.2001126 
-469.66077 137.04767 18.428825 34.269646 7.841835 22.435589 -2.255862 14.338978 -10.669866 10.560228 -9.060472 -6.166877 -13.932599 0.66664195 -9.631691 1.8218408 -10.676586 -1.0497994 -5.4457655 1.8105782 
-298.93082 44.06098 27.522158 68.70663 6.9200387 16.26577 -11.088372 13.997972 -32.932777 12.753729 -0.65276957 -12.321448 -14.316657 10.475324 -7.6239233 5.7702928 -20.733316 14.360282 -7.350066 3.4586306 
-262.07898 154.61835 -11.123631 31.566734 25.979837 -23.369896 -11.760868 8.597902 -40.794693 6.4102726 -15.12225 0.44569123 5.2817726 -11.229146 -5.9322186 11.277509 -14.16035 -0.9442551 -4.7725077 -1.4805218 
-322.64102 97.27543 4.1762767 68.594345 23.925789 -9.267766 -14.64132 17.338173 -40.972576 1.1220076 -5.648214 -10.9869995 -8.057921 3.7773006 -13.08498 10.0338545 -21.24937 14.680538 -10.787699 1.4836354 
-318.92462 62.370502 21.782461 84.5177 6.109907 2.8958097 3.5140393 15.601135 -29.684591 5.4415274 -4.335859 -21.587774 -12.124288 6.1326175 -13.323205 5.589654 -11.267875 14.6041565 -14.202272 5.4548635 
-328.2039 128.8079 14.905005 69.50281 28.755533 -27.135817 8.315517 13.506286 -37.183098 -3.8234422 -19.654936 -7.309533 -4.8862066 5.5795197 -6.8722286 2.3147838 -11.209565 4.419913 -3.1599934 -6.2719445 
-295.96985 135.99588 -6.217501 48.556137 50.088085 -39.65654 -6.78464 10.279567 -30.82626 10.686323 -22.25433 -1.406528 -8.119926 10.077927 1.1944493 4.7289596 -20.868052 5.871351 6.1654644 -11.050817 
-469.00378 157.61638 15.612254 49.579903 20.569935 15.560294 -8.218394 19.898996 -7.7859554 -8.530217 -7.398802 -0.72641796 -8.4609375 -4.4259434 -0.047197342 4.3838544 -10.727048 2.8418996 -0.1203528 -5.0852003 
-330.95117 38.162205 46.28995 48.963108 6.524324 23.26493 -7.175426 7.7494516 -29.149845 1.6045699 0.4810541 3.7600403 -20.766914 3.0396183 -7.453466 19.244387 -21.766356 1.8855438 -4.53775 4.214941 
-337.7134 152.53445 11.306782 27.805195 -24.048294 -20.635983 -1.6504369 29.045017 -29.287977 -2.6722374 6.486312 0.6424861 -4.2848496 3.2869565 -1.860182 3.9246314 -19.968092 3.1396267 -10.421592 4.02406 
-498.0523 166.06662 10.950051 37.388767 6.6752024 19.495413 -1.9846047 20.88521 -5.500653 2.9372933 -3.7433133 -3.8167696 -4.7191424 -1.4527457 -6.2496634 1.2567784 -7.5077634 -4.317053 -8.165358 -2.4148567 
-447.59503 138.22226 21.266777 37.4449 14.015041 17.32412 -2.181342 9.157714 -14.42297 7.9558616 -7.8475113 -5.2577877 -11.4253645 0.293702 -0.6203164 10.984271 -7.040784 -0.50731826 -2.582677 -4.6510715 
-316.64102 145.87314 -11.323748 48.12902 32.7286 -13.493417 2.606307 0.15496251 -53.831867 -3.0488634 3.50487 -14.109306 -21.119802 -5.913235 2.9332082 17.511889 -18.769993 9.003383 -3.4943264 6.389256 
-342.49268 150.72234 -5.030751 45.546345 12.131291 -5.4910297 -7.732699 -5.557385 -32.6694 1.8215353 0.3115158 -5.1597404 -15.753398 4.3169694 8.082784 18.100744 -15.466106 6.5432453 -0.7375219 3.5496287 
-422.99634 141.19247 11.4836035 32.0681 3.5691595 12.628208 -0.811212 18.837538 -14.503272 11.908156 -8.558657 -8.41149 -14.495826 9.49653 -12.267453 10.108718 -6.438793 2.3182302 -1.3782942 1.7536943 
-336.3949 148.51755 5.8451138 26.661446 -12.3677 2.8387384 -0.4721845 15.913101 -25.372911 4.749927 11.896785 -10.50815 -5.0197954 -2.5776684 -11.408406 15.454029 -16.55746 8.905617 -4.894346 1.8393508 
-237.10466 148.91953 8.73723 31.869572 -49.213932 -46.068558 16.687475 21.205185 -32.956276 16.59877 7.6615853 -26.705078 15.211399 -2.2915516 -11.721249 9.741344 -11.174482 3.3755558 -15.64192 -1.5050435 
-324.34973 141.09624 34.226868 45.510544 -8.006648 -41.3443 6.0449057 13.045083 -36.323887 10.111889 1.8548698 -13.883914 1.5575052 -4.2309732 -8.234406 8.249197 -3.79103 7.044627 -11.3333025 -4.7809334 
-475.1441 146.41785 17.539375 33.838467 12.303591 17.948303 -4.2510524 18.136837 -6.439468 3.4836168 -8.682101 -2.1354914 -7.775005 -0.22080742 -3.7438197 5.1347446 -4.6663394 -2.7561777 -11.429159 -2.2837963 
-433.13837 148.4728 21.88204 14.513619 1.4863936 23.267237 -9.089447 12.672138 -10.963935 10.942388 -6.2509203 4.6468835 -11.254744 -2.5556862 -7.3452506 4.399206 -9.487667 0.584429 -8.11322 4.5590687 
-378.31265 133.07791 22.285252 10.615004 2.2760353 26.726225 -6.8135734 2.2941449 -23.776218 11.37742 -13.804875 -2.1378913 -18.0505 -0.28023067 -1.2369018 10.305372 -0.85911876 4.426251 -10.506002 9.684885 
-322.7952 59.76192 19.50074 61.890022 6.559876 11.874507 -17.227427 20.893145 -24.06797 10.142524 -3.2287245 -17.585274 -5.1821156 -6.5275106 -3.6002245 -3.193272 -4.956309 10.858044 -11.110436 2.1388564 
-251.22171 84.18956 -8.90701 77.04222 31.11061 -2.7779133 -15.806301 -6.5437984 -39.48513 6.337075 -11.768812 -28.032637 -4.1130757 5.444538 -5.7245545 3.590767 -7.479198 12.149294 -7.7126637 0.6985678 
-349.76614 156.27783 35.994835 29.916477 17.785614 -11.461211 -12.652486 1.7003436 -33.48726 5.2919965 -13.627035 -7.1781235 -2.3984642 -3.392988 -9.349185 9.112691 -6.907671 0.33169883 -5.1227055 10.685526 
-288.046 158.23845 3.732847 15.975374 14.283825 -20.100328 2.4107566 13.473164 -46.832726 -5.383217 -23.560265 17.861042 10.517234 -11.872349 -5.4979663 14.772156 -12.672886 -3.055573 -4.2919683 4.2498364 
-314.12326 153.70563 7.392906 13.40671 4.808781 -6.0441785 -0.04060196 2.6631649 -31.893747 3.5594897 -10.163445 13.481074 -0.085599266 -16.886177 -5.362931 13.749942 -12.131796 2.7599063 -11.655193 9.403617 
-311.37106 163.88739 13.003689 29.454515 -17.88714 -31.068886 -3.3994982 21.807278 -25.382927 -2.4974453 7.4484754 -16.290125 -1.3425193 2.4422796 -7.2820835 14.504323 -21.990562 3.3594286 -10.707241 -0.9929032 
-299.37537 142.34323 31.270718 29.29367 -18.596388 -20.103294 -0.10386259 18.545225 -41.009403 3.6516733 -2.0167518 -10.368146 -5.658983 -5.6980915 -1.6429207 19.009527 -14.384789 18.306774 -14.823835 1.985433 
-317.57492 103.19079 8.90236 68.873024 6.223021 5.6415534 8.285641 -0.20686203 -47.167435 8.771551 -6.7283096 -16.148556 -23.858149 -0.959913 0.7495225 13.858383 -26.233696 12.855562 -5.7109537 2.4767492 
-304.07355 119.68061 -3.411732 73.83739 35.128857 -28.20327 2.7321913 -1.995757 -37.779007 6.2383533 -12.191178 -20.390888 -6.5530047 8.282409 -7.598871 5.751358 -11.00462 14.472792 -5.788656 -2.909381 
-257.4435 133.49278 24.229256 26.288137 -2.6723514 -11.909054 -2.75715 12.768033 -31.898918 -16.423431 -12.995717 1.6653994 -7.4209857 1.4324764 2.1305714 12.395464 -6.7609987 4.2891817 -5.1263895 2.6976585 
-303.89124 172.76955 10.762403 23.901796 -7.3084326 -32.750534 8.132086 28.439857 -20.859867 -0.070387155 -5.105433 5.62672 -5.669239 -3.8809793 -0.98974484 8.13219 -16.4702 8.428457 -14.315454 2.6408584 
-312.8541 159.50446 1.0001174 18.872892 -49.95895 -27.856985 13.715939 30.990257 -24.433945 -5.031485 21.439758 -7.5547585 -1.3036715 7.635146 -14.470211 9.726493 -30.88102 17.881517 -7.3721867 -1.4709162 
-304.5995 163.52179 -16.77523 24.443455 -48.090973 -20.193954 21.95974 28.900522 -25.024826 7.8897038 16.93322 -11.769657 0.38145506 0.15901916 -18.460129 9.67304 -22.739449 21.027506 -4.169546 3.1775193 
-365.50696 156.08958 3.7820308 29.118675 18.080603 -3.9707391 -4.612388 17.772957 -19.467575 -15.508053 -0.64387727 9.055505 -20.095903 -15.532451 2.9144504 14.103392 -14.64847 6.486885 -4.987563 -0.77238834 
-283.65253 161.19427 -11.354819 22.355427 -45.46376 -25.023102 24.361319 26.441463 -22.914467 -0.98055923 19.716112 -22.267647 5.5723767 1.1927661 -20.701029 11.473428 -14.745602 11.415287 -11.176236 1.7369118 
-260.09714 150.21568 -28.549208 22.81498 0.6295376 -15.020625 -10.199485 9.6644745 -34.797024 11.876739 17.257965 -5.8368683 -8.337739 -7.1602836 1.7181505 20.949766 -29.429434 7.0064797 -8.463153 7.076359 
-310.52307 75.0027 14.117977 78.42288 10.598857 1.67111 -13.845487 5.310665 -26.61689 -0.16562977 -15.281367 -5.0837216 -18.999983 4.1285114 -6.0382676 8.251789 -18.239836 9.049316 -0.056122355 -4.245125 
-302.06247 144.90881 -34.55494 73.07021 30.566647 -16.09103 -15.131136 -7.704653 -40.46369 -0.14552924 -2.0616305 -9.569415 -1.7051105 0.8360436 7.794405 13.968929 -20.565687 4.4969707 0.9392594 -4.496752 
-345.334 154.97528 -16.092741 54.52104 20.884262 -9.983492 -10.874691 -5.6150184 -29.157196 1.1417814 -0.80142105 -5.2326484 -4.1570415 0.058374796 11.053371 11.603896 -21.43086 4.874904 4.344563 2.194298 
-422.40704 147.6288 16.679234 28.350407 -1.6961083 16.487614 -5.652102 16.556675 -8.558787 6.25091 -5.067929 -7.839314 -10.713379 6.8072605 -7.6588025 10.373597 -7.9737144 2.537743 -2.2597847 3.216107 
-476.1628 161.26762 14.968879 37.0103 8.935331 23.481773 1.9723426 18.34414 -7.242213 7.1140637 -5.827437 -5.7548494 -8.628606 -1.4444711 -9.6506 9.417665 -3.897255 0.43566144 -1.289353 2.533892 
-400.40027 164.86746 9.196627 30.971432 -15.555797 -17.11977 4.9458895 22.689438 -17.918179 3.5629442 7.6154423 -10.734989 6.723345 5.5373745 -10.385815 0.3367138 -11.546093 -2.5279038 -3.6679776 6.1507907 
-367.82324 155.2961 23.078897 17.955875 -8.519034 -13.494817 1.2251701 13.442269 -28.435516 2.5249324 1.5770239 -1.5228432 -2.6524968 0.53565 -8.939938 2.594836 -13.961391 2.3209574 -12.08528 6.465357 
-261.0907 80.45044 1.7499056 62.171646 17.333668 1.8561921 -23.500149 15.668206 -45.15702 -2.041252 -0.585501 -4.950858 -17.526125 -2.7632246 -1.2364638 12.961119 -19.914095 9.101121 -5.7218566 0.45017326 
-239.25453 130.81253 5.4061522 30.810408 1.3332899 -3.0852537 -6.187625 -0.73167527 -50.33225 -6.0246673 -9.979081 9.411545 -11.991403 -12.602658 6.154111 13.925945 -17.51435 0.10792308 1.0946285 -7.3915615 
-244.86569 86.6284 -2.638731 56.16517 18.403366 2.813519 -23.20105 12.733721 -49.387806 -17.87668 -3.2985756 -4.850353 -10.445319 -7.388892 -6.7864304 19.339622 -12.667992 0.52250946 5.0949316 -0.51704216 
-295.56747 141.49945 -12.672055 27.01572 0.8700483 -8.181205 -13.848682 7.3590097 -34.564106 -2.0223765 16.131788 -2.1953344 -7.78076 1.7960243 -11.331216 13.012346 -12.747468 1.3089117 -9.498427 3.980871 
-295.5455 116.572266 15.314392 29.718336 -4.202063 -4.070715 -15.054814 4.9087114 -36.4823 5.4570794 12.646486 -6.0485163 -12.39568 4.525821 -4.1939483 11.031423 -25.980865 7.8658957 -8.050395 -5.6500354 
-311.6195 119.31527 11.792709 26.551018 2.2790136 6.8988867 -10.421494 10.031407 -20.454313 1.9132127 -13.898749 11.643151 -12.8060055 -3.273359 -4.403367 11.280328 -17.57548 1.4272461 2.4301338 -6.510209 
-325.46082 104.531685 10.649758 70.75162 29.778524 2.6311414 -14.033425 -3.98109 -35.894505 4.018838 -10.001817 -8.0957775 -18.589956 -0.6462771 2.9532518 10.7024355 -19.9679 5.613245 8.482254 -6.963874 
-360.8581 132.88388 7.8534327 33.58433 21.67204 7.631217 -10.957153 -1.4081506 -25.31381 3.3237736 -2.2398005 0.47810853 -7.801469 4.764725 0.31939057 11.172863 -15.0458355 7.698119 -4.3500385 -0.32487306 
-345.86188 92.73642 28.225992 35.24856 -1.9868914 9.722537 -9.353021 8.955486 -34.214188 1.5615219 -0.06790522 9.107826 -17.145735 6.927024 -9.264771 13.002735 -13.989433 9.820361 -12.531292 0.90172154 
-462.3538 123.70946 33.798473 25.849207 13.098522 27.207106 -10.06565 17.141726 -9.348042 10.441403 -10.180721 3.694497 -16.317451 4.0608273 -9.90604 2.468861 -13.7459955 -2.2925446 -6.9162226 4.6876035 
-496.11865 150.23978 24.602789 30.6783 13.828032 24.737566 -9.951983 16.030497 -8.284955 10.316357 -5.8921704 -0.21121809 -10.673207 -0.5326666 -4.641253 3.93504 -10.263844 -0.96472275 -8.321066 0.6058407 
-547.5787 156.22095 16.122068 29.507292 7.0191283 28.12992 -2.6001122 22.344568 -1.2947667 15.867864 -5.825049 -1.553044 -6.4644246 -10.218667 -12.526187 -2.570299 -11.23734 -9.69573 -8.889331 3.1983855 
