-314.39597 157.22832 35.01418 31.473701 -0.81091434 -2.0640132 -7.7032056 1.7503796 -38.138443 -9.475644 -12.458908 -10.25102 -1.2502275 3.1357074 -7.906179 12.833035 -7.924241 10.796571 -10.151104 -1.6197286 
-208.2046 138.61502 13.779428 12.162244 1.5630612 10.867543 -16.83947 -8.809635 -41.558094 -12.625203 -14.711375 -8.68788 -11.694327 1.3558393 2.07948 9.190984 -15.731215 7.5263953 -11.8216715 0.89762485 
-220.77435 139.43896 13.3527355 5.971421 -14.2423725 25.338072 -12.462842 -7.618794 -28.524662 -10.554697 -0.44352373 2.55753 -15.026932 -4.899047 -5.5099163 2.029756 -21.44789 2.2163472 -8.838013 -1.905016 
-278.7634 91.37045 55.505356 32.43579 -9.592632 12.851712 -5.2975955 19.26999 -33.020405 4.9620333 -22.661379 -6.0444365 -4.499814 8.838656 0.24004057 2.226552 -5.500817 -4.136717 -10.720307 2.1590798 
-271.88022 93.33994 46.198196 49.358475 -2.0854812 24.753925 -1.9841207 6.833761 -39.52778 -2.4768045 -14.650724 -6.9307265 -10.844558 0.6500004 -0.36741304 0.30897778 0.08912733 5.0700035 -7.8369784 3.9397686 
-294.95578 111.30891 35.08852 58.61356 16.521698 13.672499 -3.3343275 -4.440533 -36.20063 -3.6584845 -18.03517 -17.985466 -11.00597 2.5910437 1.4535899 -1.3144494 -5.064829 15.531852 -8.650381 1.1409259 
-298.62207 140.032 21.99278 30.43155 20.554884 -7.724539 5.0112042 5.793577 -41.975056 -12.327865 -9.368008 -5.898428 -0.282616 1.3347923 -11.000083 8.188046 -7.286577 3.2518172 -4.097154 -1.583817 
-274.2716 48.791897 70.79002 21.88266 10.672394 29.702288 -15.892315 0.30651262 -20.775894 -6.8752527 -11.229684 -4.406409 -14.280806 5.355879 -5.240868 -0.45962185 -9.9292965 2.0543163 -4.9796996 2.2736425 
-301.46744 50.17125 74.6795 21.566294 10.270527 26.329954 -16.29857 1.0427165 -23.455893 -4.0066023 -10.296309 -1.2062486 -15.7942505 0.28355774 -5.29574 3.9186723 -10.056466 0.78256285 -10.215099 7.015703 
-294.18033 159.49745 34.144814 7.9804363 -2.3412917 4.5801373 -7.234571 10.745859 -26.93498 -4.612081 -16.118217 -7.1049175 -8.676918 2.367515 -6.0193 11.759548 -13.090381 -0.13184693 -5.617262 -4.4595394 
-294.44553 46.99148 64.97819 43.965515 -6.0205197 35.627823 -15.951211 5.710571 -21.794056 6.763003 -15.989655 -0.04563141 -14.673619 7.41706 -3.1925447 -0.4707438 -11.57854 4.6893845 -11.231106 7.445778 
-286.72397 48.163124 43.643497 64.295296 -1.1156344 16.922882 -13.647764 16.44619 -36.343433 9.070801 -12.248142 -11.917067 -10.257586 5.6722617 -6.270276 -6.6819525 -7.910536 4.8215914 -8.157077 7.5773187 
-294.67407 99.91513 28.39015 38.2502 1.9986292 14.273997 -17.506306 28.958265 -46.65531 -2.3285074 -12.003343 -8.939073 -6.9408727 5.034027 -5.0669246 -1.5820419 -6.82482 5.508852 -10.531597 4.6088367 
-335.56607 176.56798 18.715437 27.878887 -24.21513 -18.015955 -4.853395 22.53425 -34.098164 -6.8696713 -8.365175 -18.433617 -2.943551 15.449888 2.1911745 5.4266586 -10.379429 -2.892024 -19.904259 -8.823629 
-391.3803 139.23763 15.7261505 28.28638 4.6898627 11.371388 -0.4469967 8.843956 -26.511972 2.1038513 -8.945156 -2.1077352 -7.3510113 1.9514482 -9.658976 8.016025 -9.532209 5.0833597 -11.655358 -3.5988736 
-319.44373 156.65973 4.3519306 25.43569 1.3470852 4.482715 1.5867021 15.537026 -55.458115 -9.610845 -1.0124221 -2.6084166 2.7468674 7.422603 -10.145887 10.354505 -11.806595 7.1267767 -11.6125145 -6.7449737 
-277.80505 14.066088 81.532646 30.42593 7.968276 28.222109 -14.204989 11.141725 -26.718853 5.719095 -10.337454 -5.3829494 -20.145369 6.9409056 -7.7839255 0.15607303 -9.968927 0.61317164 -17.332949 9.637987 
-289.2018 95.17547 33.632748 47.8876 12.037071 10.262352 -12.784928 23.999275 -42.90186 2.275846 -11.014895 -6.971095 -9.566219 -0.36330926 -4.37723 4.313163 1.4508069 1.2480397 -10.639917 4.849355 
-336.87335 168.94261 26.207163 22.335323 2.990011 -0.4045334 -2.9220304 12.698487 -21.994652 -6.196741 -10.168776 0.7566408 -3.6381633 -4.6992188 1.7131382 6.093533 -10.836535 5.101649 -10.5454445 -1.4646598 
-364.73303 136.58578 20.239851 40.546726 18.76932 4.2690983 -4.72522 3.6051402 -21.735275 1.8034121 -10.345089 -2.4797697 -10.376877 4.6185308 -4.517891 1.892775 -6.049106 3.657862 -6.8021097 0.49589294 
-329.32516 85.968376 45.053406 46.22591 12.542774 6.7272725 -6.80656 7.323421 -26.676973 3.6998606 -18.912624 -5.02154 -8.5391035 -1.3163149 -8.731276 2.5491233 -6.295156 1.0485255 -10.544636 2.808835 
-325.68848 124.07704 40.28725 26.020744 -13.703097 9.77201 -3.4516363 18.673977 -31.900187 5.7223277 -23.985685 -2.9578912 -8.25059 12.930434 -0.3490711 6.9886317 -6.12527 0.4486332 -10.484655 -0.31977373 
-279.55032 75.393486 41.28755 37.0334 10.048582 13.358337 0.9279177 2.0968149 -44.859512 7.6901345 -19.014809 -3.0594811 -13.810813 1.8843212 -3.8913274 7.1203938 -5.33737 3.7328289 -5.8080463 1.8980908 
-329.60617 108.90628 35.934494 38.326576 23.03505 -0.47014236 2.7725723 4.045767 -30.085402 3.5461771 -11.381043 -15.743693 -9.207043 -0.9088275 -7.5482483 3.5750842 -7.878344 -0.31916556 -4.0812497 3.779302 
-367.07776 116.06297 7.643976 19.909544 8.3878975 19.453152 -6.1743994 12.099998 -18.018028 16.311329 -7.957099 -0.931391 -14.993434 4.401109 -0.031193733 10.870525 -6.8178864 1.0771606 -10.191672 4.9297557 
-329.54617 161.14195 22.980818 27.548794 -7.013092 -6.9254584 0.8335126 20.903748 -39.814175 -9.36764 -12.292103 -13.571249 2.102379 11.517749 -9.636456 5.9719367 -14.002366 6.1429634 -8.540814 -1.8862292 
-300.67438 132.80272 34.05095 36.572845 6.2394285 8.309719 -7.1513114 10.078266 -40.968613 -3.3786807 -15.625817 -10.021248 -9.976553 3.7942135 -3.7251837 9.128066 -6.610181 8.640092 -9.263948 6.9390116 
-248.89429 79.0944 32.20799 61.583138 7.118805 -2.544195 -8.855778 5.0095925 -38.053207 -5.177586 -21.19191 -11.468788 -10.526269 5.7742 -7.595598 -0.6808737 3.5170696 8.344021 -7.296186 3.6487215 
-326.01135 133.01895 30.279167 43.06453 9.3820305 3.3320193 -2.8351567 9.074773 -33.17131 -3.0809932 -18.728294 -14.238613 -11.1179285 -5.7795753 -7.2817416 1.5501982 -3.6195836 2.465024 -7.289297 1.3669897 
-328.4844 158.79433 43.00183 41.04366 -2.4455595 -18.332151 -10.267897 9.286018 -36.916977 -4.061436 -7.6781964 -20.480879 -5.4594717 4.724111 -12.101582 10.439346 -0.2523869 12.591319 -7.160575 -1.6558037 
-249.17773 93.087 26.86884 20.795654 -12.212859 29.509918 -7.0547748 1.8422987 -33.975353 6.2078786 -9.737924 8.68088 -10.3811455 -0.2238058 -3.4527981 2.3587315 -9.919934 4.9155073 -8.400383 2.2375588 
-375.92834 142.50783 31.272535 36.76178 5.6363006 4.625562 -10.126324 9.39093 -16.692467 -3.52065 -11.279209 -1.6331681 -7.456487 -2.2094164 -2.6964548 6.8572454 -9.520031 3.8133016 -9.996197 -2.1113741 
-350.65872 150.84308 17.266703 13.198475 -13.3607645 -1.5052625 -9.514478 19.252094 -15.833971 -4.815699 -8.133198 -2.7964902 -1.5294129 6.502521 -3.9150548 10.16507 -9.908619 1.1700921 -9.949683 4.083042 
-272.42566 146.1058 13.200775 -5.8560057 0.2589358 15.763389 -4.2014675 6.2073526 -30.32255 -7.93243 -12.761909 -8.819889 -8.02738 10.036427 -7.443561 8.094799 -8.506175 3.0610745 -9.888627 4.5750923 
-279.46823 114.69108 69.55948 33.321564 -8.884044 11.055088 -8.256748 5.0677056 -38.14241 -9.91975 -24.254671 -5.538565 -12.459925 1.8591075 -8.567707 3.7130868 -4.1699944 11.042091 -9.370207 4.77475 
-314.5452 165.02362 19.278345 11.194241 -6.302231 -2.9417737 -3.3276186 13.57337 -25.464928 -1.9113088 -15.875619 0.2989161 -10.394499 3.751704 -6.636691 5.842834 -9.314971 -2.179578 -9.435926 5.627147 
-306.4923 88.303085 61.121704 41.72023 13.211712 5.2673 -3.6191618 11.310988 -33.135754 3.740333 -26.295197 -8.296057 -11.221902 3.4185324 -14.297581 0.7449327 -2.6202495 0.25412878 -16.070257 8.836905 
-320.24756 157.5913 32.109646 18.671398 -11.523902 -3.0144932 -11.152156 23.68915 -26.711737 -7.5609384 -17.37446 -16.532003 -4.4706855 12.534972 0.38095668 13.6529455 -11.927799 -0.07126644 -12.631194 -2.9841166 
-315.9384 133.867 32.71031 29.206125 6.164137 11.157135 -5.1346307 8.714024 -37.817528 -1.6176658 -13.233026 -8.915805 -9.935071 6.3137183 -4.764757 7.021311 -2.9090261 3.9519475 -7.0272474 6.496212 
-309.0162 109.369354 40.31585 52.33397 21.413282 7.468652 -16.386389 6.7142053 -37.890495 -0.80947334 -22.700539 -7.631233 -14.7025795 5.695891 -3.6920946 3.7917485 -2.6907797 6.8160863 -2.9098976 2.573259 
-286.4942 47.306557 48.51722 74.64181 -6.0585256 23.106228 -15.0243225 15.02311 -36.863693 9.95942 -20.009733 -4.8239 -11.262292 5.99602 -5.261243 3.4652262 -7.8744497 12.075766 -9.923739 3.6643033 
-314.27826 112.62936 21.02137 41.292435 -3.594749 18.564133 -11.640248 26.180779 -36.13709 -7.0126147 -10.103927 -9.482891 -5.5499477 6.2088337 -6.4353046 2.0871172 -10.82127 1.5468063 -9.896245 5.615904 
-329.3969 162.17693 1.96128 7.119 -16.415792 10.25756 2.3680234 19.15615 -20.638395 -8.875294 -7.462821 7.930215 3.1550608 13.4698925 -10.024389 -0.35513633 -22.778189 1.6555598 -3.7419178 5.9083767 
-367.3237 113.463455 32.610703 42.60662 -0.37658596 14.387798 -5.4252143 16.635195 -19.219326 2.565086 -14.229894 1.3174297 -5.0274224 9.574241 -7.8449116 5.415349 -6.985159 5.4719305 -8.777035 3.1271029 
-315.7366 106.58769 19.104555 67.2637 16.487774 6.9122524 -9.412273 6.9367323 -38.134933 4.045076 -23.261848 -10.628975 -9.058346 2.5893462 -8.526672 1.4435438 -10.164227 13.202706 -7.934438 4.037132 
-367.5213 123.64905 26.27442 31.47918 8.903158 13.314764 -6.1912465 4.7684736 -25.358145 -1.3875632 -12.450785 3.7494686 -7.5501275 4.319205 -4.0431905 6.1605835 -6.830743 1.9892077 -10.444879 0.83842975 
-383.41122 147.85637 16.405773 31.891123 9.432208 8.878481 -6.0216565 7.3421674 -24.477785 -7.8094034 -10.738921 5.5500536 0.90099674 4.0453105 -4.2532787 3.5530815 -8.89106 7.0412016 -7.6986456 -3.7029169 
-362.80847 143.25995 0.7338393 18.4263 7.502377 24.32648 -8.756474 6.364359 -21.323881 -0.14500597 -11.773475 4.804925 -7.0064855 2.4449873 -7.373449 6.182028 -11.494671 1.1286944 -10.772326 4.1028533 
-306.12537 149.49678 1.3263422 31.762142 32.292786 -0.27494445 -20.814817 6.1616235 -22.74625 7.6541257 -11.615104 -5.6830263 -7.891566 5.5876904 -7.8074613 2.7911234 -6.196394 2.3579817 -4.515936 0.94762504 
-390.04727 140.29242 18.048866 34.07875 16.202854 15.343179 0.050284915 12.116848 -11.423691 -0.93612987 -13.19892 -0.5732129 -5.1867185 -3.1040163 -5.3668904 7.504737 -6.647543 3.2306488 -6.9062967 -2.9664907 
-334.82343 150.68225 0.6244342 17.825584 -0.7394528 15.788664 -0.18013546 15.449629 -53.551884 -2.317624 3.6208372 6.7722764 3.1713927 2.377059 -7.692321 7.7272696 -17.165474 9.879766 -15.169506 -3.0804963 
-383.24255 129.7192 31.030226 22.458553 15.184263 13.67451 -6.1915784 4.852892 -25.78872 2.636497 -11.740503 7.3405576 -7.1558933 4.9417253 -5.441084 7.8526893 -8.998501 5.591631 -14.626763 -0.6323478 
-259.70148 75.17597 27.422462 15.187275 -4.29476 32.34736 -15.846834 -0.9135539 -32.099224 5.1663294 -10.187544 2.1338074 -15.119882 11.235291 0.3502823 4.7524905 -10.827044 1.0751256 -9.075113 4.292909 
-265.8068 108.211945 25.772238 16.885555 -12.079585 30.926994 -7.7415586 3.6792188 -25.708445 6.426208 -3.8316226 4.521695 -11.152142 0.616962 -1.0393486 1.5804883 -14.9811535 -0.82239586 -10.614342 -1.7502818 
-356.7051 128.67792 49.02537 26.564842 15.917217 9.363768 -9.145412 6.963356 -22.336987 -0.5711415 -19.237162 -6.1786575 -9.081918 -1.2620364 -7.2953763 2.8740315 -13.1901455 5.9054537 -12.385944 7.7386103 
-295.79688 42.48065 43.776974 68.308426 -6.800164 17.415468 -4.461386 9.841877 -31.550571 19.343655 -23.940653 -4.2654667 -10.119729 5.982668 -10.413711 2.2255623 -8.218843 6.9511952 -9.959798 4.533971 
-297.6323 70.73502 30.392998 42.77147 -14.170564 28.058035 -4.4473844 5.92757 -35.42115 5.666299 -16.244307 7.970388 -11.718976 5.4586554 -2.4565916 3.3851824 -9.712509 4.894564 -14.868458 3.4328098 
-361.63342 105.1456 0.08254308 28.360443 8.192095 22.264732 -7.982932 3.7124798 -20.723978 15.735602 -4.8807178 2.8820457 -13.136307 2.6911364 -0.39244366 5.3881373 -9.089192 -2.130876 -11.740261 7.974883 
-345.66742 154.08151 11.119173 15.439584 -4.146926 8.814332 6.089486 12.391576 -26.283075 3.8978245 -2.954856 -5.296653 -2.9515338 5.430614 -6.883503 2.7884152 -14.199268 0.54405713 -8.849064 -0.92107934 
-257.6927 91.61982 47.23951 49.11208 -12.542749 0.95725685 -7.2320457 16.85544 -34.563084 0.06909534 -21.897139 -10.756855 -2.779015 5.381051 -7.100325 -0.28982592 -10.899765 -1.1625937 -13.24157 6.274408 
-268.4798 57.382736 64.68055 47.230022 -2.2868428 15.743188 -10.791186 16.531332 -41.265186 12.521463 -28.291368 -11.331056 -13.8774 -1.9860187 -8.980968 0.6064792 -2.3538523 -1.0694587 -11.443103 3.4421172 
-313.6133 154.64157 27.091093 15.94556 8.725006 0.22087055 -1.1089425 16.842241 -26.58583 -5.4730854 -22.403948 -8.850635 -3.2467523 10.222002 -1.9934599 10.261688 -11.552353 2.0394225 -9.247817 -5.519459 
-322.14056 136.8375 24.686874 38.130848 -13.9689665 -0.35726887 -5.6884093 28.459099 -34.55043 0.6193143 -10.016496 -9.562321 -7.4407535 9.111278 -7.0018635 9.533519 -5.055961 6.888799 -16.9232 1.6690104 
-310.5727 107.937775 6.101508 50.52313 14.538376 17.825523 -16.572979 16.141518 -46.37241 2.7105832 -8.107343 -9.660526 -12.771687 2.0964289 1.1187593 4.399202 -7.739323 5.075282 -8.6064625 8.755319 
-328.24884 174.90631 9.217212 11.743679 -15.991423 8.6747675 -5.6212173 23.876469 -28.717272 -13.075719 -16.191227 -4.6675 -0.25001368 7.1523776 0.9816363 2.8334525 -14.032044 -3.2078533 -9.167444 -0.06485668 
-343.9298 155.57466 3.7360044 18.43391 5.277828 11.29447 -7.7129016 5.5071106 -22.167734 2.6091096 -9.545593 3.6127276 -4.453977 7.3812757 -1.7803179 1.6075871 -12.811926 5.05628 -3.5315342 4.740915 
-353.71234 126.509926 20.296988 46.63912 20.424347 7.0887547 -13.544893 2.1187634 -25.489557 5.885063 -13.745882 -7.2546105 -14.57896 6.8696265 -1.6168036 2.4253683 -9.744766 8.094076 -5.1139545 2.865634 
-346.23172 71.9007 32.6567 59.287003 -8.9332905 24.542002 -8.322019 16.468376 -22.986465 14.609857 -17.942106 9.026615 -17.243282 5.9785395 -5.217169 1.1508704 -7.9111195 11.977352 -19.018324 4.974489 
-407.21805 133.48329 16.475527 32.761414 8.957733 12.986218 -2.7929516 9.618336 -15.765981 5.965832 -9.221663 3.7603323 -0.022828804 3.6652632 -3.6252348 6.2285757 -8.794102 1.9083383 -10.608785 2.1178546 
-422.38644 127.35986 15.52163 34.286488 15.580241 7.708498 -4.9293394 4.5621643 -13.614947 4.131914 -6.4780273 -1.4789743 -5.419951 -0.7088465 -5.568447 2.2178123 -11.524739 4.247276 -10.364225 0.14374277 
-430.9184 142.17772 12.065081 35.675453 9.759543 11.110944 -7.5442953 10.922775 -10.958339 5.746609 -8.185369 0.17581387 -9.455056 1.3817822 -9.212527 5.725532 -10.891113 5.105958 -12.880349 -3.730453 
