-302.5288 102.4568 12.669765 15.538437 7.383295 11.611804 -22.4886 1.6649334 -10.840443 9.764906 -21.704617 0.98680115 -2.5775266 1.3610893 -6.749657 -0.24184847 -12.917565 11.186384 -18.454426 -2.1501846 
-230.74466 95.51869 1.6774886 3.294776 -5.273271 25.880922 -6.1019883 -3.5090327 -9.7077465 5.6804266 -23.046022 -1.7898 -7.02558 -4.901886 -7.6379023 -1.0864182 -10.940884 8.899776 -19.757975 2.0193436 
-233.65375 125.780304 -28.938755 15.669048 2.0456743 13.859158 -6.858894 -16.699476 -1.4402779 1.0661249 -12.358469 -15.1081 -1.1932513 -0.3455393 -8.319843 -1.1675544 -13.025071 11.026559 -19.266745 4.145834 
-273.2619 82.0753 27.564192 47.244984 -18.107065 16.638271 -8.614519 -2.3495607 -21.500717 9.367209 -19.564423 -6.168539 -9.370802 -10.967782 -8.795495 10.63334 -18.437107 10.704468 -6.639517 0.08746889 
-283.17288 95.06963 17.019045 43.77322 -5.9938745 19.347738 -22.007421 -5.3150554 -16.91513 7.5804706 -25.250645 -9.557781 4.4184012 -4.3444443 -13.780524 6.536571 -17.833124 11.327145 -17.203817 -3.5356588 
-256.21576 137.9664 -31.252903 31.11503 -18.349741 18.903782 -1.2135705 -19.020283 -11.661642 12.673909 -13.175841 4.3178415 -13.56569 7.899874 -11.075708 3.3386831 -24.09794 13.857312 -14.9770775 -4.1138177 
-375.9922 156.57213 21.345947 47.858364 2.3274307 -2.3803616 -9.751994 2.9956946 -20.626335 -2.964079 -20.202589 -9.615627 -13.628421 8.454276 -13.20341 -0.28151223 -6.940773 2.1600196 -10.710352 5.147849 
-399.63074 143.95769 22.969992 39.11134 11.762656 3.449093 -10.783531 -0.65193856 -16.771727 0.5435494 -13.055627 -4.8708553 -8.001845 -4.5464478 -5.4976487 3.4526248 -7.751592 3.0600517 -9.556876 -4.2321615 
-265.5355 121.630615 1.5821168 34.30748 0.47210535 -1.3152778 -8.318712 -20.654982 -16.859003 -3.2911932 -18.797808 1.8899617 -1.6816323 -3.3101208 -1.0741729 6.844924 -13.896283 10.125029 -11.242537 -5.684721 
-291.44556 63.459595 32.52388 60.3408 -17.47625 8.0532875 -10.009472 6.5276394 -20.341118 2.471853 -21.106092 -2.9644756 -7.072542 3.1824536 -13.932211 6.8179483 -13.875591 0.75197834 -13.081 -1.0468596 
-303.5293 123.80961 -8.506964 43.423477 -2.6511917 10.351818 -12.3079405 -14.545537 -8.793842 8.602859 -24.161583 -2.943642 -7.3886056 7.101328 -11.321516 4.9074388 -13.644806 6.07467 -15.296932 -5.3534093 
-315.53308 85.16938 38.44653 59.262634 -9.320539 5.0217624 -15.034158 7.3487787 -27.347256 -3.8760462 -22.874676 -6.60513 -6.074143 0.7473686 -9.632114 8.172138 -15.566483 3.9554079 -8.73512 -0.69193137 
-260.85535 118.74057 -0.72444504 34.0396 -15.505541 3.4819603 -1.7421306 -16.252268 -21.819132 1.0978492 -19.548351 1.243152 3.262516 -2.2189603 -6.9500184 3.0951262 -16.022339 7.7550397 -13.214034 -5.660898 
-290.33652 106.17647 26.053032 44.4574 4.048545 -0.69934994 -16.702202 -3.3759775 -13.665667 -3.8988647 -24.0695 4.5711746 -1.7167125 -0.18322133 -12.180986 11.6715975 -13.490959 -0.07209799 -15.510374 2.0402792 
-227.39378 123.35594 -30.83906 14.036158 -13.643497 13.905487 10.398454 -16.928448 -19.045097 8.960356 -26.190979 12.423174 -12.310267 6.0982203 -16.396635 4.915554 -14.462152 7.582465 -11.566194 -6.3661203 
-263.21176 73.488495 11.361757 36.812904 -17.125416 16.506937 4.881435 0.23111922 -7.450023 4.6066036 -25.63159 6.075436 -6.094255 1.9751184 -18.896612 9.647287 -11.713705 0.09186506 -8.077476 0.34402296 
-275.3651 104.51172 -5.0704184 61.06658 -17.759758 6.5501904 -15.817037 -9.892345 -18.562943 -4.1121273 -27.652885 0.5591343 -7.1023316 4.204611 -5.3120556 8.515957 -15.417477 13.863225 -13.565247 0.43864265 
-269.62073 124.22171 -50.38271 26.383064 1.808826 25.985832 -21.208494 7.4055047 5.450874 -0.014006932 -26.395763 1.868429 -4.6122994 -0.26381275 -7.0993376 5.425581 -24.441843 23.696737 -10.722385 -4.8151217 
-300.01706 102.7149 11.659145 45.44493 3.8654306 13.357447 -16.179379 -12.466369 -10.912956 5.396606 -27.97361 -5.5529594 1.6873729 2.0360742 -11.421334 7.201684 -13.662049 10.12129 -8.986235 -7.9488373 
-315.83096 90.70481 43.109303 42.145752 5.8504524 17.943935 -30.380758 1.8513494 -18.523497 1.9125394 -27.744581 -7.421998 6.4074163 -3.505882 -12.068024 10.654751 -9.9672165 13.058905 -14.447244 -4.973092 
-412.10168 127.47499 13.184168 43.516037 7.628127 17.141376 -4.5209327 7.5971537 -4.892036 6.3795614 -16.734486 5.191115 -4.497907 1.4901897 -5.929588 1.8303549 -10.249528 2.8217168 -12.128986 -1.7347586 
-360.18784 143.00117 6.3465867 42.443806 -0.10341411 11.535679 -2.1774385 -7.7688107 -17.824942 0.1228199 -15.404445 1.5016937 -4.4399962 -1.8083186 -6.6535892 1.8236593 -13.924946 4.4079666 -11.81324 -9.060207 
-292.59357 134.56421 -1.7929605 46.170166 -21.57756 2.6565208 2.4910016 -17.064562 -6.8569455 -3.770261 -22.725853 3.5942545 -1.0617356 7.5641685 -9.509789 6.1106505 -12.865704 4.2357755 -17.63283 -3.9657135 
-285.2642 132.92145 -14.1714525 45.018913 -2.7468896 8.9092865 -11.592564 -27.302439 -14.28841 -7.327311 -15.736387 7.7628074 -12.464372 7.174844 -8.620327 7.8444695 -15.186146 7.690689 -13.86118 -9.284917 
-266.6963 164.74313 -35.788918 32.976463 -38.361774 9.23092 7.416563 -26.753311 -26.649511 -3.293066 -8.338822 24.350784 -14.454902 5.5853934 -16.586784 6.214472 -20.516258 13.231746 -15.544971 -13.86504 
-307.9804 162.64087 -8.690517 31.530117 -38.873417 10.6286335 4.650479 -19.512001 -28.563972 -6.6163235 -10.315922 24.07041 -6.775678 7.902517 -18.182138 7.825724 -17.170647 14.452335 -19.621744 -8.256576 
-425.95047 132.75009 9.6027155 39.122578 5.473054 10.67239 -7.114941 10.94154 -12.776552 8.01385 -10.1347 4.8795033 -8.02059 -0.14749473 -4.650753 3.2300227 -11.939299 2.878558 -11.821891 -2.706832 
-425.15656 136.34987 14.316227 39.969204 8.885622 11.651803 -1.2374176 12.470305 -10.790252 9.209496 -10.414777 5.0315113 -5.406218 -0.8045261 -7.5875616 2.4585373 -10.965037 6.818331 -9.975961 -2.164571 
-356.11047 101.11917 27.93535 31.988033 9.661195 7.9553137 -0.35654327 5.854442 -16.05719 8.26061 -20.28254 2.3570192 -1.5159576 -1.1520886 -7.8009653 7.1317205 -12.921946 5.975146 -7.0176067 -4.9556623 
-288.0072 86.16448 42.10948 26.89979 2.7087226 5.336464 -8.083775 -8.025946 -25.677774 11.75589 -33.02299 -0.24559127 -7.5059834 -6.983802 -12.332624 13.302464 -14.450633 8.743327 -3.3089 -4.967409 
-345.2717 126.2164 45.251682 33.943947 5.5363145 4.1399655 -11.285603 -3.5256484 -24.058706 7.401888 -26.949114 -0.59236676 -5.5774374 -6.58299 -3.429881 7.6930566 -12.457039 12.588019 -4.606224 -4.850015 
-259.87048 141.49773 -22.28236 20.169188 2.8724976 2.8342588 -6.8865967 -21.18671 -16.024471 0.45456368 -23.567665 10.807769 -5.742876 0.023606539 -7.7825274 5.502267 -19.528797 15.034078 -10.734745 -6.9391465 
-400.97165 147.9 16.427649 38.833164 14.443417 6.42874 -8.978805 4.7634053 -12.771369 1.4403788 -11.724133 -0.80751854 -6.0524178 -1.0248553 -7.709585 3.267643 -8.631417 4.370966 -11.071851 -2.0624075 
-208.45404 124.82265 -43.826534 15.6718855 -22.478067 9.690429 3.1166697 -13.650934 -6.284476 -2.1303992 -14.166748 0.18269438 -5.979553 -1.8863882 -15.793518 7.033176 -16.488546 20.033794 -12.778096 -1.3075842 
-289.32568 108.34495 -7.0282345 74.15115 -17.327301 -3.3947065 -2.6712015 -13.246075 -6.454447 -12.136933 -23.69612 4.0869207 -0.3516721 -0.6968667 -1.2159837 15.070965 -20.775389 4.778551 -7.1663218 -1.4412066 
-289.28665 111.464645 -6.027677 53.89812 6.8842115 7.653428 -21.741226 -11.947189 -5.2077065 -1.394326 -29.146555 4.8230066 -0.4347744 -1.8558271 -15.7901325 14.669795 -20.165222 2.6764603 -14.823395 0.64670527 
-273.10657 135.31253 -11.710516 34.837296 -25.86085 11.599784 5.6135635 -10.606192 -16.716053 -7.434121 -21.381409 7.190955 -6.5266337 3.1982837 -13.6460085 12.23317 -11.972733 7.498618 -9.352066 -4.5140076 
-295.31668 96.598885 3.97838 60.76829 0.4089436 -6.969752 -14.6339 -0.966447 -10.026878 -6.4040437 -29.453182 1.7644271 -1.6070809 -2.0097187 -11.506576 11.594765 -15.85584 2.69365 -15.886039 1.0661498 
-377.7672 132.96075 10.724239 44.494377 15.303299 -0.03499667 -3.6537988 5.97457 -10.857078 0.8846914 -18.228504 -6.0524483 -4.757001 -6.610926 -8.504856 2.895099 -5.6416507 -0.58392864 -6.8332553 0.14661878 
-291.09198 139.23434 -13.465089 31.28877 -16.06991 9.390676 11.1077795 -11.098415 -16.356598 -0.6433862 -22.575386 7.9610443 -11.097094 3.315475 -7.835349 3.6100998 -16.556427 8.685487 -11.587873 -2.6349516 
-337.2563 85.51495 47.159737 37.637253 -4.6059484 14.727744 -10.484984 -5.4140506 -18.828026 5.8868885 -26.301651 7.339909 -7.0462923 0.4694876 -12.853992 7.181003 -17.5273 10.833937 -12.899246 -1.7596207 
-271.07654 97.74188 -6.8966885 8.979049 -10.757736 19.730457 -9.412411 -6.505518 -20.65766 10.731179 -17.448805 7.957947 -6.0364833 3.2625072 -9.088109 0.053712104 -18.240734 16.031944 -9.252331 -3.8857374 
-339.93942 120.57565 -1.7476014 24.37462 6.329394 17.368965 -11.026918 7.224546 -5.1839223 8.503761 -23.600609 -2.639765 -13.013448 0.47658813 -11.442365 2.7189322 -10.094552 10.651821 -15.680684 -1.1799529 
-397.0284 124.38724 11.776213 36.033398 9.171853 12.558479 -10.247494 3.966115 -3.1515207 7.787991 -14.86596 2.9948156 -6.651342 1.7014316 -7.4546256 0.34334457 -14.925923 5.439802 -12.798472 -4.2599826 
-294.87854 103.31981 23.779778 17.076118 -20.690582 15.320957 14.120648 -7.584196 -18.981846 10.4902 -27.46054 5.908171 -4.5748634 -5.8133464 -12.3017845 9.815073 -12.997958 9.230882 -8.162566 -8.405293 
-249.55032 135.23468 -11.529502 10.752029 -5.3343644 0.5769156 -10.486677 -2.074781 -11.9394045 1.1317908 -20.01529 5.0577207 -8.523017 2.5009465 -9.90269 4.618015 -15.94419 11.469473 -10.502605 -1.2700838 
-267.8411 115.64523 3.4006343 24.405577 -8.799816 16.551949 -8.554275 -12.986536 -27.555002 11.766842 -17.755566 0.3558919 -5.996074 6.3961616 -14.233171 9.028126 -20.33303 8.0039625 -16.691387 -1.8007846 
-311.62607 92.09957 26.300222 46.10243 -8.235376 12.547828 -10.328494 6.1504498 -16.783394 7.7920055 -19.090857 -2.0688825 -7.792439 -0.020260917 -12.347494 13.985528 -10.254963 4.062197 -11.037586 5.0880146 
-259.94586 106.59384 -9.639565 49.69864 0.66395676 3.3104186 -11.973102 -14.01474 -16.875162 9.594321 -29.08132 2.9642968 -4.637084 1.8333075 -10.9605875 9.237614 -16.39583 6.074238 -8.599886 -1.7650715 
-237.09367 83.68247 -3.1653094 24.99151 -1.7115846 20.019417 -27.377108 1.2720886 -3.038113 10.438748 -29.666952 5.596304 -7.6570835 1.3202645 -6.2948213 2.8594513 -16.174938 13.173706 -12.312758 0.9403824 
-259.7904 129.81876 -29.25728 14.266447 -3.848849 25.770987 -12.778457 -4.2283726 -3.3119383 6.683241 -23.939219 4.061557 -21.425 5.7652802 -6.8982983 3.6677694 -15.044761 14.259192 -7.8780866 -3.0735517 
-283.3629 151.91197 -9.568144 26.365807 -32.00023 -0.5295466 16.15169 -12.859898 -10.438771 2.3173647 -25.954134 5.3812704 -13.2956 5.716712 -10.191916 8.263764 -16.438534 2.4410374 -9.6041355 -4.6520605 
-326.56232 148.32951 -15.718325 26.339382 -6.7944875 13.405836 -11.080876 5.604297 -2.9133482 7.1653953 -15.766588 -3.3941474 -15.767737 3.4041183 -7.8441186 4.5991764 -15.112152 16.262367 -12.244719 -4.4977427 
-333.57065 138.87593 7.8923764 26.698862 -19.713448 10.952216 17.449938 -1.683682 -14.648479 9.283686 -26.402578 8.776482 -7.602924 -0.45766532 -9.055232 0.38898802 -11.991052 7.980413 -8.446402 -4.051319 
-374.98868 131.34203 9.182308 29.34732 4.3740897 8.142497 0.5670051 5.203844 -5.5755568 11.358878 -15.4493885 2.4955556 -5.9021244 2.3113222 -3.252366 4.1334863 -11.286152 5.5069103 -11.439431 -7.8997583 
-357.6478 95.1766 27.151602 29.039001 4.985903 19.40257 -5.8921185 3.2599554 -15.310375 2.9584987 -19.393185 2.4582417 -6.0269294 3.4263375 -6.5456376 9.268227 -11.927288 4.373838 -10.308974 -3.3529418 
-302.88586 136.7958 30.137285 21.679695 -18.140972 -8.673435 5.850317 -9.637035 -12.435005 -5.2206135 -21.704018 -3.7122061 -2.4703534 3.2556422 -13.315565 6.2883015 -17.730247 3.8542469 -10.635678 -4.0395393 
-364.7409 156.4113 57.749565 34.610325 4.717278 -12.211728 -23.639326 -11.144984 -29.770481 1.611746 -26.621723 4.4726667 -11.915858 -3.0160875 -6.1243186 -0.42519784 -7.542962 3.9853995 -3.7412305 -2.1912477 
-317.6023 135.45786 18.948616 31.508823 5.304999 -9.260601 0.022028817 -9.339067 -22.241613 -3.8185816 -20.123863 4.0666757 -4.4584208 2.9304035 -0.778085 4.909291 -14.2749195 8.126842 -8.604351 -8.131164 
-295.54944 118.70553 37.632908 16.899529 -4.8502445 4.397379 -5.8541293 3.4401906 -22.739826 3.2381244 -26.890877 -4.8956647 -5.79627 2.609137 -2.989035 0.08205906 -20.595205 3.4044306 -11.70464 -5.3700695 
-302.00668 126.5598 11.847827 20.740152 9.414003 16.363642 -17.479752 -15.364781 -26.732504 15.233322 -21.37379 6.580734 -12.697465 3.9588716 -1.017267 2.3350413 -12.102926 6.9240856 -12.3468895 -3.5592084 
-302.3359 139.88414 0.12995571 24.712519 -10.095406 9.84499 1.9341426 -3.1722121 -20.716846 10.156437 -18.758215 2.1578093 -7.5878973 1.5292765 -3.8793907 3.7120335 -10.916223 7.318339 -5.5346737 -6.1733885 
-279.0907 134.27563 -20.642635 27.815626 5.3549848 8.448795 -20.631546 -6.109966 4.554159 7.2694354 -26.636103 -0.21979041 -17.57497 5.2709527 -16.757763 3.626954 -14.44029 16.092022 -12.12348 -7.7102256 
-285.8141 148.1852 -18.193087 22.965906 -19.609936 16.443508 -2.178229 -10.643848 -26.324974 15.789793 -16.758852 8.901432 -8.804946 -2.0633097 -15.6589575 10.491628 -17.705845 9.887589 -6.33832 -6.0972943 
-292.47278 137.43195 -7.761372 46.3419 15.28755 0.3360635 -16.087976 -21.88822 -21.85904 11.573595 -29.362362 -7.3332105 1.2910119 7.5777445 -3.2097847 10.186883 -12.439802 11.480338 -5.1614876 -14.134571 
-316.66803 123.00511 9.396549 60.112175 16.943636 -21.473543 -5.6230383 -0.20345348 -17.734337 0.34292433 -28.15652 5.581216 -3.5955167 -7.970132 -0.12456451 12.550677 -13.3769045 3.5065234 -3.3801765 -10.919696 
-317.0059 149.44196 22.675812 23.215221 0.093586646 -5.0918407 -13.655269 -15.199673 -30.997185 2.14125 -33.466892 7.939596 -7.624637 0.76189953 4.479505 5.3259735 -5.92652 4.294848 -3.1090975 -12.76557 
-308.69647 103.74643 24.12366 35.32872 -5.020262 15.582496 -1.8245332 -8.376571 -14.721688 9.5578985 -30.529549 -0.96317697 -6.2530646 -1.3412323 -6.375396 4.3364754 -18.62721 7.9344277 -10.552914 -1.5536354 
-320.2628 124.26751 31.396471 26.035532 -19.92092 6.41623 -1.8160788 -6.285299 -34.184647 2.055748 -30.958157 6.0829153 3.296437 2.12264 -8.455126 10.242825 -7.761273 3.896116 -7.6011887 -9.706361 
-254.5662 109.77047 -20.56978 21.61782 2.4269402 3.4449298 -27.842863 -0.32356963 -8.358802 14.140329 -21.629635 6.1830196 -9.838623 3.5814908 -15.881729 5.3352413 -19.479378 18.558037 -16.022188 -3.1525564 
-398.02078 122.832535 7.979865 37.21425 0.6127197 8.3412485 -8.537045 13.231022 -4.569332 5.8570623 -19.058376 5.596212 -9.55081 -2.3944952 -3.4389882 7.1924243 -9.457668 8.714593 -10.7604475 -5.4520793 
-380.46964 133.30882 26.440248 39.081203 11.306081 -1.2847623 -10.760021 5.4714494 -15.065338 -2.2663798 -18.706362 2.6771555 -7.816151 2.0853128 -10.883865 7.950604 -14.151508 -0.63054305 -11.992678 -3.162025 
-293.57745 140.21808 0.52523243 29.628645 0.07229074 8.192905 -18.170937 -22.07199 -21.76009 9.373173 -18.814735 7.367106 -15.43542 8.525603 -6.376776 3.3572016 -14.700199 9.650784 -13.523117 -1.0200944 
-379.33142 91.37678 38.967743 24.23327 9.947253 13.934576 -11.59162 12.990724 -20.435127 18.243675 -22.151802 7.5610538 -9.576842 4.0550213 -4.6070533 5.2119055 -15.158527 4.1125693 -12.776397 2.273713 
-310.7444 152.66452 -8.936563 18.111897 -26.456604 10.321804 -2.6196375 -1.1039757 -22.963036 15.270041 -20.097805 5.0446706 -4.9340916 2.80072 -13.586681 6.7200537 -16.701597 8.052252 -10.006222 -2.7136083 
-236.79523 74.78866 29.346107 0.58008915 -11.326791 19.97424 -22.12252 -5.1578093 -14.745834 17.565184 -26.928684 3.6301897 -5.338827 -2.8016007 -9.874649 2.9413955 -15.537715 10.730373 -13.4976845 1.2917439 
-271.73996 138.49275 -4.9198666 14.67551 2.1917922 8.4954195 -15.451263 -11.018378 -7.633062 2.2011461 -25.953022 -4.366372 -10.25539 5.7092705 -10.651666 1.2285142 -14.808925 6.8545527 -12.354136 -3.493058 
-302.73288 114.81599 -3.6399722 55.462788 -4.1234074 -2.193738 -20.782295 5.4229755 -7.176752 -7.4221945 -18.862553 6.753193 -15.80551 -2.7620049 -13.387671 12.672021 -15.675478 12.585677 -10.470686 -5.5702786 
-286.94366 73.98331 22.598745 51.268143 5.9132857 1.6029636 -24.215021 4.7759457 -15.876999 -0.60593754 -28.439034 11.51545 -2.3900616 9.284214 -12.65436 15.930324 -14.12907 4.127168 -16.761238 -2.5704997 
-291.29108 113.67358 0.97596866 27.585432 1.0893623 7.503652 -21.38632 4.420258 -7.079538 4.718106 -29.924551 -3.9806862 -9.450982 0.79971427 -15.085085 3.0649219 -6.877123 12.7292795 -12.708695 -2.4799247 
-351.08835 115.38189 30.439684 60.833984 -4.955946 6.0187774 -9.07997 -2.5783274 -17.580992 -5.0083904 -23.789356 -1.014606 -11.199094 -1.6127483 -5.182775 14.210964 -18.699715 9.71976 -11.20906 -3.0185726 
-282.50067 131.71721 -38.584354 18.01148 -6.8281727 30.428175 14.321202 -11.676652 -22.383188 14.491863 -23.38201 -0.430823 -12.341272 -4.160879 -16.648676 7.375124 -9.039592 9.236436 -10.264994 -10.286476 
-287.9519 128.69751 5.798786 26.173883 11.577458 -1.2520427 -16.324875 -6.724399 -8.658085 -3.0496633 -23.714556 -6.192575 -9.577543 9.754844 -9.77681 4.2440643 -17.444744 -0.3638719 -13.220932 -0.20565265 
-244.42877 108.17526 -34.31617 23.246498 2.825591 14.751331 -12.418615 5.087426 -6.090784 3.9721751 -24.96477 9.07307 -7.788174 0.8714583 -10.960381 -0.73245686 -21.203993 16.91856 -3.6726854 -5.4223447 
-303.06375 74.33134 29.263493 63.165825 -16.956364 10.460016 -17.00303 3.0042946 -9.656358 -3.8923798 -23.474566 7.8524976 -5.864332 -1.983242 -7.1201925 19.201765 -9.59358 2.7699485 -6.17104 0.91431165 
-351.59436 114.983795 24.126291 49.115017 1.2186708 9.319458 -14.485072 -2.8581896 -11.65516 -0.11984052 -26.235596 -7.2005634 -1.1540611 3.3976731 -14.405494 9.04588 -6.6621847 6.920814 -8.24726 -4.1024647 
-327.79156 115.385345 22.182514 34.33408 5.0814195 9.509641 -21.752048 -10.462572 -16.703096 6.2515225 -23.884634 -14.043278 -1.2730936 5.6527805 -12.378056 6.5717664 -11.304676 10.766105 -11.458724 -4.5427103 
-352.15912 141.68883 8.060123 24.681774 5.6974773 7.014015 -15.46097 -10.0221 -19.45446 19.222391 -17.838308 -0.10458872 -10.651351 4.1008687 -8.746528 4.8443856 -19.929176 0.85447645 -7.9078465 -5.5764856 
-417.95093 139.57454 12.664888 34.05217 12.113507 12.870645 -6.8997464 13.094031 -11.257023 8.776813 -11.494036 0.5880504 -5.7168574 0.22437736 -4.8842754 7.2637525 -14.114503 2.66804 -7.3981605 -4.401295 
-318.28943 145.45543 7.785006 10.147766 -14.530572 15.894921 17.293974 -2.0038424 -18.087677 4.30794 -26.203197 4.163918 -6.084376 -7.755144 -13.008795 2.4323683 -14.767241 5.7352543 -5.9010115 -5.765497 
-311.85107 41.011185 59.57986 20.45166 -1.4324069 21.956078 -9.684627 9.785383 -14.763743 12.228059 -23.958961 1.3538935 2.253905 -2.8969646 -14.776096 9.952736 -18.616304 7.9146447 -8.772461 -4.4808106 
-312.56604 121.974884 -2.2778277 35.596466 0.3064465 7.8308215 -21.845606 -3.4018037 -11.531205 3.9388552 -23.850546 -6.8112082 -4.9942455 -3.8870256 -16.479733 9.789127 -7.8199997 10.600882 -16.403664 0.17354584 
-305.58533 115.00704 15.410665 27.443377 4.9962077 10.4324045 -11.910755 -11.465658 -14.337231 8.457174 -23.408842 -3.0805042 -1.1859201 3.1262445 -13.411609 7.156495 -12.484882 7.6620746 -11.346149 -5.2016735 
-296.5658 53.530598 57.39759 59.183098 -11.256284 14.410085 -15.227779 1.2221614 -20.026772 3.9428995 -28.62456 -3.001894 -7.9426904 -5.503663 -10.617816 8.012342 -17.699333 7.6904883 -10.232078 2.350172 
-317.19766 97.32623 21.410011 42.40863 11.621444 4.992522 -18.039253 -2.41154 -14.193776 3.011819 -32.363926 -4.486402 4.4079885 2.4089596 -6.4043646 6.5276785 -0.3795718 4.875285 -16.713087 4.1051035 
-335.3209 128.65758 -6.156301 36.088432 4.2915883 11.914522 -8.781443 -3.239243 -5.1784306 5.2262444 -18.536324 5.625635 -2.5490408 -0.950414 -10.53614 -0.085757084 -11.633448 10.327414 -10.414022 -6.6414347 
-272.88577 139.7409 4.3292446 14.861759 -4.690254 0.9063188 4.2783504 -16.937372 -13.208534 1.7196676 -18.314323 1.0349925 -2.6730597 7.877472 -11.486528 0.9417605 -18.485512 -2.0478427 -22.642311 -15.1139 
-275.35504 112.27909 13.757676 29.97695 14.02975 0.5321897 -24.25807 -13.085184 -3.0071216 1.5935782 -22.889194 -4.5224824 5.830467 15.334688 -17.023682 5.331501 -7.2385144 1.2763903 -26.398762 4.0917363 
-236.9821 97.35547 -9.882205 21.196955 -6.6957912 14.391905 -14.663609 -6.212678 -4.77932 13.63038 -13.478947 -2.808924 -8.746114 -0.1116707 -17.089705 5.504209 -21.83278 13.070126 -12.811062 -6.191698 
-262.45377 113.56125 -3.1681616 6.8096123 0.43790585 30.60457 -28.433918 6.3811984 -12.916858 16.494543 -25.292559 -3.4418669 -7.737196 0.17340475 -5.0691147 -0.7388573 -15.904714 12.538296 -15.7554035 0.5735247 
-278.4428 90.85444 19.387007 16.45893 10.076965 11.717375 -23.535152 4.7445083 -0.3686945 10.492964 -28.620657 2.0959978 -13.691085 4.684614 -15.199302 5.876713 -5.6705723 8.095941 -14.528438 -6.486248 
-239.47168 128.47673 -24.471191 8.167083 -17.513817 24.840664 1.3907591 -4.44533 -17.176968 7.764111 -18.87328 -4.3452964 -13.498335 -4.423185 -10.978332 12.670379 -14.102029 10.981291 -9.502738 -4.769032 
-312.0676 134.47433 4.617977 19.511528 -36.044765 17.801088 14.001416 -3.872523 -18.285603 6.0395427 -26.368568 0.32573402 -1.7584852 -1.8938836 -19.892616 11.826902 -17.789879 5.648224 -4.176105 -9.126252 
-287.21326 99.46744 31.43573 14.451038 -27.980934 15.410407 0.109399214 3.764728 -19.26101 13.833408 -26.508913 2.9804285 -4.8956943 -4.2806177 -12.111903 9.820153 -10.682851 7.0574884 -9.566804 -1.8637025 
-370.0342 138.83966 29.103275 35.53564 4.4459686 5.5641456 -10.831327 4.9917316 -13.181651 5.7897863 -20.920403 1.552109 -4.8730884 -4.8733034 -11.087489 6.4809256 -12.394568 6.807456 -4.1621847 -4.645553 
-297.27255 107.413025 20.333462 20.418123 5.361986 23.119595 -19.528036 -7.755361 -16.449175 12.313267 -21.362282 5.652155 -7.953554 4.956358 -8.577223 8.366935 -18.604824 10.405342 -21.482704 -7.5839047 
-317.47668 99.98722 28.425531 52.706837 -2.381198 23.077719 -26.053654 -3.2785053 -14.8821 4.5957503 -31.096226 -12.819063 3.2490973 1.9367665 -15.685717 10.126102 -5.7651486 12.853016 -15.146425 -3.5266457 
-409.26477 128.45564 11.999745 40.275978 7.7777905 18.337639 -9.189763 11.334551 -6.337026 6.551605 -13.037739 0.9709147 -3.0737484 -1.1284913 -7.536412 4.3745484 -13.705377 4.653267 -10.152638 -5.206346 
-423.94562 139.66618 12.64143 38.473328 7.794598 9.24475 -8.40982 11.175747 -7.534841 7.281845 -10.793583 2.8875961 -6.314384 -3.387271 -4.8259025 2.8747997 -13.523661 2.21871 -10.909191 -6.13418 
-312.68207 147.70981 13.711801 11.3585205 10.836792 15.112924 -20.725159 -20.729254 -25.3167 12.075667 -20.367119 3.5171983 -12.782898 12.1161375 -7.497017 3.7815738 -17.628178 6.0438633 -8.833812 -7.136017 
-263.7149 115.74916 10.207153 23.518995 -18.951612 25.465046 -18.063269 -24.345625 -32.363186 13.88419 -20.641468 5.9075675 -5.0949283 8.524553 -13.67671 7.4931793 -14.7365265 4.1945634 -13.957085 -1.8393906 
-324.963 136.8056 -1.5243402 30.7407 -12.838017 21.218275 -15.835715 -16.8488 -23.25472 14.529676 -12.365293 10.471669 -8.51247 1.7310911 -13.118483 11.086393 -17.076736 6.667383 -14.606991 -2.1589262 
-293.839 160.0163 -20.27238 22.977776 -30.088545 7.2815027 3.2505653 -7.847946 -25.760471 15.072453 -20.495937 1.8034521 -2.4578135 3.328453 -9.241092 4.8900948 -13.16794 15.210188 -10.432747 -2.7464457 
-289.9576 137.27379 -16.125854 29.791979 -13.560184 15.528539 -12.814484 -18.24723 -15.073395 10.503709 -13.739136 3.3033345 -2.979069 -4.2213535 -5.9599705 6.5063457 -13.023564 10.567478 -11.588207 -3.921929 
-324.38483 110.92031 13.419641 27.825142 -9.708068 12.797547 5.935621 -0.0021217135 -15.69456 8.729878 -21.003635 0.28413174 -2.9560592 -9.992083 -13.364896 7.7220316 -13.381956 9.346171 -9.394972 -2.7976034 
-350.90076 90.773026 21.009163 47.220776 17.47324 0.24623129 -12.86224 17.471708 -20.130884 11.971127 -22.880686 1.8883888 -5.417795 2.883914 -10.998084 5.2621155 -14.922115 9.997024 -6.384466 -7.1085544 
-413.0419 129.08629 19.608015 35.218422 12.160944 10.057731 -8.693098 13.691539 -13.62688 5.1323566 -11.601905 4.285822 -6.9033136 -0.421579 -2.9364996 8.347765 -7.1189914 2.7703493 -8.475028 -1.3268058 
-427.92078 137.07364 16.47 36.635563 12.458367 12.03547 -6.681461 12.913837 -11.947514 8.475709 -9.344111 8.142551 -6.239167 -0.21060085 -6.0108943 6.563547 -11.309891 4.3822975 -10.906154 -4.508044 
