-422.1963 136.23839 18.690756 32.861694 10.704602 13.486252 -8.246391 13.539271 -11.812743 6.959337 -16.703989 1.4697737 -5.4463186 3.135428 -9.42601 3.9549017 -14.013054 0.3983232 -9.756624 0.17516047 
-404.02164 134.23505 19.015448 24.60012 2.8173854 13.853581 -10.431583 13.612233 -12.167645 5.564894 -10.913436 1.171329 -0.8064287 -2.2036679 -11.5552635 3.0195057 -14.212089 5.4780607 -11.594659 -2.064254 
-364.53955 152.80373 20.254673 17.098015 -12.851506 6.7947392 -5.4277363 15.814045 -19.502731 -0.46111998 -6.464576 -0.72387546 5.048012 -0.99147743 -17.438444 -2.801833 -16.482061 8.270847 -9.264169 5.4839773 
-398.9896 143.51945 20.683134 26.983587 1.3105198 6.6677594 -10.302639 9.904418 -11.24693 7.3715115 -12.83243 3.829091 -2.910453 -0.45701557 -8.999538 0.18899049 -12.1396885 3.7755198 -5.7764034 -1.0417643 
-420.22345 135.09358 12.673658 35.114346 11.067718 13.580841 -5.385148 10.054469 -10.838752 5.4443545 -14.071569 1.9960387 -2.2541292 -1.3181062 -6.018448 6.461027 -8.960296 1.9383073 -8.579159 -4.3799877 
-395.11288 133.1048 24.921518 34.31393 6.028915 12.661488 -9.879692 6.333277 -16.674614 6.547616 -12.546566 5.5002794 -4.147418 -5.771195 -10.099497 -3.438252 -10.308504 3.0771365 -11.1761055 1.8773719 
-318.8457 86.67099 14.994171 56.294075 -0.58865124 2.220059 -22.878834 4.1757197 -18.910362 2.6588075 -24.451797 11.212311 -4.24937 3.4635704 -4.950987 -6.4375987 -7.0737786 2.6142466 -16.726717 7.593311 
-341.8208 71.55706 44.672577 49.69798 -7.8257294 27.227242 -25.362202 19.399971 -26.760305 6.389195 -16.689402 2.5640266 -10.648606 4.8612957 -4.5372386 -2.7851639 -13.4571495 13.271312 -20.521893 6.635248 
-357.82535 128.06828 4.5880632 25.208244 3.0544279 21.33153 -20.198025 9.754827 -20.572264 7.499503 -2.3867671 -6.7291074 -1.6983815 -4.4466805 -9.195099 -3.4225605 -16.176594 11.722242 -13.41361 3.7115326 
-362.46185 135.47955 17.441801 36.493397 3.2669935 13.057239 -19.659676 12.248314 -14.077061 6.307863 -10.215343 -6.739294 -1.0043511 -4.2401395 -8.768189 -2.5889728 -15.1442375 6.313128 -14.626217 2.2660356 
-344.36365 88.59919 36.471233 34.20619 -1.0937152 23.198038 -19.950876 4.6302032 -13.273324 6.7366285 -9.264324 -2.7727878 -4.011846 2.776569 -8.713566 -2.1293142 -15.035278 10.379375 -17.389174 4.5631723 
-347.5884 70.14584 52.825535 32.744186 -2.6238031 26.94056 -17.212332 4.771784 -11.573894 3.122255 -19.400671 5.108408 -7.1339865 6.4988384 -5.6971927 2.7034192 -10.147556 6.7867565 -16.242004 9.125973 
-336.2198 43.38053 59.968018 29.229378 -3.0760925 24.924456 -13.859734 5.645437 -11.085151 3.6969707 -24.749166 3.4627292 -10.489155 5.3264194 -4.551504 -1.7032874 -7.4331183 8.831319 -17.649252 8.886247 
-389.23572 141.92389 22.079506 33.51109 10.556141 7.2352633 -14.769331 -0.6302837 -23.012035 0.5526481 -17.253532 1.1472211 -10.29875 2.021112 -5.7466006 -2.9861634 -5.060822 10.362651 -5.5755734 -1.725303 
-380.66 141.92674 18.475786 31.795511 7.688959 10.250106 -14.194355 0.40265545 -30.564964 0.07694459 -9.455181 4.8642697 -8.507731 2.0788076 -4.176578 0.70077103 -8.692059 4.042669 -10.837391 -5.4454584 
-412.87335 139.60506 20.15503 33.49946 7.4272027 7.7796774 -10.744535 6.839735 -12.162021 0.007998679 -13.771711 -0.5454329 -5.9764624 -0.98781246 -5.6970596 3.0030305 -8.08968 6.544656 -4.602698 -0.2955971 
-382.04257 119.53118 24.343712 24.13402 12.613181 10.132817 -8.4536915 8.059453 -12.302992 0.5346546 -8.962757 -0.2885983 -4.304807 1.574519 -5.247188 1.3229207 -9.583784 2.6711543 -13.14798 2.5222902 
-381.7297 135.9374 21.448185 31.405922 7.9203687 8.478781 -13.834347 4.998971 -13.717442 4.784606 -11.500597 -1.2621127 -7.5486736 2.1007926 -5.8399606 -2.5481431 -11.151691 2.441904 -9.267186 -2.5463495 
-374.12363 131.9195 24.66845 36.24048 2.0835497 15.494694 -11.423867 -7.046873 -19.940813 4.8812 -16.689816 6.1749215 -1.7836092 -0.16103347 -9.600944 -0.60852826 -14.945655 1.5695494 -13.878549 1.6947662 
-409.0736 122.666046 2.964179 32.76571 11.042601 19.216557 -7.127375 8.230435 -10.130103 13.930496 -7.6705956 2.9613395 -1.8658625 -1.3632861 -7.817849 1.6103188 -14.024439 3.4017496 -11.615126 -1.2552303 
-414.1291 127.77311 15.203364 30.229248 11.809922 16.216734 -9.519145 8.415073 -15.28735 2.4181328 -13.122707 2.8128085 -3.2166722 3.5026033 -6.8087397 2.8812697 -15.869038 3.0004768 -10.080902 2.23904 
-375.2761 151.16339 27.141666 23.974651 -6.020766 2.4935598 -11.502506 9.135184 -18.301146 -0.36336264 -17.410753 6.8277097 -4.2430487 -2.147194 -3.208585 -8.316724 -11.680949 -0.95239437 -4.8409414 -1.194785 
-331.25412 118.841835 7.7892466 33.922363 5.407017 9.628946 -21.51517 -0.8938201 -8.305815 12.519812 -8.860005 -4.1322613 -5.682311 -0.15515247 -16.042572 -10.807995 -9.513063 4.982038 -10.921011 6.2848263 
-338.1138 95.70093 30.345266 43.952602 -7.094762 9.917845 -20.852814 6.87335 -6.0408535 8.672259 -15.539269 4.6584177 -3.072408 -0.2756922 -10.467163 -0.3163643 -6.4348187 -3.4403045 -11.208086 6.5968194 
-403.65848 110.492355 26.621777 31.872715 1.5976592 26.175463 -17.6046 17.662188 -10.362587 5.1290693 -14.77123 -2.9381075 -4.598972 -2.596073 -0.7353618 4.656628 -8.884185 2.500739 -14.39497 3.7260394 
-413.53577 128.91388 12.725117 42.64055 9.842664 16.948738 -12.629862 10.118495 -8.935596 8.68962 -15.828969 4.0744042 -1.3877635 -1.7839274 -3.8650525 -2.5001013 -15.37293 4.3492875 -10.312277 0.7210528 
-411.87537 133.13689 12.767441 39.22029 12.833108 16.574318 -12.514345 9.26179 -8.450291 11.831393 -9.896532 4.892245 -2.8084843 -0.044627827 -4.647208 1.5765941 -11.600429 7.0612206 -9.547037 1.7677964 
-359.5393 112.09589 24.577705 54.311604 -10.691832 4.0456944 -1.8401574 -2.601121 -13.340447 5.9892945 -14.064813 1.4320011 -6.529492 6.8942657 -5.2931714 -1.737946 -9.938145 -3.540616 -12.216449 -4.9336824 
-338.31824 81.60599 50.884193 39.85296 0.14945994 11.001214 -18.354393 20.607845 -24.64527 7.071548 -17.373158 -0.38332006 -9.768584 0.10268799 1.1001687 -4.627928 -11.316732 3.0994203 -14.567252 5.533348 
-291.97543 126.29696 -19.710594 26.080868 9.485553 1.840613 -23.862938 7.9940853 -11.90336 16.254948 -15.769019 5.689401 -15.55038 -3.8319855 -11.478443 -4.695493 -6.7758975 5.116733 -4.5849447 2.076151 
-346.97552 122.25754 27.069267 22.047773 -10.529343 11.942988 -14.541158 5.0534396 -19.448624 7.3815765 -9.498214 7.568876 -5.5737705 -2.7838554 -11.989014 -3.4493377 -10.467028 4.9380703 -13.022419 2.090617 
-323.58942 114.86133 -7.633517 30.282766 16.991955 13.958359 -14.219107 12.706331 -17.098324 14.497679 -7.928117 2.0706723 -7.8508453 -10.61695 -3.4468427 -6.542724 -6.80834 5.0991144 -12.29672 3.0885167 
-386.2682 154.86055 13.0917 26.09452 2.4077506 5.987822 -16.511217 6.1283154 -17.075771 1.5245413 -12.602917 0.17560947 -2.4829655 3.01794 -2.046518 -0.41116253 -10.316631 2.954793 -10.853336 -1.1177396 
-347.36044 116.684906 37.91474 24.899803 5.2014093 10.638775 -18.592562 -0.28781658 -26.668009 2.2359483 -13.01888 8.918603 -3.991792 7.537165 -7.2659054 -9.1535 -6.033531 -0.9924205 -10.050423 -0.4166001 
-348.42752 77.75546 57.917778 28.572533 5.3540835 20.598045 -22.66838 1.7012514 -14.773585 1.3321885 -14.926478 5.510303 -11.6600275 7.996088 -7.3423486 -1.7936845 -8.918139 0.15570147 -9.846937 -0.76685065 
-357.50198 135.965 19.5047 22.14412 -2.213875 9.919735 -12.819277 1.7608485 -21.868517 -1.8950462 -4.1152396 6.2897053 -4.9107003 0.99655026 -8.5280285 -6.790212 -12.211515 1.5957462 -11.8185835 -0.8547484 
-342.0132 115.832886 10.208515 27.23278 1.7841353 16.100557 -12.883199 10.301067 -13.256147 7.7952523 -10.406098 3.873973 -7.3863688 0.9901105 -13.434576 -12.566509 -6.847062 3.2523968 -9.3949995 3.905301 
-360.87582 138.93913 -2.3000145 32.212543 9.029355 4.4377365 -19.034664 6.84991 -14.708925 2.1891012 -8.69192 -1.7744032 -8.503178 2.826063 -10.62043 -2.2756708 -6.3748584 4.363042 -13.194726 -0.4813214 
-324.1911 140.34673 -30.248396 20.43257 9.729104 12.61494 -19.668692 19.98851 -17.52571 6.9822793 -7.196204 1.9005904 -5.2454815 1.1203042 -7.7801557 -8.237255 -14.211952 8.855013 -12.32707 6.591445 
-348.2318 104.406815 14.872609 39.411522 3.3703089 10.451006 -15.9722395 18.362682 -15.694042 8.209617 -16.504333 6.5113735 -11.234554 -9.311535 -5.6905084 -11.3119335 -1.8367574 -0.19630963 -8.371948 9.814099 
-359.98718 97.80104 31.706434 49.463753 0.6028524 15.53127 -15.802921 16.149454 -29.802717 0.71699 -14.275079 -2.1317663 -6.0906324 4.751547 -3.11428 -0.14515987 -6.872127 5.2652597 -7.763283 5.644014 
-382.40988 119.29412 25.110426 43.062805 9.546019 15.15865 -11.564992 6.4689136 -15.921529 -0.548343 -21.053955 0.3695011 -3.0471509 5.284537 -7.9143176 3.218077 -3.4975195 -1.9154663 -10.104659 -0.046807818 
-427.07565 140.6682 13.882132 36.66987 12.5019045 14.522513 -7.212254 14.360057 -10.816082 8.071843 -14.1683235 3.6809087 -0.55101705 1.2134317 -10.25289 5.5138035 -10.473289 4.4753194 -8.187957 0.029476034 
-430.40274 141.28351 8.774404 34.34453 15.053733 13.644769 -6.241925 13.124737 -12.944103 6.1448493 -11.409231 3.8070269 -2.6889527 1.7304597 -9.894882 1.3692778 -10.036274 3.5599642 -5.197101 3.0790875 
-368.5701 69.5818 49.78381 27.734243 -1.2345741 28.043362 -22.276947 18.434587 -12.494849 5.566471 -9.637652 6.928977 -2.7825074 1.246552 -9.981407 1.1510408 -8.7502165 1.4251745 -9.178014 2.835679 
-370.78613 103.296684 45.962997 35.438038 6.5070477 15.276635 -20.804886 8.824902 -19.694185 -0.07893361 -21.304483 -1.9842186 -9.901216 1.424939 -10.779288 2.5519207 -4.4019494 -3.0761976 -9.602373 2.9858937 
-356.3963 97.06894 26.07279 63.551914 -3.9048517 7.442325 -2.2171745 3.9587305 -23.91589 -2.2278063 -16.835596 -2.4531734 -15.900611 1.5422283 0.6096708 -6.185352 -4.1272087 4.884085 -5.658395 2.7593367 
-311.48816 34.022217 32.23906 49.60339 7.0077333 -1.172065 -11.667977 30.668081 -33.071335 16.95225 -15.455732 1.2354486 -8.759701 0.4542265 -4.131536 -2.9830537 -6.776819 -3.9121552 -7.5452237 5.7491856 
-358.99542 116.25387 20.977123 56.116596 14.525044 -4.371481 -14.71375 12.285282 -27.520468 -6.4088 -23.058374 2.3879166 -15.967699 -0.7972522 0.45986176 2.924203 -5.468223 -0.77372754 -2.4809942 1.3563187 
-357.81924 80.166626 38.977104 42.88939 -4.188633 17.827248 -16.96748 13.83539 -18.663656 -2.1688442 -17.109692 4.8940363 -6.537114 1.7200224 -3.4853637 1.949516 -7.737574 3.0752575 -5.1364202 9.259042 
-349.7859 124.12753 3.1084692 30.281324 11.816547 14.875988 -24.736822 19.116045 -18.487652 7.7501965 -9.254141 -0.22375488 -2.3212283 -3.5776799 -6.138998 -7.3761783 -4.6791515 8.857725 -14.617828 3.7102907 
-372.85046 139.58734 12.714215 27.172237 4.7110696 4.8502216 -13.047004 3.641636 -17.1964 5.728907 -12.704086 2.9961407 -3.9882567 2.5351171 -5.854104 -6.5841823 -9.863628 -1.0546846 -9.489304 -0.31101248 
-335.6472 112.44283 6.83446 36.671326 4.929267 11.78861 -24.139244 13.715578 -9.381161 17.345589 -14.261126 2.7524002 -5.9110713 -3.952755 -16.257717 -11.351072 -3.6100137 1.589763 -9.184375 5.5997176 
-378.18417 138.22351 6.38796 36.170303 9.297216 5.3124566 -21.238558 8.257775 -12.491876 5.427994 -15.731249 3.8156848 -7.1965127 3.253788 -7.6091714 -2.1676266 -3.5525143 6.7782955 -7.9839697 1.7311298 
-330.0555 127.371635 -23.089092 30.467682 11.138255 5.628066 -17.263496 16.961187 -21.277687 5.634034 -9.384395 4.2096915 -4.568434 -1.1188881 -3.088883 -10.36359 -3.9262 8.916568 -12.88294 6.919164 
-377.11047 132.2949 19.19277 38.225937 9.705967 1.9500082 -11.280243 2.7488916 -20.558577 -6.8951635 -12.68752 3.5303988 -4.3406568 3.6399815 -4.1160383 0.7239646 -7.8256965 5.521509 -10.154073 -3.112219 
-328.21494 112.599464 3.8169737 43.528534 5.08632 -0.7414731 -17.128073 4.8643713 -18.962063 14.704976 -9.307346 4.6668863 -5.9499927 4.9791803 -12.130214 -12.33836 -8.834985 3.585027 -12.235841 2.795575 
-359.49692 111.552246 27.22431 43.186535 3.125401 9.641764 -22.434357 14.401113 -17.993576 3.7673693 -11.785571 4.967338 -2.6864169 0.84223884 -10.137696 -3.0253975 -7.4964895 -0.89322865 -7.378228 4.867576 
-341.47577 51.14768 64.44367 29.976332 -1.5832494 31.886057 -28.4031 25.847322 -23.313562 6.7205715 -14.845311 2.3066957 -6.542217 0.35842365 -3.0015695 -1.604708 -10.512222 5.0993543 -15.130195 8.637888 
-379.2212 124.566895 22.639492 46.555557 7.3569207 6.2512 -13.52586 6.854409 -19.648468 2.7681532 -15.627955 0.47516182 -6.436807 1.2272557 -3.88503 0.71743083 -10.168018 2.0318952 -10.744366 3.1796331 
-377.12708 131.97263 13.20769 34.30769 7.0717597 13.355562 -8.127487 -1.8249917 -14.064971 7.8453217 -10.211236 2.8134327 -5.4642987 2.2795153 -5.992921 -0.6462576 -10.601368 6.687696 -11.985805 2.252742 
-411.70715 125.22684 12.026844 36.03576 9.825474 21.033617 -8.258013 8.970489 -8.677903 7.752123 -16.961424 7.15315 -9.164629 -2.061432 -7.670733 2.7921681 -12.752145 5.3199873 -5.46433 -1.9851058 
-425.04858 133.62975 10.119089 32.865723 14.600342 15.101678 -5.2163715 10.639125 -10.040719 4.8376255 -12.582485 2.9192052 -4.680146 2.013311 -5.1263757 3.767056 -11.526884 0.6238947 -8.58761 -0.3262729 
-333.05643 114.11806 12.209378 39.968597 0.9205245 16.78159 -21.022963 -6.749977 -10.077136 15.570602 -14.885734 4.8101997 -11.5283165 -0.3652166 -2.515948 -10.968501 -1.6934743 -9.533374 -8.818735 -2.9534786 
-411.82086 130.88661 19.705898 29.23173 9.441902 11.546284 -7.2919903 11.066579 -4.7205906 9.092271 -13.243467 2.8686476 -5.3396845 0.7268888 -7.9719806 1.3219233 -10.901369 0.67508674 -7.2363806 -1.9102187 
-414.035 130.86371 19.057383 33.097878 10.958194 12.968762 -10.043886 9.6672 -9.689217 4.958112 -14.796551 2.8119388 -6.4918637 2.907159 -11.97067 2.027012 -10.806405 -0.85393685 -7.9568872 -0.13629039 
-355.2117 111.62305 19.826084 31.397692 -1.0562345 7.9945545 -8.802528 2.8200023 -19.031853 12.865443 -15.488798 6.2990108 -4.066274 -2.761201 -4.962231 0.062336817 -10.026677 2.4565349 -11.255805 2.5053296 
-331.01038 92.17305 40.11568 30.246307 -7.5963287 13.886244 -9.28559 7.8142996 -8.22066 3.2451158 -14.690441 6.5575647 -11.260207 -7.1562185 -7.4942627 -7.54089 -10.059616 2.4082286 -17.476372 0.63550156 
-343.47623 92.962006 35.55207 45.255417 1.1109799 16.891655 -15.8823 -5.8927364 -13.768587 2.9524066 -22.680704 1.9099011 -5.3468847 6.7955384 -7.081527 -0.8604194 -0.5917475 6.14532 -18.344776 5.3849297 
-357.22556 78.34654 41.265823 34.431805 -0.95224 23.282188 -21.017479 17.863256 -20.501213 4.466172 -17.635258 0.96397275 -7.3992176 0.1894956 -8.964578 4.5613155 -11.535351 5.293239 -12.8484335 9.334604 
-366.55594 88.65895 37.12401 40.73714 -1.31603 17.613676 -18.915451 12.416015 -14.033085 7.578876 -16.667294 5.7328444 -9.297371 4.2386947 -10.673043 -0.6599794 -8.624415 2.8435981 -16.492695 8.30826 
-338.835 127.54427 -9.532474 14.169897 6.01079 19.224655 -17.814627 14.43465 -20.29139 10.103445 -4.130224 -1.7785683 -2.2689679 -3.334293 -10.306782 -5.351003 -12.191613 12.710501 -8.744656 3.7696924 
-405.61615 136.67363 27.890766 32.66259 10.942918 10.144117 -11.390335 6.4670553 -16.192371 2.5715382 -15.98036 5.644331 -5.6287766 1.697001 -8.393608 0.9169801 -13.550673 4.640705 -8.196315 0.060838852 
-391.26184 136.03267 23.478455 32.540478 9.481544 9.440375 -9.613633 6.7025867 -19.910948 5.992838 -15.560225 4.8724017 -5.392014 6.2364526 -6.8160543 2.349173 -13.063896 8.406463 -11.606155 1.2898942 
-346.27646 98.848785 23.72105 32.98445 3.51202 13.166702 -23.361773 15.926929 -9.017153 12.179219 -8.063008 5.6089644 -4.505536 -5.2927985 -10.370684 -10.36434 -6.478465 11.44683 -15.074629 8.686479 
-375.73492 123.99406 35.018845 26.6508 5.3948402 11.811653 -15.253235 2.451726 -22.06634 -1.8913392 -13.749066 8.970173 -2.7096345 5.527173 -8.162027 -0.23787965 -7.223173 5.499438 -7.3580585 -1.9770898 
-377.2321 128.73476 19.572561 30.328362 12.869904 7.824935 -9.267405 4.8715577 -21.526075 8.035127 -7.9802456 6.759331 -7.0236125 -0.0062419176 -8.685762 -1.190198 -5.0748224 5.4846206 -6.9966054 -2.2015355 
-394.25827 126.277504 13.257516 38.543198 18.319965 7.5731483 -14.728566 5.2670646 -15.528652 6.171986 -14.040506 2.3980513 -7.203832 10.214412 -0.7630126 -0.2654372 -12.475418 8.262722 -10.23574 -3.7924967 
-390.82773 123.32556 12.690154 35.971077 9.103124 17.579477 -11.12333 13.851215 -14.710737 5.7445855 -7.829093 -1.5440354 -8.603597 -2.1127264 -8.557657 -1.7950715 -16.300266 2.0118713 -11.859312 -2.8510973 
-402.393 128.4798 16.3119 27.345854 5.8871155 15.526774 -2.9704328 14.069555 -14.182728 6.868886 -8.125733 6.163241 -5.598324 3.1653223 -9.866836 1.9051107 -10.712063 5.78536 -11.229599 -2.777505 
-342.2851 44.64321 51.099148 36.009304 -6.200563 24.980062 -6.061137 11.787652 -10.623691 12.174816 -16.330242 7.176563 -9.243295 4.8107724 -5.363741 -0.9788312 -10.526094 9.18597 -21.453651 8.614773 
-387.14838 94.96913 34.275967 33.71065 7.1471763 15.570452 -1.896132 9.74442 -16.48436 10.059241 -16.173683 7.0436096 -6.387968 1.6845253 -6.363638 1.9073919 -11.841185 3.4529798 -17.743807 0.974246 
-420.09363 135.8045 16.057747 30.384155 12.333432 13.65523 -4.1878204 14.230528 -11.491357 6.46788 -12.066403 1.6009221 -4.323443 5.5515857 -7.734557 3.1809063 -11.187746 2.8920221 -8.311819 -1.2063148 
-424.82492 139.85138 16.526777 34.99089 11.316737 14.104851 -4.0537314 13.599914 -13.936634 4.3347363 -11.797199 0.15624629 -7.0214853 3.585804 -8.808259 1.031597 -10.530531 2.3670728 -11.299675 -2.9800067 
-409.87415 123.83716 20.577139 34.2139 13.113243 14.714582 -4.754673 15.182951 -11.381191 10.662116 -13.605418 1.7139307 -4.605549 2.199241 -9.581257 2.5664668 -12.479638 0.4730899 -9.824499 0.8993564 
-415.0858 138.89294 15.958106 35.562134 5.398705 13.287022 -6.3902884 10.555048 -13.596035 5.3080616 -10.835785 6.501966 -7.196589 2.97617 -8.855206 1.0848069 -11.668752 0.025463633 -13.610336 0.5304759 
-448.98373 142.59094 19.311588 30.2444 13.51114 9.121904 -7.602926 18.36907 -6.825501 14.73224 -4.8917704 14.496727 -5.2409863 -5.4718347 -16.565588 -1.0588638 -14.43663 0.32952753 -13.557461 -8.49179 
