-386.65063 153.85449 30.571556 40.99146 6.9499273 -16.176092 -15.053434 -1.4620516 -19.400066 4.51343 -14.746633 4.8304505 1.0559268 -7.152104 -1.1558323 8.585365 -13.370911 7.1687946 -0.24013652 -3.2200043 
-259.44733 113.714874 10.1401 39.96569 13.439134 0.453894 -20.508888 1.9184259 -44.205948 2.5313768 -21.278635 -3.0842593 13.65084 -20.386423 -11.358903 21.035421 -19.932379 9.092477 6.9674344 -11.747687 
-299.60068 139.87392 14.907789 44.201862 11.483831 -5.909273 -4.869256 -7.1047173 -35.160305 -3.241364 -25.354477 3.6448653 16.758091 -22.915834 -9.237888 24.613003 -24.106674 12.631911 6.621016 -4.3753877 
-280.87836 65.191505 23.054876 55.019905 -3.033822 8.982342 -4.7145863 -13.318386 -36.21617 16.46388 -21.15318 11.622046 1.1738641 -15.003754 -4.102578 27.657564 -22.879179 7.334309 -1.2629845 -6.323298 
-301.0217 119.95297 4.577935 57.660896 31.704447 6.7003665 -15.344543 -19.986488 -34.578735 13.373257 -15.259306 -1.9804925 -9.378733 -23.569998 -3.0296047 28.404125 -32.982853 2.4224336 12.917669 -6.6593304 
-343.80334 76.952545 54.89993 47.71583 8.121338 20.763384 -14.273906 -3.9546 -25.590218 12.169481 -23.041813 1.409619 -14.263443 -9.585131 -6.517615 16.679153 -21.014442 5.7747064 3.5623686 3.067812 
-316.6276 107.2725 12.303669 50.995716 36.715504 2.844512 -36.255257 10.421646 -19.158346 19.42617 -27.585436 -0.33116424 -5.4701667 -1.7743093 -10.792381 9.9270115 -7.2596226 -5.3825836 -7.4642434 -6.704396 
-334.07086 181.83405 9.9886265 17.470749 6.3464236 -6.975332 -26.33059 3.215808 -15.237161 11.437645 -14.907743 14.774011 -2.3486993 -11.76035 -2.098848 12.303692 -16.78947 1.8836007 -7.7293262 -6.6400857 
-377.6239 103.36297 33.37561 68.467354 16.525099 3.246276 -5.4233847 2.8991988 -13.633366 13.885583 -28.143164 1.9464079 -5.0962834 -4.0552053 -13.957228 3.820672 -16.008545 0.7692071 -10.198492 -6.3358097 
-312.5465 20.800667 52.54487 69.798096 -9.889979 17.991259 -12.812488 2.0774896 -10.145363 14.298857 -26.46027 9.720186 -6.777864 -7.4874625 -7.0976305 6.1089535 -19.091337 9.298869 -6.155838 -5.7504764 
-376.7467 132.52264 14.656865 47.313843 3.1468313 0.33868062 -9.125423 -1.9528651 -16.288136 7.387679 -24.7157 -1.9656173 -2.8823595 -0.22055657 -2.294219 11.446713 -11.348702 0.9577863 -6.1587634 -7.959378 
-366.85016 141.2734 10.238441 22.298899 -15.840171 -2.172841 -20.695189 6.5389485 -4.4375687 12.409018 -20.247326 0.84296924 -2.4057317 -2.1074293 5.204977 8.449851 -19.901619 0.8377811 -11.82893 -6.023786 
-305.4809 145.81192 2.269561 26.735304 12.448394 2.7864926 -15.343231 -9.192856 -24.19361 13.321074 -7.514887 9.249205 -8.020144 -12.2957 -10.06887 4.8629236 -17.360231 6.218216 -4.9123244 -14.559862 
-225.14917 149.47516 -23.890095 10.797205 -14.56694 -3.8502858 -10.034936 4.586066 -19.97992 24.263046 -8.283356 18.486553 -7.1039734 -17.23022 -19.465977 7.250327 -17.75512 12.930296 2.5964746 -20.78023 
-278.126 121.17822 20.412033 13.749695 -1.8198236 6.1087084 -17.690475 -7.9835033 -15.251984 8.07861 -8.004591 9.885941 0.98262554 -12.98723 -9.830725 13.056937 -19.67946 2.510499 -2.3435996 -9.764831 
-305.52493 127.27208 13.716282 33.256516 15.272655 13.044462 -17.989956 -22.660805 -23.960701 8.187229 -20.834917 2.8165011 14.809811 -29.566628 -0.097022176 29.337593 -21.897095 9.230405 -7.4340005 -5.2977223 
-260.47153 100.61071 20.271528 47.14775 2.7972538 8.692738 -13.618863 -13.078322 -23.421112 6.7680936 -22.578674 6.8394833 5.6957474 -22.680275 -5.672562 23.387629 -20.000544 14.347227 3.7072406 -8.194663 
-307.07776 84.06776 32.20597 67.4585 11.714122 7.3983326 -17.573961 -1.4563069 -16.646278 16.836607 -30.047852 3.7386754 -1.6655943 -5.176063 -7.653 9.712185 -20.984812 2.0432348 -6.9128737 -10.800529 
-302.53232 153.19853 4.6098075 30.64795 15.114079 -2.3021665 -8.706561 -5.988449 -25.166162 22.534897 -13.768665 18.456242 -0.121583834 -16.009615 -8.208172 15.600745 -22.977955 -1.4436376 -5.446497 -13.77198 
-374.09286 126.45611 32.534805 28.351217 10.557697 2.5355656 -6.247516 7.124091 -17.28058 15.61382 -19.277672 4.9448743 -6.1407847 -3.56361 -15.839111 3.5486684 -12.500659 3.782433 -2.9606676 -3.12167 
-330.51224 148.3565 20.850822 35.08947 2.2914536 -4.867396 -22.37596 3.4107578 -18.617683 1.1911235 -16.067242 12.161724 0.0023794174 -10.510312 -7.086597 9.993683 -19.768475 3.8794925 -5.2693253 -1.8678174 
-292.59998 90.57131 28.198387 40.460476 -16.758827 -3.6616685 0.7258231 0.96016 -20.464794 14.543603 -22.354198 12.368586 6.7297816 -10.325302 -8.696036 18.611465 -25.30076 8.18663 0.10458054 -6.0495634 
-343.40796 91.347496 25.298025 56.601112 20.37742 14.705647 -10.591147 -4.2202106 -28.781664 19.90751 -26.60626 -2.1529253 -10.021673 -15.006932 -3.6990902 22.259197 -28.01056 4.2998967 5.93745 0.21056244 
-426.24652 140.03119 28.59417 43.8345 17.675678 15.838843 -6.8766427 -0.16006544 -20.015207 7.3377795 -17.065441 -0.44504356 -13.261473 -3.3796628 -1.7622887 10.077274 -16.828804 5.5913496 -0.7881963 -3.6615338 
-435.36575 115.58184 13.157815 36.382454 10.446552 13.51825 -16.263271 7.9565234 -6.3641586 13.654611 -17.364403 4.512051 -4.6850014 4.532392 -1.7006232 6.8181047 -16.640648 5.827589 -5.0795403 -3.5931947 
-442.0505 117.40899 30.50865 30.043592 11.74207 14.894619 -11.049885 9.997784 -9.4027405 11.618489 -15.670506 0.22332191 -9.129447 1.2356956 -8.063773 6.371498 -10.247114 4.394209 -9.38657 -1.4502733 
-305.15427 89.39692 5.5104756 74.46109 39.530685 -22.091166 -3.674887 3.3205142 -30.802006 29.281603 -45.780243 -6.3827357 12.075928 -10.802214 -26.890558 14.078422 -16.183058 -1.6234596 -14.044144 -9.142024 
-183.01622 117.58895 -23.908468 42.857346 3.8269315 -7.3393707 -34.66883 -21.103529 -47.14971 12.428612 -20.683374 9.078099 26.64555 -36.3679 -3.8704207 29.69382 -28.294825 11.310901 -7.482485 -14.851147 
-217.20918 134.84715 -19.861944 37.92568 3.5270436 -9.50902 -23.390757 -23.051727 -39.464638 4.3149066 -7.7005463 12.63809 19.752785 -32.612965 6.55538 21.634768 -26.289305 13.934914 -9.5792055 -13.784717 
-256.08572 118.91598 11.409402 35.057205 0.7797255 12.716277 -26.531118 -18.843832 -27.54808 -2.0519834 -9.661936 19.64403 4.0873313 -12.987929 -0.46586826 20.260796 -15.571186 0.9601785 -0.50548613 -7.9352884 
-417.7404 133.36806 32.70377 26.353977 6.9775205 9.134312 -7.092452 2.8672488 -20.29699 0.52415913 -15.941618 6.2353578 -1.5080427 0.8011283 -9.2786 6.961589 -11.432862 2.7034285 -0.7488353 1.8255727 
-436.85864 129.87437 36.9973 27.792494 8.764094 20.16626 -9.665371 13.001697 -17.324915 4.1065226 -13.198816 -2.2991796 -6.84681 -3.387673 -9.080486 9.312649 -14.570492 1.4367368 -3.112488 -1.6733568 
-288.74112 144.76414 7.041848 39.634087 -4.505955 -20.611319 -19.270851 -14.582149 -33.48546 8.397106 -9.319974 23.206982 23.79501 -20.136452 -6.4962745 11.015008 -20.58127 6.759424 -1.9541999 -9.287911 
-295.47076 124.892006 21.900139 43.45166 -22.014996 -17.624462 -15.773017 -3.821391 -20.430403 2.4261055 -4.5475755 20.327288 6.3846498 -8.412819 -5.776984 10.944606 -22.92242 6.040625 3.3994439 -10.644061 
-308.60776 144.66418 26.873505 54.814274 4.1529093 -31.65298 -29.648167 -1.9952074 -22.424854 23.835518 -10.0337105 7.6633234 -1.7535701 -11.9777 -2.9367304 8.760967 -11.576397 -5.6386414 -0.33861366 -5.1094723 
-202.05919 128.57013 -24.709854 32.45848 -4.842647 -9.007946 -24.08091 -19.311256 -34.314762 13.641638 -19.638243 14.131124 10.758104 -24.747566 -1.407487 19.154366 -29.09337 3.215635 -7.167478 -12.432168 
-285.19147 124.08534 24.70551 36.2694 -5.0101852 -0.6637121 -24.6447 -9.185743 -27.198599 13.052322 -11.817505 15.159786 5.3271794 -12.750227 -1.780173 19.114641 -22.67022 -3.666358 -3.451213 -6.977903 
-348.62878 131.61249 31.422798 47.25897 14.346612 4.199441 -17.648317 4.9417276 -24.598976 3.5988073 -21.081495 -5.539967 3.9423337 -14.275994 -4.489254 20.538467 -17.260178 -1.8062619 4.5486217 0.01826901 
-323.90918 135.50356 7.9297504 16.241997 12.634113 10.942334 -25.443203 -11.586494 -19.511934 18.018606 -7.7678385 11.607075 -3.1002614 -21.815287 -9.584599 20.510372 -18.837337 7.4993854 -5.300945 -4.094184 
-336.2214 146.54532 27.612755 19.91364 -14.378123 -0.31900322 -14.031841 7.2966375 -16.954155 13.683601 -5.1941314 16.978775 -1.3698198 -8.632405 -11.139943 9.406483 -17.766111 4.533949 -3.5972736 -1.4249573 
-368.2227 170.3116 39.0902 34.405815 -10.38348 -24.110031 -22.634668 6.826288 -8.539852 4.5557775 -13.444395 9.518711 -7.6163464 -5.7298226 1.9679699 10.699063 -17.107841 6.3212767 -1.5862418 -2.5263524 
-329.90857 127.53369 -2.0143642 58.241333 49.18067 -11.268513 -30.167162 -0.75139403 -17.71702 3.6067114 -27.569374 -9.273906 5.836933 -14.006126 -5.4746056 13.777355 -14.486679 14.089506 -0.99253297 -8.193864 
-381.75055 122.53726 22.895403 38.390053 11.724021 6.098654 -9.984163 7.9872427 -17.780342 2.33414 -17.324423 2.9383106 -13.620088 -3.8220358 -8.081558 6.89226 -10.950062 3.423065 1.0120047 0.24171144 
-368.92563 173.46532 23.39685 37.65771 20.6512 -17.37471 -18.927866 4.5585933 -26.051048 -16.230791 -24.302608 -1.9492213 2.5338674 -5.4657297 -0.5958593 17.24731 -15.763499 4.075713 6.0458674 0.17326337 
-314.3036 160.34975 14.570031 49.26635 3.058719 -26.261217 -11.05872 0.31158575 -38.096767 0.24985552 -14.679367 -6.6732993 14.311478 -11.851231 -2.5784519 17.898695 -20.829823 5.643483 11.632771 -12.133184 
-265.3047 160.6805 2.849346 31.57894 15.416 -34.19173 -17.26768 -3.8523734 -33.255665 3.5704439 -20.786505 -7.007616 11.709255 -5.4849696 -9.981317 22.049189 -16.77317 -0.9492715 9.781451 -11.84083 
-348.67715 131.25851 16.411829 56.359592 40.91031 -3.3988838 -17.9804 -1.4874156 -11.20355 4.831171 -22.52695 6.588964 0.8737884 -9.765529 -4.667383 11.787584 -12.08538 0.30859798 -2.6441896 -5.1605077 
-318.71902 87.976456 24.71866 62.71677 23.52107 -1.4115189 -23.845598 1.7784674 -29.085798 17.057335 -18.383514 -1.3535808 -3.2557688 -5.4370184 -5.175429 13.013276 -7.44821 4.8377147 4.4847813 -3.6316173 
-334.1266 130.11554 20.606728 35.671772 -7.456008 -2.7630205 -23.728926 6.4297276 -10.441308 10.313456 -9.017533 7.499937 -8.549961 -8.919782 -3.4668725 8.093333 -7.888502 7.9571652 -7.833658 -0.58766186 
-318.25534 90.13814 26.83953 30.431532 -18.269867 9.742349 -4.8121414 3.9920032 -15.639278 19.172115 -14.153447 10.388709 0.6300144 -9.913663 -8.907396 11.186378 -18.485176 6.7754517 -4.5933876 -1.3501078 
-347.1217 130.18417 13.932979 49.82471 29.01334 13.664836 -9.815208 -6.87007 -23.123463 9.900259 -23.400658 -7.6692677 -8.032081 -12.636787 -1.3674195 7.589057 -25.589535 1.4924169 4.8817234 -1.0370032 
-414.38126 100.33819 49.33968 26.998861 12.724268 23.78599 -18.41381 11.032476 -7.6627784 6.460206 -14.357751 -2.6004872 -13.393933 -1.7911447 -10.530312 12.012129 -15.895554 7.720231 -5.98678 0.03769423 
-312.369 135.1416 30.921827 39.608727 12.793558 -1.3436228 -23.826237 -11.09817 -21.595623 16.572739 -26.894451 -2.1616886 6.0152273 -14.874041 -18.377916 31.973484 -13.842977 -6.666506 2.1161215 -1.2992374 
-330.36472 63.186687 41.89949 50.893936 1.9716032 22.881355 -15.787026 2.0016453 -1.1684052 15.455675 -19.765684 7.554998 -3.6426 -3.549505 -5.034251 11.117368 -17.801826 4.9992833 -0.4356416 -4.8377 
-369.41873 80.14583 33.60046 72.31011 7.698348 14.255712 -9.143407 11.369099 -17.960472 7.05713 -26.674704 -5.574342 -1.0941812 -3.577357 -22.432655 9.495803 -9.559043 -2.3024426 -6.2223263 -3.1653082 
-307.15143 130.57304 11.967484 15.630604 10.214625 9.328798 -44.086983 -12.408148 -6.136349 23.969076 -3.0548432 14.372633 -1.7875715 -13.039939 -8.274874 11.66167 -20.122772 -0.7500077 -1.6095552 -1.8632647 
-369.86978 68.97881 40.042114 61.30839 8.318546 15.8238325 -13.676455 8.339904 -14.860118 12.787847 -26.608524 4.376994 -3.993292 -8.298519 -14.896408 7.023377 -15.597072 1.4664288 -4.1955285 -3.8743505 
-380.88794 140.39404 18.341644 27.686811 8.509137 3.3277757 -24.916298 -8.85754 -21.92792 8.380137 -15.733685 11.328262 4.0732846 1.5924238 -9.875599 6.6695585 -10.799931 -0.16972955 -7.5656543 0.40618858 
-346.1094 38.846043 39.01752 75.80969 -9.551112 19.569805 -3.1576993 10.247272 -9.750886 19.170128 -30.337294 3.9061651 -0.18812121 -3.8177605 -12.053112 7.9343753 -20.639591 8.128515 -10.031685 -2.833555 
-428.9193 113.95804 17.334375 45.087082 6.8508053 12.9752655 -12.810377 6.435339 -12.962865 11.291029 -22.719606 0.31831276 -2.7898211 -2.4097595 -7.525266 8.125658 -14.906157 6.9538994 -6.6910567 -3.5214152 
-394.68472 92.59451 6.895626 48.069107 13.164917 14.671912 -17.77217 8.330813 -8.227677 21.733288 -24.326445 3.5459192 -7.9497933 -5.598116 -4.5961533 12.412062 -22.387558 8.405374 -3.1517668 -6.3617215 
-406.66254 125.52957 7.555857 46.97155 31.382284 -2.163453 -22.031036 10.395944 -9.703459 13.634232 -23.979757 3.7738843 -4.54873 -5.997353 -4.8446436 9.043428 -14.665678 3.9034052 -4.3262396 -9.033604 
-285.77438 148.77112 -2.5759227 33.590366 33.436794 -15.903478 -27.420805 -6.267695 -22.776747 17.19088 -19.109241 8.796908 9.367291 -14.891366 0.7357869 17.039183 -16.147797 -6.329437 0.6735615 -5.8658133 
-310.2053 134.61461 0.6174185 58.671455 42.42244 -14.925529 -32.52333 -9.916711 -17.162865 3.3650045 -29.157955 -10.20677 5.405513 -2.1231494 -2.868329 15.25051 -12.671072 9.070675 4.2275066 -10.294873 
-325.02112 143.97937 -11.110964 6.770281 5.8016148 9.166473 -37.634987 4.5548654 -1.4453499 19.623392 -11.205046 18.676716 -16.031097 -13.269693 1.9744322 9.735394 -12.166028 8.780069 -12.480686 3.9434645 
-330.66086 178.75035 -0.6484479 -1.7473773 -4.219585 3.279499 -28.63477 12.904259 -8.519833 0.14155166 -8.076595 21.259363 -3.8202791 -9.98435 -9.248074 -1.3174187 -12.760878 1.7562153 -6.47914 7.948023 
-352.29312 107.14042 30.548988 44.32112 14.931316 6.274898 -10.107306 6.5167007 -20.319332 10.209569 -31.915367 -2.468608 -2.858256 -8.560054 -15.738972 16.936604 -16.13384 2.7285953 -0.998529 -1.514581 
-379.22083 104.384384 23.157547 74.30832 23.662727 5.3492007 -14.002919 8.315487 -24.659538 12.445995 -24.003597 -2.8891983 1.099481 -3.8803122 -16.59517 17.786152 -12.760302 -2.9104285 -7.091918 -5.485315 
-348.84802 155.99777 22.612204 32.060932 15.949138 -3.072572 -21.245531 -10.756924 -24.244293 1.7235788 -11.795788 7.262789 8.041615 -11.126683 -7.11483 15.755005 -8.572422 3.0699844 -8.125297 -4.0440226 
-362.54727 92.60643 56.63447 33.830093 8.557962 17.326221 -11.252791 -10.273296 -15.610748 2.1384175 -25.135033 12.470382 -10.628405 -3.8097572 -6.9484677 15.169623 -12.212643 9.399901 -11.7112055 2.304183 
-359.44244 135.54634 43.283722 48.942593 6.2347007 -9.12506 -22.971088 -2.3730414 -5.912071 16.2251 -24.072615 6.476696 -3.6136882 -10.644582 -2.6887867 15.02921 -15.438141 0.09390794 -0.944405 -3.7838812 
-328.73984 58.405273 34.633682 68.71357 7.046522 11.648711 -18.059515 6.4977293 -4.3678 6.0283957 -30.150917 8.34095 -5.8968105 -11.743957 -3.5776792 7.4182467 -20.811773 13.580394 -7.553823 -8.573341 
-347.0895 82.60731 34.535564 55.578514 5.662503 15.408445 -19.652136 -5.042477 -14.922194 12.044562 -19.366001 5.7667694 -8.005581 -0.30980083 1.6994855 6.041362 -17.562805 12.993322 -1.6120431 -1.6714311 
-379.56378 85.546684 46.371017 56.02954 4.45852 13.151125 -4.3883686 0.48506418 -24.646204 18.236511 -25.151999 8.93446 -4.013787 -4.773172 0.43353462 20.9748 -18.676786 5.0282717 -0.014662717 -2.1584086 
-312.6961 69.69726 33.65983 62.19968 19.71762 12.8925085 -9.787374 -5.0133085 -31.977024 20.793694 -23.47155 4.0602245 -12.974999 -14.02261 -2.4935527 18.28049 -25.109009 2.651862 1.1014411 -0.7931583 
-302.72205 155.96455 13.093128 36.743153 20.235731 -4.335614 -25.184437 -17.734118 -31.117222 8.794254 -5.38908 18.994911 -4.145969 -16.335384 0.5907285 24.0356 -14.077813 3.3954904 -4.7239504 -7.5602307 
-349.97452 87.49235 20.577261 61.237827 14.941731 7.7945447 -19.152397 1.6048456 -13.31056 6.98974 -25.806288 4.195133 -1.1440088 -0.41859028 -4.6303225 12.018357 -15.197802 9.732035 -1.96202 -9.116594 
-321.41745 139.50267 -5.6621428 53.60596 49.301285 -1.8554178 -33.84322 -16.506737 -14.4835005 9.104481 -24.881596 -3.4022212 1.5836406 -10.117301 -3.717943 14.4468775 -10.327074 -2.3783407 10.738961 -0.96459794 
-329.69055 79.715866 35.85768 57.36476 10.644036 6.9689918 -13.654587 6.112753 -9.41087 1.2595595 -27.158222 1.3588759 -5.4986515 -9.9126425 -10.148843 7.6791677 -12.871087 5.6463904 -2.8404126 -6.3546467 
-430.3076 117.03061 35.754715 35.82466 8.901301 23.103312 -10.353785 11.543362 -9.339613 4.936253 -14.9300995 -1.9527735 -10.210226 1.4521749 -5.1033344 4.0381846 -14.151456 0.9650309 -5.8110356 -2.3688707 
-365.0446 127.6612 24.903542 20.626135 -5.025556 7.503512 -15.300175 14.246441 -7.117835 11.560381 -7.675234 16.169401 -11.691545 -3.3787217 -11.20267 1.5453435 -8.992845 7.482811 -5.6052103 -2.1307435 
-348.9561 167.26459 21.90276 46.387993 -6.249515 -27.392216 -20.700096 0.16465977 -13.458733 9.198229 -13.088655 3.8348722 -1.8631376 -9.780701 2.480872 14.845012 -12.00977 2.6007013 -2.7367582 -10.423607 
-327.54855 136.60106 14.870022 39.690495 33.380726 0.7423871 -21.671124 -10.663279 -25.831978 0.52975166 -24.197897 2.6551175 6.4639645 -8.116939 -9.894474 17.240808 -6.101762 7.8954663 -2.2688625 -3.5305245 
-275.86243 82.483154 -4.6921926 55.772614 20.741234 6.4837403 -38.386406 7.40007 -24.802757 7.6492777 -15.484282 3.2657979 6.4212146 -10.489613 -7.0570965 17.45387 -17.20573 3.6294436 0.2842767 -4.1636553 
-328.0985 112.51568 37.76032 26.99186 4.2957373 11.51262 -6.722716 -2.7791443 -20.984001 -0.85607296 -20.009312 18.721992 -4.2806134 -4.226711 -7.79118 16.130909 -17.866808 7.1578326 -4.037701 -1.9360957 
-288.70245 114.29865 27.524895 26.570852 -13.28754 -0.7501223 -18.519743 2.0398989 -21.421228 7.2622733 -14.385403 20.361944 7.983007 -8.07658 -9.774183 15.8188715 -31.948133 6.215961 -2.4310465 -8.122205 
-322.34677 84.534546 18.289019 70.56273 20.605848 -10.122757 -26.988674 4.8689604 -16.191002 3.5714884 -28.663897 1.4835068 4.7676144 -7.2238564 -18.433792 14.379795 -7.654045 0.72301674 -7.4981656 -5.205507 
-361.4738 161.7752 -1.1870869 30.357445 24.733881 -11.714863 -27.25331 -6.2516904 -16.592997 8.721213 -7.1011024 14.898431 2.7655933 -0.405131 -13.869559 10.754061 -10.836527 -10.290595 -4.3216763 -0.34513897 
-314.745 113.60658 13.795667 44.946526 9.7078085 6.921465 -14.80365 -5.3358912 -16.370028 6.646719 -31.839521 -2.3687897 0.7897508 -3.258134 -4.3102436 11.900547 -16.813507 5.911918 2.1421719 -7.76877 
-296.12866 91.5939 29.166351 29.855001 -1.9795663 13.184685 -19.655476 -2.6749768 -16.416325 14.856343 -22.346502 10.945393 -6.9612494 -6.0956798 -7.8938675 7.91321 -20.424417 3.838687 -0.7716037 -0.28729522 
-333.66446 153.54634 5.8450947 42.335537 40.2727 -1.2567153 -21.189798 -2.835526 -20.31537 0.7465638 -22.31778 0.44838864 -0.7137448 -5.722842 -10.593704 8.760352 -8.743644 0.3392056 -0.12617725 -4.7735476 
-403.68832 167.00296 41.533905 45.415054 6.092007 -5.2789273 -11.461825 -0.93673664 -21.341187 4.066814 -15.010456 1.7658465 -2.4567213 -7.1093197 -4.810065 9.40543 -5.429906 5.4182973 -0.6753778 -1.4922872 
-359.153 55.266117 37.823772 50.824986 -9.9577265 31.07485 -6.836414 7.826853 -10.848748 21.63981 -26.84875 4.8444157 -4.74431 -4.9255137 -9.338369 12.235986 -21.417997 4.35087 -5.4043345 -4.8308654 
-389.31458 104.84785 18.699762 36.84471 14.220791 9.9360285 -1.3114412 10.076269 -7.8620377 16.915894 -16.795656 -1.3867009 -3.586665 1.0159531 -6.053312 7.3033447 -19.74459 8.748228 -9.41251 -3.4475222 
-404.99622 109.75591 1.3408065 41.904747 20.194925 17.582262 -7.267614 7.4285007 -13.841402 21.597073 -19.039413 2.3860958 -3.2257998 -4.4139533 0.8424017 13.805244 -24.92194 5.5292487 -9.044447 -5.1233635 
-340.71823 147.32327 -0.6400068 21.6446 8.257788 4.8109136 -17.741003 8.751491 -8.256738 11.847682 -9.769861 4.7050943 -7.0980387 -2.1218982 -3.810664 4.373603 -10.991316 5.4610257 -8.69598 -1.4263625 
-350.82242 149.14691 20.044296 37.64495 11.281729 3.196768 -18.641441 -0.80228 -17.333733 2.9931285 -8.899246 14.294763 4.3161554 -1.4647369 -4.193036 6.9422894 -10.719131 -2.883273 -7.783325 -0.23451982 
-344.1363 111.2236 29.998203 54.07481 23.648909 -0.7863918 -17.890356 6.785586 -9.4195175 6.2138596 -23.89013 4.5452685 1.5040132 -3.3996286 -6.382198 11.983599 -10.917488 5.35036 0.48152626 -8.484043 
-335.685 130.16641 21.468391 38.810093 29.966452 5.9534016 -19.069153 -2.6331613 -17.862137 8.370402 -18.41915 5.410779 -11.613148 -3.0436234 -1.6605927 11.062132 -14.57171 2.584398 -6.0134807 -12.522787 
-360.05743 150.89265 26.229683 43.42233 12.380192 -8.5969 -5.554075 -1.0508659 -30.009457 5.1676745 -13.770242 13.840393 -5.6595354 -5.6528897 -1.9203695 18.737452 -11.954928 -4.8088217 -5.130691 -5.5913205 
-381.76746 157.44348 23.699043 44.59088 -19.981758 -28.58746 -14.280965 3.0352979 -14.2464485 23.131186 -3.6206126 14.173503 0.7872306 -2.7457185 -2.9167514 10.125438 -21.270422 -8.068166 -3.9531696 -6.056043 
-392.91882 167.24637 17.035624 31.784607 -11.652535 -16.738323 -13.627848 8.377634 -17.059587 4.515104 -11.649804 16.889797 10.49306 -2.6480467 -5.5461893 8.764144 -25.536789 -2.5213232 -3.5022929 0.8893228 
-301.72363 128.08719 -17.584723 27.095917 17.562496 -1.9458727 -35.109726 -10.768497 -0.18133634 30.556143 -23.212173 16.712105 -5.523691 -16.565348 1.4544744 12.234329 -19.049562 9.791286 -12.2568245 -6.166872 
-344.8704 126.54923 1.366102 52.86752 35.517727 1.069206 -22.033665 -8.770678 -11.287173 14.436794 -28.031336 -3.8570666 9.128534 -17.271652 -1.8891816 14.875401 -13.4363 10.742826 -1.2808266 -8.868038 
-290.68317 157.08296 0.6717455 32.891914 1.0706184 -10.919679 -12.272381 -20.843584 -30.055542 0.44533026 -16.079393 14.970056 16.902237 -24.674246 -8.763674 19.98008 -18.779896 5.196233 3.6430235 -8.789484 
-305.3617 105.389824 21.923035 30.408762 -12.519097 4.438701 -25.312696 -4.55262 -13.356469 22.32791 -9.12018 13.244625 -9.945894 -15.314919 -11.193352 10.810084 -21.246876 5.0137763 -0.51355225 -3.042267 
-300.24927 154.57857 -19.773317 39.730545 34.031067 -15.523673 -30.173937 -9.937053 -21.64481 18.66335 -21.523788 11.788414 -0.6836984 -8.38245 -10.329867 14.678975 -14.624091 6.89415 1.4489588 -11.002742 
-350.81628 135.37671 26.88851 38.539024 9.332043 5.4763966 -19.14677 -10.009943 -24.555393 4.6744614 -16.906364 4.7461624 1.8003682 -5.5067296 0.29647285 15.101985 -4.9377074 0.96439564 -4.6256866 -4.9899936 
-347.6839 170.06607 13.025074 29.25879 5.2745714 -1.3456393 -24.176811 -6.3040366 -13.872318 7.7843575 -4.1086726 15.61727 -5.1773233 -13.172855 -7.546787 12.15798 -8.613763 -5.1191397 -5.649626 3.1900153 
-467.878 149.5723 30.39273 26.548399 10.698416 9.689541 -13.467463 7.800254 -14.1687355 4.1919456 -6.7549524 -0.8709453 -9.938005 1.053898 -6.7440195 7.5770164 -5.7297187 4.3175564 -5.0422506 5.732874 
-426.19592 159.5137 27.459917 18.349741 15.825487 12.954357 -15.257516 2.4499235 -9.253153 6.651877 2.239727 9.4959345 -12.782665 -6.8603654 -7.3942585 4.0257254 -9.165291 0.8731539 -5.2492113 -1.2960086 
-375.85834 178.16115 31.9204 43.27887 -18.928513 -27.352627 -13.561514 3.7968395 -5.8932934 14.171216 -9.635796 6.373109 -6.9197183 -8.52013 -1.4190077 8.031706 -11.864228 5.2197423 -2.6151154 -6.5700703 
-367.90823 109.59506 51.897766 36.24298 3.59472 13.699107 -15.639133 -7.217939 -9.906706 -0.0036495063 -17.687483 3.022569 3.191023 -8.28329 -21.474586 21.258541 -13.346916 4.1573215 -0.86761475 -4.412254 
-271.7787 130.47054 12.507618 33.72143 1.3713461 1.080876 -17.89803 -15.2892475 -27.246815 13.108314 -23.20626 16.600302 10.896623 -12.31908 -14.433611 16.95856 -25.03765 -0.85471904 0.4233107 -4.4857764 
-306.5768 124.55839 7.340561 51.530083 34.214615 -4.836047 -30.790257 -8.357111 -24.813904 21.117998 -25.07995 4.922936 -0.21136515 -13.090985 -13.475545 18.160286 -12.854404 -2.1849148 2.4304638 -10.746615 
-325.453 116.19554 26.01938 45.825733 25.429102 5.106419 -22.623644 -4.225931 -32.83855 8.131809 -13.394919 -0.66869134 -5.0569453 -11.791459 -3.579366 15.826976 -6.5681143 -4.507105 -0.2379926 -0.9201266 
-316.99884 70.332466 35.828854 57.594284 14.439218 12.41241 -16.780144 10.353692 -32.681572 16.462967 -22.746105 2.1691484 -13.55212 -9.461102 -11.19639 13.237625 -14.858089 -0.8715102 4.20258 4.1164303 
-381.29025 149.11597 21.110361 51.593956 34.056847 7.386164 -11.9780655 -11.755741 -25.909449 4.232958 -12.345902 -7.963087 -12.841404 -8.15754 -3.5278347 15.354191 -18.212269 -2.6720483 7.349725 2.1548386 
-396.30347 110.0111 -0.96327233 45.768024 14.198392 21.630653 -21.983093 -4.2090435 -14.670985 21.134644 -13.925686 5.3472843 0.66298485 -4.678861 -6.4132595 17.294598 -17.846598 1.6665907 -1.1617868 -5.3847733 
-418.0257 123.34056 18.71103 42.658623 5.5420666 19.678104 -18.03991 -2.3217402 -13.57336 10.519773 -16.895178 1.6162678 -5.605337 -7.062399 -2.176777 14.776928 -17.596817 5.639714 -3.3856642 -7.1498117 
-271.15814 109.302765 41.715816 47.03003 -16.22555 -22.71047 -17.377203 -1.1818937 -29.992533 25.03246 -23.265715 -0.3925812 -1.0689406 -10.739494 -6.472876 20.035255 -13.277724 1.1704087 -4.3238006 -7.604609 
-285.6865 134.05988 7.5509405 37.63633 22.945107 6.1157207 -22.445293 -20.497488 -41.409622 16.710672 -9.828201 17.219278 -5.4886556 -20.748987 -5.860693 16.520548 -16.363758 -1.5766959 -1.3910568 -10.946502 
-367.8031 159.73308 45.809402 28.370155 -5.6941385 -10.219663 -18.615124 -2.5312166 -30.274387 6.1840663 -13.667191 -0.68473554 -0.36485243 -0.37255132 -1.160312 11.053512 -11.779418 0.94900006 -1.4672661 -8.199978 
-436.89148 159.90092 42.594276 42.769463 2.1172812 -2.440565 -9.466599 -2.585539 -22.199669 7.8394036 -11.292748 -5.3716607 -3.1215808 -3.6532445 -1.867907 9.053921 -6.602737 9.030617 2.8912659 -6.344528 
-344.84085 156.07008 5.1001186 29.525444 26.242624 -2.2595265 -23.185308 -13.297897 -22.26119 22.382668 -9.288588 16.400475 -3.7476323 -22.782578 -2.0814085 12.261965 -20.38619 -1.3404326 -7.5645776 -8.227468 
-403.50403 137.63431 35.07361 47.077503 27.551842 7.051515 -16.150185 2.1636562 -3.3522496 12.573611 -20.645191 9.784653 -2.5010514 -2.0807784 -5.0497975 5.331516 -16.495073 -0.059074957 -3.9945993 -6.067092 
-350.38828 135.30011 9.375427 36.46336 32.592358 1.9753813 -24.852345 -11.072269 -22.412727 12.162026 -14.220344 -0.27980214 3.7554386 -10.028062 -8.606249 13.9102545 -17.909508 7.3118343 -3.4415255 0.3158766 
-342.93158 168.81071 38.497383 36.46486 1.1017557 -27.109993 -28.301153 -0.7206397 -19.697742 9.557778 -13.63457 -1.0695722 2.9693735 -9.183843 -13.558986 19.815325 -10.142884 -2.3869085 5.994197 -2.4403706 
-303.19952 86.25088 32.338966 58.00666 1.9992193 7.954973 -21.050297 -4.4037914 -25.104836 7.19963 -33.55989 0.86467105 4.442577 -4.9471307 -6.432812 20.537294 -12.686559 4.938929 0.51257896 -3.985814 
-398.12268 114.20241 41.684765 51.792168 10.8017025 19.82309 -9.316738 -12.349286 -10.82401 12.016277 -21.889078 7.8447223 -7.9495564 -5.1443596 5.623774 17.715202 -16.439865 5.964961 -3.3203738 -5.438615 
-344.0554 102.75094 44.59893 47.345764 3.7262485 19.747355 -12.655711 -16.271074 -33.808517 14.585987 -21.333843 10.856899 -2.6759644 -15.880478 -2.6035173 22.555805 -18.241043 4.73937 -0.7246027 -9.006123 
-360.57486 154.14314 25.83014 30.89951 4.7104115 -1.3407464 -20.346203 -0.057046518 -10.543846 6.9970493 -14.931095 14.574607 7.1898446 -10.139673 -10.947652 10.083282 -19.820805 -2.7590754 0.9931185 -0.4822319 
-347.15945 74.47815 54.671097 47.642166 3.8489504 28.147682 -12.457916 -4.9939203 -11.464963 16.573755 -28.138142 7.8617563 -10.236553 -9.067031 -1.5048681 16.813 -19.116135 -1.09357 -5.51441 0.18624708 
-351.44418 73.49531 27.429989 65.45341 27.761585 14.328077 -25.392029 14.319467 -18.263773 23.828247 -34.029724 -3.033193 -2.1871753 -7.2045307 -12.2170925 14.015283 -19.77526 4.3936706 -3.7837224 -5.0011773 
-368.78098 107.57275 22.249992 65.39663 34.195244 1.6204878 -24.625648 2.7359235 -15.756524 11.577902 -35.885506 -4.2689342 -0.20029616 -2.3819654 -8.566482 12.143705 -12.3279505 9.313751 1.858996 -4.549593 
-363.3492 131.14517 22.084457 63.994873 31.821249 3.0022502 -21.663334 -1.5014591 -13.317213 7.5807157 -28.477396 -6.746593 1.7826794 -5.8956585 -7.6624365 11.076738 -8.404668 4.955796 4.9622726 -6.9489193 
-303.9281 90.953156 22.161884 50.786415 -0.7756673 14.039765 -26.600945 -3.1285548 -18.257492 14.584637 -16.57928 15.207433 -7.507856 -11.089816 -8.8412485 13.0630455 -21.900509 3.7174182 -0.06252994 -5.6093926 
-355.1513 154.32642 9.221584 49.212738 39.0817 -6.739959 -24.159843 -6.0990267 -18.374569 5.555532 -21.178225 -2.795293 7.7573886 -10.674932 -10.9797325 11.654536 -10.992126 1.240851 1.378946 -6.0883236 
-412.21292 151.40245 50.375935 46.389072 13.747259 3.849854 -13.908599 0.7891952 -15.676856 4.5220823 -20.686296 0.9013353 -2.9229698 -3.8548632 -5.5292053 17.679764 -10.2941265 4.100989 1.55575 -0.4308232 
-405.6937 122.92746 43.339138 54.27645 20.983807 7.446546 -14.699927 3.9663544 -19.756401 10.096195 -29.211111 -0.59505814 -4.1314063 -4.754249 -8.587116 9.723244 -13.177984 3.7714632 3.7136219 -3.1054661 
-418.47366 141.09125 43.88215 44.900154 13.4972925 6.3698645 -8.728081 0.758404 -13.873566 2.4009867 -15.123895 1.8712316 -7.809517 -7.8565674 -5.0439034 10.827198 -11.356044 -0.3302801 -0.52069527 -1.0027544 
-431.96326 107.0395 32.571487 45.25712 -4.7694836 17.169527 -3.6505907 7.9328866 -11.058644 14.472563 -16.300613 3.7658348 -8.877589 -2.2854626 -7.466223 11.919249 -16.173077 4.1857557 -6.1806927 -5.666773 
-476.63315 144.29851 33.996933 32.037323 12.235808 12.246523 -15.202084 6.6323376 -12.787866 6.9960437 -16.692217 -3.4128196 -4.38059 3.5489678 -8.1774235 7.8401675 -11.177649 3.2127352 -3.8822005 -2.7344372 
-470.40808 141.80591 30.950453 25.61561 12.946921 17.894548 -9.35255 12.740745 -7.850759 12.582935 -11.129509 -0.15683748 -5.501793 4.113048 -7.2110877 4.6411405 -12.712989 3.243599 -7.8551984 -0.5552054 
-466.20935 146.11804 23.418402 27.418066 11.288134 12.585798 -15.968906 11.287404 -7.438291 11.198734 -10.049454 -1.5267143 -10.5277605 6.0769367 -7.207122 -1.175356 -12.687075 4.21175 -7.9913306 0.17839114 
-488.02478 158.29732 23.241184 37.80095 5.9255137 15.4820385 -10.0489645 10.401344 -8.111864 5.3247204 -9.749665 2.639494 -8.32879 6.787011 -0.9836252 0.7249203 -8.004848 4.4379687 -11.542085 -2.2783203 
