-424.7129 159.52625 9.750902 22.45408 17.780739 17.174332 -13.945192 0.78532153 -6.157136 -7.707439 -9.782646 -3.7415438 -12.696459 0.39030743 -7.2684054 -1.7603018 -3.478472 0.7852801 -5.9234524 -2.113931 
-344.61554 146.32314 20.99369 28.553793 24.552929 1.5723158 -25.932909 -16.016647 -6.8423777 -15.586253 -11.306213 -5.5456486 -12.063442 16.350264 -6.1672535 -8.541598 -1.8341321 2.9207144 -8.32624 -9.725744 
-384.15247 139.85649 27.962334 44.256065 12.393748 -6.839903 -7.352646 -11.100486 -6.2839108 -22.098354 -9.791559 -6.5867186 -13.238905 -1.7195148 -7.314356 0.14979585 -6.495794 -3.5244913 -5.2322197 -0.33047983 
-397.4076 159.88782 -4.7457275 10.848974 6.3817043 18.001362 -5.6983414 -6.823331 -7.5828433 -5.7959876 -4.074962 0.2412405 -10.259903 -3.6511579 -5.819765 -0.9928289 -10.591115 -2.6066926 -9.135247 -0.032241873 
-325.56308 159.7714 -42.45089 16.870216 16.716904 2.8124783 -22.203161 4.6281776 3.4284914 -17.456816 -7.838552 -4.0595946 -14.79569 10.270764 -11.796578 -3.2378964 -3.4322963 1.4459504 -9.007865 2.2791965 
-418.99796 123.47735 24.156738 60.857563 6.906622 7.806872 -9.811466 5.635049 -16.610392 -13.135963 -5.0443897 -6.2564936 -12.745427 1.5455823 0.7230823 -1.6543478 1.3259892 4.4321623 -8.848736 3.8951755 
-398.70047 119.9661 6.266058 15.442878 7.9070773 15.269485 -3.564799 0.5886909 -10.891148 -0.88261384 -7.697302 1.2099302 -14.294017 1.6867423 -3.5907009 4.2139044 -5.7595816 5.7862463 -7.7259336 -1.7296178 
-391.45587 170.87828 14.791958 -4.69469 -8.5479355 18.902412 2.1210306 -3.5621638 -19.312555 -6.9693623 -8.056664 5.544387 -12.447894 2.806947 -6.897278 -4.6298523 -1.4302115 2.8330653 -8.176207 -1.924842 
-419.07166 146.79732 29.916922 18.552912 9.5751915 20.233578 -7.712202 -12.931634 -15.464218 -10.009889 -6.5640216 -1.6052773 -5.618883 3.2980533 -0.6915647 -1.4996274 -2.8113053 -0.12999704 -8.707682 -3.2739062 
-320.40002 110.80754 31.263376 -4.707034 13.496608 23.708586 -20.298838 -19.130451 -19.919956 -8.825578 -7.671219 -12.58822 -24.35611 4.662001 0.2926188 -9.783409 -9.171203 8.014462 -11.661704 10.421903 
-303.1276 131.08485 -13.808746 -1.03818 14.995895 19.11332 -22.153881 -19.379255 -16.064316 -5.703265 -2.1268125 -24.716753 -15.46155 -2.0587015 -15.126101 -9.257904 -11.297806 4.7424445 -13.096055 5.2327704 
-318.84827 143.73224 1.3170533 29.901712 24.665916 -0.78298354 -31.429771 -12.374988 -1.4214514 -28.843601 -14.28903 -1.3586699 -19.326778 19.009306 -6.5861287 -7.6024823 1.0190775 -2.6495135 -9.065331 -6.2250094 
-348.89093 169.36331 -19.474031 13.18623 15.704274 22.522831 -21.056566 -15.425707 1.7198061 -20.333458 -15.309736 2.8254292 -19.20086 3.184382 0.33434138 -4.1768208 -5.389678 1.290425 -4.990279 -8.3276 
-299.97955 170.7727 -49.07452 -5.5745153 16.588951 21.181602 -28.69414 -18.473019 6.7523403 -1.1891861 -15.137624 0.0046632555 -9.862215 4.4579587 -7.917753 -1.375004 -6.9831705 -7.7312036 -5.170611 0.62963474 
-341.92453 169.76877 -2.0879152 -18.682552 12.389493 23.049572 -14.601152 -20.008642 -16.850952 -8.979414 -18.999365 -0.24345674 -1.7417694 3.1931446 -13.338883 -0.48529074 -0.50363606 -7.458509 -14.680162 -0.0673541 
-352.56494 90.82626 45.18699 6.218815 -1.6837373 16.29697 -14.27602 1.9161881 -4.750231 -14.806444 -11.59537 3.2491786 -9.132898 9.257891 0.608462 -1.611477 -7.718435 -1.8474516 -15.260788 3.028676 
-346.43735 146.3312 17.96432 -1.1469465 2.1886487 23.538286 -16.361916 -15.333781 -27.957247 -18.922874 -9.162576 10.457568 -16.803896 8.483468 -0.5781239 -3.4992864 -1.806478 4.8571315 -15.349644 -3.408854 
-366.98663 147.5798 17.705904 10.253052 -1.9275832 28.828495 -5.8454623 -14.57646 -17.241674 -18.437956 -10.2904215 7.877973 -18.825932 6.6013575 0.24475574 -7.236944 -4.6818733 2.512816 -11.284716 -4.177547 
-378.62338 157.08409 10.123799 9.220616 -17.873882 29.90096 14.533423 -5.513517 -13.580455 -5.230656 -13.741619 -4.110854 -2.1022654 -0.20299408 -14.152713 -5.150418 -2.540796 -0.71440357 -6.934569 3.3167605 
-389.55682 151.3087 27.423985 17.286186 -20.982107 5.6907916 -0.35285527 3.5705338 4.4600205 -2.1594243 -21.817896 -11.332531 -10.948461 10.033436 -10.235142 4.185073 -6.7715497 -8.704469 -9.700753 -1.5431834 
-403.95255 116.242714 6.0510845 25.236782 9.929833 25.040552 -9.244515 2.4512134 -2.3512466 4.438805 -11.002968 -2.6286557 -4.3312817 5.13129 -1.8281655 4.0416837 -7.1628394 -1.0431848 -10.365046 -1.5023586 
-395.96698 117.0388 3.9042654 27.099724 11.216142 27.233936 -5.7140455 1.2297311 1.964496 10.887523 -14.581685 -12.362681 -10.892244 3.7861786 -5.8200116 1.6958673 -12.926158 0.65748477 -14.726885 -4.8696313 
-437.52045 121.06916 12.297866 28.557339 9.477813 22.295004 -10.881179 2.8956769 -5.8776307 6.9314303 -8.653103 -3.3688254 -8.371896 0.8408594 -10.231384 1.0991576 -3.6605928 4.599173 -10.715309 2.446096 
-417.91345 146.41115 34.672783 29.541748 5.2902865 22.216402 -9.787554 -6.9795294 -9.962418 -4.2227573 -13.093623 -6.5613794 -12.75657 -1.8661641 -5.807054 0.7646965 -6.9690986 -1.5562816 -11.14166 -2.6835787 
-315.72443 133.37263 -9.87982 10.512855 8.1316185 20.275166 -23.52994 -4.615153 -6.2826443 -8.850008 -3.979999 -4.8827186 -11.553748 10.460978 -5.9255624 -12.612798 -8.856331 -4.0378504 -12.297323 -1.1113569 
-313.06134 77.22861 48.380405 -9.57228 4.270863 22.021217 -17.594679 0.7798496 -20.077816 -1.623409 0.50028396 3.4305065 -7.9539776 8.261001 -12.258323 -8.365325 -4.065871 -6.8393164 -15.565231 2.6061478 
-272.22928 91.573326 18.518923 6.6916184 -8.399128 17.536049 -10.414265 -17.389757 -21.973642 -17.14996 -3.3146105 12.763638 6.797991 -1.0032113 -12.408768 0.6959157 -8.448071 -6.311991 -12.746963 7.308048 
-285.9569 87.70542 31.336998 16.275366 -3.2193742 20.66569 -18.397318 -7.9597473 -15.769841 -14.129909 -7.7016397 3.338119 0.7188432 9.021617 -4.1549106 5.8664317 -6.5161843 -4.8672886 -16.951557 -1.091806 
-337.97195 124.34025 31.61921 13.055224 -9.957441 11.552924 -7.0185175 -1.7010447 -5.3562875 -15.396373 -14.664265 1.061539 -6.400713 2.8255463 -7.024162 1.5854688 -8.006875 -1.4624344 -11.302801 -5.731652 
-359.45352 124.97119 44.16413 20.263365 -2.683067 20.849874 -9.418111 -10.438609 -14.991795 -13.296694 -10.241435 -0.77264714 -14.9108715 6.307189 0.3027414 -6.146765 -2.9639442 -1.585352 -7.060811 -3.4411926 
-404.50034 137.14935 57.813435 22.59694 -0.16294415 26.396194 -10.360459 -3.5984793 -16.90467 -18.53704 -9.402355 2.2191901 -17.411749 10.434031 -1.6052392 1.8250722 -5.185741 -0.5677435 -8.192755 -7.8266144 
-392.5824 175.06693 26.869755 5.0210056 -4.694385 13.677773 -5.793533 4.672933 -7.9118066 -14.092299 -15.829003 12.714463 -11.100243 9.6357765 -0.3257725 -5.369131 -11.366896 -3.914195 -2.3901758 -7.3555746 
-344.80023 166.96898 -15.890743 28.547903 21.839195 2.2937667 -35.42532 -13.081745 1.1210598 -11.000269 -17.244768 8.801824 -11.56803 14.504249 -2.3457441 -7.6568213 1.392126 -3.1253343 -3.0814369 -7.576561 
-351.19107 118.46172 15.888672 7.1483593 24.30833 10.144369 -5.7690206 -10.722229 -8.210404 -10.123995 -3.7010465 -5.1135616 -9.860925 8.826216 -3.730979 -2.166523 -4.4292893 3.5111163 -12.473652 -1.7197977 
-325.8837 80.07713 25.824247 27.019238 10.836253 11.792192 -3.9596303 -11.193274 -5.3592553 -4.768377 -14.6884985 -4.7346344 -5.2263875 -2.0021546 -12.788057 2.913979 -12.133504 -2.9675984 -12.830383 0.97436905 
-385.74182 111.63638 51.97009 31.726192 4.677483 13.358168 -5.881049 -4.9816217 -10.539776 -18.720514 -24.750975 -6.599189 -6.313495 -0.04507849 -7.071474 3.3689952 -3.2442245 5.351204 -4.7294517 4.288045 
-441.56903 159.0494 16.822369 22.006514 4.7054477 26.725834 -2.42081 3.0176744 -5.7452435 -7.2572613 -6.0551677 -6.9701223 -8.95188 -1.0339317 -5.526516 -3.0986392 2.2084234 -0.8903604 -11.578225 0.7482928 
-394.63257 166.75546 10.445154 2.583896 -18.848907 23.53095 12.297892 5.65341 -7.858622 -5.9651365 -10.986439 -9.495728 -3.8006651 0.32168546 -14.722404 -2.8335204 -2.8020165 -4.2954655 -1.153707 3.2972307 
-390.16873 188.47955 31.196463 4.2606063 -24.767906 -13.44331 -1.9401593 14.375532 -2.3869505 -2.597521 -18.161613 -3.8149843 -17.181484 8.731815 -3.4054708 -7.547671 -1.2786698 -2.1293302 -8.625619 -4.611982 
-366.1642 161.15405 42.84815 19.876118 -20.949322 -22.701653 -14.322248 -2.5795128 1.6499746 -4.33069 -12.006897 0.62887406 -11.19806 6.8889685 -0.9583556 -2.7239654 -5.692138 -0.6529919 -11.010723 -3.0027382 
-337.11642 115.29027 28.802725 17.760326 -0.5621321 4.6479692 -7.7814517 -2.0363576 1.7355652 -8.005388 -17.081383 -2.6286628 -5.404566 -0.1387007 -6.9799237 3.8891284 -2.508027 -2.56867 -16.528952 -3.3844023 
-298.741 75.9631 23.675186 18.88713 12.011483 23.363804 -20.44264 -10.644957 -10.027128 -13.215217 -18.787819 -2.009744 -8.925052 -0.36754 -10.679182 1.6807852 -1.7639012 -3.5469027 -9.280509 2.930652 
-286.98105 108.8826 9.440849 21.207262 18.58178 13.322761 -22.10864 -18.024559 -11.205712 -16.547987 -20.225079 -4.453459 -10.827815 1.171678 -4.452524 2.29664 -1.7447159 6.695135 -12.5398445 -3.5914514 
-398.46368 161.97858 34.257446 33.78398 5.1809926 11.249731 -12.722637 -15.146188 -9.2075 -18.204567 -22.313322 -4.3034296 -15.602763 4.920873 0.96227276 -1.9581337 0.7203303 2.696016 -6.1291122 -2.9514585 
-351.1587 165.13544 7.8409796 18.010471 3.6377237 17.861307 -5.065085 -25.803698 -16.244102 -11.732437 -7.441024 -2.1682532 -21.379025 8.687594 -7.3808627 0.83161753 0.64761317 -9.08106 -13.144013 -2.0003393 
-332.0211 109.17591 54.8182 -7.558637 -5.524655 28.476223 -19.245087 -4.9580975 -20.342531 -12.810146 0.60378796 5.703188 -8.839562 10.939996 -10.801839 -3.9296253 -1.8633164 -9.089349 -11.30107 -0.39959443 
-368.14804 144.67505 44.229065 5.086026 -8.263744 22.441446 -21.02454 -8.626062 -18.066158 -22.12817 -6.6470423 7.387835 -6.5984664 7.776328 -4.172582 -2.2485728 -5.032823 -0.8516157 -10.468676 -4.869985 
-373.005 145.67331 22.934526 8.823987 -6.7537184 -0.26334307 -8.16441 0.15298033 -8.899891 -10.490009 -10.072584 13.7086935 -3.6176453 2.882779 0.41488668 -1.7370725 -6.8258076 -4.2869587 -8.251358 -0.03732056 
-359.4894 156.33342 28.700766 8.450919 3.370072 11.149978 -15.276744 -11.441151 -20.813084 -6.9716988 1.4908127 12.089312 -9.267412 2.9223309 -6.8698874 -1.9585283 -5.892392 -1.6364089 -7.9125977 0.5131922 
-386.4609 141.30426 46.46719 11.662797 -3.7189958 12.43961 -12.543096 -1.4928634 -21.122997 -9.137239 -11.566489 8.211824 -3.8652487 1.33425 -7.114502 -4.8238873 -5.4485497 2.2222583 -10.993046 3.9096146 
-409.40802 181.47684 16.567959 16.988321 -17.75222 13.96621 16.880983 -0.64094913 -11.584324 1.7591265 -17.451035 10.671253 14.403929 6.549563 -7.9636145 -8.10648 -11.089885 -2.6948617 -3.1063242 14.794978 
-468.6671 127.79484 17.805655 23.188396 10.982529 28.593737 0.073864035 0.6692368 -1.4261289 4.5788403 -8.473328 -3.6803885 -2.425256 3.5735996 -11.093803 3.9909618 -7.403536 -2.469373 0.020761702 1.5409949 
-408.60275 173.46472 14.906825 12.111111 10.298185 5.9264483 -17.163254 -17.036043 -19.318638 -3.6963942 -7.704662 9.900236 -1.6944524 -1.694959 1.7827274 1.9013642 -8.746936 -7.9183707 4.65693 -2.744012 
-392.6422 145.4366 30.983147 16.577124 10.488126 11.438352 -13.034927 -15.2997 -17.698265 -3.3312633 3.6871998 9.80819 -7.985772 -0.00637775 4.834619 3.988265 -9.757603 1.8448277 -6.7423315 -5.160213 
-416.40924 152.5514 66.30971 34.294968 4.3400483 13.04282 -16.823809 -5.9786115 -9.44186 -4.869981 -10.204058 4.494652 -5.2499647 -3.9160428 -2.827418 4.008099 0.47890198 7.6278415 4.19322 3.8445616 
-396.41232 201.53902 -14.990701 8.722142 -19.478472 5.422927 2.1023893 15.670124 -14.612468 -13.647644 1.7035367 13.86235 -3.62868 -3.5506594 -5.2023754 -0.4009907 -5.605058 4.4908 10.93025 1.7276884 
-399.62463 184.326 -16.642365 9.729502 -0.7509343 21.746847 -7.271349 -3.9910305 -19.458138 -10.174595 3.7319217 11.514589 -23.01113 0.18168293 -1.4893006 -4.4905095 -4.473415 -1.2333272 -6.486101 -0.60720813 
-378.145 172.21071 -20.239902 29.882988 7.714922 1.2499678 -12.944683 -7.1576896 -17.014114 -7.832777 -6.2309313 16.236485 -0.18347307 -1.5457175 -5.82248 -7.9760046 -7.7212787 -1.8580871 -2.3815298 -5.905753 
-392.89767 141.41907 25.108997 34.777885 9.600776 7.6248584 -12.749403 -4.720464 -18.813906 -9.633976 -10.526382 4.0208697 -1.6850284 -2.3169682 -7.6114917 -0.41586906 -6.8920975 -3.2217848 -5.2754436 -4.695102 
-382.83267 136.42001 5.5058036 27.137089 15.186588 9.305932 -16.513681 -14.6788225 -7.3802056 -11.59721 -13.656747 10.248773 -9.233364 -1.2332873 1.2449387 -6.0123935 -5.839845 -3.6918287 -3.954144 -3.0574925 
-437.16364 120.51416 66.21037 30.163866 8.493244 12.613944 -12.313372 -6.96332 -14.33854 -12.979243 -21.390778 3.8308198 -11.856036 -1.8568175 -6.575823 -0.04181041 -1.6724502 3.6934178 -4.9322834 4.7368183 
-511.3962 153.79799 25.430899 32.742023 4.252119 23.191395 -12.83394 8.989825 -2.886159 -0.71055436 -10.4760475 -3.2079222 -6.1541214 -0.16993472 -3.930256 1.6587477 -1.3439225 2.4176385 -3.5858574 -0.78843415 
-435.69705 154.88867 13.0843 15.907032 -3.672148 31.728119 -2.090247 -2.9287412 -13.52986 -7.37839 -6.2765255 0.5384229 -8.795683 1.8866234 -14.166024 -4.6091266 -4.716261 -4.274918 -6.272562 2.4121997 
-436.56546 180.32703 19.954185 17.212082 -24.495338 8.811519 4.172757 10.181292 -3.2896867 -6.268636 -11.135593 -0.6808766 -2.3443205 8.265321 -8.717739 -11.820564 -5.7058973 -7.194239 -4.55637 3.153984 
-384.47952 142.67381 -16.095718 17.810547 10.9519825 13.811842 -13.037947 4.142042 -2.8131733 -4.698786 -3.2398386 8.616637 -7.6211133 -0.75747424 -2.8734686 -7.79677 -11.234558 0.3292921 2.8409624 -2.3036528 
-410.0496 131.7799 39.696487 12.395067 3.9513235 24.294657 -17.87832 5.856371 -15.313236 -4.5758114 -8.259935 7.952883 2.3183796 8.72321 -1.4751163 -5.2785296 -6.362447 -5.0637016 -2.7761316 0.1485346 
-430.64294 159.70784 42.562412 20.132715 -18.526466 16.355537 -7.1055408 1.1053491 -6.6556606 -13.086725 -16.042397 0.9612842 -7.2756643 11.761784 -5.2065983 -4.32975 -3.1104584 -9.582088 -8.170142 -2.7973378 
-418.01053 166.45966 22.829006 14.141672 -21.00837 11.3214245 1.7262484 8.380917 -2.3275597 -17.169495 -15.299842 8.688092 -9.254711 21.417349 -5.471698 -4.7381377 -7.8384595 -13.052119 0.90098506 -3.938844 
-448.0817 147.42705 18.515587 23.968174 -14.544257 16.878904 3.3026679 5.339243 -6.9851556 -16.413086 -12.160642 10.129176 -0.96721244 14.2724695 -11.951392 -6.2570105 -7.516596 -9.522958 0.05112224 2.7406802 
-384.61023 138.23225 4.509247 52.213943 28.048733 -21.505816 -24.764341 -2.1359205 -7.6716614 -20.695696 -11.289712 9.363255 -2.014031 -0.9573243 1.7419829 -5.998037 -1.008346 -13.081779 -4.2308035 -2.9701314 
-356.18567 169.33707 -9.366633 4.6438904 17.598825 4.9595127 -21.942938 0.91951835 -0.6039971 -11.305817 -11.140699 8.530982 -14.616241 4.722926 -3.729298 -2.7573097 -4.853965 -6.135024 1.017831 -9.455146 
-409.65958 112.670555 54.444992 26.875963 5.9414616 14.40918 -10.476867 -9.277233 -6.866265 -22.468134 -12.282438 1.4158145 -10.232724 4.5873966 -3.8165834 -0.06460089 -0.59061605 1.1332165 -1.1033573 4.109671 
-464.6327 146.44684 44.26154 34.68492 8.030888 15.459788 -10.130436 -0.45609972 -7.527927 -7.099184 -16.2782 -3.9224095 -5.3411636 -3.0031972 -5.960285 -2.6720572 -3.8372133 1.9234927 -3.1336844 2.501985 
-395.49344 121.69557 33.180195 17.322264 26.590677 7.5652075 -23.94692 -6.613606 -14.727605 -6.497175 -7.355606 -4.254276 -7.556277 12.47237 -1.1559843 -6.3396206 -0.22208172 2.2175288 -4.102332 -6.8407207 
-375.05612 154.55846 -6.5187035 42.911175 14.341549 2.8093076 -27.627241 -9.7271185 -13.535242 -17.901941 -14.551327 4.5293355 -3.1021771 12.369966 5.078253 -6.9367723 -5.0156994 -3.884513 0.80149025 -4.5797157 
-365.15536 158.85541 0.024333106 3.1470594 8.065761 15.303992 -6.2994804 -5.4634085 -12.973103 -11.112031 -1.0391167 -0.6770526 -10.8543005 7.1771774 -9.084003 -5.8904276 -8.828918 -4.459091 -4.062509 -5.4348016 
-331.979 135.32632 16.96858 7.4595304 1.8861008 10.633185 -2.337289 -9.9685755 -27.698309 -15.798449 -3.8298564 10.470918 -7.463183 11.275938 -7.4324517 -2.089905 -10.019263 -2.7357244 -6.3316545 -6.714266 
-390.60736 173.0376 21.916054 19.329002 0.8363669 13.214434 -5.696697 -9.735065 -20.891935 -10.056651 -10.515801 -3.0978777 -12.342024 6.6023645 -0.17794746 -11.207233 -5.2596903 -10.191446 0.024906725 -6.718026 
-410.21976 126.966934 50.827374 30.468777 0.39623916 5.580443 -4.0093713 -2.378169 -11.754038 -13.7220955 -19.520079 -1.5604411 -1.1434416 0.10755825 -2.0773056 -3.6589038 -1.8552274 -1.0316126 1.6123176 -3.1249905 
-476.55545 137.22198 26.050886 30.420488 15.441162 21.632301 -2.9873226 3.726632 -6.5777836 2.880071 -12.543518 -0.3887647 -3.2986498 -0.0057609878 -9.040628 6.987569 -1.5904368 3.9127812 -4.219179 -0.09405729 
-468.83237 128.55165 5.677269 38.443584 13.255742 23.73967 -6.274397 1.3393258 -1.051208 -0.014094379 -14.201464 -5.7889366 -1.0937599 0.67295414 -12.001205 7.1702466 0.29616016 -1.4159449 -1.8816166 -3.3093123 
-432.86017 158.23126 6.7446976 16.279762 0.30390093 27.398643 1.0126448 -4.716261 -14.43219 -0.6537342 -8.280012 0.91403294 -4.079947 -1.6724325 -13.084117 -0.26874283 -6.245133 -3.9932446 -5.320369 -4.423868 
-395.58777 170.38943 17.698555 21.344904 -28.05443 18.870144 6.9032106 6.0067277 -0.954516 0.6843909 -9.600423 3.3395312 4.9977326 8.302795 -7.123485 -0.17342408 -5.655755 0.89087474 0.84007716 0.5069241 
-370.62408 173.84816 26.036448 19.077812 -26.874817 7.938772 -7.0749836 -14.491777 -21.690926 -6.487674 -12.17798 4.152134 -3.6696079 1.4553626 -0.16114299 -5.9209833 0.707713 -3.3345196 -8.47295 -8.994511 
-328.99695 126.2055 34.63845 -1.2576853 -15.90252 22.06005 -5.676138 -10.281142 -21.604086 -13.475494 -0.34787452 4.7817745 -8.149506 7.583751 -16.27817 1.6555029 -6.9736466 -8.322135 -11.9749975 -1.2543246 
-327.21622 99.44956 27.055323 25.335854 -18.127573 1.906153 -6.1272645 12.120058 -15.281658 -7.9640484 -8.409142 4.9051685 -2.5967672 12.015233 -10.794479 -4.240728 -9.403019 -1.1245546 -6.302413 -5.3811436 
-373.90552 147.13875 17.068779 36.536976 14.613765 8.455617 -27.961021 -13.279796 -26.647787 -4.372273 -12.190007 -2.4786725 -9.166798 7.769949 5.57335 -3.2380245 -14.720676 2.7534037 -10.070968 -7.929308 
-376.79642 158.92351 5.439637 29.835375 12.241862 7.860198 -11.851754 -19.331694 -27.55488 -7.146876 -2.631961 4.6237817 -10.194089 0.2930548 4.2365694 2.3018806 -5.6762214 -0.59272015 -0.37857956 -9.1363535 
-387.12906 106.491936 48.027515 32.723877 6.982096 21.042522 -19.220058 -6.583611 -11.59999 -7.9706674 -9.874751 -4.434664 -14.611487 7.0345554 -2.36603 -2.8806806 -0.8410823 0.5950777 -4.614973 -5.570918 
-400.41855 159.38086 23.025963 33.602562 16.744686 4.746426 -18.387398 -17.537193 -14.679891 -9.201334 -13.274465 -8.7965555 -15.164926 19.161438 -5.306415 -12.246925 1.3784482 3.7507906 -6.5114503 -6.3471265 
-382.09125 136.99525 22.86669 28.928688 19.573792 7.0716968 -18.606485 -14.677758 -13.498554 -10.21308 -10.858407 -0.8409381 -9.159531 11.068938 2.9021611 -0.17571855 -6.528602 -0.634074 -7.421039 -7.811988 
-352.5955 124.42067 -3.9084423 61.541836 11.050417 -10.105137 -14.446592 -8.685566 -13.565189 -10.410689 -19.219065 -0.888486 3.3215454 12.4252 -12.200013 0.844717 -0.64527446 1.2086836 -15.839437 -10.168991 
-370.2058 72.89286 29.021498 54.11283 3.0892425 5.485838 -10.358153 2.3240612 -11.203251 -6.220185 -13.816874 0.81063473 -7.063689 1.2128369 -13.7484865 5.641466 -11.612868 -2.0286586 -7.7488503 6.037734 
-435.06534 170.17427 24.608604 31.233168 -11.983903 17.825249 -4.8086805 -0.6896693 -5.2393265 -8.988606 -11.375403 9.431516 -9.727227 0.93791366 -3.7784636 -7.7422466 -5.5910707 -4.316446 -6.772781 0.5429387 
-443.18915 116.430786 47.41641 33.068695 6.2223215 16.817379 0.3982033 -2.1531992 0.3200557 -3.3058035 -10.982443 4.0617633 -8.597755 1.3074784 -0.13318592 5.692019 -6.353838 1.7957001 -5.1152124 5.015563 
-399.854 163.42609 -8.959292 11.265883 -2.5735757 19.989983 5.690376 4.518142 -16.792885 -8.77927 -6.517331 3.073431 -3.9258156 3.2518263 -9.470494 -3.2750854 -7.9827814 -4.9810767 -5.916109 0.74109906 
-334.08734 168.02716 -52.735153 11.862953 -5.8315897 22.779236 11.554554 -6.580995 -28.329613 -6.1730466 0.35041448 8.867878 2.293249 -4.5098906 -10.666176 0.9102763 -6.5451264 4.653351 -8.004083 -11.34877 
-418.86884 162.2177 9.019108 22.141146 -2.1527243 27.478817 -3.9547186 -12.850782 -14.90009 -12.057494 -2.9535737 7.788366 -11.157606 3.999755 -7.6033487 -5.3424716 -4.0286903 -11.48695 -11.493932 -0.4033577 
-357.98108 186.43109 -40.381157 1.1629456 -0.4667353 22.837658 7.740545 -7.251853 -22.420753 0.84984684 2.502859 3.430451 0.553177 -4.214216 -14.748012 -5.2079782 -2.2435422 -3.9111965 -7.524656 0.5761458 
-344.89563 164.13742 -14.045443 21.07352 0.7655269 12.288715 1.176517 -25.912394 -20.801504 -2.0246892 -2.5358546 9.823345 -15.581136 13.428248 -8.868702 -4.7581153 -6.18895 -1.637665 -14.411224 -0.25620383 
-329.57227 106.14373 40.76589 6.1101704 -14.725035 23.997383 -16.848978 -15.890043 -23.473295 -13.234987 1.6767126 9.522318 -14.029606 8.512569 -9.215834 2.5137384 -5.3231564 -5.7921767 -13.170239 -5.5742183 
-369.32193 161.02325 27.414133 12.127612 -11.269668 15.042247 -2.7002838 -4.191678 -22.61744 -15.257911 -7.00981 7.5834675 -9.76012 -2.4863086 -8.405353 -1.7845713 -8.195987 -0.978538 -4.7744703 -7.0901337 
-371.97552 120.36243 54.508427 23.791317 10.091249 25.159388 -18.810925 -11.250208 -17.219942 -15.799698 -9.431795 1.5303668 -14.622476 0.76906675 -4.48873 -3.4339266 -5.540637 -4.7710094 -5.5178704 -0.6602905 
-344.79572 163.0202 5.205981 5.5918374 3.667918 11.11192 -10.053753 -16.68064 -27.135067 -3.925073 -4.5837193 16.532206 -12.518454 2.0930955 1.4783137 -8.602029 -7.8877335 -7.364842 -11.452482 -0.010754691 
-407.2806 133.27959 51.618423 31.321716 6.096141 9.670869 -12.568654 -8.38617 -7.5648293 -4.0640783 -10.673346 1.6901773 -8.911808 1.5231217 -6.363331 0.20805125 -4.645438 -0.20709357 -8.521639 -0.8991344 
-463.30133 151.06122 35.698235 32.343693 7.078537 17.955894 -8.703726 -0.015192244 -1.1285261 -1.8175253 -11.201992 -2.0325525 -1.3545731 -0.048383694 -7.511212 -6.3848896 -8.179708 -3.1715436 -2.9576871 -3.1317315 
-395.87607 192.84622 19.619478 16.673775 -13.433156 0.9831505 1.3391728 -5.4726596 -14.3142805 -7.3196487 -7.9354763 9.024436 -2.166446 -6.723401 -5.539296 -9.263087 -1.1474088 -2.2383916 -6.8514767 -1.9074067 
-360.70886 154.17944 -3.6180131 30.279541 18.966124 3.7963066 -9.43154 -17.44311 -15.248566 -3.7611558 -10.528161 11.203378 -7.3661685 8.375324 -1.7649332 -4.4981165 -17.951286 -8.124775 -0.8485978 -7.4232645 
-363.62405 143.82368 19.431622 12.858955 15.083797 9.711453 -11.435853 -16.157692 -17.866606 -15.95517 -3.8063078 8.593983 -5.585753 5.9443874 -3.328802 -7.3760815 -10.607245 -6.542905 -14.346722 -6.3499894 
-313.61026 155.94797 -27.124643 25.979408 -2.2337518 0.63776845 -12.421191 -5.6728716 -13.3448925 -1.6224849 -3.1650763 11.337171 -4.7357354 8.402615 -5.742175 -14.512112 -7.2639294 1.5863547 -2.5975103 -6.699008 
-369.15732 131.28177 37.60675 19.037712 -15.17278 -2.7222424 9.251831 -0.3926257 -18.97773 -9.353078 -13.842212 7.358244 -2.9418685 -0.39394644 -5.8131666 -4.5961156 -9.835506 7.327274 -4.9037294 -3.8691864 
-401.46674 165.47957 21.495138 38.380596 7.7298856 15.212345 -25.701702 -6.6483436 -24.48423 -10.567931 -20.50949 -12.569643 4.061501 -4.3020225 -3.2176456 5.4320416 -10.075739 -0.21334116 -0.31093317 2.22031 
-412.80936 105.23863 44.037148 60.529095 -2.0830126 3.74891 -8.626316 -2.2819383 -5.249684 -4.85201 -15.53862 -0.88377047 -6.2981205 -0.8819207 -8.62613 3.62189 -5.598203 -0.10213229 -5.592237 -0.07856083 
-379.4664 57.32277 42.461483 57.696762 9.579456 -2.7447944 -6.042227 10.320318 -14.480811 -9.885743 -16.283827 -0.33495057 -12.353367 0.08303965 -14.822704 1.7671765 -7.7351403 -0.4309535 -9.05192 3.589442 
-418.69858 146.34378 21.646086 50.706165 26.502981 -9.332728 -20.384247 5.461286 -4.8474116 -16.90265 -24.90383 3.523356 -2.911823 -12.287182 -6.9084263 6.156433 -10.223516 -8.013186 -3.0920172 1.4162896 
-459.8448 132.22597 17.369413 47.799458 24.090313 11.888953 -8.29704 12.631208 1.1083717 -3.7795012 -12.308132 -6.265592 -1.6879404 2.2426615 -14.645579 2.4375143 -0.5628503 -5.021775 -11.154402 -1.1750094 
-468.8127 128.95462 19.045885 51.297394 19.556534 15.769085 -0.25336564 6.5867257 -4.5240345 -0.9831062 -10.409375 -3.5798814 -11.742117 -0.45932764 -8.584593 5.4874306 -7.2538223 -5.112739 -6.7268395 0.61613345 
-416.35196 146.91167 18.876213 53.15197 20.55774 -8.058403 -11.531607 -4.2190914 -11.818027 -12.469517 -13.558617 -2.8409848 -4.9230475 0.88518536 -10.911673 8.628895 -3.4715145 -4.4987326 -10.325551 -2.5840535 
-381.62576 135.62715 10.994488 43.36193 21.335812 2.8551512 -6.6936398 -4.709302 -13.898446 -7.792923 -11.209856 5.4949875 -7.6334405 6.457558 -7.7860794 -0.4928206 -10.03059 -4.642348 -6.1973863 -3.0917866 
-368.9104 114.781425 48.480465 21.56036 -19.364426 0.76369584 -1.4574649 -5.541741 -7.645329 -9.644126 -13.526515 10.200619 -6.4166126 5.7021756 2.5724075 -5.6208167 -8.664074 -2.6791556 -7.9284515 -7.748264 
-379.85394 158.7836 22.348997 26.147463 -19.911293 -16.327711 -3.7544954 4.173121 -17.648014 -2.946857 -14.062428 12.663831 -0.80246705 6.1519537 3.2599435 -8.279685 -14.671139 -2.887792 -4.099174 -3.6913414 
-429.1381 174.73203 28.826653 23.235525 -25.594149 -5.6376104 -6.585151 10.811066 -8.524761 -2.1385922 -7.7558103 8.012354 -4.291116 0.6823702 -0.7389008 -14.953364 -11.17993 -0.58373153 -7.8175573 -0.28272784 
-506.637 141.31685 24.683702 29.151724 3.8025186 22.866892 -6.3590746 10.3264265 -1.7387042 -0.33973968 -10.445821 -4.3245244 -7.057953 -2.8576689 -8.852704 1.3722613 -4.5443735 -0.7261921 -7.739731 -1.1009097 
-411.66663 178.4194 -1.8503382 14.345995 -15.084159 9.976535 5.9393263 -1.2993537 -22.565742 -8.497661 -2.2470934 22.492523 2.8192978 -2.9586792 -8.204906 -14.51084 -11.274001 1.6260831 -8.596788 -6.609426 
-397.86475 177.89668 10.44183 17.18325 -9.801879 2.056389 5.884101 -1.7829596 -27.38174 -16.103209 -7.193112 21.669666 9.710769 6.2880273 -10.075462 -12.116152 -14.084454 2.6514664 -4.580037 -5.0781536 
-426.37857 177.38623 35.17238 22.505722 -7.385754 2.263763 -3.4469995 -2.8257384 -20.131306 -17.048748 -14.80109 20.27264 8.906554 9.724461 -3.093525 -8.532794 -15.878444 1.2803582 -0.99120003 -2.5814264 
-474.63293 169.5262 42.19046 42.650894 6.029307 7.752907 -15.349941 -4.2873807 -11.664793 -9.539896 -15.593471 -4.689719 -5.296405 2.0955508 -1.2061979 -0.59704155 -3.589609 -1.027885 -12.718206 -2.7744834 
-428.44363 157.93124 13.322697 37.723087 6.206932 21.009256 -8.004203 -7.9515896 -13.306515 -5.974371 -3.2520518 1.4567229 -7.7583475 1.1144403 -2.6161032 -6.0055313 -5.8173356 -4.8699093 -10.416998 -3.3918526 
-362.20618 170.79706 2.3360662 18.984783 -9.9858465 4.101626 -2.7353778 -12.060257 -30.42057 -18.282213 -1.1959876 22.77865 5.148189 5.946412 -5.0539985 -12.214768 -13.692741 1.5600297 -8.022204 -9.843441 
-403.41754 179.83089 7.846961 17.275984 -10.600059 14.01053 -1.5411834 -6.20162 -27.65748 -15.377293 2.4320095 16.973244 4.8504353 4.1136007 -8.105425 -9.406668 -12.52675 5.325475 -6.663417 -8.558092 
-494.34793 142.49345 24.115417 30.320604 4.41813 26.238188 -7.4563956 7.4999304 -3.8446681 0.66252536 -8.704632 -3.0857472 -8.019273 -0.94152576 -7.7709217 -2.539336 -6.09704 -1.4074991 -4.9288173 2.8349695 
-468.20486 113.98122 31.321983 17.39155 12.316455 15.898008 -8.653209 14.529731 -2.855439 1.3147273 -4.929805 -1.289709 -3.7218695 0.41275966 -9.047736 1.4894714 -5.9913898 1.4789535 -7.626234 2.9290445 
-455.37793 128.0362 22.808311 23.065332 12.857238 22.793571 -12.196417 -2.475459 -3.438533 -1.5677931 -8.112888 -5.6296225 -9.706521 2.4147677 -7.6925983 -0.99073344 1.3795103 0.8303498 -2.865804 3.6306136 
-260.25208 99.74588 15.945129 -8.629951 0.8550168 14.140532 -15.197928 -28.389439 -7.4030085 0.47551134 -9.887441 -5.6052036 -17.089506 9.844182 -21.688019 -5.189739 -11.6132555 -7.373181 -4.5579553 17.177376 
-315.85214 108.55759 46.65373 4.1693707 -5.6959286 13.813251 -19.248451 -7.4079494 -16.220835 -19.395514 -4.060765 4.5532966 -8.164691 5.2459126 -19.039825 -9.563263 -2.8872921 -0.35662082 -6.437112 -1.9214238 
-351.91803 114.34098 47.920406 26.324636 16.900295 10.376504 -25.425312 -5.6637692 -9.075336 -15.05465 -13.005407 -10.015465 -12.09564 10.29962 -10.253669 -10.824991 4.19722 2.062446 -1.8749008 -5.5257187 
-357.947 148.23224 13.6271925 25.749887 13.777975 7.6381903 -28.683228 -21.698105 -4.540656 -23.363213 -9.904404 -12.375683 -12.969121 26.808641 -8.63297 -12.225094 5.38119 4.591475 -3.6685393 -8.281711 
-413.4695 143.4819 33.259377 40.915947 13.400756 12.672955 -17.352295 -9.928214 -7.685835 -13.581855 -10.0169525 -10.47333 -11.936879 10.4700365 -5.9657736 -10.200541 2.5863457 2.1620739 -2.7170591 -7.626396 
-498.45377 143.03836 26.023018 33.768616 6.0612464 21.416069 -6.6373215 11.793363 -6.4268665 0.07543585 -6.111058 -0.031108776 -4.2220144 2.4870894 -6.1137347 0.57459545 -2.1231616 1.7287766 -9.799412 -3.9970844 
-516.36615 150.47513 24.723778 35.30032 7.867412 28.776146 -12.015704 12.058048 -7.4784904 2.3331451 -8.591542 -4.079465 -4.9986744 1.8299251 -3.4661057 1.6348262 -3.4370942 -0.50648487 -6.6105275 3.7831502 
-379.67862 104.48298 51.813156 21.28474 9.67759 2.1412492 2.4434085 -5.7321134 -8.605034 -11.383241 -16.321238 -2.7099953 -5.9777126 -3.4984179 -1.8403096 0.64772654 -5.497412 2.8611324 -1.0748333 -2.3533444 
-276.81018 127.242096 15.325466 -3.0196633 0.22219044 0.72052395 -8.806233 -9.152519 -27.769846 -7.435024 0.6859277 -1.5450624 -7.199875 -3.304058 -11.200863 -0.22159375 -7.562594 -0.9643522 -5.685233 -0.6196349 
-368.8153 157.68428 -9.870167 7.343411 -4.0080905 28.59317 5.9591722 -6.6578054 -17.635105 -1.4152333 0.9109993 4.3191323 -7.6630487 3.6182544 -19.298777 -5.7691846 -1.8573971 -6.1601977 -2.0480962 -2.1382117 
-391.91855 169.23177 21.909111 15.898692 1.7548441 6.788576 -14.745327 -4.916331 -17.162804 -11.630679 -6.3386655 6.6443534 -0.21804768 4.6639676 -9.340577 -5.3152604 -9.939964 -3.7424955 -2.5230734 -10.02687 
-367.05237 112.46534 29.902767 50.068947 9.484356 -0.13826996 -23.913593 2.8548634 -9.930579 -2.949462 -13.321084 8.013611 -1.7041198 5.2871847 -12.442066 0.14029895 -0.75713515 -3.1732712 -12.796851 -5.3822737 
-349.24826 90.73271 22.867323 52.97156 19.796034 0.16104735 -37.22601 9.547645 -20.865738 -8.90765 -10.441432 0.49140242 -2.7635157 2.4473991 -12.319753 1.899573 -7.6885886 -2.9656677 -1.0268807 -1.1591535 
-425.17078 161.58075 26.493927 35.788273 11.531887 12.096398 -22.115305 -7.9890366 -15.311813 0.9883302 -5.672092 -0.47190204 -10.3654785 3.2952096 0.15964217 -5.1231136 -12.520784 -1.1460918 -3.300458 -3.4200792 
-411.7633 94.069756 41.684536 50.4319 9.248679 8.348867 -8.324184 10.840659 -11.632772 -10.227167 -8.731477 -3.3390188 -12.539946 0.24696752 -16.721338 0.95541966 -1.7838143 0.9860723 -5.5771313 8.102641 
-446.2962 163.62639 31.994968 34.74088 -3.448547 9.796941 -9.169097 -8.312172 -5.8010163 -3.1852148 -7.577094 4.404005 -12.979575 -0.53475595 -8.07737 -1.7913197 6.8012667 -3.6781926 -14.981611 -0.55248386 
-498.71497 147.48192 24.036537 25.374481 6.880991 23.915535 -6.414135 10.926867 -4.938349 4.14559 -4.647647 -1.2308859 -5.5513177 -0.9048737 -8.857691 2.1745439 -3.291897 -0.887326 -7.019695 -0.49469423 
-454.55472 147.06207 31.270708 17.752335 11.116539 20.242048 -7.9370313 1.3523241 -12.493574 0.17892653 -6.7437067 1.8318844 -9.184937 1.430934 -13.517534 -0.14853996 -4.890623 -4.7417603 -6.315567 1.8474784 
-374.49597 191.18855 16.708199 6.9072967 -26.110897 2.070251 -5.7335477 -1.5249248 -5.89928 -13.026295 -3.8251457 3.9181528 -1.1682935 11.304752 -13.5252495 -12.375643 -0.7762331 -5.19414 -5.1577106 -0.44316208 
-360.84787 141.35956 32.697464 24.940582 -0.3687104 4.749046 -13.924639 -17.334908 -14.392046 -6.73736 -3.527745 -1.6205691 -7.748265 1.142036 -8.58082 -3.7228987 -3.6593907 0.91437274 -9.952096 -0.0485292 
-361.7013 67.42037 61.56652 37.20495 6.010709 25.522226 -23.087477 -9.779897 -5.5352755 -9.762432 -9.580512 -5.974108 -12.178025 7.765587 -9.789507 5.348235 -1.7657838 0.2972685 -8.583825 3.1621377 
-395.28503 162.66972 11.533554 34.276962 19.233105 -2.8141315 -37.15471 -9.037527 -8.513823 -13.025621 -14.346468 0.8942765 -3.790437 1.6948335 2.2448707 -4.1810813 -4.3779225 -3.1069212 -0.61260456 -6.5643964 
-379.6579 168.45172 10.348533 23.62665 20.856165 -1.0900958 -28.606968 -12.757191 -21.23661 -15.942344 -11.560307 5.7578087 1.6693894 6.385311 -9.44023 -2.5236418 -5.466435 -7.1648917 -6.009832 -8.84712 
-370.012 190.78409 -11.757172 18.719765 9.163965 2.8033602 -28.20087 -9.101287 -9.935329 1.2358532 -5.209423 3.913821 -10.793138 0.511952 -7.085557 -11.626912 -2.146306 -10.62878 0.75667405 -8.437089 
-376.62198 144.944 25.223083 19.440311 -10.452215 -5.0944104 1.9128594 -5.5288982 -19.515982 -5.564438 -11.657642 9.270546 -9.012285 1.0520453 -12.479169 -0.34950316 -7.825312 1.7436256 0.62738216 0.9712941 
-410.8125 161.41757 18.628748 33.70022 8.586792 11.250632 -22.162325 -17.563124 -21.213236 -5.58883 -15.900618 -0.76855916 -3.6976547 0.22353151 -0.27403823 0.21716383 -9.522649 -0.8098275 1.9337885 -0.15790813 
-383.78812 126.585365 22.02346 35.28009 3.7954936 10.102985 -13.884203 -11.226793 -22.007181 -1.2436604 -10.599859 1.1340525 -2.2308118 3.8829956 -4.275784 0.39404577 -8.40941 -4.8908873 -7.28228 -3.9876094 
-408.83878 157.1837 17.82347 16.59513 -15.731417 1.9242325 -10.016518 3.3343418 -5.0410023 -0.5797901 -5.834135 7.336901 -1.6583713 0.10139763 -1.6240323 -5.9589047 -13.820522 -4.5914955 -5.278509 -2.9500756 
-457.65814 110.09075 13.497196 35.15832 14.797176 22.831123 -4.6145263 5.855968 -0.21959135 -0.6188364 -7.581716 -3.7912292 -4.187576 8.399798 -16.058516 6.0226827 -4.1381035 -4.38139 -4.315453 1.1874965 
-456.83142 133.21063 32.46249 47.963665 10.093887 4.7800984 -6.831159 2.7365925 -7.806945 -6.0905333 -5.9686365 -3.1720483 -7.052668 -1.5223646 -10.8317375 4.7284913 -4.564457 -4.8886013 -1.341271 3.462379 
-363.23572 72.634674 45.409515 52.934616 9.774929 6.4870744 -6.418139 8.419028 -15.5469475 -0.26848495 -9.035733 -1.1181766 -9.429851 1.5907779 -13.958642 7.415135 -3.1116426 -0.15576318 -9.238113 1.9606531 
-316.50787 69.74238 35.60553 50.536003 5.658332 6.672409 -16.95652 -4.1039524 -11.099498 -8.593505 -14.096024 -1.2485423 -8.406324 -0.49567282 -13.933999 3.95013 -3.7386675 -0.14913136 -6.825718 2.6748362 
-381.95105 130.97057 12.176567 15.465615 4.6965823 24.461666 -4.070827 -10.048907 -1.5182632 -3.410212 -4.3705697 6.9211993 -10.15535 -3.1016848 -10.902909 -4.8378196 -7.1153965 1.5937467 -7.280572 0.7145477 
-406.5337 176.39746 31.647587 17.951696 -17.099634 -9.119853 -9.332807 -11.227223 -12.215522 -9.298428 -13.793818 11.2237215 9.274332 -4.5428863 0.6021005 0.9690492 -16.979794 -3.4851136 -2.6357079 -2.8831182 
-409.28912 178.52318 28.362358 25.409502 -11.638027 -8.140977 -18.04983 -9.813064 -3.6270964 -2.5675848 -7.329461 0.8449046 -1.501945 -3.0252576 0.591039 -4.8101225 -2.4319675 -5.99345 -6.6598682 -2.874833 
-365.01956 158.58806 -20.040352 30.384315 16.094816 0.9768113 -9.091591 -5.2502203 -13.958455 -4.702333 -6.454057 6.952268 -4.2244205 0.4406399 -8.692101 0.6066761 -6.6476307 -7.732615 -4.0493436 -8.479652 
-364.93307 159.17384 11.348532 8.886758 -8.913464 12.590323 6.25172 -6.3796825 -13.343015 -9.260184 -5.0311146 6.1348553 -4.1383963 4.871584 -13.119152 -9.438869 -7.9050684 -12.226808 -3.088434 -3.5677533 
-390.17194 119.259 54.594406 10.143622 9.148153 23.43215 -17.34523 -6.3352857 -20.98199 -8.074258 -5.3555546 2.5832498 -2.7413652 4.113262 -7.8885674 -0.9695623 -9.218053 -5.1732693 -7.992935 -2.4852126 
-385.71625 169.43391 -4.272038 19.168335 9.085036 10.933238 -13.179632 -12.210593 -14.7492 -2.3724637 -5.225093 4.26671 -2.817687 -0.35067815 -6.4035406 -6.434592 -3.444829 -10.950387 -5.3151813 -3.324833 
-372.20425 167.71674 -4.0064425 22.204912 7.9312687 -2.3158274 -7.806666 -17.480051 -32.507988 -0.07819515 6.5646276 9.795154 -5.317166 -1.8194165 -1.8067627 -1.9693074 -12.797476 -6.57483 -9.654341 -4.4952393 
-427.03854 164.65251 30.660208 36.38002 -2.5421233 3.9353845 -9.066044 -7.7292886 -9.242101 -5.773684 -5.979733 2.6579845 -4.183264 3.2800841 -7.00664 -6.581142 -1.5554883 -6.339406 -10.1489935 3.7077565 
-366.23346 127.10425 21.29139 37.833454 -7.6310863 -3.8680086 -9.758432 -0.44655386 -12.373197 -2.5197668 -5.109208 6.0696197 3.1390157 2.3020136 -12.149557 -3.104036 -11.623137 -1.7048302 -3.482659 0.22020422 
-415.10254 137.54346 23.82506 61.034466 3.7366502 -2.7622213 -11.044786 3.7047365 -16.313211 -8.354472 -11.652866 2.093604 -9.871235 -5.8792963 -3.9170341 -2.9653392 -11.387754 -3.0822153 -4.01051 -1.2486434 
-404.57507 105.974396 27.737038 51.017273 23.499668 5.213963 -21.70759 14.801533 -13.955488 -3.9014444 -11.412539 -3.265454 -11.712026 2.4081962 -15.80421 1.8699679 -8.27398 -2.6786575 -4.623542 -2.6531365 
-408.30347 142.28204 47.1517 27.435581 0.13625918 -11.958156 -10.718787 -3.502284 -19.947557 -1.1694722 -13.156792 -1.3461146 -1.6014459 -1.517731 -11.50214 5.9057193 -9.111104 3.6685643 2.3847585 -5.350391 
-394.19196 139.90033 32.579304 28.25804 19.495691 -5.217715 -22.305117 -4.8663692 -21.68182 -13.661486 -10.3153305 1.9511768 -0.5397742 5.343292 -3.8735716 0.06952 -10.165215 4.3039837 -2.3624175 -2.2499092 
-399.42136 136.83278 14.768337 32.087875 18.011518 9.616309 -24.590408 -7.468169 -17.435322 -2.7066557 -7.355917 1.1269972 -9.964576 5.679653 0.31642658 -0.47456518 -13.899204 3.4211566 -2.1075788 1.1485034 
-409.96606 153.54572 20.148312 63.014275 19.270264 -1.54232 -24.618456 1.5002302 -14.456798 -3.0970225 -10.410223 1.6779495 1.4510953 4.4003263 1.1777954 2.0878043 -1.3265936 2.4391315 -2.6655838 -2.3950903 
-414.07867 110.42748 19.541126 59.11711 14.249824 10.441698 -11.991802 9.176689 -13.016008 -0.685556 -9.910623 4.694619 -5.0323462 -2.1133623 -1.8065679 3.3067126 -8.163363 3.650088 -4.2755294 0.6223691 
-449.10767 185.17268 18.067392 31.872507 -7.100175 10.171718 -10.836491 3.0139475 -12.845352 -4.27225 -8.561766 6.8759513 4.333243 -2.3819895 -8.181124 -8.231755 -10.047323 -2.5508335 -3.025725 3.256928 
-462.36963 125.9296 39.48435 31.734398 9.15229 24.552332 -12.255596 3.0523148 -5.4909534 -6.8861833 -6.780569 -2.4417405 -10.8601055 2.336707 -6.2944584 7.3145795 -9.126291 -3.0755749 -6.7298064 1.8543019 
-431.17734 151.22078 44.14859 16.578077 7.529507 10.793165 -13.584923 -7.1807117 -20.475594 -11.64171 -8.609491 7.206205 -2.1742837 3.259799 -11.767647 -5.2498703 -8.682865 -5.4779496 -9.753804 -0.086655244 
-382.28342 147.65196 20.16347 34.29924 22.835054 -3.3844397 -26.563206 -12.347039 -18.88807 -7.80394 -11.706738 -2.2183418 -0.6482631 9.990426 -1.9036859 -4.320984 -10.558622 -0.9929623 -2.3333936 -8.797374 
-422.76404 160.24557 4.0767064 41.989548 6.3396616 6.931353 -21.602242 -11.074863 -12.883191 -9.188818 -5.090172 6.281605 -7.488283 7.5749054 6.3709316 -1.8587157 -8.974224 0.86001086 -7.2450747 -5.6158595 
-445.51758 166.23326 2.556677 23.396776 5.947402 29.195425 -11.227632 -0.007041666 -9.524317 -5.011772 -2.227507 3.6820488 -7.7363534 4.6138825 -2.967887 -0.4969774 -2.3149757 -4.902375 -8.702361 -1.2919132 
-392.06363 95.48054 42.466408 16.094128 6.979986 22.59951 -21.827896 8.368938 -2.9713588 -10.491067 -1.1238444 -0.5494772 -16.920666 6.6584787 -7.3949323 -0.14961328 0.2204086 -2.2441738 -16.70348 -0.86512226 
-358.9057 178.33334 -30.292372 23.853233 15.055939 4.09953 -19.75021 -6.7227206 -10.231862 -3.6893451 -0.53704125 0.10541068 -3.9593675 1.4993736 -8.902051 -15.670142 -6.135204 -7.9448404 2.7570727 2.4924808 
-414.89844 129.49251 41.699245 41.72782 12.801614 17.93769 -1.7474682 -0.45718575 -4.823496 3.057396 -9.122819 0.3214823 -2.4886382 6.135336 -4.8176365 3.42554 -7.295251 2.7709045 1.2677159 2.512651 
-390.32632 148.81798 25.998959 12.42531 8.014482 17.437706 -7.187183 -14.16008 -22.591349 -3.8780398 -3.850938 5.4759483 -2.32854 3.5163248 -5.2969112 -2.8230886 -9.1556635 -5.8929386 -6.592374 1.4405427 
-415.09628 142.47214 30.920532 29.979967 10.150555 12.737027 -9.3790865 -9.17249 -19.257456 -5.5991287 -7.348124 -4.0405555 -2.4874954 -1.3289808 -4.204638 -1.488977 -7.6109815 -7.9332156 -5.9881063 -3.9620197 
-431.2476 157.60326 21.54963 32.6849 -11.940759 6.8048596 -1.8479476 -3.0902438 -16.976841 -14.059501 -12.93151 4.336486 3.8388197 1.4755176 4.35268 -9.279332 -7.7469273 -0.43560663 -0.06948444 -8.79403 
-386.46375 167.01642 33.85076 14.467327 -24.179771 4.462099 -0.38641146 -3.7378774 -16.475735 -14.438234 -16.917938 7.544163 3.5382 6.904536 1.604114 -9.929285 -8.157472 -4.9070697 -5.689888 -5.764903 
-396.40442 170.12778 -4.4280133 42.668003 10.3204155 0.0043237475 -13.440182 -15.735096 -21.152346 2.7658873 -5.005863 0.050545998 1.8352718 8.834011 -0.40400636 -8.159891 -9.516648 -1.7101102 -8.563217 -4.7655525 
-382.9163 167.82774 -21.303993 54.092804 13.412121 -17.960075 -29.02934 -2.3803241 -13.068622 -6.0339584 -9.53738 9.325614 8.623863 2.657423 -2.0348985 -10.378573 -2.8948188 -8.439914 -6.221605 -6.2862487 
-402.68686 177.4977 -1.0794898 4.648635 -5.8927937 14.578693 1.8385332 5.5406556 -20.330292 -6.58449 -1.7665695 15.988691 -5.172895 -8.766825 -5.7719193 2.8966904 -9.130917 5.614881 1.8763477 -2.9351344 
-386.6984 153.52582 4.90476 2.259382 -5.2235823 8.273162 -0.90020454 6.84287 -13.886388 -9.749998 -4.887633 13.024168 -5.1723347 -4.310526 -7.0858493 -2.9162385 -11.9247 7.8164845 -2.2506628 -3.6879196 
-399.95084 156.85475 18.530518 18.697401 -9.393127 17.398838 -2.356202 -3.8902206 -12.887409 -16.887197 -9.668209 8.136787 0.3077063 3.2790043 -4.4510355 -9.645974 -7.895634 -0.6479949 -4.150565 -5.5198307 
-410.09543 171.19499 20.149424 33.067623 4.429841 9.290597 -9.004328 -15.683838 -22.480618 -5.517359 -4.857998 1.2281227 -4.026078 5.051423 4.835443 -3.013566 -5.541475 0.15791872 -8.062969 -2.1103604 
-395.9469 177.87209 -5.8676095 28.676401 2.662038 4.470522 -22.572014 -20.583954 -17.52636 -7.2325397 -4.430399 12.101255 5.320337 3.0510244 4.6308737 -3.8878758 -15.56241 -2.8763344 -1.4516095 -9.96648 
-446.42184 169.76085 26.893198 27.172966 4.834821 15.555505 -5.60913 -6.738679 -14.852576 -8.914714 -1.4690601 20.239136 1.7807388 4.394884 -0.2934172 -4.8420944 -6.1228466 2.1194813 -11.442555 -12.207431 
-472.72055 143.77657 22.745644 36.825005 13.956788 23.784912 -8.817774 5.503908 4.5521636 1.3638643 -6.2078505 -5.4571953 -1.4338107 5.4763317 -9.567152 2.5328496 -0.6468862 5.5689635 -3.7551079 -2.443213 
-506.80115 144.8026 28.649513 37.055115 7.063379 27.485039 -16.022066 10.102856 -5.141382 4.8318243 -8.077291 -2.067649 -9.440694 -3.2709153 -7.4703503 3.2413247 -4.577067 2.082157 -10.889399 -1.9234954 
-512.3655 144.08284 31.285936 28.956556 9.057647 25.278048 -12.022602 11.043949 -2.3223085 4.551316 -9.334057 -3.4052565 -3.7887623 -2.451739 -3.4356744 1.9728557 -2.2949138 4.226021 -8.173916 1.2020673 
-386.89398 121.51029 38.584614 22.696192 29.114637 -0.8260697 -28.119102 -8.496775 -11.269166 -8.683812 -11.470672 -0.3375721 0.6687388 18.315138 -6.4522815 -8.456702 -0.62201273 0.37805897 -8.981997 -4.309217 
-462.1771 147.76794 29.683546 35.25154 8.687866 14.0294075 -18.853344 1.2148385 -6.718711 -0.060747676 -8.591572 2.8850877 -5.2759275 7.029735 -9.084797 -8.344447 -4.0628405 -4.95767 -10.722188 -0.28725803 
-427.76575 102.89132 31.472294 47.857162 5.149497 16.376736 -8.864239 6.332398 1.1370708 -6.0728016 -11.164093 4.0156503 -5.1574616 0.7188099 -9.418034 -3.1182823 -8.510365 -3.1842678 -11.973804 3.3472803 
-458.06213 133.22989 26.649837 28.52219 11.195698 13.554489 -17.007122 2.7408457 -11.5180645 -2.0744922 -8.120623 2.5794172 -3.3293746 2.078766 -6.5806437 0.055451553 -10.432697 2.867455 -7.242387 -1.238338 
-491.6773 148.32468 22.444208 29.127232 4.65843 21.34188 -6.5700235 12.050223 -3.0594454 3.0971925 -9.522705 -3.8353624 -3.9296472 1.3211564 -4.2490134 3.2418756 -6.0634303 -5.8508153 -11.496366 -2.2819538 
-493.48578 141.10457 27.817282 32.078514 12.820999 23.896572 -7.4993286 13.636842 -3.4517412 1.8413236 -4.8115005 0.30884573 -1.8050971 -1.5632699 -5.088102 1.5292283 -3.7806332 1.6650364 -7.3292575 0.3013435 
-437.68167 97.37582 55.543415 23.629856 24.138424 8.524165 14.736745 8.646677 10.710697 1.0457197 0.70932597 9.2099 -3.7954814 4.0289826 -3.4282045 9.780537 -6.8974085 6.876395 -3.1221533 8.189856 
-514.16486 124.88945 42.706253 18.347633 24.292353 12.807011 -1.7369233 8.45469 5.0949745 -0.57154995 -11.55039 -2.5171916 -11.388859 2.6811414 -7.58543 14.46825 -2.2387547 7.1750712 -12.608626 2.46156 
