-397.4641 93.49176 1.2532514 32.047794 11.242922 47.396255 -10.323561 -6.4662266 -21.562414 16.216215 -4.509168 -6.1609707 -0.43543038 3.8072531 -5.505027 12.851849 -16.916592 1.3116014 -5.1872454 -4.2718143 
-410.5237 100.86191 6.191839 32.74181 7.924807 50.46773 -6.838503 -2.0492053 -22.502724 15.443529 -6.443015 -6.7824903 -3.6156948 0.46599144 -8.787768 8.24107 -13.364723 3.090663 -5.1308293 -6.868275 
-503.31772 134.5438 46.44187 39.925632 6.091692 29.232552 -2.425891 10.006471 -5.0826063 3.3950326 -8.830512 1.3726888 -14.28282 -1.031169 -10.354693 8.310938 -5.563788 6.691819 -10.402173 -0.49452236 
-262.39764 132.68852 -12.849667 23.730776 -1.5336566 8.444721 7.162628 -12.23769 -28.23307 13.066177 -13.132775 12.385953 -11.648198 0.7056873 -9.922814 -3.7032971 -10.161963 0.52729523 -12.24964 -8.731862 
-257.9961 169.11371 19.59562 27.445229 -32.294586 -39.827377 11.932471 -13.239428 -34.821815 13.319256 -19.039698 0.50667584 1.2842988 1.5839962 -7.7912107 -0.13470703 -4.302317 -0.07481991 -4.1177335 -5.328076 
-212.63321 132.72815 -33.670456 57.655178 18.795006 -13.057786 1.4119669 -22.337755 -31.554482 9.20684 -29.711037 -4.316307 0.7639067 5.2176743 -11.495019 2.039997 -3.5886405 11.012904 -5.4693484 -12.632488 
-228.59685 114.723564 4.6422415 44.516407 -6.3631916 5.2207656 -7.788999 -7.6390567 -34.191208 2.4368079 -18.157299 -1.3278728 2.4898806 -0.50616986 -4.8272276 -0.2131837 -10.27072 4.4834886 -7.633387 -12.550778 
-232.38658 96.06695 47.678497 31.123098 -23.153774 -0.48844868 -12.010933 -0.4475689 -33.388687 7.8779263 -21.082195 -12.484142 1.7431519 5.0399075 -1.4331396 7.822932 -9.621209 4.3764772 -8.735563 -4.0537496 
-288.46768 81.91405 42.422123 50.28817 -16.88665 16.320354 -7.0529423 2.764472 -36.65588 11.88168 -23.91798 -6.889429 -2.9256172 3.2192702 -6.8626285 10.906804 -6.840929 11.942394 -5.2374325 -9.14674 
-315.83008 70.38958 29.673607 86.683945 4.0080724 17.69692 -15.701263 5.91507 -28.524689 14.338684 -23.126305 -11.833795 -2.7337172 1.2697768 -17.714415 4.068941 -6.797722 1.2994096 -13.364907 -8.818835 
-239.7364 127.81185 -34.676533 59.227085 30.691097 -12.178795 -13.565394 -25.813072 -24.906454 8.21412 -26.203728 -0.61541295 -1.406528 5.5361614 -6.40069 3.4182596 -16.896118 12.628421 -10.949028 -11.748493 
-444.69302 159.03233 16.23628 51.45493 25.717806 6.1101956 1.2284168 5.587135 -8.6610155 -0.38924038 -13.519146 -2.7599833 -7.1958117 -7.12516 0.07132488 2.2847793 -11.310177 7.1099553 -1.694291 -9.923289 
-481.62906 132.87386 41.419384 42.133083 14.69428 16.858463 2.8818893 3.2361314 -10.935449 2.411733 -18.23753 -2.408745 -8.935008 -2.9631593 -5.261847 5.291103 -2.512296 5.5173087 -8.206779 -4.446924 
-266.5707 170.0449 -2.396548 34.605556 -21.33578 -28.413729 10.739032 -16.087051 -33.294876 9.78172 -17.556114 1.9015634 3.3008401 6.451342 4.0067406 2.536231 -11.566016 2.3707433 -9.215544 -22.178703 
-225.91217 172.54442 -41.626514 40.557507 11.615158 -24.403946 4.0527906 -26.79853 -30.97779 8.882368 -10.102195 -1.7107165 8.029957 2.4447944 -2.3637645 5.6875286 -18.083595 6.023577 -6.6231427 -14.19183 
-267.46436 162.90807 -24.586184 28.212101 9.564024 1.1037536 -5.289072 -23.435652 -23.098816 7.1793494 2.0600348 7.534617 -3.2423887 -2.709875 -2.2490435 4.178291 -12.980691 -3.2028992 -5.2548113 -8.285372 
-267.90274 48.246616 45.834396 44.61213 2.5780694 31.45894 -26.689278 -4.8466535 -30.620104 16.228909 -13.003151 -8.97065 -5.949674 9.127761 -8.405771 4.804568 -13.304231 8.662025 -7.0674186 -10.187863 
-296.44543 53.331734 19.579905 85.77287 15.245641 14.281285 -21.980751 3.7422023 -25.498116 6.784178 -25.337132 -10.587318 1.7496932 1.3194247 -14.029221 3.8019502 -6.9913883 10.6392355 -15.193231 -10.154973 
-268.1737 105.112915 -10.158086 83.90756 12.298781 -17.419645 7.866166 -4.220049 -30.840214 10.336981 -24.216526 9.911118 6.599444 1.0746541 -14.012421 1.1514486 -9.491764 5.4043016 -21.814335 -11.463152 
-376.57196 139.11115 -3.5549428 66.9603 18.44651 -12.815012 -0.094077215 -11.175273 -5.846181 9.862701 -21.861948 -2.82369 1.612006 1.8626567 -12.937657 -2.0782878 -7.942116 1.7264085 -11.433231 -9.236325 
-286.41418 112.888275 3.4728098 55.54786 21.055 2.941585 -16.485657 -16.430693 -25.274593 10.761192 -21.326931 -5.4436088 -3.6959314 9.076894 -6.9979815 9.320658 -11.946538 7.2699127 -3.1357076 -9.897814 
-303.58572 118.382065 23.583073 26.920671 17.234636 17.33767 -20.290611 -15.37226 -34.154007 21.81535 -4.8045554 -8.024449 -7.6140246 10.610746 -2.9101698 2.7431548 -19.44576 7.871766 -5.366796 -10.350312 
-260.3585 176.766 -60.661446 10.099116 11.515682 -14.270382 -8.777577 -10.749355 -11.211332 28.274544 4.8788 0.45739332 -3.7413614 -2.428956 -6.4423766 1.8143605 -9.205345 3.7677639 -4.3076406 -8.56007 
-252.33849 123.77817 -14.595956 77.67723 28.735456 -22.42733 -4.0185475 -12.596783 -21.362968 11.61731 -28.707376 -2.1933298 -1.0969584 4.644158 -11.964616 6.7385964 -5.269509 3.533981 -5.4573855 -9.487589 
-328.1738 135.41425 -2.300415 56.33993 25.891916 2.3164394 -7.4556265 -18.955496 -19.656883 7.269701 -13.210959 -1.4860793 -3.6041744 4.5741267 -4.278577 5.8348475 -10.715681 3.340531 -12.405283 -12.962211 
-303.05527 149.51003 -25.009937 30.613932 19.900143 -4.708789 -16.046713 -10.404512 -22.018879 21.637684 -5.4548116 -3.1093838 2.8883066 4.663021 -6.872526 -3.5555077 -19.508223 2.2857103 -7.8837337 -8.141409 
-330.01962 178.9754 -16.331923 34.377705 28.24923 0.46600258 -14.020009 -15.13441 -19.215822 13.138596 -8.857258 -2.0203443 5.5030203 9.9857025 -1.0824126 -7.847279 -18.4332 0.6827771 -11.6592655 -9.937163 
-446.8068 142.69856 31.593645 48.417175 9.187001 15.166813 -7.6094446 -4.319726 -12.068682 5.946189 -4.535014 -7.56456 -4.0796843 -11.315242 -3.2904074 0.5969962 -8.001339 -1.9070596 -4.158058 -11.794004 
-343.05545 115.62134 18.811842 33.06399 -15.115899 15.6152935 3.7419777 -22.391603 -34.423344 11.308315 -0.6105408 5.069541 -1.0150809 4.7572494 -6.6904635 9.10936 -7.0640445 2.5932856 -13.6065 -10.91081 
-271.0605 103.54534 33.262016 25.106041 -11.377835 8.469376 -0.945728 -1.4242486 -43.18952 3.0947227 -24.147161 0.8775767 6.59529 11.330473 -4.0844707 6.121683 -13.194759 7.3425293 -0.41934222 -8.108073 
-275.4692 101.09487 -15.835903 64.527145 22.017242 13.885033 -27.457806 -6.9677343 -24.201962 7.2536983 -22.491589 -16.769054 15.144706 1.8692224 -6.7377467 9.463142 -14.445931 8.425419 2.0032222 -11.9452715 
-325.5899 176.06891 -16.152504 49.2415 17.210358 -5.790507 -9.351559 -32.654907 -31.84034 5.040518 -0.42645583 -9.451923 6.5950766 3.5689442 5.95401 5.624297 -8.325243 0.6710471 -1.3155284 -12.293055 
-386.99753 132.03271 14.372313 68.332535 27.379023 4.9703603 -13.16943 -8.922972 -20.16367 10.184583 -24.689816 -13.514746 3.184687 -1.1937414 -12.840834 10.041494 -8.854107 9.614665 -9.965095 -8.368596 
-322.7746 164.79292 -18.960566 50.71428 24.379723 4.862318 -17.663383 -13.525089 -30.027 16.26474 -6.6872087 -7.0853815 10.785761 -4.3212686 -0.79393226 6.407632 -16.00894 6.433321 -2.7826982 -15.424164 
-374.0687 149.35384 10.752908 20.755608 -4.9961505 16.052069 1.9101015 4.7565465 -19.386667 -0.10370374 -7.336965 4.815706 1.9585775 -9.666628 -5.1106358 2.5100572 -20.05687 1.3006198 -2.802947 -7.6172113 
-334.21118 111.15907 52.561752 25.45873 -32.575188 11.132675 -6.0667233 4.1241245 -24.377241 11.308366 -14.718754 1.8615189 -0.8727324 16.55263 -12.208277 4.7366204 -14.7342205 -0.3106264 -6.1901784 -4.8721385 
-388.69287 157.67245 8.439224 46.768837 2.7458942 19.221764 -0.024365637 -20.132952 -25.37197 7.933016 -13.107433 -2.136987 -5.32077 2.445093 -1.4737309 8.611904 -17.232298 -0.21707559 -7.368163 -11.54778 
-392.12195 73.05978 63.800827 43.35847 -1.5853764 25.313612 -3.2829792 0.17134126 -35.0339 15.075463 -20.782057 0.9326615 -15.7949505 3.873647 -12.016585 9.968208 -9.92599 4.875159 -3.1115522 -2.8840797 
-363.5739 174.87663 -14.78098 40.807747 18.66795 -4.210287 -5.6327724 -25.106226 -25.295515 -1.1563182 -12.266149 -1.7707602 12.551546 7.693102 -0.7604051 3.3821332 -9.486524 -6.83643 -4.3803635 -12.149541 
-361.09692 143.10204 8.821703 30.819864 2.3338976 18.408379 8.95763 -17.203964 -17.8892 11.786129 -1.8358985 5.01716 -3.3688307 0.9970815 -6.765719 -5.317698 -9.309879 -5.235864 -6.727066 -2.7988296 
-344.43057 178.03244 37.88848 20.336067 -32.425858 -10.824404 1.0748338 11.155361 -40.227448 3.5658057 -14.931527 -0.55523497 5.4518247 11.87139 2.1240435 0.5544086 -12.833628 -1.5676222 -7.7041354 -8.927677 
-340.08197 141.79706 -10.39717 61.902058 14.358976 1.9579105 -3.6134992 -7.2203684 -13.71572 4.701174 -15.762608 1.1963472 2.4136786 2.9076703 -3.8239527 7.4418793 -14.453369 7.5864935 -9.894314 -10.200799 
-408.26318 153.56732 56.4179 41.328476 9.718167 -3.9036005 -6.037047 -7.9894485 -13.6287365 -2.9195876 -7.394785 5.1577673 -4.1229577 -3.8934882 -5.36819 3.5083532 -14.368154 4.914522 -8.119349 -2.6134624 
-295.4579 172.41972 14.885966 29.628635 0.64053607 -2.98905 3.2738762 -21.468477 -31.555464 7.3020425 -21.171394 6.888801 -6.931378 -2.9570873 4.9124475 1.7750396 -7.3624506 -4.8547697 -4.3917966 -9.670599 
-354.2724 124.70407 28.94594 40.14998 -13.118334 18.860094 -11.830124 -13.897478 -28.164852 14.410743 -7.169631 3.827245 0.680372 8.777194 -3.8794107 6.6480675 -14.518829 -3.4626193 -8.938298 -8.9015045 
-337.24924 86.19337 30.045074 41.524082 15.434841 13.7743025 -20.002224 -13.568115 -26.21357 10.933287 -15.819012 -6.077642 -5.2035923 12.775394 -10.747079 10.504925 -11.686147 3.7164366 -5.599315 -6.4320755 
-405.37415 145.92564 9.579427 61.601093 28.68028 -5.176439 -9.467138 -2.455884 -20.640268 -3.5682733 -19.910522 -5.436731 2.887052 -1.0573785 -10.234661 2.527543 -8.8108 5.91439 -9.821598 -16.229204 
-494.8176 165.43544 28.00889 52.83769 19.966837 5.6166186 -10.317356 -11.40964 -17.90055 -0.29694578 -13.695856 -8.442767 2.6036446 -0.25522688 -2.437451 6.8968325 0.10522127 6.232408 -5.1282945 -9.094324 
-477.04214 169.32219 25.391537 27.937809 13.875654 17.195402 -1.4619765 -0.7285457 -7.4472528 5.6924753 -3.8970194 -5.0783296 -5.8107166 -7.5338907 -2.0564466 0.93460655 -3.929318 -1.2626575 -3.5621922 -6.3235188 
-261.97278 169.12392 -34.276752 10.327411 0.04531426 8.64643 11.185311 -13.899688 -26.6037 22.21346 1.3915592 9.5710125 -5.0097446 -9.117491 -9.98819 -5.9541335 -14.686613 -1.5510545 -3.1435933 -9.990392 
-235.08029 134.24632 -26.39558 39.461426 21.177868 -11.096247 -14.038034 -29.251875 -36.2199 12.01326 -22.384464 -7.5493283 6.06881 1.2858629 -8.931449 8.825674 -7.8171334 -1.2651191 -4.835804 -13.155538 
-253.08942 81.96257 24.446012 32.764183 -1.54366 24.993856 -28.201334 -17.576775 -19.459164 10.834243 -14.867684 -9.876117 -7.0562997 12.815754 -6.3247776 5.4377985 -11.890874 -0.2984318 -6.269271 -8.487311 
-313.2538 78.581566 39.114605 76.460846 8.102556 22.426294 -25.656626 2.269662 -25.364529 5.2701464 -28.479876 -15.935961 1.308108 5.7626677 -11.670834 9.651417 -9.276707 6.0703244 -13.795757 -12.173473 
-311.4268 73.2886 34.82744 50.23923 9.8165245 38.260666 -23.417221 -2.0540466 -30.971436 14.364376 -22.190853 -18.570656 -3.3685694 13.378998 -11.156921 4.3250184 -11.967442 10.46425 -6.7859745 -10.7325115 
-410.3079 151.69907 23.434654 67.498634 18.628399 17.167238 -13.339434 -12.069263 -27.720621 10.325098 -20.650843 -24.77208 -4.1469235 3.2969599 -0.18023953 2.2109003 -10.714577 10.858705 -0.028132651 -12.233276 
-489.14194 128.23128 39.64484 36.539886 13.056522 20.655357 -13.435216 5.425728 -13.809174 9.501765 -12.4154625 -5.9022894 -8.564473 -3.0731366 -8.763552 8.572392 -8.796368 7.5536094 -6.9508696 -1.6019406 
-253.77728 176.83647 -30.63231 30.960209 8.397301 -14.101666 -19.54927 -23.74017 -31.898857 34.887794 -13.873893 -1.6882352 3.634432 -0.5904521 -7.682625 -2.9888792 -22.25731 7.008694 -4.5062313 -13.08861 
-226.46243 185.918 -49.628456 32.723984 1.4094007 -16.90694 -7.695101 -29.293505 -24.334385 19.521639 -2.536 -9.385566 -3.893807 -5.624361 -8.572429 4.647734 -11.614019 1.4567742 -0.7272184 -12.437241 
-311.32898 59.202595 45.5645 43.57525 -10.672656 29.103987 -28.85015 2.3759956 -15.4933405 19.552176 -11.4309435 -8.330708 -11.497581 9.864667 -9.051344 6.097668 -7.130869 4.065977 -0.84112823 -4.342103 
-338.95358 48.41673 48.95846 77.55193 -6.2468534 23.345924 -16.379713 6.0176425 -27.116638 5.966276 -21.480034 -13.553486 -1.5674062 2.8346243 -18.294687 4.421194 -4.3405247 8.178074 -8.414444 -7.578391 
-446.6297 106.98505 38.533665 57.295242 1.8047818 11.766368 -5.48188 19.711473 -21.05051 5.3589 -14.965783 0.4083812 -4.3978996 1.1161908 -10.053068 7.0320587 -6.2763867 6.943108 -8.427645 2.2263746 
-292.5153 177.98164 -8.678541 15.470452 -29.981215 3.244749 12.941503 -19.438286 -27.256863 13.283594 -11.138683 2.8565474 0.91608596 -1.0355396 -8.28395 4.267757 -15.445192 -6.525065 -10.859513 -9.37894 
-233.24979 149.87114 -20.210548 22.62592 -10.647852 -3.523782 -5.2582817 -26.955698 -32.86724 15.651635 -1.1767545 -3.7644908 -7.3379016 -0.02572155 -2.910443 5.981305 -19.298635 1.6036295 -3.8843722 -12.2063055 
-214.06741 103.902626 -5.2568455 40.584656 -4.684178 6.0149136 -33.693893 -9.38078 -19.19623 18.613356 -11.445825 -9.179701 -5.660186 3.6206818 -9.101931 3.4824622 -18.72364 9.402854 0.59288716 -7.8391166 
-326.26077 68.33597 46.01558 77.6349 -1.1543037 20.272957 -22.451988 10.113814 -24.084429 6.462574 -23.076958 -9.784078 -2.2832494 -1.05537 -15.791735 6.43409 -11.309691 2.589639 -6.626749 -5.0304027 
-308.92413 81.128685 42.08023 32.60105 5.6515937 14.355723 -7.6011677 7.0179167 -24.797318 6.8831644 -25.538527 -10.470737 -8.143601 3.4842017 -11.240144 10.538837 -6.040267 1.7353276 -5.5558543 -5.244708 
-338.70123 174.36429 64.015854 35.478043 -19.46395 -32.185318 -9.962731 -3.3117657 -25.77432 4.251163 -12.885427 -13.289776 -3.5112982 5.645233 2.3828797 7.507093 3.716526 -1.3395808 -10.457735 -5.302774 
-456.50717 150.35727 23.438763 20.247292 1.2562451 13.116486 -3.205891 2.3431668 -17.774736 1.8863146 -5.4347506 -5.129175 -9.703108 4.1836452 -4.268343 11.834432 -5.9394565 2.5071332 -7.0504937 -5.4157696 
-525.39624 171.84636 19.474773 28.59743 13.87524 28.986568 -6.5383964 7.2098064 -13.746208 2.396267 -1.5403666 -5.167875 -4.4021616 -3.643037 -4.6608152 6.468584 -10.679174 -1.3080243 -6.2728558 -2.595221 
-248.16911 161.97714 -21.813408 41.478718 14.570533 -1.3169316 -10.381344 -20.329031 -28.977901 14.922489 -14.565708 11.87678 4.564599 -5.683213 -7.398383 3.3042665 -17.582645 -4.4306436 -2.3800716 -10.427985 
-320.54553 151.85878 7.541569 31.057753 2.5688396 10.574517 5.5578966 -6.210279 -20.859304 5.916226 -16.691479 9.2375145 -5.2233024 0.025265375 -1.1797273 2.5146933 -15.254891 -1.6609255 -11.641832 -9.79012 
-352.3474 90.96373 36.92769 51.51406 -2.756824 30.843771 -4.8843966 -12.549388 -18.700293 17.179216 -19.057693 -1.9291022 1.4763786 6.890276 -6.6328673 3.0136845 -18.058733 0.86538917 -7.591555 -8.231081 
-360.01523 96.51591 49.14578 62.05013 4.649187 28.972599 -12.951109 -10.9189005 -36.9402 16.904783 -23.844208 -19.182102 -10.38233 9.546964 -0.7963632 3.0563402 -10.328583 6.4951487 -2.0378592 -6.1940937 
-385.41034 149.9212 14.414006 41.704712 -2.8107889 16.917664 6.8552537 -2.440042 -23.30803 10.607033 -8.839337 1.4400281 -1.4755135 -6.499304 -1.0648532 -2.3015895 -4.944458 -3.9544253 -8.194342 -6.672714 
-337.93802 195.10736 30.419487 32.715183 -26.15988 -19.675201 20.073586 -10.691921 -32.701004 4.927183 -15.981563 1.804267 10.585256 -1.8236814 -3.1833751 2.0957747 -4.510186 -5.71291 -3.8476992 -5.388921 
-236.54816 136.9497 -9.682649 21.240551 1.6584274 -2.1637814 -14.6581335 -19.044308 -30.80049 16.349705 -1.0014247 -1.5094686 5.1606507 4.4762816 -4.6519537 3.618089 -17.221857 -2.3180678 -3.9976544 -12.587525 
-331.65726 143.47905 30.73472 38.930397 10.781955 -0.9874593 -15.952242 -15.000037 -29.409119 10.610592 -0.7838904 2.5054157 -5.1071754 5.8514695 -1.5719932 1.6221719 -16.426771 -5.9975305 -4.821081 -2.356224 
-365.14175 155.51947 49.160347 37.071228 4.7513895 9.936002 -3.491816 -17.356674 -29.18104 3.3457968 -14.962063 -0.56415683 -5.859507 -1.2599536 -6.5557194 3.0489166 -12.958122 -2.8127391 -11.021745 -6.392693 
-344.6929 73.89621 67.008865 28.349081 8.559031 30.96207 -18.893822 3.2947512 -20.317524 13.4685755 -7.7329526 -7.1074414 -4.488167 7.512192 -10.635804 7.538576 -12.860688 -1.2719896 -4.3145847 -7.964437 
-291.9244 162.46783 -12.306565 30.554647 5.5312037 -14.68565 -15.94792 -12.879352 -20.351204 30.670326 -0.23197852 2.0689573 4.8789935 -6.3097754 -2.0228515 -2.398 -25.134188 -0.55304456 1.134282 -6.808077 
-263.90738 144.66905 -13.714591 27.363342 20.210796 14.795266 -26.44765 -24.837475 -24.923223 18.274939 -11.509284 -6.608725 14.019828 -1.4800771 -4.9439106 5.378314 -9.261922 -2.2087874 -4.294547 -2.3998952 
-371.6331 176.76454 23.56614 36.107716 -1.9044194 8.14841 -7.719403 -8.1352 -23.857641 1.4400558 -15.623012 -8.733343 9.905084 -4.0800495 4.433011 8.188538 -2.1040812 -5.7345963 -7.8518286 -3.208413 
-384.58435 82.86374 24.051033 75.3559 4.7038465 10.939023 -14.811415 0.7188691 -16.648659 9.543476 -22.397614 -6.1102552 -2.8340251 -7.691479 -4.4586573 10.74551 -10.993806 5.3245115 -12.225019 -4.205793 
-427.40125 148.54118 11.769735 24.436375 0.26396793 13.32773 -10.200138 1.3939692 -14.346614 15.578715 8.262266 8.035892 -9.575642 -3.0267878 -2.947225 2.8459015 -6.646332 -0.37939927 -9.536036 -1.3751333 
-485.19852 141.98717 21.20707 32.4547 13.238284 41.412094 -7.393061 -0.77107865 -11.789546 13.544527 -5.878722 -5.682561 -7.710161 -5.7936153 -4.473646 6.8772206 -10.031607 2.6217422 -5.62789 -0.6532049 
-289.14206 130.39265 11.392626 23.54413 -13.168521 18.576317 2.4680805 -11.239882 -38.700512 19.939842 -10.472362 6.2751575 1.2350363 -2.1719582 -8.069111 1.1660609 -9.986417 -6.0808563 -7.474132 -3.6401367 
-346.837 150.30113 33.5103 44.39759 4.1700077 12.98054 1.0728736 -5.4783792 -47.884598 -0.5906675 -20.017937 -5.2112064 4.692422 -2.801178 -0.70979375 11.839573 -3.873248 0.8213758 1.1704867 -5.4050207 
-335.41028 159.79408 19.003895 40.115406 -5.3815703 2.6216333 -4.6384945 -13.282191 -41.043304 16.37072 -2.1287413 -0.5662598 -3.099934 -4.4356117 -6.6783805 9.249038 -9.075768 -2.273226 -2.6511123 -6.381442 
-354.30508 164.92514 10.00228 33.192356 6.393893 15.882726 -18.025553 -11.5525465 -23.457455 6.1127157 -5.110526 -12.778178 5.2411265 1.9977103 0.7316621 13.392468 -10.675745 -1.1739213 -3.2766085 -4.2168894 
-419.10696 143.35771 36.787598 55.61226 -7.404325 8.80292 -4.3126316 6.027201 -20.11787 -4.8785954 -17.471586 -13.086295 5.902144 4.5281463 -8.990568 5.2498584 -3.4887583 1.0002472 -2.9103596 -9.374531 
-346.6974 167.28082 -9.02031 38.50117 3.797359 2.34475 -13.912098 -19.290785 -37.764458 9.372264 6.7698255 -0.7971232 5.5192604 4.273643 -5.0358453 1.7216563 -12.053377 -1.4480718 -8.570412 -14.455233 
-346.2024 116.48113 52.113647 12.160284 -7.9209995 12.424979 -13.361461 3.518158 -31.949947 10.16598 -4.0940833 1.4973567 -1.2499361 12.798483 -7.821193 9.606007 -10.947504 -4.171484 -4.4522724 -6.957121 
-394.43347 162.64616 26.223625 19.863167 28.017117 5.259663 -11.117344 -8.196495 -31.509373 4.7592163 -19.81161 -5.804225 6.9288616 6.7835813 -7.2887216 15.598253 -5.0720687 -4.306836 -6.598565 -5.4566584 
-440.5758 145.58221 18.852825 56.704563 28.237644 17.382511 -19.365694 8.817039 -8.121842 2.5642912 -9.171833 -16.775076 -2.1488245 -0.8380064 -7.681677 -2.1886609 -0.8384147 -1.2931609 -3.9949493 -10.308765 
-454.8733 151.07367 13.174133 48.281013 32.106266 7.744924 -15.235585 -0.9007905 -7.3142285 3.2827213 -12.010426 -3.0577486 2.508814 7.3070755 -10.229581 0.90703034 -3.0927267 2.8447185 -10.804066 -14.951591 
-467.59222 154.04263 27.672981 34.525467 13.862735 9.072719 -8.425458 -0.44765246 -19.584923 15.417001 -4.4682965 0.6966404 -2.0338483 -0.40145957 -8.6128845 5.2768774 -17.051537 -2.0080445 -1.0113218 -3.4739528 
-556.57733 170.76283 41.732094 33.59642 15.567557 20.240719 -4.672025 9.24423 -3.1020424 5.0240107 -8.181679 -1.5519477 -6.0497417 -5.427584 -2.8527198 6.139353 -5.231486 -1.0324959 -6.51111 -2.9116845 
-535.8479 162.93805 33.46232 41.189106 6.7187295 24.298836 -2.4209883 1.4658054 -3.35884 8.795367 -5.635336 -5.1656566 -2.2899768 -8.694579 -5.479056 6.01299 -6.5092583 1.6122227 -0.06967052 0.54861784 
-530.7066 169.20787 37.164886 45.896336 5.822115 23.615438 -3.9514177 1.8810458 -6.441742 7.097304 0.20965725 -0.20818943 0.9908634 -6.156476 -7.884806 3.622189 -8.794238 -1.9937464 -6.9137216 -1.4864606 
-573.3263 136.54187 39.432335 31.296612 12.317787 13.448312 5.8851094 3.1722758 1.5023711 -1.8313279 -12.286221 -18.98872 -6.261566 -2.8556418 -5.8194304 -3.4039311 -7.3019915 -2.3399508 -2.9188848 -11.248418 
