-250.0446 103.54114 -1.166336 62.00982 20.853735 0.81840986 -12.138237 7.508883 -29.840878 1.9333818 -18.285927 -26.203209 -15.879881 7.7157755 1.8581829 -10.978452 -14.906884 15.3810005 -11.790586 -4.0646353 
-236.71506 47.52239 35.8465 45.7784 17.126842 24.726059 -21.876167 17.534195 -26.989004 11.628468 -18.404287 -10.272007 -25.777641 8.837952 -5.3387876 -7.1052766 -20.2568 11.414896 -10.205178 -4.607224 
-223.36833 88.4534 7.846003 54.58782 19.484072 16.984722 -18.250338 1.9997694 -30.927666 0.1816642 -24.432076 -16.227036 -15.69408 11.205535 1.164675 0.1057321 -9.513851 9.635187 -6.036424 -6.7879677 
-293.21912 162.11781 5.9914637 31.858442 28.965206 -3.7016215 -1.4676272 15.369709 -32.01979 -18.006275 -20.332077 -12.875588 -5.545664 -4.4442997 2.9955301 3.7512796 -9.079914 9.973936 -12.262957 -8.127643 
-186.9668 112.11244 -8.563742 24.709225 -7.7461615 13.953984 -2.7662609 5.3758082 -42.630047 2.1051223 -18.026941 -7.938664 -7.7267437 6.765741 -9.621348 2.459494 -11.760216 1.9478976 -7.9083 -0.038607914 
-281.69583 161.65642 12.935445 29.647085 5.7459173 -5.0062456 3.2834284 14.577164 -37.00063 -9.112172 -12.652425 -12.267406 -7.81249 -6.7887836 -2.526781 1.2224047 -8.454238 6.5578403 -5.207577 2.2218928 
-215.5461 87.40683 9.189192 36.248505 14.340881 15.935104 0.5552242 3.5063841 -43.04233 -1.2560476 -11.648082 -10.500329 -24.378006 -0.6168893 -2.8462934 5.3927484 -11.811109 -6.2465262 -7.5522003 5.804147 
-240.13518 131.82451 25.04904 32.13185 -9.178297 -2.0883331 3.4085033 12.35359 -36.091213 -8.642986 -23.82104 -19.613482 -9.449071 -1.3401862 -2.5769458 6.904823 2.417973 4.5401645 -6.897894 3.7998738 
-219.15529 112.642334 -14.536586 25.650936 7.7786846 0.018670823 -5.685885 8.441781 -39.057693 0.5260579 -24.89289 -17.336174 -7.002256 6.3470635 -3.006766 1.4346814 -7.4363675 1.4550166 -9.050232 -1.0931854 
-318.17172 146.37007 11.89188 22.514406 12.472515 4.84376 -1.8727319 6.396127 -17.93631 -3.063568 -16.10266 -1.6077116 -12.035053 -3.1174595 -0.2649572 -1.0283631 -14.698161 4.916832 -12.219713 -6.303311 
-238.38557 120.400185 3.4886975 27.077507 37.897236 6.538248 -13.669776 14.238968 -33.928173 6.421465 -13.775157 -16.21744 -25.146502 0.55159014 -1.522233 -10.958132 -11.271315 12.334703 -16.520075 -2.4940033 
-220.34253 125.21239 -5.8560643 40.037975 45.032074 8.02002 -16.739754 9.897317 -35.138004 1.3818697 -20.614267 -17.638372 -19.20841 -4.497711 -4.2347803 -8.397297 -11.02603 13.533175 -10.901624 -7.7064295 
-242.44922 106.42349 -8.30344 58.212265 37.206345 -3.8020172 -16.940481 9.393324 -33.203396 2.6581602 -22.47988 -29.362545 -7.263983 -0.4053032 -15.700938 -3.976556 -2.541352 2.8267088 -13.8477335 -1.7676129 
-239.6129 124.03981 -35.656242 49.60765 40.278942 -4.132967 -6.792646 17.309446 -40.466866 1.4303396 -14.131124 -18.924374 -9.318864 -0.50042915 -5.0512815 -5.9269257 0.6811933 2.528752 -19.29186 -3.3296862 
-356.39594 144.46709 7.446345 26.507607 30.02435 16.681906 -6.0254765 8.330987 -17.258652 2.4107594 -11.709389 -4.1520743 -9.594896 -0.7455758 -1.9971281 1.8072115 -6.230539 -0.670624 -4.4255342 -0.59531754 
-226.54382 128.08197 -13.746234 10.5312395 19.353796 -4.9011183 2.284617 13.004699 -42.613216 0.30962074 -15.844898 -0.8204076 -8.014824 -1.7632029 -3.474147 2.5353289 -23.947094 11.648884 -9.99866 -7.8717422 
-226.15338 161.42337 -37.421314 23.632795 23.692833 -15.920583 -12.947571 -4.7941146 -35.543777 19.591843 -6.88222 -15.569741 -5.3269024 8.3123865 -1.3004524 -1.349765 -17.802526 3.814665 -14.17836 -4.5735884 
-304.06165 152.8559 -7.090185 35.12137 18.634527 -5.636344 -1.8745995 0.93499416 -36.524822 -6.667271 -18.172556 -17.193893 4.6419997 11.036957 -5.661047 3.1207428 -2.2400305 10.506632 -15.220738 2.597515 
-314.09872 128.18039 0.08751721 46.991474 16.95638 0.7112202 -7.1789737 10.963476 -28.090786 6.0147605 -11.330639 -10.843813 -1.2424159 5.857214 -6.457849 3.0373933 -8.200585 4.708344 -14.038006 -2.1939397 
-284.18378 137.50891 24.805107 25.64627 -17.620878 -18.369541 -1.6269482 15.705789 -27.049852 -2.2858646 -8.788691 -8.717623 -7.966573 9.972676 -5.291848 5.4874935 -10.500131 0.75027525 -12.982034 1.0594163 
-299.44846 79.34036 27.22601 68.04438 24.902279 3.8955188 -13.776896 18.153938 -20.684072 4.361823 -16.269716 -13.839321 -21.732056 16.967579 -13.61859 -13.771394 -7.8492913 11.845874 -20.204453 -4.3222256 
-308.54193 96.83651 30.943352 54.34163 19.935167 17.400291 -5.514559 -2.950679 -26.372725 16.01763 -20.763466 -17.806822 -19.158295 7.5446854 -8.618256 -4.673778 -12.519667 -0.4088344 -4.953545 5.7282662 
-308.59738 74.073814 47.341873 41.436337 9.531348 28.13322 -13.620796 7.873666 -21.239174 11.129585 -18.600574 -7.566885 -16.250467 8.257569 -11.018287 3.6991315 -13.533613 2.3505206 -10.998557 6.9134135 
-311.07242 158.74672 0.10939773 26.59244 9.54224 -0.5049167 6.5905433 5.567252 -35.583633 1.9999471 -17.215094 -15.55984 -1.214707 4.0062275 -9.956145 13.67963 -6.4361315 -0.20790683 -12.432302 5.166342 
-323.0792 65.43757 35.235672 62.48067 -0.7673747 17.325253 -4.736463 15.095982 -26.114767 12.840727 -23.137812 -2.4343894 -12.244527 5.2274046 -11.113795 3.2228181 -10.644176 1.2213355 -9.897296 4.9692535 
-309.08603 145.46147 -12.707476 48.653805 26.189358 2.9101567 -2.140686 -4.15197 -29.756279 13.624735 -20.07825 -15.898954 -4.6520543 0.0961754 -8.662463 11.09972 -12.211995 -1.9889284 -6.5371604 0.7834877 
-353.10495 130.20883 11.089837 28.659838 7.761761 11.674726 -2.7438126 5.656843 -21.360458 7.944529 -3.385663 2.9813776 -5.4359956 -4.8973813 -9.483425 5.037351 -11.649274 1.670876 -15.74814 0.26135418 
-349.95227 67.44639 32.36368 31.117123 0.38684103 22.601656 -14.087406 20.928905 -21.182274 9.887669 -13.100375 3.0563552 -6.889328 6.0297246 -9.362058 5.1304693 -14.313183 7.048988 -15.608078 4.749437 
-222.14862 150.12488 -2.5314415 9.281743 2.257088 0.48762545 3.2217839 10.9259205 -43.55622 -8.616691 -18.97155 -13.165256 -5.1918583 4.0376925 -9.314906 4.492158 -9.709249 -5.239637 -15.375493 0.5720298 
-317.42615 146.75458 30.577297 30.178246 10.3577 -0.7620128 5.596239 9.203983 -21.126198 -5.0491533 -16.254494 -11.424027 -10.1034565 -3.9785542 -6.1275477 4.6594644 -6.441439 -0.8869832 -6.8652086 0.7112725 
-255.69781 186.65521 1.364395 10.598512 0.17746693 -17.829739 0.872488 4.937497 -32.731853 -1.1785936 -8.200827 -8.420545 -6.7310166 0.99067223 -9.218106 0.0866909 -7.8846316 3.2952538 -10.241009 0.24184853 
-315.67615 129.91312 36.41583 31.608198 20.912811 14.418309 -9.019262 0.5926071 -22.435968 -0.6230394 -13.924608 -5.083769 -12.792775 -2.4312701 -7.032924 5.74137 -7.7181854 -0.19421667 -4.9936485 3.7658243 
-274.26038 109.11251 38.339787 27.488037 20.83149 8.253463 2.3337867 10.28105 -32.87108 1.8094027 -22.18739 -13.83412 -8.781047 1.887328 -12.941833 6.483782 -5.164278 -4.048198 -6.4027605 -3.1756124 
-269.81223 160.79451 24.813547 33.061573 11.8315115 -12.755622 -4.738834 18.347944 -37.496822 -10.026336 -21.427732 -26.512785 -10.7405 2.6390297 -2.958944 2.2129238 0.15331592 6.866386 -7.1838474 -4.4418173 
-263.5478 86.64151 14.110349 63.99252 17.345379 16.510443 -10.937803 -2.7476366 -24.145708 10.198515 -25.522923 -20.690205 -11.862498 7.422465 -3.9217682 -1.8642281 -4.5870614 3.0103216 0.32006225 -2.6588433 
-309.10153 128.41318 6.172374 39.6494 38.954422 -0.9477393 -9.760787 -7.2073245 -27.620302 8.327569 -31.607994 -21.324589 -6.199771 1.5349786 1.1512542 10.938734 -16.14378 1.9005424 2.689242 3.426931 
-211.61479 103.80675 10.143358 23.435625 40.1861 12.258158 -18.619423 6.527967 -34.552742 1.0373023 -13.408792 -12.612224 -19.959724 -5.031678 2.4600039 -16.191978 -12.19344 17.935091 -22.938839 -1.5191098 
-242.08607 122.6585 1.0210425 32.153126 36.532864 10.459325 -15.659434 0.6502503 -22.046455 1.6023448 -16.252836 -9.682629 -16.827465 -7.047387 -0.04751908 -3.6664915 -10.933247 1.2603369 -10.294668 -1.6840284 
-243.16194 136.51761 -24.306492 38.206768 44.2686 -3.9475737 -14.934197 -4.007822 -41.012474 3.2765846 -13.570265 -15.816016 -11.0025015 5.681124 2.0065665 3.0056856 -14.219624 -4.0394435 -6.045829 -1.4685324 
-359.7507 106.24377 12.460659 38.571575 21.344845 16.099903 -2.252547 12.886125 -21.13568 4.882289 -6.770211 2.138606 -7.505439 -1.8514977 -2.906543 -0.030094054 -12.3894415 6.0383153 -13.54814 2.869249 
-349.2009 133.1695 5.862799 28.068357 8.84444 10.328161 5.8938756 13.0505495 -29.180155 0.490986 -5.4943137 1.9552693 -0.49193975 1.2824016 -5.806696 0.11814928 -12.600145 4.8914313 -17.111986 1.7558252 
-302.6887 153.07626 10.568253 20.087318 10.21242 3.1326065 2.438986 6.644879 -37.399265 -11.980761 -4.1443524 5.5256076 1.104754 -1.3139815 -9.902034 4.030565 -11.7991495 6.4420447 -17.29526 2.6467838 
-258.5586 86.073944 19.81704 29.942453 5.1959553 22.986778 -12.127461 1.4082278 -27.965757 7.031309 -14.005524 -8.02206 -16.157448 6.121398 3.6307955 4.9727883 -15.049366 2.7024624 -9.458204 4.405105 
-245.20393 60.75828 42.174465 37.86303 6.8255177 34.924828 -7.661825 1.2510213 -22.771517 11.250374 -15.3607855 -8.272856 -22.138306 4.2066274 -2.8917415 2.187643 -18.260254 -3.660534 -6.6909013 9.683134 
-226.83691 180.85184 -20.243942 12.842964 -5.9281545 -19.639723 15.049391 4.277224 -39.195408 1.6451889 -4.447975 -8.86765 -1.5004504 -0.42281872 -10.900347 3.22688 -11.798016 -0.18274838 -6.9248967 -3.322953 
-295.7207 164.69493 32.50482 20.109264 -4.8597727 -22.572397 -1.1734699 12.194195 -15.767241 0.07465723 -16.03141 -11.725581 -11.754066 -3.368988 -3.2209215 8.928897 -11.807879 -0.9952308 -1.7793107 -7.093916 
-256.16315 87.55969 33.14764 35.9337 -2.0108116 34.883194 -8.674999 5.7746105 -25.116232 -1.956374 -17.414234 -7.2307696 -21.084862 5.620929 -5.308992 1.6166681 -11.04002 -3.7386568 -5.1256895 7.221477 
-307.24603 144.76639 9.435828 41.06283 34.31662 14.842743 -5.69778 -7.067509 -26.725977 7.087407 -11.792272 -26.633564 -16.48903 -3.431957 -0.45910156 7.408106 -21.195047 -4.296451 2.6443202 -1.3932352 
-386.88025 118.7387 8.594585 38.243423 15.650389 10.613181 -6.309283 7.7499323 -16.292953 8.4601965 -8.355348 -2.3183362 -5.1799207 6.440391 -3.5851877 3.4011295 -10.830747 2.3386073 -9.49463 -1.0848738 
-249.13571 154.37619 -36.80269 49.786514 42.199257 -23.645987 -19.031584 -4.8056207 -31.448282 8.592728 -10.563834 -23.063002 4.8197784 18.574202 -0.8049283 2.1765587 -8.190049 11.280821 -23.389961 -5.014094 
-226.49835 106.50225 3.2998135 41.92002 6.728339 11.043092 -13.018528 -2.2832527 -25.310951 9.238437 -15.671666 -9.568928 -5.6094046 11.113403 -1.8530191 -0.7111593 -7.8760996 4.769938 -8.733166 0.8187764 
-305.3595 168.15567 35.62758 19.734812 1.5735193 1.3414584 -0.7486585 3.080294 -17.753637 -3.635724 -18.626602 -5.597147 -2.6375728 -1.6883534 -4.5473037 6.59993 -2.8322706 2.639223 -10.491526 -1.7485611 
-314.37778 148.65375 17.189213 40.622196 29.801949 16.557617 -4.1795597 -10.815853 -34.284554 5.688087 -21.683622 -13.056926 -7.523806 -5.2343426 -7.916479 17.367327 -4.659761 -0.7999498 -9.522844 9.678092 
-407.25098 133.63515 18.361624 34.296936 17.22669 8.268921 -7.974678 9.053475 -13.92189 5.3393526 -14.700032 -2.8637855 -8.538273 -1.1234055 -8.12244 5.8561397 -11.118434 0.012441079 -4.31691 -1.8552835 
-376.65466 124.837555 3.8093076 52.083435 26.353952 -4.4395294 -12.14613 12.017963 -24.141954 7.561096 -11.124317 -14.955889 -1.9956415 2.054944 -7.8872995 -0.32322013 -5.7049804 6.8252006 -15.717787 -1.5734954 
-287.31094 95.67676 10.023539 60.94692 26.059872 2.302785 -7.362053 6.044669 -29.92433 12.632788 -20.202513 -14.404053 -7.919115 5.219401 -6.2166157 -4.686287 -10.062634 5.789926 -9.987332 2.9617712 
-319.32 153.97046 23.772007 29.923326 12.004074 4.44219 -0.5894526 3.1425984 -21.359041 -9.437193 -21.637947 -6.3677006 -7.231938 -2.6402545 -2.7837005 7.005944 -0.9387219 5.3134947 -10.282128 -2.2889144 
-196.26724 150.56003 -28.29762 14.658956 -7.175527 -0.27054924 11.778178 -7.7382855 -45.36464 12.565335 -17.5301 4.5674143 -2.7230358 -9.60532 -4.0351086 3.8524208 -14.95776 -3.3573496 -7.4988437 -0.8643344 
-359.95114 142.83025 28.22667 27.765556 -1.1234667 7.646448 -3.8005307 4.6227365 -14.679439 6.6290255 -14.47935 1.827062 -3.2933223 0.2159769 2.4004426 11.920538 -7.8038635 1.5373844 -9.464514 -2.8499196 
-327.72495 137.30756 13.137468 24.472279 9.230903 3.3545036 3.3486629 7.710723 -17.090181 -5.24726 -11.5343075 -7.3536367 0.64463115 -1.1504135 -2.6042714 -1.4880625 -2.5878446 0.6213037 -8.039532 -0.39806312 
-179.24342 78.51635 7.504156 41.617638 -1.4749982 12.205463 -7.007787 8.136445 -30.799154 6.474897 -14.698147 -14.577318 -6.789459 4.966689 -0.24197261 -2.794054 -7.6312113 6.54061 -8.101053 1.0582057 
-203.2528 134.91426 -4.624978 16.872746 3.0260117 -9.181068 -1.4600635 -0.89581895 -29.047157 2.0240073 -28.624641 -11.1509075 -3.0151508 0.7618024 -4.8265514 5.747221 -9.3774805 -3.2817755 -5.158966 0.94120914 
-225.50288 125.53247 -0.12621573 31.95969 22.612375 -11.736511 -2.0357645 13.123667 -42.942493 -3.183672 -23.00846 -11.779211 2.2766767 11.250278 -8.336033 12.191374 -5.87204 8.403466 -13.725241 0.91676426 
-257.72626 150.37589 -6.8561316 42.52699 19.977135 -2.388312 -0.3513646 7.348274 -34.356346 3.6465657 -6.5079093 -11.421883 0.09829191 1.8218395 -1.8902174 7.4372187 -11.261309 11.73832 -7.4247 -0.26314795 
-271.35846 131.41216 11.96138 52.980305 20.527384 -11.685579 -9.001824 2.8492517 -35.06012 3.2286687 -12.637376 -16.909613 -4.3283854 5.8847227 -13.923661 2.0461063 -6.605641 1.1223083 -11.4033575 -0.13226159 
-268.5684 141.184 -14.87538 40.13246 48.4862 5.0148406 -17.854105 2.379679 -25.44277 3.6740756 -23.312124 -30.561836 -8.962694 8.852422 -7.7174563 -5.1911054 -7.430108 6.966262 -8.174467 1.4224237 
-266.44543 107.75047 9.821221 52.26554 38.328587 4.2349415 -25.124168 8.175836 -29.814348 1.4149251 -28.170431 -21.985075 -7.2805347 9.672468 -13.678533 -0.9702088 -5.945379 4.6782393 -4.8394275 2.9241495 
-288.40887 100.81782 18.302364 38.12817 29.080017 12.214945 -22.166904 5.0947547 -25.470331 1.1957107 -25.560738 -15.318231 -6.478308 5.0534916 -6.2735467 3.5698564 -9.843113 -0.66764456 -7.024225 2.901167 
-259.50284 173.21104 -4.6579413 32.93563 15.984234 -10.405834 -6.2111206 2.416152 -45.45307 -8.613832 -20.758034 -16.7244 -2.2916696 2.7377458 2.8169122 14.406928 -1.7311788 -4.4268017 -10.841521 1.2374085 
-294.9489 94.90499 25.901068 52.1782 8.33961 12.320793 -5.3704724 6.4754696 -27.110157 10.884693 -24.145432 -9.968013 -6.990473 3.0613256 -3.1714835 1.0074332 -9.037866 3.5364413 -4.135269 -0.8624722 
-329.2684 126.59429 4.127328 72.87674 30.50517 -6.9609942 -6.150325 16.213875 -22.02168 4.114113 -13.41616 -15.204244 -11.31421 -1.4836688 -10.050202 -10.597863 -7.239619 6.795016 -15.387685 -9.915048 
-401.19876 136.42741 14.128866 37.662918 20.250298 8.521744 -7.414287 9.548913 -11.72343 5.670684 -5.7076235 2.1189356 -7.9048634 1.1090939 -5.4934635 3.4222078 -8.913574 0.8342621 -9.644249 -2.2940428 
-286.05807 185.48581 3.3303306 19.480425 17.475487 -12.87299 6.4922795 17.771091 -33.329216 -23.79934 -20.265211 -5.7046657 -9.831406 6.373847 0.95237136 2.731506 -12.1459 7.5082645 -15.059116 1.1426684 
-292.32547 148.14716 3.6386082 46.28461 36.820553 1.4143167 -20.697151 3.171073 -19.226494 -2.9294126 -23.443296 -12.004301 -5.499895 12.673218 1.4208426 -1.5368208 -7.8494864 12.613265 -12.497562 -0.7596551 
-276.4808 184.29675 -27.588182 13.732631 21.922703 -2.3125067 11.73396 11.649424 -32.46159 4.210834 -7.6290903 -9.472412 -1.7994783 1.5233579 -18.091324 12.410728 -6.3662 -5.7691517 -7.212928 -0.7460263 
-337.92032 181.02069 21.290426 24.728909 7.1332006 -1.8091935 1.8409481 7.706278 -26.564705 -1.147317 -14.172445 -6.502174 -2.6400373 -4.958357 -19.617653 3.252686 -4.7078195 0.11743326 -7.0210104 3.1708298 
-328.94937 83.63058 47.534103 52.76521 17.341124 15.259591 -0.050899558 1.5992225 -22.734232 18.137938 -15.653544 -10.910099 -12.951268 2.983325 -8.285364 6.401884 -10.072824 -0.084807344 -13.596135 8.781417 
-320.61255 85.89089 40.584515 58.871353 9.107858 22.704939 -10.482746 0.19713105 -17.716366 13.910826 -23.007446 -12.868756 -14.414883 -0.12800175 -7.587653 0.90124077 -11.861761 0.91420025 -4.4639425 4.1067576 
-307.51218 77.49307 26.197426 58.39747 9.096409 22.864542 -20.687323 5.2547307 -21.80515 7.896175 -23.614721 -13.389591 -13.312232 8.877726 -5.380517 -0.23623265 -6.604441 8.667987 -6.434795 10.174189 
-320.93765 75.18943 43.367283 37.11768 6.4621515 31.05112 -12.908443 2.437055 -15.382451 2.867279 -13.749964 -2.31944 -11.623241 6.949806 -9.313035 7.9092374 -10.572849 -0.1479488 -9.426642 14.194668 
-339.3026 114.22104 33.374275 44.833412 16.86213 29.649967 -16.150063 -0.9105944 -21.802933 4.131515 -15.629885 -12.812764 -21.0378 3.591216 -9.589442 11.363716 -12.150288 -7.38117 -6.9442916 14.023032 
-362.46008 135.20302 -8.6543255 58.05367 39.314972 4.837372 -9.158809 1.0282838 -16.921959 12.45111 -20.921461 -15.69795 -9.105433 2.3069053 -5.1443048 6.0358305 -15.12206 5.2555823 -1.9954504 8.395723 
-332.4753 86.20563 -2.12943 31.395454 11.471367 28.476122 -5.063141 2.0089436 -23.384642 16.14956 -4.940383 0.035938 -13.538761 0.94431454 -4.732472 7.7929077 -11.1001425 -0.7643557 -15.996362 9.044641 
-291.71814 156.92418 -1.3559003 26.265852 29.357735 3.483559 -11.971422 -5.280597 -32.702938 1.1121182 -16.303894 -19.236576 -13.552807 2.2446985 -0.65491 5.556032 -11.912155 2.3166075 -9.669338 6.3676333 
-229.0919 151.2159 -16.178848 9.24873 26.377155 -3.3585742 -11.242951 -14.175023 -36.344776 11.454988 -18.12537 -5.2594914 -24.189003 -10.789402 10.2969675 -4.2995973 -25.12827 9.963675 -17.211027 0.46524376 
-384.76306 131.45734 9.258121 35.59988 18.00534 9.799007 -9.701839 7.961841 -21.245457 11.43682 -11.564831 -1.9148 -9.771074 -2.5428498 -4.9794617 0.61883247 -11.028482 7.825614 -13.117144 0.8429693 
-181.47258 116.665855 -2.6460843 27.141676 52.242012 4.7741666 -22.717367 9.295675 -42.261215 3.7784843 -20.851534 -17.712997 -34.884903 -16.692616 2.4272504 -18.91144 -20.524973 22.157042 -16.693583 -6.2236133 
-294.54507 51.637924 20.271584 39.668503 23.431768 19.11785 -9.114478 20.061745 -31.41217 9.953475 -7.0591726 1.2662349 -19.69661 3.3473337 -1.1024944 6.2217493 -12.786345 8.493517 -12.59564 0.47307947 
-324.11014 81.0551 24.551212 39.908615 14.574697 10.836217 -7.9945035 16.005405 -20.251228 7.518099 -15.741506 -5.500126 -6.837815 4.026527 -8.734657 1.7212949 -5.228894 5.361631 -10.368311 -1.2221538 
-213.73314 137.40706 0.34661654 33.842518 11.969271 -17.814932 -2.1809218 14.665944 -33.366707 -10.094866 -21.763557 -26.66233 -8.917289 -7.93334 -4.8581433 2.423082 -0.18957107 -5.581398 -9.493086 -1.2703156 
-210.46838 124.51522 -0.24902725 21.51964 14.73657 -2.9649951 -0.6111838 0.034254976 -43.391792 -8.388838 -13.667957 -21.545055 -14.883024 -3.9278014 -3.4149923 7.448834 -7.1723013 -7.3958883 -8.429723 6.2247005 
-208.02448 111.55641 -27.307234 31.580238 42.802612 12.13911 -13.094123 4.4038596 -46.420597 -6.7063684 -3.870776 -32.026028 -24.19618 -2.1808417 -4.7470136 15.799155 -19.932682 -6.383936 0.77489734 2.3894536 
-257.7189 153.20206 -12.297726 32.63173 53.933933 7.579351 -13.6080065 -4.360726 -35.22001 -5.919984 -16.828665 -34.349716 -23.999907 -2.195757 4.790972 4.8533483 -11.662022 0.014285439 -1.9121192 7.3596473 
-232.23026 74.95867 5.6538687 42.788643 23.633701 0.40586066 -4.8742137 1.9778703 -34.861774 8.91489 -18.443785 -16.220798 -10.348333 11.131422 -2.2040102 4.6937 -5.7023077 5.3067436 -9.136316 6.373348 
-230.64474 151.56564 -10.275594 14.898878 28.75286 8.417386 -11.916373 -8.9418335 -38.29168 -4.9924917 -12.930312 -17.739115 -12.607464 -7.7157736 4.541587 14.837655 -15.101948 1.5359284 -10.589736 -2.7187607 
-266.13403 90.72425 41.032616 24.522625 21.68027 34.708218 -18.108664 13.365627 -31.554117 1.3153661 -8.119603 -12.361255 -12.6383095 -6.0308685 -10.079144 5.7667637 -8.384167 -2.6796641 -10.153625 1.35245 
-262.4325 172.45457 14.044119 17.098087 -7.008846 -22.207048 4.3162374 13.505469 -28.565617 -3.2151067 -14.250981 -15.533848 -5.561809 -2.5513122 4.1141934 11.725468 -12.038354 6.586158 -11.349193 -9.030438 
-309.13147 152.34117 18.122145 22.234888 -5.4610806 -16.090334 0.109041005 7.547848 -16.727888 6.91226 -17.14888 -9.943137 1.8936095 4.428229 -1.543227 11.180344 -12.754257 -9.574326 -10.354933 -1.5033258 
-195.29738 119.07703 -19.166553 21.179308 -9.742208 4.5881443 5.962183 6.0134907 -28.131596 4.5599957 -13.480065 -11.688543 -6.119925 1.9123461 -9.479406 2.4075353 -17.520521 -2.5429187 1.1256574 -1.7023634 
-332.37863 144.64485 1.1545533 51.816826 29.553993 8.639258 -5.432703 -2.0192912 -20.951359 3.713126 -20.806477 -14.905212 -9.341183 3.023085 -1.1690192 1.2414217 -15.080054 4.8472943 1.7501713 -5.352419 
-374.63644 91.10316 20.016014 43.15079 3.8227472 17.050526 -3.9535642 17.194145 -19.580576 10.2553425 -12.985383 2.078284 -5.6795216 -0.09231154 -9.281132 3.6035411 -7.087244 7.5642767 -14.188313 1.3800142 
-227.06099 76.15778 8.130619 48.442314 10.608677 19.871288 -13.2744 2.2875125 -30.9931 8.101677 -22.82968 -23.417751 -18.335732 -2.6052847 -4.1025763 1.3575265 -17.554893 4.7272267 -3.9363544 -0.7684473 
-254.25317 153.84857 -13.894785 20.601208 10.951576 4.6986847 2.3045163 -5.174944 -30.869703 7.5202613 -8.885278 -8.208236 -13.490631 -6.2939024 -7.7739816 14.446316 -14.150302 -9.169823 -9.165646 1.6903509 
-309.36975 161.72258 -17.466612 22.405678 19.019009 9.559161 7.5659137 -4.6628776 -21.516613 17.240564 -8.129255 -8.658051 -10.413125 -4.8833256 -14.964083 14.898051 -6.5259786 -9.6037035 -5.81466 9.13512 
-397.73306 137.02779 15.796132 42.887096 21.71844 15.693398 -3.2115512 8.848179 -15.629683 8.377389 -12.494208 -0.24397373 -7.906214 -4.860073 -3.1363845 7.5436335 -8.705937 1.5272814 -12.132631 -1.5583491 
-409.51047 122.79196 13.312269 38.970562 12.234845 10.699676 -4.013408 15.190467 -14.758144 9.617316 -12.563044 3.0720675 -2.720193 -0.0711387 -13.612575 3.2291021 -8.540566 3.7701585 -13.714053 5.2400804 
-229.06665 95.52938 12.755663 16.031555 22.384407 15.165131 -11.836667 2.9844916 -51.083584 6.1182957 -15.5455885 -20.028168 -20.03939 -3.2924285 -1.6994679 10.709401 -18.684206 -0.7599585 -1.806018 -0.66437733 
-206.66957 96.11027 -1.1876788 39.228024 28.338188 6.660417 -7.863171 -1.0705152 -52.159737 2.7802532 -16.723804 -23.191484 -20.272911 6.177432 -0.8450436 5.938464 -16.506433 -3.750443 -4.075265 3.4992533 
-264.01425 98.2849 20.29876 25.620897 24.16154 24.799814 -11.978862 0.6837599 -35.926003 3.5853856 -7.5459323 -17.53449 -19.419426 3.3267298 -7.811493 6.5271893 -21.355968 -9.40676 -5.7340794 1.4221958 
-245.69933 174.70874 -23.08868 -5.2384143 -14.4657545 -12.263995 29.200357 12.589162 -23.185366 5.0740256 -15.46007 0.32169357 3.537975 3.1243482 -15.781498 1.3699867 -13.619868 0.41313827 -3.8175685 -0.9778805 
-314.31992 152.84128 13.173957 16.166348 -0.33780554 6.972851 8.795419 21.112312 -12.669264 1.5495663 -5.288498 5.4908624 -3.6425295 3.2907436 -6.903549 -1.9193454 -9.385014 8.231803 -1.1300256 2.9758575 
-278.41043 140.11554 7.7518334 8.721377 1.0278304 -5.74951 8.521535 21.33239 -28.762892 3.4516263 -13.081099 -7.357699 -4.8633294 13.988549 -8.634093 1.6425755 -12.780836 1.9091254 -7.581504 6.8411884 
-286.7708 113.480865 22.62384 57.210083 11.717058 16.845955 -10.423365 11.594657 -19.671898 -2.8042996 -19.961533 -13.401471 -13.708482 8.13374 -7.0850353 -10.198325 -11.835056 5.5764203 -6.1762676 2.5430312 
-298.84805 158.72032 -27.207632 17.5819 12.986484 10.08029 8.343319 -6.85909 -17.158882 22.359957 -8.521954 -5.833888 -6.5373483 -2.781142 -10.462199 14.753202 -12.053307 -11.406101 -5.2548413 0.6118479 
-233.57233 129.65489 -5.6688437 18.75527 10.913866 21.309181 -6.3315253 0.57760066 -33.132053 14.246702 -18.935461 -11.769318 -10.26926 -5.4413133 5.1738453 7.364431 -11.43484 1.6930215 -11.426663 3.0326025 
-235.16287 172.57916 -22.952688 1.7221296 2.8641322 -11.716413 12.5067425 10.10575 -38.329147 0.78995407 -15.628316 -6.724542 2.4186296 2.7185874 -10.241863 5.225888 -20.178682 6.827919 -14.165188 -8.015186 
-394.41046 138.40277 21.01345 31.588236 8.07251 5.0174503 -3.3931851 10.755545 -8.829854 -0.14142905 -9.988051 3.8764005 -1.0609106 0.313984 -7.894952 0.8301627 -10.708917 1.7204549 -7.701452 -1.2495836 
-317.5597 151.069 19.49375 22.80045 2.8585746 -6.5515137 -2.9290915 16.2251 -21.302238 0.7309846 -12.7240095 -14.555542 -11.907451 2.213136 0.6644058 4.889166 -7.469625 5.711258 -8.290881 -3.5308678 
-269.46707 152.85986 17.716808 27.773903 16.445082 -2.317008 -4.830533 11.096493 -22.003525 -12.559948 -18.919626 -17.387468 -13.846287 2.8547986 2.493781 2.9117727 -3.710944 6.8990984 -9.680416 -5.029242 
-261.81604 103.432755 7.9297433 65.035194 25.15403 9.467465 -16.909077 -4.883012 -23.794565 4.9940147 -23.01739 -22.002474 -17.842518 10.317837 -2.3668582 -4.4964623 -7.7168884 9.781498 -3.1581876 -1.9591119 
-337.64807 136.52423 7.528983 38.598206 30.721642 6.918746 -7.8482504 -2.3202696 -21.161818 7.0078106 -15.702935 -7.370646 -7.2150707 5.1028743 0.09104133 8.77082 -9.254514 3.397844 -1.2764708 0.8767259 
-374.18445 103.21118 6.1078453 42.166534 10.656406 13.33042 -4.5752935 11.772218 -22.699505 11.719411 -9.767104 2.49061 -3.5787823 1.7086658 -9.901557 0.51827455 -5.4918 9.330433 -15.593802 1.9710516 
-341.45566 95.27896 -1.3102727 37.792065 2.1617002 14.166946 3.7938013 20.62638 -20.885239 12.021733 -14.989746 -4.0723042 -5.4828243 7.868102 -1.4575686 -0.33006012 -5.7049127 6.040085 -16.441412 8.118478 
-284.45673 89.14269 19.738878 37.805344 23.69662 12.53879 -21.618685 12.973347 -24.429699 8.888566 -21.031496 -5.411578 -16.462217 11.65873 0.6040206 4.343772 -8.991184 6.3554764 -11.93648 10.256999 
-319.25427 96.33313 46.718586 28.754055 -0.74174905 8.079998 -7.18144 6.8416386 -18.228477 2.753793 -17.559523 -6.3040314 -16.74572 9.290135 -6.71037 4.5407352 -4.2713075 6.779046 -11.37682 6.487565 
-338.97964 130.46231 30.992668 31.499844 23.28614 9.495909 -4.6269307 4.801381 -17.985613 2.1479754 -16.421383 4.8436947 -9.21874 -1.0655286 -2.4872284 12.306093 -10.358495 4.959219 -5.031923 0.88276315 
-333.8336 142.976 -4.2507944 30.093327 27.18929 16.351933 -6.17378 -8.962977 -16.689926 12.530932 -20.785072 -2.2977867 -1.2903026 5.4697146 -3.2250292 15.86916 -6.324011 -3.6248136 -8.528586 7.0996456 
-340.60236 78.15129 6.9352803 40.242935 11.836826 13.521588 -9.033802 14.105462 -24.52193 12.101984 -14.243644 7.6767187 -11.159804 1.1649723 -3.9596236 2.2115993 -9.46425 11.905096 -19.038944 3.675275 
-280.673 141.37556 -23.03505 18.377617 17.268623 -1.4455373 2.917955 6.8613873 -38.436104 10.154014 -6.8179665 -3.6872575 -6.7697215 -7.328203 0.16847335 11.425838 -22.304491 2.9343998 -10.652706 -7.558258 
-236.12706 145.82172 -15.663594 6.9687862 -10.089772 -2.8151174 23.173187 8.781117 -37.085636 12.374598 -11.429403 4.628648 -3.6408396 -8.895661 -16.990396 1.0841724 -17.366463 11.031251 -8.8059435 -3.2238145 
-209.45345 106.42458 6.119798 17.893019 25.057966 21.311485 -7.8071265 14.313629 -30.460772 -7.4720078 -21.078089 -11.760756 -13.478754 -8.951902 0.814584 -2.17167 -17.126184 19.90291 -11.979088 -6.164786 
-196.11917 148.05606 -27.212704 23.65211 25.59465 4.5701084 -4.588946 3.2514179 -55.67105 -6.8568273 -11.015013 -10.44737 -6.7994633 -11.396411 -5.5506635 15.5176525 -17.957096 2.256013 -10.573666 -7.778351 
-248.96652 177.30675 -27.317993 8.50293 3.5824652 -18.798307 8.477663 16.997334 -41.337772 -17.174461 -7.767418 1.583323 2.0701153 6.4822116 -2.5248835 -1.6565062 -19.03866 0.20372486 -12.730373 -12.615541 
-327.882 158.39906 40.483128 33.519527 11.475984 -12.593009 -11.942257 -0.86311376 -21.317684 -10.16027 -12.929219 -10.161834 -9.695153 -7.3826914 -2.5325797 1.3210024 -6.912462 4.671068 -2.276573 -4.866481 
-246.36897 118.379166 22.470314 18.459229 15.235584 4.1241627 -8.698844 16.915852 -38.45804 -9.989853 -18.200163 -15.113851 -8.970152 1.2815986 -3.0564373 7.785349 -7.521475 7.11162 -9.2316675 -4.5001235 
-249.638 114.714325 6.4380894 62.61202 31.539516 -14.499401 -14.830044 7.7852783 -36.939297 5.341881 -18.75505 -25.443272 -8.812567 5.3060017 -11.549801 -5.229977 -8.151538 6.0230827 -14.825195 -6.052048 
-183.11993 164.54012 -43.847336 20.112139 11.560932 -8.914991 7.213685 -3.803597 -53.467392 -3.0211263 -12.369734 -8.334922 6.845766 -3.7553105 -7.8651223 19.361631 -9.923877 2.5468395 -22.807625 -0.41225788 
-229.11371 140.2618 7.405149 19.808807 -12.475605 0.61293113 2.3955905 10.32038 -38.776443 -7.553727 -12.710149 -0.6349037 0.69169384 6.1662884 -7.8222547 4.165929 -15.709056 -5.7727537 -9.934119 1.6156273 
-261.45233 129.67609 -6.940112 49.71425 34.45593 12.938299 -13.249243 -11.813307 -24.074724 -2.1909394 -29.403395 -21.098005 -13.754918 -2.7856696 -1.7044593 5.9738874 -7.3579354 -1.6736321 -1.0833066 0.07152987 
-258.52283 82.45055 32.82008 42.037445 11.711796 30.417887 -10.101498 -6.345373 -22.679111 1.988163 -18.907936 -13.401664 -22.911 -3.662445 -6.9756484 10.214057 -10.358517 -10.876301 -1.1022674 9.880743 
-317.8612 133.19073 7.488956 51.606846 30.877724 12.629902 -9.2732115 -6.8527675 -24.322668 7.844102 -18.556715 -23.179665 -14.317015 -5.67962 -4.6495647 4.633786 -22.480837 -5.457631 4.4940243 0.61682016 
-363.47504 108.99243 -10.507909 37.87984 9.4241 15.785309 1.7370366 10.027069 -20.89282 12.608941 -11.105808 -4.287881 -5.7210255 4.364589 -7.645689 5.657404 -10.887222 2.4577358 -12.227383 3.025739 
-170.21509 77.966034 -7.2523074 25.098639 4.2043314 -0.008943452 -4.161339 2.1411037 -32.034756 15.061375 -17.710356 -12.120812 -20.149927 1.323705 -5.803082 -3.057517 -16.45298 3.9463844 -15.435704 3.3243175 
-218.38826 64.70448 45.72972 38.909573 10.287593 34.19696 -27.650526 -2.2707705 -24.625872 2.1360843 -20.037193 -18.103834 -24.572733 8.690768 -7.680577 3.4345648 -9.634174 -4.776523 -3.550204 14.934269 
-262.4286 107.59865 19.973763 44.64038 19.643862 31.223392 -19.922886 -2.366072 -20.291658 6.0377216 -24.655935 -19.684013 -14.657879 5.1865177 -5.4012256 1.382118 -4.3803053 5.1748066 -10.1751 6.439586 
-273.4994 156.30688 -24.335205 19.470276 16.838264 4.2579684 7.7240314 -2.7586725 -24.211388 8.954025 -20.789856 -12.777364 1.9717631 -7.9945393 -14.351391 10.939554 -9.216726 -0.2941208 -6.8555183 -6.2276816 
-289.4838 119.522736 5.1893716 45.63868 10.4479065 15.94656 -7.142724 -3.629951 -21.107187 15.6145935 -15.272045 -8.930607 -6.9901133 -5.5786896 -8.904057 3.652668 -9.675619 0.21613227 -3.882426 1.2954507 
-317.42453 159.25008 -24.50553 23.779757 15.824612 13.842554 -0.6244914 -20.619366 -16.491922 23.619621 -15.148193 -7.8406873 6.8884754 -4.8318825 -6.9195194 15.706182 -8.816231 -10.704509 -5.5028987 5.788022 
-255.48785 120.06796 -1.9384855 25.08977 20.401794 14.043782 -13.6600685 -4.9028645 -33.013584 4.2801967 -19.047216 -8.395908 -11.504172 -5.340895 6.172574 6.3863025 -21.469099 2.622654 -6.216593 -2.253538 
-266.2315 87.99488 27.382172 34.77255 12.102535 23.261925 -19.903273 5.303397 -20.480574 9.761022 -11.596317 -16.455536 -21.275663 -1.9296584 0.09561332 1.333026 -25.239662 7.148674 -1.3074367 0.31512445 
-247.86847 173.89572 -40.9072 2.3546968 -3.3872235 -2.7482061 21.400059 1.4388766 -28.674814 9.512801 -8.118226 -14.837616 2.4966252 -8.344341 -17.792454 10.357385 -9.9748955 1.2472463 -7.963747 4.140104 
-280.14893 134.01271 11.008715 24.294935 7.1602488 1.6667536 -2.849002 5.740259 -31.895287 -3.7713902 -26.465977 -19.041372 -6.495349 -4.1365986 -5.927762 0.04833929 1.3511463 3.639879 -11.433985 -1.7658744 
-308.2269 137.2951 19.112999 27.299767 6.152981 6.2897677 -1.1834185 10.095221 -34.479824 0.75483733 -25.329208 -22.604477 -3.8673303 -4.5136447 -6.040956 -5.0268955 -6.538915 -0.54511726 -5.7487617 4.291578 
-262.50583 82.48819 -1.7092105 44.576225 22.934135 13.433582 -17.950102 10.627056 -33.808655 16.599586 -19.649574 -12.544599 -11.160967 9.340062 1.1035099 1.4502059 -3.1624 5.28187 -3.2372093 11.115644 
-304.97546 157.59529 -19.773054 20.038225 19.514378 13.237788 -1.950404 -10.501542 -20.79155 18.972485 -10.236624 -3.7070704 -2.0476153 -0.97749245 -10.443085 14.067186 -8.483652 -9.160207 -10.901872 5.7587476 
-404.41214 136.55598 19.040253 32.775494 14.746484 11.106933 -4.9645863 8.5224495 -8.351197 4.0715027 -8.524093 0.6653468 -5.6391516 2.3165593 -6.0148306 1.8231214 -12.101478 -2.2589552 -9.0393505 -3.4243646 
-424.80984 129.64583 14.524456 34.98622 7.7865295 9.132945 -4.4427967 14.069599 -9.20628 5.882757 -10.979226 1.4544044 -1.890019 3.0969706 -9.847585 6.988577 -10.559999 -0.6068604 -8.510027 -0.94103855 
-327.47964 52.166126 50.79431 38.176105 1.3776476 24.29644 -9.296031 5.154833 -15.081124 15.161526 -19.677996 -3.7924185 -12.270706 8.455333 -6.178535 0.7864258 -13.0808325 0.79337716 -13.841973 11.010469 
-297.30072 60.879368 50.49942 30.871574 7.3292103 25.5392 -13.868 9.707584 -18.55244 8.925773 -11.375987 -6.4362307 -22.359253 9.917523 -2.749802 -3.204843 -17.026533 -2.0298133 -12.453808 7.790837 
-253.83594 116.844864 29.841543 33.42966 2.8235576 -10.578972 -2.0331326 24.10125 -42.209557 -2.7431912 -32.365665 -20.59155 -26.454098 5.6034994 -2.2397377 4.9266195 -6.1662197 14.124742 -18.585604 1.9598346 
-322.80676 138.18996 -0.9341056 58.446213 41.37464 -0.9431012 -8.896 5.1814804 -16.267729 7.9385204 -21.668486 -15.055054 -11.94928 1.7352532 -4.617275 -8.517875 -11.183029 11.085213 -15.753716 -5.757544 
-293.23453 109.30132 26.964718 35.358387 18.159147 16.323387 -9.520126 7.5127997 -22.188553 -3.4046135 -18.399315 -2.7396262 -10.583529 1.4235742 -4.676046 2.6403086 -9.7526245 5.9470654 -7.757943 3.1562521 
-312.40027 94.08473 18.961477 45.608322 7.8392215 26.013971 -8.945686 4.499796 -27.487898 5.0050683 -17.372036 -7.1269717 -9.975939 6.234966 -5.822916 2.545566 -2.497675 3.0335789 -11.591121 8.849422 
-362.37207 139.45226 9.679155 33.31015 11.845754 20.852211 -2.261559 -1.7798276 -21.954323 9.910665 -13.979415 -3.6339214 -6.7563944 -0.2198283 -1.6171737 11.25236 -13.232283 2.134818 -8.631112 3.7645216 
-345.00513 139.12833 -1.0703498 20.215597 18.619764 21.228434 -4.2773685 -8.918517 -19.019548 14.653339 -10.091255 -1.1466391 -4.458386 -4.2114663 -0.44072935 14.903385 -12.849437 -3.8318548 -9.0055485 7.1026044 
-251.04999 154.20416 -3.092776 35.07271 11.163267 -2.6016655 2.250078 9.595703 -46.180153 -16.978529 -23.361082 -20.027391 -12.140798 -4.192693 6.981872 10.027651 -8.280117 12.355724 -16.054453 -0.6493498 
-234.78802 98.97431 20.312742 39.2927 2.1117504 9.339382 9.009269 5.297242 -35.2561 -1.2551138 -27.374222 -5.1652164 -11.39825 4.3247805 -4.7644725 5.005213 -11.622696 10.576376 -13.248439 1.4424815 
-287.8744 134.34575 -2.7658987 32.527058 19.329496 7.0672026 -3.4665163 7.136194 -29.70626 4.043203 -18.281078 -3.502187 -2.104945 1.2868699 -7.0307612 2.6014738 -5.4830365 5.160067 -18.046589 -0.5347293 
-290.92004 131.86037 -5.906795 25.866957 6.4825616 8.300146 -0.8646435 6.795115 -33.202698 13.486942 -14.003214 -6.4552484 -0.1942075 -2.9970284 -10.669089 6.5423427 -8.656271 1.225926 -12.84824 3.7431386 
-261.2724 106.47318 19.572622 24.599829 16.833822 17.117735 -9.460911 6.17036 -34.549667 16.810123 -14.961613 -13.55602 -5.8409743 3.2524037 -12.867829 8.717228 -9.781002 -5.138991 -11.384843 5.6845975 
-309.919 151.52118 -3.9468493 27.165081 21.94152 1.5520568 -6.3552623 -1.8816226 -25.34949 22.689966 -16.042053 -15.596973 -0.76348644 2.9412584 -8.93907 5.51638 -12.638435 -2.4332128 -13.307722 7.160141 
-354.2837 131.54073 22.613518 47.609005 21.031935 16.805325 -0.944685 -9.808979 -23.187355 8.729687 -20.244173 -12.523193 -13.03174 -7.9690924 -7.9320755 6.355349 -10.6188965 -0.19817646 -8.470358 6.1269097 
-316.8809 75.45179 39.19389 56.671917 5.0807633 26.872488 -4.3855243 -10.924983 -10.4585 14.147621 -20.638441 -4.8120427 -17.12287 4.452814 -10.397307 -2.236919 -14.738405 0.706518 -4.743087 11.650696 
-370.36722 112.01215 3.074199 35.68248 6.1568093 23.600357 0.85555756 6.538421 -18.165068 10.982875 -11.642872 0.69698006 -12.898284 -0.21960047 -5.1183996 1.7806295 -7.005483 3.3767276 -12.476403 5.9343843 
-337.33917 143.1565 -9.584499 48.40344 28.599949 -2.3986256 -14.234181 3.3800738 -19.220839 7.49525 -24.985453 -13.586496 0.9003172 2.4998612 2.7521672 4.095458 -9.999116 12.23113 -13.958834 -5.577969 
-399.80087 118.80706 5.167667 41.00213 10.473131 14.980706 -9.931081 12.347909 -16.735022 6.6014805 -9.230308 5.3562775 -8.231613 0.6799458 -7.443148 5.177236 -10.966251 8.690319 -13.706539 0.38630506 
-297.27527 162.42296 -15.615624 19.646511 11.814795 -5.1874266 2.4253259 5.9358845 -32.391403 3.0514853 -7.376674 -7.953355 -2.4364593 -7.454699 -9.557169 8.297039 -14.795358 1.6811717 -12.156497 -7.895655 
-271.92072 185.10469 -20.035181 10.009546 -5.77943 -9.983357 22.960747 6.718416 -38.257324 15.965286 -1.2393687 -5.823528 6.5500445 -6.692112 -17.455872 6.139118 -14.572449 6.9946823 -8.736583 -5.27832 
-392.87305 122.1705 3.6576326 35.678726 9.154731 12.541185 -5.0969086 13.574876 -17.80138 10.354471 -8.7118225 5.6066685 -3.2623782 0.80520225 -11.252745 0.7877692 -13.204567 5.1623554 -12.8573065 6.5101385 
-312.5832 115.96506 3.090027 64.78915 30.046696 -12.834042 -0.11978912 21.379126 -31.677843 7.9069877 -16.86556 -18.248833 -0.14433002 1.2673237 -14.340698 2.4413676 -13.362135 6.2647433 -11.245274 -9.359196 
-248.67554 166.9651 -36.49999 28.37937 37.64446 -8.9269495 -8.015534 -6.34445 -30.397404 3.9170277 -20.444748 -15.337925 1.4507686 6.187283 -5.4005423 0.4545109 -11.275479 7.683592 -19.122883 -7.894456 
-252.80978 119.16593 34.86271 18.121128 0.7614476 16.55302 -10.986313 12.365374 -36.852688 -4.4779882 -22.832262 3.3294117 -6.677714 1.1505885 -9.562015 5.050684 -11.120436 1.5029911 -7.6543765 -4.08872 
-298.24908 96.59671 5.7788086 39.11697 14.957813 13.912306 -5.0416446 19.655693 -39.362267 8.140128 -24.491444 -7.0842304 -4.3060794 10.410401 -3.9540956 1.4215788 -6.408968 4.5100107 -11.096215 2.266542 
-293.49622 148.30681 -8.036358 47.840282 52.157795 7.0866976 -24.00602 5.529491 -18.812023 6.7909126 -22.51514 -25.194466 -8.046295 -2.6544254 1.6515983 -9.076596 -13.092634 3.88826 -2.8483555 -10.966325 
-360.83682 129.01729 16.1934 40.94264 25.845116 7.080191 -4.2063956 7.3986917 -11.214569 3.1188715 -14.419688 -9.694589 -4.871166 0.7833603 -10.182362 -2.9332187 -11.152712 2.912015 -6.0435095 -0.34111822 
-406.3063 116.99942 18.157175 30.491465 11.84287 12.5199795 -6.660848 15.529275 -14.856709 10.486359 -9.636585 5.895473 -3.595075 1.6273547 -9.268678 5.042783 -10.397999 2.0154448 -11.10904 2.999943 
-222.17982 148.94882 -31.947523 9.389857 -0.5751119 -2.7153468 1.838075 -0.8983495 -47.68254 17.153877 -1.6202229 0.24665155 -5.5201135 -2.0814724 -12.1355095 9.235221 -14.048077 -4.742715 -12.051308 -0.18672079 
-275.3659 148.34782 -37.369297 52.367016 35.221237 -14.940803 -14.673658 -11.329998 -31.342522 24.484571 -25.471764 -19.967218 11.906443 4.6105223 -2.5201643 10.231965 -11.477584 1.4566936 -3.1528203 -2.3096614 
-396.7123 139.3487 9.02477 47.252907 23.488413 6.067268 -7.6130514 6.971804 -10.929017 6.793583 -18.259274 -4.506848 -2.1150684 0.6044866 -6.199984 6.7870226 -7.9361277 8.714228 -5.765736 -2.8503199 
-290.04214 55.99993 18.780283 58.240097 12.373138 4.662626 -13.976497 26.385727 -32.360977 16.631844 -10.933758 -7.87962 -15.875037 10.775219 -9.739136 -3.309323 -3.2007875 5.237516 -11.153887 -0.006483184 
-226.14397 91.9518 23.812302 36.976257 22.413902 20.837425 -7.37903 0.819624 -27.964945 8.092844 -29.274553 -16.693777 -12.734207 5.238025 -5.588553 -2.264604 -8.656358 5.262662 -11.973763 2.4903064 
-198.20364 109.02352 20.108046 16.232655 0.60947144 28.288315 -8.272344 1.0260493 -35.38307 1.5561925 -17.764479 -8.922199 -10.675603 2.1023405 -11.706072 9.729344 -8.940221 -1.8185081 -14.2729845 -0.27145088 
-305.75412 155.48477 11.137196 27.474861 13.68299 21.294773 -2.3384104 -0.20567605 -26.510153 -1.9538517 -19.464275 3.3296607 -2.7922387 -6.6305337 -3.0627587 10.048706 -14.012233 1.599254 -5.1122828 0.17717706 
-319.8375 136.90013 44.413795 33.14009 4.073132 7.717344 9.129443 7.463518 -25.14979 -14.108444 -31.739634 -13.518963 -1.1623616 4.432685 -3.2910297 4.900077 -7.9483194 3.5616422 -10.425076 6.1329246 
-296.14224 122.84734 38.627766 42.94593 2.861426 2.9288902 6.585332 6.44125 -28.238832 3.1720178 -21.883791 -14.206692 -15.129225 6.2728643 -4.607847 8.004965 -5.284128 4.0963345 -14.774761 9.378982 
-307.02066 98.72309 23.12116 63.007454 15.778973 13.912194 -10.854327 6.4746614 -19.60422 8.95671 -15.535563 -13.8947935 -11.890639 1.8764082 -8.376434 -4.6659646 -6.265792 5.03299 -4.8026495 -1.6311198 
-299.861 139.03845 -19.567087 57.620327 36.34171 1.4880651 -4.3164463 -16.379967 -26.971415 14.037186 -24.648302 -27.570534 -1.978063 5.178652 -0.15335506 6.1926746 -8.798663 0.04349327 5.273995 -1.8449442 
-362.5709 138.8718 16.865791 43.508564 24.703705 11.364939 0.42075613 -0.18680212 -17.011843 12.529018 -17.794193 -9.50151 -1.1615895 2.044072 -9.763966 10.343271 -11.713141 -2.5895925 -3.1001835 5.097166 
-408.1476 119.711075 10.467412 37.405537 13.452564 13.108994 -4.494738 14.342424 -13.259211 12.559151 -10.895539 2.1274512 -4.3054523 3.143716 -10.456902 7.017988 -8.134084 6.2299876 -11.926496 4.3585095 
-337.26086 109.8378 12.007795 18.758942 1.5509601 18.993149 -2.317119 12.862273 -24.941069 1.5298991 -15.972316 4.79707 -3.913941 7.708774 -9.1406975 3.0017264 -11.163507 1.8477938 -8.635214 1.4147391 
-390.57278 158.51033 15.31035 22.545963 1.2453237 10.126639 2.8796582 11.791868 -20.291264 -1.6508329 -19.7145 6.5347075 9.155344 5.415395 -9.321125 3.4251118 -18.260498 1.4723237 -10.070928 -3.298364 
-407.0169 115.78413 14.321971 43.30166 9.372933 4.9410925 -11.292799 23.25379 -18.408752 8.975252 -8.772025 1.7088448 -7.424525 4.362487 -7.751325 3.5300324 -6.84498 -0.5638786 -10.784938 -1.6908039 
-261.83936 63.209305 18.432455 48.533886 21.498589 15.888916 -14.066055 11.888907 -28.24425 15.7182045 -23.84441 -17.094791 -18.948406 10.049331 -8.743628 1.1109933 -6.7928224 5.976722 -6.954935 6.95635 
-291.54416 139.22748 30.107487 25.75539 -1.2890462 7.2277985 7.994717 17.825071 -29.621572 -11.897228 -36.446064 -13.281559 -9.118977 8.175395 -4.663885 -0.9773407 -3.2894237 6.0335636 -15.226756 6.2551284 
-304.99014 129.8982 24.007769 35.977875 -4.0362844 5.3156643 -5.7836537 13.537266 -17.938015 6.0885577 -23.908886 -8.092833 -0.033068232 5.4796457 1.8943833 6.994485 -10.9391365 2.8688748 -9.55409 -0.01182376 
-304.26553 98.24898 18.12949 57.567383 17.21226 22.721779 -16.857386 1.5742853 -20.565 11.131005 -28.341497 -12.168255 -11.950774 4.614194 -4.626306 1.0490515 -11.074291 8.212591 -5.4852047 3.921342 
-343.83392 127.263985 6.223203 35.057877 24.348576 18.774374 -11.217654 1.0925434 -27.284712 19.384626 -20.690466 -8.178863 -1.0854323 0.009764088 -6.6303425 16.20001 -11.211071 -5.354413 -5.422669 8.195229 
-341.46582 82.449936 7.264788 36.879433 12.49834 14.863107 -2.9134152 13.751576 -19.509562 9.178093 -9.6481695 0.6822988 -9.764679 -3.84561 -4.4173923 3.9119482 -8.058533 8.136866 -20.55023 -1.5148002 
-369.80087 91.71608 13.986649 38.11107 13.715277 8.819655 -2.8072433 11.765468 -10.628418 12.354126 -9.244593 1.997875 -10.860057 -11.142082 -8.667678 1.6085621 -9.42671 8.137678 -13.9094095 -0.7069923 
