-383.39014 147.64014 30.313015 34.548748 9.883162 4.3180246 -3.8465085 1.1753513 -22.46043 -4.355702 -16.20488 -4.5660405 -5.9053297 -0.045917086 -3.3284254 5.686865 -2.4567928 -0.7125186 -10.742448 -9.69915 
-321.77972 130.69879 24.532478 20.251434 -4.6697106 8.554899 -1.8670112 -12.556731 -24.740553 -0.96450263 -7.95337 -4.153904 -4.855299 3.9379425 -14.374729 2.9415927 -6.337325 -4.235388 -7.1605964 -7.755495 
-346.87445 120.000824 21.14171 31.778378 23.348808 5.6913548 -12.564736 -15.239014 -16.783442 12.5154 -23.704329 -13.721874 -7.489614 16.984322 -10.92281 -8.320115 3.6274414 1.8267411 -1.9360155 -2.5500312 
-318.39594 116.41927 -25.365831 29.996603 9.136432 18.417442 -10.282555 8.056773 -8.878995 18.561031 -19.746737 -12.567623 6.4419994 8.318668 -14.535828 3.0199387 -9.249029 9.690686 -14.667979 -6.927664 
-325.27002 155.00705 -2.4447644 18.089586 -6.0589314 10.507807 0.11491569 -6.2428412 -18.82431 11.541311 -16.054342 -2.3484335 2.5455005 -4.7149982 -3.7415547 7.411895 -7.3303366 2.6628003 -10.23827 -6.787941 
-314.90195 134.43387 12.802708 24.17544 8.259453 15.191662 -16.27627 -1.4429002 -22.279226 16.301601 -14.533931 -4.0009937 -5.6938214 6.2792892 -4.6536255 -1.0956836 -5.278283 1.249211 -11.6049 -6.512596 
-360.3339 142.03589 17.908373 18.956408 -10.732017 13.210987 7.498411 9.099072 -16.599669 9.368323 -13.095158 3.7315435 -3.2954116 -2.216384 -14.084619 3.271764 -12.886974 4.405346 -6.2697825 -5.942586 
-302.26535 150.47743 -7.198787 3.8219783 -23.215797 14.378414 3.796942 3.9699037 -21.157951 11.900264 -9.994604 -1.7769616 2.3774667 -12.050252 -7.882542 7.1508493 -8.653632 10.441187 -12.525341 -1.4687377 
-348.93698 129.73517 26.193354 24.446886 11.04649 6.422739 -15.020756 -0.3017079 -29.827005 3.2748935 -23.670313 3.9981189 2.090496 1.2008456 -6.2303905 11.917644 -7.750674 4.933166 -7.6473083 -8.675401 
-368.2006 116.48781 15.70302 39.586834 22.720772 4.1742826 -12.021889 4.312666 -14.200344 6.746636 -22.985752 -6.9868565 -4.807645 2.037996 -13.006887 4.724654 -11.14398 5.2351675 -6.393439 -3.2837138 
-357.16074 146.63397 38.652203 28.590939 -7.9223394 -5.672134 -12.758102 3.850194 -28.168236 7.6131506 -29.246677 -9.740409 1.5390266 -0.07847413 4.2655354 3.9278722 -1.8715649 -3.4057674 -6.4850264 -9.458385 
-343.24548 151.58408 36.105423 24.385149 -20.901035 -10.789873 -11.491694 6.8988276 -22.996914 6.728434 -20.95265 -12.899601 -0.11961307 4.9461746 -0.23392242 12.143267 -4.89291 -4.0333304 -13.096062 -5.5717826 
-403.88632 142.96228 22.52635 28.16785 2.400183 8.304208 -3.2524993 11.894457 -15.276906 2.9824522 -11.939531 1.9305049 -0.26454604 3.9323099 -11.059896 3.4987035 -9.39969 -0.5065166 -8.386022 -6.690671 
-415.11304 134.24962 11.792018 27.261469 17.28628 10.853891 -5.933166 16.150492 -4.427594 6.6186795 -14.14199 -1.706174 -8.016407 6.3757424 -7.6455517 3.2362056 -13.672955 4.947134 -7.741963 -1.1303983 
-420.8392 136.15921 17.127775 35.97938 11.446212 13.079739 -14.974499 12.125208 -8.825804 5.128791 -13.806554 5.473837 -1.8392904 7.6252494 -9.425978 2.508248 -12.588179 3.9618814 -10.81061 -1.6933284 
-388.95224 118.837036 23.595198 35.817688 4.0575843 8.981682 -19.635185 16.05988 -12.731091 9.018504 -12.429614 -0.43541253 0.59465253 2.3362894 -13.60492 5.132027 -15.096893 -0.1060693 -11.507093 -1.8606715 
-385.9592 122.335236 25.749977 33.279724 3.4789393 10.406869 -19.526512 10.999242 -10.723945 11.995528 -7.923691 5.4418826 0.28984487 6.529648 -13.765284 5.8320694 -16.44378 4.6815777 -12.380172 -0.23425335 
-400.25323 108.78068 22.183619 36.649574 10.598153 12.04068 -8.519352 13.006444 -13.807007 6.4666553 -16.398489 6.0327263 -1.4912772 -0.46999413 -13.827119 4.956339 -16.108864 7.3076205 -9.572211 0.7011435 
-325.5323 113.9115 -14.4395275 40.18801 11.508596 8.538286 -12.471737 5.1171393 -5.296061 7.0921764 -17.220398 -0.35529825 1.798048 1.9755529 -13.8768835 5.1759486 -11.099789 1.3868734 -11.515813 -5.0094166 
-354.1081 137.5263 7.4496036 34.826107 15.523122 3.1114554 -11.908303 1.269307 -14.022714 5.284349 -17.906624 -6.039198 -5.348706 1.9148818 -11.526667 -2.3159518 -5.6988826 -2.2010524 -11.0925255 -4.841529 
-323.19492 127.594376 -3.800887 34.11027 17.807514 6.8536954 -13.530594 5.856268 -11.686127 10.617359 -19.311249 -8.218952 1.2130132 8.074004 -14.28423 -6.4163427 -0.16062197 -8.291229 -10.681059 -1.2626559 
-361.5814 135.83998 8.144525 26.392193 20.40018 12.061621 -15.062695 10.595936 -9.335742 8.439501 -20.684818 -6.568441 -6.5934925 1.4177608 -3.7913399 -6.4170237 -8.3574295 1.1405212 -10.1519375 -4.241207 
-356.41586 107.94868 18.668015 47.710964 8.804845 3.7152185 -10.674951 5.4530506 -12.771023 11.536297 -19.593407 4.8503203 1.2107534 -2.941051 -7.63286 1.5152011 -7.981118 -1.5754759 -10.032499 -2.2890427 
-350.18948 134.20648 24.248682 30.280003 -2.2579975 1.1041017 -4.7787395 0.5205773 -22.839186 15.650757 -20.348856 -4.193952 2.692999 -4.7991085 -5.35115 6.245573 -6.223102 -6.5438247 -3.0488908 -10.100156 
-371.01785 128.35077 37.24378 37.9322 15.285359 5.2070885 -6.8139453 10.832493 -20.175282 7.325999 -19.890678 -1.2508959 -3.1774802 0.67646956 -10.866549 -2.001771 -6.653875 -10.816745 -4.3901424 -1.5899565 
-364.81445 137.85052 9.924316 22.293571 14.664527 12.659481 -9.780582 -4.8740797 -10.194957 4.1752253 -13.437169 -0.6293429 -7.8941326 -4.552585 -7.022257 1.2980268 -7.8374195 0.37126565 -6.8204837 -4.722663 
-333.70032 119.24554 11.6409445 21.72931 6.399853 6.25862 -4.7116284 8.9235115 -18.774471 11.516578 -20.984926 0.5673615 0.9394243 0.120304346 -6.835787 7.3937936 -17.14388 -0.9079869 -7.1767435 -5.057711 
-339.41446 135.55463 7.5906854 23.160183 3.9151278 -1.6983564 -12.788339 6.7782116 -23.185688 13.6671715 -16.461672 -4.651501 -0.7759832 -2.4275205 -8.886304 7.9579983 -12.108776 -4.659283 -11.380842 -4.567258 
-376.53384 134.98111 29.506996 27.743452 1.3611003 3.6144955 -12.367771 14.33561 -23.210136 9.601084 -19.839302 0.30449057 -7.994339 -1.3046426 -2.0621288 -6.1839957 -0.6733871 -17.292534 -3.4939835 -9.287797 
-407.19275 137.3718 19.52343 29.013912 14.281682 6.2141447 -4.891922 10.420904 -10.729348 3.346585 -13.011535 -2.751781 -6.1689687 -7.2100506 -9.888671 -1.3023726 -11.418273 -2.8719096 -6.6202703 -4.3562202 
-425.27795 140.10985 19.936586 34.135036 11.448853 8.224571 -6.1544223 12.685024 -9.901547 6.869915 -9.119206 4.6377487 -0.5647481 0.0815107 -9.683781 1.5536065 -13.705785 0.1204577 -7.8156347 2.9955559 
-416.40594 134.64789 22.434258 34.942574 7.8283114 11.585873 -8.2501955 10.521737 -9.498357 5.791969 -13.27201 6.041727 -4.033926 3.2344627 -9.996269 5.5581226 -14.803685 1.462348 -10.2113495 -0.029543718 
-414.34802 128.22942 23.524206 31.530413 6.090688 9.278144 -11.590931 12.3727 -9.075612 7.19871 -13.590953 5.4419966 -2.1043293 4.996847 -10.219202 1.4482856 -16.079262 2.3477314 -9.383621 1.1524454 
-416.49268 121.68035 25.016144 33.94957 8.005469 7.835146 -5.132311 16.748129 -12.2045965 7.1872864 -16.128103 3.6020296 -2.3091931 2.2244253 -11.521967 3.9189596 -14.46599 2.6230793 -9.791628 2.3907316 
-423.46423 136.3553 18.972313 36.059082 11.788042 9.846875 -4.2654643 13.0106945 -7.995941 7.545338 -11.59467 1.7986064 -4.973803 -0.093038864 -8.838467 5.196685 -14.800426 3.6753223 -5.3186755 1.7251301 
-402.6895 120.109024 24.737743 28.753584 7.600069 11.363762 -7.4308047 12.198549 -10.070006 3.454149 -15.517118 0.8467121 -6.125701 2.2478037 -5.581979 5.561583 -16.800625 2.5134442 -9.86421 -1.4105535 
-353.91534 149.33572 -5.3836145 18.730896 6.5628076 13.521874 -8.673413 4.6418457 -19.851805 4.0851965 -16.452478 -4.1493254 0.28643572 -5.664971 -5.097261 1.8868972 -10.658009 4.4052105 -7.4774985 -6.028864 
-327.01227 120.40695 19.637716 59.703743 12.926166 -7.079753 -21.18342 -5.0613084 -19.87358 -2.715973 -30.812496 11.959849 -1.0949769 3.626122 -6.137448 8.585103 -6.884668 -5.085048 -5.011736 -1.0522557 
-360.20056 131.05338 17.060238 41.317337 14.318861 0.78809685 -16.511837 5.1183906 -11.532907 2.2349746 -24.418869 7.7459235 -3.8196547 7.2656775 -13.023176 -1.8146635 -0.5734435 -6.3028064 -12.267647 -6.41823 
-392.24265 129.2995 33.86301 36.329445 13.066371 8.501035 -4.5390134 6.2896247 -10.330673 4.7583046 -22.713785 2.501335 -14.626194 -2.7576532 -10.347065 0.5877831 -10.86347 2.5591984 -9.677328 -1.1224577 
-334.89386 133.185 -6.304281 31.727055 7.9013333 12.838772 -11.5167885 -1.9538316 -8.770552 16.65074 -18.815876 -4.8427243 -7.446702 4.218321 -9.0885 2.3731525 -10.861328 1.8074145 -4.8093653 3.8935733 
-359.5996 126.78261 7.9333324 38.224487 13.153532 11.706127 -13.607728 1.964859 -10.04883 14.507412 -23.53437 -3.9768536 -7.699322 6.079095 -14.846113 -4.9301744 -2.494338 -0.0063153375 -7.8370724 -3.7391183 
-411.44568 134.43951 24.469652 37.57698 10.406987 11.640129 -6.1858463 9.245429 -8.280235 4.4162817 -13.561725 1.3793346 -7.0603957 0.5689559 -10.317201 -0.9198422 -8.766142 -1.2816243 -7.572092 -4.3034825 
-422.33606 130.07616 20.132277 34.7332 12.320858 11.550105 -4.0488734 16.27163 -8.094537 2.8796263 -20.073372 -0.3636099 -8.220149 2.5757186 -9.307117 5.45419 -13.060546 3.6324582 -9.346141 0.5719842 
-345.97998 136.70508 18.79946 27.822538 6.440907 18.035147 -13.364437 -7.9492373 -18.614483 2.224453 -13.945904 -8.223122 -6.334533 7.0157566 -11.49475 1.6789178 -13.313373 -2.0837703 -3.1906285 -5.8961697 
-327.1953 128.56487 25.099627 36.191666 7.523167 4.398297 -13.0953455 -6.5083914 -26.408976 -6.953298 -15.317576 1.7370715 -8.882787 1.3785545 -11.443996 2.0770235 -6.9037213 -5.645514 -6.432896 -3.7840755 
-367.8563 126.59759 21.229969 25.122475 11.679358 13.581417 -5.640562 3.1383286 -16.130653 -1.3322549 -12.835095 -2.46939 -5.6152616 -4.1989627 -11.13008 6.501588 -10.252974 1.689145 -6.408834 -0.59035724 
-398.50034 137.71667 19.586588 23.372244 10.938006 15.839654 -1.3263732 13.625362 -18.450954 7.2831287 -9.957644 7.10557 -6.703414 -1.7049708 -10.586242 2.0111153 -10.20405 -3.4523158 -13.587518 -4.557421 
-424.60794 140.46445 21.211996 38.93589 12.440918 9.647804 -6.7768073 15.395308 -9.867833 5.328169 -12.507298 1.5419446 -4.7581997 1.917211 -6.5273004 5.9993763 -7.803699 4.65515 -8.6238 -2.4044204 
-331.51617 142.74577 10.524392 10.819139 -16.934914 22.869719 10.613406 4.9662786 -18.036642 5.6642947 -17.052212 -1.1759601 -1.5111754 -3.121852 -9.446248 9.703532 -13.007835 0.89922017 -5.8366647 -1.8269945 
-328.07693 139.94415 18.299843 29.050346 -3.8657866 6.7978473 -8.631934 -0.21938536 -26.707954 1.8682096 -18.741669 -2.9488952 -2.1041973 0.9976617 -0.76151395 9.185101 -11.719215 -5.5567727 -8.99222 -4.7792807 
-320.72177 132.57904 5.4466977 40.91471 23.39134 -1.7952421 -27.185717 -5.516955 -21.470892 5.6628933 -15.713734 -7.524062 -3.4503267 10.339268 -3.2024164 -3.8793852 -5.6046805 4.955456 -8.126937 -10.44492 
-301.45627 120.72008 12.223898 17.407377 2.6928499 11.267952 -14.37808 -7.5985284 -26.069506 9.470973 -15.855144 -0.55505 -4.4214444 4.8661 0.1933047 -1.2059721 -11.9045515 -3.3466136 -16.443048 -9.334324 
-320.6956 125.40597 24.76808 36.10387 2.207448 -7.7528424 -6.8473854 -8.552654 -27.625065 6.568507 -19.743813 0.44136715 -8.2272625 -7.3615856 -7.576188 0.28506872 -6.2688804 -0.24599859 -13.180035 -9.432024 
-304.5924 104.6874 13.693837 34.23836 7.467542 9.189716 -20.64286 11.7003765 -21.788101 7.364779 -18.38267 -8.22694 -3.782533 -6.579473 -6.605093 4.4973125 -13.040996 1.7636681 -9.503746 -6.9817314 
-325.66135 142.68036 -10.896562 20.891817 13.852286 14.042716 -16.653488 0.86426437 -21.988579 10.022674 -14.708318 -4.164053 -12.393299 -2.334523 -1.2926561 -6.3033915 -8.621642 -6.755043 -9.298614 -2.7506094 
-301.66394 131.7724 -4.984094 29.138681 16.25347 6.5152164 -29.687151 5.9297256 -7.3653445 6.638384 -15.485375 -0.7605163 -4.960575 -2.721151 -4.1378236 -5.858867 -9.848297 5.184952 -6.7044716 -6.2000165 
-346.53473 105.58201 36.132977 30.979177 20.467253 9.37171 -31.925402 16.34213 -17.437359 6.1897564 -22.69653 1.4860497 0.5318521 3.8694098 -13.603246 1.2572212 -6.6444254 8.150143 -9.157338 -4.5855284 
-348.10095 136.30016 26.306286 41.707695 20.887535 8.229382 -28.770224 -2.557074 -11.707935 -2.7707999 -30.30093 -8.548965 -1.0934834 8.890085 -13.921604 -0.5122652 6.796358 3.1395087 -5.8318806 3.3547895 
-404.72034 135.66006 31.363203 44.070267 14.001511 12.717512 -12.023482 9.058486 -8.585768 1.7087877 -18.792143 -0.3240831 -4.9522195 9.039324 -9.231998 6.955947 -5.1166425 4.529726 -8.044858 2.2376301 
-333.93292 128.84715 -8.143237 40.33747 15.52158 2.3231893 -21.72387 9.652743 -8.198913 7.599366 -21.079756 3.4922152 0.24634784 1.5059186 -6.960848 6.8537173 -11.146454 4.1319323 -6.6779456 -3.9326482 
-329.25574 128.01752 -4.726309 43.790268 10.016408 4.008636 -14.385768 -3.859872 -14.059232 10.620863 -22.244097 -8.430837 -2.5532026 1.0426674 -12.741636 -7.3300543 -7.4986944 6.2403812 -5.6489124 -0.7189095 
-391.8041 128.7134 17.706934 40.386192 17.352085 2.5496078 -12.835201 9.680249 -12.3622055 7.697592 -19.934305 -3.5968966 -1.340165 4.950318 -11.889539 -1.3241776 -2.5653977 -0.35321796 -13.9908695 -2.0341237 
-336.9951 104.17823 22.625034 46.01485 9.973447 10.280029 -3.153343 18.160154 -8.001574 13.319136 -4.846905 3.236794 0.20531157 7.5013394 -5.2759295 2.6527236 -6.7727118 6.3911686 -4.8712707 1.4180946 
-287.48972 139.00848 16.193905 35.093807 14.536427 14.583385 -3.3744783 6.8849673 -13.993239 11.736154 -5.234993 3.9393992 0.69464755 6.9594555 -2.2418187 6.1452208 -3.6087663 6.69767 -1.2888341 -2.3975258 
-306.73236 129.84804 2.6054506 43.869766 25.07615 4.9133606 -19.925756 9.572877 -12.451206 13.052125 -18.725945 -1.3244021 -1.0987563 8.894223 -3.8809786 4.2253 -6.915865 3.809481 -1.757486 -7.31667 
-321.46024 135.67865 -8.732016 26.280722 17.661646 7.2018533 -15.840853 5.941186 -9.598477 17.358084 -16.236061 -6.7686896 -11.2953825 2.4452972 -1.8146996 -0.41858006 -9.017273 4.461405 -7.53274 -4.802249 
-375.4374 104.557755 36.10593 29.897305 16.842339 13.700906 -16.25046 17.172503 -16.336758 5.44659 -11.504641 2.124391 -1.3836452 3.2254272 -12.441587 8.456529 -11.59408 2.196479 -11.004759 -4.402956 
-329.96716 66.25638 44.063652 33.753998 5.641955 25.243654 -31.866234 16.762396 -13.71232 5.545504 -8.058255 -6.244601 -3.2728505 12.131344 -15.75199 8.056825 -10.958402 8.56068 -10.707567 -1.7891077 
-347.83148 123.55701 7.0899625 31.43377 18.478436 16.914534 -24.884666 9.737622 -8.851068 2.2902243 -15.843399 -9.579059 0.052979153 10.523331 -11.205395 1.5346296 -8.346456 6.923067 -11.220161 -5.26727 
-343.61523 136.01546 -17.207132 45.538437 19.998158 -4.8323627 -19.55311 9.892489 -10.788276 14.059291 -20.76961 -6.0850677 4.724559 0.16504002 -8.7837105 -1.6601921 -2.0131183 1.1709285 -14.4333935 -6.654726 
-374.59833 138.02371 8.825123 41.101936 19.893288 5.342938 -16.703999 -0.7726946 -12.324047 7.1528573 -14.847312 -11.079614 -4.368527 12.812359 -7.1681705 -1.2072197 -5.1355767 -5.36357 -8.549404 -9.634637 
-370.39734 118.92697 15.085161 55.502304 16.696632 -5.507212 -16.28177 11.142681 -22.336319 1.3255433 -13.735023 1.4033406 -1.3478364 1.8540919 -8.496841 8.012905 -6.299966 -2.0090053 -7.4399295 -6.4625473 
-309.29178 37.8374 18.385883 59.542767 1.3266034 14.509273 -13.222537 22.120502 -13.991388 21.596132 -29.242205 2.6548076 13.16293 3.9884927 -17.80483 10.899788 -16.73278 7.518325 -14.615618 -2.4491649 
-390.67044 122.51934 27.88642 34.34238 15.57047 10.716864 -10.316756 9.478197 -11.66004 8.263403 -20.177984 1.9220557 4.271625 7.641404 -8.723907 1.5303516 -6.3308 2.935877 -9.586424 -4.7269998 
-406.22607 130.04881 22.554867 32.66356 15.127357 14.625338 -0.624692 12.946178 -5.323618 8.217937 -10.276594 5.185874 -3.6582325 4.8644304 -7.5043206 1.9899629 -12.867058 2.634061 -5.77085 -1.4191463 
-417.412 131.33636 22.431746 34.534794 13.114099 15.362579 -2.2693071 12.653011 -6.1224732 6.5188046 -7.6756277 3.9054396 -6.1270943 4.540785 -8.136525 1.801806 -11.348476 1.4359515 -5.5690904 0.79615486 
-421.42358 132.43112 21.639986 32.269745 12.024074 12.231254 -3.6239667 16.797464 -6.6830378 5.7113714 -10.469337 3.1611094 -7.892625 5.166776 -7.779359 3.2615676 -8.45992 2.9241066 -8.658252 3.1575623 
-412.04443 122.79485 27.17529 35.09328 6.640848 18.525732 -4.6010523 15.096569 -8.153884 5.357002 -11.480815 8.067686 -7.1136203 6.0349274 -9.195349 2.0626733 -10.853038 4.410845 -6.677458 2.0710132 
-413.79675 114.70767 24.267246 36.254074 8.018356 18.57604 -5.2759895 13.591258 -6.0955014 3.747601 -13.923337 4.961976 -6.2034135 6.780062 -7.899995 6.1455393 -9.224636 4.8436537 -7.794523 1.2445978 
-441.19238 128.72511 15.410182 32.769398 11.397471 14.926637 -3.056465 16.373575 -6.899794 4.5288644 -13.551627 2.644551 -2.5725272 2.57338 -5.7557397 6.9199176 -6.2027626 3.5141842 -8.528289 -1.3852472 
