-262.99106 98.341095 13.071628 30.186598 -5.9526196 15.64504 -19.988123 -0.9658322 -34.299908 13.910648 -12.093706 -1.9519068 -3.1922154 3.1364107 -8.555252 -5.465367 -11.9942875 4.8682046 -16.136047 -0.5259934 
-340.61914 158.06984 26.25092 46.321175 9.538761 -5.604098 -5.314394 -8.905907 -33.40305 -6.204208 -27.795696 -4.6696777 -1.02519 -3.8700824 -7.193239 -2.1488082 -12.342306 6.8971786 -6.3365564 -1.6717386 
-295.7533 76.6853 44.056416 32.434784 -14.844857 14.734109 -1.1154172 -1.6915818 -29.655718 12.323744 -24.150505 6.847855 -2.3373563 4.5126357 -14.942762 7.9710617 -11.637823 11.698399 -12.805687 0.8883676 
-302.5723 149.5548 35.103943 34.523434 -25.777172 -23.259745 -5.575361 1.479408 -25.626945 16.27875 -16.630245 -11.388658 4.2137756 2.1703773 -11.656227 3.8579683 1.7409891 2.740851 -10.613373 3.2038393 
-324.31348 166.98921 30.024757 31.706839 11.386692 -0.21433343 -10.887608 -7.276157 -26.872198 -9.949286 -8.545434 4.1944056 -8.544834 -6.0092926 -3.6173885 2.594249 -6.3555794 8.473263 -4.115347 -2.2970092 
-275.38824 124.26142 15.460447 10.429327 9.15402 15.314397 -17.01336 -11.227073 -28.159056 15.666855 -6.2621593 -4.667097 -4.1079288 4.477922 -2.9673395 -3.776268 -11.117794 2.0646396 -13.271692 1.3717248 
-316.82916 186.24724 21.566113 8.933224 -2.5194502 1.3058496 -4.0438313 -1.3838247 -23.785862 -7.781306 -12.289327 2.0673296 1.6009948 0.08128977 -0.89288247 -1.8743913 -11.821213 1.4551536 -6.3037477 -2.3266742 
-329.22678 167.06915 14.999588 31.268686 24.031347 4.496955 -16.802256 -8.7936535 -20.253536 0.66082054 -12.246511 -5.8682456 -4.638029 1.1378227 -5.157563 0.38983896 -11.922482 -0.78270084 -6.5189223 -0.1620353 
-323.65427 153.30347 9.837584 51.769585 25.742296 -3.3821785 -18.34623 -12.520395 -18.36921 -3.6837244 -28.182852 -1.0772069 3.2193832 2.0732965 -2.4990976 2.023765 -5.8623743 10.46085 -11.512352 -5.0433626 
-328.78485 132.35931 17.6172 37.64173 11.006325 11.052164 -9.943836 -5.939296 -33.076828 3.8335032 -15.739759 -3.6059825 -3.2568793 -1.5595274 -3.5427012 4.8946576 -2.5550752 2.2496068 -4.874799 -6.789397 
-320.2596 128.86833 9.562212 27.063221 11.362638 11.859791 -15.374457 -9.959931 -21.340525 9.918478 -17.862114 -3.701489 1.3897266 2.1021087 -3.7128372 6.4895535 -7.194952 1.7153392 -3.6497927 -5.979386 
-312.46335 168.43799 10.784157 14.944914 7.3360934 9.082948 -13.649201 -10.122167 -26.826138 3.0865657 -2.147085 0.74862945 -4.1242266 -4.2289333 -0.50211006 -5.3211446 -10.674093 2.8851311 -12.564174 0.61005414 
-305.2147 178.85184 14.992452 18.31371 -23.825026 -15.539496 0.22095913 3.880878 -21.990875 1.984556 -11.144248 2.6842673 10.64122 3.0824015 2.9796395 -6.968907 -11.657639 4.7240634 -17.332376 -3.1369526 
-376.2677 168.5445 33.115475 34.148087 -2.0842853 -10.667226 -17.97877 0.8336612 -17.247185 -4.703497 -15.749922 2.0069828 -3.1903524 4.950075 1.4943047 6.8671703 -4.4520435 8.154812 -9.552052 -5.2915926 
-380.031 165.77533 23.39402 34.3861 8.771868 4.43791 -3.4280975 3.9990861 -22.36209 -8.829884 -13.510139 7.547799 -2.0155056 2.864001 -3.7563074 -2.8246148 -9.770002 9.242147 -8.169102 -5.113166 
-357.94962 156.12408 16.474825 24.494795 3.721858 2.5546057 -9.108669 -1.5534656 -16.59534 5.3872337 -7.6781454 4.749532 -6.691477 2.8191085 -0.5834502 1.2963796 -12.488723 3.222578 -9.699709 -4.6715374 
-294.2322 151.01541 -7.9878182 3.313321 1.0659463 14.624793 -11.729649 -7.8700924 -21.34341 6.4191804 -6.8040257 0.0036579769 2.6062303 -6.3316784 -3.8356192 2.1950727 -11.205898 4.808531 -8.505641 -4.466402 
-298.31534 113.50049 25.556725 35.913403 5.1165485 1.07733 -5.1938877 -15.032231 -23.84791 6.8686905 -21.246492 -3.9649305 -0.69469655 5.140796 -2.4312332 2.5332136 -9.919601 9.749458 -7.1156836 -1.0915008 
-293.01404 173.50624 -2.1782465 14.35965 -0.34287962 -4.670913 -6.587249 -11.463469 -27.435432 4.0620112 -17.810558 2.227729 5.0433702 -2.3757424 -4.232023 -1.8989092 -17.493298 6.272053 -9.419536 -7.7491894 
-350.32474 155.05106 15.581901 50.88393 16.710861 -1.3698808 -13.732186 -8.989127 -21.106651 -1.3354863 -19.091911 -3.067985 -5.132736 1.0251771 -6.704339 4.122755 -7.1142416 6.086435 -10.724587 -2.5012007 
-345.7492 170.33635 1.8173902 43.66821 17.604094 -0.42354286 -8.39153 -14.742116 -22.58478 1.341999 -21.266861 -6.612051 -4.257227 -2.0820491 -1.9475244 3.6682777 -8.181486 9.371647 -8.884905 -3.6365857 
-325.8761 85.97348 25.487005 63.402073 0.040453594 15.875957 -18.019634 4.3000674 -18.311064 3.6158268 -16.570065 -8.631251 -2.9171808 2.1304796 -11.384144 -0.24134667 -5.0381374 11.605371 -9.863279 -5.8956833 
-276.92056 119.23929 33.827652 14.485814 -7.9404764 9.008144 -15.978924 -4.140859 -28.62858 5.7685933 -13.077482 6.0821095 -1.8671803 8.864306 -11.257984 -1.1007051 -13.470243 11.590814 -12.120319 -4.04366 
-339.6827 159.19809 12.688368 20.519133 -11.92599 0.05636745 -2.87068 -0.98855084 -20.614376 2.7071543 -12.297272 5.6871076 -6.0125437 1.2344098 -3.2419105 -0.81371236 -5.32112 3.9088478 -14.391072 -4.989031 
-381.21863 146.95389 25.159475 39.89289 6.4399652 -1.683384 -6.3253083 2.0135198 -20.38285 -6.3896465 -18.030495 -1.5048815 -7.424106 2.0894525 -3.8227587 4.273222 -6.01486 0.7677945 -12.569283 -1.9193425 
-341.72736 169.13396 20.742027 38.04859 -9.989253 -11.007369 -4.9325376 -6.846935 -20.764795 -4.918743 -21.585518 -2.4637341 -1.0311713 1.3031029 1.1009831 2.3200755 -6.489358 5.539848 -6.6671247 -6.136599 
-330.96396 149.99184 20.877594 39.09156 -13.614772 -1.9823778 0.070949 -2.871648 -20.776 2.786118 -20.096 -0.9652394 -0.5679372 0.51087403 -3.0907183 -1.8867586 -3.692098 5.7559223 -11.538349 -3.1708343 
-342.2202 106.348465 52.569847 31.413282 -4.6095786 11.208607 -17.641554 4.076604 -18.741428 -2.237588 -19.138546 -1.7878325 -10.62605 1.8975269 -11.374395 3.248671 -6.4303 6.363883 -7.250643 1.4270301 
-350.6438 161.44357 9.902793 12.015327 -1.4829813 21.67422 -10.02737 -2.735116 -28.003054 0.22076681 -1.1756033 12.094083 -5.869596 -2.2627153 -5.673817 3.589816 -7.366844 9.252097 -16.566446 -2.4613237 
-369.94177 169.98357 11.340992 12.715282 -4.305731 11.875585 -3.6157718 9.49017 -20.408226 -3.3130984 -3.494896 15.596412 -2.79809 -3.0868602 -13.873846 -5.727415 -8.325074 5.0812016 -9.259928 -5.0508184 
-355.62854 104.08576 39.80085 33.22787 3.5862093 18.661715 -16.390419 3.8832507 -17.477322 4.483026 -12.088255 1.7403083 -9.062756 1.8495641 -8.687524 -2.7483695 -6.5379267 5.5233097 -8.1237135 -2.1879227 
-339.08203 164.07849 15.150421 28.638252 -9.724389 0.46259844 -6.4558334 -15.644322 -23.452528 -6.3251886 -10.0425205 12.10979 4.2347765 2.4006715 4.577837 1.1157305 -2.7241786 1.9335916 -10.36749 -9.053862 
-374.92102 157.76405 10.801433 31.399305 4.7038064 7.282625 -9.439916 -10.892526 -22.046324 -3.3413763 -5.800543 11.856503 -3.2104175 3.026824 4.1603775 1.4005853 -6.924585 -1.5805738 -16.074978 -6.3378086 
-390.91092 123.01051 -1.163738 37.983257 9.310284 19.42075 -9.733531 7.355739 -12.320296 15.4334 -11.214092 -0.38006848 -0.85767126 6.0474224 -9.002967 -0.19001082 -10.699552 6.048357 -7.2771854 -6.6678963 
-420.98346 144.0823 3.9759607 40.354668 10.95518 12.268308 -9.685284 12.083362 -11.305793 9.6359825 -12.869468 0.68611115 -7.9522595 2.4436197 -7.070345 1.1489563 -10.247845 4.689854 -12.160867 -3.0311577 
-349.80225 175.74939 2.851148 18.398083 -4.8151855 3.3122652 4.1159406 -3.478034 -18.86943 9.009068 -7.9228144 -1.3159833 -1.2464858 -2.8710098 -4.7926702 -0.21148947 -8.100924 1.9530741 -11.2758875 -5.467949 
-305.74466 180.672 14.244125 32.50998 -6.2157617 -16.749266 -0.55551654 -11.502358 -26.904593 -1.684945 -17.769564 -7.940916 3.1986074 -6.8632846 -6.8185773 6.828339 -2.35682 2.4148626 -4.5768185 -5.081375 
-312.006 160.39606 12.269533 27.933876 7.5495815 1.4477582 -6.264473 -12.385021 -26.670597 -6.730405 -16.019001 -4.7779675 3.1821563 1.9782594 -6.301698 7.097657 -2.1319094 -0.47676882 -1.5735108 -0.5666414 
-274.1246 152.92314 -11.354778 59.217903 22.375666 -7.4995675 -16.51204 -26.044636 -21.958183 6.386788 -28.736734 -15.684444 15.329788 -0.19734389 -4.8419466 -0.05405193 -0.20041773 14.934711 -13.567073 -4.6143856 
-367.36487 141.71521 20.263933 45.55769 19.793331 5.9958057 -12.148894 0.41227213 -13.666738 -0.30377156 -25.156818 -3.1248567 -1.3525642 -1.9550315 -8.618879 -0.5548472 0.101296 7.657306 -8.775418 1.4202178 
-307.61923 82.13888 26.91253 74.352295 -9.198805 9.7977295 -2.710954 1.1550814 -24.731081 7.772292 -21.037994 -14.090468 -4.51253 -0.71035075 -21.126595 0.09592892 -4.914233 2.4348178 -13.439073 -3.0438583 
-322.97668 143.06195 2.9114466 54.520985 34.458675 -0.7610408 -14.52014 -9.168154 -20.979876 2.7633657 -30.55972 -11.396526 2.5756898 -2.602392 -18.644684 6.2443805 -3.0324204 2.0581408 -10.531 -2.4502645 
-258.60284 144.57379 -4.548278 10.770005 -21.151175 -0.88013417 -0.3627209 6.3637886 -32.53153 7.297543 -14.632289 -1.1429086 5.388933 4.2997146 -2.7585726 -6.3410864 -16.190853 9.154797 -16.858238 -1.3128399 
-271.5309 60.96425 37.565357 43.80011 -18.06434 11.623849 -4.917049 4.844591 -21.363089 8.580623 -19.721626 -3.9972126 -2.21408 4.566796 -6.68988 0.59876084 -6.4988403 9.199377 -16.190834 -2.2473433 
-330.50168 73.5614 26.349134 74.520195 -3.9383383 11.403387 -5.3941545 9.999338 -24.850008 9.813259 -15.78106 -8.670794 -1.099894 3.9983597 -17.498146 -3.458638 -8.022625 4.2817245 -13.698068 2.2742686 
-400.45084 130.00322 19.7293 40.613716 12.051968 8.959788 -6.5565815 12.531237 -9.897383 2.6674562 -9.867571 2.0286527 -7.0213275 1.9489408 -7.129792 0.81018436 -9.177772 2.2289245 -9.094244 -0.38297403 
-361.73248 99.941025 20.100256 49.647408 6.593182 11.903769 -9.206638 14.643055 -18.008762 7.97691 -11.819903 -1.9356626 -4.7639904 3.2766926 -8.933482 -2.0652857 -5.824774 5.505754 -8.199033 -4.7597446 
-332.05878 148.92334 12.901789 54.311905 22.223265 2.0522103 -6.659872 -8.493969 -22.81325 -0.8753749 -26.0573 -7.952276 -2.0196414 -6.5857325 -10.750032 4.1300683 -2.2028837 1.253937 -6.761346 -4.6171336 
-321.55356 99.215324 43.407776 29.772041 11.369212 22.88246 -15.2871685 -6.55056 -31.900124 5.8416443 -24.583328 -0.82729894 -9.072924 -0.6301897 -5.7805223 4.4492373 -10.454908 8.826055 -5.0490136 -4.0576663 
-314.86508 121.11911 37.047592 21.286612 3.4363103 20.750208 -11.390447 -7.2821198 -33.97978 -2.77832 -14.827757 7.937998 -8.652508 1.4295508 -5.104573 6.7262836 -5.7254424 8.990474 -12.436317 -5.093076 
-312.24802 174.53474 4.9043207 22.692097 7.9229717 1.5058731 -3.0158072 -12.145655 -28.032366 -0.81141686 -15.789549 8.45567 0.54819024 -3.848805 -1.9416137 -1.3788166 -10.855936 8.740623 -10.51412 -6.705492 
-320.1367 90.400734 31.172014 21.590816 2.8091905 32.214005 -17.07507 4.976359 -18.3923 9.011564 -9.411733 3.020309 -9.698172 5.6351185 -5.394667 3.2199376 -7.951455 3.464343 -10.67808 1.0675818 
-329.83673 141.1883 5.108211 15.145026 -3.0848107 22.883085 -9.487161 0.7269517 -17.541258 9.102893 -5.0734177 6.903775 -3.510745 -2.1882176 -5.409086 4.128799 -12.309779 5.008523 -10.628675 0.9834035 
-335.76514 129.70934 0.24208069 48.545036 15.8351965 8.604289 -18.810844 -9.649726 -19.200737 9.194189 -20.787748 -4.5898924 -0.37514544 9.924045 -6.8177695 -0.58470154 -6.594314 8.665714 -10.382013 -5.286291 
-295.38077 162.90248 -10.056662 -1.7545848 -1.4312981 12.75302 -5.8686323 -6.715986 -27.844526 5.5394626 -6.6367545 9.53619 -0.79780823 -4.1877384 -6.380833 0.41591227 -11.369267 3.1777716 -10.324909 -0.19542068 
-331.58524 153.11418 8.006598 39.36166 13.644087 2.045651 -18.079964 -14.195171 -25.470959 1.9565239 -19.014563 -1.4827533 0.056487933 8.031483 -0.6060171 0.9704635 -5.359965 6.8605556 -8.690005 -6.742341 
-328.64728 109.09146 45.951584 33.833206 -10.210148 2.4432669 -8.783453 -3.582965 -13.762768 1.4827199 -20.414326 3.290117 -3.4324563 6.319914 -1.3558741 3.262317 -2.350372 3.8848305 -13.260356 -3.685644 
-372.97287 160.73482 18.248482 34.892338 1.3743529 5.849442 -9.230905 -7.7755456 -26.336672 -9.248787 -18.634762 7.6156483 -5.9049244 5.029368 0.40334982 1.4268643 -8.289249 4.2963505 -11.961367 -2.712245 
-346.99203 155.30298 13.821592 42.146255 17.60642 5.8518353 -10.015247 -7.6956253 -26.433956 -3.7395015 -21.605293 -4.7464695 -3.8871431 -0.29192692 -4.0740347 1.1357368 -2.9139972 9.908254 -5.018995 2.3120618 
-276.6217 111.92609 6.9891367 43.780655 0.85801387 14.239537 -15.029811 -11.430507 -28.541067 9.701503 -14.276979 -4.7031565 -3.8009844 4.259715 -0.48644435 -3.9343503 -8.401979 7.612611 -9.30344 -8.593102 
-311.50595 184.42455 8.215493 8.660097 -26.135893 -2.0063815 10.258137 -1.8794264 -20.870716 -3.9317577 -14.841539 10.6975565 5.58064 0.2533068 -2.3168542 -10.934242 -14.373006 4.632346 -16.802595 -0.040368386 
-349.29993 172.93073 20.620068 22.77924 -4.8603883 0.35430676 0.9696128 -4.313194 -24.10837 -9.097387 -18.915117 11.798827 4.473427 4.5466523 -2.124667 0.50042003 -7.0183306 6.551441 -9.767729 -2.0802138 
-421.97272 135.58295 11.938024 36.1584 11.946011 10.925043 -8.251711 15.298342 -11.849562 7.820343 -12.012989 7.5005407 -5.6552525 4.80467 -13.255967 1.2789332 -10.073847 7.4906726 -11.956156 1.2188394 
-394.11658 123.10524 12.048127 29.955193 10.354782 11.368135 -12.484382 11.942206 -13.774638 7.3742304 -17.662022 8.26611 -5.0571423 5.775237 -6.735119 1.435949 -9.194624 3.5877724 -14.559928 -0.73656654 
-285.9339 135.80595 -3.3706698 40.144123 14.160641 2.128066 -16.345991 -7.4398913 -23.174805 9.107663 -26.21137 0.44675043 -0.38809526 3.6537366 1.8497844 -8.35702 -10.259966 5.039009 -19.091393 0.8193678 
-321.5569 113.51379 24.487925 68.81916 3.4097772 6.5720296 -12.896618 0.716817 -24.252304 -2.059512 -19.939857 -10.959108 -6.7982044 3.977975 -11.270312 -0.24210103 -1.5548987 8.840476 -12.4963875 -6.5736985 
-312.70514 168.04271 -13.351943 58.99476 25.676405 -9.275866 -22.470968 -23.937914 -16.147926 1.9567432 -29.88543 -1.5087348 6.184384 2.8986697 0.6221358 -0.039163403 -9.099186 15.08488 -13.779055 -10.818209 
-323.72122 165.93832 -3.3217986 46.784573 20.245615 -0.20207606 -23.963722 -28.138317 -17.163857 6.5605073 -29.000088 -2.7754765 -3.1677258 8.622016 6.423867 -2.0240273 -10.711041 18.232643 -13.213896 -13.138353 
-331.031 130.79657 9.864468 48.16911 15.181675 4.6587253 -27.688965 -13.983101 -11.280461 1.7975603 -25.774012 2.53265 -2.470393 12.118123 0.0710659 0.64916945 -7.562454 15.30014 -14.293015 -11.018897 
-297.324 103.74651 38.13853 7.1062837 -0.29135513 24.522291 -16.759605 6.441757 -24.353413 3.8879673 -8.463811 13.500048 -9.051489 1.9940438 -1.9027095 -1.5553861 -11.288731 7.7704816 -10.718071 -5.201439 
-301.66504 124.22911 18.44454 11.1191025 1.9900602 21.688574 -9.21032 0.52600265 -21.991741 2.0413885 -7.7777634 13.587452 -10.120327 5.0779476 1.5625155 -2.9632835 -12.775935 6.941475 -14.341991 -4.7475834 
-358.78806 158.86725 19.794563 41.33248 16.42539 2.294404 -9.2735195 -9.202969 -21.97085 -5.0677586 -17.390867 4.582506 -6.2758484 -1.4884171 -1.6454083 4.811356 -7.62231 6.3109827 -9.476734 -5.8698883 
-312.85217 179.71176 -13.086604 10.565748 11.9844055 9.593306 -5.893219 -15.432301 -21.91372 2.4154367 -9.019024 2.9676762 -4.2797804 -3.7172513 5.943045 -4.2870626 -20.188269 7.8696737 -11.455599 -5.169412 
-324.8454 128.32317 5.392148 59.660324 1.5072055 10.038029 -13.799615 -13.881309 -15.5710535 7.245991 -16.106892 -3.2726831 -2.9580522 4.5815144 1.9105026 -2.4720743 -10.302807 14.658273 -8.775033 -10.319042 
-322.81094 134.60345 -0.3602363 15.293001 3.750448 23.459671 -9.989789 2.9567258 -15.126553 8.409065 -7.6535926 7.5650425 -1.4956019 -3.8819666 4.1068206 -0.82200676 -10.236552 5.6649528 -10.5393095 -2.364981 
-330.83777 158.2358 3.3818424 29.279541 14.853409 4.2384677 -10.432557 -14.503845 -27.060966 3.0993955 -11.941414 -2.5792341 -0.6474156 -4.468525 0.70020276 2.1804025 -11.224097 7.3227243 -4.0167885 -13.095018 
-344.16882 118.17822 32.65667 18.556242 18.432524 3.6843872 -5.5497646 0.2510092 -23.193304 0.88695127 -17.033646 8.948054 -6.5147266 9.951259 -10.323828 10.876056 -17.560461 11.559557 -10.0057955 -1.9437493 
-346.887 166.2034 0.39818573 17.752638 2.0426338 0.88269925 -6.2428284 -4.419397 -21.656168 4.159968 -9.940289 9.5681 -0.99853855 2.610836 -4.5276995 6.4897304 -16.951775 3.0650024 -8.045197 -6.8709307 
-362.1386 145.24608 9.116476 22.004133 6.017777 8.680137 -9.762083 0.5452317 -18.751177 12.933765 -11.382638 5.7656813 -7.3842645 1.5022113 -7.9330087 -1.4603323 -15.291172 5.23359 -9.741554 -1.1421708 
-324.44315 187.75067 25.929222 21.288567 -33.11131 -26.261116 -1.1413354 4.862919 -15.48027 4.173814 -22.046894 -0.14593832 -0.97623265 4.3355227 8.801378 -0.96689713 -8.789341 3.58319 -23.56279 -4.349822 
-346.6963 159.80417 13.391283 19.123285 -8.4695015 3.0908763 -6.909254 -3.2156653 -15.289122 6.010717 -15.833215 4.6724467 -2.7909362 -0.46310458 4.8752623 6.437247 -10.7802 0.52092814 -15.167973 -7.6736736 
-356.24765 171.85406 1.3481547 20.60841 6.96785 12.72837 -12.470867 -7.3815975 -16.614664 6.0509534 -5.106316 5.4130116 -8.741481 -3.9306667 0.77309966 0.48360613 -15.972004 4.524772 -11.646822 1.2812425 
-338.70337 129.04817 10.623611 42.583935 10.670773 15.167574 -6.424037 -2.8337538 -31.964094 3.391433 -13.680022 -0.775774 -5.2615094 -1.5545697 -5.736801 5.320498 -8.669255 6.511364 -3.4917836 -3.6338942 
-303.99908 159.00606 7.2800007 17.457802 -23.51811 9.415527 3.4365847 -1.6579763 -23.397966 4.6441236 -15.25226 9.201809 0.7472807 -0.194156 2.0978658 -5.863856 -14.183378 9.822284 -12.998261 -1.3897455 
-386.13245 120.07169 35.186424 24.247656 11.531142 9.8729925 -10.2548 16.22722 -15.607723 4.1752133 -12.939993 9.867847 -2.5415077 3.4081302 -10.710274 1.0794859 -10.863237 3.2887523 -8.000253 -0.9141155 
-386.8036 120.89608 6.528618 34.55545 12.697941 22.351532 -10.267201 7.3834 -10.967858 12.715605 -16.617197 3.9943461 -1.7412292 4.8721747 -9.1278925 2.2420778 -8.933143 7.6126614 -13.655931 -3.8446841 
-382.2232 119.62659 0.843023 33.873066 12.310621 22.513384 -11.637945 3.0854 -9.293452 17.533764 -11.020074 1.3821597 -0.551419 7.6606793 -4.276562 -2.604646 -9.532035 7.2239585 -7.754107 -6.3392515 
-398.0218 123.75928 4.214086 36.884953 15.486278 19.545446 -10.164694 3.0909743 -13.680256 14.125373 -14.014929 -0.9013939 -1.347887 3.9405506 -7.758875 -0.55634344 -12.939116 2.4007502 -8.246095 -1.1769373 
-324.71545 102.056915 36.906998 30.32601 -5.3838367 10.417785 1.1625069 -9.177996 -21.57636 7.2419214 -19.27476 1.2188818 -4.850641 -0.043284826 -5.2242317 6.906145 -6.982813 6.656224 -11.925081 -3.1952884 
-326.599 189.44554 29.2563 29.787807 -27.072035 -25.578453 -0.7510573 -6.8083572 -31.284355 3.1178508 -22.895475 -2.6902075 7.9645386 -3.0329638 -2.8927772 9.246019 -3.0239694 1.4247011 -12.594067 -5.4978714 
-327.5061 153.4461 -2.9035187 46.483486 18.368876 -5.4707546 -16.487583 -15.346174 -9.253771 -0.3840839 -20.898857 1.2974046 1.6035203 4.65749 -4.981672 -5.3598113 -2.4543867 10.944769 -15.738669 -4.459432 
-407.15106 126.18033 21.737425 35.18479 14.331787 9.457872 -4.8674297 12.1000185 -8.596795 5.418585 -13.721782 2.2186933 -6.3866596 -0.04460568 -7.8209195 3.394456 -8.834802 -1.5745076 -11.555084 -1.4332722 
-420.04855 137.091 13.954686 34.45975 18.66262 10.658891 -10.739769 10.992479 -11.238403 4.8607955 -10.848848 8.37598 -5.186914 2.7331593 -7.800187 2.7559423 -11.076499 3.7296438 -9.214391 -0.8036421 
-421.64157 136.55487 10.511824 34.61099 13.964199 8.241276 -10.335498 13.574314 -13.038542 4.6875014 -12.65779 4.727301 -4.355402 1.0024678 -9.028167 -2.8369992 -11.394304 3.8744643 -9.484883 -2.21198 
-284.2396 169.70216 2.8981872 28.375057 7.415823 -4.4643054 7.4286175 -13.563144 -39.98683 -3.3710275 -20.196377 3.5583355 0.18049192 -7.9389396 5.8137503 -6.658517 -13.6818 16.133251 -11.47505 -7.0419936 
-259.17517 154.50409 -15.788923 38.207348 11.646442 6.686019 -18.074326 -15.858623 -20.338089 5.438194 -12.967106 -8.525753 -1.6703622 -2.0216231 -0.12797335 -8.136434 -7.5133395 11.100283 -10.856238 -8.50508 
-271.76346 142.04196 -12.122251 12.588805 3.490799 21.641148 -17.610071 -3.4489937 -25.221457 7.3463116 -14.272112 0.7977243 1.7205834 -1.9522637 0.9086339 -5.902906 -7.76404 5.598789 -7.9606695 -4.0363092 
-288.0869 179.24411 -9.070925 25.402382 10.317729 0.26530278 -10.569647 -17.413345 -35.44853 9.775112 -8.013181 -8.526089 7.080205 -7.513455 7.2307 -7.7293057 -12.965643 12.964268 -3.1715088 -11.759914 
-317.64047 133.00378 19.828463 44.26505 1.5260648 13.198615 -11.044021 -13.456814 -29.536865 2.5959196 -13.188077 5.835451 -4.5000267 -2.5473013 2.6871057 1.4181453 -13.900192 6.7590523 -11.469372 -7.806948 
-323.29166 103.5766 26.334223 57.197613 14.290451 10.686586 -17.960438 2.6262715 -23.678831 3.3522654 -26.81188 -7.57799 -4.678404 2.937756 -12.214153 -0.49708307 -8.685733 13.051748 -10.887235 -6.0712857 
-337.66714 97.43236 51.193275 33.458138 15.447968 22.785566 -23.983822 6.5648093 -22.241392 1.8641328 -24.278795 -3.61894 -12.312461 2.7392645 -4.955033 -0.95615155 -15.445269 12.806011 -5.4174323 -6.6718163 
-333.06998 90.74638 41.67133 68.19335 1.8758825 24.000261 -11.826113 6.055399 -21.707159 0.39386594 -23.09116 -9.219755 -3.665777 0.6970454 -13.778148 2.212676 -9.243474 4.9887776 -12.550892 -4.133683 
-295.66803 37.5647 31.748953 79.28604 -18.511824 18.009823 -10.291241 14.434533 -26.85874 13.323049 -13.612376 -10.759145 -8.128265 6.0073094 -12.837365 2.484909 -10.659458 9.1385765 -11.524593 -4.8101954 
-339.9184 158.50981 8.995884 34.123737 -10.919784 5.4352255 -2.2586217 4.648439 -24.010445 0.6531455 -19.087183 2.9923348 -1.9593847 -4.215158 -4.2947407 2.4603376 -13.129391 9.185103 -11.842172 -2.0910962 
-348.1284 169.52202 17.869083 27.555172 8.739217 9.791431 -8.993901 -14.463689 -29.417168 -1.0694791 -10.815517 9.267219 -10.31419 -4.3555813 1.5621222 6.1254315 -13.57734 7.227611 -11.503094 -2.3219364 
-351.97424 163.41798 29.52595 24.95327 -3.2414005 -0.09149684 -2.2331576 -1.4362017 -21.383419 -13.00895 -25.60242 4.1005335 2.0735788 3.5693562 0.49317244 1.9956194 -6.4153633 7.632948 -6.070903 -4.7898545 
-322.29016 106.58612 36.179234 28.461863 10.9567 20.208988 -15.547862 1.2358077 -20.417322 -3.4973369 -15.116545 -2.1283538 -12.410705 -0.7186399 -3.4383874 5.3192797 -7.737492 7.808826 -3.6664457 1.0469061 
-350.55698 120.92329 33.82429 29.995789 15.076948 18.462414 -12.81684 0.03555759 -19.395576 -0.8691455 -14.232174 -4.1859326 -10.681178 -5.609195 -3.8590593 1.699158 -11.448153 3.3861146 -4.5538244 2.6212087 
-352.9096 156.06049 15.270045 38.844772 16.04704 6.3447237 -8.362745 -6.465971 -17.014875 -4.885328 -17.074862 6.664383 -4.3451953 3.9201877 -0.49908447 -3.065957 -10.015529 10.927584 -9.114674 -0.37434387 
-350.98416 154.23323 1.1685597 4.796541 4.713377 24.575369 0.24702089 0.53992164 -20.288782 -1.4290779 -9.865402 15.031413 -9.499907 -2.3107042 -0.74172294 4.0970135 -16.3389 3.6768825 -13.870763 -2.1634674 
-359.16568 150.80756 11.315572 31.80774 12.719746 8.099589 -12.35755 -3.0431924 -21.806217 6.0536947 -12.1596 2.449547 -5.8990536 4.213453 -6.0506496 2.6777952 -11.873463 5.252676 -6.4723744 -3.3346894 
-346.3171 84.356255 51.493668 31.784218 4.4687934 32.518913 -17.434668 3.5927773 -15.619066 3.2373471 -17.596004 4.951538 -11.872167 1.172595 -8.227917 6.147216 -13.558046 6.849136 -11.284005 -1.0579406 
-302.43567 171.75488 7.328344 14.94754 -26.71229 -0.66728467 -1.5852282 -2.1858802 -27.532932 4.367304 -9.9298115 10.985274 0.26322958 4.0519705 1.2137759 -4.2143455 -11.002957 4.6675863 -16.520327 -0.9975431 
-371.191 160.66606 14.216948 34.46285 2.3326 13.4563 -8.974154 -12.47319 -30.619541 -0.46868005 -9.69841 16.929535 -3.7232676 0.67209744 5.427654 10.1728325 -5.1576333 10.531708 -9.554451 -8.387237 
-411.32108 131.19263 9.350377 32.682354 15.221076 12.388443 -8.712168 7.0012283 -12.941374 2.9832761 -17.286852 1.8846688 -6.339781 3.9718103 -5.5419025 2.263669 -11.655203 4.080421 -12.76162 -1.2016845 
-413.76407 135.22398 16.544962 36.26933 11.834611 14.462128 -9.129174 8.985718 -11.237741 5.8307886 -13.036141 5.382009 -9.442727 3.710743 -5.909952 5.1323056 -13.7776785 7.0742435 -8.283369 0.1639354 
-378.07944 143.91377 12.406834 38.237034 15.596749 9.003459 -9.948541 -4.391338 -18.484018 5.0823493 -12.421681 0.81918186 -2.1321602 0.17958087 -1.0896465 4.6327147 -7.5204096 4.1719875 -9.046566 -8.274497 
-323.87766 160.5095 21.993294 43.01181 12.854626 -3.422623 -11.031231 -13.675921 -23.77846 -12.956753 -23.594719 -0.8492076 1.1105398 -1.9848344 -0.030955885 1.6591007 -9.664652 7.7890844 -2.713306 -2.2749312 
-317.21994 145.60657 10.942832 34.14981 15.007494 3.0790956 -13.071692 -11.060568 -32.726406 2.2355855 -22.257812 -1.802991 -3.1303706 0.7475781 -4.3059797 7.03977 -4.450081 -0.07669923 -7.2261777 -2.3714457 
-326.9073 159.43265 -7.7045536 14.167405 -0.033214144 21.37501 -8.716917 -10.244095 -20.219425 8.673144 -10.6339245 12.334519 -5.4072924 -5.919877 1.6161819 4.271217 -13.612073 0.9342824 -12.852037 -2.1183887 
-317.98187 155.7055 1.1171051 35.513626 16.553377 0.026057562 -10.868684 -16.426785 -22.581076 7.0490413 -14.554522 -0.47868103 -0.6486672 -0.1392759 -1.605292 4.1994686 -9.1419325 9.177396 -3.9106457 -7.6787176 
-342.5486 162.71024 8.314008 32.74225 7.753664 -2.7745354 -8.902508 -9.2701435 -23.277462 -5.474062 -21.532484 2.3879786 4.2788706 2.9864702 2.4301648 8.009375 -8.13009 4.598165 -5.1525903 -3.6219182 
-410.69647 137.79924 15.627974 31.400059 15.712526 14.816586 -2.8782518 14.800259 -14.2788 -1.6797448 -11.72897 6.647626 -4.3007607 1.2236028 -9.221127 2.4172583 -9.099997 2.0298624 -8.30785 -1.3224555 
-334.4159 162.07677 -1.5127188 38.79991 13.019803 1.6669993 -16.798645 -23.889147 -13.8213005 5.353731 -20.61852 7.834369 -0.8375199 4.026179 11.802948 -3.6643376 -15.813677 13.890667 -13.889901 -6.7587967 
-309.63434 96.85202 16.966873 24.534372 -0.3092492 26.769009 -18.051638 2.4636328 -11.764726 8.041755 -17.09529 0.5437002 -12.974829 7.852213 1.745305 -4.2935886 -14.995187 10.269507 -10.944096 -8.870702 
-329.41647 138.44351 20.48817 39.70308 14.599298 8.078825 -10.320766 -6.216567 -16.668848 0.4282705 -15.560201 -5.650067 -9.13398 -1.2470003 -3.7574894 -3.1740942 -11.75528 3.8725863 -10.136466 -3.3660514 
-335.14813 131.06964 24.662376 36.991043 4.07622 12.50424 1.3458238 -0.82142806 -20.989885 -1.1182569 -23.336283 -0.9701846 -5.5010514 -1.9640307 -6.5208206 1.7110999 -9.962148 4.7176056 -6.1382666 -1.4335419 
-369.89523 141.79042 14.468807 31.919695 -0.82514125 5.110468 -4.968282 9.521285 -17.709127 5.154476 -7.7751484 7.2604547 -4.4871497 0.19058387 -0.31354982 0.13600188 -10.896184 8.394801 -11.443531 -3.61724 
-369.58246 162.29924 16.907824 13.748193 -7.1274514 1.2346345 -1.0893158 12.74544 -8.600445 -1.6913013 -14.20721 4.6732807 1.4867345 1.227461 0.94598836 -2.1692727 -14.447991 0.7671067 -11.839537 -0.8356551 
-382.71616 150.57898 12.331431 16.88108 3.9488487 10.081199 -0.6441947 11.525226 -11.203264 -0.5583034 -13.276453 9.626237 -0.50916696 -2.5162141 -8.822993 0.06450102 -13.687483 2.5910723 -9.680686 -2.3119707 
-414.18158 133.29218 10.320537 35.006176 14.5564375 11.154457 -9.077655 12.048673 -8.808029 4.046279 -12.469437 3.049234 -3.9375567 1.616032 -6.2892294 2.2334607 -9.286941 3.7840843 -12.638904 -4.5541296 
-377.5673 116.24086 17.291565 40.624397 9.42741 12.55522 -9.242062 9.974432 -19.982504 8.0899515 -16.74826 5.324808 -0.8334074 -0.7734729 -6.2095013 4.012591 -8.182041 1.4417325 -7.9114423 -5.270185 
-329.49713 177.3033 -3.4877806 33.51313 4.5558305 2.691142 -1.3130195 -14.045912 -27.757362 -1.3917614 -19.734262 6.31653 2.1033473 -2.6594946 1.4519228 7.243044 -8.157162 5.4224224 -5.969511 -3.6474292 
-387.92795 153.80113 -0.34340075 32.267754 1.6018693 18.672695 -3.1795337 5.62854 -19.029253 -0.104681335 -10.749335 6.2928176 -5.483119 -5.973093 -2.540583 3.8481462 -6.228735 6.759276 -12.858433 -3.3417985 
-380.36823 159.48608 21.17047 39.627914 0.11317529 0.5050399 -9.52697 -3.2329814 -23.523943 1.5251136 -18.45577 2.280551 0.35718283 1.0630901 -4.379321 5.3658814 -10.407197 6.4284782 -3.419585 1.6718442 
-364.21494 114.89676 25.011368 54.97043 5.0919046 9.387467 0.9942754 2.2267866 -15.886634 1.2305042 -24.078825 -0.2571658 -3.8795743 -3.3202765 -6.7235775 -0.68196046 -6.8844585 5.683985 -10.652622 0.29825997 
-353.3545 158.43675 19.44254 27.47668 5.71325 11.733509 -10.606755 -3.4615862 -23.190006 -4.8712516 -13.237379 10.81679 -4.914488 1.3470232 -0.72376907 1.9373488 -8.4716015 8.7512865 -14.531618 -0.94457656 
-358.0152 166.48073 11.546086 40.397232 12.393813 1.1321043 -9.91633 -8.711398 -24.415113 -5.252933 -21.743124 -1.9435849 -2.6092103 -2.2958272 -3.4364874 8.312226 -2.950052 5.232428 -5.603022 3.0534327 
-348.93735 155.85071 13.305308 17.092726 -3.2637892 9.232534 -7.579556 7.303951 -17.146433 4.603622 -6.192457 7.9070053 -5.3066196 0.7873567 -2.7739983 -0.12869659 -9.753262 0.94199777 -8.087055 0.5034277 
-366.5322 156.73888 28.587746 32.15591 6.465789 6.512179 -7.5973935 -0.16138321 -27.291298 -5.1098037 -21.744572 4.0161185 -6.700513 -2.6557002 -1.243583 4.9023876 -5.384981 7.5214453 -10.282054 -0.99516606 
-360.5609 100.008026 40.137287 34.016712 11.153447 32.335117 -22.231266 9.553011 -21.498274 5.6220737 -17.034859 0.5037585 -12.254021 4.8426337 -5.590699 6.3943787 -15.714657 8.535617 -6.167385 -0.7278912 
-396.52838 148.82132 22.82559 44.459656 19.515158 13.765567 -13.029621 -1.9610744 -19.865675 -0.2050288 -20.945372 -3.7197294 -15.431052 -3.310117 -2.1329615 2.860744 -12.992785 7.598526 -4.196811 3.2000773 
-375.5773 133.58578 10.850608 23.119661 1.2517294 21.551949 -6.160931 10.212323 -27.043987 7.0888066 -17.956888 8.010448 -2.9430046 -3.6499329 -4.4646244 3.83475 -11.476587 6.1333137 -8.853537 -3.2067592 
-339.0452 150.19699 34.449436 37.801697 -20.29412 -13.453251 -10.78449 0.22452609 -25.108557 13.042521 -17.811018 4.0296717 0.39324054 -5.3688593 -3.138412 1.1051496 -3.7119288 4.4171925 -10.947267 -1.9698366 
-351.76627 152.77907 16.612885 39.039658 14.755846 8.409591 -17.748863 -12.306082 -22.580706 -0.30650008 -20.341722 -1.8006388 0.29741648 -0.62877333 -5.278084 3.065121 -3.4840558 9.243107 -5.7677517 -5.6663275 
-395.57867 152.52672 10.7126665 31.729563 11.448704 12.552894 -10.379827 2.4894705 -16.876291 2.1000671 -7.32223 8.764512 -6.0179787 1.5734127 -3.330089 2.927868 -13.370582 1.1863414 -8.571138 -1.356874 
-420.68332 137.11868 11.318675 34.387856 15.110821 10.301671 -6.598894 13.625324 -10.893931 3.8180046 -12.626633 5.4877605 -4.8503923 0.70830435 -7.1822762 4.161829 -9.004368 1.8548393 -11.852476 -2.5571158 
-411.54755 131.46085 12.983668 32.44659 14.290728 9.413366 -4.0840874 14.9267845 -8.5079975 8.348989 -9.596087 3.4570932 -0.6610379 4.0145826 -6.3164196 2.3885462 -12.294762 1.5182781 -8.845057 -2.1673262 
-422.98325 133.75029 12.748875 31.48459 12.036443 4.3794694 -4.8547225 9.285699 -8.079578 5.179765 -5.9241424 2.2995017 -1.1850471 0.34346208 -2.9243376 4.4372163 -3.872462 1.4066304 -10.715286 -3.3567574 
