-375.2786 159.82257 22.379524 -5.6052957 -1.120753 -0.41936037 -6.559904 -9.306336 -0.5685494 12.101276 -2.9438767 13.925953 -21.688948 -4.302182 -7.4618835 0.98782784 -7.6142297 5.0056515 -9.70337 -0.9824769 
-397.17758 145.89178 35.645493 20.534294 8.389254 -3.366472 -8.738881 -3.5843718 -18.748253 4.3100157 -12.736969 3.3219666 -8.143514 1.0758275 -2.8208869 1.3431563 -6.619958 3.5122983 -10.399979 -1.208135 
-372.037 139.57227 18.304829 12.0962305 13.650676 -1.6908425 -12.989308 -14.346773 -6.787402 14.403751 -4.666285 -1.1016856 -17.596092 11.458853 -8.557701 -0.9063564 -8.2935095 -0.0976878 -4.6519876 -1.0277828 
-355.26593 89.72627 55.276054 7.641895 16.274 9.027924 -22.189735 -8.346681 -9.794923 10.362544 -12.35886 -1.5962926 -7.2646856 7.5341363 -9.259077 -0.11397722 -6.9791884 2.2278867 -15.687733 -1.2466513 
-368.79666 113.70621 30.457655 31.147871 17.727888 -0.86917347 -15.3909645 -31.518589 -7.2991877 17.57358 -23.648064 8.104862 -6.6236997 15.555577 -11.885385 -2.666402 2.0726275 -2.2865403 -10.083452 -4.033788 
-387.43262 108.56432 50.678112 24.76706 12.8075485 10.808802 -17.197117 -15.5817175 -6.730996 7.298823 -12.346905 -6.717075 -8.313999 13.495087 -5.3827577 5.2470655 -2.675704 0.5021591 -6.622999 -2.7914903 
-323.0323 136.6507 7.8051276 14.053165 5.664358 -11.834087 -19.346956 -34.2939 -4.187685 26.79555 -16.968653 14.08206 -13.934911 9.466846 -9.337477 -7.631022 -6.628863 -3.0737827 -4.177281 -1.7416129 
-369.17584 71.065475 62.341568 24.999949 2.803211 22.480001 -16.333172 -11.454723 -6.988942 6.0576115 -12.618721 -0.9161613 -11.792614 7.107994 -10.84008 -3.7103958 -9.757129 -0.43012312 -5.6123047 -3.3716738 
-336.8395 132.06401 15.31316 6.561742 1.1508775 4.980245 -14.92077 -11.731557 -5.7521114 9.514592 -5.8710775 0.081663236 -10.967823 3.298644 -5.927251 2.3135998 -3.2804494 4.2324576 -4.0338655 -1.883531 
-318.00583 119.6988 13.530494 -7.5028915 -7.0604014 7.958185 0.030471802 3.3697186 -1.2126392 13.16473 -1.3840199 -1.185039 -3.877326 -1.6230677 -8.495174 6.64096 -2.7089593 1.3914994 -5.7530622 1.447819 
-358.56946 113.81144 20.609219 17.569326 13.653133 9.614844 -8.859495 -6.2981825 -13.150534 4.784791 -8.159693 -7.677015 -5.730453 -1.0747453 -6.680366 3.1178212 -5.8918834 2.5383165 -4.7299957 4.5525794 
-400.11276 156.80475 42.141903 23.03627 -12.821545 -8.121574 -18.044798 -2.7093065 0.17854108 12.605765 -4.564502 1.4351964 0.494396 -2.251317 -4.663587 1.5633712 -2.346892 4.1126866 -11.966392 -7.125534 
-428.3103 144.43503 31.234352 20.942087 -1.4382564 6.455341 -6.4226904 4.1977725 6.6045227 12.865115 -7.2195716 -1.4577832 -2.3966258 -2.3423657 -2.0108337 3.174885 -4.4568396 2.6189806 -7.892637 -4.1769614 
-349.19885 81.10841 -3.652782 17.90939 16.029543 20.072418 4.686776 9.746061 -2.465276 10.133453 -4.066764 -3.5291622 -2.5112097 5.9918423 -3.7424245 5.536851 -4.4253807 2.4888973 -5.5714626 2.3708131 
-453.0426 152.03542 27.621315 17.579506 6.83634 19.636911 -7.0932975 5.812818 -3.1814055 9.009238 -1.9641094 2.5751138 -8.874156 -2.4154413 -1.4690217 4.045887 0.6259293 2.1307456 -3.839065 1.4214219 
-423.26672 161.60867 38.028824 1.9206657 1.5435399 16.3596 -9.195193 5.76242 -9.812574 12.748577 -0.33422768 5.4475064 -11.773517 -8.711411 -5.084278 3.8040683 2.893364 -0.98300785 -7.55902 -1.9491073 
-426.48605 150.97127 39.185684 10.501934 1.9706302 17.430458 -12.087915 0.074711956 -12.866024 9.40425 -0.79087013 8.209225 -8.907035 -7.0391245 -7.685067 2.0970774 3.2894669 -0.4655396 -9.564017 -2.718829 
-481.46783 147.96912 34.021164 22.755215 5.565446 21.997211 -13.180673 6.536583 -4.175352 7.231732 1.0818583 5.9484487 -1.9386088 -1.2667724 -6.434515 -0.6531694 -2.3591156 1.678489 -9.504177 -1.3585088 
-513.55975 153.95634 25.40464 35.203423 13.402325 29.642948 -8.384554 15.139469 -0.9810168 2.4408505 -5.7976174 2.879815 -6.3075104 -3.5885592 -6.4392104 4.5266438 -2.1471515 2.8157353 -6.502761 1.4423878 
-381.24188 157.47717 21.131948 15.190372 -13.11661 5.075922 -8.864961 -4.6401186 -5.987551 12.008128 -4.226751 8.244814 -8.750988 -0.07755396 -0.9373281 2.1093478 -2.2422285 2.1321495 -4.970865 0.82088935 
-378.43854 160.5218 33.076958 15.418812 -3.6983948 8.457257 -10.987111 -10.909893 -8.801355 13.207249 -8.111413 8.444994 -16.57541 4.4560304 0.11609682 -0.11973201 -5.2704473 -4.4652147 -4.1385527 5.3633966 
-389.33148 161.82506 28.44399 12.933388 -11.807743 17.937332 -5.835158 -1.4256337 -13.603459 21.60018 -7.676313 19.251545 -10.121146 -7.1959457 -0.7693428 -1.3806627 5.595335 -1.7701541 -9.720109 2.0316138 
-398.05292 125.492256 56.270065 8.120472 20.312307 4.867679 -3.0083961 -7.203459 -4.0830517 11.777719 -6.9419174 11.499781 -3.2758434 -2.5999289 -7.143873 6.3231387 -3.2393456 0.76327825 -10.353043 1.8641618 
-406.49677 137.95786 78.46891 29.59919 0.21031867 -4.9410353 -7.946189 -15.268387 -8.940711 19.19794 -22.216814 13.911724 -5.04022 -0.2581219 1.0282365 4.3140216 0.94176704 3.6011362 -6.953225 4.2953377 
-400.395 113.759865 60.29459 22.148651 4.478311 15.485251 -4.274738 -5.566761 -5.5927076 23.541681 -15.146133 13.163508 -4.1316867 1.1527758 -1.6177745 12.909578 0.3146837 6.938677 0.26116213 4.3576484 
-450.22986 156.21265 55.33481 28.326113 12.498261 17.096622 -17.489397 3.9607985 -3.8510628 15.210063 -5.197257 2.8401666 -0.5217798 -0.61549324 0.0085373055 -1.5808996 6.523938 6.0473824 7.117181 3.320811 
-488.4515 144.32103 28.489525 36.53473 15.004244 35.972202 -8.641965 17.50997 -1.0722487 10.750706 -2.4552565 -5.1733794 4.584655 0.112814635 -1.5584121 2.4605005 1.9006563 5.0463104 -1.9769009 0.74466777 
-493.6511 139.06412 35.508194 36.19053 19.057728 32.050526 -3.7999887 21.307764 3.7909367 9.9793215 -2.5572436 2.428063 -3.1212661 2.0881639 -3.0989869 3.6051974 -1.4896266 4.825594 -5.297135 3.6326947 
-486.91714 146.43484 34.59369 34.211258 21.037527 29.851828 -1.5347418 9.767233 3.7821896 10.532712 -6.16856 2.1686652 0.74375194 5.840501 -4.168578 2.9749775 -1.6906726 3.2456772 -1.3557086 6.1404233 
-413.79047 167.42996 16.354912 7.738159 2.7216208 33.218784 0.14422566 9.603977 -6.8655605 12.458488 0.32729447 12.168292 -9.653646 -2.2732 -1.3577362 0.7152232 4.43534 7.153673 -3.8135366 0.47783852 
-359.456 128.12823 14.445295 55.706455 15.279896 -14.092802 -1.6122042 -5.4957037 -7.687378 5.4333973 -2.0407476 15.612078 -3.4343858 6.380471 6.97225 7.8323636 -4.634422 -0.4140322 -0.9537599 3.239606 
-354.477 144.37349 -1.8774828 55.459915 12.891659 -32.883442 -12.495173 -5.022539 -2.6569815 13.581882 -1.8107257 23.04284 0.6326011 -0.687014 0.13291952 0.4988697 -3.4248102 -4.4865355 -0.41509214 8.990833 
-482.7256 142.67023 14.592277 42.28686 25.289268 23.014822 0.23752959 6.5147448 4.8529415 11.671438 -2.8079157 2.5948322 3.3979368 1.175751 -1.0881898 5.8584394 -0.99264026 3.1382697 -5.1192527 4.7812257 
-435.56174 160.63322 24.566635 20.856674 16.740877 15.5409355 -3.2366312 -0.29204145 -0.14438587 14.856742 5.0221944 9.003639 -2.920235 0.40430465 -1.9158429 7.9262567 -0.45598492 5.4084716 -4.3559556 -0.6231795 
-354.62634 89.570045 20.12016 52.28298 29.159525 -3.443942 -14.446682 13.650235 -11.883482 10.806621 -11.875221 8.274854 1.8442969 -1.3384912 -3.7579138 7.4694486 -0.5564177 0.053250976 -2.3554296 10.688923 
-403.68118 139.20972 5.693813 62.762634 28.291134 1.1798015 -19.941721 1.1505594 -2.2618604 -1.9597015 -18.230236 8.091236 2.0786724 -5.837189 1.8209101 4.9211564 1.8964784 1.7762464 0.013909075 -2.391825 
-446.80453 154.12366 15.474067 53.093887 26.868046 6.7613134 -12.393313 6.8767276 -3.121093 -3.3915434 -16.264368 7.587393 2.0125692 -5.659499 -0.72506815 4.0305386 -0.5252482 0.92472816 1.3531367 -0.18250312 
-506.00574 161.641 26.151804 45.172085 17.315523 26.831884 -4.5154896 11.921402 -2.9316869 1.9254824 -5.7896523 3.6264267 -0.14108072 -5.469342 -2.2440815 1.2801586 -2.4593537 2.018788 -4.6362934 6.4640074 
-355.77405 106.56646 26.048876 26.481249 14.350886 8.060942 -23.579628 5.2206244 5.911604 13.758908 -9.093422 5.183318 -8.420238 0.23044528 -6.8311906 8.486279 -4.2741895 4.665407 -2.27991 6.0838737 
-389.6749 157.95892 9.5817795 9.103128 18.927397 18.668024 -12.377842 -0.54740036 -5.4406877 16.341526 -6.2864532 0.73076695 -9.966475 0.33729935 -9.083546 -0.0060929125 -1.6556301 2.1361394 2.605554 6.427336 
-374.36023 185.58905 -3.8382335 -16.01753 -11.56264 15.564599 3.4319222 21.150906 -15.656074 12.574865 0.5997701 2.1108117 -2.4958389 -2.436193 -3.2101347 2.9561403 2.7401552 7.2940083 -6.485557 2.3153355 
-454.4321 199.2514 30.885654 16.493965 -24.045805 -2.1280103 -13.213552 9.450634 5.307736 13.521012 -2.3687809 -0.99736905 -1.1441073 -6.633431 -0.28433394 3.1483023 2.8609412 2.6264102 -6.625968 0.5432075 
-449.08972 149.1165 41.883125 18.633917 16.475485 8.50565 -6.9818845 -4.1451707 -8.379107 5.4083757 -8.540255 4.107631 -7.24309 -0.85949194 -9.70369 0.50664663 -1.6607263 -0.2854911 -12.045438 -1.0157961 
-388.3875 63.744568 77.64162 11.3232765 23.95476 22.795654 -26.755077 1.6757768 -13.218105 9.556474 -17.026031 -0.76654 -2.393048 6.880378 -17.351234 3.1394854 -2.6722322 3.6431792 -13.2450485 1.91942 
-403.7887 98.95284 52.07077 33.417557 23.141306 19.588966 -23.33691 -5.705019 -7.6968603 8.728604 -19.070564 -0.82885486 3.257778 5.095192 -14.073373 4.8199115 7.4309454 1.5495595 -5.83654 3.3870306 
-434.3315 115.12887 56.496628 27.151457 23.527657 11.232126 -7.126598 -3.6793382 -5.7336416 7.2175827 -21.177704 0.6661815 -0.94190246 -1.3247081 -9.627522 5.3609858 0.29224703 -0.8393184 -5.7763414 3.0217464 
-348.8544 102.66164 58.00969 19.62843 18.833815 5.9618416 -14.095262 -0.70581955 -18.511127 7.7286215 -22.15257 -2.6031032 -1.0838038 -2.7696066 -8.228352 0.15552121 -9.082484 0.62085843 -8.519426 0.17715584 
-322.24493 94.73176 44.201157 12.362526 14.043 11.12595 -25.473562 -13.721199 -12.178649 17.740192 -7.9698353 -0.3496473 -3.736436 7.636431 -13.613384 6.090079 -9.51456 2.5133097 -9.11913 3.4072115 
-357.09766 134.30693 5.7033057 41.602894 20.886044 -15.139927 -19.401268 -14.641605 -0.62077343 11.833458 -16.949764 1.6871476 -4.3102527 -0.78903824 -13.053557 2.5357878 -4.074616 -1.2242293 -4.747225 2.7705462 
-413.98618 177.6437 9.627346 27.19535 20.089808 2.2435908 -40.638905 -22.505909 -0.53326315 18.089144 -15.069205 -6.245215 6.252882 1.4350768 -13.709628 3.8615994 2.6243587 -1.7502637 -1.8313596 2.9861963 
-413.05624 157.70706 4.542804 21.980629 26.885908 16.546879 -21.938686 -12.3835945 2.9449887 19.063847 -12.527151 0.037704255 -4.711831 4.568411 -11.56879 -4.5905805 -10.7533045 4.390814 -2.2678626 -0.40900406 
-450.8006 148.12526 10.01122 14.615621 21.367844 21.751417 -8.517289 -2.4570768 2.3830755 12.6569605 -0.038547833 4.9158607 -3.9450886 -0.84261525 -1.0912915 -5.617037 -5.756255 -0.3066274 -6.247701 5.2770243 
-406.07898 153.37872 16.586948 5.528638 9.982391 13.522707 1.3340865 -1.4527253 4.5571527 12.174223 -3.700612 4.0721 -7.313102 1.8223222 -8.820131 -7.688726 -6.340108 4.4606943 -9.943999 0.3506956 
-347.13513 110.57987 6.3526897 57.11716 21.390465 -34.03709 -0.97924614 -6.6933174 -6.3034544 12.603766 -16.930721 16.724802 -10.497421 1.428004 -0.5966501 0.8367814 1.297842 6.5305157 -4.069456 10.432804 
-346.2584 98.17355 31.09974 42.99816 15.285029 -4.0992336 -13.366316 2.0309486 -7.05055 8.073044 -17.681515 13.724879 -7.5236163 3.9372096 -8.84356 7.5025067 -7.091738 4.659341 -3.8701684 1.2406241 
-414.00647 162.11662 12.8813 13.664485 9.568843 21.110409 -15.943867 7.761133 4.584516 15.565187 -7.654375 -0.34924996 -11.102574 5.5904436 -4.522856 -0.9127867 -5.8259134 2.4852471 0.017279804 6.8249283 
-338.70074 166.63 -6.4360485 -14.746305 -14.387486 14.088436 -1.1555587 18.238361 -10.365435 17.272512 -4.1662683 0.00343034 -3.1677754 -4.6693325 2.6451874 1.2258811 3.010335 9.603238 -2.6556826 1.3660558 
-456.89246 167.11142 27.316221 22.698893 -2.232346 8.096848 -4.6745677 11.489513 5.3282795 8.220353 -3.0154269 -5.5127277 2.3515906 -2.0391965 1.9463278 0.20712577 -1.5576682 1.2799577 -1.9977286 3.044693 
-498.94238 146.51758 36.340324 30.128082 22.016172 22.05478 -1.1815695 8.875605 1.9756246 7.9706063 -1.8950418 0.85949486 -2.8164434 -0.40129238 -2.956481 5.8707514 -2.4501026 4.0369925 -3.7985055 0.4776632 
-419.50427 162.4057 12.555875 13.471439 -3.8751662 15.898256 -0.9337518 -1.4506783 -6.87118 23.992022 -1.0256621 6.1666546 -11.996871 -6.502521 -6.61527 -0.82560885 5.0191975 -1.4289358 -4.028116 3.6424878 
-440.8757 168.67891 29.885918 15.38908 -5.2385683 19.305735 -4.7460046 4.5231557 -10.534645 14.801871 2.2641056 10.675147 -0.022283528 -9.6441 -9.008753 -6.1018815 5.2326956 0.9837668 -4.0931034 2.5662663 
-465.49435 172.2114 31.40292 20.841745 -2.4677632 20.136204 -5.0290136 8.0433 -10.230232 15.459118 0.3712691 13.130849 0.39911386 -11.737777 -9.291134 -1.0063314 4.566981 -1.8997841 -5.786448 -3.9779768 
-505.3024 155.01712 20.646997 35.02451 13.231441 26.99444 -9.389959 7.916559 6.0342894 14.184774 -1.8130392 -0.6369117 1.3160262 -0.44256204 -4.0708604 -0.37024796 -0.62450314 3.031456 -4.656068 1.3103482 
-499.88373 150.68011 32.42143 24.692562 9.532668 18.310669 -5.5266056 12.010056 2.2821512 11.09342 0.8410281 0.18580924 -0.40458906 0.20988114 -5.39384 2.9182305 -4.7665806 1.3372458 -3.857237 1.2854432 
-328.24048 152.76381 -1.3133032 11.616843 -0.7150064 -7.132536 -9.160758 -6.7287083 5.174381 11.31278 -20.044796 13.489593 -13.391332 -4.9832993 -2.5897424 -4.2603703 -8.190236 4.030751 -6.564652 -4.9175186 
-369.21768 81.483986 50.59792 50.629322 1.3287927 6.8372507 -9.536984 3.568591 -11.543179 2.8327477 -8.15407 5.8452716 -12.700756 -3.0559354 -5.911985 -1.5067936 -12.06332 5.9134955 -6.2396297 0.20110618 
-333.1384 126.762726 17.435856 19.787294 9.951211 -7.3786097 -10.876423 -28.360933 -2.8828242 24.516226 -14.082811 8.4720125 -9.182128 15.479838 -7.213526 -8.527463 -5.597048 -2.7900429 -3.704712 1.4625043 
-360.0189 149.46346 26.690006 15.198803 12.386814 6.327837 -28.924076 -22.26511 -6.481074 24.452938 -8.959009 -0.5071817 -11.844906 10.207212 -4.10957 -4.4137015 -5.805755 -0.5696343 -3.9987445 8.700352 
-371.7308 101.0001 58.828682 7.023775 5.152531 24.21039 -22.557878 -12.598843 -18.59588 19.667046 -3.108445 9.599727 -10.07746 7.256689 4.0634212 7.2903004 -8.407048 2.0538838 -7.8442745 1.8158442 
-360.07678 161.08028 35.021378 3.7332623 -19.02695 10.315548 -11.405593 -20.859665 -22.323853 14.987647 0.041524276 17.466026 -0.1477294 1.159299 -4.297579 3.4326947 -2.5049772 -1.1626976 -9.935812 0.49510467 
-385.38333 181.82986 4.162949 17.029402 -7.6455746 -8.317626 -19.019339 -13.594675 -3.9407682 15.935159 -7.1864166 15.057017 -2.8206306 -1.4228265 -6.785855 -4.764578 -1.8540548 3.2465155 -8.227242 2.6592996 
-448.73187 146.52805 27.78197 46.790768 12.270273 -9.3857765 -5.695043 -2.7500699 -11.638904 -2.8391593 -8.074299 3.6387672 -5.545193 2.1215699 -3.1496482 -1.7729597 -4.7787914 -1.5099989 -4.510425 4.890901 
-366.32635 107.490776 24.685009 41.06821 10.57721 -13.900197 -22.28188 -4.8304276 -9.632019 -0.551822 -8.723642 5.4883704 -4.033254 1.7292693 -5.7475467 0.3722583 -7.2547836 0.14360878 -7.7930984 -1.3272738 
-379.9532 175.22353 26.18025 18.694683 -14.195369 -15.932861 -9.300861 -19.892418 -19.281633 11.563688 -1.1074531 3.338131 4.0479083 3.1180034 -2.3404124 -0.23873122 -2.4356143 -4.4764295 -8.9979515 -6.827823 
-371.39865 86.33307 70.5375 18.33253 15.168721 22.057405 -25.916336 -4.856406 -5.833993 7.7471128 -14.033254 -7.3216095 -1.3865546 8.786747 -7.9921746 3.7163954 -3.852962 5.9349146 -6.0087214 -2.2618418 
-406.7026 165.87227 1.2474352 -1.4752469 4.9125934 14.616618 -11.052971 -0.39287525 -0.6089955 11.254246 -8.307598 -7.990026 -10.701107 -5.130771 -6.611315 -10.416739 -6.929899 -0.7874862 -8.433041 -3.1521776 
-435.59595 128.38477 43.344677 36.101357 16.578064 6.9636607 -6.1615243 -4.7291346 -12.68501 -1.4364064 -18.17088 -2.1684887 -12.798917 -3.1528065 -6.80726 -1.5161597 -8.729672 7.7173877 -6.441187 -0.08804984 
-416.1499 101.485016 62.620377 20.089062 12.657136 13.9278965 -19.863792 2.3043303 -15.925893 0.6974666 -18.779829 -1.1523948 -7.4587045 -3.628741 -11.375123 0.490695 -6.7038164 5.587575 -14.231045 4.534625 
-456.19928 160.41855 39.920437 12.138864 -2.347577 11.263984 -25.00076 2.1141548 -11.076885 4.9128947 -6.039259 7.020717 0.6452291 -6.7190876 -14.857228 -1.5953062 -8.542297 2.8537111 -6.8793774 0.3722635 
-451.00684 170.74783 26.089987 9.067695 1.2892069 7.439437 -23.490982 -21.660784 -11.338042 22.01979 5.2366376 9.773021 -6.1589823 0.7106612 -7.8399944 5.50684 -7.1642346 -6.297084 -5.674669 4.444273 
-487.0363 138.12918 22.077301 34.588207 17.576704 23.794334 -17.524601 -3.0537777 5.3232083 10.43831 -11.785648 -3.2042294 -2.6470203 -1.6617732 -11.975651 -2.2339964 -6.449049 5.420929 -9.33681 0.9601609 
-339.48843 141.16266 -19.34169 6.792082 4.414188 2.8827276 -12.73048 -17.623243 12.339876 22.707241 -33.171524 1.7331405 -13.180256 5.3007145 -22.451912 -7.604177 -5.122538 -5.6135187 -7.798011 -3.6034994 
-399.09332 161.5358 28.148073 17.930895 -2.4378746 -0.5338313 -6.2066846 -21.338535 -13.636646 -2.4341214 -6.0803013 -2.659203 -4.2804203 1.4625254 -7.34484 -6.628453 -1.5235044 -2.548158 -7.6847663 -3.9489567 
-338.50208 114.30907 53.814785 5.421153 -16.33621 -0.30092737 -15.539422 -6.1000957 -16.66744 3.195524 -17.255058 4.9810314 1.5871055 1.1849465 -7.567043 1.8360773 -6.2131658 -7.772733 -13.670189 3.4814425 
-422.2616 116.8049 55.57404 48.706047 -2.021729 -4.633623 4.0891953 -13.518188 -17.125933 8.55468 -19.876965 6.473867 -12.095997 -0.14030865 -11.875894 -6.730131 -5.758033 4.4372873 -16.014072 8.873912 
-391.1627 85.09804 26.738106 41.71782 24.221912 -7.204933 5.1573887 9.784941 -14.208503 9.327989 -16.765648 -0.47003418 -8.160575 -4.501903 -10.639896 2.8747823 -7.589092 5.276423 -7.534341 -0.5116728 
-307.1106 110.96199 2.2450376 44.017235 23.266293 -24.622639 -18.02898 -10.215679 -13.387696 9.639626 -30.00469 10.658518 -8.894064 2.7444239 -0.8703528 -0.45023406 2.483222 1.4942584 -10.544732 -7.1249948 
-370.57 95.041534 65.86727 18.092434 -3.2113411 -1.3325995 -19.156775 -11.888592 -16.534718 16.110874 -26.084663 12.244784 -8.973073 -1.1597049 -5.628251 -3.765534 -6.240345 5.121921 -12.83509 -2.6321304 
-393.9235 160.81912 24.085445 10.1939 -7.997427 -1.0913358 -3.2836862 -18.017776 -16.74654 13.298002 -12.417667 10.43412 -10.989031 -1.18003 -4.118663 -5.294111 -0.9088726 -3.5877702 -8.682882 -0.36764276 
-389.7822 191.20917 7.5651574 -4.1182847 -24.715889 -6.8582387 -1.3284138 7.576963 -11.098472 6.969893 -5.242628 -1.2055649 0.6708474 -12.282344 0.7731037 -9.098635 -1.4045457 0.44623905 -11.467841 -9.624191 
-429.50873 156.69106 21.378485 27.667568 13.859075 -1.0586762 -20.320341 -8.423551 -6.508404 4.9643135 -7.6344495 -2.9801972 0.3431496 4.5611825 -4.509756 -2.9577544 -3.1146324 -0.0924356 -11.70888 -5.296632 
-409.24942 162.62779 12.855296 11.383051 0.9963205 12.440662 -13.679437 -15.382938 -7.4225397 20.500359 1.4714088 5.0918026 -9.438916 -6.758373 -6.63385 -6.6605015 0.018201629 -4.405892 -6.5307455 3.922736 
-379.6841 148.2648 8.093177 20.10265 11.00073 -13.053196 -6.493261 -15.861649 -2.5297973 14.522259 -10.564201 3.4728937 -5.539303 -3.5153525 -9.584671 -7.616154 -2.834838 -4.1826572 -10.98605 1.7571925 
-325.76688 130.51303 33.708023 -1.0110825 -31.814636 3.1636453 -1.6027049 -12.016238 -9.872532 8.850046 -11.434832 6.257806 -7.0591154 -10.052006 -20.432383 -4.320171 -5.6923814 -3.5082617 -10.052948 -5.0128865 
-398.84213 158.55008 32.6674 11.288719 -15.192686 4.3201437 -10.683951 -0.32757103 -10.570042 6.2358 -8.442463 -1.0631077 -2.2981653 -5.750145 -11.988422 -6.2966084 -9.563781 -1.0270699 -5.7406793 -3.2261198 
-444.44464 159.09337 35.77697 20.672844 -15.437905 0.23189068 -16.87922 9.310558 2.554149 7.7577004 -5.941244 -0.88618344 -2.037956 -2.640721 -5.606194 -5.0804424 -9.415632 -1.3668923 -9.645793 0.42360073 
-494.6204 129.47063 21.796604 32.18877 14.559316 28.415215 -13.87138 9.622154 0.43412423 7.1025386 -7.1111197 -3.9464357 -4.567736 0.94949734 -9.096059 1.3347378 -7.5262127 -2.7672749 -7.4209857 -1.2571416 
-378.88562 133.97801 24.915894 25.074287 13.903789 -8.837631 -28.331839 -20.26686 0.59335935 10.845995 -17.980354 -1.7932413 -3.2028668 9.972063 -11.027313 -9.246968 -2.4582224 0.07308419 -10.151779 -0.60687214 
-337.22888 131.28253 3.1448348 4.918556 20.370815 -7.979586 -22.532549 6.8258076 -2.2543154 10.128887 -16.948053 3.0845075 -5.87174 0.3290966 -6.8759823 0.32756615 -5.002818 1.1571372 -8.384117 5.8319283 
-373.51343 166.30031 -22.0687 -0.8637299 20.205776 1.5017418 -27.879765 7.141448 2.4633532 19.438229 -17.373833 -1.6505162 -8.039823 0.8230245 -4.004544 -7.7623653 -8.215313 1.0420175 -4.7233653 5.3733983 
-387.26614 120.59085 36.01296 24.98319 13.209232 8.384438 -23.397305 2.4462328 -10.630352 7.737459 -24.727833 1.7307053 -5.7242093 0.03691705 -13.180075 1.936955 -1.810233 -5.9950624 -9.582628 1.7071967 
-447.25894 137.89673 44.716293 41.328472 0.8585614 4.9261117 -0.70390093 -10.944911 -12.658908 4.0481153 -20.297316 1.3772085 -15.367745 -5.9362354 -10.503907 -2.586876 -6.2994895 -1.0511482 -15.277211 0.87844944 
-346.80435 137.49771 12.350575 -4.984391 -1.7860175 3.7525907 -16.827435 -16.062956 -14.203308 13.627493 -2.9942322 2.1562555 -7.0644135 -4.271868 -9.4538765 -1.4032844 -0.63242894 -2.1548586 -11.67094 -6.740869 
-311.77747 148.22491 9.4331665 9.262913 -9.236589 5.2202277 -24.07653 -22.201866 -17.58494 14.693771 -1.7724979 -2.9380052 -11.129188 -1.4602046 -9.678353 -6.096923 -6.735836 -1.4084644 -4.673703 6.463364 
-367.4647 137.85376 21.1593 34.117496 9.959546 7.4978313 -30.110434 -16.191872 -10.648556 17.901955 -9.889813 -4.5881763 -4.6224065 0.8318755 -8.47133 -3.918073 -10.091707 -0.9440904 -5.7852817 1.971741 
-361.45694 106.70752 26.235477 48.905136 7.5324073 -12.175973 -22.61768 -3.9569807 -14.142742 -1.2175523 -11.615831 4.488795 -4.7304463 -5.82422 -5.0612726 5.249404 -8.481026 -2.1549346 -4.6009464 -3.1517236 
-394.4721 132.67523 11.774077 33.34535 12.273552 -6.075843 -18.554914 4.1051354 4.858305 7.6959305 -2.3270326 6.2954693 4.432106 -3.8856845 -11.130373 3.1071386 -3.4685788 -3.332193 -9.86372 0.31177843 
-477.2108 129.0437 18.887215 33.986588 13.896972 21.063046 -6.443109 4.2257833 6.268349 10.014127 -12.291409 -0.30918851 -4.751341 -3.4448404 -11.672099 3.4448144 -5.870907 5.017372 -6.528323 -2.702369 
-508.23102 145.38577 21.67118 32.82328 10.540036 22.47684 -8.380836 8.35326 2.1899137 5.4681406 -4.0479264 -0.44622147 -4.33008 -1.8782932 -2.8186312 4.293188 -4.282213 -1.484869 -11.434323 -1.3231325 
-330.18344 176.6983 -15.348568 0.804142 2.7913535 1.5051599 -10.903236 -10.426532 -6.614799 12.90391 -10.010326 -2.0341759 -17.83381 -1.6941581 -4.159197 -4.991567 -1.2860007 -1.2915537 -5.8103337 0.3658168 
-356.60345 44.020134 86.083145 11.204411 13.5882435 30.950348 -20.238598 1.7577541 -4.057507 1.7264446 -13.882427 -1.4847995 -3.3394594 1.8279122 -12.457631 3.57736 -6.508676 10.3287525 -13.637722 8.699826 
-369.4813 106.73859 32.782566 45.770123 15.909095 -6.7107444 -13.338433 -8.871553 -13.644176 10.01961 -24.289299 1.8594583 -6.916792 1.1424693 -4.5559425 -0.743083 -2.3545744 5.990767 -17.255255 3.7900095 
-336.97128 138.15411 -12.819523 19.602964 13.538288 -18.689777 -13.204396 4.020111 -3.7274332 13.428191 -19.906715 5.8937755 -11.472327 -1.9400525 1.8230692 -8.395535 -7.4576516 7.8013535 -15.430686 5.2760196 
-350.66544 150.16548 12.0560875 -9.920841 -2.425235 6.065013 -18.160744 -6.6289988 -1.2739193 16.796856 -9.744138 1.5777067 -7.15848 1.0017043 -5.1716695 -1.3229226 -8.8237705 2.4021626 -11.99509 1.4378651 
-381.7708 135.71498 39.12224 1.286219 2.3660598 6.708078 -7.494667 -17.438118 -17.41446 16.131023 -10.397308 9.268441 -7.033275 -2.0318117 -5.212818 -0.96810395 -6.747065 -9.591896 -11.940888 -0.9192291 
-421.37106 118.70694 50.33851 23.127443 13.901 13.867497 -17.214418 -2.700409 -10.4337225 8.511154 -20.82524 -6.920126 -2.0928395 0.66987044 -10.518169 4.964653 -5.3830442 -1.7724664 -10.570582 1.4769393 
-435.39725 152.47325 18.009542 35.763115 19.424276 -1.409437 -21.678873 -5.6914525 -13.974462 3.5318387 -17.924282 -0.7650944 -0.6690613 4.4109497 -3.70878 0.6529696 -6.842951 -0.39034143 -6.4074664 -11.083806 
-414.48862 94.739 53.689793 31.073687 2.4734433 22.997498 -17.784456 -6.98087 -1.8229356 7.018809 -14.281928 -1.1652876 -4.4438562 8.459711 -9.842859 -1.9491632 -4.5033455 6.4447584 -15.390438 -5.7964587 
-396.15186 128.00227 28.751656 40.57805 7.219367 15.383641 -21.122597 -19.206228 -7.458079 6.4099216 -25.435516 -8.602219 -4.9419503 8.330872 -10.159402 5.054869 2.0336561 -0.20229101 -8.986636 -4.7953014 
-386.96863 180.69629 15.517201 15.616352 -13.134952 -10.709575 -17.378548 -15.83835 -14.711726 14.330473 -13.917045 3.1284664 -6.458481 1.1369321 -0.9302514 -6.163675 -1.4504831 -0.5109502 -7.458153 -5.571283 
-420.7036 177.3743 -0.8415665 10.110933 2.6525354 13.662724 -1.2566231 0.17869271 -7.319723 13.112546 -10.471939 -5.3819485 -17.606373 -16.336739 -5.9951167 -5.2282457 -2.0421276 0.44681555 -1.6826926 2.2966259 
-436.88318 184.57367 15.052375 1.9889657 -7.2945795 10.245597 -8.561509 11.853345 -7.585593 3.4249215 -5.2597723 2.5472167 -10.13679 -14.379194 -5.722194 -7.4863706 -0.87344843 7.107891 -7.5559125 -3.2715766 
-456.28043 123.05211 60.553486 23.131607 9.7235985 13.397036 -7.142156 0.24441375 -14.597575 7.5130105 -20.309534 6.5059566 -7.8260813 -5.3578405 -6.538076 5.862945 -3.0098372 -0.47468922 -2.4411836 -1.384101 
-471.28342 145.81514 34.0321 23.535704 8.706416 20.283333 -19.037989 -6.782236 -9.134647 2.8335407 -4.472126 -3.5337348 -3.0065558 6.218119 -7.3715873 3.911137 -8.433205 -2.9068735 -7.8860407 -1.4195101 
-518.8373 146.49548 24.894737 30.348213 6.1728525 27.971592 -8.505711 15.98094 0.75692856 3.0969722 -7.4001923 -4.042587 -8.209719 -1.490992 -4.2784576 1.4958339 0.14193518 2.3744721 -8.520332 -0.09429465 
-521.6008 154.9019 25.80092 30.05303 5.457979 25.10301 -9.198263 13.800114 -3.9457839 3.6133063 -7.4187098 -2.3458421 -7.0791364 -2.8335516 -7.619734 1.0571866 -5.9097857 -1.6627612 -11.517253 2.637871 
-536.5859 158.69244 25.131706 31.049099 7.4384317 19.910614 -10.668066 14.833271 -5.7632227 4.643248 -4.5757856 -4.218894 2.5389452 -5.507121 -4.1564484 -0.046525896 -3.2883174 -4.0131063 -5.1864185 4.680499 
