-447.87192 156.78995 6.95126 2.650407 2.769798 17.712004 -9.64893 -0.63334894 -8.592054 9.918378 -4.756088 1.4999032 -11.917805 -8.386819 -1.742321 5.3789434 -2.0756314 -1.519777 -9.704247 -5.3041596 
-384.7737 153.34137 15.506204 -8.355407 -12.894702 4.1796365 -3.3318148 -0.74756217 -15.070504 11.441983 -11.458521 11.730855 -10.636469 -5.6493077 -11.527588 -0.6271992 1.5953681 -2.0802836 -9.703708 -10.089396 
-389.82275 105.61059 58.18424 3.3803957 -2.2562094 7.8031287 -17.96133 -4.229299 -15.190983 1.1499866 -10.508938 -0.9448738 -6.950191 -2.8722796 -8.917058 2.4751792 -3.6289122 -1.3305583 -12.11306 -3.3151293 
-368.09653 140.6034 8.723133 15.614018 8.524613 3.9655428 -29.401634 -17.96587 -3.423089 11.747616 -9.527859 -1.9848018 -4.139178 -0.55820125 -12.46867 1.993341 -7.047942 -2.8486574 -11.148783 -8.943944 
-372.88696 147.74661 -5.7872896 15.405116 6.100093 10.408627 -20.499222 -18.527199 10.19286 21.112627 -14.875709 0.50775504 -11.69766 -1.8533692 -9.240074 -2.2632883 -12.471117 -6.508724 -9.083981 -4.9675713 
-405.93393 150.02094 14.2494335 21.665989 -2.9460342 17.95363 -8.308049 -18.888014 -2.8539932 14.438579 -9.567766 6.4605694 -9.754535 -2.0452986 -10.887951 -2.399679 -8.422277 -4.291334 -7.922518 -5.3935833 
-453.08508 171.60971 48.060772 23.50513 -14.931124 0.48291078 -18.569115 -7.13699 -9.978865 3.417073 -5.591214 4.431264 0.045241833 -3.0996127 -7.832941 1.1937443 -3.1062906 -2.7246585 -9.18856 -0.88367546 
-411.85654 173.55634 23.151665 14.047564 -14.168302 4.804687 -8.007712 -16.23935 -16.646751 7.3139706 -4.8864193 8.377599 -7.4895344 -6.0174146 -14.229497 -3.9243333 -2.401951 -6.114919 -2.0884001 -1.5523586 
-408.05408 125.22663 33.510513 3.2922764 11.503117 15.441325 -20.569746 0.78137714 -6.320771 7.4622445 -10.718975 -4.8358393 -9.183522 1.1015276 -8.764936 1.3194901 -9.834222 -0.3679009 -11.325635 1.0530807 
-433.40515 145.9892 9.403932 14.406128 17.111828 26.623531 -11.106718 -7.6560235 -5.7250667 6.758697 -7.695791 -5.493904 -12.488952 -4.918783 -11.575753 -4.0134535 -11.826794 -3.5654864 -3.4357774 3.1291723 
-421.18658 163.33478 26.821163 6.7943983 -6.638883 8.091474 -15.4489 -3.4405544 -3.6266992 8.865154 -5.3015876 -0.5698151 -9.147059 -6.050452 -11.887551 -4.967184 -12.110117 -5.5051303 -9.669157 -0.17165528 
-437.25552 162.40155 31.663656 12.391133 7.2761164 20.069515 -15.995477 -11.475905 -15.094835 11.418182 -6.0599365 -0.9540077 -13.599677 -7.316599 -8.738195 -7.164058 -6.547938 -3.0736315 -6.1884303 2.8771203 
-408.4665 155.87714 19.637379 14.174775 2.9500766 10.655524 -17.567766 -15.759332 -16.508736 16.83335 -2.641747 4.832188 -10.745524 -8.461014 -12.588621 -5.6380386 -7.709065 -5.675603 -3.8082056 4.0796986 
-464.36984 153.57585 23.739384 12.95779 3.8120766 23.517876 -13.039906 -1.5474182 -11.851866 15.878712 -5.894897 2.9593518 -7.896054 -2.7460167 -12.27673 0.79123336 -6.668893 -2.0610638 -7.5537677 1.9667879 
-504.96695 149.46893 11.64948 31.054361 13.289903 29.381508 -11.229825 3.7273118 -0.5375508 11.999386 -8.670896 -4.7477546 -5.3919883 -0.1951446 -4.197221 -0.017414995 -3.7667096 0.01816372 -6.9705615 -0.27327672 
-413.8511 101.1901 45.466663 12.275704 1.4587588 12.975413 -10.445557 -7.575531 -5.4033375 13.276121 -1.5136391 -6.2798276 -8.974051 -1.682361 -8.128256 4.6677175 -5.110547 -2.928769 -13.040978 0.7171768 
-352.01572 159.44617 6.790492 -1.5036157 -25.728382 12.235203 -0.12774426 -21.898315 -12.798846 10.015176 1.7620007 6.4118347 -10.544419 -8.957559 -13.475849 3.5494244 0.028089736 -3.643213 -10.414456 -2.7457888 
-443.8495 164.95522 4.938598 11.780523 18.645973 28.764631 -17.06694 -5.6732974 -6.3512735 6.115647 -13.327689 -10.202223 -14.1484995 -5.0057645 -7.2309256 -5.1597047 -2.1462483 -0.72894436 -4.857307 0.5827 
-499.54968 150.271 41.36283 35.248 11.145112 25.53116 -12.87017 9.308613 -3.5041776 -0.9911078 -8.507481 -4.5414767 -6.419512 -4.040362 -6.473482 -0.78135204 -2.3248022 1.1877359 -3.586155 -1.7965521 
-470.18414 106.49118 43.0288 28.431631 7.3904777 21.214653 -3.0189586 7.543102 -5.6417737 10.43969 -14.341839 5.015852 -8.057404 -2.5917265 -11.740992 3.3151345 -10.764321 0.69580334 -11.876146 -2.4816632 
-360.86313 143.1769 7.491575 31.245823 6.7480936 -15.021539 -6.4250164 -17.44706 -7.341617 7.8332148 -16.386253 7.779229 -8.943074 -0.9099433 -6.251043 7.660371 -1.8062615 0.348241 -4.269181 -1.410797 
-351.27133 148.71193 1.581058 8.348704 -4.8253036 0.24958451 0.6445605 -13.166462 -26.833908 19.34739 -13.3242 4.3101854 -6.506986 -3.7908237 -9.647304 0.9205425 -8.7724695 -3.1871483 -6.2878613 -0.776584 
-393.04028 86.544846 52.83021 34.05227 1.1312177 19.98744 -16.420618 -23.751791 -10.95113 6.127671 -15.747227 -4.1238894 -7.558319 3.873138 -13.666522 1.4388094 -2.8094273 -2.9771066 -15.314655 1.684728 
-401.96353 133.68327 9.219155 29.708897 11.231564 -1.0574168 -11.857808 -10.357205 -15.0858135 7.6007724 -8.295721 6.4898806 -6.1076617 -4.617996 -13.382063 0.28769922 -5.4941273 -4.0921926 -9.345737 -2.275456 
-416.43625 103.63331 10.965934 53.585087 26.976444 3.743451 -27.761454 13.543458 -15.331798 -1.0224315 -24.525444 0.7838777 -0.780352 -10.64358 -6.8816857 6.445164 -2.1796792 -3.0965545 -4.8818088 -1.350284 
-461.0037 160.24884 16.192097 50.986496 25.848793 3.9556665 -19.142708 4.514594 -5.3230934 -10.353512 -17.755411 2.2090101 -4.1619544 -12.275639 -3.0068445 3.8142424 -2.9906871 -0.672675 -3.4659925 -5.5866776 
-490.39685 145.54524 29.288195 41.477585 12.768221 16.509237 -8.709773 6.3943176 -4.966358 -0.09727425 -12.117343 -0.08805652 -4.8656526 -5.8420367 -5.4055166 4.415838 -6.15665 -3.394575 -10.369534 -1.4180145 
-522.46344 154.47278 26.908186 32.32898 6.5242686 27.68471 -11.36509 13.574753 -5.3257904 2.3745887 -10.342406 2.421353 -3.9407687 -3.189102 -5.455539 3.9224107 -4.735935 -2.0583048 -11.306259 -2.355636 
-373.2858 66.834175 59.93737 -0.9226434 18.087807 8.087568 -27.0352 -4.7827916 -10.676492 15.147529 -16.570284 1.7452115 -7.770306 -1.4937079 -12.0520935 2.5694249 -11.239989 4.450411 -14.651691 0.91602015 
-373.31165 127.220856 15.895374 26.502325 16.345804 3.1308365 -27.573606 -16.902342 -0.9540416 17.17967 -15.43355 4.0832825 -9.857158 5.0778265 -18.364874 -9.821674 -3.3929737 -3.4486878 -6.7382607 0.022157192 
-319.03223 107.48082 2.9264162 -11.038052 23.5528 0.9748819 -14.851098 -0.49243122 -1.1817652 13.990937 -21.294878 -2.0046175 -11.477441 -4.462759 -6.5553093 -4.214553 -11.490715 7.3974752 -10.922749 5.0624423 
-425.0678 155.79736 14.998692 47.13985 11.305252 -4.6488 -8.816929 -5.7791257 -9.195406 0.47713238 -24.433584 1.595883 -3.417488 -2.1562588 -6.1773996 -5.5194507 -3.6119528 -2.1153412 -4.07712 0.2948619 
-405.26608 143.8515 16.265732 55.905476 3.6880443 -15.921312 -6.921252 -12.909714 -7.8992047 5.2234273 -17.527336 2.1213992 -18.395142 -6.144447 -9.310871 -1.0134233 -8.537549 -3.0889714 -5.633064 2.1300647 
-428.68735 159.82709 6.763604 24.852636 14.542667 21.148195 -5.3662305 -2.5819275 -5.4978223 12.920637 -12.688915 -4.0558467 -12.138671 -8.68969 -7.77442 -1.482369 -5.261421 -4.3549933 -7.214608 -0.13117525 
-416.29825 134.19547 6.417804 18.676502 5.1018615 13.388198 -9.6751175 14.690571 -21.631779 14.68651 -12.690166 4.9933033 1.3972483 -4.760632 -4.880075 -0.74484664 -4.3016458 -4.180643 -11.686472 -4.215831 
-441.97833 147.40448 14.832371 48.96197 17.433008 7.8433228 -19.328293 1.4455723 -9.123644 -2.8047557 -12.590849 1.8774657 -4.2651305 -5.1868467 -5.025861 1.0084764 2.289762 -1.3672282 -3.3893523 -0.077366196 
-351.41537 164.30397 -44.300564 -5.4233627 13.542268 -1.42142 -18.101202 5.694884 0.0016283194 11.715931 -14.878445 -3.377154 -10.387792 -5.319897 -8.623966 -3.3050735 -2.4328985 3.099576 -7.56193 -6.070541 
-398.08963 144.54405 10.485949 44.605927 6.5992336 -14.68731 -13.929226 -0.9135064 -14.357939 -0.7191485 -8.410972 2.5280232 -7.222689 -10.111362 -6.8872743 -2.1725316 -3.9237 4.5333104 -0.065043025 -3.022521 
-394.0873 124.573814 20.162828 14.661058 -6.5844254 9.51561 -14.434446 7.585978 -9.79022 9.461666 -5.6760406 1.3870343 -9.995969 -6.5678368 -9.582561 2.0436578 -9.135447 -1.3099537 -8.871943 3.1432016 
-395.9567 141.91727 -6.2485723 31.624128 15.984743 -6.085149 -6.0450397 -15.3467455 0.7370637 16.137747 -15.450075 5.3221645 -5.4764013 -6.8469234 -17.593294 8.515382 -10.316752 -3.303472 -7.1677685 2.1736403 
-414.62878 162.27916 20.983791 12.05018 -0.8695368 9.833184 -11.283185 -12.674192 -10.049865 12.932368 -10.825779 8.701598 -4.0616703 0.90149415 -18.75016 -1.2775198 -7.306936 -7.4020777 -8.715467 0.98902524 
-410.39432 114.2153 36.359108 46.283745 8.805719 -7.324697 -13.313974 -5.6670523 -13.851669 -2.070287 -11.915811 6.0731416 -4.6634083 -1.6348604 -12.395304 4.595444 -6.6263623 -5.5063014 -5.573871 0.05293756 
-420.80377 137.39749 22.209848 53.61369 8.291498 -11.870187 -14.371052 -6.383405 -15.704098 -6.0697193 -6.232206 8.099748 -2.0418525 -3.596558 -2.0221698 5.799476 -6.9947147 -7.7800927 -4.4418864 -6.8176813 
-467.76138 141.57146 42.43048 45.653614 10.235458 9.803669 -6.2608624 -6.8491282 -12.432776 1.9428809 -17.048578 -12.132535 -11.215782 -10.445008 -10.427149 -1.2084336 -4.378549 2.9601088 -3.0720575 4.088239 
-434.46106 155.74042 31.038673 27.858204 4.6378565 6.165229 -7.4612327 -8.27673 -14.999973 1.7311323 -9.363747 -7.3859677 -3.4821177 -4.7682905 -10.111109 0.45117605 -2.5489912 -2.013691 -6.9512925 2.319519 
-440.78796 151.18343 13.367885 28.744463 0.17559499 12.640134 -8.127193 -5.1587796 -13.908289 7.042909 -0.078077525 -3.1590092 2.009551 -2.5601192 -6.23944 0.016224543 -7.6895847 -3.236793 -8.813716 0.73916733 
-461.61948 151.32771 9.82699 34.00274 10.129941 21.310076 -10.503459 -0.53541607 -4.8676853 3.715279 -9.358112 -8.004238 -8.639927 -6.528836 -5.490614 -1.645577 -5.6861897 1.4074587 -7.204088 -1.6482955 
-391.35623 121.94627 10.676818 28.450548 15.820843 3.0730386 -4.1328135 0.8100965 -15.89027 9.343027 -11.394804 0.56332374 -9.889311 -8.042528 -7.1153836 3.8476193 -4.887655 -5.447934 -11.062149 -4.0840135 
-347.35205 147.33205 -23.080027 21.212019 8.496608 -13.835218 -18.880026 -8.583903 1.7180125 10.907547 -13.935865 1.1429123 -5.987932 -3.8629422 -7.808157 -3.2965498 -0.33201176 -2.212685 -7.506205 -4.2994485 
-385.91888 160.56061 -17.167381 13.6723795 6.1951294 13.298302 -5.970684 -13.775563 -10.390872 11.0385895 -11.321819 4.7918286 -7.673277 -3.7981045 -2.863511 -2.5823376 -6.9996095 -3.8111033 -8.972022 -7.6325693 
-425.47552 178.41235 14.858785 7.254825 1.8533423 7.677151 -16.712286 -3.603435 -7.232488 7.0822372 -1.7280358 5.01096 -5.1361923 -3.1049051 -3.7992723 -3.2107134 -8.801738 -3.5246723 -10.241318 -9.829791 
-424.22025 156.83827 11.334264 29.764618 19.344927 1.7222302 -12.502949 -10.009384 -4.4213996 1.7858102 -13.505548 2.2290735 0.6873319 -6.645109 -8.213206 1.8602651 -8.69035 -1.2164822 -6.990226 -2.6510592 
-406.00366 99.79076 39.954025 30.298428 5.9467096 6.237776 -6.0807996 1.8668578 -10.513474 11.1982765 -10.608893 9.989349 -7.7641926 2.8415127 -8.728059 0.15398237 -3.5721414 -0.0386254 -11.480151 1.7440004 
-390.1613 139.4943 24.625288 33.688572 -6.949379 -7.130514 5.4525247 -6.238966 -17.13378 -5.5939255 -14.264999 1.0371515 -11.789232 6.2527523 -6.3409457 -0.5366564 -1.0692817 -1.845981 -8.844107 2.991422 
-386.93707 137.0344 40.558132 8.652334 -5.03827 12.336811 -8.28148 -18.879883 -17.12657 11.403102 -6.264139 7.739322 -3.0372992 4.215985 -5.340777 0.69899654 -4.001872 -6.109087 -10.409066 1.014567 
-378.40286 134.85753 17.88099 21.382463 9.0292845 10.573047 -25.532558 -28.241188 -13.841746 16.683908 -13.0728 -4.6471667 -4.72106 4.608344 -12.348239 -3.256422 -8.633832 -2.7833674 0.85898393 -1.1695688 
-405.6099 90.61091 59.722263 24.29463 16.25049 17.98542 -17.609795 -2.5453148 -12.823498 11.098961 -19.410044 -0.33641446 -7.489614 -3.8167484 -11.155259 2.2496758 -6.830682 2.2186155 -7.795345 2.7099054 
-416.19656 87.34321 51.705338 43.340702 8.154687 9.134244 -4.0535073 4.9314194 -12.023884 5.8860874 -12.334164 -0.06960355 -10.468491 -3.2399952 -5.9969277 3.486131 -9.590316 1.3071378 -7.5135846 -5.1675515 
-406.28662 134.54176 16.992401 54.16629 10.669118 -7.32454 -21.107082 -2.465434 -12.284653 1.1078725 -6.295557 7.28764 -0.82989115 -7.4998493 -0.2669917 2.7500298 -5.445256 -9.301817 -5.123271 -4.56511 
-461.22125 123.62448 17.887203 41.439377 6.2458277 15.053718 -10.019873 8.157749 -3.1253312 6.000117 -7.0160317 2.3995757 2.3234522 -3.4336464 -3.11281 5.8372817 -8.642815 0.74328774 -7.2681556 2.1814356 
-399.71753 68.03269 48.998997 31.453909 3.7519312 14.385243 -11.216994 9.108867 -13.97913 2.8953192 -9.432113 2.391363 -6.7344437 -7.0742145 -4.7148404 7.426707 -12.447756 1.0181563 -3.7403972 0.93916905 
-382.49292 141.97964 18.632713 30.330421 11.571744 -2.084771 -19.182537 -21.123634 -6.566465 13.135105 -8.736845 2.176213 -8.226799 7.160146 -13.682586 -3.5705502 -6.950602 -0.5930272 -4.5353312 0.15752594 
-415.30765 73.1833 66.57867 28.767918 2.639905 30.654152 -16.965923 4.329053 -2.7240887 7.587449 -22.161156 -0.5888668 -8.67917 -0.85080326 -8.373115 1.8524221 0.03350761 -2.3005986 -4.4283423 1.2195125 
-387.90884 24.075048 77.07926 38.170284 -3.5039139 32.814316 -8.447252 1.0429217 -5.295423 12.820995 -19.13191 7.9529724 -6.1551614 -5.5341744 -7.6602902 0.5037519 -1.0308135 -6.1753488 -7.56077 3.4558785 
-408.26456 78.35934 56.091995 35.08314 -2.2507858 34.101425 -4.6295323 -2.0271435 -9.958631 5.4285746 -20.09923 3.3448322 -9.154451 -6.180086 -10.618011 0.2029803 -2.9989264 -1.9870257 -8.22464 8.508216 
-496.96164 137.24057 25.37768 27.84008 9.551716 28.432281 -7.8031564 7.394541 -6.6950593 2.9904902 -7.784998 -2.588793 -8.777094 -2.0032082 -10.018214 0.49698797 -4.154723 4.121622 -7.245454 4.4111595 
-528.19196 147.45169 30.875065 29.671774 9.334826 23.301805 -9.424312 11.860568 -8.092977 1.7678038 -7.4364157 2.2146287 -2.7353215 -1.9388446 -8.6617155 -0.19958697 -5.010943 2.4815338 -8.627545 2.6841502 
