-462.36398 145.90694 8.258823 39.769817 5.550904 11.322286 -0.41257587 6.48633 -2.967032 5.808019 -4.8887415 0.6409442 -4.10676 1.3760808 -7.2678976 1.4634067 -5.261343 2.7440832 -9.102183 -1.4908494 
-416.36472 150.68219 19.067549 24.714224 5.310858 0.7212003 -2.1620893 -0.18800746 -9.817737 -0.057241865 -4.3749213 -2.3353543 -1.1061394 9.162172 -5.57197 -4.414577 -5.849166 -0.76703066 -8.894509 -5.201071 
-302.0507 161.28348 42.608566 40.797005 1.6976675 -26.963373 -11.965899 -1.7844672 -18.965294 -5.904296 -11.625401 -8.841728 -12.713947 -2.5136561 -6.6764264 -3.2936795 -3.7057724 1.5256662 -4.690948 -10.041536 
-235.48308 131.21344 23.050201 7.01684 -6.4644413 11.312948 -1.1727289 -29.30096 -21.891502 -13.260361 -23.794441 2.3740227 -13.933829 -3.7445204 -17.98145 -10.872853 0.4390654 -5.1854715 -14.854645 -4.919519 
-234.89691 126.62446 25.655577 17.498 -27.545685 -11.859493 8.604979 -9.416284 -36.683887 -14.419781 -26.48306 5.448465 -6.116178 14.526404 -4.96522 -9.43926 -5.209871 -4.809629 -12.553526 -3.9759169 
-349.31223 124.98591 26.303764 26.333626 10.661076 1.9607207 -5.724933 10.018573 -17.757675 -8.363389 -18.533302 4.617586 -6.219106 3.2075458 -4.8619103 -0.62766045 -3.3960083 1.0515327 -5.687418 -0.41292435 
-265.6549 188.05243 4.0541863 7.6502905 1.1519835 -26.904726 -4.7515855 5.255526 -35.058765 -23.440407 -19.44828 2.2228723 12.877178 7.4641232 -15.815785 0.21020597 -12.520874 -4.4336543 2.2314653 -8.706942 
-299.2836 170.9043 38.90151 22.420687 -21.611294 -28.472555 -3.55079 -3.6137881 -25.08334 -7.282897 -20.609533 -2.8158715 -3.1768782 8.965443 -8.440699 -2.716622 -10.36122 -3.0625381 -4.639253 -11.519252 
-287.49426 107.009346 44.22079 31.848454 11.414121 12.056229 -5.5400643 -3.9742193 -31.14315 -3.9753695 -19.822065 -4.246304 -12.266727 3.199071 0.10791305 2.4646115 -9.023426 7.2511926 -3.221188 -10.323204 
-320.5122 95.01333 49.603104 18.146421 19.704638 16.089973 -11.005581 1.3390875 -24.72986 -4.273423 -13.001164 -2.6032794 -12.477097 4.7090497 -8.381781 5.200081 -16.3977 6.773377 -11.287895 -4.7862225 
-198.42279 181.2735 -49.480877 -15.420934 11.40036 -10.216075 -7.033387 10.867043 -26.436907 -6.2319236 8.818773 2.6735938 -4.879908 -10.999091 -17.235453 9.192113 -20.603561 -3.8375783 4.357962 -12.336571 
-305.8709 159.25189 -31.180502 29.881426 29.215145 -16.276865 -35.33256 1.9310603 -2.7935164 -9.374181 3.6755438 -0.21446909 3.530449 -1.901841 -6.6553793 2.5846608 -16.360884 1.7211547 -3.0578303 -5.541236 
-412.75974 135.00658 8.052724 52.342518 24.663643 1.2431899 -8.489001 8.651509 -7.9336343 -12.901292 -10.27082 -3.3017626 -2.8160155 -2.5860388 -9.104568 9.5919285 -5.0242624 -0.641104 -3.2298589 3.5173414 
-363.5752 147.08293 11.426045 31.12777 27.626482 -7.0598874 -6.436179 -13.621461 -22.416878 2.6104124 -11.256625 -4.092902 0.46447626 -4.207014 -10.226981 6.303121 -24.562305 -2.582945 -4.5602 -6.5092287 
-277.70743 182.33813 -2.5939229 11.465491 20.787657 -2.9730449 -8.637333 -5.4304614 -28.12289 -24.211836 -4.023097 -1.7204143 10.018607 -10.750324 -13.703604 13.79063 -23.10122 -0.964539 -5.5669274 -9.511571 
-350.58752 160.31697 14.375649 19.098825 17.435442 13.908073 -0.5567787 -0.38370356 -8.877646 -13.608737 -4.6024747 2.0769272 -5.312426 -12.435855 -10.183631 9.170075 -4.3215933 -3.9039965 -6.931406 1.2616336 
-429.70886 134.2709 25.667278 36.14476 13.691094 9.267241 -0.65414894 0.71455836 -10.778358 -1.4296998 -9.48402 -2.2379386 -1.606151 0.7715184 -8.092487 2.1613402 -3.4221659 0.62090296 -4.391188 6.2486267 
-437.92273 126.88299 14.402867 31.76307 11.457811 13.523737 0.014433635 6.473213 -4.190083 8.800581 -7.0147076 0.27788278 0.18148926 8.372789 -8.0686 3.3259575 -5.216307 2.4179385 -5.005121 3.0692875 
-419.73114 144.1155 14.183278 27.909252 13.644899 12.955965 -2.8750677 0.86999637 -8.301246 1.6502242 -0.3475575 0.9446776 -6.258293 2.590813 -5.9857855 4.087957 -4.3705683 -3.1272545 -7.6060147 -0.1793568 
-259.79663 171.23749 -37.885635 18.304125 57.249634 -8.177285 -19.88805 2.1433306 -26.08099 -12.626284 -1.1351115 -12.011934 0.940379 12.126469 -24.105553 19.372902 -2.9769778 -17.647158 -4.5618267 3.1519568 
-307.45618 161.20259 -2.1869497 41.880543 40.97698 -4.791773 -12.201318 -16.36761 -16.063852 -2.9578478 -13.60217 -9.54858 -0.7136705 3.0833702 -8.04888 15.044257 -19.896309 -10.515375 0.8209636 1.0894082 
-255.17035 127.07931 25.308289 6.494986 23.812935 4.0965185 -11.481778 -5.7410617 -25.624878 -9.369092 4.10598 2.748261 -9.593861 0.62295413 -10.756664 10.347672 -18.342178 -3.4090912 -7.1918488 -7.1400394 
-292.52405 167.35524 5.376929 9.716801 23.032312 1.8185635 2.9430628 -0.99968 -26.249023 -17.281982 -11.7468605 1.2269472 0.99957806 -2.8056357 -17.793427 5.706469 -12.589689 -2.0225582 -5.622514 -7.0582037 
-328.62976 122.26126 52.922653 24.223318 6.0867057 -3.8753014 -12.97575 3.9598296 -25.42548 -0.37574777 -18.055252 2.2588758 -2.3476634 15.444477 -10.276846 7.6136518 -13.097408 -1.8492699 -9.2415905 -5.4510994 
-390.19382 150.88936 22.397041 45.70265 16.074352 -5.458097 -6.1750946 -1.9964848 -16.284906 -4.8632946 -13.935464 -1.8714273 -2.1928496 0.89733124 -10.730691 0.031729326 -4.871772 -3.7775388 -4.158832 3.573701 
-421.5971 146.53969 15.395433 25.355381 4.8717856 6.807308 2.0887208 5.7729173 -8.392643 -0.720567 -3.1449993 6.3631954 0.84797394 0.85714877 -15.437768 -1.9545419 -10.495675 1.387444 -5.794986 3.6196604 
-408.9342 144.54494 14.926965 24.531061 13.897664 6.7005944 1.1868482 -3.3804066 -10.124439 -0.28548473 -3.139296 2.7416618 0.38788924 1.1846983 -9.889917 0.19833119 -5.98865 -3.6688652 -8.315314 0.5516734 
-246.23828 89.01441 27.053885 25.480242 6.9916906 4.141849 -7.576381 -9.708004 -21.992632 -8.006809 -10.472046 1.8173139 -11.825047 -5.2443995 -8.539605 2.8410437 -16.432335 3.6780925 -12.424276 -5.4323263 
-262.63953 133.60648 -1.4744802 46.30332 42.183548 -16.962563 -15.178301 -14.248881 -23.774773 -10.280366 -9.233661 -2.9041023 -5.953169 1.2176565 -6.665792 -0.4016348 -17.819872 3.6319957 -5.4898834 -5.513343 
-268.96545 170.68564 -2.1194987 20.23903 38.648445 -29.01658 -20.407524 -23.684519 -21.80035 -7.909268 0.7875805 0.29232237 -6.626312 1.207254 -8.285765 -6.358647 -23.527617 1.3737541 3.0068042 -4.403639 
-279.60873 172.49509 -12.327677 19.172073 48.029617 -24.28517 -10.786368 -22.853668 -28.350212 -7.7573647 -8.366665 4.220723 0.6650541 0.60524094 -16.709599 10.596289 -21.442682 -7.130717 2.5573993 -0.4595602 
-269.5254 193.11798 -19.644358 8.228443 0.68462443 -19.561218 6.449241 6.5575495 -25.898016 -18.955574 -10.632733 4.749989 13.772327 1.1036911 -16.317787 3.0790749 -18.5188 -9.320581 3.1968393 -8.370431 
-292.42648 86.34238 14.803896 58.15889 19.481974 4.995062 -15.057667 11.63344 -15.020717 -7.1230536 -23.528732 0.6895406 -3.326842 0.7988595 -15.616616 2.270956 -8.464416 6.7474756 -3.504351 -9.544067 
-324.77972 141.30746 26.640038 31.835789 11.14587 0.21219656 -11.93658 12.992335 -21.282677 -14.936696 -14.620797 3.1454465 0.812665 1.9115783 -8.54285 -0.2207881 -7.0374546 -2.3825622 -3.4049056 -9.341492 
-253.0581 204.4618 5.111709 11.530007 -9.60783 -26.032753 -8.077409 0.79166543 -19.917852 -15.247081 -6.9456635 3.9911325 7.756548 2.2223217 -16.835058 -0.27313682 -17.554207 0.42851394 0.45780626 -3.1325507 
-322.68024 187.2514 19.22588 22.031015 12.79889 -21.40563 -6.995466 6.4884872 -3.4193974 -13.543055 -18.440294 -4.7964797 1.2822933 -1.4348112 -3.920166 8.556221 -15.901655 -6.8278766 -6.23601 0.10019142 
-286.5183 134.95433 17.739271 8.738795 27.039429 9.106064 -14.411238 -7.0258284 -14.835573 -5.9110513 -19.369423 8.501219 -0.16541904 3.0292444 -10.541486 5.6733103 -13.618084 -1.7461572 -0.22891992 -2.8465426 
-301.8936 168.35574 4.98487 7.8548083 9.378749 4.981936 0.17450339 -0.90356225 -19.185448 -10.88953 -12.023874 4.301983 8.305576 -1.0603256 -14.581492 5.73444 -14.795122 -5.6756334 -7.0624313 -5.591266 
-298.24115 168.9749 7.247851 15.527355 -2.6141205 -0.49121463 1.3869064 -2.672316 -22.205976 -14.499078 -9.998234 8.484221 11.055171 -4.621358 -17.499168 -0.63583136 -9.671143 -4.2766495 0.06856881 -6.35071 
-324.0295 171.60428 19.214905 34.72748 4.723428 -1.5425252 1.4562087 -2.3242311 -13.956484 -11.553809 -13.016262 -5.518824 -0.15304142 -2.1413202 -4.2539873 3.872218 -7.1602917 0.9362372 -0.9901935 -3.212028 
-287.23346 173.24841 -2.708055 11.855669 -0.34358475 0.14176029 -13.431423 -11.934017 -14.735631 -10.813997 -5.8141336 6.2503924 -0.5717724 -1.3879435 -14.735657 6.835511 -9.682759 -3.9560437 -2.8567057 -3.2958057 
-361.39188 180.81223 7.3427887 15.449909 7.682299 8.884129 -15.76099 -9.722737 -16.25671 -18.304338 -7.234724 3.447145 8.239328 1.0127528 -12.923272 8.556134 -9.077656 -5.3492203 -4.3518515 2.1939712 
-364.49075 142.60355 17.122406 30.44403 38.429214 6.2349515 -29.16524 -9.649717 -9.559177 -7.252276 -18.38006 -5.4896326 0.71489257 0.8872104 -9.58382 10.444467 -8.280941 -1.865181 -1.1172637 0.48610672 
-332.8883 68.12181 73.35676 -2.5971005 31.32148 16.46386 -14.321755 10.380415 -10.39873 0.98278934 -9.397877 1.0486931 -7.1357236 7.22037 -12.620388 5.648293 -10.680747 -0.83648723 -3.0322292 4.084009 
-371.15588 153.89574 -0.33294043 20.522629 32.889076 5.6065054 -17.095726 3.942702 -8.751856 -7.888216 -9.044486 2.229518 0.8377749 4.5278645 -11.871045 -0.46258253 -5.7518244 -4.1252832 -13.393531 2.874233 
-437.90878 129.96361 5.344492 25.87281 8.315508 11.742778 0.12199158 7.021188 -5.7567463 3.5226452 -4.974033 1.5249906 -1.1347018 5.5524654 -7.834876 1.4799063 -7.9878616 -1.3175575 -9.542033 -1.5130998 
-411.3668 142.17447 11.650534 25.88839 13.536417 11.243785 -5.791856 -5.7452054 -8.976011 0.8290107 -3.4092178 1.309987 -4.772133 -1.2830577 -6.2292504 2.4416184 -7.2041802 -3.4980006 -7.3701324 -2.237912 
-301.51968 160.33127 -14.465929 28.849434 44.964924 -8.267454 -28.15529 -7.165926 -24.77283 -5.994265 -0.38728333 -3.7908304 -3.78739 9.767724 -7.6779284 5.292033 -6.893202 -2.8131545 -6.90483 1.3558484 
-303.1173 173.21907 -3.8837526 19.72581 36.255104 -4.0389104 -16.83466 0.41891438 -29.264374 -11.473941 -6.014884 -2.5118525 -1.7536747 1.7304885 -12.366527 1.1447848 -10.306644 -1.4099438 -3.1320963 1.6084219 
-326.1932 146.9472 6.340984 52.823082 39.47412 -12.893467 -13.770878 -7.8640127 -21.360945 -4.251898 -15.269616 -4.680061 5.172 0.21621789 -16.50512 7.4467654 -9.843601 3.059371 -4.977925 1.5366762 
-324.53284 155.93109 -1.1488609 31.514204 46.568634 -8.174305 -14.561886 -17.522408 -28.431479 -8.547054 -8.074757 -1.4370414 3.7520611 10.729956 -8.869608 10.666426 -11.952406 -0.60286057 -2.9463396 2.105386 
-360.2702 170.3081 19.726002 33.077675 18.747803 -6.8612533 -10.39837 -0.83378404 -7.350743 -13.238682 -19.944048 3.0869653 -1.6478057 -4.777397 -6.772071 2.2037458 -12.162448 -0.33454227 -5.611234 -4.782597 
-373.0928 140.46312 22.565897 44.9001 18.997532 4.191913 -9.010716 3.9929516 -12.949107 -5.2445374 -7.74244 -2.1904998 -7.0197787 -3.3659904 -8.644455 2.7149084 -10.054872 -3.1068933 -8.907057 1.7169782 
-332.02527 169.08371 16.064978 27.308353 23.040562 -5.087997 -12.291758 -14.081051 -20.029243 -14.205444 -0.9562863 2.5762515 -6.9132767 -8.552168 -8.750955 0.7317383 -17.710764 -0.857943 -4.5457044 1.8029817 
-315.38693 209.08635 17.810629 10.551335 1.5548832 -21.255203 -3.3619988 -6.188693 -18.920406 -16.899572 -15.624564 2.549633 -1.0305848 -4.6578155 -10.50018 3.2521048 -14.299998 -0.4664355 -8.982253 -2.599275 
-255.93433 150.06155 -15.7284 23.669882 30.659725 -10.049558 -19.005943 -10.728426 -21.958496 -4.0647335 -13.925171 0.24009058 -7.0206842 -2.5164938 -8.800959 -1.0964122 -16.493711 -1.7154038 -0.03430523 -2.7559524 
-253.21729 149.27615 -14.751164 27.871935 39.90834 -21.698866 -11.519603 -18.95121 -15.420707 -6.26885 -26.816711 -2.7547588 -7.1567264 0.34801996 -7.3538904 -2.3648386 -13.887737 8.736673 -8.286689 -1.4335938 
-312.5146 180.45776 15.271635 13.568852 19.185656 -1.5100007 1.9197156 -6.298668 -23.282965 -19.474617 -25.13205 -1.256197 -5.4637766 -6.0254917 -7.2811694 0.21762162 -12.440075 -5.64202 -5.6851454 -6.369926 
-323.76465 144.10329 26.48339 30.074785 27.454807 16.117567 -20.445536 -19.585367 -18.620052 -4.7546396 -17.98309 2.1199324 -13.401341 -1.7962846 -0.45746464 6.9215746 -19.764942 -3.4572954 -1.6377715 -7.626771 
-315.11417 78.14719 39.550125 45.680416 10.159029 25.462029 -27.708078 -4.612686 -10.725815 -6.2052755 -25.19632 1.3266908 -4.932864 -0.048310652 -5.6396356 -0.114935346 -7.2682996 3.4812047 -0.64830476 -5.658226 
-332.69824 133.38448 15.318207 48.758663 37.168083 -12.805247 -22.392988 -0.9368638 -12.005437 -14.914015 -23.922474 -8.613807 3.7740924 -0.9920431 -16.646843 5.6018977 -4.571679 3.7769537 -3.5317545 -7.216852 
-350.04825 141.58588 7.0897284 33.835045 26.325193 2.6525717 -13.523369 -4.0765095 -26.222431 -10.254849 -18.670366 -0.89180756 4.7222934 5.207464 -8.249403 7.8091364 -7.7655964 -1.1607852 -5.359641 -2.1065261 
-395.2589 122.32612 31.71014 32.0237 16.978813 5.526123 -9.390208 6.661348 -12.41638 0.9146087 -23.290457 10.045311 -2.459376 3.5687637 -11.967384 8.504974 -7.5006537 0.17512923 -8.957699 2.8398502 
-424.88608 142.63802 15.618251 41.321526 18.856026 4.349521 -10.417453 2.1103487 -7.8059444 -4.5315213 -15.2239485 -1.5350384 -6.0588183 -1.2599337 -10.8931875 4.0924635 -5.1632366 0.2710861 -7.9266376 -0.19950287 
-385.91785 152.81895 -6.550186 45.70367 42.40315 0.2832434 -26.273228 -6.520121 -0.5805252 -1.974645 -17.59813 -6.407669 4.8029056 8.307437 -13.040044 -2.4985893 -4.592329 1.7364582 -8.750025 1.5409579 
-382.0774 66.114204 53.471096 35.468403 -3.8644397 25.283037 -11.627248 9.91167 -4.567517 6.314195 -11.04501 8.943368 -6.275411 0.74022496 -9.427085 -2.20701 -4.3784385 -4.609213 -6.6057243 -1.5652567 
-340.55334 113.26961 16.627867 44.599705 29.845268 8.280001 -35.20312 2.771479 -13.162144 -4.003021 -22.20743 -2.5758193 0.3485606 8.596241 -8.498211 -0.12498542 -1.6097417 2.063215 -8.004813 -2.1533487 
-413.69077 152.48666 9.448754 45.028477 33.333755 4.5395737 -17.136763 -0.5535736 -5.0577936 -5.9266305 -18.394817 -3.834869 -1.5442152 -1.66853 -12.097439 -0.8133226 -6.451933 -3.8539896 -9.041451 -3.4547396 
-396.04736 136.96202 20.38103 35.122883 12.880347 3.7623053 -17.770147 10.337463 -18.689146 -6.346754 -15.632894 -2.7753162 -1.2804297 3.9418433 -6.769477 6.5647173 -0.362296 -2.2951329 -8.927603 -2.8143528 
-403.0948 159.67044 -5.0896707 35.75048 28.994179 3.4687204 -17.034737 -1.9346112 -3.0225825 -1.8911062 -19.553932 -2.8204165 3.5169806 2.003541 -9.920356 5.990342 -2.1887217 -4.1680317 -9.266567 -0.6082756 
-422.7296 135.71379 14.205164 38.782387 12.057646 12.427653 -11.325753 5.393572 -5.2010465 -5.1397977 -11.732874 -0.668603 -4.6182575 2.0807867 -10.297878 4.8364353 -5.7586393 -4.10522 -8.926365 0.25636142 
-412.37537 123.895226 20.582424 47.904736 12.497399 17.14269 -12.755021 2.5342205 -7.0584817 2.631325 -17.983688 -0.6682349 -8.0026865 -2.4876873 -13.41442 -0.7224694 -8.682054 0.8811298 -7.9285583 -2.280729 
-462.37897 150.64734 4.489837 38.361866 8.394509 8.95187 -1.7367125 3.3947446 -7.047326 4.282866 -4.330489 -2.9920213 -1.8892127 0.8706296 -9.339985 -2.0721676 -5.090655 1.266727 -6.217149 1.9648789 
-464.5504 149.6778 2.4762135 33.920654 7.582574 11.2405815 1.452229 4.9448566 -4.1320367 3.3043664 -2.6785305 -2.96475 -6.850126 -1.1413171 -7.738749 -0.6460421 -7.9640555 0.9538249 -6.5600853 0.12865904 
-458.11725 143.66652 9.759772 34.84461 10.59586 10.08453 2.5461888 4.7774844 -7.3927307 2.730166 -2.6562815 1.8485731 -2.5148249 2.8350737 -5.096678 3.822779 -4.692467 1.4986675 -5.2467766 4.227612 
-449.187 137.41806 15.08147 35.84811 9.534464 9.802864 3.4627383 3.5460808 -6.667502 4.6212287 -4.899904 2.0759428 -3.7669172 1.3258834 -10.699057 3.1439714 -5.718665 -1.1627259 -9.243325 0.30392438 
