-399.17752 104.87045 12.115626 45.39295 8.850839 16.8745 -19.033695 9.997779 -1.7266884 1.1283753 -20.653803 2.964976 -5.8973894 -4.7887225 -5.646883 2.7993135 -5.8857756 5.240467 -11.938122 7.69903 
-427.17368 118.33944 27.414711 35.43206 6.6684766 15.540768 -7.2404947 15.566362 1.4679606 6.410616 -15.632019 -0.77039427 -0.023831049 2.65505 -5.474588 -2.4307008 -7.477746 2.0769057 -9.11028 7.912924 
-377.5937 97.85686 17.148293 34.775417 4.103894 23.45991 -4.395861 15.436846 -7.327112 8.890652 -14.048268 1.8148685 1.36972 0.7427762 -8.978138 -5.1827254 -13.437458 7.1053157 -6.6845455 13.993389 
-373.69003 156.53522 34.54678 37.41782 -10.349502 -9.868303 -14.501151 -15.940964 -11.582975 -2.3990788 -11.482044 5.0838594 0.48955932 -10.221317 -0.6620226 0.064125694 -8.17927 -3.779323 -2.0711813 -1.4800144 
-339.39886 101.13478 28.436403 29.412014 8.303455 3.689834 -8.950359 -3.9246283 -16.670532 -7.62539 -11.508757 -7.323314 -1.7849584 5.3868685 -10.154618 -0.26097894 -5.5648293 1.709559 -5.049394 -2.5827134 
-343.68365 140.12079 3.221917 26.655022 11.1520605 9.736523 -17.255075 -20.57946 -13.787819 -5.7639675 -8.212377 -8.365169 -12.000021 6.985493 1.5034579 -6.1199307 -14.207561 2.3550708 -0.601349 -7.14692 
-323.3031 132.20662 5.2491617 13.321615 2.4816465 5.4428153 -4.567576 -21.688585 -19.419603 -7.5502725 9.481391 12.507114 -15.81095 14.045036 -9.36521 1.0982468 -10.715524 0.8034964 -12.761432 -2.6135635 
-320.56985 133.05238 13.490841 8.88102 -14.476308 7.194846 -0.11224212 -8.287207 -23.37043 -8.542513 -3.3497384 15.521671 -4.5707645 5.783963 -9.33284 -6.6971965 -5.5301566 5.85527 -13.193005 -2.343669 
-367.37842 163.18932 8.975342 23.078835 0.25289366 5.3986225 -9.410613 -19.323565 -24.153906 -2.4860797 0.2029734 16.922752 -11.852611 9.457543 -4.7553596 -8.857003 -3.0145705 -0.1847793 -10.925239 -8.168007 
-362.2453 120.66715 23.487364 55.928562 8.005981 -13.786701 1.3476998 -9.984354 -21.322924 -13.376853 -2.9913974 0.74960405 -16.613749 2.040509 -6.262488 1.7487613 -9.313733 -1.7502387 -15.055422 0.6307977 
-310.78357 144.50446 -21.856768 11.249323 20.714363 7.8635635 -16.686647 1.8574109 -2.6826272 -6.357305 -5.0349903 -7.8178387 -6.028554 -0.45408282 -13.793508 -3.142295 -18.431221 -3.0717974 -6.399922 -5.099339 
-343.47363 123.44515 16.881601 24.131998 17.6816 3.3946784 -18.590864 -16.365738 -10.4925585 -8.185908 -8.812852 -0.11572753 -8.062951 9.757156 -5.757217 -5.357474 -7.913393 0.38695467 -19.094368 -3.8300579 
-349.24155 118.482086 38.576817 13.9531765 10.80795 7.4273224 -22.214993 -7.361133 -19.500742 1.0755038 -4.325997 -7.787235 -10.999691 10.509012 -6.4417067 -7.9683585 -9.649841 -3.6442287 -14.088835 -5.0985756 
-365.808 118.5387 36.23977 24.29116 14.908196 10.631826 -18.736961 -9.04665 -13.927831 -8.316998 -7.2023153 -7.7292013 -8.570335 12.616237 -4.977192 -5.203013 4.2570853 -0.0070148045 -7.5343 -9.075798 
-299.33984 133.04535 -2.0672345 5.5446215 8.802704 11.0147085 -29.203909 -20.937033 -26.039234 -2.128217 -1.7810473 11.4661 -0.25915706 7.709867 0.9703594 2.745992 -17.322971 -4.488479 -5.001181 -8.17359 
-336.7102 160.96875 24.943447 -3.410159 -23.935322 -5.974867 -7.269738 4.771667 -18.319746 -9.16452 -9.23576 5.7869663 -3.7928555 2.9934402 1.2638295 -12.012813 -9.948331 -0.902236 -4.7387347 -10.516761 
-347.65033 120.561874 34.285404 6.0680323 8.205469 8.104115 -18.720919 -7.5362344 -25.248108 -4.6767197 -6.142863 9.531487 -4.756688 7.9198346 -1.6096704 -3.4423404 -10.229996 0.44324148 -8.583376 -2.9876223 
-409.43732 167.73007 27.90259 23.69557 1.375964 10.787219 -10.586271 -5.084439 -17.332403 -8.626686 -5.427102 5.883871 -2.694344 -5.3513794 -7.431104 -3.5313768 -10.36771 0.23756388 -9.448232 -2.9789245 
-344.639 174.9546 -10.067097 -6.3998075 -8.336211 0.49898386 3.0736628 14.412416 -22.950415 -3.890447 2.0965898 11.0577545 4.5463586 -13.217957 -15.326847 -3.898942 -17.421778 4.9330754 7.6692905 -8.637524 
-390.8061 177.22308 -13.941905 9.473774 -21.67951 -2.6041763 3.7639585 11.793254 -23.83439 -6.968064 1.6296111 11.4580965 1.0503297 -4.483225 -11.76981 -2.1115425 -14.0062685 5.845122 2.986844 -9.125165 
-453.85535 127.33627 5.0851493 22.66547 12.476984 21.408455 -4.19887 5.8571014 1.0131438 14.883229 -9.090611 -3.2474952 -0.85050714 9.866741 -12.916331 -0.40907088 -13.349772 3.890341 -4.4706836 -0.74190867 
-444.7525 120.05111 20.87255 32.142788 13.657922 14.599847 -6.69319 10.3036375 -1.6341984 4.48521 -10.980663 -0.8526609 -4.026643 5.1958537 -16.035639 1.0449662 -5.9633846 0.8096112 -5.4571705 3.6383562 
-394.80356 144.44499 20.96172 30.239494 6.725512 -5.287083 -2.1187885 -4.4574637 -11.388378 -14.822749 -9.774664 4.7479725 -7.818672 3.206065 -6.154147 -0.87480074 -10.275897 -6.4454327 -11.479288 -4.1857395 
-300.07153 163.18674 -3.7135696 3.1105514 1.0798526 -17.419891 -7.6043887 -10.788264 -8.20351 1.7475972 -3.1981313 16.964743 -17.063103 4.834406 -10.732364 -11.938875 -14.36675 -1.5117251 -2.6306572 -4.529274 
-329.67145 142.74442 5.7608547 22.588509 24.244188 -23.174604 -34.972294 -1.9570298 0.27468988 -11.707321 -13.712043 17.1673 -4.1809154 6.134973 -15.246514 -11.004239 -9.970379 -5.8925233 -13.123255 -5.768142 
-391.47226 131.74823 33.285786 43.59987 19.511736 -11.121562 -10.956275 -0.8157539 -13.82064 -18.746607 -16.989925 10.195736 -12.502406 -2.3949466 -12.289147 -1.7067491 -6.071909 -2.7524698 -13.529865 -1.3295474 
-409.24954 139.1871 21.743242 16.403662 7.479999 12.281507 -7.1135144 -4.70146 -19.030823 -4.8606296 -7.958193 8.240331 -6.482892 0.011272643 -5.892491 3.6639774 -5.6761355 -1.579405 -13.478866 1.0533924 
-313.50375 120.51346 30.46045 6.17045 16.2434 10.940589 -15.16035 -6.809298 -19.267782 -7.718557 -6.5429673 10.827721 -11.960685 4.6818447 -8.487847 -6.471613 -5.3172164 -3.4892342 -8.184788 3.1297436 
-301.08783 135.9529 -11.124082 0.40205342 3.9507937 19.896841 8.9554205 -5.7547483 -13.62823 -2.5221806 -5.905048 0.050138157 -12.466769 1.0028981 -17.311073 -5.3844376 -12.648838 -9.135997 -15.522097 -5.3142776 
-313.4948 91.77264 44.429337 -6.8247046 23.661476 19.009645 -9.543861 -2.128068 -22.075966 -0.037751094 -0.65800804 -6.922924 -10.918843 3.592999 -13.390534 -6.084238 -13.698284 -5.1419034 -11.257276 -1.5519309 
-344.68466 142.36676 24.70531 33.10912 13.009154 3.65785 -24.573566 -13.0222025 -22.957829 -6.6866927 -8.538651 -12.201553 -15.932072 15.96868 -1.3745208 -12.271474 -2.6615796 2.8802464 -2.945102 -3.9124112 
-296.25806 166.15584 1.718801 33.468933 -1.6351737 11.571129 -8.527464 -0.23199834 -4.264996 -9.158158 -21.273167 -8.249258 -1.0998855 4.589125 -3.6804984 -1.0692226 -3.8019981 0.55081487 -7.5441046 -3.4396636 
-352.675 167.12978 11.245113 33.939777 -10.101315 -8.252888 -8.952862 -13.036035 -18.671255 -7.1276803 -8.089991 7.1053314 -4.0049434 -4.6437926 -7.957148 -1.6370692 -6.36974 -2.532459 -9.807908 -1.0208819 
-385.64142 146.48302 42.308315 19.833183 19.778282 5.8382688 -14.796978 -15.652973 -26.243046 -7.779864 -4.1477036 3.1965868 -9.273658 2.730284 -0.3655802 3.8177938 -5.3048725 -1.128988 -5.9183884 -3.2338245 
-364.97058 144.9768 28.583622 14.215229 16.65636 1.8802893 -17.21714 -12.621779 -20.714561 -1.2821604 -6.0283537 4.5947385 -9.109055 2.116634 1.0733757 1.357409 -9.853219 -4.2728806 -8.845267 -5.251881 
-346.19226 158.29086 6.169126 9.224394 -3.1544256 6.2483544 -5.1634593 -9.2599745 -26.757748 -5.8962865 -4.97055 24.365307 0.17857593 -11.62257 -5.9613953 -7.759165 -18.735575 -3.105047 -1.9522272 -4.072284 
-363.98532 163.96274 21.443611 13.834243 -25.90287 2.0367384 -3.3010461 -5.605709 -28.13821 -11.381836 -2.141673 27.453613 5.589796 1.5010635 -10.027564 -9.291133 -12.58816 5.199017 -3.4034119 -8.368125 
-432.349 134.28409 28.22308 23.483776 -5.846252 18.41463 -5.528118 4.865932 -11.18361 1.8868842 -7.5724063 8.787766 -5.492744 2.2409303 -6.1950974 3.7660828 -5.8495283 1.9589705 -9.024227 -1.7629771 
-458.4369 126.29442 29.973894 31.7295 -0.8535005 17.599394 -1.5381289 9.185574 -10.8546 -3.385931 -9.492282 0.70188427 -7.5837073 7.096739 -8.813688 6.3722672 -3.762424 3.056329 -12.473552 1.9617829 
-426.59128 165.18285 18.715359 12.443432 -1.802432 16.999985 -8.835878 -7.321798 -17.81453 -5.882026 1.6623229 7.7523346 -4.933386 -3.0127804 -13.029161 -1.5697119 -4.930357 -3.2690759 -7.7407203 -0.21818511 
-410.57797 144.13321 39.787125 20.92354 5.472215 22.377037 -7.937853 -10.929419 -14.085374 -11.467994 0.47111166 8.639918 -3.0878499 -3.407767 -12.49115 -2.838439 -7.6788015 -2.1740255 -7.990498 -1.6897969 
-354.06042 125.67125 6.475542 47.471333 12.897952 -15.244313 -18.297709 -10.797243 -3.434153 -18.180502 -5.0608935 6.564834 -2.4979646 5.9144025 -14.940312 -0.9826126 -14.918834 -5.313037 -14.430311 -8.262554 
-346.75665 110.93026 2.6133723 32.83501 7.505213 6.9778996 -17.365444 -8.219995 -8.346798 -4.050779 -4.206282 -3.5063841 -3.3623867 0.8811949 -15.929092 -6.285347 -11.494545 -0.95280075 -28.204401 -5.5799017 
-472.88293 146.15512 27.237446 24.0996 2.6621373 23.672691 -1.9709306 8.307634 -6.5666676 -4.6992483 -15.854891 -11.317802 -8.648317 2.1506386 1.263952 11.138485 -4.72212 -9.784763 -15.878063 0.020995246 
-419.2986 171.24554 32.515537 34.93295 -4.616862 -6.375614 -21.14898 -8.045582 -4.121351 -6.4687786 -3.6982014 -3.5022252 -13.441909 -1.231609 -1.2309396 -5.34025 -3.8224478 -10.741235 -12.61436 -5.5883064 
-347.77527 167.70612 14.172199 22.508059 10.115026 0.46005356 -19.427681 -21.727516 -25.199211 -9.861533 6.784915 -0.55616635 -9.506717 4.1071606 -7.2600155 -7.599183 -4.526904 -8.549737 -4.924579 -9.305785 
-323.8628 123.1487 29.78128 6.9424863 6.0489774 6.5474606 -13.521725 -7.090388 -24.881477 0.39257655 -1.5239431 3.0465808 -6.4483085 3.4357185 -8.555751 -2.2311559 -12.56567 -3.2278721 -6.0925007 -6.605252 
-357.21814 154.72028 12.028631 5.1933484 -0.74292874 7.2437124 -11.258275 -7.076609 -17.447247 -5.8732095 -1.144183 14.054457 -5.8143616 -3.4993415 -15.844652 -8.01384 -6.4449306 -3.0593016 -9.5367 -1.9432414 
-307.70627 156.90866 -22.260267 -2.1196163 2.6060147 11.561665 -3.1404538 -10.63353 -19.331375 -3.1658516 3.7272182 5.709126 -4.6742654 3.0150013 -11.681474 -7.537891 -13.734653 0.7459423 -9.433613 0.008318503 
-312.1127 164.28589 -33.664955 -1.1312536 12.672163 11.906733 -21.834475 -5.0657916 -9.97325 -3.0103762 -3.8257816 7.0100193 -9.358209 0.24910705 -10.471935 -1.0260473 -17.75809 2.409648 5.930578 -6.4017706 
-382.25922 135.70502 32.50505 6.598028 0.3719122 12.227313 -9.425071 -1.7124699 -23.133873 -4.789036 -9.083391 4.0114803 -9.573642 2.4190626 -7.3103113 -4.301118 -2.9263363 5.1752973 -6.3711734 -3.4411097 
-338.66125 185.75812 -33.172916 6.7055774 -5.5292 3.136201 5.083951 -5.5614643 -20.512611 2.3197906 -9.275005 -6.428344 -5.141766 0.98444104 -8.572312 1.4867845 -8.087989 5.810165 -6.138058 -9.818457 
-328.86823 160.99524 -21.455297 2.6358676 11.674603 3.2607427 -12.726813 -5.6553097 -17.008545 1.2519953 0.26407185 2.0892665 -4.627997 0.13756312 -8.347122 -2.4555674 -11.158376 -1.7654787 -2.007374 -2.952087 
-314.45297 173.0365 -41.236286 13.005753 10.048028 -1.5900588 -20.782314 0.28125075 -13.668151 -0.67409134 -1.5252465 -3.818148 -4.4016757 2.8332398 -11.864918 -4.8726754 -10.928391 -1.9851996 -7.7871876 -5.1293507 
-330.3783 145.14996 -13.480526 -3.6487215 10.931401 16.000065 -8.568205 5.8026958 -23.9972 -1.1574198 0.5270893 -1.4459115 -13.056558 -0.4427508 -11.968404 -3.6512249 -8.299565 2.5674384 -4.3987093 1.3076636 
-362.8648 131.06023 28.657314 2.7490854 18.751806 3.9977489 -19.806923 -8.671235 -17.015972 -0.030897299 -4.9897275 2.393546 -7.872179 10.830228 -7.243175 -5.2988987 -15.046177 -0.8709452 -4.69476 1.6655846 
-420.44604 161.69891 5.9827533 17.628153 2.707851 14.730881 0.8831535 -3.3694882 -12.329311 6.0431104 -7.7726035 -2.700816 -9.650338 -1.7317961 -11.622331 -0.34777543 -5.5275564 2.7710507 -4.7859955 6.6660414 
-456.70767 147.88246 17.884146 19.896835 5.250678 14.5510235 -21.98859 -6.0714784 -4.136053 10.487145 -15.337764 -4.1836414 -4.587451 3.8665378 -14.034328 -2.4628172 -5.609373 0.53317976 1.0485971 4.1931105 
-372.1942 168.15738 -22.654438 13.7177105 9.3811245 10.295441 -5.5316963 -13.717606 -18.409891 2.8288023 -9.239819 -0.58227706 -5.1732297 0.7553414 -12.7120285 4.2618465 -9.535875 -7.266083 -0.5077838 1.0912088 
-319.6928 176.47504 -37.423866 -4.697939 2.731774 14.34583 -6.048863 -9.926069 -22.66401 -1.8066908 0.4715625 9.705455 -7.291239 -4.72294 -12.247245 1.4048072 -9.273854 -5.058092 -3.469204 0.15601975 
-452.72275 127.48207 42.21538 13.831606 2.0633264 13.598653 -12.533276 7.0593815 -0.20176429 3.4281452 -5.569212 6.3580675 -11.877228 4.2317367 -9.773893 3.4094899 -10.227395 0.3199381 -9.33967 -0.33207 
-374.83774 119.5828 36.1418 9.108561 19.075201 15.325496 -18.494196 -13.815776 -25.54874 -8.076619 4.9246297 2.5493305 -16.90304 5.7831583 -9.437485 -3.2152383 -8.921559 2.1987011 -5.3705783 2.1327515 
-373.266 144.15375 29.504005 3.6852732 20.572138 10.607442 -22.117687 -17.807129 -19.428753 -3.8630693 3.290529 9.287068 -15.083259 0.5757682 0.10250393 0.892504 -10.467411 -6.292222 -9.694477 -2.1258228 
-380.078 171.74681 3.357957 18.291906 -4.7154026 11.005521 -14.234165 -23.81284 -23.118658 -11.360466 3.514086 20.847689 -1.8911043 -3.2552042 -4.1374445 -3.683525 -10.357245 -7.2237253 -6.0172906 -4.0736856 
-336.70673 190.77509 -15.202898 6.3775964 -2.820716 1.5734341 -19.578928 -17.352587 -23.414986 -1.9760064 4.133386 15.383892 -13.959362 -1.0897405 -4.7746735 -11.946048 -10.991425 -7.686663 1.2092425 -9.586204 
-322.50937 147.7227 -18.124481 42.242275 12.986588 -9.796153 -14.952015 -23.285908 -2.9298868 -17.389715 -3.0652742 7.1088843 -7.8840494 2.2795863 -11.305298 4.0693226 -20.678072 -1.9386357 -9.912421 -12.737538 
-378.673 143.45476 8.111523 33.51774 9.077828 -0.85056007 -12.100023 -1.7264067 0.6644308 -14.262913 -8.283735 2.3739176 -2.3092651 3.9826393 -15.001116 -4.9133835 -6.889405 2.8188434 -11.028939 -6.536276 
-485.86755 163.35449 10.827763 24.887928 5.9774046 15.743931 -3.6123667 14.656529 -2.285164 -5.6395745 -15.405433 3.1041374 11.037174 3.7948537 -8.750442 -5.029843 -7.929815 -3.5435257 -5.5759706 4.4194574 
-375.43225 163.4783 -10.59748 3.9931803 -0.33538914 10.827237 -4.4481716 -0.23579386 -8.832812 -3.2544866 5.779832 -0.29251078 -6.5268116 -2.9130106 -14.632363 -4.752158 -12.261236 -9.125686 -8.999629 1.590543 
-291.04807 128.29303 23.684565 -14.29579 8.290669 9.055977 -15.81664 -4.976412 -18.368523 -4.43438 -2.6553607 0.16396639 -13.3459835 0.18628427 -8.709568 -3.4311488 -13.438185 -3.9073808 -7.895231 1.1435926 
-319.7096 193.93732 -30.71504 -4.0254474 1.3342681 3.6192174 -23.064949 -2.119008 -16.184124 2.8833454 -3.0030386 12.077861 -12.858174 -5.1047635 -9.832943 -4.385402 -14.516992 -4.211811 6.6602454 -8.003441 
-355.64307 127.68588 35.18233 10.217884 15.4304085 12.140903 -26.93511 -10.225696 -15.189229 -3.7339723 -3.2260137 4.8241014 -7.0026536 5.1542215 -9.788442 -6.1298027 -8.772183 0.37016174 -2.6336403 -9.546196 
-375.2464 160.89359 51.613937 16.955172 -0.470253 -3.7052128 -21.780064 -3.9483006 -21.722786 -6.639252 -10.7125635 -5.7550755 -10.844341 -4.5807843 -4.713429 0.45093024 -10.839989 3.9715216 -0.27175754 -6.651757 
-389.588 160.47441 25.328224 21.552633 7.908459 8.001543 -13.214611 -12.500277 -15.814172 -1.3610936 -5.759666 -0.8544719 -8.90002 -1.7757868 -7.497077 -5.8663187 -11.507392 -3.1638138 -4.85658 -2.147882 
-346.95105 114.66061 40.53075 7.937925 6.1042366 7.8545957 -11.326178 -10.684567 -19.34609 -4.106263 -7.152308 -3.7290082 -12.639892 6.099415 -4.2668552 1.0393952 -2.4820585 3.818804 -10.275566 -3.202382 
-327.9875 181.31017 -14.47871 8.4010725 15.029465 -11.017995 -25.626411 -5.5739956 -16.785023 -9.677736 -3.2087255 4.0860705 -13.609629 2.5823343 -11.388828 -10.19014 -9.002041 0.7414616 -5.7926517 1.9907943 
-369.88507 176.15111 -25.97962 26.68326 17.249891 -0.48629338 -19.983522 -10.315725 -11.693647 -3.2905529 -1.6338588 6.5542603 -8.860674 -7.8842797 -5.7120695 -9.95038 -14.649244 -5.2991347 -2.0363474 -5.1203623 
-357.63327 156.40533 -16.067787 39.399048 16.692238 -11.324912 -22.961164 -13.144184 -12.430169 -5.674363 -12.548384 2.4781992 -6.0531845 -2.6568549 -2.994857 -2.6766653 -11.74717 -0.42565346 0.3047433 -5.9585547 
-374.07245 91.105225 55.130543 21.413465 9.416509 26.75245 -23.500282 0.66539 -15.048084 -2.0663304 -12.467632 -8.201575 -7.5204883 8.850666 1.4543127 1.134232 -7.2124896 1.800471 -4.696931 -0.27924347 
-391.70844 165.3976 14.057341 32.631737 17.681772 9.865337 -25.090204 -17.683153 -9.994201 -7.0994225 -13.04519 -10.420337 -9.091653 7.179271 -2.3001463 -9.094611 -2.184104 9.38757 -3.5063539 -1.5986114 
-433.06445 149.90811 22.298615 24.242535 -0.83236337 15.497733 1.349072 -2.1938221 -10.457801 -0.035564978 -16.735167 -6.694822 -11.673984 -1.6596014 -8.043275 -2.358197 -4.6261325 2.1100264 -6.6817417 -0.93438816 
-369.86438 178.51712 -18.121767 1.0974298 -0.73284936 4.247039 -14.17635 -3.4348905 -10.000019 2.651491 1.9834218 6.056135 -13.972959 -3.276637 -8.509138 -2.1539247 -7.834243 0.6650719 0.2402273 -3.2202044 
-393.58575 160.87022 19.038301 24.292974 16.09948 5.469731 -14.92157 -10.380787 -17.863121 3.7941966 -1.2321774 -3.7053745 -9.583721 0.8031983 -3.0747962 -2.1139228 -9.945848 -2.0189836 -2.7646003 -1.4387676 
-394.64127 121.296005 44.023663 14.534039 11.487252 10.17004 -11.056752 -2.5637228 -19.37358 -5.2538 -3.5551796 -1.4184748 -8.427911 -1.8606112 -7.6475167 -1.1236215 -6.9143834 4.0639052 -4.551471 1.6838937 
-307.26022 144.67107 -2.852362 25.43575 10.008089 -7.775053 -31.841866 -15.603734 -23.215654 -10.618738 -10.957981 1.5876336 -3.6038203 0.7512481 -4.8261547 -2.5676248 -4.828043 6.0947757 -11.970349 -0.24187472 
-299.09558 198.83061 -60.370144 6.1992517 -0.5641022 -11.843229 -17.065783 -2.6564727 -25.566116 -2.012703 5.396709 -5.3816943 -5.521103 -4.812766 -10.083527 -6.424181 -10.371718 1.2519865 -0.8265493 -5.4236894 
-335.06064 104.78824 19.834396 45.663826 33.326447 -14.821548 -23.501585 3.6742444 -19.192518 -12.921872 -17.138588 -0.6025485 -1.1300226 -7.7268744 -10.473298 6.107643 -8.543276 5.3169947 -0.6272941 -3.754454 
-379.50058 132.66795 14.285433 21.727207 -1.3401865 15.865239 -14.13964 -1.1862831 -14.785102 1.3650267 -4.097716 5.201284 -6.424998 -6.157812 -14.077536 -0.0679725 -10.792919 0.032082636 -13.008371 -0.18090428 
-425.07278 199.90901 21.687096 28.904348 -6.0255127 0.39077812 -15.9260845 -14.019102 -21.941845 -11.543756 -7.8639307 1.2278775 1.4427826 -4.008285 -1.5771271 -3.3500197 -9.714005 -7.779001 -10.518315 -2.9819195 
-387.6019 164.16754 8.472029 32.75507 -24.550539 -6.360589 -3.7374356 -9.620715 -10.272343 -4.797817 -10.81982 2.336967 -4.004798 -2.1269133 -1.9503695 -2.4956546 -12.421115 -5.1180825 -7.0564146 -0.8001702 
-489.8988 147.05612 21.485275 25.85114 7.975016 24.06071 -9.017228 0.5520085 -3.3645115 10.376912 -7.9555807 -6.388393 -8.798831 3.8464284 -11.720572 2.0922706 -4.278871 1.33521 -4.166445 4.2437153 
-358.52283 121.951225 32.634956 23.451866 3.7454426 10.427082 -25.078806 -8.865243 -10.324816 0.1621355 -2.321178 0.033700895 -7.7148013 3.4062471 -4.5086017 -4.3402605 -9.455296 -2.6896534 1.4030234 -1.7617061 
-363.59753 148.64629 9.904196 55.72908 22.942898 -13.03549 -22.046618 -5.552242 -11.323258 -16.954212 -18.799843 2.2332454 -2.5675278 -0.97679776 -1.618816 0.16372214 -1.2174748 0.35045904 -6.6487193 -9.338697 
-322.39304 102.54663 33.359207 25.66863 8.994183 15.773917 -17.80388 -12.211367 -25.98124 -6.793198 -8.992663 -2.525022 -6.680442 1.7726245 -2.6477194 -0.51054054 -10.39706 0.04802129 -15.672976 5.361394 
-301.5572 160.06458 2.7305193 16.0635 -15.811626 -2.1657863 -13.641253 -6.850736 -25.197474 -15.967346 -12.002911 16.626272 14.799615 -4.570315 -8.157986 -7.6382895 -15.0143385 -2.4318092 -7.305276 2.2074342 
-319.83362 125.484215 18.040245 10.330992 -0.8578114 11.970951 -27.663918 -5.648966 -17.474705 -9.405117 1.3341825 5.865683 -2.9051661 0.27802536 -7.829649 -5.7170024 -12.439922 0.87632424 1.028651 -6.090657 
-394.07703 134.84451 45.99623 28.227768 8.423945 22.66874 -19.413895 -7.3191214 -26.579931 -16.614977 -7.653817 3.3887472 -6.5999446 -0.020474289 -2.6510534 2.9767268 -0.90616524 0.9331289 1.7899098 -0.12838176 
-391.52792 130.48668 32.63237 28.38662 21.620981 7.9419556 -24.704378 -0.49925697 -20.448967 -3.7555373 -17.559313 -11.088463 -8.197623 6.1980824 1.202736 -5.141181 -4.7416897 3.837119 -3.655607 -2.6600509 
-412.0114 158.25256 22.208504 58.722237 24.828175 -13.824823 -16.974808 -8.451351 -16.8507 -19.510841 -19.315483 -3.745074 -8.816202 -4.654051 -0.08349988 -7.7782083 -5.964438 5.048398 -9.361322 -4.0292344 
-340.64856 128.89526 20.117252 24.660429 6.7618003 17.145267 -17.429873 -1.7384667 -17.764492 -7.75947 -2.7830596 -0.72059304 -7.024801 0.40631962 -12.606025 -1.4953063 -9.591526 -4.8119135 -9.137341 -2.5517085 
-329.02133 99.96858 31.574928 19.102434 14.648076 16.715296 -32.779263 -9.426815 -23.419514 -10.316413 -9.965642 3.782953 -4.64709 -0.25652647 -2.6352005 2.0872953 -13.396527 -1.7609458 -6.894453 -5.035479 
-334.34363 107.94986 23.960123 11.69835 16.38686 10.438623 -29.075188 -7.9963813 -19.759985 0.6801894 -7.845403 4.556395 0.7204617 4.233057 -3.8965366 -2.8819275 -14.701645 1.6412622 -10.81547 -0.65723944 
-423.67297 128.82707 40.72463 10.356229 16.734283 12.463753 -7.912434 -1.8349442 -18.25884 0.24771145 -10.96553 7.815823 -6.3630958 7.0202956 -6.295223 2.9046755 -14.787404 2.191733 -10.250018 2.2396994 
-439.92175 132.97377 22.973427 15.636237 19.8039 14.542811 -16.10763 -5.8750257 1.4979489 8.530533 -7.107261 4.1128807 -5.7065525 3.7199047 -15.352234 -1.5075976 -5.8122406 -0.21033616 -7.930702 -1.4979267 
-370.933 167.76555 -23.191563 17.747396 20.70218 9.366406 -2.6120775 -9.501665 -25.584276 -0.1703843 -4.0282907 -3.4959078 -3.72671 -1.5295194 -12.06654 1.1291298 -9.048082 -16.302862 -7.785067 5.009596 
-302.804 150.67622 -12.355059 16.83184 -2.799914 2.4257157 2.4697495 -27.402336 -11.510068 1.882175 -0.4236431 7.703007 -14.646284 11.809069 -18.716715 7.1975303 -11.894905 -11.566326 -8.367396 4.068226 
-317.08246 106.41476 46.64703 -2.7758243 2.5402513 9.993084 -17.96339 0.8636712 -27.503462 -2.7845616 3.1503882 9.781661 -5.955806 4.989874 -10.694769 -1.2613168 -10.213511 -2.4319131 -7.1090803 2.0349202 
-379.0704 167.46486 15.234982 3.357944 -12.748433 -12.457102 -3.7945943 1.5200926 -11.360098 -2.7349215 -4.5351715 3.2526948 -6.3833866 1.2124199 -5.4136577 -7.6679287 -10.8394375 -1.548233 -3.0220366 -7.099345 
-356.49963 171.76276 11.97496 32.027977 -1.7912924 -22.402578 -5.058336 -3.7060525 -20.46148 -18.154182 -12.504426 7.061266 -2.227558 0.4972951 -1.7737966 -2.7867267 -14.030984 -0.0026455456 -3.8828783 -6.4675894 
-365.04224 171.71878 3.1261482 14.263009 4.1791854 -5.211039 -12.241097 -6.9840055 -12.930357 -3.5700903 -2.3846996 11.804716 -4.985711 -7.451172 -4.195431 -12.267118 -9.706813 -0.5871274 -2.1167314 -4.949957 
-353.2392 151.48996 -7.4885015 46.372326 25.614338 -29.206081 -26.934694 2.3931477 -11.058311 -13.400509 -12.575844 6.130556 5.586797 -1.4526391 -10.076722 0.77625394 -6.378104 -2.8552477 -0.533488 -3.6036246 
-380.2025 94.6977 42.52154 34.894516 6.863067 17.965084 -17.587273 -13.547877 -14.962618 -10.6973915 -5.178142 1.9555011 -10.45353 7.2329144 -6.3780003 3.4685774 -6.843572 -3.2349346 -4.7426615 -6.878999 
-377.91248 105.559296 43.385223 22.116615 16.681953 17.716692 -26.56005 -6.052334 -12.069688 -11.124064 -14.195591 -6.268464 -8.8887825 5.5162616 -10.362083 -6.0871916 -8.099736 4.1996937 -4.855558 -6.4368043 
-407.1928 147.44969 35.79943 43.63264 15.039313 8.68832 -27.19189 -16.292908 -11.183798 -8.7102375 -13.669673 -10.841557 -6.925279 12.307158 -6.2967057 -8.109988 2.0911317 5.9936347 -2.9482045 -7.150056 
-428.2253 161.04436 32.0573 35.197144 6.5305424 13.626846 -15.768594 -11.409557 -7.643853 -10.115931 -16.666245 -7.9229016 -9.70043 9.04615 -1.2081693 -6.4149685 2.4203117 9.210609 0.04133312 -7.6639633 
-397.87595 155.02563 3.9498172 12.188943 -0.5112416 6.0830436 -11.351341 -2.1847413 -7.118454 -1.9095854 -2.5187883 -0.38428533 -7.8924723 7.959013 -12.540455 -8.437452 -4.7944164 -5.401039 -8.408868 2.1296077 
-315.8968 134.12077 -14.922516 -8.469993 6.8853006 19.08714 -2.579271 14.447128 -16.491074 -1.2658798 1.947385 -5.026575 -4.8133316 9.7635 -17.372154 -5.0757313 -3.9721806 -5.051687 -5.4551916 1.0886092 
-352.19327 178.68817 -11.813917 1.4242142 7.623098 4.622179 -14.121696 -4.714419 -34.365566 3.6124501 10.949783 4.9066873 -5.389184 4.0423617 -12.813051 -5.93007 -5.286274 -9.050982 -4.750448 3.2120874 
-410.7114 192.26376 17.281761 26.722878 -1.7046558 -2.5176136 -3.5045195 -5.7071557 -21.043566 -10.239985 0.46482074 5.710063 -3.1167712 1.3348194 -2.084192 -2.535106 -3.284741 -6.7056403 -8.922359 -2.1178827 
-357.2746 178.92389 -19.504272 24.890804 9.051697 4.1416693 -14.374305 -4.0293155 -16.32592 -1.0805396 6.781503 1.9990131 -7.9290247 2.5659878 -6.4101844 -3.1927395 -13.136139 -4.9545975 2.4429696 -3.5050364 
-349.80814 160.32198 -27.195168 28.685879 14.130708 7.3802643 -30.83959 -5.7883883 -3.8076952 -6.180135 8.144734 -6.2625103 -13.449076 1.5033852 -15.377472 1.1055083 -20.962023 1.2004913 2.1712399 -8.555449 
-386.65213 143.38702 27.524021 45.247025 20.48962 -8.829744 -18.804329 0.022966491 -16.575447 -16.147198 -3.2421842 1.2775387 -13.307086 2.1453652 -7.794959 -4.4586067 -9.713378 -0.72727615 -0.9835679 -1.5957186 
-355.21967 139.32468 -1.9952714 62.52452 15.121965 -28.331913 -11.101948 -5.6434536 -11.537851 -9.717499 -11.721898 -2.777799 -3.1185248 -3.2365522 -11.22185 3.8898883 -6.361394 -2.5467749 -2.9961467 -5.030019 
-319.55774 166.0864 -22.867348 24.950766 15.206387 -9.763027 -19.313545 -21.59124 -19.915293 2.3028183 -3.9529746 7.9966135 -1.4992973 0.5149238 -5.592894 0.32000053 -16.779766 -7.7917514 2.983185 2.2583423 
-353.6543 175.77441 -5.6999264 22.299631 -7.5410943 -6.187007 1.928726 -0.6863343 -29.047215 -7.9752645 -3.2808993 8.04712 1.3299648 -1.3329945 -6.435335 -5.407187 -12.564727 -2.819581 5.1451626 -5.032543 
-333.53436 162.14445 -5.922028 18.428127 7.3224716 -1.7734737 -12.39657 -0.7376763 -25.855415 -5.616457 3.365817 7.8268604 -4.145688 2.9024854 -11.539809 -2.4837995 -12.058926 -2.6423447 0.24648353 -0.8992127 
-322.86072 177.03436 3.385067 10.677941 -5.5722456 -12.211764 -8.102297 -0.0484028 -32.672752 -6.130466 -5.8735695 8.2838745 -6.127231 -0.8908803 -10.258606 -4.969901 -14.357137 7.118292 -0.24574606 -3.1532927 
-320.3214 147.43816 -9.883311 3.516388 24.754448 4.745559 -28.512325 -4.4042425 -10.474053 10.975769 -4.6701527 12.367124 -4.2188354 -1.2870135 -11.917702 -0.11163129 -14.70558 -0.6237999 -0.8754671 4.367664 
-355.19592 142.7586 19.007334 13.567559 17.771742 7.9514866 -14.70682 7.606909 -15.789546 1.8402816 -1.5935749 4.3574524 -10.3273535 0.59336287 -7.461416 -5.599395 -16.97271 1.2953612 -3.008734 0.7569662 
-381.21313 128.639 57.3652 30.543108 -0.93929183 13.409038 -12.794283 -5.8294005 -24.54246 -10.028584 -10.126703 -5.1062093 -13.155776 -3.0183039 -10.9389925 5.3076925 -9.202162 6.5801926 -2.66788 -0.61475605 
-373.26852 147.87587 13.638347 11.754208 -8.191982 1.0937873 -0.32909018 9.247994 -17.214792 -9.105676 0.44908538 11.2492 1.7320733 -2.235113 -16.007746 -8.493755 -16.030228 0.83449537 5.9797883 1.3546696 
-368.65564 147.94678 6.725525 43.884007 24.857603 -4.506737 -16.42047 -8.174326 -17.39515 -6.466833 -6.595107 0.3791034 1.618306 -3.9202623 -3.267784 -1.7509933 -5.5631423 -4.9177547 1.1554555 -3.1654227 
-409.5122 110.52488 42.317295 42.712845 14.9805565 13.984368 -12.948977 9.948491 -11.639683 -12.401121 -9.303841 -2.5189278 -3.5832155 0.9162213 -9.281699 5.819295 -5.450078 -1.1937572 -2.1455793 0.81847596 
-440.7308 159.92798 49.442547 38.214584 1.9933783 4.669912 -15.347835 -11.673553 -7.8582993 -6.357799 -9.176082 -4.3285675 -2.6041415 -2.8250585 -5.242807 -2.8656335 -1.6687768 -0.17867827 -2.8820307 -5.2883816 
-449.99307 123.37725 19.829765 33.436325 17.36695 19.5595 -12.231305 0.1109137 3.1804078 4.7084355 -10.742061 -4.5838966 -0.24931939 8.131543 -7.893522 3.2045462 -1.6218495 0.33936232 -5.779373 -6.0175347 
-453.16412 114.33016 13.6476555 35.798748 18.455648 21.081688 -13.013276 4.7496653 1.6492753 4.3559413 -16.402412 -2.0848172 2.5803728 10.521157 -18.92043 2.9574842 3.1590762 3.521967 -4.4347935 -2.0008085 
-377.84354 163.77423 -20.937609 7.950793 8.9503 9.031147 -5.886347 -2.743705 -12.258409 3.1957467 -3.8732748 -3.675741 -3.7079337 0.7201032 -14.417221 -4.114116 -5.474751 -3.9668727 5.7396092 4.53578 
-317.1115 174.10506 -37.600815 16.272087 -8.62963 0.5655814 7.6368237 -12.890857 -25.464806 0.65730166 2.16708 9.814121 -12.689983 1.9378741 -14.28891 -9.624588 -2.2412236 -9.264815 0.2576328 0.06737057 
-348.95966 173.05507 -16.607056 -4.7406793 2.8698874 13.703318 -10.867149 2.0493736 -19.494732 -1.758585 6.249438 6.1304507 -7.0747476 2.768345 -13.020142 -4.4255605 -7.12414 -1.1496421 -4.0209885 2.1545186 
-383.3016 169.02222 -7.7362967 18.27359 2.2066398 19.00808 -15.075206 -11.532462 -19.421644 5.4949017 1.1559285 5.5628185 -9.70981 5.8968472 -2.8779674 -1.310411 -8.047365 -9.790295 -5.3403325 -0.38346085 
-398.23383 124.77408 38.338676 19.291231 -2.8667479 20.43827 -13.430201 -6.3697476 -16.708323 -6.3659515 6.257071 6.708559 -4.4430056 7.4446588 -4.890253 -6.298073 -15.289951 -3.3053646 -9.435683 1.369699 
-418.20416 188.22443 39.36443 27.241074 -15.362368 -18.489319 -16.2557 -6.0257044 -11.95925 -1.5225384 -1.9792058 3.637469 2.0574546 2.8354983 2.106347 -2.2522357 -6.675452 -2.0131507 -7.428955 -7.079398 
-383.82547 132.37735 21.25754 36.53551 -4.6258707 7.7668414 -7.277747 -8.022847 -10.4866495 -8.231748 -8.129057 -2.8685107 -2.6850216 -2.0125647 -3.6246524 3.520428 -4.1600747 1.3371701 1.3387755 -0.6169156 
-437.09753 161.74876 31.454739 38.88453 11.65153 15.821186 -10.585807 0.5124144 -10.94501 -10.82848 -7.7868433 0.007416288 -4.3980374 0.61205107 2.1150768 1.056539 -3.0268557 -4.2407694 -8.48709 -2.5070355 
-410.1979 152.84314 14.722683 49.233906 16.978657 1.382665 -27.949305 2.906999 -6.4644585 -8.614798 -8.6431875 7.0476236 1.3986373 -2.2573106 -11.516033 -1.827922 -5.915308 -3.9656813 -7.263698 -8.047991 
-374.8975 183.88654 -20.052618 19.756124 5.8390594 5.688902 -7.779848 -2.4461622 -20.665129 -2.124088 2.5361423 3.942561 -0.4659323 -4.140387 -8.8904915 -2.6435213 -14.618218 -4.72925 0.17878835 -4.3108 
-396.1995 173.34059 -4.0439568 51.15383 12.256451 -22.35649 -7.6964765 10.422982 -20.24718 -12.011011 -14.047855 -12.669018 -4.1129317 -7.667306 -6.630977 8.616961 -7.7401776 -0.9785637 1.9716429 -6.493775 
-480.80676 167.46342 41.019146 34.703636 1.5815496 9.740798 -12.644134 3.745185 -13.776214 -5.5306144 -14.829483 -5.343589 -2.0674944 -2.3573873 -4.466775 4.50668 -3.9962795 5.8438168 -1.528643 2.5353851 
-363.6179 116.548775 22.57331 34.581985 13.802555 7.083433 -17.981993 -14.20757 -24.334892 -0.9656228 -10.15117 4.46924 3.3906794 0.5956695 -3.8966837 5.996895 -10.246211 -4.9148655 5.5145655 -5.863717 
-422.94815 145.40384 20.333036 71.13421 15.411894 -11.367033 -3.0727582 -0.5890229 -19.805897 -16.713062 -16.804705 -5.627844 -13.227149 -7.530508 -11.997957 6.5544944 -10.108079 -1.1346116 -0.2504949 -1.8801697 
-452.94708 117.93051 31.09106 31.451376 13.172452 21.043982 -5.1538157 9.6009 -2.8137715 -1.8192079 -13.131865 0.37667403 -7.052326 -0.36073685 -9.860877 3.8548288 -7.9629188 4.2211814 -9.328075 0.21943355 
-398.2724 80.9903 25.665285 31.819296 15.05569 20.770561 -10.473107 13.012092 -1.0091606 4.061493 -16.20336 2.4551933 -3.068287 -2.032454 -6.649294 1.1463703 -6.00846 10.171399 -14.2799225 -1.329148 
-421.6134 90.31718 58.835518 26.259138 10.409988 30.367615 -20.533726 8.74464 -2.5309532 -4.6750803 -11.333889 -4.4165487 -8.285353 5.056453 -11.673667 0.28616354 -5.8873796 -0.07352412 -2.0582676 -5.6533427 
-403.30212 135.65701 20.045174 39.186043 16.592323 28.411936 -4.2729144 -4.8475814 -5.3327103 1.1208124 -12.094164 -6.1676397 -8.324498 -4.2478046 -5.8777547 4.1285305 -2.9234319 4.761134 -6.8542347 1.8569565 
-403.31827 118.19679 4.4623346 38.792297 18.9418 26.783308 2.213521 2.3406632 2.6349678 3.9429643 -7.70527 4.353437 -5.0540247 -2.7073658 -6.318647 5.140164 -4.7478414 -4.916588 -10.391965 -4.9475613 
-358.88565 129.0783 28.90693 27.615433 7.8919153 20.878094 -2.7240126 -4.3260074 -8.958471 -6.630878 -8.404085 0.77297634 -3.8301756 -4.380687 -0.045484915 7.2361546 -4.065941 -3.8248134 -7.8902164 -5.5583158 
-372.4553 112.298805 48.039146 35.46177 10.5821 7.9389167 -11.08823 3.2203374 -17.894554 -8.598088 -10.720832 -1.849896 -2.756327 -5.5977817 -16.168728 10.720003 -4.5960336 -3.043172 -2.903372 0.5731644 
-398.54453 134.78716 19.839977 60.431484 20.829197 -9.56371 -11.2084255 -1.4204737 -15.551887 -4.2010903 -17.097216 -8.999273 1.3414854 -8.128352 -14.790773 6.968488 -13.523201 -4.0581546 1.7402663 0.05989864 
-405.9822 129.19165 11.8759985 32.6346 29.65939 2.0153875 -22.381691 3.5638266 -9.961845 3.966699 -12.007156 4.562811 0.72265935 0.97956425 -7.2481637 -0.15422852 -15.331231 -1.1070648 -9.295458 -3.2573087 
-455.03992 136.18369 8.86071 30.54732 13.945271 17.27437 -4.720352 9.350912 -2.1651983 4.1861315 -4.9689817 0.08338605 -8.995617 4.185684 -7.206577 -2.9153204 -7.538636 -3.2544303 -7.2787433 -1.0570874 
-469.8298 131.73369 26.75065 31.277798 10.375546 12.456504 1.098144 11.075508 -4.062938 0.27744138 -6.8585 -2.880155 -6.1185803 3.5655432 -9.275211 -0.6400338 -3.0080888 -1.4906021 -7.398618 -2.0435374 
-467.96198 148.94612 24.804638 26.467646 0.74025583 11.155074 -5.1184306 4.492049 -3.6490493 3.3411345 -3.7400784 2.765771 -6.3926506 0.69516516 -6.1987295 3.8790593 -3.3359675 1.4010346 -6.9598055 -2.6070232 
