-432.99493 137.69078 15.676548 33.16208 5.606637 11.624548 -8.364868 13.845375 -7.918469 5.8668766 -13.997928 3.78921 -3.1539323 1.6338431 -10.02419 3.4857948 -10.953005 4.3041925 -9.689693 -0.21792318 
-402.40976 140.10358 15.173881 37.880215 16.900581 4.0929375 -8.837883 7.537821 -2.8631184 -1.383277 -16.985085 -0.079670876 0.9510863 -0.75632006 -6.206203 0.35911825 -5.108694 -2.087452 -7.356068 -5.0532236 
-335.2379 136.74164 3.6125052 39.193966 20.409988 4.1520596 -20.815718 -1.0658216 -11.515364 -0.61051625 -20.25156 1.2467313 -5.2414637 1.5249052 -7.135266 -1.5862466 -3.7119625 -6.293554 -8.471844 -4.6986737 
-292.1212 135.60745 -4.459893 15.48626 -16.237074 16.735367 2.3748538 -8.763551 -30.80403 17.003735 -10.731245 4.4477057 -11.442066 -0.8315915 -14.370012 -5.4935627 9.332264 -3.407838 -10.5773 -6.4435253 
-369.78464 138.88715 25.47628 14.303948 0.98430866 9.838237 1.552439 5.029095 -17.966253 -0.25959682 -11.911061 0.5139535 -5.5505285 8.210105 -8.859719 1.4680437 -5.8483353 0.45973206 -9.039052 -7.342924 
-338.52457 149.83755 8.496359 29.455784 10.555148 5.961508 -5.4527698 -1.4258559 -25.23515 12.645663 -11.390078 -9.191822 -14.275574 4.9950943 -6.829242 -5.857079 1.8280421 0.27589217 -5.6158123 -6.4370327 
-349.44736 132.7518 -9.953151 26.303917 16.131334 16.02053 -5.678923 0.06811714 -18.635756 20.740644 -11.959573 -11.132823 -17.067158 11.497361 -7.0708194 -2.3308241 -5.1917 -1.1282728 -5.5574837 -0.0765889 
-386.65366 134.99078 31.06322 28.838036 9.274718 13.18398 -2.700949 10.371909 -20.394579 10.704351 -20.25671 2.964998 -14.649343 6.697011 -9.804585 6.807937 -8.176605 -3.0880976 -10.200033 -3.7230656 
-417.24866 132.59572 24.136663 32.41829 9.866511 14.98002 -2.149204 14.036394 -9.430577 8.488501 -13.403225 3.812311 -6.004528 1.2864287 -10.291385 6.855299 -11.717383 2.3751976 -9.821805 -0.78486896 
-422.8556 132.76314 14.3280115 33.373104 12.065185 13.711399 -6.6052594 13.620494 -8.156547 6.9324565 -10.911879 5.6169147 -3.2553604 2.4631746 -10.319103 2.26271 -11.188595 5.8213882 -11.002619 1.5657374 
-423.97708 128.27449 19.489067 33.649357 9.208027 11.715681 -3.3253756 15.202789 -5.770657 8.834911 -9.528278 4.539217 -7.212366 -1.0287768 -9.977324 3.3379893 -14.851399 3.898335 -12.205265 0.0734996 
-404.65463 116.56239 24.272636 34.880547 8.698996 14.443834 -9.239885 12.544836 -10.760304 7.777136 -16.206133 5.2943726 -4.5568523 1.473909 -9.801478 3.9190245 -13.213818 2.8505228 -8.327582 -0.82376236 
-354.40628 111.545074 34.145493 33.96418 8.81076 19.345028 -20.707808 -2.6643515 -13.618936 -2.5854557 -17.430063 -3.4697223 -9.0710335 4.74717 -9.0576105 1.287696 -12.706089 4.195574 -6.518047 -1.5860538 
-361.94217 136.62148 21.314997 43.178978 18.6466 4.9506626 -26.343855 -14.985452 -17.856192 -1.5360126 -31.815805 -1.9886968 -8.157917 7.297045 1.0259811 -7.729949 -2.2106879 9.022546 -9.650882 -5.4971256 
-412.234 137.21013 22.618439 33.129402 9.814205 10.626613 -9.065401 9.497105 -14.546888 3.5466118 -15.4929285 2.8172798 -7.4908547 2.6768537 -2.4444928 3.798676 -12.00266 2.1107957 -6.007701 -0.24624723 
-419.90555 137.04597 22.639542 34.597546 7.575714 8.190105 -6.8249917 13.111465 -10.887857 5.272567 -12.516954 2.7291665 -4.874114 2.4128332 -9.366169 3.8062906 -11.440676 1.8249944 -8.513927 1.7317537 
-369.90262 167.0878 17.272692 38.527016 1.2673373 -0.14868027 -16.320305 -12.624103 -26.031694 -8.56401 -12.873624 8.567373 -9.045656 11.341862 3.168374 -0.3485081 -10.0504875 -1.803513 -14.556103 -8.437481 
-343.297 144.74852 10.713038 27.382683 2.6682413 -1.8625662 -18.05948 -11.556251 -26.446236 9.619698 -4.0093536 16.380913 -17.680052 11.418446 1.5531896 -4.923123 -12.206333 -8.34937 -14.436986 -0.7768256 
-395.48373 134.37137 23.033415 30.97703 11.044146 8.993871 -8.222531 8.020684 -17.794333 3.0541213 -10.258488 4.7698646 -9.850129 8.226248 -5.0518374 2.6486986 -13.206843 -3.2010264 -12.328064 -3.8875105 
-429.1545 137.01474 15.068861 34.049763 11.872477 10.106022 -2.4360225 17.688946 -9.007816 7.1818466 -14.0984955 2.1369388 -9.329113 2.6998062 -12.456735 1.9888104 -10.695164 2.6041853 -10.640889 3.2096 
-429.28622 138.19177 14.552494 33.154682 13.6012945 11.2926 -2.5661688 16.87967 -8.549764 8.536796 -12.059647 4.345911 -7.523504 2.3879251 -6.7348185 2.3974764 -10.811361 5.5220456 -7.470136 1.8107893 
-439.21115 146.98477 10.045852 41.870407 9.230955 7.746931 -7.779167 11.246453 -8.616444 6.180383 -8.370264 5.512762 -2.3445349 -2.5847788 -9.369091 -0.2562447 -9.3646145 1.1970612 -10.603122 0.014858352 
-429.02847 139.25288 15.419444 38.277733 10.570436 4.606777 -7.795594 13.329103 -11.434445 2.5249882 -11.145784 1.1632379 -6.387381 -0.62268925 -9.615728 1.9532986 -12.549076 0.77785033 -9.526268 -1.1069226 
-380.58652 136.35936 15.672176 29.97112 11.566096 3.473092 -10.115338 2.834421 -12.545994 -2.8077404 -12.182883 8.437765 -8.698213 1.1831962 -2.4320307 2.5372913 -8.383697 -0.45244843 -8.040143 -8.49493 
-308.4629 133.83504 -11.172153 36.397865 20.39397 -13.103536 -28.556864 12.232766 -14.006878 -9.071548 -20.573408 5.4544353 -15.434208 1.1481595 -1.8460371 -3.795783 -7.308581 -0.34749302 -8.254665 -10.623053 
-288.72318 129.08589 -10.688921 36.270397 25.711832 -18.379982 -25.53758 -6.144055 -11.922245 -1.9446589 -18.117222 5.049889 -15.770915 13.800602 0.8081267 -13.813322 2.6324847 2.0545168 -15.257466 -6.1053905 
-346.32248 140.12038 11.599102 32.44671 9.187216 -4.9328175 -23.805248 -7.251786 -22.828505 2.0543318 -8.53479 11.964742 -9.398016 9.87065 12.225558 -7.5825796 -9.110541 1.5670879 -13.231974 -6.2917495 
-412.901 150.6241 29.575802 36.649464 9.5196705 3.2644777 -12.383284 1.0373412 -15.918967 -2.5505874 -13.967541 1.612464 -6.044447 0.31291798 -5.4084277 2.460194 -6.968859 1.3963113 -5.697752 1.5265256 
-308.4113 151.51492 -21.368944 20.593515 6.1086006 -0.010868232 -25.84356 2.4189522 -16.165184 9.902065 -11.584517 10.463737 -17.489998 -9.158274 10.423211 -6.102019 -8.53238 7.220236 -10.063434 -5.6125135 
-401.01242 134.0189 28.265532 35.28845 14.533244 9.461365 -14.953539 11.808441 -17.920822 0.6447597 -17.938028 -0.61151433 -9.83819 -1.3666742 -5.622562 0.6710397 -9.665608 5.488219 -6.9579115 -2.2736752 
-341.82095 137.02655 -17.946712 24.864824 26.62492 10.426529 -25.350557 16.056108 -3.1393151 5.100045 -14.90193 1.405682 -5.906548 -8.815451 0.022990545 -6.37824 -16.531614 13.691792 -6.8394375 -5.3095484 
-360.50858 133.71173 0.48043612 21.108513 0.24265279 9.001168 -4.3462596 18.988663 -17.151115 5.1651716 -16.267784 3.045009 0.42443413 -7.0235753 -10.956927 0.6863258 -12.933351 14.29166 -10.179829 -0.4007196 
-420.71005 127.56334 21.615347 35.46298 10.093775 10.5396805 -1.9734802 15.559255 -12.5012045 6.606419 -14.405234 2.4368849 -8.026832 -2.240669 -9.82449 2.292698 -9.935619 5.0391464 -8.224439 1.5329938 
-349.81873 91.830376 33.00514 29.299538 3.5612907 22.84216 -22.608446 1.6072088 -12.806383 0.70328915 -10.704084 1.2637651 -9.83246 6.3102193 -7.322304 1.1422771 -5.522289 1.1589115 -4.150991 -3.623024 
-340.8372 154.55501 29.031612 27.30424 -3.874908 -2.2643526 -10.173559 -5.47857 -29.57333 -2.9661763 -17.49223 4.984492 -3.5313892 9.569927 -2.510066 6.1283226 -5.632578 -1.438026 -11.041016 -7.16397 
-356.0201 134.39507 10.015547 30.984646 15.17092 11.3878765 -23.348557 -0.81098545 -27.310934 8.91718 -22.359354 12.284206 -7.6014996 10.660415 -6.889201 5.031951 -9.112724 1.252157 -13.081505 -8.370468 
-424.78186 127.510345 19.781416 32.360786 10.549673 10.817311 -7.926874 18.62044 -13.449081 6.9422994 -14.8381605 2.0922344 -9.815255 4.672071 -9.678315 4.824008 -9.084619 5.397564 -11.524428 -1.2477903 
-315.9203 130.05786 -1.3884034 30.654999 16.624062 6.8475976 -11.068646 -0.33801684 -21.175913 8.447361 -9.341945 -1.2243385 -4.9051504 7.5560174 -9.3130455 -6.6139274 -0.37732077 2.1620152 -7.929014 -9.665914 
-316.98932 122.61393 2.8388712 21.686455 10.584927 7.738084 -9.780437 11.586053 -21.339142 10.132751 -11.584024 -8.170446 -3.195115 0.6258398 -12.003502 -0.9725902 -4.6713734 0.6341808 -9.227848 -8.015852 
-356.88644 139.92667 9.945248 20.721403 5.880882 13.291991 -2.7655263 3.1144195 -25.383986 5.6583686 -12.307217 -7.1973224 -6.9685464 6.127062 -9.854583 -0.25409433 -6.605248 -2.4375713 -7.058691 -0.90610546 
-381.65634 125.873985 6.8109674 29.970882 12.810448 23.131084 -5.51336 7.404033 -16.396544 9.095496 -1.2697083 -1.5903989 -14.136853 4.0322056 -7.8748083 3.9818873 -8.036533 -1.0070978 -8.0203085 -9.934864 
-389.45157 133.77528 7.0714326 25.711504 3.2371576 6.88725 -0.9300912 13.818317 -14.589733 6.2835937 -12.934531 1.9479586 -7.663887 3.9177907 -11.348611 -0.5861572 -13.997438 4.951646 -13.157588 -3.5876071 
-408.18015 127.42327 13.919714 33.838173 13.894882 12.963024 -10.170809 11.762739 -10.671448 13.107339 -12.452453 3.8305647 -7.735077 2.490103 -11.1215 5.8375034 -9.008157 4.045931 -8.756163 1.0067549 
-313.83118 141.9046 -14.263173 29.61747 19.19618 2.4157856 -16.152855 5.5991726 -9.32813 14.215911 -12.872754 -11.761053 -13.251235 8.602889 -13.829654 -9.479547 2.2364244 5.4380307 -8.094009 -5.008683 
-343.13184 122.749664 26.431667 36.166763 11.228739 16.97844 -14.626094 -13.00379 -11.510741 3.9992764 -10.993613 -10.107332 -10.858613 12.291392 -4.913583 -2.003066 -1.2529224 3.9744573 -3.5041184 4.183224 
-320.2324 149.79865 4.8506713 20.648613 6.608803 10.369933 -7.4865603 -12.582109 -26.14388 7.0109806 -18.719383 3.40242 -9.171064 5.778928 -3.6031003 -2.4062076 -5.3865237 -1.8982389 -6.1921306 -9.008594 
-304.00592 108.96385 6.229925 33.204903 14.489556 5.935386 -18.141356 -5.094678 -20.018297 8.958179 -18.527079 4.5606084 2.716359 0.06592676 -10.549257 -1.1259055 -5.6493235 1.7068667 -10.576529 -6.3949947 
-341.2069 151.71965 6.074903 15.193868 -21.698925 3.23635 6.961417 19.833288 -21.916964 7.162733 -14.982975 -3.1786864 3.1821802 -0.27687442 -14.972656 -2.6573117 -10.627341 2.422132 -5.0841002 -3.1350527 
-341.50916 146.1221 0.098167524 4.9608946 -0.1897549 24.714659 -4.194169 22.259924 -15.495256 3.7835143 -4.8731713 -7.1521616 -2.890201 -5.007134 -8.291038 1.5753057 -12.724502 8.618475 -7.3423333 -6.725629 
-413.18964 130.34961 19.765848 38.018505 14.8475275 15.716271 -6.484824 12.501116 -10.728607 7.4884815 -15.010365 3.2480078 -4.3108015 3.4525523 -5.8572235 5.2657847 -9.573146 4.523045 -7.0412483 -1.3615855 
-350.18076 144.0192 4.288488 17.127783 8.185581 12.749607 -14.5107765 15.475309 -23.879444 14.862494 -5.01356 -1.6336555 -0.5408664 -6.1712685 -10.348853 1.175485 -11.353939 5.724975 -4.331399 -0.88224435 
-273.4876 106.47904 0.24701612 36.93266 9.434322 4.471655 -23.342342 0.45251772 -26.971855 -7.442844 -23.86664 2.6080787 0.06817598 9.9938135 -4.1301746 5.3205466 -8.004023 -0.81554645 -11.817791 -2.8564258 
-319.8001 60.049248 44.118214 32.33062 12.0038395 16.830988 -28.651058 19.946999 -22.073128 10.335571 -20.08612 -2.431573 -3.9496443 1.6842995 -13.478143 3.5203204 -12.718956 3.7823534 -6.2115736 1.9947054 
-371.1869 116.41638 27.07011 43.46931 15.242181 5.3320103 -25.202688 9.520092 -18.57698 0.8721869 -21.490294 5.8751307 -2.4232068 2.660828 -7.8456855 3.0939848 -6.9965825 4.094117 -15.065813 2.3550415 
-373.51453 113.98122 17.864567 53.975395 18.95245 -6.0380764 -10.325535 10.752535 -24.865576 6.805613 -23.56214 2.984731 1.7503684 2.3078756 -10.767687 -0.16377422 -6.843397 2.3412466 -12.786232 -5.8181887 
-369.71066 136.68137 18.440405 54.53351 25.271074 -15.372701 -19.402637 7.7462974 -19.659628 -9.317881 -21.810476 3.7160578 -1.002294 -3.5499852 -4.4534063 9.455268 -11.064006 4.5445776 -13.501545 -1.2913738 
-365.18338 94.5351 37.654816 41.927998 11.132282 11.466132 -23.287071 15.571736 -17.594534 1.1560638 -20.805653 0.57620156 -3.4245098 -1.3486196 -10.196688 10.685781 -11.200772 0.6841746 -14.502645 -1.3112385 
-361.82056 64.15297 47.195694 34.778053 1.9946378 22.892101 -19.708965 18.613945 -14.944365 7.2058387 -14.04118 2.6713116 -0.0753634 -1.609177 -12.254383 17.244255 -15.435475 5.6289077 -11.463104 1.4583462 
-422.62897 134.86507 21.705517 33.217464 9.193253 12.36246 -6.533405 17.967014 -10.088945 9.753925 -8.858213 5.3567367 -4.6739254 1.9767138 -7.689158 3.4284968 -12.149076 3.1755457 -5.805138 3.1637933 
-368.26614 151.13908 12.206234 16.159544 6.015295 14.730626 -7.111871 7.6987066 -12.512806 11.633413 -14.551063 4.7442627 -4.424285 -1.4574623 -7.9190326 1.4146357 -8.106445 2.4758482 -7.596322 -6.37612 
-372.0618 148.17499 21.377602 30.958788 6.6502132 5.7979755 -5.9509897 2.2252693 -20.357712 7.988957 -17.359589 5.7998114 -2.19577 2.2648242 -9.88694 3.4992168 -7.384672 0.84720534 -4.2517457 -9.309956 
-357.5551 153.4516 22.138279 21.583088 7.017866 8.330244 -3.3229923 1.4496877 -28.947441 0.5908627 -17.441496 7.8687267 -3.0430725 7.806646 -2.8489163 3.3736842 -8.30318 -0.6850201 -3.3094702 -11.005623 
-313.59167 134.83363 3.0600443 40.77089 30.836514 0.6100287 -43.26616 -0.43750784 -21.20583 6.998579 -33.054367 7.436242 6.674003 7.7158628 -1.2277129 -3.063557 -4.473429 -1.9710535 -11.840282 -8.863064 
-408.29782 137.04482 23.43793 43.832764 17.014694 7.023188 -9.509136 14.416092 -14.85815 -1.4000407 -17.595304 5.2098546 -5.126355 -2.2124865 -7.3866434 6.0176945 -6.647988 1.8403577 -11.548628 -0.86886716 
-402.37622 122.017784 6.3828526 39.34252 12.662819 9.724087 -14.213379 16.221916 -7.2906613 5.1834993 -15.479078 2.2020135 2.5573835 -0.45818287 -9.245135 8.55954 -9.699091 1.7480159 -11.2913475 -0.36794287 
-402.53647 112.534004 10.424792 46.741543 8.723807 8.199217 -5.7944083 14.426246 -14.150456 9.718849 -18.674294 -1.0744414 -2.470355 -1.8975086 -14.263044 6.1482034 -9.890542 3.907208 -11.346936 -1.7986903 
-320.62378 142.0904 -12.134283 25.2322 16.820612 9.624103 -18.460253 -3.5369413 -21.398891 17.197868 -16.85615 2.6456063 -6.858481 -0.90490127 -4.97079 -2.2746916 -6.479898 -1.3192474 -3.4061847 -7.5165424 
-335.2809 151.88994 13.578974 18.942308 2.1860476 -0.094897896 -9.563508 -2.7942326 -27.760664 8.832033 -16.805895 14.551929 1.1345915 3.958252 -7.4865513 -2.0526898 -13.244433 -7.253043 -7.0139394 -9.819857 
-416.50174 147.1483 16.61829 36.378273 7.763772 4.530013 -6.4561505 12.174761 -10.618703 3.9070997 -14.311113 2.4855242 -3.6561687 2.2305105 -3.55665 4.469648 -7.3305073 1.5480365 -6.7102103 -2.2706556 
-430.2237 144.03015 14.796166 43.20045 18.375038 10.936461 -2.5189755 11.005823 -8.773747 6.705296 -9.970087 3.940821 -3.1617212 -2.5428977 -7.527335 5.5888867 -9.217186 3.250862 -5.9065075 -0.17554271 
-396.95084 144.81407 26.338743 36.33374 5.945332 7.327167 -6.2532725 4.614028 -22.767456 0.70354253 -15.1719885 10.294056 -2.8792825 7.221176 -5.3378806 5.0397635 -9.977995 5.2617836 -14.791129 -6.807127 
-371.71097 138.39601 -1.3090864 40.767033 14.07543 1.587995 -10.92043 16.370945 -9.11105 8.801946 -17.61271 4.5945044 -9.0561905 5.2665296 -2.0923858 0.80110544 -12.4735985 5.346 -14.225078 -2.453439 
-341.1532 149.90247 5.9534984 39.8143 16.770853 -9.378569 -16.876696 2.2221026 -18.527157 0.05600466 -13.500625 8.840694 -6.56429 -0.8323412 2.0052638 -1.6249144 -12.245991 2.552084 -7.8949804 -9.407459 
-365.86813 160.45844 20.885555 18.861738 -7.6843057 1.5618787 -6.7202516 8.955128 -19.962938 1.1361896 -16.734938 9.111568 -3.0505836 9.635626 -4.313917 1.4350343 -12.051812 2.5413585 -11.795277 -3.417101 
-351.66312 149.78503 16.210125 33.543217 4.51372 -10.28738 -19.438467 5.5661535 -19.357523 3.1434245 -11.994772 13.2674 -5.0216537 6.273553 2.801643 -3.5268514 -10.921895 -1.9137527 -8.333197 -7.0129414 
-335.04825 67.37248 36.06233 50.94847 5.147633 11.06878 -22.029335 24.412283 -19.027018 -0.053824876 -10.426276 4.7378583 -8.678818 2.5607042 -10.429583 8.881176 -12.648469 10.798002 -12.091695 0.33861727 
-394.59885 129.3545 25.098206 40.06807 13.180894 5.890051 -9.539064 15.115653 -15.542725 -2.5311856 -8.189917 4.0002255 -10.405395 -0.030144453 -9.285411 2.210685 -14.43848 2.632885 -9.051026 -1.563395 
-389.9645 140.26529 13.289447 46.767906 17.290535 -3.275251 -15.331982 9.2443695 -17.49009 -4.844756 -14.367543 8.451823 -3.2053967 2.8476977 0.6573919 0.4042945 -3.6699812 0.7205193 -15.307308 -4.789041 
-402.99347 139.36578 6.9773493 41.935257 17.984367 7.076758 -18.40937 16.494286 -10.662948 4.019227 -9.85811 6.1042194 -3.0683804 2.500959 -2.9420729 -0.32787287 -11.950658 6.967015 -13.007512 -3.6820526 
-416.59195 138.45578 19.83334 33.05953 11.936607 8.840702 -7.7400155 15.296675 -16.058708 7.400857 -13.838084 3.0282009 -5.364904 2.6277928 -9.197413 0.3091846 -13.776823 0.9964939 -7.369349 -1.1171242 
-422.4254 127.28263 20.692741 35.188057 10.409651 10.862712 -3.7696364 15.295048 -11.404369 6.4566298 -13.461353 2.943874 -4.600712 1.467762 -10.2967415 2.9479854 -14.277625 3.104379 -8.295735 -1.1770676 
-423.23764 132.59285 19.755545 36.736855 12.525216 8.558991 -5.224036 16.13574 -11.847 6.9691644 -14.597981 0.3732195 -5.36198 2.192043 -8.138766 4.478068 -13.0159645 2.99255 -7.1991086 4.2969766 
-419.04572 128.8171 20.391907 36.590218 12.492766 11.803375 -5.5070534 15.229711 -11.360129 8.257582 -12.73741 1.1839335 -5.5048685 4.6001534 -7.7396884 4.8422112 -12.653885 3.0022175 -9.665277 -0.824443 
