-339.0346 112.3748 20.816555 54.248367 21.102829 1.9144408 -10.951385 8.07617 -30.07682 3.9366052 -12.624069 -16.182304 -3.6864407 -5.765379 -15.512776 1.0912127 -2.8889542 -4.247452 -0.37341928 0.1632042 
-330.79062 111.133194 21.311646 66.76039 12.379704 -4.9659414 -0.6050644 11.073233 -33.57025 8.441094 -13.744516 -20.55281 -2.631666 -10.394005 -18.519264 1.4660244 -9.343975 -6.6024323 4.273395 -0.75004137 
-287.235 89.273224 3.865178 60.305527 14.480625 2.3423774 -17.131031 -6.357081 -33.624702 13.110484 -19.801584 -7.952969 0.109563194 10.610633 -18.224182 2.7447634 -9.428291 3.873088 -7.141221 -3.9505856 
-315.64328 158.58226 26.114174 41.41475 13.9097 -13.023179 -22.512985 -12.513092 -42.406193 0.55664176 -5.364602 -0.14654875 -4.2468433 1.6203581 -7.966216 -3.467571 -17.619091 18.17732 -11.303077 -1.8862462 
-327.19543 173.30028 12.882261 29.426683 10.898854 2.7671218 -4.2176113 -14.543801 -26.699347 1.1572251 -7.277615 6.876608 -3.9337492 -7.0853233 -1.3662146 -0.501672 -12.048436 5.148531 -7.885172 -7.808971 
-360.9871 157.51959 25.843891 33.085342 20.41777 9.725163 -13.954938 -4.7631435 -18.568193 -1.0897958 -12.497957 6.516639 -10.257169 -3.0157676 -1.6036642 2.3034892 -14.194115 3.5800862 -6.3716497 -1.5102398 
-409.95447 126.19831 16.879295 30.17611 10.702663 9.773693 -6.8474755 12.688496 -9.431294 8.297738 -10.22956 8.1226425 -6.696911 0.1928106 -9.70465 3.3329575 -12.614895 1.6429665 -14.836155 -2.2670076 
-265.07828 160.49924 -15.08454 -1.0197039 -1.4049349 15.6747875 -18.309729 -7.819056 -23.228386 8.311154 6.4802685 3.9049656 9.54236 -15.084272 -8.979839 0.7441125 -9.732748 2.861839 -10.482421 -2.9694476 
-287.1633 168.23274 1.5980128 0.07641326 -5.4539127 15.999332 -11.915287 -7.617762 -25.90083 -5.7701263 3.0411081 8.170132 8.818563 -10.567502 -11.052485 3.0461254 -10.729242 2.458644 -9.048694 -8.749506 
-324.0453 89.01728 31.470879 46.635475 -1.4332767 16.887642 -12.166841 2.2844727 -22.459429 6.1511707 -21.972412 -3.3417242 -3.9638493 2.7034805 -12.453254 -1.6442647 -7.8284326 6.213977 -9.417033 -6.317348 
-342.28342 175.7022 20.22166 30.242296 15.418248 -2.8825488 -10.028439 -7.7229605 -28.086996 -3.4190106 -4.1555057 7.114395 -5.645412 -2.7069566 -5.4803305 -2.8392198 -11.053061 9.700158 -5.6956997 -5.786614 
-254.14247 185.86958 -9.228813 0.15534538 -9.726147 2.0689936 -12.838337 -3.392069 -36.51798 1.094374 1.7475181 -0.21403123 13.86564 -5.129878 -11.511076 -4.908773 -14.52911 4.723899 -9.563234 -6.6102424 
-307.86075 180.24135 12.403887 18.842659 -12.93552 0.02096155 -14.185783 -9.6194105 -27.915842 3.8159468 -5.892132 5.098612 0.4611971 -2.4521081 -5.01886 1.830602 -5.0760403 0.2847978 -7.3676095 -4.075174 
-286.34213 135.6958 -0.732634 8.363795 -3.0411174 25.828999 -24.7353 -0.05157831 -18.837091 12.188686 -3.6275885 9.007439 4.2228374 -14.72358 -12.915403 10.213499 -11.028133 -1.0466323 -7.556158 1.8792343 
-313.6261 142.29587 11.70165 58.943577 16.966227 4.8358383 -22.145533 -17.52024 -29.346527 3.5432487 -20.057858 -4.974383 -2.280281 -3.3855038 -5.7064037 2.8047507 -9.104868 4.782221 -5.7910604 -1.3679223 
-311.6511 90.05972 26.733067 31.883083 -3.8148715 27.42361 -18.872692 -8.847473 -23.027958 23.10714 -12.971768 10.005105 -9.067066 2.202747 -8.926716 11.478978 -11.60727 0.81960124 -6.8254457 -3.3646247 
-336.49442 173.2359 -8.382619 32.352867 17.252308 3.6899252 -20.909752 -25.124063 -18.735832 15.761952 -7.7847266 2.640271 3.950386 6.504981 -4.51256 3.9666722 -10.80211 -4.1558223 -4.5734076 -0.2208123 
-406.3236 139.6509 17.797499 38.190044 15.121155 11.998501 -10.481556 9.641644 -9.659077 3.6872783 -7.8233237 5.5248346 -8.416805 -1.7064389 -8.640924 -1.2985747 -5.8579063 6.3916907 -8.798983 -0.5324751 
-363.82263 160.48532 11.172403 29.61692 4.4261947 -1.0614452 -6.59107 -1.64716 -16.83736 0.1389212 -11.648201 4.86258 -7.148674 -3.3128803 -5.457196 -1.6964121 -12.714351 4.470256 -7.0849595 -3.2077503 
-322.39005 85.65607 33.606544 31.712934 4.9930606 25.381903 -7.4294605 -1.1363072 -15.698322 8.876835 -11.403786 9.294944 -8.032012 2.9593241 -9.246094 3.249819 -8.867476 7.564802 -10.321948 2.0341234 
-327.74783 162.01653 22.704185 20.954018 -11.73104 -13.672125 -11.323734 1.1660188 -16.968155 7.637396 -6.623586 5.9179754 -8.523449 1.255346 -1.1376845 -4.656022 -13.666245 11.43563 -12.246807 -3.0732925 
-395.20834 144.99767 14.05685 35.25598 13.337188 5.716065 -10.346621 5.449487 -14.042969 1.5468076 -11.439909 4.8962474 -4.358863 1.1302168 -5.597562 1.6307337 -7.8523135 2.873509 -12.047649 -4.5629716 
-415.43414 134.81296 8.323663 37.63854 13.7255945 3.1035948 -7.0896306 13.544561 -8.026884 8.37347 -12.492474 6.204791 -1.9096413 3.182218 -9.774532 2.3519952 -7.293234 4.8078227 -11.466877 -2.2751567 
-333.3988 159.68837 -8.379632 51.048737 18.573841 -5.849995 -25.130081 -30.85414 -9.32224 13.49959 -23.193253 3.4670475 10.747611 3.521615 0.035620954 -2.9906702 -5.566862 8.329943 -16.483204 -7.847056 
-301.83496 165.45634 0.9070828 29.764217 4.854155 6.5802326 -20.624807 -21.844517 -19.95466 9.224192 -14.669527 5.042812 4.30248 -3.3805017 1.1291512 -4.8000298 -8.035193 10.350189 -12.445677 -1.6474912 
-318.4295 152.60695 40.298588 25.05555 -17.475567 -4.1993456 -2.7739635 -2.11097 -24.928892 -2.250944 -25.040844 3.9197257 -1.9452558 1.6584257 -0.4550878 -0.14580663 -14.30515 5.58004 -8.672966 -1.1178031 
-266.89026 38.138176 50.427288 30.036848 -8.840534 47.210598 -22.389774 -5.008222 -23.281437 19.751198 -15.67407 7.8420587 -7.0886703 6.1762247 -8.819515 4.467966 -6.669319 6.628901 -15.008163 3.2300768 
-289.13107 168.1132 21.01545 18.688831 -26.869236 1.0717994 -12.327959 4.5227985 -26.937061 7.6664944 -12.758359 6.4400225 1.5553182 -1.3485296 -2.0263903 -10.612998 -16.137909 7.6146054 -13.707943 5.257826 
-322.33926 111.62589 33.17033 6.964217 3.9945657 -2.0425155 -6.459292 2.6886222 -14.240062 9.256093 -13.596141 7.6152134 -3.5085413 6.0491242 -10.139362 3.8155725 -14.058692 1.5166847 -12.57364 2.851041 
-276.72195 188.3395 -8.872943 2.8876512 -4.7457447 2.1596947 -6.550655 -15.8532715 -31.9103 -2.2279584 -1.4427371 15.205607 3.1101418 -8.940139 -3.0569494 -9.131884 -14.263923 6.86786 -12.889917 -6.000252 
-325.84967 179.41055 16.346657 19.021454 -17.942583 -7.737589 -4.9224668 -4.3954415 -17.187218 5.152074 -9.2488 5.17882 4.540429 -5.399822 -2.5164208 -1.4082028 -6.9038515 3.6254518 -12.249862 -4.8885283 
-366.9282 164.0542 30.733555 42.75095 6.156002 -4.915746 -13.572337 -3.7894983 -18.655252 -4.5441318 -17.106394 -2.4400651 -5.527237 -6.931749 -5.4435115 0.794914 -3.5121825 6.057592 -2.6126702 1.4482354 
-336.46783 172.34517 3.5545256 33.590477 22.455431 2.1795785 -9.532281 -23.559578 -36.05992 4.7678375 -10.984481 -0.63891566 -0.5848166 0.14172977 -7.961836 1.8327781 -3.433432 2.2499537 -12.754734 5.049119 
-289.2849 134.5847 -3.8927639 40.90648 0.6885535 11.389517 -15.506985 -16.92646 -25.11259 17.015171 -8.592285 4.621656 1.6550282 -0.29265106 -6.086263 -2.1337976 -13.17019 6.0214324 -11.341303 -1.7217724 
-316.40546 178.99799 9.521706 15.153361 -15.17167 -2.3352704 -5.005972 -1.3830943 -24.17966 -0.3574077 -13.26823 9.281934 1.6557314 -5.9268312 0.40169546 -2.7178137 -13.202984 3.539744 -12.858212 -3.4561276 
-320.79944 98.61761 20.244274 63.62291 9.510723 16.69051 -19.518414 16.45883 -33.509445 13.400264 -22.821388 -6.4296856 -6.143001 -1.5144229 -10.301737 2.1102688 -1.075279 11.299095 -6.4029408 -6.7938795 
-301.0375 127.35087 24.20344 48.676178 -10.407675 13.685594 -14.806149 -2.706848 -40.150097 0.8258813 -23.416883 0.03361188 5.561152 -1.7586977 -5.375451 2.3330064 -10.039782 9.164868 -1.68633 -10.629407 
-333.75012 104.299995 20.49771 56.913322 -1.42403 17.749918 -12.89851 -1.3350492 -22.316568 6.3238707 -16.90287 -3.4709637 -6.0348086 -2.4615483 -9.32943 -0.8377889 -7.2507114 7.275563 -6.806756 -4.064968 
-282.46573 163.97273 -5.2087293 5.8793793 -10.00958 17.784002 -5.658006 -13.010701 -27.846455 10.992588 -4.412952 12.913013 1.1822906 -12.074169 4.4576015 -5.3157578 -15.25725 6.9907494 -15.06053 -0.5222381 
-331.6308 105.16733 36.95881 36.78954 5.925897 24.109735 -10.911543 -7.7311335 -19.064837 2.9257305 -19.454512 7.0694284 -9.132099 -0.37360117 -6.509514 2.7756195 -8.481121 10.113026 -8.744261 -1.6896954 
-328.87653 123.21346 20.743813 66.75583 6.029393 6.310337 -7.4468503 -5.71432 -27.062843 5.9457374 -25.52893 -1.6273847 -3.271654 -3.5328035 -9.71843 1.1905038 -7.207964 7.7842045 -11.551198 -4.7410984 
-366.53317 143.4546 22.053867 40.92282 3.273971 9.824242 -7.8693542 5.7152643 -27.77586 3.4205878 -19.427156 6.3947263 -3.4200554 -0.30246285 -5.083034 5.155837 -8.04049 4.7190595 -8.728248 0.10177745 
-336.54666 106.71332 16.51277 63.46725 8.327107 13.444327 -21.172249 8.947406 -31.251661 4.8465934 -19.989508 -4.7536454 -1.9308188 -1.9587634 -9.115729 -2.7528741 -4.68295 10.739332 -7.625472 -6.593557 
-322.165 123.33636 21.727531 48.741955 -4.0982976 14.011926 -3.16304 0.34007752 -39.97536 8.832757 -22.996532 -0.0774356 5.8238854 -3.750272 -7.1784034 3.6863666 -4.7419796 5.7437763 -0.13536395 -5.945286 
-310.26712 160.2226 0.2980478 14.592983 -4.892199 15.832358 -16.493797 -7.0126643 -19.200098 13.431677 -1.0096574 8.224236 -4.490078 -8.719115 -3.85962 -0.01657649 -13.414987 3.2516963 -12.33987 2.7954628 
-323.85254 117.133286 19.393179 58.18061 1.1644483 14.182998 -25.540031 -15.021866 -21.555302 6.1055856 -19.793116 6.1328177 -4.733218 -6.2301784 1.0829931 3.8650708 -12.3758135 7.699339 -11.748203 -7.506313 
-333.8196 109.0916 28.069485 41.63944 -14.095597 27.21964 -12.490428 -2.3541827 -25.238634 13.495503 -19.425524 14.366948 -5.9792805 -2.147868 -2.51336 3.9754322 -9.75638 3.161977 -9.812074 -3.8349864 
-353.54187 114.57955 22.795385 45.391464 1.6819052 11.3525305 -8.032374 4.2038746 -27.74391 8.19482 -21.034502 3.850708 0.89198685 1.8875872 -6.501118 7.6395426 -7.156129 5.948713 -5.7048697 -2.6212656 
-330.58167 99.94751 17.850948 60.66982 17.269789 14.821136 -23.781538 10.481278 -23.87634 4.674278 -23.986477 -8.601459 -3.069602 -4.1285114 -10.094372 2.6724844 -7.4805737 7.8650055 -5.0251713 -2.6756952 
-380.9978 124.41474 4.8610635 35.35795 16.013222 22.400248 -5.7969813 5.654997 -15.423218 12.640997 -9.91877 1.3396329 -4.882608 2.677865 -5.8016644 6.9805217 -6.081771 6.1985407 -10.640433 0.77613693 
-353.3476 112.48568 -10.729458 37.249798 11.574587 27.694695 -7.5827537 -3.98594 -20.924377 22.536053 -8.128486 0.3864051 -4.9187284 5.006595 -6.3632336 2.31892 -8.3777685 4.7728467 -5.794125 -6.9134154 
-396.55066 154.19917 -4.29331 27.080719 14.242786 12.05137 -11.861766 1.5138353 -14.769747 13.043696 -8.096172 0.5091575 -4.823154 2.4690235 -8.687646 1.1026922 -10.024838 -0.67053384 -11.785418 0.6366525 
-340.33487 181.01561 19.035643 16.923712 -11.575261 -7.1375256 -3.6943712 -2.741174 -19.26065 6.4427547 -11.511205 -0.19252025 1.3230261 -3.4338493 -3.3495777 7.512838 -8.889829 2.1430447 -8.813024 -4.4092097 
-326.5902 125.43769 22.945547 53.991615 6.499148 0.86772144 -13.553806 -2.41751 -31.78779 7.000345 -21.985424 -3.853194 -0.034819588 1.6564509 -15.07705 5.1703806 -1.8871626 8.671363 -4.918775 -6.2437305 
-280.10367 154.33568 -16.11153 46.69143 26.369024 0.17055994 -20.541098 -32.157837 -34.4363 14.278597 -19.285728 -13.450775 5.3327727 8.205876 -6.840048 -1.418531 -4.431249 4.6038685 -8.823323 -0.57965606 
-357.37527 176.15132 22.29752 30.328531 16.041077 3.0945117 -9.895507 -6.746833 -25.308802 -7.9392056 -13.13425 -3.5800061 -7.5409274 -5.3712955 -5.307043 -0.07025448 -6.840818 1.9280856 -5.5964704 0.45411927 
-285.71677 122.73612 11.185006 37.96358 -11.000426 11.16077 -11.083243 -4.8144636 -31.377224 15.167336 -12.171512 -2.9052286 2.594277 -2.7605002 -4.580588 2.1887102 -8.317062 6.9164324 -3.7204022 -6.494427 
-285.2555 141.32367 -0.5213882 36.114647 -3.5844905 9.457607 -9.046363 -7.1537313 -33.83513 5.2405047 -13.296297 9.143551 5.2645063 -9.989797 -8.092169 2.6738791 -11.801808 7.5146656 -13.869943 -0.765448 
-311.62534 59.072456 36.884357 57.45147 -5.1893263 20.056015 -5.028335 5.644078 -28.342705 19.21022 -25.453379 5.010195 -6.8804946 2.2407374 -12.706154 4.0070825 -9.11576 8.094325 -12.784979 -3.7643182 
-312.0499 107.36975 32.706814 45.136036 -0.8363507 12.1994 -19.11623 11.279388 -28.5126 3.4044 -27.876646 -7.2177854 -1.0353818 1.5930817 -9.830153 3.5877087 -6.374492 4.310583 -3.7787993 -4.616514 
-298.9638 163.78986 18.61158 34.194355 -6.1220646 -10.085232 1.5632491 -10.916342 -29.935812 -4.6498117 -18.588966 0.08025832 4.1562586 -3.2731247 5.2142334 0.13018025 -8.281073 6.869048 -9.43281 -1.9091429 
-303.08655 194.8993 12.884937 24.070103 -21.936005 -20.707792 -0.73441815 -0.4443495 -24.877071 1.5600004 -13.910565 3.3544233 4.637656 -3.5490656 12.528828 -6.4853706 -19.630203 6.9335046 -18.935152 -4.1383343 
-346.3726 169.6988 6.9774833 40.740925 20.205336 6.73408 -12.679075 -22.392998 -27.992935 -0.14755525 -14.80917 4.244463 -2.5769973 -1.8946067 -1.9814031 5.6883845 -7.2833576 -1.9468827 -7.090851 1.2361661 
-363.45966 112.66833 24.51783 57.828953 5.7635503 12.05636 -8.167782 7.7217693 -21.226486 5.182152 -23.229801 1.3679491 -6.043534 1.7263609 -12.889837 11.86519 -6.612264 6.2088842 -10.046938 -1.0320563 
-327.2897 156.08514 12.415242 45.161716 18.280922 1.3208561 -18.164083 -23.354967 -17.813755 4.2803288 -18.91611 0.77514726 0.06783655 -2.5677116 0.16633733 0.4131882 -6.523304 6.6411858 -9.684893 -0.010135611 
-343.5241 156.36273 11.418966 39.314896 13.375509 2.5124533 -13.055604 -17.087286 -20.421585 5.720267 -11.026042 3.1065106 -2.539445 -3.2919016 -4.4495587 -0.22796398 -8.984269 4.649209 -11.297927 -2.3756914 
-358.9927 156.20532 14.848509 40.911106 13.7715 10.545356 -12.629999 -18.035093 -14.972076 0.18287104 -12.752095 5.2260814 -9.936189 -3.3028734 2.521135 -0.2636485 -10.424252 5.655354 -9.981209 -2.4296205 
-299.64514 168.33742 -0.91644776 18.98391 -4.896116 7.176356 -10.26477 -21.70308 -18.960234 4.7411456 -3.663905 12.633307 -8.560398 -4.1393876 6.1841416 3.2000217 -13.258141 -1.0439777 -15.076161 -2.5285137 
-306.16687 174.44882 9.539009 22.37217 -10.88705 -1.6487676 -5.5421944 -13.758498 -25.650032 -0.9429903 -10.142363 13.3614855 -1.6714544 -3.5341659 2.694457 -4.309372 -10.570515 4.565484 -12.285113 -4.7158995 
-315.50348 138.62962 14.145803 38.78681 -7.795069 5.4997015 -6.6477075 -4.634769 -30.800337 7.673739 -18.19946 7.546488 2.2484655 -2.2815552 -3.9434695 -1.8539785 -13.85209 6.3364396 -6.7333508 -7.044027 
-363.55063 160.3643 19.044373 39.08536 0.65053475 -2.65048 -11.616033 -1.6897867 -9.882065 0.80224025 -10.166176 7.6619053 -4.3251424 -1.960261 -3.1081858 -2.3730032 -9.934014 7.0354395 -5.7914195 -2.2054737 
-381.99127 167.57344 27.687849 37.206455 4.9483194 -5.3450956 -15.689419 3.1011407 -15.492094 -0.3977119 -11.405496 7.176195 -4.501562 0.264092 -3.161977 3.1315277 -9.079626 4.726459 -7.037045 -0.96269524 
-346.2787 95.35497 16.589195 48.0709 5.9914 14.72651 -21.89503 18.21185 -15.32362 5.415724 -12.314229 -7.2179337 -1.8623602 -0.1265555 -7.876491 -1.0381484 -7.923823 3.936967 -6.1141467 -8.698333 
-376.59512 138.75143 12.520091 37.623825 22.123348 13.136987 -14.739066 1.6872027 -8.324446 5.7069683 -18.790215 -6.4254007 -5.115755 -4.1319923 -9.00378 -0.118857384 -8.0419445 0.4344013 -9.633117 0.7896565 
-398.79324 130.2622 9.719467 42.014553 11.82645 15.739185 -8.16011 4.0417733 -12.240566 9.943771 -12.132275 3.7252836 0.27366883 0.565113 -5.4570613 2.8465102 -12.490123 1.9803998 -7.447815 -5.144829 
-410.15027 134.60394 14.576202 32.317154 12.733341 10.088591 -3.1456199 11.370871 -9.897398 5.400181 -12.328422 2.217091 -4.4734774 0.6409958 -9.002529 3.807749 -12.009917 4.7611427 -3.190799 0.5410259 
-398.57538 151.59035 23.221481 39.908768 17.776575 6.073224 -9.371054 6.4166493 -17.473383 -2.2279963 -12.260837 3.6563137 -8.984982 -4.2325306 -7.0055065 1.600861 -10.249295 6.4522824 -2.9925013 -0.8092138 
-421.3549 141.13058 11.33207 34.57604 12.641137 6.6333814 -7.2220044 14.371044 -12.047832 5.6275134 -11.124825 6.547326 -4.603533 1.5249984 -6.461461 4.5362735 -10.8770075 1.0793248 -13.160717 -1.411747 
-421.51236 141.31041 11.3915205 33.651268 14.71934 8.661253 -7.382215 10.62477 -15.941465 3.2459576 -11.859166 3.6615055 -3.3239527 -1.0644629 -8.295579 3.600522 -10.998549 4.198296 -9.040721 0.2512314 
-421.4641 140.81873 9.991578 36.581135 13.111524 11.206134 -9.826124 7.6460066 -12.570896 1.5982289 -9.8852625 5.2426696 -3.5532684 -1.1779335 -11.2713 -2.0992658 -11.64583 -1.0811722 -13.018728 -2.586866 
