-591.8662 177.9516 36.590126 27.16857 2.6681242 29.303562 -17.29377 13.14642 -7.8667197 6.9700413 -13.849205 -5.7589774 -2.0930183 -8.1470175 -1.592401 -3.0959556 -7.4973125 -1.5697273 -7.6220136 -0.4622746 
-570.4143 157.56622 40.65889 40.116333 3.476136 32.010902 -12.518249 13.103161 -3.8907063 5.291807 -7.2610474 -2.7943394 -4.3109765 -9.862338 -3.854858 0.4884643 0.49882805 2.627515 -5.377305 -0.93117905 
-528.8419 131.11362 24.914175 35.481888 13.318106 19.302309 -6.795674 17.077614 -10.060909 -0.2874494 -1.734361 1.2034639 -10.967106 -8.887856 -2.4978132 3.4401045 -3.2189128 6.2214584 -8.696383 -0.29044458 
-540.2207 139.85739 32.930798 32.682148 19.58174 28.041456 1.2193183 8.029566 -6.858359 -0.44444236 -8.263937 -1.2823012 -10.692858 -6.5063744 -0.3347367 5.504419 -3.8967133 1.534171 -6.6399884 7.6038775 
-493.29477 116.027435 22.589493 32.679886 22.91706 14.324864 -3.1837897 -3.4628272 -5.6705422 0.58222896 -7.5139704 0.54550415 -13.901234 -7.7497153 -4.189462 -1.4740236 -8.53802 1.1248527 -7.0978985 6.8596888 
-524.83655 136.32759 38.73928 26.013023 17.626686 24.48056 2.2252872 1.0937206 -4.530341 6.220632 -5.3166814 -6.126606 -11.231846 -6.6804585 -5.898528 5.0307736 -1.454845 7.347265 -7.9858584 1.735608 
-443.75677 145.7959 37.457787 16.21896 17.465128 11.674776 -7.145323 -20.431248 -18.875383 -1.8512347 -4.459895 -4.749788 1.5748309 5.7682467 0.13929611 1.4488373 -8.19169 -0.8992656 -15.792245 -5.9144535 
-352.84824 143.60725 -10.057418 -1.3256556 2.2771099 25.38758 -3.8660088 -14.040083 -17.505709 3.5698607 -4.3851013 -4.0071135 1.5026997 -11.663158 -13.617011 -9.789059 -13.876984 -6.1574416 3.1812105 10.599199 
-369.80127 155.8384 10.908857 -15.054454 -0.3297703 31.0743 7.2211814 -21.32271 -15.0053425 -10.922503 -3.474336 -2.463212 0.42121917 -8.078121 -16.959496 11.202304 -17.306969 4.0715237 -13.818546 0.988849 
-416.20337 130.79716 32.799316 20.065437 9.045607 23.045958 -14.58017 -15.95394 -23.290838 -11.860378 -4.376709 4.9957385 0.49553025 -1.8906204 -11.543514 4.1022067 -1.9937768 -3.3248672 -12.845169 5.417205 
-438.83508 141.94261 12.04645 12.029548 18.249765 32.094364 -16.235256 -13.592651 -14.426376 5.467091 -3.1863985 -10.447292 -5.3937964 -0.62288344 -4.1654286 4.8829265 -5.5198655 -3.0102446 -2.5170655 1.5694453 
-475.17285 158.11856 28.543633 15.8060875 22.996557 28.492628 -16.324396 -15.961212 -16.605286 7.4709606 -7.289795 -13.781579 -5.8858676 3.9923108 -1.9324278 -1.2001766 -9.487378 1.3687441 -7.6771655 4.5287004 
-448.24124 174.50624 12.363927 -12.737384 11.48948 35.960293 8.922239 -8.289149 -21.846354 -7.433732 -9.250697 -1.210269 1.0943466 -5.9883327 -10.2338915 -2.6228006 -0.1358792 0.4851321 -5.0081964 -4.9470215 
-421.08148 107.70527 32.15399 11.756082 7.869813 32.106834 -5.9424825 -6.400885 -6.438835 -7.046919 -7.3166523 -1.2191631 -13.100948 3.2067723 -0.47930697 -8.754364 -10.046873 -1.1403596 -11.634759 0.52070457 
-506.42322 105.242935 46.713966 38.91647 5.821325 25.915312 -2.3034003 6.96509 -5.136718 4.0961585 -2.596702 -1.8755695 -17.234674 1.0600063 -5.0905776 0.17741881 -1.4132742 4.923574 -9.1544 2.4792101 
-460.38846 124.72358 33.01548 23.027426 13.822611 18.994305 -2.6235247 -18.561861 -10.785331 -4.476559 -1.0817105 1.230019 -12.481824 4.209757 -1.6115657 11.243398 -6.504305 0.08847724 -7.211939 -0.63178426 
-382.7817 110.58188 17.979073 19.981129 19.097206 18.185396 -12.899226 -21.583395 -15.525929 -5.3712935 -3.8323033 3.9615507 -8.892486 2.5691893 -1.9666972 4.9124713 -11.14759 5.5600605 -6.2067432 -3.8450003 
-411.09464 142.39684 10.34084 26.23345 27.22091 9.910221 -30.56008 -9.695934 -10.730499 -11.300863 -0.8295126 -1.3941661 -6.8759785 11.808643 -0.083264075 -14.442359 -8.488593 7.101713 -13.379678 -7.3003902 
-357.95584 126.43663 11.087527 13.620839 16.190615 35.177334 -16.144829 -38.89208 -4.1651645 -16.874632 -9.648029 0.5752117 -14.857052 10.052529 -4.51499 2.2134235 -21.063847 0.9199383 -3.7799776 4.6601315 
-405.9862 151.45486 45.036785 10.544944 11.086445 17.91301 -1.9927851 -18.100538 -28.915764 -15.387078 -13.540174 3.5059276 -7.5969315 0.5896158 2.226941 3.7296927 -11.951016 2.7475388 -9.188266 2.149918 
-349.75195 79.414406 28.127794 18.132816 17.596672 9.99123 -10.103184 1.513428 -17.460327 0.28141445 -14.487644 -2.0316381 -2.8114183 -1.5336828 -2.6837866 -3.177937 -3.8296657 2.5846426 -8.63811 4.834739 
-413.44693 116.30024 52.56378 24.440525 16.163692 9.84557 3.2020478 -10.169702 -18.36881 -10.8257 -14.562127 -2.2838306 -8.833624 -10.850233 0.11159282 -1.4583738 -2.7078094 3.4921896 -3.931574 3.2988212 
-356.48862 124.74463 3.9085286 65.56672 23.644514 -12.513032 -30.102945 -24.31543 -11.573928 -32.71522 -10.417454 15.467665 -12.45367 12.463477 2.2024546 0.5743069 -9.023146 8.161044 -15.120634 0.26021194 
-383.1615 125.13007 23.199282 15.291219 9.75498 6.602595 -9.244151 -15.508887 -21.47673 -6.9917393 -13.548757 5.7525506 -4.4524317 0.076352544 2.0812314 3.1766777 -11.630435 0.16122378 -11.956623 -2.359012 
-402.97168 110.58348 39.945393 45.353603 14.413581 -1.0926743 -14.775269 -8.3666935 -13.2477455 -20.637459 -9.662829 1.3908247 -14.080279 -3.8279474 -2.6293955 5.289004 -4.9672155 2.9601607 -7.214236 -1.0866047 
-470.1414 156.73293 27.284029 37.870163 19.746052 -1.7166091 -25.827187 -11.581784 -13.836863 -11.268657 -7.006578 -10.154317 4.7444067 4.122744 -0.57186943 0.40659106 2.5864046 2.5516725 -19.205013 -5.299185 
-576.08325 168.68916 38.71087 38.25036 3.5230465 28.451317 -14.994485 8.877002 -9.6052885 7.833002 -8.070354 -2.9345398 -5.54383 -4.2148943 -1.478861 -1.0528007 -0.9468133 -0.057161346 -4.6522603 3.5320997 
-541.4838 159.15692 29.829908 38.971703 4.424329 23.109514 -13.860367 4.373889 -8.480468 0.21919478 -9.4517 -8.305512 -10.392292 -7.664213 -3.5138166 -0.56625915 0.44056594 6.896741 3.3033726 -1.4405863 
-539.7676 158.88376 34.49639 40.38016 5.943986 22.191643 -15.700051 3.880669 -4.2112265 1.6756257 -5.727006 -2.3687577 -4.3310513 0.6933757 -1.770307 1.1060024 2.2305896 -6.860028 -9.3707695 -7.5453787 
-554.35767 165.71217 42.992985 22.533945 6.2943 29.240364 -4.9670277 0.3322309 -11.179687 1.7573715 -5.9027066 -4.5074396 -7.0690303 -8.436131 -3.4131966 3.7245603 -4.4116573 -1.1636169 -5.2123294 -3.274172 
-480.64832 203.38191 33.22043 4.4235196 -15.84569 -1.1877098 2.7407424 -14.342838 -25.074215 -11.368607 -0.509878 -1.8109872 15.131755 10.632523 -6.8585925 -1.9948657 -14.200954 -7.3459005 -1.0587162 1.0207926 
-486.09195 188.95793 46.150345 14.242964 -11.305286 1.1554178 8.853811 -18.752968 -27.174627 -13.787921 -1.555628 -2.2992542 22.773857 8.162977 -10.157696 -0.5212737 -13.546157 -9.388866 -1.0672212 1.3971212 
-472.80972 174.15025 50.40528 5.4512277 -11.753698 -3.5008712 7.0088687 -16.3059 -23.539818 -10.148441 -10.406139 -7.483706 17.955715 13.705952 -8.7842655 4.8822775 -13.697968 -6.352027 1.7491984 2.3858824 
-454.276 159.99559 54.541878 6.5873117 -6.011589 1.0825754 8.8809805 -9.075199 -20.623802 -13.136066 -16.282806 -2.439334 10.051689 7.525076 -4.2900715 7.0962963 -10.893955 -5.3182845 -2.631174 0.11121866 
-518.7367 149.57178 35.35722 29.398851 8.897831 24.151768 12.199642 6.0370464 -10.087587 -5.361161 -15.607317 -8.2435055 -3.1980333 -1.3614687 -4.072933 -2.723929 -8.555534 -0.350908 -3.4140823 3.8549292 
-545.0876 151.94862 50.07396 37.746895 14.573927 31.308048 5.306772 9.18968 -1.0550988 2.1965468 -4.70495 -1.0263996 0.84388393 -6.846273 1.2131153 2.3690066 1.4057155 -2.0211458 -5.7245617 2.2216923 
-547.9628 152.81781 29.309425 38.235245 7.825009 30.010904 -9.215025 7.99155 -2.932208 -4.6091137 -10.707321 -1.9999003 -5.926134 -11.117252 -3.4447565 3.5430708 -2.6362734 0.891425 -7.276463 0.92339253 
-380.33865 147.8399 21.549866 10.003238 -5.4694834 18.540806 -8.819579 -25.660023 -11.433918 -12.067471 0.9702876 10.079907 0.6898437 1.7872895 -11.296465 -0.22079627 -5.3586864 2.9499667 -0.76866734 1.464537 
-351.3791 113.190544 40.344658 28.688293 -3.2564414 5.9192176 -11.104649 -17.516933 -12.400675 -17.466446 -15.092092 2.7227597 -3.7240973 -2.225816 -14.012309 4.4084125 0.4312929 -1.8660963 -6.0508366 9.611089 
-391.68823 117.77051 36.427044 39.96374 15.011366 5.3606825 -18.646282 -15.216705 -7.203526 -7.5498724 -20.412746 -10.879353 -2.503588 4.274835 -17.938183 -2.556271 5.860185 3.9485805 -14.205171 9.32127 
-433.45163 134.79941 42.284687 50.512028 13.108296 1.1061884 -16.782139 -8.524561 -10.794117 -19.091774 -17.911583 -2.404377 -9.66691 -3.6348615 -11.789839 1.7202424 -3.1613078 3.0831122 -8.966909 6.5990276 
-379.61877 109.308846 16.673218 23.378296 1.3513349 21.742044 -2.6766858 1.0523088 -23.252941 -13.32702 -12.724192 10.74278 -4.3865685 -5.2767186 -6.2539563 -0.2326089 -8.831303 3.2982645 -9.419476 7.4836926 
-438.81317 146.48305 36.838547 9.652352 -0.6110024 29.02815 -0.70678264 -13.515011 -24.652086 -19.095497 -1.542857 9.837482 -0.42645305 -0.8135151 -1.1663624 -2.4786096 2.2573926 2.6115987 -12.826481 4.1662292 
-414.37155 98.27804 55.371685 21.130814 5.9917912 20.13562 -5.75748 -11.545908 -24.655895 -12.932661 -12.541209 13.307987 -9.941724 5.3930945 -2.8383493 1.3180549 -4.4921775 13.204318 -15.551646 3.8014712 
-494.14856 139.58289 48.33612 31.775116 19.949293 31.146986 -8.896757 -9.603022 -23.36486 7.480337 -11.322041 -0.8183632 -13.547306 7.9900885 -1.7399966 2.7057369 -6.6114755 2.3446126 -10.226259 -0.4358279 
-432.75977 81.39495 15.955582 54.9765 0.45119965 18.797543 -4.629066 9.265057 -7.5332165 -2.871164 -14.061794 4.677274 -10.179741 0.6348791 -8.788513 8.455646 -8.330395 0.9349075 -6.716434 3.6168087 
-448.821 82.02438 20.928444 50.167603 14.8296795 24.233992 3.9874616 0.43453395 -7.1054378 0.9970684 -11.562315 0.55666757 -12.475006 -1.5855372 -8.347148 4.575822 -9.490899 11.469476 -12.034775 -2.5900612 
-547.40985 161.03218 26.105215 31.217333 8.546742 35.772427 -2.238045 -0.0710956 -8.307279 5.27046 -13.849816 -8.754301 -3.7026541 -6.291095 -4.292643 -5.020322 -5.9934306 6.5161853 -5.0238457 -2.166358 
-579.07935 169.33415 46.434494 31.641354 10.608302 32.08343 -10.407375 10.320376 -7.205309 1.8448876 -11.229335 -8.102271 -6.718254 -9.466885 0.14828508 -1.8424487 -1.6431267 -0.06521138 -6.4169865 -1.7153186 
-432.04333 172.3774 11.999034 -5.0289755 8.585491 22.936249 -3.5389724 2.7812471 -30.844984 -5.8979273 -4.6333594 -2.503213 -6.631115 4.4362183 -14.897337 -0.6356254 -9.878113 -0.8383447 -5.042058 -2.615529 
-432.0371 163.08916 33.59968 -12.36966 -8.003052 14.775234 16.830925 5.0989914 -18.72606 -1.8320113 -16.159971 -8.029982 2.401081 -3.7411346 -16.201714 3.6904745 -18.406998 0.9181652 -4.3179307 -4.408731 
-402.52872 171.49669 28.50862 13.380008 -32.1411 3.062438 5.4788704 -9.708788 -16.651955 -13.024516 -2.0939734 -10.991146 12.552554 5.5434995 -17.200071 -0.60543674 -18.05131 -1.3016564 -5.2182918 -4.1896844 
-387.49652 151.3854 42.12623 14.177603 -26.139616 -4.3267555 4.2188315 -15.677952 -16.746216 -9.319247 -5.734566 -6.4413486 5.5024486 15.446782 -14.276225 10.670017 -18.9677 -1.34386 -8.847247 -3.1741188 
-481.7795 175.44415 71.092476 22.50744 -4.8122344 -9.910001 -3.6866307 -13.588604 -20.206158 -9.956972 -19.62007 -12.086071 1.2298224 4.315323 -2.0864809 14.607169 -5.109716 -4.0454035 -4.914033 -1.254421 
-396.07556 127.8415 14.18874 21.27307 6.9953566 29.118273 -10.927125 -7.0997105 -30.80529 -4.2922397 -2.1184106 2.327281 -2.2384481 -3.3396356 0.9019697 -6.675935 -2.2176654 5.8257494 -9.279047 -5.0595226 
-396.4237 163.38121 17.935383 4.842626 -11.776529 18.056355 -2.4350796 -17.407818 -30.020535 -6.2922006 2.1297626 2.6769636 2.905575 -6.48433 1.3492861 -10.755012 -5.490455 -4.110078 -16.353477 -5.7273483 
-377.99567 83.6476 45.159744 28.250257 -4.2603326 26.626724 -8.826313 -21.367855 -18.249054 -0.152939 -14.44902 -2.7141793 -12.380021 2.3569472 -3.9477186 0.77020085 -8.29324 5.3509464 -13.307281 -0.6004152 
-424.29636 144.60922 25.197268 8.461499 11.072462 38.084454 -9.575792 -17.308043 -21.577112 -0.08451017 -4.292213 3.2558591 -8.551871 -0.71607727 -3.0083559 0.2878009 -4.2541428 1.9030781 -8.356388 4.401475 
-410.86182 170.30751 8.840071 18.653389 24.173897 27.340569 -27.978592 -32.958855 -14.80858 -12.194303 -1.3586929 -3.9058008 -12.031361 10.221615 -2.686198 -4.267133 -10.938037 5.3861427 -11.314453 7.2174664 
-388.55945 154.80473 1.9345174 20.275057 10.43667 24.841488 -30.069162 -19.629509 -12.33226 -8.817801 0.7209263 -7.7359586 -9.076415 13.640039 -6.357577 -15.429452 -2.712649 3.6682086 -12.515456 5.585753 
-373.76175 149.0273 8.739729 22.00102 11.331902 16.795078 -31.864332 -20.287804 -6.101206 -8.198873 5.921931 -11.148158 -18.02368 5.2723427 -4.5114064 -11.4744 -4.2340083 2.8375125 -5.273294 9.204408 
-375.80246 52.875134 52.736214 32.34974 11.887534 26.394243 -20.784996 1.5537446 -14.358891 -5.3644576 -16.65094 -2.3761816 -3.376657 2.5298107 -10.948077 6.0439243 -4.9486103 4.658613 -7.6988626 1.6376917 
-367.76556 91.85627 49.867172 14.192243 5.497057 27.279243 -18.409294 -9.581053 -25.38903 -3.896412 -15.019789 0.71599895 -9.457232 7.7734113 -4.181492 0.39243487 -7.646332 8.762555 -11.784802 3.3861175 
-429.0158 161.62677 41.011528 -6.4339614 1.8539628 14.634449 5.9221487 -4.582865 -18.94587 -3.0971956 -4.5567417 3.2005398 -3.658312 1.869521 -11.157678 2.9777281 -9.8469095 6.9246078 -10.399429 0.97434753 
-411.8487 105.17636 43.898026 29.940884 8.045345 29.940464 -16.597462 -21.157864 -22.939104 -2.7433882 -12.333817 -1.4391005 -15.303944 13.021442 0.5272332 3.026349 -6.7942896 10.163133 -7.1135883 1.5058856 
-504.9195 155.88121 42.141888 40.269905 9.131511 19.669613 -14.139421 -12.058882 -10.743668 -5.988531 -9.151833 -11.520263 -6.364675 -0.8027273 -3.8808851 -1.135788 3.4273891 3.1945379 -9.065105 -0.3341235 
-560.46606 162.40787 33.12521 36.66519 2.756692 27.987759 -9.264644 5.1327043 0.35841513 1.007563 -11.106517 -4.3441477 -6.6741858 -7.7955694 -6.849272 -2.9887264 1.7721692 2.399031 -3.455719 3.5697768 
-515.5438 146.17516 32.649246 27.336096 3.1508715 21.14184 -8.285424 2.7049005 -1.0466604 7.0638595 -12.697905 -4.5044065 -11.979133 -2.2770731 -7.047492 5.4377947 1.8281738 14.674044 2.9388032 1.6149654 
-564.7322 168.28296 41.468155 32.10239 7.526484 19.529613 -11.2659 6.1549053 -14.653148 4.280962 -6.4372854 -3.0353794 -6.468105 -4.651094 -6.2927465 -2.294426 -4.996626 0.9516537 -6.4142203 4.189943 
-517.31226 161.40656 43.631477 6.9742785 5.832249 22.453957 -2.611558 -7.485189 -19.325811 0.13993137 -6.4859405 5.6077785 -0.07508373 -3.522624 -6.3410697 3.8600986 -9.549729 4.400564 -8.695139 -0.46976423 
-420.78094 162.70322 32.93416 -3.1727011 -12.545194 19.049185 9.015247 -22.696978 -17.322245 -18.633627 -11.698103 8.555232 19.444534 2.96866 -8.273338 8.821654 -21.93268 11.832105 0.93846583 -1.7299442 
-451.62146 170.30083 41.994522 3.28482 -4.021199 20.369566 5.657713 -34.974174 -19.173399 -14.531254 -2.7122562 -0.05516897 7.682058 -4.284628 -4.6776266 9.219845 -13.210542 2.8078082 -9.645821 -3.0326936 
-562.47107 160.65231 46.758568 29.823439 9.771888 22.91279 -8.355584 1.5614686 -11.8663435 2.5723653 -6.3074493 -3.25505 -7.5468698 -9.412952 -2.429853 -0.68216735 -1.0909028 -1.5794649 -7.5752115 -2.2824414 
-531.0445 131.14955 45.89364 34.481457 5.1219277 24.955257 -4.60759 2.2444756 -6.754949 5.573392 -15.166331 -3.2769156 -9.550429 -8.56441 -2.6518664 -0.39055708 -4.223579 3.871042 -9.467252 0.40664747 
-418.3734 91.51796 32.93851 20.953653 16.962944 23.292849 -4.655536 -5.2339597 -21.263947 9.461096 -12.71516 14.126961 -2.2715933 0.56396604 -3.026941 -2.0935495 0.9651996 7.8577065 -7.6627088 -2.3009024 
-395.24548 156.87704 42.97001 9.947386 -20.813704 9.408054 6.2233768 -14.561924 -32.151115 -14.923204 -7.3462806 -1.0641773 5.391306 -3.6915326 -4.911378 -8.963366 -9.526308 8.531189 -7.43996 2.698821 
-374.24338 129.59691 29.98821 7.3538785 14.063564 11.586135 -10.332814 -10.883329 -23.066603 -4.357008 -11.205355 0.20441955 -9.71609 2.0481277 -5.929667 4.2207522 -11.119057 7.3974175 -12.198936 0.6100595 
-409.46826 107.751335 43.829227 37.801823 15.790403 5.462913 -16.841972 -9.359161 -24.629555 -4.713137 -18.184578 -5.9928536 -7.5900598 4.32208 2.5308478 -1.1489304 -7.2300897 5.23016 -11.515323 0.6183771 
-467.96332 148.05646 36.965652 38.533886 22.639154 3.3204355 -12.806464 -12.282446 -10.661558 -8.601523 -12.094784 -2.7807589 -0.12278167 1.2822776 -2.2244186 2.441083 -4.106176 4.5806003 -14.296543 -3.4723105 
-453.40192 161.2275 17.697565 38.317947 22.081024 4.1289854 -12.10391 -24.846468 -21.8549 -13.189495 -6.1984596 3.216379 -5.8770766 -1.7511984 9.990535 -4.7729273 -9.470748 9.721473 -11.367774 -3.2967503 
-397.54443 151.78378 21.674973 12.524984 19.363083 14.907327 -17.079247 -29.98073 -25.086515 -7.262453 1.6770234 -0.41078374 -7.7747226 4.083823 10.201482 1.5338397 -14.387364 11.065464 -8.6945305 1.4251343 
-456.6097 184.70964 42.42189 -0.7881492 -7.3540792 20.24361 -0.44512498 -19.950806 -28.642103 -11.026276 1.9313657 0.60175675 -5.4545913 -4.0895214 -6.0726027 0.39269972 -2.5595005 6.1104584 -11.372794 3.1647823 
-461.31342 135.5727 45.293316 35.53946 17.238007 12.44706 -13.132104 -14.978161 -17.650404 -11.95698 -5.1592617 7.656507 -13.104708 -1.8886749 5.558642 2.5303154 -5.935963 4.086982 -10.586211 0.08522977 
-435.24097 147.13411 35.31738 40.643444 15.757377 -8.534573 -9.99785 -11.145105 -12.781647 -20.851925 -10.434916 3.2662756 -13.240403 1.6400094 0.63087463 -1.8241926 -8.241197 7.220871 -12.050535 3.6563365 
-385.43628 140.57364 21.115656 52.77649 11.317627 -7.0823817 -5.675671 -19.243881 -16.722069 -30.14924 -10.786504 1.525374 -12.975957 2.8158293 -1.8504614 0.8149588 -0.73246104 -1.4031919 -4.9357896 10.765316 
-435.81137 152.09444 22.511625 52.066147 11.087725 3.4108958 -0.20112737 -12.11673 -15.160601 -4.30496 -4.38131 -5.1095963 -15.140803 -2.073806 16.01812 4.7436643 -3.6147046 2.0163043 -9.429288 0.44643816 
-503.56097 140.84593 42.995052 42.371605 23.908047 8.886734 -3.434144 -8.706838 -13.954879 -0.8574727 -13.697201 -16.793293 -1.3259357 -3.1002557 2.9441698 0.713989 -1.1497012 3.5102923 -4.0178022 -2.9455266 
-376.2071 95.58465 38.046772 54.0491 18.219568 4.377255 -22.227081 -3.30982 -21.9536 -19.917421 -18.851927 -0.09685686 -7.428191 -5.0520573 7.6208515 2.18881 -3.8507657 11.235521 -10.524757 2.6571045 
-362.27405 84.01268 43.933346 46.573277 8.399046 10.0619755 -23.658089 -11.226299 -21.662746 -8.431595 -15.928945 8.754437 -11.582348 0.49397898 9.108491 3.6442091 -8.506767 8.227989 -15.06308 3.1687176 
-402.5249 143.54965 18.709455 46.91685 35.292236 -8.950322 -21.348112 -14.776127 -15.676662 -17.923294 -14.746077 6.934904 -6.2280645 3.2123933 0.41932052 3.4527187 -7.930174 3.7137728 -13.0356455 1.1888164 
-455.12585 140.05054 33.76977 54.299988 23.361729 -10.380634 -14.614941 -12.013107 -13.582943 -18.689953 -9.463491 3.760721 -8.031056 -0.32729805 1.0738208 1.0990825 -6.640612 7.310623 -11.986355 -0.88839203 
-526.23645 163.57915 39.820446 37.736305 19.820963 12.306661 -11.084161 -16.897024 -7.8374133 -3.9473376 -10.017904 -13.035163 -2.4148445 -2.589975 3.635395 -4.813145 -2.1999674 1.8388574 -14.553972 -4.4624205 
-526.9548 138.12201 27.394543 41.765453 13.751035 20.105062 -1.605021 -3.7017 4.5697293 6.3937554 -13.37645 -3.4927547 -6.941928 -1.3092482 -0.2847788 -2.274399 -5.3612733 8.732128 -8.475567 -2.53329 
-559.9209 157.884 31.678131 36.62621 12.180073 34.56157 -5.273707 -1.4795567 -2.636222 9.143398 -11.090016 -6.33934 -2.5976021 -8.071122 2.9225745 -2.6958513 -5.667416 4.9709005 -8.556997 -0.83053625 
-584.6985 170.59796 43.56896 38.72353 6.416155 23.457653 -9.705446 9.664789 -6.5152736 7.4032397 -9.252605 -9.722973 -7.3698087 -10.959016 -4.410137 1.5188764 -2.2959623 -0.66052246 -6.935782 3.7520878 
-532.0497 155.22723 40.807915 40.325733 -5.475163 17.587284 -3.0434997 -1.0057694 -12.306423 1.1559758 -7.8212085 -5.8409023 -6.88602 -5.728268 0.28050497 8.186285 -5.8921223 0.17133388 -1.4785857 -2.993733 
-537.5178 151.56187 38.93199 30.23322 -2.9621878 12.158929 -7.638347 9.854076 -6.758175 6.4309072 -3.0721123 -4.517362 -6.1489563 -6.4546347 -4.5236483 0.45980105 -3.3324697 -1.6261215 -8.435153 1.4618503 
-518.5217 115.59855 54.944504 17.256062 17.570326 20.111914 -6.1321054 4.5217023 -7.5883846 3.5623348 -9.961131 0.010618422 -9.844258 -2.5104778 -3.1452544 -0.77351314 -6.838852 0.93591404 -12.481709 2.4088805 
-516.4481 155.97504 28.071861 23.805717 13.989376 27.141106 0.26828808 -2.0723722 -13.174042 -5.686736 -10.0135765 -5.9656134 6.6857824 -7.934871 8.304279 0.37337282 -11.867107 -0.577332 3.5508616 -3.7905781 
-389.9338 131.6769 34.14971 4.153679 4.6337485 13.413217 2.687684 -10.725788 -20.404297 -5.6673985 -13.352227 -2.1397126 8.192577 -2.4675038 1.9824641 4.434984 -18.855076 -0.043089654 1.0208898 0.12604147 
-391.6796 132.362 22.95797 -5.962968 9.267612 23.717377 -4.1144805 -15.088002 -23.939774 -1.6599628 -14.132695 -2.4728982 -6.8465114 -5.334799 1.368104 0.5575549 -17.058435 -4.172814 -8.57209 -3.513231 
-326.1974 145.56982 -15.26746 3.7371886 2.3450496 5.741407 -11.533459 -14.243343 -11.445723 -10.711964 7.762144 6.90251 -18.634361 -4.492864 -2.943909 -2.762182 -14.185978 17.158222 -5.5820856 -1.548322 
-422.0879 128.03255 20.495155 28.615644 25.240385 12.653107 -8.259933 -5.576391 -7.692043 -6.6599445 -9.649677 -0.2571894 -13.597151 -3.600478 -6.5878983 -0.65418166 -10.345902 1.2052583 -11.206405 5.0407367 
-388.97424 135.33446 29.162476 12.785226 17.730139 23.988358 -17.81382 -21.98145 -43.036636 -2.3540332 -18.002298 3.7284536 -11.269917 -3.3944845 5.076403 5.392276 -19.371944 0.56956553 -6.8352337 -3.643873 
-438.22375 136.2856 30.06212 33.557938 18.201593 22.30634 -0.17178853 -29.018847 -34.085808 9.09889 -4.8003635 -2.6588197 -10.16695 1.8352642 0.50684255 3.0985792 -9.002497 1.1587828 -7.839979 5.6013913 
-433.5755 106.01649 5.938268 30.068583 19.372019 34.92483 -5.373592 -8.366412 -16.73706 4.317225 0.15160611 -7.1843786 -9.856237 -1.7840086 5.2315197 3.2822893 -8.028249 3.3744423 -7.5686893 2.1929638 
-386.84097 172.28812 2.5166237 3.1832962 -11.081862 13.708391 -8.575371 -7.769141 -25.417841 -10.103636 15.010998 6.744076 -6.31327 -1.1925538 -3.4534369 -11.542875 -16.219297 7.2126083 -4.5860214 -11.764229 
-417.56155 186.77618 14.921494 10.747274 -11.545518 9.094071 -12.162496 1.3170245 -21.78965 -7.364752 -1.7407159 -9.356064 -15.747452 -4.805982 2.0157351 -5.620945 -8.638535 6.221709 -4.502691 -6.4592137 
-403.50723 157.5637 33.530693 9.266114 13.602649 13.595014 -3.6718433 -24.278515 -36.11951 -20.185265 -10.895455 6.091967 2.5602186 5.6993184 5.061192 2.3609915 -14.258617 7.1969266 -11.616548 0.75377107 
-379.87045 109.18228 33.827442 31.168068 23.223726 18.065374 -28.649641 -21.36828 -19.936039 -3.8602533 -10.714874 -3.4661257 -7.548655 17.463228 -2.3382318 -1.3781054 -2.3590357 4.450912 -9.580489 0.45960104 
-390.36606 133.01088 34.6649 24.53998 20.228247 3.6751208 -15.2134905 -30.436903 -33.170715 -16.924501 -14.565584 3.9513915 -8.103651 10.076967 1.8783476 -5.739771 -5.7719483 7.5997 -16.44398 1.070489 
-402.89877 89.42996 55.40287 38.599457 6.66203 21.526415 -30.66726 -12.042325 -7.6607494 -11.593804 -11.756392 8.9011345 -11.414386 4.598427 -6.4157434 -5.975292 7.563647 -1.8510982 -15.72726 4.4335995 
-454.03214 70.064026 60.012283 45.21257 11.086657 26.14526 -19.301128 15.360238 -23.505217 -5.2379885 -7.6377325 5.173352 -22.054655 2.8158646 1.3896542 -3.426193 0.48055956 6.3210316 -6.907301 2.8705368 
-514.67487 138.58336 39.114826 24.776642 11.507099 21.479744 1.5756539 6.9635344 -10.115769 0.6837895 -9.921299 -2.44641 -11.014278 -1.7971698 -5.387217 -0.5756283 -5.2748423 7.275872 -7.487853 0.1161863 
-561.43713 168.3547 43.437893 32.714226 5.79302 22.354183 -6.3135333 10.802588 -8.438493 4.609931 -2.9458911 -2.920592 -3.3994722 -7.7803245 -5.1907754 -3.3970041 -0.10546488 -2.229907 -11.227306 -0.08891506 
-557.37195 158.8916 48.215042 30.558329 4.1848063 27.559904 0.014412615 2.5811718 -8.002908 1.0006772 -9.355991 -5.2474127 -9.559598 -10.946438 -4.8478417 1.7501005 -0.14094247 3.348832 -8.093447 0.550228 
-554.51996 162.90125 50.927647 33.177246 5.8119745 27.97062 -2.2127159 6.340704 -7.558427 2.6304767 -8.812581 -2.4599285 -6.980418 -5.8098803 -4.763649 0.2972024 -9.055787 -0.93347573 -10.227405 4.6345773 
-542.302 155.22011 36.919163 30.233728 0.65052146 25.137207 4.0273747 -5.2408547 -8.618035 0.6950531 -11.089191 2.7004597 1.0518831 -5.261377 -1.9712852 -2.010821 1.840634 -3.2958965 -13.684531 -1.7988588 
