-392.46222 132.33012 20.922981 34.34524 14.695179 10.486871 -6.3391485 13.514462 -5.459255 9.909826 -15.087093 -1.9079683 -13.315093 3.1363795 -8.578349 3.7649906 -10.203104 2.362925 -9.559828 -1.1794974 
-379.2221 136.41595 28.26249 38.611164 18.135084 11.699422 -5.8925767 13.35967 -5.3868346 9.938055 -10.93836 -2.03147 -12.404677 -0.68423295 -9.793165 6.6977277 -6.455359 1.617805 -11.690288 -1.2786009 
-385.60495 130.58423 27.003296 33.070976 15.617722 9.603911 -5.0194874 13.473444 -8.032988 9.861671 -12.199657 -0.4639454 -7.051583 1.5396358 -8.912208 6.246438 -10.079514 1.4488232 -10.727714 -5.616238 
-390.2684 133.68062 22.599316 33.00023 14.412637 7.9404078 -9.219462 15.199421 -8.116291 9.4766865 -13.126014 -1.6421484 -4.660308 3.289239 -9.677519 3.0875323 -11.6619625 1.3593444 -9.416471 -2.9507906 
-382.536 129.57718 25.30706 31.998318 14.564365 10.742894 -4.448467 18.616226 -9.681525 8.581635 -14.16057 1.9229245 -11.635102 3.1236362 -8.752427 4.017456 -12.51223 2.7318523 -5.4715824 -0.25359237 
-365.9802 138.45872 26.990679 37.23137 2.2258484 8.983455 -8.627089 8.882078 -10.862823 3.0333278 -17.747822 2.7930002 -5.5254407 3.1583247 0.6165883 3.614432 -8.555839 0.097870216 -14.092558 2.4482434 
-260.33865 97.88234 3.9448156 59.30104 -5.0846906 2.2954662 -15.939999 -1.3220917 -18.331553 8.081366 -27.429749 9.602386 10.78285 -3.716053 10.264587 -5.8859816 1.2740803 -2.100875 -15.189935 7.1022706 
-274.76114 100.65433 -0.082127675 55.22066 4.488946 -8.719915 -24.875029 8.229893 -10.183529 -1.3356425 -12.169753 15.3537445 -3.5345392 -4.9604497 -2.107455 -2.5628417 -13.530224 -4.2392707 -10.379168 -3.671173 
-236.81071 98.78646 -8.204588 89.3429 -18.320671 -26.477745 -6.9815845 -2.138587 -19.21602 0.7679683 -17.357866 22.977573 -15.136985 -4.1715155 17.236927 -22.26867 -4.436247 -5.829523 -11.990032 -3.1314948 
-279.66116 72.68669 23.368038 81.72348 -6.3571606 -3.282954 -5.1051545 9.142748 -18.828268 2.0789478 -21.445564 16.60252 -13.658868 -2.6321194 11.564503 -7.7313724 -8.801144 7.7547245 -15.615356 3.7218654 
-291.89294 109.02838 0.0011953778 70.00317 14.284225 -8.885759 -23.529676 18.18043 -13.593635 -15.723587 -29.888184 27.571243 -18.562012 -19.662394 20.632236 -4.699073 -19.108736 6.009717 -18.751272 -3.0611959 
-328.35303 130.22227 -3.5789692 79.439156 12.512095 -12.451763 -3.8588994 11.093685 -9.579495 -11.135227 -20.39659 19.706594 -25.27549 -12.769678 20.180435 -6.458336 -15.831367 18.63743 -14.305232 -0.20364778 
-355.54453 131.62299 9.74852 59.117325 7.3675756 4.1590595 -2.0849864 3.181961 -10.945319 1.8117038 -19.259148 5.3381076 -17.941519 -1.8135768 6.851611 -9.330647 -10.87105 9.854336 -19.604881 -1.8526177 
-391.8059 140.65785 17.59491 32.520985 11.971796 9.667261 -5.1201477 11.561125 -8.331532 6.5369053 -13.442907 1.2137951 -8.008709 2.302247 -9.879576 5.006602 -8.2932415 2.564025 -10.112652 -0.042473607 
-393.58435 132.41565 18.64703 34.12548 17.056154 9.443558 -9.69953 11.747901 -6.826521 9.061973 -11.504452 -1.9819883 -9.135605 0.7805684 -8.696667 4.5711255 -9.165013 2.5662725 -7.894915 -1.4371879 
-384.63464 131.39362 22.037254 36.670876 15.42628 10.614069 -6.2882547 10.369474 -10.026028 7.9467173 -14.617552 1.539052 -11.1617775 0.29078767 -8.79284 2.6089866 -11.266006 4.338525 -9.663408 0.7548433 
-250.40994 122.311874 -9.517241 17.033375 -7.9158497 11.022169 -8.287677 6.991668 -17.408014 3.4946136 -4.445692 6.1903067 -11.603143 0.031737115 -8.214741 -9.600517 -16.05585 12.208105 -14.978175 0.3400437 
-273.8795 136.16461 -15.775223 31.62127 -3.2562506 -4.02015 -14.538505 8.506669 -15.206909 -3.8954942 -4.685627 13.105768 -14.827813 -1.183731 3.7420251 -11.049097 -7.3833585 11.179371 -20.180363 0.5098731 
-254.16005 129.04782 -7.6419973 30.75312 -17.464712 14.299462 -9.948607 -10.393715 -11.135436 19.261715 -7.3347626 17.350313 -12.261198 -2.1864417 1.0145544 -21.457842 -11.405844 2.7265196 -10.694095 10.783169 
-322.1043 138.91373 11.4791565 26.646852 -13.777679 15.638536 -3.0248957 -11.034574 -14.853036 16.645155 -9.151172 15.667812 -8.030563 -5.6154304 -8.959325 -4.4539175 -7.7152033 -3.3325264 -7.3793607 3.7464578 
-385.67792 130.47618 19.174274 33.83137 14.061426 9.241917 -6.7876086 10.246885 -8.346535 6.87302 -17.978651 -2.4785335 -8.987522 3.1064923 -7.1196747 2.655835 -11.32458 -0.7199668 -11.607697 -2.0025406 
-381.40698 128.73389 18.302275 36.404804 15.855565 10.894426 -7.421381 13.24137 -4.893444 11.262793 -13.755293 1.4421012 -4.653177 0.6537064 -10.648082 2.9952986 -11.195322 6.702629 -11.452941 -3.5142126 
-329.1877 125.19926 15.759335 46.83815 10.608578 1.1503862 -10.239279 1.9259788 -12.10183 1.0755335 -17.600758 3.9533436 -8.184889 -3.1695476 -0.7950268 -4.26143 -8.984947 4.2636847 -10.214415 -2.4885 
-280.9121 155.52052 10.08271 15.147422 -28.331854 -1.8000052 -5.106721 0.73963493 -19.561892 11.457709 -18.065048 15.418527 -0.9470199 -10.141541 -0.8245996 -16.836998 -16.005144 4.223803 -10.031165 1.6502751 
-340.3781 143.00699 27.054342 33.908665 -11.973507 1.7974137 -12.412907 2.8328862 -7.452818 15.361515 -17.857033 15.566279 0.49413478 -1.4934076 -5.1964545 -1.1025841 -19.91848 4.80151 -10.5923395 -2.5081527 
-241.98615 106.55139 -31.421776 51.636276 -6.044385 8.938173 -6.243296 -3.680009 -11.04504 8.588465 -24.019295 14.482383 -4.08968 -9.920771 -2.6075363 -10.997134 -8.047027 8.60965 -21.086205 0.0046103797 
-281.35202 137.42848 14.032789 23.075577 -13.876147 13.7736845 -9.316359 -0.6879 -13.467823 6.2456574 -19.557661 10.057373 0.09464547 -10.728237 -8.40973 -9.513866 -15.773721 6.9757175 -13.780022 -4.7278996 
-302.15555 80.6631 45.348038 55.20201 -4.466075 12.91949 -12.512334 8.088637 -14.323154 10.688068 -27.052822 12.113462 -14.982208 -5.814532 6.2931232 -5.6416254 -11.931355 10.334783 -14.739397 -2.53275 
-305.79828 137.86267 -13.012875 39.349586 4.9725823 14.3333435 -4.452108 2.1026485 -16.099245 8.753392 -11.0419 11.540702 -12.267521 -4.0013027 -1.0325987 -5.2098827 -9.628837 10.742682 -22.29199 1.7502627 
-264.17816 125.89689 -15.031475 40.140007 1.4300297 13.8894415 -16.395536 0.26621956 -5.0715466 5.615735 -12.929871 13.020749 -13.34723 -0.26618406 -4.5278115 -17.871044 -1.8607996 0.67072034 -19.648464 5.863706 
-295.13757 106.0046 37.724216 47.22164 -0.6573657 10.309372 -13.012874 4.3009944 -15.296239 1.2845483 -6.297651 7.476766 -14.706711 6.610224 -5.294882 -6.2828436 -10.454094 4.090426 -12.869971 0.3778113 
-317.78778 122.59318 12.2175455 48.856125 11.446288 -0.8558554 -21.01781 5.508776 -6.900248 -0.48765436 -16.557247 13.501391 -9.220203 5.3000684 0.5675102 -6.8622227 -3.2933416 6.185271 -22.778042 1.1975167 
-297.72183 134.73927 -1.8425852 46.96621 -9.021825 7.8149853 -18.235817 -15.05151 -14.129553 8.279789 -5.035149 26.879766 -12.48049 1.4268453 -4.7237167 -19.165741 -2.543902 6.23522 -22.636866 5.581347 
-367.92618 135.35016 22.27436 35.45081 0.81433225 15.745856 -2.7358315 5.555386 -9.064385 6.73542 -11.858179 12.167773 -12.736633 0.16509503 -6.401096 -3.2282455 -9.773432 3.788044 -16.811983 -0.65011287 
-294.8238 65.260414 37.295975 51.391865 -9.569562 25.683632 -14.353016 7.4593906 0.7589593 1.5424342 -30.922913 11.729765 -10.660714 -0.24818355 -4.528763 2.3052053 -9.515232 7.4402475 -16.587248 3.363695 
-276.71704 127.11499 -13.732482 46.320908 -12.383245 17.19036 -4.798974 -1.466737 -8.236139 4.4080296 -24.894167 14.454539 1.0101931 -11.361074 -5.3808975 -3.2083402 -8.27235 7.058523 -16.17391 -0.4459542 
-290.9386 146.94182 1.2903181 30.606258 -28.113392 12.203705 4.8743024 -8.799207 -20.899557 6.2008843 -15.8445015 20.860985 4.9354815 -6.678923 -1.516097 -6.653344 -14.702026 7.689619 -14.530219 3.6733348 
-340.1821 131.97623 17.610064 44.5459 -7.1161366 9.671894 -9.74715 -9.773205 -12.563631 13.794901 -13.114753 12.983497 -5.37858 1.4319224 1.6492419 -7.559817 -14.405812 3.0867376 -15.581745 3.5797772 
-299.67432 83.24507 21.86325 53.078964 13.273698 0.7551812 -15.670632 20.50263 -15.435272 4.4695215 -27.318653 13.440852 -8.157764 -6.430821 2.5762386 3.6245053 -18.453274 5.142628 -7.0867257 -2.5038831 
-323.6034 114.34969 25.549217 43.411964 5.2301245 2.490504 -10.269597 11.608213 -14.175504 -1.0374019 -14.066799 8.472671 -12.481813 -0.32282835 1.7059308 -3.9394896 -15.41927 6.702939 -12.8302145 -7.4726543 
-312.51868 80.44967 31.816292 70.263985 -18.864126 13.89022 3.4105997 -4.757745 -5.6138406 2.7526536 -29.940582 5.471857 -18.368895 -1.6162076 0.46549532 -0.32810277 -11.594938 12.476344 -10.2140045 0.524318 
-386.66095 134.23839 20.992506 36.966976 14.3495655 12.702502 -4.444259 7.736181 -7.0999513 8.703774 -12.6441345 1.7149922 -10.122748 1.9305971 -6.7844167 3.7656262 -11.480766 3.4198241 -9.144738 2.270266 
-319.10394 142.53589 -14.833369 28.931465 -2.7514799 20.750492 11.821091 -6.4592023 -13.393525 16.106962 -21.926556 14.681283 -0.25431687 -11.758857 -2.534846 1.6336141 -13.2951355 11.604327 -16.959982 -3.9589043 
-260.1798 133.87341 -34.54143 30.136763 4.85815 12.492493 4.797448 -8.159651 -19.935108 11.770634 -12.503237 14.6166115 -6.5189075 -16.22022 -4.718702 -1.4518789 -15.196876 10.885585 -13.262836 -7.2618976 
-307.01678 146.53949 -8.066316 38.63712 -5.5613565 16.053154 2.3852909 -11.478214 -17.058176 10.30522 -19.166489 16.657608 -2.815034 -14.625685 0.5896619 -8.587214 -7.1778083 7.502483 -17.39065 -4.553864 
-309.5724 116.90622 7.285692 48.06816 -2.3062487 17.701056 -9.675221 -11.398472 -6.4251456 13.976027 -26.829945 10.840343 -2.9955337 -7.468579 -3.3553987 -8.536432 -5.1446404 1.3354522 -12.313112 3.2703388 
-273.6703 121.3693 -15.010441 36.55085 2.4717064 17.593052 -9.444978 -7.2906165 -10.817309 15.161146 -26.41664 12.221958 -0.678437 -7.878173 -3.3190882 -7.0318756 -9.305659 9.286726 -15.907581 6.1554785 
-324.58673 129.2746 26.583202 43.186172 -15.281162 9.450548 0.82521695 -10.792896 -9.987334 8.568499 -23.190668 15.235526 2.613265 -1.4319475 1.1432194 -5.3488812 -10.520639 4.032861 -13.413656 1.6618532 
-291.36868 124.646866 12.208757 38.405247 -5.2177773 7.988739 -9.051632 -10.665346 -6.9523234 10.677593 -22.57678 14.165531 -1.8433208 -5.907018 -0.07150258 -10.26539 -10.910444 0.4799313 -18.239721 -2.159347 
-281.5333 121.029144 -13.291222 41.68733 -2.088556 11.211042 -5.444473 -5.3598995 -5.547186 9.820717 -26.77718 12.695726 -1.1419021 -8.846581 -3.9016829 -10.625591 -10.150356 3.856666 -21.160643 0.69814545 
-315.02722 134.02765 -4.029579 38.93704 -2.8856244 8.572389 -13.162723 5.2208376 -12.904602 11.642432 -19.299747 17.466814 -8.43817 -9.577755 -4.6400456 -3.0430434 -14.316532 9.0577965 -17.935837 -2.9338298 
-322.21536 152.73233 5.3695736 36.995438 -21.034487 8.022557 -6.3950253 -18.839407 -25.070826 9.864057 -10.969765 19.119701 -3.8853853 -13.389116 0.8086479 -5.026881 -8.646405 1.7954478 -17.560646 2.3645828 
-333.83112 104.87157 29.44301 51.01835 4.9962363 4.3860483 -7.737744 1.9671934 -13.732279 2.940734 -20.667515 10.357054 -13.26438 -1.7785639 -0.82174516 -0.38267267 -12.139887 2.7206292 -15.744943 1.6786965 
-343.3018 133.91856 13.753548 63.156353 0.7894505 -4.184551 -6.3451095 -4.3430095 -11.913739 2.9269476 -19.927773 16.226173 -11.345396 -1.1503167 2.534114 -2.4389124 -14.22329 5.5411444 -15.32704 -0.10091199 
-371.83466 127.47336 13.029912 44.00221 9.775217 6.61597 -8.458878 7.2791967 -10.189634 7.3903427 -19.660662 9.151379 -10.702223 -1.5441254 -10.583484 3.1199625 -15.339593 2.978253 -14.349692 1.0688672 
-362.5373 114.79911 18.483973 43.82517 12.081424 12.168995 -7.95043 9.612046 -4.775034 9.230301 -16.808481 8.643276 -9.151626 0.1405575 -7.107221 7.418154 -10.74848 3.4740164 -13.445317 -0.8515125 
-257.24878 132.98022 -28.242188 31.073055 -7.5681524 19.635798 9.214764 -16.908348 -15.753584 23.989511 -23.46891 13.151657 0.246976 -21.378958 6.172236 -11.607027 -14.6080885 11.035227 -22.962774 7.504549 
-267.02615 115.31707 2.814176 57.81048 -11.348145 -2.1671295 -10.272717 -7.7385397 -15.925801 3.029466 -18.558977 19.525352 -12.850182 -1.9565302 4.288042 -10.264121 -8.161845 -2.7265363 -11.962377 -0.8647218 
-302.22495 106.84976 2.5298667 59.578857 8.461529 -4.1671214 -19.629982 14.355412 -4.5202622 3.6917255 -20.692059 16.334929 -7.0276346 -7.786684 -3.2868931 -5.3435836 -8.595948 -0.53127074 -10.50078 3.534962 
-273.37048 76.75218 23.689611 77.479515 -14.090761 -5.44619 2.4418228 0.064367086 -17.5487 11.544963 -28.676754 10.657074 -9.94802 -11.333956 13.243626 -10.35341 -9.228673 4.9138575 -12.456238 2.071773 
-297.9718 77.58802 29.545082 70.652214 -1.8293217 3.217857 2.9059763 2.9467824 -16.038742 9.939537 -27.962093 10.203392 -14.511189 -11.304147 2.3072255 -1.14634 -10.792255 9.765195 -8.984362 0.942729 
-295.63666 100.83105 5.6292534 68.95645 20.210552 -12.051404 -11.724071 14.885457 -11.803299 -7.1275535 -33.55138 17.65236 -7.254549 -20.753685 11.029441 6.4908237 -14.489979 8.494736 -0.2858751 1.4152657 
-335.52957 125.1092 9.871709 67.70389 14.887297 -5.3648276 -4.4635386 6.7355294 -11.368519 -11.238889 -25.297132 11.3177 -21.995834 -15.780195 9.442605 2.813864 -17.040977 10.681576 -1.9369425 -6.1832333 
-380.46625 131.59462 20.42773 39.33071 13.039246 8.623211 -7.815565 9.4423485 -6.6076097 2.7157855 -14.676599 -0.95596313 -9.847358 -1.0358049 -8.862578 2.9902797 -11.011767 2.8524885 -6.008183 -3.720866 
-376.61505 131.22708 15.119429 38.39562 13.885143 5.511388 -8.770797 11.578083 -4.8646655 6.6535964 -14.826915 5.1869173 -5.020647 -1.50473 -5.734907 6.234714 -8.22019 4.0667706 -5.6436515 -1.6652322 
-381.15723 133.28079 20.824976 32.8668 14.73946 14.701957 -3.3665447 13.88089 -6.932346 5.253428 -16.366554 -1.384249 -5.32053 3.2335472 -5.665497 4.86227 -7.5781937 0.5265064 -12.086721 -4.7480087 
-242.80933 141.6142 -30.570557 23.022306 -10.501077 10.394965 -1.4237951 -1.5836143 -14.340907 13.632654 -21.148441 9.390259 -1.6923836 -10.619439 5.8037887 -11.746257 -14.776121 17.886236 -22.508816 1.6307274 
-228.81354 107.38039 -40.198593 74.27342 -4.0479836 -5.6152387 2.3134146 -8.386953 -14.198759 11.56245 -28.887478 20.24537 -6.3711257 -11.535421 8.735694 -16.466011 -9.233493 13.859701 -19.977983 2.9639401 
-287.7572 133.67761 -11.472804 40.939053 2.8100345 12.051862 -10.992069 -12.16881 -8.897501 12.522818 -20.165567 11.200588 -5.915788 -1.024678 -1.9640694 -17.229847 -6.374283 9.793966 -18.265308 0.8207872 
-324.2437 113.16305 25.72348 51.39459 9.618262 5.111679 -11.5028105 5.404775 -15.149135 -2.8390465 -24.184975 11.37196 -3.9540808 -5.6747484 0.7463095 3.659255 -9.93844 4.233272 -12.4968605 -1.7339439 
-302.2267 135.59598 -7.818222 42.423866 1.8687549 -1.1032438 -11.375295 0.7417815 -15.111376 2.4094403 -20.287699 17.062918 -8.752077 -9.557724 0.6208797 -5.2349167 -13.753569 10.107986 -14.628743 -1.9180799 
-267.54938 132.11084 -21.664814 56.60116 -9.039775 -11.3735695 -7.0860834 -2.7087786 -12.760605 8.9705515 -21.336246 26.9746 -8.447528 -14.559775 6.7076035 -14.290745 -4.440016 12.339037 -26.20759 7.0581374 
-311.7317 141.89195 -30.689596 32.796898 -0.49296707 18.076225 8.40189 -10.012131 -19.335571 21.100084 -16.859978 10.880824 -5.42898 -15.272988 -2.5367079 -6.2782555 -14.2149935 16.536036 -16.362759 -1.8172804 
-311.73285 116.87357 24.140621 45.43082 -7.3627567 6.9494753 -11.050471 -1.4304972 -11.006088 2.0486128 -23.659956 9.251492 -7.0810328 -7.185451 -2.8222165 -3.8761542 -3.6841316 1.8172868 -15.236611 -1.4312967 
-326.26862 98.307014 32.933315 59.18341 -0.19403076 7.722801 -6.3193336 8.576993 -13.737856 3.8122935 -21.275541 8.801666 -20.017632 -4.009429 0.07175732 -2.7642238 -12.472103 7.474143 -14.608107 0.3232803 
-287.37686 153.98053 -8.781897 20.92383 -24.926064 -0.7516759 11.449629 7.3832035 -24.534733 7.878718 -20.00954 16.221052 3.6203516 -18.489437 -7.879993 -7.725172 -18.547756 18.653175 -15.754659 -7.3515797 
-342.95 128.65802 7.799506 51.876785 0.16486634 2.8666258 4.6281195 5.9840226 -14.325914 1.3284755 -20.037392 11.340722 -7.4767284 3.3214417 -1.8748701 -0.8559866 -11.422693 7.8448977 -13.787698 -2.139135 
-344.9054 101.49306 29.060024 52.68167 -2.5239072 12.194275 -1.8377048 6.425931 -11.9398 8.640263 -30.671227 9.080784 -19.96372 -3.3494654 -3.2110982 -1.6731915 -11.76606 7.153474 -13.642138 6.927934 
-280.0785 130.62009 -43.25003 31.991861 17.728336 4.4670134 -11.793219 16.991657 -15.238824 12.93985 -19.013489 11.24215 -7.305197 -7.382602 -3.5488167 -9.465068 -17.464716 20.056965 -17.685665 2.8313322 
-305.28482 134.859 -37.835495 38.997974 12.449127 8.946585 -4.941256 2.9938002 -15.736197 8.849985 -11.676922 12.779317 -12.023179 -3.0070975 -6.4276266 -3.4704466 -16.827908 14.834545 -16.602749 0.17504607 
-367.2054 143.66902 2.4228456 35.17469 10.614521 16.643244 -2.2326643 2.6879468 -16.295057 11.407255 -10.850976 5.640093 -9.879841 -0.75652707 -8.624845 4.3576756 -16.146214 5.2124124 -12.915023 -3.1461272 
-396.00424 142.15099 19.395626 37.324722 14.084866 10.540708 -8.537409 9.824216 -6.166766 9.179508 -14.168908 -1.9421223 -8.063286 4.606537 -9.34565 6.3793244 -8.570335 1.1652031 -10.373919 -3.383183 
-320.33627 98.987045 17.95022 46.198048 14.877138 -0.6085217 -9.060801 16.296856 -12.891286 1.1725259 -22.45745 11.309144 -13.904517 -5.801134 2.9107332 2.7709026 -9.284107 6.461399 -8.40489 -4.4629307 
-307.71967 118.3769 4.885786 63.74562 13.729916 -12.386805 -9.400854 9.169956 -13.025547 -13.092903 -25.601168 18.798264 -19.797928 -18.533634 12.5658455 -2.356693 -19.746239 10.621406 -7.3674936 -2.5451279 
-275.21634 131.13702 2.2699623 44.51698 -16.123653 1.1709698 -8.571234 -3.752855 -28.908203 -0.036858875 -22.166855 21.842564 -10.185469 -7.038064 12.911781 -21.955303 -3.601957 3.5971985 -16.052565 -0.4167899 
-288.23804 118.427826 0.94604945 71.61343 -3.5388865 -18.616783 -4.4857144 -1.6670301 -17.523827 -3.7880342 -25.436544 16.706749 -6.4820957 -8.326305 8.950862 -10.197518 -13.722042 8.844007 -18.30641 6.098692 
-366.27908 142.44968 18.481789 39.50853 2.985179 9.610311 -3.1332102 3.4071906 -16.10975 0.83032405 -17.113815 5.9496503 -7.770696 -3.914506 -3.7688875 -3.0192463 -7.776741 1.6029449 -12.781345 -3.9973242 
-318.0406 135.35333 18.999565 32.392685 -10.924232 13.763836 -3.3886049 0.84166783 -10.174405 6.13439 -23.799662 14.299473 -4.3321424 -2.5565417 -5.7191043 -8.473807 -12.023381 4.4170747 -12.032987 -2.7055402 
-316.24454 127.47229 8.02321 34.222565 -5.5919013 15.609468 -4.280935 -7.6668754 -10.183702 13.274792 -16.697527 11.108532 -7.2404194 -7.3708324 -4.1552887 -1.6291437 -13.833194 10.415483 -9.948933 1.4976348 
-334.4681 113.56371 28.007484 68.34134 -10.454165 13.154664 9.859138 -11.016515 -7.722389 1.9068828 -30.598564 9.470887 -22.33031 -4.566497 3.320451 -12.10741 -7.311966 11.217697 -19.03639 6.28674 
-289.28458 118.42789 -3.780371 74.25915 -5.871872 -19.068247 -9.691685 -5.5437217 -11.169413 -1.7761127 -22.831766 23.302567 -7.135149 -10.160287 5.2122355 -12.252646 -7.9482136 0.349846 -17.376186 10.871595 
-353.54935 140.31319 19.127024 37.0537 1.2629902 8.761031 -1.0129647 0.60824364 -11.959115 3.5306668 -14.671809 7.8236847 -4.029867 -0.9736489 -1.7179497 -5.603291 -10.115381 1.2382978 -9.709232 -2.2127278 
-307.78146 125.535805 11.564533 60.908134 2.7724829 -11.097783 -15.435715 -2.8430111 -13.445365 -6.721745 -18.633724 13.02156 -9.802622 -0.16468056 1.2260685 -4.3930264 -10.216493 3.4560115 -17.157803 5.2262516 
-310.645 65.48883 65.49014 17.89718 16.898952 11.471951 -14.870021 15.798045 -10.255236 8.66114 -24.021854 10.634144 -12.693205 -2.206458 -7.0826397 4.510411 -12.972534 8.805965 -17.40172 9.625919 
-359.97714 105.20372 37.036526 43.349453 7.1225357 13.977942 -4.601207 6.812639 -11.103042 10.336071 -22.884377 4.897862 -11.322301 -0.94616437 -4.192475 1.2412926 -10.211582 9.344841 -18.534485 3.4014595 
-342.87048 127.31349 9.8163805 48.621964 5.6861887 -0.6211946 -10.482937 5.875766 -5.611296 12.284833 -17.785048 8.876381 -8.284186 -3.5481853 -4.748953 -2.826169 -10.039608 12.264694 -17.303656 2.934083 
-366.6833 131.45724 11.711712 31.576485 18.15485 18.695152 -5.249846 12.801653 -9.858365 13.839546 -11.108939 1.2202638 -7.7827663 1.8551078 -8.249238 6.776402 -10.4806795 7.05359 -10.909168 -3.6307673 
-377.41284 129.54778 24.121166 37.81968 10.162799 9.404702 -6.334818 15.95813 -10.335153 3.58493 -11.112074 1.6352812 -8.664547 2.965411 -5.5731664 -1.572355 -12.949774 6.3327656 -12.289249 -1.3646357 
-387.28952 135.69235 20.225368 40.8102 14.307314 10.09251 -1.9798312 12.169388 -9.817793 5.154944 -9.824364 0.38806665 -6.2648625 0.20639426 -7.7460275 2.6909645 -10.073571 2.3028111 -9.657757 -2.0033262 
-384.93228 130.31105 24.659973 37.090965 12.856185 9.612655 -1.0807099 16.17009 -9.236815 9.732914 -11.477025 3.1347291 -6.140957 3.0224323 -5.806137 2.559693 -11.737355 1.3360947 -12.620242 -2.2536764 
