-333.58826 152.629 8.557328 35.127426 -7.8044763 -12.0001 4.755379 -2.0443263 -34.36976 20.010971 -15.989034 8.010609 0.33342627 -3.29833 -18.914131 4.4393034 -7.1350284 4.573505 -8.867572 1.0264868 
-351.40326 139.39262 24.846802 43.384834 10.769987 10.686107 -10.695229 5.198827 -22.922844 -5.5293202 -9.90801 -11.0631275 -5.452698 -11.736408 -6.3613095 7.0142016 -11.268394 3.2381897 -6.549321 -2.3510513 
-282.12534 79.08224 35.67727 40.08606 9.065866 15.316822 -3.6034937 -15.696011 -32.01952 18.982138 -11.356078 4.144688 -9.204636 -9.016366 -2.464489 17.077785 -13.848184 8.580742 -11.612598 -3.9414062 
-294.26007 64.71274 27.372738 62.98204 20.43995 1.6883619 -6.1121554 -0.76604533 -26.012817 17.660198 -32.858013 -2.2808986 6.4502034 -7.839434 -9.256639 18.104733 -20.615566 10.501171 -14.306929 -10.526982 
-292.33603 123.14987 -2.3099623 41.31778 13.803646 -4.0208735 -1.6415901 -20.091614 -36.559517 18.859776 -19.352636 10.484373 3.427397 -17.889694 2.992861 5.609547 -14.888341 14.760679 -20.901512 -8.189692 
-306.19196 171.589 -18.486168 22.433695 -0.65353316 -18.846956 4.286086 -3.7209904 -36.86149 6.606441 -12.063204 7.2393646 4.2782907 -16.141798 -17.050478 7.1180367 -14.213662 6.0676513 -9.222409 -9.020847 
-309.536 140.00491 -4.7365637 28.346367 -14.085301 1.7696007 -1.6844273 5.471408 -29.390673 14.130622 -12.259011 2.8349667 0.6170104 -11.262794 -12.008715 12.6587105 -19.188438 7.376444 -14.50269 -9.821888 
-321.11255 175.27057 10.978243 28.053396 -27.19524 -25.504747 4.4435406 12.437432 -25.579441 15.536808 -17.236109 -6.036667 3.12021 -1.4622025 -7.736779 10.476212 -10.444423 0.6666991 -8.987491 -10.024876 
-326.97266 141.06586 -0.9992623 44.25218 12.750024 1.9352442 -2.7190335 -20.072231 -39.192947 10.78404 -12.91789 -2.0835521 0.45596504 -8.103902 0.38404593 14.765318 -7.717024 3.4152467 -6.3451223 -7.561916 
-350.0493 153.81306 39.682648 39.47893 -4.32485 -12.306713 -17.092213 -4.8517666 -21.665659 7.144633 -15.020852 -1.8837085 -4.7059817 -0.7518995 -6.2981615 9.540053 -10.658043 6.51188 0.15041383 -7.7869434 
-331.43146 154.42961 26.886038 41.268147 -9.778408 -26.759537 -5.7246203 -5.178115 -24.838217 7.115934 -20.87306 -9.476753 0.7636044 1.2733908 -4.378071 11.493268 -10.313057 1.9801396 -7.9815087 -6.550922 
-286.3905 159.37837 -20.47934 32.62518 14.370049 -22.274586 -11.659061 -5.8426814 -23.17208 10.953959 -5.935486 -1.7609321 2.1250932 -7.5215015 -21.457054 7.981343 -12.595672 -0.09913211 -6.645078 -3.2667193 
-298.68588 126.77989 -21.762638 59.18852 50.504597 -21.872383 -21.147686 -11.998409 -13.788647 5.6238093 -29.779018 -3.4564106 4.75282 -1.825637 -10.670144 6.1146135 -7.4305553 8.896153 -6.947382 -6.237237 
-285.50427 72.68636 22.257286 50.26472 16.076347 14.864733 -14.587448 -3.0331676 -27.563343 13.428549 -27.36762 -7.829494 -12.810992 -1.4760195 -0.91580456 7.3796597 -15.176112 9.240159 -2.7155774 -5.373525 
-320.41943 81.08041 38.23817 29.335619 16.126236 10.28946 -15.239027 -1.6765215 -17.06305 8.724573 -27.09964 -3.5088346 -9.136801 -4.3328133 -7.0663548 4.217531 -21.070957 10.913462 -5.782741 -11.174755 
-296.69202 40.469734 38.107246 57.990036 -0.34094068 24.358702 -13.398686 7.8131313 -18.572155 15.767585 -32.084415 -1.3714975 -0.24285176 -0.27223516 -11.415926 7.923995 -16.661888 11.029548 -11.971625 -6.843318 
-262.2856 89.23984 46.903507 21.889404 -14.028907 3.835611 -16.833042 -0.6778503 -30.556282 12.470985 -10.982537 9.7194 -1.2501521 1.5815983 -19.173555 4.606962 -19.956398 6.63647 -12.390987 -0.8771186 
-327.55502 41.303387 69.529305 14.872905 -1.1231172 29.033348 -19.215424 14.912101 -17.659582 10.567945 -16.750317 7.469427 -6.3687124 1.9459529 -11.375107 5.615296 -21.09713 8.265535 -12.568364 4.441642 
-404.5724 111.611305 29.502573 27.85262 17.649008 10.707391 -10.049293 13.216127 -14.506786 12.892607 -18.472849 5.6152186 -6.7299905 1.0202976 -9.876194 9.880522 -11.601315 3.2222605 -7.6356964 -3.1540978 
-236.2018 104.89283 -16.374186 57.88779 48.056927 -17.492311 -26.778788 -11.90472 -46.591682 19.123936 -26.330868 -3.4951606 3.0672328 -11.95527 -10.09866 20.457249 -16.721092 3.2538335 -10.836879 -4.540601 
-264.583 42.064903 36.657795 47.49109 23.763803 16.621563 -28.95469 -5.013781 -24.445549 12.871293 -25.394062 -0.7105653 -6.8790383 -9.483078 -7.5332465 11.857077 -18.93022 2.5966406 -7.612975 -7.4434586 
-257.47916 122.84335 -11.788807 32.227127 25.782349 -9.334812 -26.511156 -14.8804035 -23.896711 21.766785 -8.64134 4.3817105 -8.583222 -4.207468 -5.9443555 10.783886 -17.393982 1.0434568 -11.26516 -1.062813 
-322.9147 99.29142 18.46364 51.225307 15.620461 20.854702 -9.451839 -2.5014234 -35.163975 16.948025 -22.748497 -1.5464288 -9.288222 -5.441263 -6.529556 3.2216237 -13.251835 6.0581646 -3.433522 -5.2761436 
-336.90088 104.190254 18.87487 58.848007 25.290874 17.810371 -14.183778 -11.439717 -16.725563 8.594264 -27.490993 -0.315454 -10.280352 -2.306154 -6.1971564 -1.898738 -21.22653 12.305931 -5.5609684 -7.0376797 
-241.2381 148.00359 -43.27554 19.361809 8.695977 -8.755839 -28.474112 -3.3102503 -17.321062 16.216932 -3.4297726 7.348514 -7.289406 -17.169075 -14.563441 17.290054 -15.271583 0.859705 -9.795176 -5.7035484 
-371.55945 136.78984 1.3373816 49.11476 14.102505 -3.1644974 1.0103402 8.008894 -16.105835 8.516201 -11.715955 -0.6837753 -2.8637955 -6.851076 -14.645497 5.2010427 -8.507455 -0.010331022 -6.025296 -0.065175906 
-267.02896 148.54855 -34.480057 12.587594 -0.46267617 -5.750459 -11.549388 0.46339715 -16.18311 14.840115 1.3861008 1.754676 -4.1927485 -24.44114 -9.276393 18.829552 -14.309884 5.8099017 -10.619259 -9.807648 
-251.93327 154.01457 -31.155186 31.865396 -2.827447 -16.683731 -5.8282948 -17.251698 -33.912308 8.990726 -2.5716107 8.517397 -7.598744 -15.592091 -5.0928264 15.553185 -4.8836617 -0.8952634 -5.464644 -16.418022 
-232.32335 127.34795 -15.882989 2.8820965 1.2835734 -5.494711 -17.267233 -3.9973238 -27.162296 17.02384 4.025421 17.564545 -11.876508 -15.0001335 -15.371909 8.795995 -16.586231 5.1341195 -12.104989 -8.220324 
-318.323 143.3004 -2.7052205 26.901237 -7.26964 1.1654881 -2.5320268 -2.816183 -22.62516 14.575178 -7.173814 5.862557 -6.599146 -10.993053 -11.972021 8.182094 -19.136803 6.8400474 -9.226238 -7.275004 
-323.02905 60.19717 59.710518 29.087246 14.394058 20.843885 -17.208153 8.278825 -13.690368 9.905036 -28.24785 0.7304336 -8.100514 -1.4771266 -12.038722 8.399357 -19.563837 12.28911 -10.622662 -8.418415 
-306.1252 91.39873 51.20128 2.9259312 -13.663616 11.13496 -14.119085 11.283887 -19.900436 14.28825 -17.475607 10.851303 -6.069762 -5.245679 -16.471375 5.0526 -18.529106 7.6089597 -8.402135 -2.687059 
-344.16956 86.57708 35.064037 56.86972 5.2339716 18.487652 -10.928915 7.101112 -16.45002 5.8639355 -25.729683 2.3159928 -4.645008 -6.593405 -10.828979 7.4280415 -13.680673 3.0074582 -12.277462 -0.27228197 
-331.1679 139.11542 1.8002992 51.936237 18.977201 3.46461 -4.760798 -9.033603 -27.463173 0.25302616 -20.790854 -1.8686529 -5.5495625 -6.9420114 -7.9171085 14.737806 -9.263941 10.487669 -9.933373 -10.062385 
-389.49387 160.70247 21.994566 41.455906 -6.770712 -2.7055638 -12.346211 0.9249626 -15.25897 6.0954914 -13.476496 -4.4321833 -1.7882494 -1.2655228 -12.48344 7.0016255 -8.367857 -2.493319 -6.540759 -9.160497 
-390.5295 124.0067 19.079262 46.76884 10.610245 4.5241704 -2.8068202 9.625594 -20.907408 9.730087 -17.370146 -6.206163 -4.9304314 -6.551174 -12.567804 9.25486 -10.410906 -2.132387 -4.798327 -2.8825612 
-376.64587 138.81902 7.065165 44.976604 15.405049 11.078562 -10.299165 -6.3085184 -25.456285 6.703221 -6.66262 0.46775353 -6.2117224 0.023457209 -1.6352147 12.747175 -7.81102 1.6471453 -11.48348 -0.14845757 
-369.473 108.265656 6.254527 38.269623 12.145128 22.561039 -12.843259 2.4755542 -13.517536 21.639046 -17.288548 5.8086834 -0.31841776 2.9744668 -10.18044 12.35724 -14.231362 3.4806397 -7.3547235 -5.7660728 
-292.04773 87.90869 5.6608315 54.920563 30.422987 -1.9242158 -23.827555 -10.919123 -28.288927 15.319641 -32.881912 -3.8996 -3.0274374 -1.3613582 -5.0930276 13.117624 -11.51673 10.037909 -6.1344156 -10.778865 
-329.98267 117.29986 31.012247 41.510757 6.8679833 -0.90209717 -3.7261064 -3.1064098 -22.115993 1.6354784 -25.028154 -8.212551 -1.9497441 -8.127709 -7.8913107 5.065711 -20.120918 6.586453 -7.471913 -10.16382 
-296.56802 132.52873 16.550793 39.03887 10.488633 -3.9435675 -8.455181 -17.934774 -40.231556 -4.0207944 -24.996735 -7.2532554 -5.386744 -14.130096 -2.7352839 15.533003 -9.491444 -0.13465744 -3.5758853 -5.4407916 
-290.35803 87.77086 46.50511 29.67078 8.7668495 19.347822 -20.349646 -17.481495 -36.11444 1.8643396 -18.111944 12.237366 -14.739066 -10.080121 -1.1062872 17.003593 -7.7366114 6.508963 -13.577877 -5.0442796 
-303.5206 144.4592 14.23931 24.59387 -2.8631237 0.13535044 -8.146464 -10.272137 -31.705997 6.4539037 -8.056144 17.256783 -5.303018 -12.28329 -13.449696 7.795723 -9.638282 5.8663335 -10.161879 -9.480578 
-306.92734 124.2684 11.332066 27.04215 -7.1829853 10.133238 -7.142565 -3.9143 -14.460003 16.88604 -8.883539 6.4774084 -6.3385344 -9.412315 -11.032736 6.732606 -15.825985 8.779839 -8.299525 -7.7278695 
-331.13217 77.29404 35.94783 47.410862 6.1235237 22.92884 -18.003807 8.992971 -18.036081 15.203971 -26.754122 -1.4689832 -2.9363525 -4.662691 -12.311915 3.3686285 -15.718846 7.5034885 -9.872556 -12.174113 
-317.17905 125.332436 9.428119 50.56642 15.765001 5.6743574 0.6039016 -6.324476 -45.638737 3.1236157 -18.140038 -3.6163292 -5.191719 -4.4867125 -4.7679734 13.720451 -13.690867 -0.6044586 -5.6120763 -8.232048 
-309.18088 86.631004 28.471958 38.39363 29.372423 0.5880731 -13.445425 4.4941263 -17.891428 4.1454525 -32.263626 -1.7198424 -6.3157616 -3.8962042 -13.133724 7.7287774 -15.506733 3.4862115 -6.934358 -13.738972 
-328.3463 127.36457 -9.104735 61.603867 41.5743 -18.35022 -10.477465 7.855201 -18.784988 2.3580482 -29.662771 -10.711796 2.8426073 -2.4258971 -17.370682 8.750521 -5.5670033 3.13216 -2.4640055 -7.243018 
-317.3443 96.8341 18.679985 42.738693 11.809535 7.3776975 -13.917738 11.851945 -22.945452 11.321743 -18.159885 -5.0214734 -4.1216593 -7.910146 -17.876732 11.123321 -12.214169 1.93271 -13.230751 -4.5952063 
-326.39795 121.95639 21.343971 19.048723 7.8021445 19.892591 -14.398992 -1.8287587 -25.449812 6.9671917 -13.139034 10.976628 -9.421718 -11.674341 -10.649818 6.1502156 -14.823934 5.6570334 -10.722667 -5.385803 
-300.48053 124.15389 -7.0731254 32.59554 12.575892 11.7486725 -26.906603 -6.316499 -20.708508 22.467339 -12.64509 0.5376694 -10.046881 -8.3189945 -5.138763 8.18877 -20.86088 7.544944 -5.946879 -5.7372217 
-332.0285 131.96281 -15.130276 53.734573 22.376156 -15.886311 -13.472719 1.852868 -16.024849 8.7288475 -19.120531 2.6506631 0.25150684 -4.5324054 -10.1581135 10.240423 -13.148091 4.2574043 -8.283769 -0.055408742 
-340.8273 143.81528 7.7486157 29.987509 4.3642125 5.7181907 -12.323554 -14.467872 -33.259586 8.049263 -7.9173026 18.257772 -2.3233757 -8.567742 0.54158884 7.4579883 -10.228567 6.809334 -14.485748 -5.9196243 
-358.84363 164.76154 15.801232 33.35626 -10.224918 -11.527318 -11.321782 -10.497916 -32.97119 -0.1041192 -8.897939 19.406267 11.189632 3.40726 -6.8790174 0.8905464 -16.1744 7.998133 -12.264632 -12.482865 
-311.8624 57.463203 39.270634 46.251762 -9.074101 25.342812 -13.4485 -1.1160764 -17.602018 11.563149 -25.345108 9.767451 1.461187 -5.489982 -9.05822 9.775253 -10.435125 11.682203 -14.990563 -5.003932 
-331.2493 109.495346 27.50306 54.783016 11.17444 8.903737 -15.411662 5.784631 -25.929115 6.668856 -21.859144 0.23450327 -8.463995 -6.5169654 -6.5041833 8.032377 -11.911889 -1.5941625 -10.0049715 0.3601626 
-305.00232 129.58553 12.878995 46.715664 10.1214485 -6.745409 -15.593257 -14.574184 -41.18019 -0.7334696 -10.085638 4.8736515 -0.6234987 -2.645343 -4.9367905 14.679119 -4.770199 -1.0002272 -13.6171055 -6.383431 
-344.4343 115.9469 8.360256 60.400764 31.607918 -6.3375993 -12.000304 5.2615027 -15.293762 0.3172423 -29.411621 -5.37959 -3.9120712 -10.7355 -11.197731 8.02192 -15.885034 12.625095 -12.185398 -9.739106 
-328.0284 72.281006 38.56875 54.741283 3.2989354 17.449816 -14.133468 15.055328 -21.90089 2.958623 -23.792427 0.3029604 -3.090156 -6.6505084 -9.97203 7.0826144 -10.490229 2.7194695 -12.616013 0.74455696 
-325.4625 132.37181 -17.146986 65.87807 36.993748 -23.082207 -21.445305 2.3528175 -24.604458 -0.5774882 -20.387726 -5.599615 7.944593 2.8125331 -12.896862 12.651662 -4.061698 2.2317042 -9.072853 -5.137691 
-331.58932 143.64514 11.49906 24.48636 -17.880716 3.4930038 -7.579366 7.9124265 -24.750957 22.798307 -11.942439 1.8706586 3.0722537 -9.340397 -16.761038 10.437065 -16.53939 -0.95497894 -9.7829685 -6.195053 
-360.0528 143.25134 14.411379 27.529594 -11.769214 -10.646801 0.34174877 1.8369972 -12.470908 23.911814 -16.001753 -6.0244884 1.0762849 1.6110566 -12.433243 10.896633 -14.499488 -4.8458185 -12.424096 -6.701473 
-341.80664 90.57877 21.538994 51.522526 26.154808 7.487212 -19.178032 6.1128197 -20.771751 4.435095 -30.806705 -0.08657614 -2.707533 -2.811251 -15.78617 7.057071 -14.889357 10.332764 -7.905414 -2.562016 
-310.8789 104.94852 10.904072 49.21799 38.37228 7.7029147 -24.918581 -4.6575403 -27.334671 13.511689 -35.812687 -7.5060663 -1.2569127 1.9592671 -7.357966 4.1634727 -15.145618 19.607323 -6.5980444 -13.029128 
-382.02893 124.766685 8.424315 47.815083 22.101753 1.0737453 -5.7062416 4.897683 -11.054725 6.0539985 -25.544895 -5.011839 0.031468287 -3.0899668 -8.680913 7.3715405 -7.0071235 0.49588892 -7.368766 -6.219918 
-211.39523 111.28787 1.1815218 28.880476 17.586252 -9.879661 -24.454948 -8.080105 -35.573772 20.272455 -13.674385 0.32475886 -4.202791 -5.1602435 -11.930378 8.935886 -19.500914 5.273405 -9.456918 -5.135519 
-295.1676 173.06743 0.018174913 31.16729 3.2171774 -29.208527 -10.799328 -9.22564 -39.513424 1.9270444 -9.382862 0.06104379 -2.0958905 -2.841235 -5.2133713 8.111198 -15.785587 1.1982809 -0.02530698 -2.9487073 
-247.37598 124.03788 -5.8947034 30.215881 18.75084 -24.4535 -28.12037 -5.654408 -25.464682 19.921745 -6.67478 1.7234231 1.7000002 2.9104798 -8.433575 3.7045152 -24.544735 6.7131486 -9.29737 -5.1371794 
-316.83496 80.08376 56.008842 20.846153 -10.694278 16.198479 -19.887709 12.024807 -19.662895 9.458416 -28.305984 10.336401 -3.9372466 1.1570096 -6.9113965 7.1019754 -21.335632 4.5327787 -16.058628 -2.8955564 
-319.5145 115.277916 18.45397 25.272087 -1.9655749 21.36332 -14.202279 6.1355295 -12.169292 13.400005 -17.027077 11.792537 0.26479974 -10.603581 -10.536111 4.4708247 -20.734333 2.9907386 -10.253713 -9.437142 
-308.21738 86.0043 31.51699 25.741783 0.24669054 17.579102 -7.8799033 8.879547 -22.66088 12.723163 -18.20977 12.608216 -3.2529256 -2.8908453 -7.9623513 8.026057 -15.215354 10.042421 -14.579243 -5.377199 
-338.1189 98.1463 22.01691 49.308582 29.678383 -1.0926067 -11.10636 7.7346134 -20.933472 8.649799 -26.055895 -4.1373553 0.14912595 -8.578905 -16.907633 10.675983 -16.247845 3.7278638 -9.375573 -5.812904 
-319.53186 148.82614 -15.77663 32.982132 24.93627 -4.4529943 -19.871407 -5.362661 -18.92607 6.216566 -10.579544 -2.326687 -4.176334 -3.6668854 -15.310023 7.7651877 -10.798336 0.85803753 -5.0032406 -3.522161 
-339.92633 106.9288 32.084316 33.12114 10.427835 6.1832266 -2.4205592 -3.4317317 -30.321445 8.753294 -21.687214 4.602889 1.0873824 3.9044173 -9.228733 12.401667 -15.684838 5.4770904 -5.563276 -6.4622464 
-367.14575 129.7043 23.094898 43.23044 21.425083 -2.7878938 -8.199773 8.938978 -23.04273 3.3802762 -27.066566 -7.9019566 -10.836587 -2.4005911 -18.678953 10.76798 -9.874061 -2.6817179 -7.780653 0.66997916 
-397.74945 136.37657 17.474295 39.542473 13.796673 12.3078985 -9.612222 5.47757 -20.68907 2.755805 -15.238469 0.50317013 -5.36283 3.1567297 -5.714242 10.970336 -11.426479 0.38184485 -8.2002945 -4.498988 
-412.77368 130.08188 16.007862 31.873413 7.261017 15.157857 -4.327946 13.003182 -14.573586 6.1195674 -15.354801 6.0509415 -5.4210343 2.524066 -9.297581 6.395931 -10.6072 3.5862422 -7.721113 -1.7956426 
-414.8881 127.23531 15.049435 32.552097 10.424761 13.372371 -5.7922845 12.733855 -14.341539 7.599751 -15.261451 6.2254357 -5.404651 -0.3090545 -11.414791 4.5032244 -10.220835 1.6024396 -9.542228 -0.5692596 
-426.60736 136.37997 13.703508 38.52793 15.355862 11.272652 -5.6913166 12.766995 -13.6511 7.921108 -15.626745 4.487857 -5.419183 -2.9271083 -10.124125 6.7372084 -9.328811 3.4516122 -9.306778 -3.0002496 
