-410.2659 127.40799 15.261379 32.29899 12.734472 17.347694 3.8536289 6.799632 -5.338076 1.5709977 -8.631612 0.16500688 -9.188791 1.1838628 -10.241907 1.7915864 -9.679601 0.9255994 -7.70543 0.064982206 
-417.9645 142.102 11.317901 35.37513 7.29765 11.320267 1.7628962 11.291693 -1.2990975 1.8676934 -10.815829 2.1967437 -6.327636 3.5644443 -6.63242 2.4722233 -7.5852227 -1.8786988 -8.834026 0.26645663 
-389.4669 150.49883 20.252869 29.902039 8.179577 3.5705273 -5.865035 1.9311185 -7.379058 -0.006899463 -6.8430276 -1.6000137 -7.434243 -0.72509927 -6.9022665 2.5211675 -9.500561 -4.1160846 -13.083442 -1.470637 
-332.02005 182.89734 33.729073 23.58088 -3.636994 -9.27462 -11.377259 -1.3997324 -17.886896 -10.874544 -8.110622 -2.1143088 -0.3427682 0.094318286 -2.3932538 4.1548214 -13.208963 -2.8979127 -8.904858 -0.61289406 
-359.25974 168.5058 28.04231 31.249838 10.150728 2.6752746 -6.8059363 -6.308095 -21.2453 -9.395803 -6.819341 0.26748836 -1.6181967 -0.023423195 -6.6132584 2.1170638 -6.7465687 1.1839265 -6.7934294 -3.1121805 
-272.97247 107.34042 13.616217 14.601429 30.74704 -6.2029624 -13.458638 -2.4728644 -33.01357 -2.82151 4.1654806 -4.2507653 -12.163821 -1.342333 -5.783758 7.363154 -9.634136 -1.9217074 -1.8810368 -6.2913713 
-317.68024 134.85696 7.5425873 29.076202 14.35796 -1.2131027 -10.830204 -6.8287234 -14.593867 -3.2453084 -5.215405 -7.9601703 -9.025172 -5.288909 -4.4926133 0.33064654 -14.384068 1.4106922 4.457871 -6.540208 
-340.40027 172.12543 39.881702 27.624268 2.421853 -8.092457 -14.883033 -9.53599 -7.1484833 -2.6388555 -3.3739927 -7.2662234 -10.720231 -11.1608095 -11.655522 -2.9413435 -8.19413 -0.94899625 -1.2098992 4.7439528 
-350.0665 179.09335 38.778305 31.401554 5.181428 -4.1993213 -13.456896 -8.32282 -10.901415 -8.123524 -12.109434 -9.17426 -9.667561 -5.7889547 -10.187795 -1.7026494 -7.9619718 -0.21257573 -0.41503918 2.8337202 
-316.63614 160.01234 21.71209 27.149307 12.14075 -4.0638866 -20.238646 -6.196211 -14.911214 -6.7130017 -9.373691 -2.1645203 -7.946447 -10.471378 -11.266482 -0.8081286 -7.386855 -4.9825754 -6.5278773 1.1301804 
-341.01785 132.7752 18.604591 55.05567 26.870422 -14.22324 -8.550565 15.597148 -29.738838 -15.163969 -8.594058 -11.156155 -14.39131 -12.310021 -11.126513 9.263879 -19.920452 -0.96514714 1.2120403 -8.070374 
-318.0897 89.01626 21.700863 65.52423 23.888689 5.1459656 -25.362667 28.841885 -13.220614 -11.0036545 -8.846792 1.2906878 -9.793136 -15.584804 -9.271311 3.901547 -12.06083 -4.948473 -0.7066312 -0.84540296 
-316.3053 111.329994 7.2155933 52.388042 27.52318 13.446356 -34.37932 9.816178 -7.614675 -13.0008335 -15.847007 -12.346667 -2.3975687 -6.190014 -8.153343 1.6074877 -6.0314803 1.8416017 -8.230426 1.0169785 
-301.41724 55.825092 26.12894 52.613327 0.8985138 6.91671 -5.082407 23.619387 -20.125526 2.889708 -7.2018604 -4.59197 -9.736153 1.4710113 -8.643775 0.35344192 -8.745478 0.37713486 -2.3685043 -7.442203 
-355.2718 122.80439 21.337317 49.444942 18.038317 5.061515 -3.1135705 8.279607 -16.149487 -3.7348998 -11.125998 -8.433247 -16.498205 -3.224457 -7.342722 0.95764756 -10.1245 0.61237055 -3.0876665 -1.8108916 
-363.0311 158.37589 6.221651 32.714012 20.13993 3.6795645 -3.1411035 -8.585049 -17.681356 -9.693907 -4.212169 -4.078058 -10.696392 -6.404695 -0.3404132 10.354065 -8.335613 0.8834917 2.975433 -2.7173467 
-364.56897 166.13045 43.44965 41.867554 7.376075 -11.08955 -18.529379 -16.829956 -16.719746 -9.467868 -9.935364 -4.3847866 -6.734687 -7.5829806 -12.176617 -3.8141098 -11.856677 -5.053485 -5.725357 -1.6322774 
-339.4445 127.299194 43.592247 25.149817 17.280123 1.627888 -10.033715 3.911633 -15.663505 -4.7700315 -15.3916 3.4835672 -10.1640215 0.5804876 -6.752306 1.7866669 -11.409981 -3.7435362 -4.792875 -4.50331 
-295.27487 171.47223 2.3079534 25.197195 23.3962 -7.614706 -11.303466 -14.075323 -33.68599 -8.791077 7.28627 0.18046167 -5.7916446 -3.2674115 -4.766011 4.583681 -20.955269 -3.8972821 0.11312086 -12.281849 
-377.94437 151.79637 27.258934 40.874523 22.85359 12.003446 -1.191565 -1.6692657 -11.224347 -0.9402534 -12.646356 -8.387967 -8.0107155 -1.1347033 -13.020302 -0.5232842 -6.4029994 -1.0675216 -9.187896 -5.0642567 
-365.8142 155.2215 10.71925 46.64056 36.21132 2.366897 -14.925895 3.9961958 -9.84636 -14.5843315 -18.593685 -3.692693 -3.8270264 -12.366302 -14.389847 6.4315906 -13.049684 -11.936359 -2.5594645 4.9504366 
-300.3672 166.28877 -20.692919 36.1401 40.456738 -9.489404 -33.80045 -8.633952 -17.09972 -3.2560575 -3.372938 -1.6956043 -1.99806 -1.6625111 -5.393632 9.145023 -18.865028 4.2736487 -3.437355 -6.5094914 
-325.67877 70.04928 38.241333 38.366264 12.247565 3.7175436 4.0166297 6.0463724 -13.347786 6.533585 -15.928121 -0.047967777 -11.298892 1.7993147 -10.65664 9.069847 -18.398201 2.3299036 -3.3059616 -1.696981 
-351.21786 108.109604 35.802475 24.548687 18.651838 10.013177 -0.2759582 -3.4705536 -9.290903 -5.4861803 -9.582569 -0.5163319 -13.704233 -3.9352994 -6.0790586 3.758195 -15.811779 5.1804333 -6.759407 0.03546805 
-259.68182 179.94919 -24.206608 11.588857 17.267836 -19.47804 -27.941793 -11.411489 -21.709656 1.1187891 19.365738 4.8323674 -13.41601 -8.92411 -10.291138 4.4240723 -21.399046 0.7281667 -6.1679707 -5.448015 
-361.49573 154.6633 7.6322656 47.551975 28.804216 -2.1619313 -16.506218 2.8109403 -7.558581 -10.59986 -17.559734 -5.608473 -5.6568165 -1.5289835 -11.504075 4.944409 -6.207168 -0.007990612 -4.899753 -0.5365035 
-380.06003 147.94566 11.308281 40.66198 35.034023 14.876865 -11.837994 -1.9349782 1.1144055 0.90249455 -25.695204 -10.522588 -5.3079276 -0.15394126 -17.804733 -2.20745 -8.065928 -1.4992156 -10.048666 -0.41309774 
-380.02637 146.99759 12.311164 41.94414 31.257565 16.168577 -9.664305 1.4023576 -0.1560439 -0.5634933 -23.950558 -11.110313 -4.6349792 -1.156637 -20.08509 -3.375249 -3.5181687 3.6108458 -8.284161 0.4233871 
-407.2118 139.3401 13.752803 32.755703 12.119182 13.541048 -2.649352 6.493948 -0.6624186 2.6765413 -11.735343 -0.63529927 -5.622595 -2.2390144 -13.315698 3.45388 -9.088867 -1.7820061 -7.8736596 1.1726682 
-414.2153 141.23686 15.626097 32.542095 11.285639 13.476455 3.9517686 8.929061 -2.6198413 1.1830493 -9.586936 -3.1899352 -11.063976 -1.8060455 -9.259658 2.0740767 -8.28938 -0.8210002 -7.985843 -0.7336889 
-409.42285 131.62856 22.426863 33.40013 11.571219 12.06119 1.8904097 9.70379 -0.6462052 0.40322557 -12.109638 0.09104448 -4.6684465 1.6900121 -10.882778 2.6347506 -10.206859 -0.7104823 -6.179399 1.501016 
-409.8512 136.13025 15.064989 30.892525 10.593671 11.820326 0.55734885 9.987808 -2.516102 3.3640518 -9.8073435 -0.021636588 -9.729649 -0.073578306 -12.444035 3.2101853 -12.506203 -4.1215158 -8.880002 0.8404788 
-411.88318 131.4752 12.357112 34.293396 8.574831 17.11546 -0.84658474 8.007125 -3.177458 -0.0071358946 -8.9550705 -0.537405 -4.084838 3.3047376 -7.8318415 3.2176626 -12.862508 -1.8899021 -8.191293 -2.9402094 
-411.9264 130.72092 12.46646 32.391163 8.006244 15.122465 -2.324977 11.822398 3.622801 3.258639 -5.331276 0.0034099685 -5.886609 0.9697887 -10.111749 5.1495013 -10.352095 0.36719602 -8.748352 -3.0367308 
-344.90115 161.01051 7.1400223 22.32847 2.4395633 -3.0489435 -8.54413 1.9173961 -18.81356 -7.444663 2.2517838 7.2941494 -2.4309006 -8.316639 -13.63317 3.1112237 -15.2446 2.6331918 -8.396003 -1.9929297 
-270.36975 114.88679 -3.6763546 20.595938 31.136618 -7.9620733 -11.715741 -2.8004835 -35.83272 -10.120472 7.93886 -9.357281 -10.323009 -9.316552 -2.4731133 20.217518 -8.653095 -13.900707 4.7252955 -6.025628 
-266.7538 175.9197 12.090405 4.0519605 6.503978 -8.669461 -31.484806 11.276683 -28.046516 -13.003989 -16.69312 -5.4060073 1.8882585 -8.065417 -10.714621 5.9833207 -10.088907 -7.542944 -11.006828 -0.781142 
-282.5409 113.44095 11.741334 53.29797 26.261772 10.575258 -38.849106 8.469833 -18.051458 -14.542406 -18.730453 -6.164012 0.80362964 -14.409117 -4.6366286 3.2591972 -2.7000413 -8.573217 -0.6861988 6.156882 
-288.94705 122.83173 5.065835 51.75088 27.201454 2.922344 -34.103096 2.3566868 -23.199287 -8.6368265 -17.31159 -14.985704 -4.348169 -5.16383 -2.154731 2.1099668 -6.0495133 -3.0556855 3.4056668 0.3049692 
-302.6327 165.653 12.911764 23.739788 4.1167355 -2.8167589 -15.45323 1.0155759 -35.109512 -12.70533 -5.1478286 -0.9062659 1.2478223 -13.547268 -4.579611 8.334919 -15.103246 1.8419787 0.717551 -4.5066075 
-313.8932 161.77313 19.199116 35.26844 6.3920956 -8.505562 -15.519161 6.363413 -23.620993 -16.20976 -16.822334 -8.207162 -1.8423742 -11.619149 -3.3661032 10.9050665 -5.847536 -0.013196098 6.9971094 -1.9422773 
-288.4736 111.033714 24.409678 30.559689 28.79537 6.4870367 -20.286184 0.25321782 -27.33123 -7.777689 -12.715454 -4.811505 -17.371162 -2.8788111 0.35639843 6.421704 -16.011703 0.5943432 4.905385 3.446427 
-323.36 116.44919 26.452122 36.084686 23.206469 12.4517565 -7.4853516 -4.0570207 -29.64726 -5.890085 -10.73761 -2.6214895 -22.919464 -3.0350163 -1.7522919 5.917122 -13.713629 1.6612818 -2.2226207 0.5906818 
-407.22266 139.03062 8.952795 29.80563 11.730249 8.928928 -4.8000426 9.1214 -2.7523756 -0.32978997 -9.6532135 -1.1070215 -8.404757 0.73835635 -4.9848166 0.5107727 -9.859004 -1.8259866 -7.2206364 0.6211911 
-420.5635 140.40239 13.079773 31.054802 12.320369 11.437398 4.134827 8.683182 -0.58437103 1.1527748 -9.498158 -0.2275315 -8.760399 -1.7025095 -10.402325 5.8351226 -9.123737 -3.2126176 -7.057125 1.5072215 
-384.8263 147.71436 13.437694 30.345076 9.087612 4.873158 -2.1983109 0.8875155 -5.7339263 -0.29452726 1.0681844 6.0969586 -3.9470139 -1.1740422 -6.2859745 2.6947005 -9.599568 -2.6363 -6.273441 -4.938725 
-305.12573 181.68712 14.576708 25.979128 -1.0070865 -10.783149 -13.344772 1.6746807 -26.832066 -22.549465 2.9789603 14.33842 5.3753643 -3.9793425 -1.7802277 -5.3483143 -16.126787 3.1900375 -1.1720797 -7.863543 
-356.85583 184.75217 28.391617 37.285362 -2.8918626 -12.211854 -11.825495 -4.1560297 -13.56967 -7.6304135 -9.301326 -0.79207844 -1.3252387 -9.797405 -12.573292 1.4686837 -11.333295 -2.5716085 -2.4680834 -0.72292095 
-312.62683 127.300865 9.589423 41.7944 19.686827 3.8627167 -22.604622 12.022093 -24.532259 -9.465178 3.2118483 2.275812 -7.387368 -8.031159 -8.288563 6.813213 -9.403018 -4.4769917 0.6122277 -1.0540836 
-276.35626 126.29492 -14.845574 42.614925 19.691784 -0.993892 -29.76181 8.902847 -20.984964 -20.87865 4.228719 -1.7091626 -1.2633634 -3.7961507 -9.423798 4.5274777 -12.700273 -5.775239 2.3647382 1.0027329 
-263.46875 121.81425 0.3764288 23.948175 2.9959424 3.0284696 -14.811896 21.896938 -18.74059 -14.360811 -0.826647 6.64436 8.417794 -5.1774206 -16.2837 3.216994 -9.237818 -8.689805 0.7963369 3.5530026 
-315.93488 142.22548 0.7856009 48.594448 36.83288 20.946466 -34.34253 -6.5771704 -9.860766 -18.835255 -17.353508 -20.937658 -3.528041 -4.4974356 -13.147836 -4.030207 -12.845837 3.3056078 -5.8180943 -1.2138667 
-379.01355 143.87752 18.484121 31.533531 18.956863 10.073841 -7.314539 -3.518941 -4.182708 -1.9895905 -11.927051 -9.145356 -11.236481 -3.3954191 -7.919634 -3.7705646 -9.750036 -2.7281663 -4.5862217 -1.7805811 
-416.14133 134.98474 12.909914 32.5627 10.0768385 10.676713 1.8457713 7.9725275 -1.9022043 2.3389642 -7.689867 0.48041037 -7.165316 0.22515434 -7.8815207 2.433188 -8.21502 -1.4883914 -9.895278 -0.3729483 
-396.9026 138.36903 13.780711 33.50432 14.957971 9.62401 3.3767629 2.8200417 -5.0744796 3.3162181 -7.108928 -2.3033774 -7.4806967 -5.4113855 -10.158182 3.3467543 -7.733536 -4.156333 -5.566609 -3.8913546 
-320.80264 151.15746 7.945099 47.9944 34.711674 -5.197939 -14.672806 -2.2458174 -24.747932 -11.187504 -9.687979 -13.467696 -6.68705 -2.0024376 -11.2607565 2.46536 -10.383927 5.328753 1.5790803 -9.7382 
-382.57196 150.02303 25.021894 33.683666 15.702711 8.584867 -4.6041794 -0.6736197 -8.472334 -4.6539927 -12.359889 -3.354154 -5.252478 0.48617136 -9.067248 2.2198184 -10.099297 -1.0757328 -7.1416497 -0.73328304 
-321.2079 153.99184 15.874844 30.966282 12.675665 2.1915965 -14.744961 4.592602 -20.99384 -16.535347 -8.638515 4.9623814 -0.05861513 -10.991009 -13.359531 7.136305 -11.6947 -7.7113657 0.3430038 0.3824596 
-265.1477 149.10277 -10.209785 20.297348 5.2172985 -2.1241095 -30.178467 10.765062 -35.138165 -16.706348 11.541261 5.9891987 11.263287 -8.404556 -17.670397 6.452988 -11.49622 -11.748732 -1.4252213 4.332737 
-294.04163 114.88719 -3.670512 48.518635 28.787855 9.12021 -30.111904 14.867535 -16.204765 -19.221386 -8.029683 -8.405851 0.5166894 -6.8968735 -9.716828 -7.307156 -6.8383846 1.4161619 0.5369641 3.0605063 
-331.06613 145.90103 10.031026 43.309135 32.599045 -1.1588254 -14.098345 0.26221433 -11.527973 -17.315453 -19.342888 -14.222277 -9.446503 -6.756103 -15.878126 -4.1256914 -6.97703 -0.5589826 -7.4456263 -5.0628667 
-413.30084 134.3836 16.391327 31.81526 13.455694 14.170797 3.4464362 6.062806 -1.0626489 2.2467663 -11.057537 -3.7422993 -10.340066 -0.85053086 -10.728331 0.6620408 -6.4920297 3.9201045 -6.3560333 3.0925248 
-414.46545 139.05992 13.723548 32.632545 10.76013 12.191814 0.37274224 7.0619335 0.47211954 2.559825 -7.0293136 -0.32247633 -9.58964 1.3307182 -7.7983203 2.3429506 -8.747783 -1.3380221 -8.033033 1.5751315 
-321.96423 180.96078 4.7564836 27.512419 3.4368086 -8.159276 -5.2144184 -3.4664311 -39.029354 -20.450722 2.0272582 9.586151 3.9977155 -6.601345 -9.217854 5.8007526 -15.881807 0.31696427 4.6996927 -6.5299816 
-309.63406 90.28855 7.3522077 53.82628 28.158285 9.092773 -30.510088 31.334085 -13.329122 -18.068594 -6.3419185 -1.0706849 -1.621798 -6.779857 -5.7783184 7.4822474 -5.442673 -3.8748186 -2.8840113 1.623005 
-285.7743 130.69182 8.502575 65.58344 41.5771 -18.755713 -19.235641 12.891816 -26.825924 -19.562328 -20.940905 -9.966161 -0.80355585 -9.676433 -21.640993 15.208577 -14.280123 -3.92961 5.2236185 -8.453716 
-267.7909 117.264366 16.786663 37.493923 12.509182 3.1960914 -21.563807 10.861537 -22.39614 -17.510088 -6.558198 -2.8411496 -2.6180723 -5.9462996 -3.2105865 6.262102 -9.240952 -5.4205933 -0.24167234 -0.33157173 
-294.62952 155.10927 33.703983 34.88141 -5.9875226 -15.858787 -13.687296 5.2369123 -18.362509 -12.023058 -15.883329 -11.323177 -2.8577619 -5.3500247 -6.929702 13.034878 -2.8664143 -2.5270228 1.3871214 -1.4680797 
-276.94476 92.42596 23.389553 49.647182 18.632084 1.018157 -29.833723 4.9402523 -20.772678 -10.801364 -15.937807 -4.1949396 -12.118815 -3.8125076 -10.660473 -0.79943645 -11.989771 6.8594213 -3.2853093 -8.390314 
-237.68683 170.11322 -23.48348 9.578123 24.054543 -19.686539 -39.410294 -1.0753245 -24.584297 -2.9230614 19.111736 4.2897315 -3.288462 -10.265533 -16.870262 3.2712831 -22.283613 -2.1892314 3.5062366 -2.1649282 
-329.27548 149.38538 -1.8718499 38.96379 24.567688 -12.0965805 -21.148884 -2.1395874 -7.1920156 -7.7590427 -9.02209 -0.14393961 1.8405571 2.1903002 -2.8495712 7.528813 -4.2601647 1.045087 -1.8523088 -8.547479 
-421.18408 143.89566 10.603776 31.517073 9.575175 10.834822 -1.855306 5.949862 -0.78602767 1.1058336 -8.919185 0.21314424 -7.150684 0.9320439 -9.367579 2.2359638 -7.352221 -1.3228989 -10.940898 -1.5490001 
-407.73248 136.16382 17.339752 30.168009 10.252379 11.1074505 2.4952855 6.15255 -1.5032809 6.234836 -5.6588283 2.0946007 -6.168326 3.6755507 -5.944673 3.9298832 -8.616041 -0.31069994 -6.0732384 3.4893878 
-418.0174 139.28621 14.744731 32.51222 8.255746 8.5962715 4.3525496 11.171635 0.8222906 3.0284014 -6.6534185 2.4126234 -8.441323 0.38826996 -7.2636456 1.3043396 -7.9798346 -0.56274354 -6.10312 -1.1283095 
-416.33575 138.62001 11.981315 33.17489 12.218847 12.171256 1.4014964 10.025312 2.4154136 2.8576076 -11.547581 -2.6966023 -8.434081 -0.76779276 -10.769275 -1.0347666 -11.085084 -0.8237465 -7.292043 0.0067456695 
-325.80383 70.19519 28.699175 45.869793 5.3980722 7.4598565 -10.209303 27.793585 -19.518581 5.8778744 -10.15898 0.5999738 -8.446262 -4.0710297 -7.0484247 2.9979775 -10.118605 -1.5071896 0.09948918 -4.6579337 
-281.83572 138.03404 7.9411535 43.377808 31.386414 -8.1004505 -25.79649 -2.9121275 -21.102766 -12.331684 -6.326041 -0.97310424 -10.698296 -3.1777534 -6.496675 -2.2392807 -10.891399 1.3669937 -3.584891 -9.720992 
-237.04695 133.7569 -13.131155 31.55565 27.009834 -17.418068 -44.97374 3.069948 -20.926332 -0.6465962 6.3700724 -4.305876 -0.8327539 2.3363779 -18.31767 5.5241265 -20.675428 5.9351425 3.4029613 -0.6300411 
-296.11008 57.129658 44.620796 41.015484 0.93897414 25.23253 -12.506734 0.7439621 -17.327492 5.4680943 -15.23853 4.381622 -18.643318 -0.69737935 -0.64189893 0.016662108 -16.140545 1.037918 -8.066471 -3.8674595 
-314.08405 48.447044 71.922386 14.690063 23.047958 18.178562 -9.267651 10.426597 5.336649 -6.5624685 -2.95864 -0.98058933 -14.623406 4.0955296 -12.548588 2.9058468 -5.588794 -0.9550164 -6.6659226 -3.2933683 
-336.1134 133.71306 33.851784 21.834316 15.868339 11.541231 -7.336537 -4.5828104 -9.422547 -7.4316187 1.2962494 -3.2459595 -16.630617 -4.229179 -6.0531006 1.3744159 -11.759115 0.95582134 -7.694699 -0.03323285 
-264.44623 191.0434 -53.70956 -8.812966 26.275875 -9.294768 -21.292854 21.72808 -15.373967 -9.82919 30.62145 -3.1853387 -16.36517 -7.396406 -21.60824 6.234977 -8.8227625 -6.3531895 -2.973981 -4.080063 
-318.54718 175.53926 -14.911473 40.2707 38.23421 -13.376271 -25.373737 0.626361 -18.311985 -8.597324 -8.111006 -6.7137446 -7.7791953 -4.349023 -15.530882 4.057418 -8.765414 -8.699411 -8.489624 -0.021516588 
-315.39465 146.98114 4.0420675 61.489197 40.070976 -19.3692 -25.024698 7.970705 -24.274443 -10.42167 -18.563976 -8.160225 -1.5193236 -2.83584 -17.5456 13.98918 -8.701454 -7.1945996 0.9773887 -4.018423 
-264.80804 91.98498 15.541345 43.441513 26.069252 6.263478 -29.636375 -3.3326924 -20.151316 -5.4578648 -19.352776 -3.3844528 -5.12392 -5.1730137 -11.00698 10.892807 -11.468765 -3.8230553 3.870902 0.2210241 
-241.78394 88.45826 7.4239535 30.880363 10.633568 3.8325658 -35.41993 1.1602523 -10.476928 3.1395025 -0.8674664 5.228716 -14.049942 10.8285055 -9.273075 -6.826082 -21.40603 1.2822113 -1.7867116 -3.414996 
-292.48608 72.26008 57.73095 17.65297 18.580212 18.61064 -13.4325 -8.367209 -8.582247 -10.390261 -6.3133993 -4.9771194 -16.683794 0.12233533 -5.0334105 5.4332695 -8.682961 -3.4450905 -2.837472 -0.25202382 
-309.92728 147.24919 30.402466 15.287731 13.881199 -2.609451 -6.3109055 2.104579 -19.852276 -12.9370365 -16.290531 5.6833973 -1.5898385 1.8772041 -6.287759 7.873943 -8.638604 -5.143592 -0.96122116 -2.6001554 
-352.2333 145.33502 29.44752 38.730965 28.712227 7.041528 -3.415106 7.779409 -11.845799 -10.996007 -15.707703 1.1047511 -7.638698 -8.281655 -10.987484 1.3784523 -8.234273 -5.705959 -0.13136789 1.9713503 
-348.01648 162.21211 14.261876 39.639145 23.608686 -2.947564 -14.53606 -2.908679 -16.85352 -5.6120443 -1.5006211 3.6358795 -11.928489 -7.4410577 -8.406605 4.1946774 -10.572538 -2.6307542 -4.691188 3.3862882 
-355.44177 166.2207 7.1161523 44.558727 26.802238 -9.281609 -19.377607 -4.3942466 -13.908617 -12.0337305 -16.301682 -6.021986 -6.750729 -3.9995203 -10.356952 9.101475 0.6600587 1.353299 1.178495 8.094092 
-333.0902 155.5075 -15.164644 11.656864 15.137427 0.10266408 -11.283829 5.2580967 -2.061771 -1.4745803 10.070316 5.033779 -15.910424 -14.3124695 -10.904422 9.751194 -13.9628935 1.4384631 1.098286 0.18899894 
-393.09482 127.46069 15.417684 28.002865 11.649477 10.623294 0.05996635 8.164849 1.1882664 3.3386972 -9.310137 -3.1086912 -9.110036 -2.23918 -9.541661 1.5495019 -11.7468405 -1.8081735 -6.768473 2.1236136 
-382.39404 133.02556 11.958458 25.951609 19.988312 10.408382 -1.5678463 4.998761 -3.218344 -1.8223784 -12.048793 -0.67251617 -8.4951315 -4.049897 -11.81097 0.65113956 -11.349589 -3.0568366 -10.2459955 -2.528177 
-262.89096 179.76097 -41.97016 -7.6254544 10.064665 -6.224089 -6.42567 14.284099 -23.92134 4.77722 20.639484 -12.235515 -17.116276 -4.3131375 -29.025953 4.5758 -6.02198 4.4329333 -5.4814053 2.2566204 
-403.90878 142.18619 7.9766026 24.965227 8.532745 12.306612 5.5628653 10.010904 -0.98796517 5.712945 -7.0034213 0.0043847295 -11.868363 1.0725706 -9.955714 0.37394202 -8.739751 2.6465929 -7.4981537 0.38527504 
-392.94067 122.14549 23.459879 23.137693 13.172653 16.00679 -4.818304 6.7521152 -0.3720249 0.39706483 -8.247068 0.8800494 -6.4489026 2.9092665 -7.627543 6.4041405 -8.760311 -0.9949067 -7.079964 0.18583407 
-267.08502 128.18065 9.698352 20.876596 34.570408 -3.4642427 -32.73038 -7.478194 -28.294424 -11.465749 7.632308 -5.267422 -15.065637 6.1709704 -3.2908652 6.022875 -20.413065 8.801531 -6.0260267 -6.8755145 
-341.01355 146.01422 25.317745 28.734415 15.1363 1.0671397 -4.3309565 -2.3122613 -21.520699 -11.720983 -6.903407 5.0390306 -6.4127913 -1.752734 -9.443731 3.8776503 -14.248671 2.104794 -2.8040488 -1.849762 
-330.9226 165.85577 11.284627 34.967857 29.706112 -1.2721167 -21.6139 -2.6878705 -11.999861 -5.618822 -5.114868 4.728995 -2.6638887 -13.331348 -9.810194 -0.21353425 -5.9108076 -4.442152 -2.9753675 0.104007564 
-318.8973 178.17152 -2.031795 39.174477 37.19883 -3.760195 -26.681341 -11.415162 -21.964964 -14.9740095 -14.662604 -7.1793256 -6.92262 -4.859081 -5.222494 13.305972 -3.6651866 -0.40655223 4.9362597 -1.8783633 
-326.1282 169.75183 10.7838745 19.864307 10.762853 -7.631802 -13.378132 -2.6254008 -8.386042 -3.68976 2.9996505 -2.586308 -9.371105 -11.724445 -9.557046 4.1676245 -7.0585804 4.1434417 1.7886113 -1.1728201 
-294.9498 155.65329 -13.497426 54.270424 41.395065 -26.684597 -26.115738 2.365326 -19.305439 -8.6270275 -14.141041 -6.008447 -3.3943436 -6.5331364 -14.088595 5.7101636 -14.005285 -6.2758255 -3.2158644 -5.347008 
-324.30838 155.35548 -6.2435436 57.728874 42.56624 -21.52067 -19.037357 7.310026 -22.90715 -15.058744 -9.623507 -4.390664 0.2791727 -7.4750843 -18.510292 12.174691 -12.18038 -6.01095 -0.74270827 -5.284485 
-381.90924 143.77246 11.301036 38.539894 13.840092 5.170662 -0.295259 5.645943 -5.9810014 4.088724 -9.229303 -5.836377 -7.047307 0.9701169 -8.963104 4.039414 -6.7597003 1.0745206 -5.8999653 -3.882398 
-368.02963 157.98552 18.394274 30.082075 9.383595 0.17911318 -12.071687 0.43290377 -7.86781 -5.2895446 -11.9099045 -2.232664 -6.898915 -3.2840166 -6.935601 5.4060054 -6.992973 -5.665354 -10.389198 -3.8415828 
-310.43402 158.41219 9.004103 24.811304 19.198015 -0.33018017 -18.654362 -1.9693156 -12.634771 -1.1636711 -0.22153579 -0.29830253 -10.085232 -6.320577 -4.8088837 2.3278108 -17.408516 -1.926818 -2.793335 -0.8914566 
-276.03348 163.287 -13.646503 10.385255 2.5347219 0.98363155 -16.113642 5.6471367 -23.344385 -1.2125958 7.8341804 6.309519 -2.5728066 -16.836966 -21.230785 -1.4023184 -6.65666 0.7595929 -2.6172533 -3.1556506 
-305.75537 92.070724 11.409429 48.124542 23.093317 14.953808 -29.089407 13.650312 -13.117833 -14.832811 -8.427892 -9.174241 -11.391761 1.2383399 -8.080071 0.9432763 -11.266774 3.1715422 -0.13231118 -1.1764965 
-362.97147 145.72357 28.632603 30.644388 12.723901 1.0900985 -13.370362 -1.2647961 -6.228113 1.4517303 -7.489403 4.385361 -6.967175 -5.5693455 -14.586306 -0.3889513 -13.887019 -2.0130818 -6.889845 4.231356 
-274.5331 176.2282 -30.530365 4.605346 16.865057 -0.3585539 -19.172974 7.216952 -16.660357 -7.289031 23.192696 5.901796 -12.515363 -9.816945 -18.073677 2.8777225 -16.889605 1.9106706 -7.4542246 -6.654842 
-356.70633 147.65288 2.1115553 19.567524 8.400018 6.7193637 -4.1831656 2.5662565 -7.5707617 4.5416713 0.2205624 2.758129 -13.646062 -7.005452 -13.11896 -0.27785438 -10.696649 2.4461272 -6.4259133 -1.0000405 
-416.47693 139.17528 9.683596 31.556126 10.979889 15.279646 0.30217955 11.84354 -1.0125434 2.6436596 -12.199627 -1.752519 -10.335278 0.44976246 -11.166214 3.8150058 -8.994043 -1.440033 -12.7007475 0.7340897 
-421.54407 143.7064 10.322167 31.430443 10.102696 11.846477 -0.123100385 9.287412 0.5630837 1.7959573 -9.293486 3.4558911 -7.4840426 -1.2239285 -11.500207 1.0782193 -8.939359 -0.6360976 -6.6859503 -0.21390799 
-379.725 123.93159 16.87242 42.866695 19.480614 7.3683906 0.02084197 10.815783 -9.946039 -2.0699353 -11.04537 -1.7530855 -6.076769 -1.9628868 -7.28386 4.7851834 -11.975328 -2.7982092 -3.0145147 1.5717553 
-328.09265 103.53706 25.70637 27.040543 22.71797 3.321636 4.214604 2.1106927 -15.398204 -3.6721208 -7.536684 -5.1711006 -7.281345 -4.8667636 -7.900855 6.532307 -6.919546 -7.1953354 -2.610493 -1.7571447 
-250.85944 118.54004 -5.2495365 35.589653 36.66723 -8.725933 -26.771252 2.0201654 -15.332145 -13.016216 -12.758078 -12.09473 -7.137531 -2.1751037 -6.5074058 13.938444 -6.750363 4.0443287 4.2008705 -3.6261454 
-244.29256 93.45282 10.450734 21.621511 18.652119 -1.3693682 -37.23516 2.6527715 -9.252561 -4.477647 0.8940131 -1.2823541 -6.852383 10.109614 -16.419975 0.37932584 -20.336985 -1.2410729 -2.6340907 -5.57796 
-314.83606 127.222305 18.550285 28.746147 31.28972 12.767225 -25.781351 -13.055977 -15.661567 -12.480732 -12.012727 -4.033731 -16.325064 1.1119953 -0.9852971 3.6092072 -19.258371 1.7184746 -0.26880693 -0.69244695 
-337.21793 143.83661 19.169847 33.295074 30.728935 7.8481193 -3.7845001 -5.9573836 -17.590473 -4.705387 -1.6084489 -5.000994 -15.138438 -1.8696094 -5.2930326 4.0617046 -16.103294 -3.926754 -7.438502 0.83176255 
-289.88272 118.283066 18.76392 22.109663 33.282913 -5.1097026 -12.629186 -4.2946124 -22.0456 -16.624773 -7.2143664 -10.6617775 -10.153556 -2.2248452 -6.433678 11.775899 -14.763951 -6.43923 8.425631 1.2557074 
-340.11575 161.23672 24.302818 24.254326 -2.9338038 -14.613013 -7.068756 2.2680292 -8.902576 -4.162517 -5.5115814 -1.9171519 -1.2849835 0.41198158 -1.727998 9.862593 -5.647432 -6.580297 -7.5713577 -9.272416 
-408.36508 134.88208 11.619664 29.085165 15.316029 13.937164 0.622209 4.8622317 -7.038126 2.1682858 -5.6996517 0.24246798 -8.844827 -3.594289 -9.928251 1.042709 -10.96732 -1.8005428 -6.2961025 1.6465967 
-396.66934 150.6416 9.193989 35.38292 13.304573 5.7963557 0.67756027 7.610042 -9.2637205 -1.8542771 -0.7498704 5.0867352 -4.5928783 0.1260235 -11.404307 3.604448 -4.817166 0.32665968 -7.849711 -3.5889904 
-341.80096 161.53607 9.632187 37.85586 9.036833 -7.0598145 -2.923393 -8.235279 -37.466625 -13.45699 4.498074 16.079662 0.41072324 0.06261431 -8.3254385 11.776562 -8.460064 -0.6836821 -10.607706 -12.259899 
-344.71252 158.44702 8.228263 41.74148 13.580686 -8.432114 -7.0059986 -8.828179 -36.0988 -14.781752 3.2048275 5.730064 -3.5181248 3.4863033 -2.361649 15.823063 -4.84939 -0.71142507 -1.7288356 -6.657858 
-389.2782 149.25601 20.778603 39.922176 15.296336 11.587078 -0.6747721 -2.146358 -14.908878 -7.6555133 -8.692679 -5.3673987 -19.757774 -5.864249 -6.4030237 12.070385 -6.278188 3.6945233 -1.9687839 5.3202105 
-399.44876 131.89194 19.36934 31.952162 9.175156 13.799486 4.561615 13.522129 -2.771192 5.303658 -8.577742 1.3972187 -9.49991 -1.0572914 -8.111617 1.8040848 -8.919185 1.9424894 -5.228013 2.5282156 
-281.55994 95.87393 13.190116 31.279501 2.6066632 9.180194 -15.6046715 1.7769068 -17.164562 7.203574 -6.2392774 8.771931 -9.505296 -2.6134248 -8.59532 9.438049 -15.713511 0.45569262 -1.9157636 -6.4832478 
-264.7196 102.84744 28.302065 15.901644 13.388721 14.827816 -15.736043 -4.4700093 -22.715525 -8.076237 -1.8231493 5.6968026 -18.397203 -6.9396625 -12.70118 8.324659 -10.1483 0.77993715 -6.089899 0.3470514 
-290.73022 148.54868 1.2554201 34.233536 31.257866 0.77130014 -6.6825075 -8.838743 -46.926018 -10.592556 7.827963 -27.314985 -17.467756 -7.225806 -14.646685 14.477088 -12.415906 -7.5146255 6.9304085 -0.9794235 
-315.4301 147.36346 1.594793 48.567722 23.930529 -6.623736 3.358415 -8.999694 -35.86316 -2.1765997 -0.72832686 -20.188126 -11.544718 -4.015842 -6.324586 8.162561 -14.822941 -2.5144796 3.803766 1.8834205 
-396.9432 145.81325 10.770526 34.9692 14.282427 11.894573 3.2363691 2.7298665 -8.220838 -1.8495647 -9.298372 -7.4545116 -11.389342 -4.4975543 -7.413343 2.2415023 -8.888353 -1.2049917 -3.712855 1.2884599 
-421.46957 142.32135 12.801657 37.95936 13.774525 15.748588 6.495203 10.148518 -2.6202898 1.7898058 -6.2447376 -3.0179734 -8.071444 -1.5088708 -6.123731 2.7221332 -9.351591 -0.034136984 -4.968742 -4.1215158 
-409.41406 138.91988 17.141624 32.560715 10.181583 12.26972 2.0512855 6.4595957 -2.6650157 1.952671 -9.6345825 -3.2305338 -9.04148 0.64464784 -6.0085278 2.722427 -9.237934 0.22563489 -6.7009573 1.4661924 
-315.19415 176.4307 3.664895 26.548698 7.848838 -21.335836 -5.959291 0.67669433 -42.180965 -22.246027 7.500959 12.620106 0.29572567 -4.075986 -13.571376 2.9178293 -9.296423 0.34984303 -1.9173925 -4.1000156 
-266.37415 103.285164 -3.7697585 39.91606 42.189213 -12.731424 -17.538918 2.6018448 -25.700777 -8.956219 -8.835941 -9.100109 -3.8407373 -4.4184504 -8.980195 13.583082 -14.587017 -0.35953087 0.15774849 -4.4115887 
-282.6105 122.422745 11.268435 23.795021 33.67239 -2.4639702 -29.897963 -5.6510186 -11.389116 -13.451558 0.12225395 5.713806 -11.9884405 -1.1292948 -7.107564 3.2227151 -19.61805 5.1304007 -3.7739499 -3.9986742 
-320.14413 148.30005 11.798869 22.52604 26.98434 11.241495 -16.100208 -16.809383 -19.052792 -0.48925862 6.450684 0.3206488 -16.030891 0.5588688 1.8295013 -1.1724563 -17.187752 -1.2924101 -5.3517947 -3.1577866 
-296.99335 111.319885 0.5328797 36.825497 21.07512 -1.8965276 -10.481493 -4.9132595 -27.464819 4.0012097 3.721034 -1.5880144 -18.66172 6.5264425 3.4221106 -0.6553078 -14.7203045 -0.0074707665 0.12511684 -2.455235 
-247.97076 137.41838 -14.86947 41.70048 28.994276 -15.563419 -34.522358 -5.5374775 -28.404099 -12.640859 4.7156363 -5.1834784 -9.085085 2.7173662 -8.358036 1.2409699 -19.50966 4.997361 -3.1691492 -6.218517 
-249.71324 74.19681 23.68624 33.992825 10.235551 4.520113 -35.15498 -2.482875 -13.938014 -3.1405008 -9.723396 1.2231972 -10.329777 4.1341095 -10.4779825 -3.4950902 -14.267385 2.212513 -4.9671335 -6.7954617 
-277.48306 143.59138 11.289208 31.376549 3.2473073 6.262333 -12.595403 -5.497347 -40.17949 -15.038801 2.6995468 8.785818 -11.576747 -7.0477457 -2.8241851 7.515102 -7.6028833 -1.1510552 -7.110755 -5.921584 
-298.56506 186.14905 -3.7682562 6.727562 -13.424402 -25.33244 -4.2630496 17.884394 -11.580315 -2.7661083 1.6040618 -3.036316 3.11233 -0.735141 -20.594799 4.072546 -14.729525 -1.8064431 -2.0800612 -2.732117 
-370.88382 110.25369 17.386358 22.467037 6.901804 11.257858 -0.8387039 13.977843 -0.8386433 2.148631 -11.6693535 2.4196913 -2.408868 -8.337869 -7.6076574 -1.9814644 -10.581748 -2.870938 -10.711418 5.3536215 
-393.5652 123.97956 22.486708 28.199064 12.420293 19.564346 -5.947466 8.745373 -1.5308809 4.770452 -9.976979 3.4349582 -5.2494864 -6.9469304 -8.982547 2.5450552 -5.9797006 -1.3578162 -6.755474 2.3399796 
-288.5984 148.43282 -8.297746 37.832363 37.047993 -8.22593 -26.975584 -11.778835 -29.07686 -10.5115795 -5.6967983 -7.659015 -2.568614 -7.1458874 -6.3873563 15.241509 -15.748099 -1.9476473 6.280455 -1.6240193 
-262.5817 123.33149 8.506589 26.726583 35.296223 -3.8144734 -31.093489 -17.125803 -14.085204 -8.320912 -2.766641 0.70393527 -10.749376 5.5354085 -1.5312508 10.183164 -19.59697 1.5260525 2.9483242 -1.4240117 
-356.98257 158.15504 16.471996 31.859257 22.82384 7.8698077 -15.365363 -8.907934 -11.966166 -3.5660558 0.04017348 4.4361277 -11.559268 -0.3831867 -4.0284653 5.137073 -17.646217 0.87328815 -8.367985 -2.100622 
-393.99658 164.05054 13.319096 38.939224 21.137379 10.36462 -4.718645 2.4906743 -6.8441067 -7.4882083 -7.838695 1.4416533 -8.890255 -7.396528 -8.547119 3.6691916 -12.681804 -7.3276467 -9.912892 -0.28492922 
-293.5865 175.23834 -13.099546 2.662151 8.146263 -3.5836682 -14.075004 6.5353074 -12.17678 -5.741541 14.576765 5.8381896 -10.543696 -22.615751 -16.105444 11.68423 -15.919537 4.129191 -3.9802923 0.9711325 
-328.276 130.11705 2.6612577 45.597813 29.207567 -5.0461507 -11.213274 9.493577 -14.492447 -11.129728 -10.669306 -5.400915 -6.4997306 -12.551515 -16.902126 7.063168 -4.2353864 -1.9021647 3.3678992 0.88775486 
-265.37967 154.06667 -6.3687134 38.192223 42.925392 -14.865524 -25.833023 -3.5608416 -20.633257 -15.367809 -12.315291 -13.492222 3.248688 -7.3229294 -20.65859 10.363242 -12.355926 -15.239731 1.3929733 3.0413568 
-278.13074 134.74059 34.068836 18.538862 8.773103 -2.6266623 -8.586666 -7.671938 -18.385363 -20.520294 -10.409814 2.9216292 -5.726975 -0.81054413 -8.788168 3.7466066 -7.046625 2.1217268 -4.2526274 -5.4878755 
-331.2901 168.00949 7.199528 43.909267 8.044603 -13.111192 5.327363 -2.8889515 -36.716873 -16.363478 -3.8694332 -0.7306756 -0.57559544 1.6787789 -6.448065 6.432932 -0.5188178 -0.23028506 -6.800985 -8.024573 
-352.75793 163.09773 3.993102 43.74664 17.734222 -6.2558064 -6.776122 -7.873452 -36.39877 -17.184555 -3.5221548 2.670053 -5.440241 -1.6007017 -2.1520789 15.905513 -2.3067532 -0.3810952 -0.7941437 -5.017168 
-323.37744 66.00577 22.757948 43.58752 13.671356 12.788799 -24.79578 29.697622 -7.212445 -8.30791 -3.9268591 -2.1519306 -6.4610815 -6.147161 -3.2480605 -1.3635585 -7.7917843 -4.6166005 -2.9695115 0.7806066 
-294.23083 87.04369 21.894659 47.528618 32.43302 9.321279 -25.197922 12.966823 -15.803596 -4.2772837 -16.010323 -1.3405786 -8.463697 0.6057255 -14.056522 -2.7962239 -6.7978153 1.9438146 -14.472996 -6.8521657 
-334.50723 136.65181 17.909252 33.72722 6.9924927 2.4761 -3.3687525 -3.1734037 -29.14659 -8.411274 -9.648191 13.706539 -12.976218 -6.0257483 -4.4644194 21.445623 -9.172892 5.6656566 -3.1072657 -5.4538717 
-276.8141 177.95439 -14.972717 15.298848 7.572839 -9.627654 -11.508392 5.3378315 -29.951395 -14.714373 14.968013 -1.008123 -13.006965 -8.187429 -12.654057 5.058073 -8.225539 0.33829 -5.1158314 -0.25686148 
-332.2775 169.83257 -9.22942 42.219475 34.429844 -18.496965 -14.036579 16.18035 -27.004326 -17.401026 -2.7778003 -17.560009 -9.335647 5.6909733 -19.292885 5.2719073 3.18374 -8.351528 -3.5187464 3.2183988 
-334.92065 145.01653 2.777099 51.681137 40.126804 -5.7189665 -14.531779 5.599213 -12.1598425 -17.602186 -17.279053 -8.050578 -9.36962 -6.92671 -14.092994 2.387391 -5.085824 -6.76985 -7.2705364 -2.622921 
-338.64795 163.58757 9.610657 37.343464 22.60503 -0.4781999 -13.350819 -10.324092 -21.17646 -12.033805 -13.892545 -5.161059 0.5603821 -1.1670403 -12.530399 7.9149966 -4.552655 -6.9674563 -2.6505306 1.3540334 
-346.15527 110.90231 25.447287 41.25966 16.966696 14.427355 -17.28492 15.856678 -11.204749 -10.520327 -9.77142 -4.663316 -1.4142966 -6.290378 -7.2638736 7.8411407 -8.232201 -2.7165349 -4.9438596 2.1119227 
-324.4652 141.42036 9.058598 34.564316 21.332504 1.2293744 -19.337883 3.6779644 -27.533909 -4.0286775 -8.404797 -0.9594894 -11.521778 -4.808319 -9.739562 5.8557415 -11.931808 -2.5518863 -5.678514 -1.6907861 
-255.98761 165.16867 -33.772133 0.15221745 15.173019 -8.117745 -19.747643 10.636374 -23.503193 -2.758049 21.96386 -6.421228 -12.639429 -13.854996 -12.100208 5.493515 -17.894356 4.7006392 -8.433081 4.6485744 
-279.09717 155.10815 16.281834 3.2119555 15.770181 -16.539425 -18.00413 1.7976958 -17.73268 -1.7394788 3.1948433 5.6185617 -8.528431 -8.531948 -11.048323 10.834697 -12.001253 -1.3024764 -4.0622573 0.36403885 
-344.16318 156.2577 25.124472 30.952232 20.883429 3.0745678 -13.191415 -3.5787306 -23.872639 -12.693503 -13.609495 3.0064392 -7.4851513 -10.889504 1.0010031 6.7277737 -5.0004663 -2.6862748 -7.3255835 -3.2435412 
-305.2713 142.89662 20.844606 -5.5714436 10.876425 -2.175624 -8.827137 8.387126 -8.391842 -10.321817 -4.056923 9.007017 -0.98161876 -3.3876631 -10.076424 6.953012 -14.483685 1.189609 -6.8090773 1.0990573 
-338.36185 140.97467 33.32305 13.723285 7.7655506 6.4192104 -13.195812 4.5427823 -14.624932 -12.700084 -1.9854794 12.126826 -9.60117 -6.7737103 -14.916546 2.0409346 -11.174292 0.8727307 -6.722348 -1.2224946 
-338.97382 134.79492 38.25428 10.748962 10.750017 -11.911815 -4.755214 5.100031 -17.24892 -9.099474 -13.156315 3.6833463 -7.0828786 5.084459 -7.2535925 3.163812 -11.4783745 -3.2456458 -9.372112 -0.5563748 
-321.78958 147.43605 16.258814 26.054373 15.9922285 -5.4341884 -17.834799 -6.6021814 -21.361597 -9.493313 -10.606658 -2.2273533 -3.7390184 -2.3115327 1.8051794 16.971516 -7.8305283 -3.3996768 -0.15425545 1.7570934 
-339.03 168.56064 25.342522 39.667 -1.7779726 -17.190277 -10.529928 -8.626392 -23.75648 -9.749804 -10.748575 -5.723053 -5.747323 -7.4097705 -7.993685 7.433804 -0.47228062 8.085144 1.9978452 -3.5832036 
-336.81436 65.9169 47.785538 37.48038 -2.5149465 20.735558 -6.481391 18.106579 -27.77259 17.20704 -20.216913 -0.8931017 -5.896376 0.9789967 -5.773846 5.0606766 -3.7513647 -2.6526794 1.4138639 -3.442743 
-348.39676 166.00922 25.456942 32.32848 -12.135056 -17.873047 -15.0167675 6.170183 -15.802424 0.2768774 -6.2225966 -2.2532792 -1.6126964 -3.5414288 0.15365288 4.001317 -6.624 0.93302697 -0.90027165 -10.093866 
-363.0832 139.68073 15.837063 23.709589 6.4623427 7.8739166 -7.5466886 3.395154 -8.487998 2.557761 -7.5751395 0.8289686 -4.923731 -2.859355 -4.0602164 8.237262 -2.5984483 0.12365357 -7.4055 -0.8081565 
-406.2563 132.27054 13.451296 27.02573 10.003433 14.682883 2.1644812 10.419493 -1.2916408 2.0667188 -9.839207 0.6798501 -5.7522907 0.98781735 -7.471183 4.827808 -9.420644 -0.32300663 -7.8691287 0.9030253 
-410.63385 129.19354 14.448314 30.364908 7.934103 10.767787 4.306157 6.613134 -2.9263291 5.5629206 -10.398871 0.8499178 -6.6686535 1.2826154 -7.808453 2.9215271 -15.461543 -1.1116744 -8.896148 -2.4739223 
-424.683 140.98749 7.4273205 33.5128 11.172627 15.20178 -0.26559338 6.979597 -3.1500893 1.7958361 -8.536787 0.9507099 -8.777235 -0.31595102 -10.371013 -0.22474888 -10.743701 -2.1030135 -6.545209 0.8021365 
-374.64246 127.76854 7.4921384 22.571228 9.245105 17.879463 -3.4427435 7.492086 -4.25018 -2.4149945 -0.44846937 -3.27386 -9.598529 0.41918215 -4.668557 5.4028287 -12.33777 -2.129053 -7.4124494 -1.940988 
-271.25482 172.9341 -43.97377 -2.5918698 17.51179 -7.393854 -12.703071 13.157986 -12.297729 -13.197915 13.549418 4.611275 -22.758144 -12.734648 -10.0719185 5.7524757 -13.2842865 0.9960677 -6.021478 -0.43690777 
-299.21616 143.26633 6.7222233 62.98897 33.051193 -12.491459 -23.180704 8.17004 -27.045555 -18.471191 -10.793907 -16.301847 -2.1724606 -6.7495556 -20.291128 10.055457 -10.39084 -4.396348 -0.37392786 -3.991937 
-327.2341 160.28557 0.6781678 48.16537 20.794868 -4.6305223 -12.512577 -10.140954 -40.623962 -14.642687 2.9131854 0.49705315 -4.750379 -4.2707195 -1.1301235 18.807652 -12.558015 -5.406265 -2.8043318 -6.8201838 
-386.08307 146.0645 15.7424755 30.739319 8.2691345 5.974204 -3.5373888 9.627757 -13.182032 -2.0126832 -9.965115 -0.49105623 -7.229744 -3.2882814 -6.18334 5.498956 -8.720886 -2.785384 -3.6074405 -2.1168332 
-286.3536 90.12141 36.58807 37.928936 22.787817 14.6096735 -15.243975 2.4862022 -36.012253 -4.24121 -16.3274 0.8754183 -14.653429 -0.896709 -2.879188 13.857014 -5.4533253 -6.2234797 0.86780405 4.6126394 
-319.06506 159.54944 10.163491 37.032608 23.737228 -1.2018173 -3.3166406 -4.93578 -44.53563 -15.775955 -0.13837332 -2.6391106 -11.752003 -5.3904486 -5.6495004 13.013606 -4.3835745 -6.4075503 1.1992522 -4.0195985 
-317.7339 168.7975 -6.6108303 33.622906 22.763697 -10.014465 -20.289856 -4.669558 -25.069054 -12.1589575 -12.173773 -7.407994 9.57629 -11.925365 -7.2698517 16.388756 -8.877207 -3.0999756 4.7390766 -3.7137527 
-266.03836 157.60355 -15.743049 42.667477 47.476227 -18.769545 -41.63548 -8.230109 -21.718765 -11.479507 -15.431956 -14.536055 5.487542 -14.666404 -19.226274 23.060738 -14.587285 -8.162155 8.840214 -5.1768584 
-283.32874 150.24889 -16.139654 49.059956 45.42781 -15.759108 -30.119547 -10.595899 -15.239637 -9.395311 -20.654531 -12.944119 5.5974927 -3.8486378 -20.875015 8.258566 -6.4807878 -10.528435 2.6144867 0.6839462 
-324.51736 137.78685 -5.8994308 50.473816 43.368404 -15.03801 -19.853289 -0.94948304 -22.85505 -12.119197 -14.07031 -19.874678 -3.4329152 4.4947267 -13.951277 10.158552 -5.252611 -5.383038 2.3027368 0.24123764 
-278.80267 139.1738 11.332401 36.358047 3.6409853 1.2927382 -10.034286 -2.3142588 -46.600555 -13.216147 -5.4126773 3.9383998 2.8218424 -18.278877 0.62295175 8.419044 -14.486418 11.214588 -7.2273965 -8.571889 
-343.19397 142.09901 4.4644146 55.705563 27.594606 -13.056251 -7.337009 11.059208 -28.362267 -11.513149 -15.760016 -13.332573 4.269196 -6.107541 -19.535532 11.352409 -4.9661736 -8.957279 7.574384 -3.3232498 
-310.17566 159.86086 -21.60999 38.079437 36.872543 -23.138271 -17.870026 9.123089 -25.348358 -8.781335 -4.131858 -4.2552395 -0.4710889 -2.4366693 -21.818996 10.920495 -6.890002 -0.5097444 1.1595254 -3.2208755 
-323.66946 170.36069 22.388369 18.996717 -5.7814226 -16.163202 -7.7331824 7.9160256 -4.794815 -7.650674 -8.713131 -4.5209594 -4.8556476 -3.501928 -7.080347 0.012180831 -11.444779 -0.8772111 -5.8237805 -0.5969481 
-304.42722 159.22269 6.880078 24.739437 10.788188 -11.457223 -16.380028 2.0069869 -12.716292 -6.9461417 -4.6159787 -6.4713316 -2.9452353 -6.2836146 -13.8920355 7.3207364 -5.0534987 -8.226218 -10.302097 3.0754209 
-347.74716 145.23001 -7.9818335 55.4041 38.49684 -13.214028 -12.109428 5.37563 -13.620878 -12.268385 -17.342648 -9.497143 -5.2734427 -5.788036 -20.766665 11.114192 -3.3734326 -9.582386 -4.418355 3.1498737 
-396.5302 137.06316 12.892216 49.787586 15.312276 6.8151603 8.485102 11.671326 -11.940951 8.261785 -11.522558 -12.02204 -7.355508 -2.297917 -21.138592 7.1451864 -6.9945736 -11.86871 -3.8347998 7.337823 
-378.13095 135.10086 11.370739 52.16652 22.992321 -4.3890896 -4.805145 10.676327 -15.523015 -3.5402062 -12.78043 -8.369312 -2.7464128 -5.028475 -19.63485 11.744562 -9.969192 -8.8645525 2.2236218 3.110954 
-277.07297 179.18703 -23.763836 27.47057 20.998276 -17.118248 -16.14312 -3.040394 -31.925896 -4.909559 10.158953 -7.054926 -9.393488 -9.290081 -16.903404 3.523543 -18.727419 -3.158368 -2.896891 4.4140863 
-297.38037 78.91667 29.765743 56.730087 6.6664243 11.503257 -14.056819 -0.6615752 -9.530327 -5.3696866 -18.561605 -4.9960012 -14.141241 0.23206012 -2.0821698 3.61738 -8.043034 11.992437 -11.98346 -0.25756824 
-347.56766 140.19539 35.96868 29.875505 14.587889 -4.651012 -0.048072234 1.3776978 -14.172166 -12.5821495 -18.863878 -5.945658 -8.537374 -1.0520635 -1.7246493 5.128908 -7.2774377 2.037487 -2.9179473 1.1087104 
-328.59543 71.29146 31.64586 54.420296 5.672159 14.503616 -3.808442 13.081589 -11.645613 2.163883 -16.622261 1.1887195 -7.520194 -2.6971493 -8.285138 3.3941507 -8.276857 0.3160483 -6.2486415 -1.4188981 
-353.1063 173.16473 6.1902275 23.598068 0.91120994 -9.073421 -8.479697 -0.49918795 -16.530163 -7.3574076 -5.8114862 5.6254225 1.1461732 -0.86958766 -14.14905 7.9661255 -4.719093 -10.802937 -5.5794435 4.4558697 
-397.0517 131.71844 13.860609 30.323923 8.374957 12.015128 -0.21609974 10.286679 0.08479924 5.939583 -5.316815 1.5862598 -3.9338384 2.0577557 -11.193029 1.4883857 -10.427161 -3.7374933 -8.95368 0.2548912 
-334.7919 128.29218 18.647728 21.584581 30.751352 -4.8862205 -6.929734 0.8266358 -29.580132 -6.189659 -4.2840595 -4.308872 -4.577181 -5.2017856 -13.4515705 14.134218 -6.329594 -7.2234945 -1.7905091 2.4432318 
-299.23886 173.72543 -5.76686 35.822495 35.35942 -9.048572 -19.895927 -9.844143 -23.944529 -11.79786 -16.3101 -19.670675 -5.2351084 -7.1780787 -11.398022 14.551259 -5.3819356 -5.439916 10.540352 2.3660836 
-302.91116 134.26851 15.848746 35.785316 31.955667 6.4841223 -26.219635 4.7863674 -25.878426 -12.647121 -9.334447 -15.553089 -7.3984323 -3.2384112 -5.163151 8.632307 -6.516373 -2.139668 2.1930456 6.72666 
-278.3137 128.433 4.599911 24.54221 45.30541 -11.988482 -12.348506 0.7800743 -34.681774 -9.568402 0.21515635 -14.383565 -14.844513 -3.392819 -7.4124146 8.499278 -10.026906 -5.7372913 -0.40464598 3.8189785 
-312.55862 115.91783 16.277887 20.33391 18.51703 4.6514935 -14.423872 1.7186483 -17.056488 2.1704729 5.605074 -4.9974513 -17.090364 1.6707972 -12.511753 7.4562345 -14.992223 -1.9476441 -6.605034 3.7842321 
-313.34583 112.24037 47.02366 24.736132 19.237175 14.578162 -10.185834 -3.2691915 -25.067871 -9.547056 -4.715491 0.41539696 -23.664421 -0.08227238 -4.1299405 6.174143 -10.067271 -2.3960788 -9.0726185 -2.8937306 
-268.0836 162.27437 -19.8951 27.381968 39.50645 -18.264946 -29.60894 2.4226089 -34.29222 -2.0622916 4.71556 -12.140205 -0.84640396 3.2753556 -8.970096 10.184716 -18.192486 -6.829643 1.7550718 -4.6725583 
-330.47473 102.7028 13.572076 58.60594 27.352278 3.7451155 -25.48215 22.367113 -18.312792 -11.094376 -11.523441 -9.867712 -3.8930025 -13.418843 -11.3125305 5.53003 -10.431576 -4.325796 -4.817958 -0.8599077 
-347.14047 157.46883 11.282237 49.457935 23.451714 -4.9206157 -8.875781 2.870169 -22.755165 -16.821663 -17.281921 -10.718425 -2.8353019 -4.0214367 -6.9881573 8.034486 -5.2931166 -5.563155 -4.228228 -1.5650896 
-320.67712 136.03221 58.69637 24.77502 11.22673 -14.584523 -13.740827 5.6832952 -24.660582 2.327083 -25.746803 1.4828012 -16.06736 7.6702433 -9.255079 7.7474875 -1.3315893 5.8474016 3.3533678 4.0702395 
-308.592 137.82558 37.281433 22.951511 9.219547 -7.2388406 -5.9779654 -3.6345885 -29.374763 -12.174173 -12.719176 -0.76763344 -0.5528059 -7.362626 -8.609053 13.476597 -9.380262 1.0641491 5.521509 -0.05969715 
-358.0953 153.70035 27.24616 36.67273 7.5598927 -9.221859 -5.626353 0.8945762 -9.4711 0.7732334 -9.530255 -7.2081857 -5.630209 -0.5872424 -11.479535 10.453614 -6.7096753 -7.24164 -8.870585 -0.18888097 
-396.30807 124.6008 13.312804 27.659815 5.4063396 16.34955 -1.4147229 6.849573 -5.8786025 3.673941 -8.958672 2.9245906 -5.803612 2.5252166 -10.409166 5.3520904 -10.014451 -2.5990624 -10.090168 -0.78544414 
-350.0537 108.71849 31.63221 36.22023 16.358171 17.447517 -7.2839694 -2.3054233 -10.731752 -4.4980383 -11.219066 -7.261339 -10.939415 2.0689077 -4.183798 0.6236787 -10.4819145 3.2298002 -4.0762963 0.5266227 
-290.80966 114.420044 -1.899565 61.430122 29.19083 -5.367758 -20.926113 -0.31195694 -25.009901 -9.158814 -15.440227 -17.884968 -4.345733 4.44328 -7.98811 4.9314365 -6.7551346 6.101685 -4.5361423 -7.9009957 
-308.22665 72.00333 31.880999 56.580284 1.5425673 8.309268 -12.0557575 4.691328 -8.215903 2.128459 -16.960157 -4.7737823 -8.916974 -2.2348053 -5.3095355 -0.94285053 -9.80233 6.5465794 -10.103963 -5.5632687 
-400.58875 136.13411 14.627972 33.9409 4.8345437 11.756929 -1.2823415 6.755322 -4.0412693 5.1498804 -9.804693 0.85560393 -8.186654 -1.9636493 -7.9010944 2.905511 -9.687392 3.3791974 -7.1070704 1.5629935 
-300.6931 146.47285 0.4734692 32.908554 32.769382 -8.458332 -25.205519 1.624607 -26.471815 -14.657857 -15.235724 -8.09886 -0.90831023 -3.8019078 -10.346615 15.145423 -5.5934844 -1.4607579 -1.8102953 -1.6693716 
-332.92404 147.62122 17.288582 36.190567 31.307343 8.342497 -16.278542 -11.691199 -25.148476 -10.787403 -8.042561 -4.4631577 -13.319372 -6.4910297 -4.1824436 7.269866 -9.845985 -2.3557205 -7.242531 -3.5304108 
-349.27795 149.00272 35.058918 37.153233 19.59173 8.218988 -5.3185163 0.30639485 -14.227839 -12.459489 -13.4903 -1.4998071 -14.36447 -7.331058 -7.9410453 6.435765 -0.6861857 0.9563067 -3.517951 -4.4435906 
-347.1388 156.89264 22.529737 35.368057 19.16428 1.0842313 -1.9001405 1.9410152 -17.602493 -17.510954 -17.485235 -4.757156 -5.3565617 -3.5420847 -7.8163776 7.2714024 -3.546786 -1.2234068 1.9402934 2.795933 
-359.5854 154.81203 22.472378 45.696884 20.857056 -0.26230273 -12.192 -5.4851055 -14.318259 -10.096895 -24.01752 -7.667935 -4.5388937 -3.304287 -11.706081 10.100457 -4.1190805 -2.6097052 0.16941977 6.8042006 
-325.74655 160.40576 -16.251183 4.329701 9.94077 2.8977656 -11.602621 7.1605563 -4.705431 -0.8165334 6.7158246 4.7850075 -13.01799 -15.619252 -16.230068 9.300289 -10.344006 1.673047 -4.84922 2.5681257 
-399.32843 136.10486 7.184286 24.265215 6.9618626 9.148591 0.42071703 6.897548 1.4121739 8.179227 -1.4792637 1.2025495 -11.492611 -4.3880143 -10.155033 3.097853 -8.810457 -1.195287 -4.8344455 4.1768312 
-379.19812 143.91881 19.207142 25.59584 12.834208 8.56529 -5.1242485 4.380729 -4.3371797 0.58477616 -5.422231 2.8034678 -7.1949377 -3.3813257 -10.154791 3.6251423 -11.781061 -2.7668104 -8.168813 1.8809392 
-340.7734 182.21529 22.705893 22.347284 -16.434412 -24.626305 -5.7611227 4.8784394 -1.9180586 5.2549214 -4.113048 -8.77827 -4.6015525 -3.097139 -15.057942 5.3598275 -4.077667 -5.572191 -9.098725 -1.7426717 
-348.05997 174.03006 11.992237 29.028421 12.462175 -4.6496515 -10.331247 -0.93022454 -14.762 -5.632221 -6.2989 0.6845471 -8.837903 -4.16455 -11.673368 3.8828125 -4.726583 -2.3296652 -8.906249 0.02936252 
-315.47806 186.50784 -22.815811 8.508723 11.536067 -4.1140237 -9.693821 10.167201 -12.436789 -8.071743 13.338251 5.9899335 -15.573726 -13.436922 -22.718517 2.1442506 -1.9046644 7.2077613 -10.072944 -2.6518207 
-305.07144 99.90195 25.725317 43.71843 26.97174 6.539345 -22.26851 -1.2789571 -13.241965 -8.155838 -14.459876 0.14305528 -9.339007 -0.32299894 -9.19817 6.0782804 -7.8146954 6.2905765 -3.6255193 -5.8246408 
-341.1188 162.01727 14.066372 40.16118 22.76171 -3.4158003 -11.836859 -1.8651335 -11.705022 -9.264986 -16.95564 -9.809644 -5.899745 -2.7224438 -10.545132 7.394879 -2.5362308 -2.1430435 -1.595968 2.2788045 
-278.5363 189.13446 -27.615137 -5.0033755 10.578611 -0.47633383 -15.430673 7.532221 -7.030411 -5.43994 7.1483307 8.02673 -6.1072593 -23.286089 -17.78506 10.715381 -9.651536 3.8840888 -3.1656992 -2.7860556 
-292.7891 122.00228 12.013539 36.494663 9.255184 5.377151 -14.845483 0.14194086 -18.661263 1.4743898 -5.1444798 6.771729 -3.3686042 -6.0950556 -13.291453 2.1782458 -8.252859 -3.4899738 -2.4939964 -0.7475605 
-331.1371 172.79349 4.8559713 26.589903 11.6105385 -7.7645245 -15.9074135 -3.5035827 -13.442549 -9.321392 -9.749501 4.2985616 5.055306 -2.6751976 -8.422083 5.7515965 -8.698051 -8.838522 -2.811758 4.3591766 
-348.85245 159.49542 4.9685845 24.986378 8.60418 -11.478352 -12.658558 3.4491072 -20.805004 -17.082684 8.344342 20.284748 -6.42043 -2.0332427 -7.283275 1.8301833 -10.876455 5.5556045 -4.4604554 -5.1817126 
-369.01346 143.39168 16.030159 35.42231 17.455978 5.377916 -9.059559 -2.164808 -17.672625 -4.9947133 -4.9852853 -4.3699512 -8.352747 4.7962713 0.8650061 5.0202913 -5.8304763 0.42829704 -5.8189216 -1.6146045 
-401.15448 142.71744 13.600504 28.052362 5.6608486 10.05888 0.26815885 9.498045 -4.787321 -0.64013153 -7.922399 0.77928615 -2.7710276 2.0033238 -6.995179 2.2331862 -9.938918 0.74078846 -7.8498707 1.9377666 
-313.01508 149.13698 -8.128193 44.91526 33.494553 -8.540767 -25.312675 -1.9604789 -21.43818 -10.088576 -9.951466 -1.0350423 5.17367 -5.90528 -6.008632 11.870679 -12.016201 -3.223405 1.9740367 -9.704113 
-300.87894 164.00822 23.958195 33.94865 -0.24335606 -13.928926 -8.311177 2.208875 -20.987362 -12.910488 -14.30491 -3.1462963 1.7480543 4.50649 -0.38867924 13.266188 -8.21238 -3.5601768 -1.2895559 -6.1157627 
-263.5885 111.259514 12.045261 22.782938 3.8510144 13.652587 -23.1816 -3.7566252 -14.4595375 4.0472364 -6.3997126 14.845067 -10.440389 -8.0082855 -14.486136 2.6527674 -9.404414 0.43980396 -8.124471 3.9087405 
-355.5577 120.7843 38.404617 29.824781 15.180775 13.81626 -8.477223 3.6434615 -10.0195265 -3.8048935 -14.845322 8.978052 -13.04834 -2.3254967 -7.756095 6.490682 -6.319226 -1.8557485 -5.623139 0.6944127 
-332.71832 69.01443 58.555134 32.332302 1.7664273 31.640219 -13.876877 9.550723 -16.28098 6.7133803 -16.276905 7.5615597 -13.409846 -3.4164784 -6.557758 5.01473 -7.71191 -0.5404733 -5.870075 2.8923905 
-369.1122 124.39125 34.10445 28.194363 4.4584236 12.146341 -6.079947 6.8754907 -13.804904 -2.7632208 -17.63875 3.8552763 -6.8723927 2.35199 -8.1536665 6.71549 -6.339819 -1.4536421 -10.178018 0.22443713 
-404.12543 129.85342 19.709185 34.851547 11.464954 11.861938 0.28333876 7.8052554 -3.0577164 3.3027701 -9.918571 1.0269101 -7.609521 2.915153 -7.39546 2.5048175 -10.14554 1.7423075 -8.834194 -0.1268491 
-410.20663 143.82764 9.530964 28.158625 10.279339 17.493446 2.8350446 5.65288 -8.211136 4.1999006 -4.749235 8.799112 -2.246407 -0.5076551 -12.248998 6.306185 -9.450567 -1.5112578 -8.852191 0.025632752 
-411.90277 141.77437 13.718813 28.179852 8.353111 12.654342 0.1616707 7.910092 -1.6862652 2.6605754 -7.4162884 3.1524274 -6.2173395 0.24939734 -11.2640505 -0.6442667 -11.131815 2.8148806 -8.097649 -1.028119 
