-358.08228 121.88297 18.141232 21.805532 12.042035 10.646503 4.3737726 10.247244 -20.708843 0.35391343 -14.36065 7.579339 -12.796723 5.051847 -12.253216 1.1425123 -9.676746 1.8830804 -9.041921 -2.9372416 
-312.07996 145.74623 24.278875 25.921772 3.3310633 2.7729845 -1.5264996 10.49428 -30.148302 -9.140025 -14.959286 5.138557 -2.2985501 11.784635 -2.0862546 1.946788 -12.657588 3.374817 -9.057636 -5.486511 
-279.13483 132.11147 -2.2265582 29.357304 19.345993 2.683767 -13.460658 0.17545588 -35.287315 9.834902 -12.077999 0.34201017 -13.860969 1.6960855 8.347975 1.7903953 -17.66504 6.1223845 -10.58942 -4.7042713 
-307.91278 144.28972 17.641914 33.043976 2.9438787 7.3387704 -2.543157 13.901189 -42.571323 -8.404455 -18.351404 -3.29912 -3.9822726 -2.0333376 1.8226662 -1.801412 -12.285986 9.455795 -5.3774166 -4.9730325 
-307.77457 145.58067 35.06611 28.806274 -1.900249 11.879595 -3.8828354 12.067868 -30.956936 -12.153635 -24.524849 -2.113968 -5.8959637 7.2160015 4.907763 7.9477897 -4.4702606 5.744337 -7.170784 -2.234643 
-331.80228 130.40201 31.836948 41.59369 14.199612 27.310966 -14.163189 2.430081 -26.314117 -1.3241862 -11.996775 -0.8348467 -24.56553 -1.170889 2.5181465 2.421753 -6.8895273 7.904362 -5.3122487 0.79571354 
-317.90112 130.82233 31.668484 26.339987 15.91442 20.390385 -8.2476 2.6215277 -31.838491 -3.8959787 -9.7172365 0.74173945 -19.61454 4.2678246 4.7006984 7.258616 -8.329393 3.62399 -13.643012 -2.3824959 
-320.78857 165.0966 15.260851 15.562836 9.603619 12.395538 -2.6504364 8.094186 -29.514662 -0.62728584 -0.6076692 3.5078173 -15.995253 -0.78503436 -3.6760454 0.4982178 -7.8194275 5.700284 -11.85163 -1.4708277 
-308.8492 157.91777 12.79262 -1.2574294 1.7909998 17.139975 -2.4972224 6.7386107 -24.757196 3.693626 0.088800006 5.098044 -6.9505515 -6.671722 -12.823377 0.6766402 -7.896805 3.7130775 -14.919804 -0.8826413 
-322.18286 153.1586 12.0927925 18.62517 7.695404 15.202381 -0.54377174 5.417766 -39.728718 -5.687826 -8.672442 6.7503796 -5.701495 4.280169 -0.4261393 8.77873 -7.121168 5.918408 -10.661372 -5.687961 
-317.0926 174.3619 14.65761 7.870663 7.8132343 15.848219 -7.8043137 -0.09403498 -26.589771 1.0606321 -10.092547 5.45 -9.241073 -0.5328324 -8.485014 6.4846606 -5.7967577 6.683788 -9.787005 -1.9791315 
-329.14865 111.06137 23.727856 53.165764 14.147509 7.5070987 -5.7836666 18.071074 -26.499691 -0.8822035 -10.566905 -15.61533 -11.22084 9.207279 -8.305934 -6.0675945 -7.8332334 11.453368 -11.446268 -1.3040617 
-333.47498 155.65736 24.316305 19.498655 7.8146048 13.480536 -1.8358827 5.0014677 -21.991085 -6.7320323 -12.225244 0.04443762 -6.94261 1.5863385 -8.021069 -1.4967929 -10.575712 1.9520804 -9.264466 0.17846444 
-333.19116 146.9743 16.488201 26.067852 5.672432 8.255016 -9.826021 12.319134 -18.770832 2.8283498 -7.570599 -4.2893643 -4.7966113 7.6313357 1.9489564 2.818816 -14.02889 2.6527853 -9.809211 -4.990537 
-332.4522 161.40242 13.060292 14.7826605 13.107764 15.873993 -9.0973 -4.211406 -26.621344 3.9788198 0.61085296 4.282465 -7.0334444 3.205911 2.7113485 2.0102386 -15.255962 -1.7401559 -11.610681 0.18354076 
-295.69586 162.05072 -4.947115 -6.951479 2.4534264 15.799269 -5.0196133 9.650026 -25.069403 4.782937 3.2308567 8.793738 -12.653944 -3.8382509 -8.834782 -0.05658804 -8.955006 9.508214 -11.217121 -2.1048627 
-312.90222 126.011284 29.173391 9.43032 9.079284 21.02253 -15.072361 10.630168 -27.080675 2.6025946 -2.205395 10.434899 -11.2609825 -0.18155938 0.6094672 2.8569672 -19.277016 2.439888 -12.151901 -0.5152399 
-382.23633 131.76955 15.788991 36.00365 11.160562 17.438154 -6.0802784 14.382974 -10.430224 8.600841 -9.10049 3.5185146 -11.432293 -0.08586523 -8.736012 2.72248 -13.42845 1.7560245 -11.677315 0.87342703 
-368.65094 127.67311 11.668899 27.753807 12.192488 26.491219 -7.9545355 9.91541 -16.333992 8.270567 -6.0084496 3.282115 -10.626 2.542512 -6.9857655 4.000114 -12.088433 2.0215287 -11.952631 0.026933696 
-387.06702 137.20685 14.066764 31.115353 13.687104 13.632275 -5.364805 14.686417 -9.905598 4.6966877 -12.9664345 -1.7962106 -12.216094 -1.2938622 -9.223839 2.746745 -10.739656 2.7440846 -7.0147877 -0.8133278 
-292.8429 171.19385 19.86367 12.861775 -6.628564 -8.749544 10.954342 18.308815 -19.872974 -4.3315945 -9.986505 -7.6935034 -1.7852885 6.5973 -1.951927 -4.0704117 -3.0038872 -1.186325 -9.7429085 -2.4577482 
-315.58893 151.67648 24.169973 29.19435 12.29018 14.564665 -1.6284192 3.2834616 -24.340014 -10.102428 -10.126358 3.0814881 -12.972813 1.4843589 -0.5215953 3.1371284 -5.9012876 4.3393774 -7.941642 -9.207788 
-313.74237 144.59662 20.20599 12.51122 5.486979 17.012186 -0.03973611 4.770676 -30.132921 -11.671287 -9.301351 6.092181 -4.888233 0.3776933 -4.4087095 -0.90590435 -4.5233307 5.813367 -8.712758 -5.937709 
-284.3227 112.26714 34.04866 20.919352 4.627169 22.213127 -5.8888016 6.8776894 -27.274601 -15.188945 -12.230972 4.995634 -10.92858 3.2295897 -1.03792 3.550014 -7.036265 6.3677974 -8.621955 -6.747366 
-336.20535 166.70589 21.66577 21.669975 14.115767 15.597118 -6.109434 1.2781571 -20.992252 -6.280544 -10.567959 7.685551 -3.8017256 1.2458489 -1.8485328 7.3888984 -2.8014605 2.2487788 -10.268987 -8.197203 
-324.42578 169.10582 13.874768 21.194933 7.6902533 9.951927 -0.23435402 8.736451 -21.2843 -6.894778 -13.584939 0.7707064 -0.09405073 6.54811 3.6269782 5.360562 -6.8735886 1.708126 -7.0147457 -6.332982 
-327.99768 170.5416 19.35359 9.862056 -0.68200195 7.480156 2.0074677 16.62017 -22.976027 -5.9415073 -18.982277 2.5367594 1.0107768 7.6431527 -2.3649762 2.1772726 -11.828921 -0.7159427 -8.371117 -3.4373982 
-328.28705 167.04424 15.944163 8.55 3.1050982 15.545188 -3.0146408 5.181952 -18.518555 2.3864813 -14.6345415 0.2932054 -5.3919535 1.4620064 -2.5722253 2.2325695 -9.172917 2.4302845 -9.566929 -2.4982438 
-328.30542 150.5108 20.706156 17.550238 3.0208032 17.95803 -2.2129374 7.1635914 -21.676508 -1.299855 -5.2842383 5.702345 -9.9158325 0.23142791 -3.319954 4.6654944 -13.6459675 5.6224604 -11.693035 -8.415261 
-351.4483 113.94347 35.153362 45.22141 11.786854 18.808886 -12.106332 8.880039 -13.506961 -2.345434 -16.610739 -6.0205936 -18.042006 2.4699512 -9.74966 -3.6157103 -7.4802833 7.821638 -8.042433 0.8323129 
-334.43408 118.235565 26.733704 53.65687 6.8999524 8.421143 -13.018548 9.651488 -18.954073 1.1709001 -14.601935 -6.1051693 -9.817649 7.959403 -4.9330525 -2.5173936 -7.104743 17.278807 -9.491633 -3.7567186 
-328.48425 156.15317 17.093147 37.069756 26.36745 6.5357566 -20.110086 -3.9965868 -24.488138 -5.874586 -12.866669 -8.405195 -12.142611 10.310505 5.0894437 3.047441 -12.8963995 8.864147 -3.7603786 -8.278251 
-376.13977 133.03119 21.33283 28.289045 11.793572 11.167867 -9.001752 8.278705 -12.096298 5.1158905 -11.964388 1.9730257 -10.662822 4.4433722 -6.694074 4.868732 -12.46056 4.9350567 -7.2611694 -1.857114 
-384.28723 131.90495 17.273735 33.907177 14.243393 16.436842 -8.168142 9.320479 -10.359298 10.882341 -11.409779 -0.7614529 -8.017023 3.8813553 -10.188041 2.4343488 -12.9052925 0.8743993 -13.588307 -1.6702236 
-386.27484 129.52783 22.659252 30.810438 14.027776 11.861606 -6.041733 13.066062 -11.546674 10.282689 -13.957154 1.3532393 -6.306128 8.496265 -7.366552 4.8990726 -10.411432 5.992914 -7.258644 -0.73975974 
-362.41162 141.65335 24.045254 24.664137 15.201946 12.595997 -2.4378438 7.6280804 -16.865013 2.763959 -10.667375 -1.0692352 -15.729957 -3.4623594 -5.9100885 9.3586235 -8.090192 3.976576 -11.648975 -2.8685756 
-331.94052 164.31575 17.144403 17.712427 12.138265 14.151661 -1.3631195 -3.5420418 -26.385643 -6.5485544 -0.43271506 10.176636 0.10657559 0.23174074 -2.1920924 5.0194607 -7.471517 -1.985826 -9.303218 -7.777415 
-350.6493 160.25423 22.007603 24.574825 12.739991 13.108004 -5.172621 0.96276134 -25.828918 -1.942109 -8.301287 10.059731 -2.8068025 3.9103496 -6.129818 8.17004 -4.684629 3.7275035 -9.105024 -8.849181 
-371.7908 145.60385 27.703276 35.174713 17.091122 12.751835 -10.046718 4.7469063 -17.23483 4.0081654 -12.441278 4.0933414 -9.008518 8.171835 -1.7717596 7.0309277 -9.598208 2.0763273 -11.837474 -3.8933759 
-391.5316 136.06206 18.134426 32.18046 11.009167 10.032612 -3.1949415 16.363937 -7.860021 6.6647086 -15.271196 -0.53998476 -6.1019034 3.107194 -10.307411 -0.14381771 -9.976478 4.633118 -4.2152624 -2.1463614 
-387.42633 133.79364 17.464207 35.576675 12.593507 10.498431 -7.5135946 12.330098 -7.9679084 8.063323 -10.223341 -1.2321216 -8.982739 -0.1757164 -9.707752 0.17568535 -11.28606 3.4478228 -8.75392 -0.40388554 
-387.27756 131.99564 18.567308 30.404406 11.832195 13.789262 -2.8349755 16.153627 -9.251066 8.914833 -13.864696 0.7090354 -7.031351 4.1695104 -7.3115597 3.9607174 -12.512176 2.503916 -11.176194 -2.1580172 
-348.18298 140.50993 22.063866 46.420837 21.590292 0.7011866 -5.543309 11.974501 -18.727943 -0.89312255 -12.167496 -6.332967 -5.9765525 9.069157 -6.9445753 3.0499802 -0.66605735 2.5910752 -10.561309 -0.2725399 
-330.58533 136.92259 24.371605 25.562983 11.678339 12.571027 -1.745732 10.853478 -15.991693 -4.741408 -12.241764 -1.4233502 -7.270245 4.288038 -4.347788 1.6612331 -7.7646885 3.5787408 -7.2829647 -3.7732365 
-298.07098 180.14142 8.01748 -15.379301 -11.460868 7.1164303 7.9717417 13.713785 -20.200169 -9.052992 -3.4563386 13.992806 0.565212 -6.3523383 -10.624163 -6.1664863 -11.994703 4.764321 -0.17403266 -0.9361585 
-325.9325 158.81746 21.728733 -3.6483557 -2.415766 3.856836 2.3350463 16.314045 -19.056664 -2.8456624 -13.804666 11.048568 -0.72146994 3.7400675 -13.835399 -6.7213016 -11.974716 3.0043917 -5.1389484 0.7204891 
-351.41998 160.28485 36.07028 32.05413 8.133076 -0.7983016 -14.883216 4.756215 -18.941658 -5.352089 -19.346937 -5.7144666 -9.164757 5.019659 0.558264 5.2817817 -2.9815698 3.538699 -6.128488 -4.1546702 
-329.70297 122.48812 36.776978 35.917404 9.172566 24.06403 -14.993739 1.9619721 -14.257841 -5.7938876 -12.60413 -0.49675405 -16.427996 5.131578 -1.4218688 2.6318119 -7.0425277 6.114941 -3.8554416 -1.4969585 
-333.04407 147.66798 21.946968 39.27318 26.367361 9.558905 -7.5205927 -3.7063305 -24.660109 -2.268054 -14.867535 -8.64599 -20.746696 2.4638426 2.5215921 2.8516288 -14.871677 6.4701567 2.3196566 1.8662202 
-384.33212 139.42592 24.357021 37.491592 17.414284 11.569559 -8.746122 9.580582 -12.610505 4.3200045 -14.850315 0.4231526 -10.492409 4.902618 -5.6009135 3.7216818 -7.772562 5.228019 -5.4779634 -1.2357812 
-391.43033 135.72882 18.304388 35.447685 13.879071 13.185823 -6.3056593 10.953548 -11.577662 5.8102946 -11.699937 -1.2419292 -10.381877 2.0512073 -6.413503 4.0751505 -9.103732 1.349775 -11.190439 -3.0674236 
-398.4134 136.73215 14.238495 36.876175 14.270443 10.538635 -10.360409 10.862489 -7.990848 6.545709 -14.538049 -0.10096958 -9.534203 2.313074 -8.236805 4.9303393 -10.270618 4.4058924 -6.973427 -2.9142625 
-386.17868 136.2576 19.070305 32.92572 14.821781 12.805096 -3.2064755 12.447789 -8.5088415 6.641869 -11.561848 0.0029719141 -10.460456 1.660234 -9.405683 2.1222448 -8.030877 3.7410388 -8.405522 -5.479381 
-368.33365 146.93153 29.977928 34.166477 9.227001 2.116051 -8.526324 11.678799 -11.038005 0.8266169 -13.623303 -1.4625529 -14.939324 4.1777353 -3.499493 7.8266125 -6.3628798 4.548753 -8.547435 -6.4848194 
-336.02673 127.83496 27.347483 16.66948 5.348332 18.66229 -6.3066125 14.419257 -20.952751 -0.7234462 -12.661404 6.3867335 -6.05945 6.7803464 -5.3041787 1.4189881 -14.580531 3.517378 -7.2530036 -3.4803934 
-319.77267 128.8865 37.831604 20.097702 -1.2022028 14.265967 -11.873188 23.661402 -11.843757 -2.1510136 -7.7217917 -0.17544746 -13.885044 6.445917 -7.2221746 1.0439324 -10.932548 7.5283713 -9.218794 -5.6884155 
-324.0689 130.33232 25.716942 33.457157 18.667828 23.061451 -3.8672595 2.6075985 -33.834114 -8.657462 -11.767465 -4.2020187 -17.829258 6.2110806 0.8608109 4.829435 -12.526451 7.8525915 -7.6272855 -0.89557457 
-328.5113 147.2391 26.778572 -0.27555084 -0.13988559 14.226856 1.5216618 14.134039 -20.772905 -1.5916994 -9.475506 7.229677 -3.3010783 1.6539584 -11.65955 0.99076587 -8.997109 5.3443356 -9.132682 -2.1179984 
-317.86597 150.9406 10.036772 37.892044 35.199787 11.534829 -19.41578 -3.6682875 -31.131191 -5.5477533 -13.180654 -11.035196 -12.658518 5.759126 2.9592237 2.6522515 -9.592447 11.413395 0.03435792 -6.673389 
-317.89185 130.30043 19.379528 50.707638 20.713976 7.629553 -13.45402 2.0550408 -23.646904 -4.143344 -15.603826 -12.462038 -13.691705 3.061893 -0.53909916 -3.3886976 -5.0622244 14.121906 -9.072276 -6.2308636 
-323.62543 162.12952 10.509051 37.718765 31.225864 6.8212895 -18.244442 -7.0522428 -26.544937 -3.2756739 -9.03362 -4.4212027 -8.547011 12.34472 8.129118 0.41185927 -10.448034 9.876164 -3.4285073 -9.071498 
-328.51544 162.4008 5.318817 4.9610715 5.0903177 14.451416 -0.030527644 11.829524 -20.015007 -2.9525342 -8.472928 5.471681 1.899259 2.299048 -9.909175 -2.3446589 -7.330487 3.8179529 -7.913763 -2.5552394 
-341.12613 155.27795 22.940853 36.0092 25.372631 8.517947 -16.128077 -4.763624 -24.353302 -4.025328 -16.34408 -6.805147 -8.99893 5.2895646 -5.197453 2.0364363 -2.1690435 8.955923 -6.9948044 -3.7542753 
-340.75775 144.82552 20.811548 17.876524 9.6799555 15.659822 -0.8469916 8.689827 -27.857887 -6.70219 -17.175076 4.170403 -8.249134 7.8710346 -4.4512644 9.087421 -5.630364 5.3845954 -10.3779125 -5.8453255 
-352.0627 118.65597 25.925983 30.408752 8.840493 21.983566 -12.999978 7.172083 -18.95138 -0.5237617 -15.296424 0.5310238 -15.564892 3.1221857 -4.230691 3.5182652 -10.264208 2.961116 -9.213552 -1.4747874 
-360.77744 143.85103 16.582043 19.178823 8.791042 14.412272 -1.7241472 11.097202 -19.471907 0.71211505 -11.07928 4.391647 -3.0207357 4.7637005 -9.285588 0.75659776 -13.979923 4.395039 -7.3990912 -4.6036496 
-334.95715 168.86133 28.878946 13.922709 -6.558357 -3.2129126 -2.2902765 17.537678 -14.143709 -4.964216 -17.250568 -5.402688 -2.9658437 6.494557 -2.1131163 2.1234713 -9.399005 -0.9710242 -11.0383415 -6.718472 
-368.57593 157.09492 25.113785 32.759995 5.01116 -0.15965717 -9.237492 10.797403 -13.280004 2.0169568 -13.620663 -1.0808349 -7.5142384 4.702002 -2.9682188 6.4947653 -7.1225533 0.22971286 -10.195617 -9.893404 
-379.7326 125.78312 18.910578 30.59607 13.759244 14.69613 -5.1516943 11.741605 -7.894843 8.515267 -12.612274 -0.4308103 -6.998905 0.68313813 -8.427308 3.5232244 -9.714233 2.2223716 -8.673159 -3.2321234 
-384.6676 130.81923 19.295673 32.15323 11.589675 14.186336 -5.852222 12.998417 -8.168659 4.6433616 -16.808073 -1.8989404 -7.203718 2.5335631 -7.711733 2.4957256 -10.572807 2.9187949 -8.204352 -0.3563507 
-366.7673 130.86223 19.024422 23.04493 13.76928 18.012995 -2.2852287 10.116746 -12.236335 3.695981 -12.154409 2.1750233 -4.714319 0.34477144 -7.7597003 -1.1195073 -10.317333 2.8991628 -7.818445 -3.3339276 
-345.97607 158.1276 21.416838 37.06444 26.216797 3.3590822 -14.854446 -0.9013845 -19.708359 -0.7950886 -10.266811 -2.3945765 -7.0961514 1.4777417 -4.8656154 4.9034476 -8.305122 7.792306 -9.449164 -7.323458 
-300.9763 161.83356 13.493366 17.55063 15.681868 12.530856 -0.65972996 1.1657858 -32.055454 -4.825038 -14.085356 -0.40196833 1.4279648 2.7924194 -2.1820705 7.1516623 -6.010539 -2.4758747 -13.801983 -1.7693639 
-298.7918 120.095634 19.583368 41.230873 24.749552 21.690807 -21.506248 6.672628 -21.299469 -4.3279557 -4.1867046 -15.774899 -12.375572 1.477955 -3.0750084 7.8335285 -8.692331 5.229821 -6.47227 1.8655915 
-358.8334 139.25777 21.759552 31.29238 17.87706 17.034569 -7.289187 6.2046733 -15.964632 1.9873892 -8.9773445 -4.0922775 -8.582175 -0.6267237 -4.7260647 1.6215739 -6.930698 3.54566 -7.7160897 -3.70123 
-323.961 171.96828 28.218458 26.775368 -6.883928 -15.903222 -9.245448 14.814375 -18.859692 -0.21953742 -14.718063 -7.595436 -14.575004 4.938669 0.8115246 7.8344626 -5.792182 5.2824426 -11.952639 -11.903357 
-334.1266 113.0806 27.450096 50.366318 11.568622 10.905098 -9.783627 18.525866 -22.876694 -0.38147572 -12.5158615 -7.0833154 -9.1952915 2.996165 -5.1525674 -0.12143183 -12.1509285 11.765028 -11.980829 -2.6814706 
-314.69016 150.4181 16.479313 40.276695 32.763756 7.976629 -14.07554 -0.052389357 -27.793703 -3.6334424 -18.91469 -15.361193 -12.952704 10.72777 3.3062172 3.0939598 -7.5068836 13.778582 -2.950251 -7.9937277 
-328.9617 164.27356 20.088673 33.375183 24.381065 11.036419 -17.132614 -6.214771 -29.616238 -2.834974 -14.363756 -5.724526 -10.57155 4.8645897 5.362432 2.5320027 -10.891064 6.231768 -2.200345 -5.3147163 
-348.23062 150.74117 25.993309 42.664196 24.516836 10.487252 -16.234688 -0.76469475 -26.058077 -4.1418915 -21.342915 -8.237728 -10.039631 7.438896 2.1751857 2.1333952 -12.282597 13.577616 -1.4311754 -4.500343 
-381.47403 132.5246 21.52001 33.829548 14.1863 14.166515 -6.061139 15.462223 -12.735955 8.674778 -14.063732 -0.45698664 -7.316078 4.7030735 -7.5634503 3.4781258 -10.852096 4.061231 -7.2296505 1.4740882 
-388.56525 134.79315 15.642432 30.270542 11.024319 13.838677 -3.7786703 11.136234 -8.840388 5.0748897 -14.020586 0.9353578 -4.4753795 2.8140953 -8.721936 -0.56973547 -10.915019 2.4067729 -9.721575 -4.238197 
-376.5567 129.11832 25.362328 31.07492 11.258551 11.895837 -4.994009 10.61485 -9.620186 4.9744897 -14.189782 -1.243998 -4.7847824 4.0362444 -10.983486 2.9630153 -8.402554 1.5471487 -9.321221 -2.66124 
-360.87726 136.9273 21.959545 22.672337 14.390507 20.266592 -1.4734437 4.978326 -19.537962 -0.5789058 -9.966004 6.884348 -7.1191273 1.6830232 -5.6558366 4.5907288 -4.9333897 2.0312574 -12.420713 -1.608252 
-327.59848 167.37834 17.224876 20.93462 12.757736 9.781662 -7.5236826 1.0783964 -23.185308 -1.5889701 -8.240506 1.1180335 -2.4825792 5.7923694 0.96736366 4.6543293 -11.049857 2.6048307 -11.136784 -3.463552 
-299.14774 148.70628 25.95664 16.728952 -0.7387365 3.8607283 0.40279087 19.677849 -28.964922 -9.126841 -13.675256 -5.9705753 0.18919338 9.302183 -1.0957468 4.257387 -13.79282 3.9465382 -9.334487 -4.800005 
-339.84927 151.80666 24.801258 27.835806 1.3093133 -0.3271727 -4.4645505 19.491356 -20.307766 -4.776148 -18.988699 -3.5411398 -8.033499 5.636217 -1.0796928 6.615307 -10.140234 7.478674 -6.810096 -4.649248 
-330.9879 121.7744 24.423092 37.236084 19.074215 17.04078 -18.241539 9.903509 -21.197622 -0.86389244 -11.529263 -10.170022 -13.584205 0.8701922 -0.2666785 4.733355 -11.654896 2.799615 -7.504003 4.091778 
-334.634 143.78085 27.83334 35.372547 23.331688 19.2123 -8.487794 -5.5514116 -20.056309 -2.1858075 -17.896484 -14.021393 -15.766139 1.9370408 -4.9580455 4.7004957 -5.967647 1.791719 -1.4468677 3.415877 
-350.7562 147.78436 27.322502 41.123543 23.944464 14.390444 -11.700217 -4.392364 -18.707123 0.32911462 -18.165916 -14.527493 -13.602302 2.3945699 -6.3583655 0.5406458 -9.686724 -0.38034737 -1.8677025 6.0706577 
-370.35715 147.10883 16.794355 39.04899 22.604496 15.749059 -9.6938095 0.44984975 -14.465565 4.1002197 -19.161493 -11.213482 -9.189546 3.7064166 -8.791036 2.5860732 -8.141981 3.7171025 -3.743707 2.7626023 
-387.1737 138.2028 22.306139 33.999226 14.461373 9.39381 -4.535654 14.454734 -10.989175 4.625962 -12.672945 0.82537454 -8.576669 5.143223 -6.8246503 2.9710505 -14.3620405 2.705934 -8.333187 -5.7377295 
-388.06097 133.01949 21.357252 31.834812 12.8083 11.291267 -6.20543 12.8034315 -8.146327 7.8560495 -14.635471 0.8288808 -7.179495 1.9976722 -11.083541 5.7871547 -9.782939 1.202497 -11.042962 -0.7501038 
-395.81146 139.16408 15.055878 35.368797 12.505413 13.933952 -6.9859543 11.786282 -12.827913 7.1564236 -11.813033 1.4685614 -8.621499 1.3809733 -11.947715 -0.099055804 -13.488957 -1.3997356 -10.657949 -3.113862 
-394.82632 135.28117 13.7488 33.607468 14.384844 12.841564 -4.77495 11.422102 -11.435063 2.9786804 -15.526053 -1.6506673 -10.237603 -0.20314553 -6.606546 0.8503544 -10.479157 -0.008197891 -11.146314 -2.346574 
-390.42902 135.55795 17.199669 35.898125 12.387697 12.749516 -6.8747234 11.335531 -9.908877 7.465915 -17.512571 1.8820964 -11.394456 -0.095019184 -9.641255 3.1552892 -7.366984 3.9057224 -7.945092 -3.3195448 
-391.45792 131.06557 16.427572 32.33745 10.848106 14.615794 -5.9327364 10.725853 -10.604473 6.941106 -12.911606 2.8749404 -7.073103 -1.1253339 -8.108888 2.8487742 -8.952375 2.552956 -8.790566 -0.32502276 
-322.07135 166.0419 3.9938192 7.967779 6.43381 11.385954 0.2830643 7.593611 -24.08491 1.7868453 -3.7396011 6.5300384 -4.9418774 -3.0565085 -9.434469 0.72547406 -8.872076 2.9791484 -8.285965 -3.9627445 
-313.90463 144.75816 -1.8587992 48.803787 28.21716 0.22896793 -14.780402 7.627898 -26.278898 -0.6488523 -11.708561 -10.094829 -10.175054 11.90124 1.7766504 0.8727003 -8.892678 13.063526 -8.026457 -7.6269474 
-310.1369 166.67047 6.74361 4.125921 5.753955 7.3994293 -3.3854623 11.194507 -27.392408 -3.721339 -8.471868 3.0610025 -3.688155 4.518549 -2.4036095 3.605119 -12.503729 5.533368 -6.7284913 -3.170762 
-340.33 161.58356 23.039461 10.564077 -2.5051327 -1.0523372 -6.3742557 8.827867 -12.729375 -1.4657109 -9.973048 4.3713846 0.1384485 1.7080092 -9.049865 -1.0931057 -5.6212864 3.8323355 -5.218575 -3.7360644 
-326.8266 168.18054 15.142611 8.34329 2.7169943 14.747465 -3.650111 0.2995335 -22.637444 -3.388746 -7.6189184 9.730507 0.1942744 -1.5077949 -10.964201 -1.3715196 -10.719315 3.8779805 -9.579172 -4.2491965 
-340.945 141.47542 35.4944 28.391357 4.534774 14.437999 -17.258184 13.886753 -17.573296 0.30567583 -11.842669 1.7163838 -6.13361 -3.4938083 -5.1670885 2.337752 -5.3796425 7.7500534 -8.201698 -1.11811 
-362.37268 154.33989 17.882029 37.83865 20.847015 12.10222 -7.10019 4.180497 -18.307323 2.9155328 -18.633963 -3.3210983 -5.9114327 3.1827464 -7.535792 5.8092823 -4.703786 5.712821 -6.3481383 -0.12878388 
-348.23566 142.29248 20.933878 33.041344 25.632624 13.169491 -12.671961 -3.8563347 -28.058392 -0.6787059 -12.237508 -6.022196 -8.59913 0.5990308 -3.3359346 13.737254 -11.20873 2.5778003 -6.5326405 1.6521049 
-329.97028 132.8594 20.099827 49.68005 23.455336 4.6368594 -15.827962 3.0170295 -20.816048 -1.9499738 -18.045086 -10.6942625 -14.302241 7.8078055 -2.0224714 -3.360939 -7.3800793 13.490036 -5.9881163 -6.2134647 
-349.85272 140.49173 19.442263 32.26567 18.67807 11.630608 -10.787045 3.9901896 -15.584039 2.3894515 -15.045175 -1.7273929 -6.9593925 6.506722 -1.4169704 0.8237376 -10.355075 8.337702 -4.1829433 -3.2945786 
-377.81372 126.672905 9.744769 44.647675 16.329252 11.043838 -8.943179 15.003727 -17.750454 7.951638 -13.865664 -10.457348 -13.286098 6.443098 -12.150338 0.7387731 -9.687374 8.084237 -12.202697 -5.7445545 
-397.63562 143.48468 15.652598 36.264355 11.432416 12.23921 -7.1821923 16.587133 -8.191087 4.1560917 -12.435051 3.9725428 -8.53205 2.4906187 -8.171054 5.4014378 -11.490326 3.699245 -9.062815 -3.1909058 
-319.3644 123.311874 10.163888 49.61093 23.018103 12.120131 -18.492302 6.796008 -26.984228 -0.22046371 -13.714989 -11.5133095 -12.774658 6.964643 -1.436852 0.48342568 -13.862451 11.468694 -5.1195884 -6.6431613 
-312.54196 157.51869 -3.2667263 49.090652 36.131718 0.88330925 -16.632006 -1.9550833 -34.119183 -4.6570053 -10.597538 -14.990543 -16.25486 15.966849 6.3083744 -4.0950847 -9.966282 14.603404 -0.6083833 -10.586934 
-326.10196 165.58514 8.376054 39.5924 30.072166 6.9636745 -15.06368 -3.7712886 -23.938145 -2.3316214 -10.330988 -9.425119 -14.229191 9.235717 13.790414 2.7115347 -10.811602 9.396169 2.0843987 -6.5009522 
-358.7906 152.77026 19.75843 40.164417 21.903687 11.388972 -11.707935 1.3393519 -21.445436 1.7802628 -15.015573 -5.3523884 -12.86606 5.555146 4.0459056 6.4222803 -8.679039 10.979368 -1.904132 -2.2913618 
-346.9061 100.66485 41.65257 27.055862 8.837508 27.65548 -18.954323 24.503458 -19.27466 5.3980007 -12.242892 -3.6554096 -8.710941 3.7909555 -5.625123 1.0493639 -8.278997 6.623071 -10.664733 -1.8386201 
-303.43298 73.88773 48.361942 35.03812 8.911246 35.282116 -28.34779 21.442858 -21.929613 3.5897815 -2.9517882 -11.958342 -13.631748 1.7987012 -6.8319025 -2.0110028 -15.257777 8.273187 -9.794322 -1.9111655 
-297.7533 112.98166 22.924417 52.674355 19.90964 8.196543 -14.387202 6.171983 -24.880615 0.7034727 -11.611153 -14.730587 -14.76376 8.450461 -10.310818 -2.4104967 -6.8077784 8.3031225 -7.246681 0.0247159 
-316.8158 136.4876 14.435815 48.333817 24.741043 5.9146423 -7.469647 4.4473324 -20.766333 -0.72505635 -12.609268 -13.132072 -16.83084 11.633754 0.9915315 0.53867954 -7.5269403 11.3134575 -2.4035058 -3.3497186 
-360.20596 149.68384 12.3872385 38.3465 25.858765 9.125017 -9.753574 10.067401 -16.674406 2.4385772 -13.28994 -10.249869 -14.91517 5.5414157 0.3323341 4.6968517 -8.926525 10.7560005 -0.32740676 -3.4871411 
-317.85806 113.36179 30.396694 47.702713 8.749101 15.36399 -12.292316 18.901497 -18.1688 -5.181277 -11.280875 -7.597918 -13.752524 3.171601 -10.65389 0.99745625 -3.7151299 5.710937 -5.5003543 2.3929605 
-346.73956 141.98434 21.875126 45.833176 26.900177 4.2856083 -14.231364 11.676586 -15.691657 -1.0497221 -13.048869 -5.339732 -15.644196 4.22278 -1.2994151 1.5900544 -9.438342 10.130093 -4.850092 -2.8568468 
-353.86456 134.75002 20.157146 26.374218 17.267866 19.015148 -10.45873 13.052554 -15.829125 7.947063 -4.375228 3.8188405 -12.834561 0.48596704 -2.540402 4.806879 -15.25197 3.9973536 -4.535463 -3.14169 
-361.6511 104.325615 37.68056 21.588312 15.756173 20.886147 -13.4016485 25.207077 -15.936781 7.921157 -9.795049 -1.448941 -8.007949 0.23574813 -3.0999393 7.34558 -11.450446 4.987949 -8.873479 -2.6733937 
-385.7948 132.78127 19.573936 32.006054 13.198032 11.385476 -4.574429 17.654446 -7.289361 9.710613 -8.596718 4.367468 -7.6407337 0.5207565 -9.652415 2.6828127 -12.1938305 5.475623 -7.1472836 -2.0750964 
-394.11942 136.64726 18.963125 32.96677 14.0557165 12.191836 -3.664013 16.799706 -9.310392 5.7462277 -12.172993 -0.36602905 -8.017842 0.45629728 -12.068832 3.1987174 -10.407193 2.833121 -6.320812 -2.5222867 
