-421.93427 135.70595 12.884393 35.818527 10.005386 12.661017 1.04166 9.727193 -1.9712268 4.7503986 -8.09652 1.4676936 -6.3603506 -0.2227993 -7.6968026 6.2135186 -9.027964 0.9741851 -7.5083947 4.7334948 
-402.96716 146.62302 14.387364 36.035843 6.659669 5.917986 -2.445548 4.67399 -0.76231146 3.6039708 -6.042382 1.7885693 -5.3050365 1.6863017 -7.6584873 4.217538 -9.34366 -1.116828 -9.956618 1.8680325 
-359.16324 191.92416 28.963081 31.179033 -15.676581 -22.649437 -12.565006 -0.24504587 -3.332052 7.934516 -6.735348 -0.40696925 -7.1883264 0.55070585 -6.838573 5.1539826 -6.947986 -1.866754 -11.790432 -5.901026 
-413.24133 142.07683 9.377514 30.843985 9.53185 11.82451 0.3223165 8.535401 0.40291893 6.035062 -4.944328 1.3640733 -8.810915 -0.2290943 -7.085409 4.135092 -8.413662 -0.48015934 -4.982068 1.9905955 
-413.01248 137.72272 18.093813 33.63398 9.558577 11.945328 2.0229805 6.569987 -1.413021 2.5573692 -9.119167 1.2878008 -5.3290367 1.9411958 -9.6843195 -1.2482333 -9.875138 -3.1102219 -11.791488 0.87785244 
-237.84294 114.12009 15.234783 -16.365221 12.289056 -7.0064473 -9.421125 1.5359725 -29.85674 1.579973 1.3037924 -2.6945329 -7.3378153 -11.34808 -11.955862 4.66284 -13.739614 4.797788 -15.86952 0.9586276 
-299.8441 149.22357 5.090284 9.216828 15.898678 6.433086 -13.799994 1.3796507 -21.642555 -1.2051022 -5.8593965 4.1094313 -3.9633493 -16.703997 -11.95427 -1.5882319 -3.7907236 1.9063078 -7.1762347 -0.608246 
-269.32996 175.74185 7.9411383 22.076286 -7.0509477 -6.5158763 -21.60035 5.815372 -50.215405 -19.640266 2.00665 10.361677 14.725209 -19.605844 1.1694757 -2.532489 -11.881701 4.1905255 5.1001854 -13.423809 
-285.30496 176.85394 11.109247 28.913368 -6.6725855 -9.5255995 -10.009381 5.1725297 -45.786663 -20.928568 -9.087914 11.026949 13.733979 -12.684995 3.3557959 0.8092452 -12.430645 4.7862067 7.1995373 -16.702122 
-340.3805 161.16408 19.37669 33.04179 6.59432 5.7197766 -8.79519 -15.700304 -29.322914 -13.035885 -5.5197387 2.7350817 -2.992472 -9.539031 0.30502722 9.563449 -3.672669 4.1729407 -4.8595366 -5.3553424 
-307.29044 184.19823 6.663216 23.146881 -8.025094 -25.44914 -11.317483 3.691804 -24.29251 -11.777928 3.1026678 7.5146637 -0.83969426 -4.0036616 -8.670306 2.5198505 -17.317738 0.1313026 -2.6899815 -1.0656807 
-323.54504 94.998886 46.022255 27.99581 -0.037129827 6.203856 4.3022127 -0.57795835 -11.91345 3.3619273 -16.628021 8.342047 -5.1997466 3.6843174 -8.505051 7.375936 -13.816851 3.379351 -4.639038 -7.9186697 
-342.32367 147.43951 26.161354 29.876167 16.267853 14.491131 3.220329 -7.920626 -29.393166 -6.8718038 -7.1934714 -0.5912923 -15.666484 -12.040021 -9.27766 4.7037144 -7.475686 -0.9090769 -9.045872 -2.4571571 
-302.12625 157.49736 -10.685619 1.8726779 13.6516 -0.869683 -11.759046 2.0663025 -14.079887 1.4195099 16.065588 0.46256834 -17.21964 -11.28755 -10.467617 6.146524 -14.647147 8.6357 -9.329426 0.39576423 
-281.2137 159.02359 -4.684618 14.22229 -4.7784567 -11.004637 -10.715171 0.069850534 -28.643877 -7.280839 -0.6733639 9.006752 0.01143286 -5.400102 -8.305414 6.741126 -12.306299 -5.03715 0.18406746 -2.0618768 
-316.62122 147.2088 11.141953 22.338114 21.95652 9.037805 -24.893059 -5.078483 -26.515423 -12.763171 -2.887812 2.4624524 -5.991625 -4.784106 -6.039851 9.667348 -4.78824 -3.439708 -7.2423496 4.3137193 
-358.99963 156.44086 30.00347 34.40536 17.781002 -2.2477064 -21.271923 -1.1256392 -13.4688 -0.8353458 -9.5064 5.556475 -1.737622 -6.9217243 -15.015308 1.2453681 -7.432615 -8.346308 -9.513035 3.837829 
-340.4038 123.663605 40.292072 18.284431 16.810957 11.816352 -8.164334 -3.6300175 -24.223806 -11.725831 -12.860899 10.784974 -9.509434 -2.5951757 -9.429886 8.639359 -5.9710474 3.9411833 -2.511285 -1.4780186 
-353.1498 127.31186 22.778488 33.753624 27.196474 6.289255 -1.499981 0.43104023 -16.820602 -9.121016 -10.911818 1.3020266 -20.298428 -4.612045 -5.2122974 5.9363475 -15.848711 -1.9681581 -7.1473913 2.5491133 
-324.3844 158.65134 -8.497426 15.802085 15.277164 0.7916171 -11.957478 -4.7091365 -20.948458 -7.630421 -3.4219847 13.826574 1.7952669 -7.8744082 -14.139369 10.786561 -11.194621 -9.533441 -5.1290555 7.9080906 
-291.57907 153.66193 -16.70391 14.230789 30.25923 0.13719136 -36.932373 -3.9397593 -7.1719055 -2.0146112 2.2478006 5.4711814 -5.188555 -6.3963885 -10.338253 6.1388474 -14.053579 -0.037214916 -0.21797292 0.36093152 
-319.75073 133.97868 20.030964 14.389355 -2.5887144 6.4817724 -5.895414 7.907753 -6.708953 -2.2792902 -13.047098 9.07257 -2.8927078 0.38206694 -13.425424 -5.268901 -18.112652 -3.4384432 -4.3019223 6.1103344 
-339.27945 100.377716 43.1871 45.54621 0.9341329 23.720154 -9.966785 -2.998203 -16.517532 -1.7673678 -20.930456 2.5510478 -16.5141 -5.8276067 -2.7944808 1.8209777 -11.036908 1.1339101 -5.179569 -0.7117473 
-402.8134 137.35896 12.98491 31.160204 10.680079 10.548364 -0.19384088 0.012654172 -7.9200525 4.0492716 -3.594921 2.5022044 -11.133392 -2.4810624 -5.969634 6.5670385 -6.7352533 -1.5198 -7.8929954 -1.5056987 
-364.74057 123.96901 19.544174 31.618917 17.40527 8.3638315 -10.840769 4.104581 -16.229372 -1.9405823 -6.253949 -5.7278323 -9.807806 -4.8865223 -4.6812243 1.7957368 -6.239088 -3.668415 -0.6107929 -0.43189144 
-268.23715 91.44135 33.123238 31.094713 9.214997 15.219105 -7.5437827 -4.5998526 -27.449219 -0.83834434 -8.198595 -4.9135747 -19.88916 -6.9262657 -6.3456664 1.6801306 -5.381855 -2.7344565 -2.912305 3.987617 
-364.51144 141.89511 8.0601225 31.417667 13.427843 6.5394554 1.0550734 -0.36636025 -11.62965 -2.745583 -6.5344377 -9.52533 -11.884001 -3.4318995 -0.035023425 1.8733237 -6.0753264 -2.2026005 -2.6852496 1.736906 
-404.48886 136.35768 15.078217 30.010017 9.390318 14.730131 3.5995111 6.72602 -2.8137841 2.097577 -6.6725016 -0.21365012 -9.194032 -3.5319612 -11.340068 3.6800566 -8.855275 -3.8003895 -9.794048 2.1801786 
-404.69217 127.22423 16.003653 31.340458 9.291683 11.154014 0.07385699 7.5828376 -2.6585681 4.2786913 -8.798137 1.9350564 -7.218254 -2.4890468 -9.694017 2.9690351 -9.422793 0.24095307 -9.502423 -0.91057706 
-413.60275 140.97784 14.26248 36.603725 12.144855 15.400365 1.8437835 7.2914743 1.9890431 3.7281003 -7.582206 -0.70982736 -6.493085 0.0037555827 -10.162079 1.5857302 -9.18373 -0.52240515 -8.150604 1.4108019 
-393.99844 143.25995 14.428816 34.599808 19.072989 21.526451 -7.6006675 4.4054966 -0.8987949 -3.6109624 -7.6943274 -4.346145 -9.925798 -8.067534 -9.09888 1.3365575 -7.1069465 -4.571203 -6.1191635 -1.6287726 
-370.0729 151.00003 17.047628 33.963165 26.408379 21.373758 -9.247914 2.8707132 -3.2540164 -7.17955 -10.991199 -6.648879 -7.3540444 -5.853532 -12.831283 1.7724321 -7.533213 -5.820305 -5.1615014 0.89103484 
-386.27518 147.4625 26.783783 36.039513 18.118397 18.729324 1.2259601 3.4933825 -6.589146 -4.0285745 -11.486904 -7.881754 -10.329056 -5.0916457 -9.300089 0.7758326 -9.211681 -5.8111506 -9.958661 -3.071454 
-406.80463 134.25989 20.656544 29.776527 8.936667 12.1832285 2.9631212 3.0862286 -0.82782435 1.7138547 -11.041408 -1.7021266 -11.517483 -1.8474507 -10.066204 2.4450479 -10.599091 -1.4925625 -11.253172 0.21339072 
-419.12137 140.48492 12.89499 31.285744 9.55987 14.31437 -0.5139725 6.473425 -4.1881285 1.2593545 -6.4250855 1.0737629 -9.6391 1.4503055 -7.843288 1.2945343 -9.331063 -2.446375 -12.15122 -2.2279427 
-412.28552 143.1457 7.1233163 32.353863 13.745455 12.632246 -1.3702186 4.28327 -6.0408645 -0.22637028 -9.744334 -4.1592174 -8.607429 1.0486841 -4.691012 2.3787503 -11.992906 -0.6708468 -6.768404 -4.4648137 
-413.29587 135.04974 12.343295 33.820637 10.516163 10.039593 -0.9946229 7.512423 0.5169299 0.95454586 -9.71471 -1.1276555 -6.9022007 0.5202412 -7.5046954 -0.39628607 -11.868462 -1.4772784 -7.9235306 -1.1289095 
-367.16852 138.47087 6.2549953 14.35171 11.033173 15.040234 -7.5349665 5.5460587 -6.0431733 4.157736 3.829205 5.3394375 -5.8657303 -6.293628 -5.4908414 3.6690881 -12.352032 0.7243682 -7.3366528 3.1324332 
-259.28018 158.33327 -2.895229 -15.439499 -1.3085153 1.0729347 -7.7310696 9.430014 -17.360607 -5.9373755 11.255898 0.21380647 -8.115489 -16.61972 -9.124466 0.42208174 -10.015743 6.9050016 -9.559355 -8.410142 
-200.50572 135.09207 -29.29418 41.001774 33.692703 -17.523071 -46.371105 3.6820993 -28.561028 -21.222012 -6.7094545 -5.819806 3.0281565 -10.11434 -19.658127 12.757841 -6.494909 -3.472135 10.239524 -8.919591 
-290.86182 135.14697 -15.062264 62.854256 48.32162 -18.723824 -26.083685 17.426586 -27.29498 -18.069817 -19.509577 -15.22023 4.033382 -8.338447 -26.097002 16.80774 -5.8788214 -8.561717 7.979586 -5.1348333 
-364.19467 116.273155 26.985384 26.600855 32.832066 5.3888125 -8.405791 4.2273464 -4.894646 -3.5030563 -17.367292 -1.655231 -12.457879 -4.686093 -11.330773 3.2728713 -8.856634 -0.724295 -1.9354087 1.9332504 
-269.84772 169.62035 -18.932796 -17.59945 5.5603085 -10.57221 -4.6892056 13.446463 -13.4353485 -7.952207 8.637227 -0.42156643 -3.9622793 -5.9755573 -22.872911 3.0613523 -11.861392 5.5385303 -6.325045 -3.9039361 
-265.47177 144.8609 1.4719062 -17.249306 -4.0276904 -4.322755 -3.5888002 15.624824 -11.152822 -8.186868 4.1037 8.373898 -6.715913 -8.738995 -17.312693 0.6035402 -9.837528 3.8618605 -0.50230217 -2.3580287 
-275.7469 128.43994 16.17426 10.576004 5.34557 5.218427 -14.143101 21.19027 -14.312461 -5.046565 -14.651489 1.6915512 -0.90807617 -12.673442 -17.893738 -6.7103863 -7.8857136 0.9864911 4.411507 9.429554 
-280.73663 94.2594 25.568714 38.873222 17.428154 11.704751 -15.027476 7.9878244 -39.74641 3.779565 -7.4336796 -10.948618 -9.534125 -4.0682282 -2.651821 7.08915 -5.8788085 -5.336032 3.4696581 0.36216235 
-261.33957 152.5996 -4.190806 33.5606 29.011665 2.680873 -19.776731 -2.499435 -32.12637 -17.967352 -8.290076 -20.416523 -11.720713 -8.923646 -9.946092 6.071863 -2.6912374 -4.6060843 8.097099 0.17641544 
-222.35384 139.94955 17.950953 11.573341 -12.150399 -11.435712 -12.072924 4.7089453 -42.0309 -8.955705 -15.40382 -5.6642284 5.469099 -16.99916 -1.7860372 15.552107 -13.537522 3.6988895 0.70942944 -11.237637 
-281.74066 102.35304 21.254194 31.962606 25.554985 -3.2329364 -23.883293 1.2392448 -16.35402 -9.556879 -8.48231 -1.309073 -7.093325 3.9947493 -15.062519 4.1004925 -10.488041 1.5155945 -4.3183765 -9.411287 
-280.73376 150.85089 18.91934 -1.4104186 3.5957294 7.7953243 -13.139806 0.9722124 -21.481638 -4.0838795 3.1734054 10.095553 -12.244032 -11.147243 -19.383125 2.7461038 -6.215155 9.093014 -7.6663537 -2.1892738 
-308.98117 150.1511 19.104177 18.481941 13.310473 8.284829 -21.36386 -7.500535 -36.970737 -9.1209755 -1.1201649 9.922049 -12.055579 -11.150022 0.50943583 3.7497075 -6.185912 -0.4829393 -6.911978 -6.609728 
-273.81534 144.79663 -10.967777 -2.2826264 12.547766 4.690905 -21.029692 -0.50861007 -15.798621 -4.7533054 15.683034 2.8003407 -15.762231 -6.276196 -12.497288 8.609324 -14.579346 5.722616 -10.274898 -0.41072363 
-281.47314 149.6841 -6.0275965 14.1549 4.5336175 -4.473271 -7.9379554 -0.1305188 -25.961115 -15.663343 9.017701 12.8402195 -1.6850294 -2.4223864 -13.041711 -0.4221205 -18.34874 6.318281 -5.5758915 -3.7159522 
-321.78674 154.06688 6.641932 17.651497 14.152931 9.963741 -15.523088 -1.0675147 -12.568619 -1.0583167 6.4526753 -1.7508286 -15.870346 -4.332283 -7.308302 -0.44052485 -15.213078 5.874945 -8.485173 1.194151 
-330.7768 166.98775 23.19595 20.359598 -14.328288 -15.952779 -2.862359 6.850519 -16.177101 0.098174945 -0.4240232 7.409645 -4.393326 2.890194 -9.780937 2.528466 -14.794072 1.2547796 -9.922623 -3.5382624 
-314.7995 113.43553 21.412348 36.981354 14.240224 11.883165 -2.210853 -4.6281 -38.692635 -3.1775413 -10.817995 3.8085263 -19.469265 -0.25442436 -7.910312 3.3716648 -2.4614775 -0.51779205 -5.962398 0.749732 
-396.41772 132.93414 9.980942 32.143185 14.174166 11.16224 -5.352847 0.16165172 -12.088838 7.6359525 -1.6766951 -0.67910075 -13.60919 2.3721962 -4.4180036 6.998779 -5.054978 -1.5655115 -7.1687503 -2.086313 
-345.7852 102.08956 41.550495 21.16052 11.904943 2.2119489 0.30491003 2.127496 -6.749526 0.6433427 -9.290643 1.4498221 -3.2917242 1.6013004 -4.4616647 1.2523475 -4.2662945 -5.0298443 -7.002979 -3.8939977 
-261.94635 157.0992 9.248858 22.433601 15.614554 -14.433733 -30.71418 -4.8021355 -24.625507 -3.7326605 -1.6480386 2.292105 -3.1924493 -10.634441 -7.9315653 2.0519147 -13.912611 -8.781377 -10.480902 -1.9014541 
-237.00366 133.83253 -12.994193 9.738625 24.539745 -18.998669 -34.14258 -1.096961 -14.909866 5.258754 10.302881 2.3763509 -8.985125 -1.0808285 -6.1478195 -4.9716687 -19.686625 5.4060726 -2.3123498 -0.773026 
-278.17685 119.72519 41.276573 26.7092 5.760571 -17.493904 -16.425026 -3.346714 -15.685082 -3.779662 -13.126858 0.78208864 -5.871521 -6.3259907 -8.636525 -2.7465508 -9.772977 -0.2647252 -7.328877 -0.11935123 
-325.68524 40.288967 82.665924 -2.8535357 21.844963 18.955654 -13.44539 16.909863 -6.578522 -2.615553 -5.31297 -5.60384 -9.442191 0.23627111 -13.295719 8.118786 -13.959495 -0.4838797 -4.4163914 -4.7264585 
-355.27783 122.530556 38.522446 22.76748 9.610563 6.4710064 -6.164339 1.5411068 -15.10444 -3.7893267 -1.5829037 3.8989897 -4.541287 -4.5327344 -6.947838 1.9050789 -11.269368 1.3758703 -9.172586 -5.833829 
-312.47504 179.53331 9.851429 5.1638303 -14.092566 -17.486532 -4.2866764 12.396859 -7.3991733 -1.7770046 7.54463 -4.151122 -4.20617 -1.0525377 -15.146462 0.2682517 -13.168825 6.796389 -9.388597 -2.7761552 
-284.67035 135.97382 1.0368768 26.84365 15.178077 -0.087373525 -27.906473 3.8917568 -28.503252 -0.44284758 -0.123054296 -0.733304 -4.2529 -11.033409 -4.9851055 1.4106854 -11.812733 -3.604273 1.2775292 1.7868857 
-275.6178 150.60516 -18.068108 28.110712 39.728645 -12.108764 -33.30098 -2.1688552 -27.967054 2.686247 1.7720149 -8.977626 3.219574 -3.6572995 -5.993755 15.787852 -18.57171 1.0867337 11.537916 -5.0417194 
-292.39978 146.83803 6.132838 -8.036648 4.650599 -5.750673 -13.268969 13.145926 -10.883979 -7.8955035 2.768305 14.750397 -4.9885874 -3.5568593 -15.735387 5.8296638 -19.306118 0.25154462 -2.6590445 -0.9178183 
-290.808 166.26408 8.637794 -11.595201 -2.3091116 -9.614526 -8.966859 15.274214 -12.069828 -7.3962064 -3.3299363 3.7583482 -1.9728184 2.488273 -26.520348 -2.8248982 -14.509548 -4.314305 0.79348147 4.336803 
-387.03094 138.23134 13.020321 21.725914 0.8883819 13.638473 -2.9666448 11.470303 -3.234392 5.055395 -5.7071133 -0.15623794 -4.217869 1.3602954 -12.406641 -3.9434907 -12.887385 -1.1681379 -2.8449285 1.9699374 
-332.08463 90.426056 36.47786 34.996902 17.82886 13.239894 -11.48802 5.3851194 -21.428675 -0.2203616 -14.718828 -2.1689034 -15.72176 -5.736801 -6.8540874 6.902998 -7.1202383 -4.3401084 0.22075391 1.8510537 
-294.09784 112.36663 26.736856 34.901924 23.852064 7.518133 -3.7070684 -5.7890186 -44.007328 -0.7960789 -8.35159 -1.3016133 -21.2079 -4.727726 -6.836734 5.2541313 -9.983487 -4.0675087 -6.987958 -2.1263776 
-321.31366 149.96649 13.71765 44.037205 23.008295 7.6982455 3.1128378 -9.038701 -33.367477 -6.0795255 -5.6804676 -13.484597 -17.483131 -4.46335 -5.895984 4.0743923 -3.8207414 -4.5680346 -6.61854 1.7185366 
-371.53806 153.10794 11.512466 48.247288 19.033354 0.06848547 4.522465 -3.1831605 -28.374504 -3.7716267 -7.373374 -16.990974 -15.241893 -3.0070236 -9.005374 2.6582012 -4.890513 -4.986013 -4.0241547 1.5063179 
-412.94742 137.16006 13.699061 34.03644 11.198261 9.845737 -2.5391412 5.4141717 -0.52649695 5.398391 -5.3984795 1.3391691 -4.9764514 2.548069 -8.7643795 0.8648936 -8.497348 -3.853764 -9.597154 0.85065544 
-397.61505 129.18791 13.503927 23.180609 11.568145 14.351397 2.1221564 6.399921 -5.5306306 4.5520105 -8.626726 5.0549703 -9.8935375 -2.6797442 -11.98188 1.395242 -9.270064 -1.2585958 -8.897636 -0.6974337 
-285.05115 162.04742 -7.28218 27.213692 24.793812 -1.8806127 -20.296495 -5.1240616 -38.670532 -4.9400105 12.818793 0.19606267 -9.102311 -6.372558 -7.549337 9.461778 -16.259258 -2.7165585 -8.136379 -4.684763 
-322.73718 183.5308 21.503334 22.175056 -6.5927663 -17.772993 -11.470066 0.49098894 -14.3777075 -1.9109069 -3.3587277 -7.960116 -1.9181069 -5.8154683 -9.38919 4.7748 -4.305967 -3.975999 -8.368732 -3.1288857 
-333.06345 160.08655 -0.4738726 10.641827 5.4307775 4.4014926 -8.333564 3.077857 -11.970101 -5.7710786 11.267112 4.4298573 -5.239166 -11.984909 -10.173033 7.68768 -14.274148 3.8324025 -3.590455 -3.3488526 
-260.7208 137.95917 -9.557666 33.603046 32.507305 0.5314157 -33.408527 3.9463522 -32.24205 -10.949667 -3.7022562 -12.927509 0.1871625 -5.7719617 -9.296469 13.065671 -10.993773 -10.691986 5.755943 7.2480154 
-259.94403 179.60448 -16.307924 9.431886 3.9488559 -16.607862 -11.91186 5.1926317 -22.843216 -16.259571 5.7120996 9.218644 3.8244557 -11.268188 -20.32811 5.944552 -13.395412 -3.3800879 2.5273476 3.5431142 
-302.23245 156.07904 8.39144 17.838125 5.641134 8.162739 -17.727964 -1.4293104 -35.19914 -12.50369 -5.3604245 12.99545 -6.9953017 -15.714386 -2.2094016 5.263845 -8.072585 -1.6819253 -2.2407029 -9.091641 
-310.88892 160.37567 12.681474 27.733751 6.393183 -10.414553 -6.697221 2.94773 -21.011705 -10.159279 -16.587568 -2.071904 0.34702122 -7.277712 -11.941467 4.455512 -11.390509 -7.2444773 -5.634498 -1.9807701 
-345.8345 144.45172 26.88206 26.8397 9.746899 -1.840343 2.4231791 -1.1198703 -18.06881 -13.322291 -12.976767 5.976517 1.890116 -1.8105494 -13.474164 2.6621785 -9.432262 0.8572936 -0.061495703 0.055859514 
-337.01608 118.771416 16.75883 49.525223 17.454117 15.534169 -29.19284 5.0408173 -4.6072974 -12.893436 -10.287258 -6.415163 -3.519578 -1.0907503 -9.30071 5.147494 -9.481068 -2.153575 -1.684545 0.06075059 
-374.64053 149.60016 9.93626 39.251965 20.874546 6.6461334 -15.055607 -6.077309 -9.686168 -6.310334 -10.255928 -6.5943294 -7.123403 -0.14271975 -6.433033 7.9580536 -6.371569 -3.5984921 -8.34823 0.54622763 
-369.58627 122.202354 22.971426 21.04232 12.66113 11.044598 -3.0324419 5.4784856 -9.763627 -0.19531949 -7.1972885 1.1946231 -5.895333 0.06253576 -7.178323 3.3126915 -7.3035235 -1.8053716 -7.4438577 -3.1472642 
-290.11298 134.18732 27.25937 17.994984 17.693174 8.311855 -12.132697 -7.516694 -20.14567 -9.558094 -5.653486 4.26802 -8.991807 -1.6987576 -5.814242 2.3866222 -11.708252 -3.5740595 -6.677946 -2.8576531 
-366.35532 146.09602 27.77818 39.561596 5.60494 7.4223948 -12.43048 1.7019646 -13.218853 -6.3474636 -9.167848 -3.1688554 -8.9496565 -2.505522 -8.38165 1.7373322 -7.630033 -2.028206 -5.6647563 0.5878441 
-327.03394 151.97742 32.48859 16.763762 0.13726977 -5.873838 -9.505754 4.474545 -19.705444 -9.709599 -6.1902103 6.184134 1.6305283 0.76377743 -5.9917 -0.8467606 -13.636882 0.6565828 -4.665127 2.4458053 
-319.3522 174.88622 21.37983 23.5145 -5.083456 -23.567915 -8.615109 5.523348 -16.306725 -0.45963934 -7.516138 -7.4233804 -5.015351 -3.9936762 -13.993228 1.0637704 -7.466918 -7.881397 -7.5288053 4.7279096 
-311.28128 157.27782 -15.775818 59.990276 48.12099 -18.446926 -26.316004 8.557147 -26.511395 -11.142007 -11.191862 -12.502098 -2.0226655 3.0048945 -21.607136 4.3019304 -3.7884068 -7.094249 -3.206246 0.17281246 
-336.79434 147.7855 22.264875 29.596466 -0.457116 -0.5874351 -7.6692724 2.5883434 -14.608889 -7.6712484 -10.145873 1.9638143 -0.85536236 1.4182258 -3.6433268 -0.3329109 -14.530843 -2.4871614 -3.2568266 2.5511847 
-357.5597 151.5455 36.595047 26.444618 7.360372 -4.430849 -8.642445 4.3124714 -14.13393 -5.80518 -14.467266 4.651966 -9.572042 -3.0710425 -10.531155 2.0498097 -12.124992 2.8029425 -1.4747607 5.678405 
-298.1105 179.26364 -21.819283 13.8946905 15.148932 -7.205536 -20.568287 1.7418141 -17.811697 -2.9296129 2.2858768 0.30444032 -7.809612 -6.444083 -19.825075 -1.7279172 -13.2452545 5.779548 -2.322349 -2.1264398 
-356.46362 118.4745 25.546911 24.139647 12.499769 6.61764 -9.853413 6.679575 -4.5395875 -0.58217853 -13.392018 8.171547 -4.1133823 1.6334658 -9.889706 2.804204 -15.043893 3.098494 -1.2360393 -0.5049592 
-275.59482 176.48967 -34.191414 10.104182 21.808645 -15.193721 -19.894245 12.489609 -12.77537 -13.30934 6.437033 7.2582083 -7.767007 -5.8842626 -20.92696 0.46460262 -12.003044 -3.0636396 -1.5466013 -0.40000227 
-345.7143 150.8042 6.447199 43.97316 29.089958 -2.8460836 -15.206905 6.694514 -11.045847 -11.609782 -12.281147 -0.03517866 -5.7367597 -0.9457017 -7.854844 3.3186712 -8.919606 -0.6061783 -6.2522774 -5.391488 
-301.6158 118.70215 46.487698 20.680092 13.217196 -9.076562 -5.0386715 -5.9368296 -10.321354 -5.7163415 -12.190367 -6.297723 -4.301318 0.10667687 -7.8260746 4.023714 -8.816715 -2.4924812 -9.838686 2.1240842 
-350.02487 97.65163 55.550774 20.824507 21.771845 5.917794 -8.939206 5.663738 -3.3140326 -7.1407766 -4.200271 -3.9385464 -13.22813 -6.260963 -12.351488 6.6080236 -10.019774 -5.67899 -7.51423 2.4147563 
-353.71814 130.41785 35.553757 9.93109 4.7834625 5.604391 -3.8142307 5.270839 -9.528141 -7.5928245 -5.5721674 3.468029 -9.743044 -1.2604573 -15.877589 2.249442 -8.725121 3.8275375 -8.671939 1.9521756 
-346.4574 155.96355 13.612599 15.686517 -9.263068 -7.620168 -3.2337625 8.42029 -4.660623 0.22312969 -5.9083643 -0.15733978 -3.1216276 2.7271109 -13.060342 -4.9005527 -14.787214 -5.3649364 -8.147314 1.8797709 
-342.421 148.07805 -9.125593 19.806854 8.349955 2.1333551 -1.6900735 7.973699 -15.1697235 0.71771824 1.7108119 2.3377638 -7.345133 -5.8644886 -14.357615 1.7982712 -7.468794 4.53142 -5.189358 -0.7800685 
-254.51395 149.34462 -1.8274702 13.686949 14.290985 -5.8745914 -11.151652 11.987295 -26.683784 -1.6508386 -3.2386732 -12.246017 1.4210279 -9.531489 -21.791212 3.7961845 -6.843594 -0.22121006 -0.7784001 1.5000911 
-264.65283 136.45943 -16.198725 19.6832 24.156195 6.518836 -38.041813 1.4594789 -17.785984 -4.598906 2.6296322 1.3650699 -1.2984678 -7.871038 -8.64898 2.2798789 -9.429743 -8.3578205 -6.655647 10.596072 
-319.57214 144.42163 10.680299 23.180752 -1.4803233 -1.6648072 -13.231554 10.309717 -11.419296 -3.06598 4.352766 -4.5330997 -11.799152 -6.0607014 -4.0448856 4.267655 -12.809118 0.6043947 -8.459737 -4.849265 
-334.58304 174.76819 15.211982 28.230349 14.58277 -3.4212692 -5.1368365 -3.7022667 -29.388832 -11.241938 -7.368911 -8.701678 -4.0741773 -1.9508947 -10.192654 5.9723454 -2.4510598 -1.683 -7.4389234 -1.3051164 
-316.2284 121.656006 50.46121 25.69132 7.8708096 -12.317641 -7.9056525 9.192585 -27.69946 2.3771029 -19.050499 -3.6188622 -11.485333 6.2757516 -3.4843862 13.541904 -3.9057574 1.064587 -5.1736593 -2.8333447 
-373.9347 121.14713 27.205763 28.071022 10.822448 3.6558516 -7.2249746 9.10429 -1.3504487 3.6013184 -12.897592 -2.5112169 -4.4111156 -3.6179895 -0.26220363 8.553835 -6.3707194 -1.4530253 -8.56376 1.8622494 
-329.5472 129.79735 22.895903 26.595284 2.9688666 6.4482408 -7.562708 -0.13492277 -9.33457 -6.607242 -15.845058 1.1726712 -4.585071 -8.377206 -2.4096584 3.030383 -7.970504 -2.423554 -4.7168603 2.3244085 
-271.2395 118.75746 45.05829 13.023478 10.352163 -3.6439497 -10.828606 -5.729027 -10.991291 -9.21812 -15.297823 2.3358617 -4.556986 3.5555196 -8.521914 4.176629 -15.32802 -2.5179312 -7.625907 -1.570849 
-333.919 175.09949 15.153249 27.201866 -0.034781456 -29.285994 -12.8608 11.313661 -10.104951 -0.42550197 5.269207 -14.149984 -0.9048725 11.306634 -19.684265 3.4326768 -3.3744211 -17.197441 -13.8370695 2.9678764 
-391.04242 140.20796 18.14918 32.836346 5.20612 4.5710516 2.1646566 8.438494 -4.4062095 5.1142316 -6.694628 -2.4749117 -2.5383596 3.2984862 -11.7760515 -2.4524946 -12.156148 -6.337492 -7.809713 1.9404806 
-352.68765 126.88102 6.353955 17.367378 11.513356 10.149178 -5.171086 2.4487774 -6.8112006 -0.82306254 2.945691 2.625754 -8.701712 -4.7406907 -8.87263 2.2251947 -13.718648 0.9961202 -8.706682 -3.9241781 
-255.01643 157.76813 -27.120813 24.83948 29.193491 -8.44752 -32.732445 -10.550209 -31.559841 -12.722317 14.6592455 -4.4958076 -6.715929 -1.180206 -4.0522656 1.4036427 -24.457327 2.381116 -5.961982 -7.3027477 
-277.0387 116.68797 11.469233 39.361294 37.682117 -6.235587 -21.115051 -4.672775 -28.461233 -5.9341416 -3.1681676 -11.268115 -8.837259 4.9416094 -9.356769 0.9928526 -13.767124 2.8022423 2.6173906 -7.511029 
-319.27646 141.02939 -1.5848155 28.948181 16.582066 2.0152578 -4.4495416 6.6907926 -10.811188 2.6278925 2.6201243 -6.857534 -9.631441 -8.292532 -13.6048155 1.5232263 -12.578763 -1.0186206 -2.0506825 0.016473822 
-297.55594 170.31836 -11.036111 14.238728 17.105156 -0.7454626 -18.523848 -1.3076254 -20.120094 -1.1444947 13.291943 0.8942782 -11.717985 -7.61849 -4.080813 3.568852 -12.453037 2.6628666 -5.2719746 1.8762945 
-303.08878 159.30472 -7.1119485 35.031815 29.416988 -2.3868685 -21.338158 -8.366734 -25.589441 -4.751747 7.4266806 -4.8897295 -11.551452 1.1012328 1.7650869 1.6125035 -12.4524975 -1.3298285 -4.0485544 -5.4194193 
-272.07648 99.22854 39.1753 17.57026 16.64217 0.07969771 -16.473944 -13.244339 -11.600606 -12.172291 -3.6170447 -2.7012007 -11.590084 -1.2179871 -3.2035425 5.8546424 -11.080183 2.807307 0.7056912 -3.8325434 
-314.684 112.419136 42.61138 37.711197 20.700417 3.3100488 -17.02171 -8.2746315 -7.2697315 -12.800411 -14.3907795 -3.0704203 -9.011364 -2.4180353 -4.116972 -1.6199318 -11.575165 3.260073 -7.3155355 -2.3569663 
-299.07034 173.5307 -20.194143 31.467363 36.653625 -10.025541 -30.276106 -2.531187 -12.599476 -3.097274 1.3128561 -3.5454843 -7.2447653 -5.7556715 -16.207054 5.514903 -16.63844 0.101958804 -4.418054 1.6482345 
-297.86197 172.8019 -0.77067566 35.709488 28.379187 -16.548632 -26.384455 -0.62896556 -22.901714 -8.663479 -9.150166 -6.460848 -1.3244392 -6.6388097 -15.568107 7.37865 -4.982195 -4.9362407 -0.58861923 -0.23976707 
-345.89703 172.58194 12.578759 35.82525 7.2890377 -4.6064324 -6.6319003 -3.0575452 -27.20078 -15.284038 -5.395941 7.181949 3.472099 -5.763168 -4.958172 10.485432 -5.199522 -3.1033363 -3.4245176 -7.5838413 
-382.84686 107.65192 28.363976 33.52521 6.076941 17.316174 -0.41625646 7.759177 -12.059276 4.008294 -11.605004 -1.1418629 -7.7646093 0.618609 -9.475609 2.4930675 -6.7951665 -1.8501375 -6.907735 -1.1140403 
-311.7453 56.733467 44.939312 44.26269 -0.009628322 28.288523 -16.858446 17.558594 -26.950562 2.9777343 -11.029219 -2.8503084 -15.253776 -3.6879077 -5.0002565 0.033253007 -6.043079 -3.619752 -9.935645 2.2590103 
-307.45413 150.66689 7.0309315 36.066624 17.77916 10.733073 -27.015257 0.15919155 -15.061942 -13.494005 -8.758679 -13.889617 1.9084715 -6.6408844 -14.715103 7.3992352 -4.8610535 -2.5545816 -3.83817 3.3524022 
-310.84958 189.31084 -6.4274654 9.386176 -3.3644867 -16.803162 -5.1333737 14.868605 -12.8508415 -5.6131635 9.045376 -3.5362985 -12.072659 -7.376163 -17.06955 1.8211114 -14.048237 2.8981428 -4.4187493 3.5753658 
-287.14755 178.90645 -13.897022 11.345654 19.491251 -4.2052884 -11.206729 8.827381 -17.136652 -11.881663 1.672526 -2.5539408 -5.5671754 -14.098912 -26.740417 4.3455963 -8.180751 2.479613 -0.7352236 0.029385991 
-307.1743 178.34436 9.4158325 30.368582 21.205147 -9.105915 -19.858488 1.872991 -14.6292925 -10.067109 -14.234205 -2.730215 3.0597453 -6.4434724 -13.210842 7.568857 -7.273301 -11.459954 -1.4798425 3.485652 
-315.54013 122.771065 28.051838 21.396927 19.05512 5.565289 -8.330994 -5.394324 -20.379183 -15.151812 -7.0662746 10.040448 -10.973271 -4.7681193 -2.836458 12.577657 -3.8348567 -0.01764785 -6.656824 -2.515013 
-324.19656 149.4931 5.497408 32.780598 27.14746 -3.1080427 -13.058938 -3.4806092 -18.4328 -7.9964957 -9.464939 5.9092293 -2.4537165 -5.990991 -12.675373 6.1366787 -13.03453 -1.3894734 -7.72223 2.4476085 
-312.00558 166.33536 -3.7669268 21.635353 18.29671 -4.808532 -8.616657 2.4096322 -16.213923 -10.239692 -10.316502 0.6057569 -2.6762307 -5.8509626 -13.470644 5.644954 -8.244235 -6.0456204 -3.0566766 3.133016 
-303.68756 129.67194 12.676251 52.84548 25.931404 -2.3627412 -23.527773 4.8061066 -20.050856 -17.786716 -13.680111 -2.1559594 0.38125917 -10.386789 -12.254394 6.3409905 -5.184038 -8.13423 -9.890793 1.7486093 
-338.59692 157.44429 18.16194 26.80383 -2.5548859 -9.120254 -7.312864 1.4950845 -16.606974 -3.0093656 -1.4781964 -4.174029 3.0437787 -5.4860525 -14.882826 5.760993 -8.999316 -0.9143414 -6.9432726 4.4051657 
-292.29422 123.663536 41.287327 18.363543 1.6662662 0.37959373 -11.71908 -2.606123 -13.174447 -10.944209 -7.8369412 -0.5306953 -5.606741 -7.8015113 -5.624278 8.540515 -10.405728 0.20608538 -3.3786974 -0.63350147 
-305.26767 167.82764 0.97563636 12.155164 13.4413185 0.9954936 -13.40001 2.8653862 -4.9353175 -7.747188 3.7656147 13.539309 -8.747039 -12.457754 -13.081898 7.3077207 -15.130922 -1.721231 -6.455605 3.3498912 
-274.98923 141.75623 0.021899542 21.864187 23.088037 -1.2981191 -25.880022 -7.7123165 -21.226229 -8.224834 8.278257 -0.044833556 -15.168756 0.19777203 -6.2758794 3.9046419 -16.700407 0.37186667 2.1775117 -4.641255 
-301.96252 58.71051 40.083855 41.10243 5.2467957 12.216968 -9.764202 15.904377 -28.038242 9.081431 -13.222021 -8.305905 -13.302533 2.9342103 -4.1592097 1.2149739 -2.3693545 -8.487318 -0.3462479 1.5706229 
-331.52258 107.701126 31.031145 48.10058 15.540226 14.765047 -18.813084 13.382724 -22.806618 -10.955118 -13.317104 -7.6212177 -4.6979194 -4.1691303 -2.7745428 -1.0588348 -7.748892 -3.0597079 -2.2749891 -0.40480512 
-293.5673 178.6356 -8.385885 11.07829 9.054811 -5.007069 -20.771238 -2.0576465 -15.592943 -10.510773 7.0568857 11.1601515 0.94394535 -11.225944 -14.502703 9.323338 -6.8773093 -8.173666 -5.7073846 0.8425962 
-292.86267 146.8785 6.5707955 8.619528 21.521662 4.209246 -26.986542 -9.200224 -18.658752 -11.88182 4.0340405 9.382655 -9.943142 -11.045506 -11.595577 5.9381633 -12.04325 -4.205981 -4.598536 0.76631206 
-352.1348 143.84773 11.777994 13.087099 19.357506 5.7667227 -13.42185 3.5022225 -10.3030205 -3.3479962 2.8215766 10.725925 -11.307105 -6.128868 -7.156554 8.132317 -15.46374 0.1554993 -6.127358 0.6700999 
-354.51086 146.53815 4.7739086 20.567707 18.046242 11.529607 -5.8828335 4.970497 -8.763725 -6.475319 -1.6316725 6.039648 -14.3620405 -16.974373 -10.798229 5.29212 -9.26648 -2.008399 -5.6267915 0.47057432 
-342.849 124.02756 7.223877 31.924591 22.438524 5.0949364 -18.353954 3.931811 -12.02885 2.8202124 -3.1152692 0.7795954 -11.079506 -3.7680483 -5.011209 0.18921348 -12.542258 -0.36299923 -1.1950359 2.5559964 
-293.00262 120.188 8.8392105 34.940636 21.548328 8.20469 -13.200033 -2.9389014 -38.46196 -4.265913 0.5690434 -9.78302 -14.523899 1.8937217 -4.6535144 7.0465074 -9.622186 -6.2587247 -0.7782118 -0.07927697 
-394.86145 133.3492 10.428992 32.160385 12.088599 12.403736 -0.35014018 9.700872 -1.5834937 0.28140593 -8.718008 -1.7538815 -8.609244 -1.0667152 -7.657586 1.1960998 -6.9211926 0.030972429 -6.2845144 -3.8302188 
-254.55667 192.4502 -22.673103 1.4803097 -2.2026212 -14.331765 -17.251692 16.62996 -31.644632 -22.504427 13.659046 8.036032 10.352109 -6.3568287 -17.384579 4.7327924 -11.744733 -6.9599576 5.273254 -4.967883 
-307.16312 162.68182 14.625416 18.5794 10.148244 2.9359245 -11.6744995 1.0437101 -16.66057 -20.664387 -18.799685 0.307774 6.39074 -14.023573 -3.7258487 5.9619823 -7.7122126 -6.360019 1.088301 0.19793762 
-253.61461 178.45709 -18.038239 18.837881 10.572481 -13.118379 -16.077435 -1.2730154 -33.302624 -2.3855937 13.329238 -2.185851 4.3985043 -14.221474 -17.416763 3.4034305 -16.993425 0.5186074 4.3251157 -3.0025165 
-354.6676 161.43015 23.854118 22.416359 10.063609 -2.5888147 -8.498241 5.903221 -0.05954557 0.84194225 -8.49616 0.88792074 -7.5260916 -4.0047503 -10.798706 -0.68094665 -12.102802 -3.4098833 -3.941344 1.4821515 
-335.00842 74.39801 51.296673 23.214237 18.230024 12.646861 -5.5918674 13.093296 -1.3601062 -0.69077456 -9.540333 -0.36501637 -14.823391 0.9894214 -8.338298 2.5290887 -9.064749 -1.8341187 -3.1529913 3.217822 
-346.41608 117.28305 18.445036 38.26863 17.16059 13.153339 -21.247444 13.765377 -7.414324 -11.841945 -12.117432 0.21514362 -4.007689 -6.0966926 -8.100178 1.7813127 -9.062979 1.77133 -6.3824596 3.07345 
-358.07333 155.95177 -8.861061 19.777487 16.501438 0.627384 -10.259399 11.487841 0.7133839 4.036093 8.806545 5.621604 -13.211372 -8.619637 -7.0986404 -1.4204106 -11.613677 4.541521 0.22990084 2.4661906 
-419.29688 144.81857 14.07169 37.138428 11.052961 12.106351 2.081863 6.1732655 -4.7401676 3.1056519 -6.498966 -2.3325675 -5.652586 2.5681746 -3.8932593 2.6766243 -9.28251 -5.8474636 -8.148745 0.74608475 
-399.8 151.32477 20.894196 34.31462 13.306698 4.2350593 -3.9382756 -0.1551607 -4.510186 -3.8854506 -11.872669 -3.029111 -7.990475 -0.028658973 -3.4595513 4.2917943 -5.7685704 -1.3577673 -4.9447556 1.8066766 
-303.756 137.76945 3.559556 33.482525 30.148613 14.344103 -28.263273 1.5823376 -21.83416 -21.59141 -7.7616696 -9.653854 -6.3913617 -12.045643 -5.6475673 8.181146 -1.6983167 -5.016847 -3.2696695 9.559022 
-275.57324 178.0066 -14.708058 22.404205 12.492831 -15.093294 -13.606429 -1.9924054 -53.164192 -14.38657 10.252054 2.725721 8.406099 -14.669259 -8.38727 16.388277 -5.662959 -7.9378357 2.5141962 -10.371604 
-393.09338 144.82703 10.640062 28.844095 9.060163 7.459638 -0.7672719 1.6510173 -14.055516 1.7086719 -2.6665025 6.5565796 -3.0125027 0.61518335 -8.825452 8.843261 -5.331302 -1.6065538 -7.3331537 -4.6081796 
-295.32605 142.41 -0.68170464 11.867297 11.391081 -0.66319937 -16.555996 2.140221 -22.666372 -3.8961627 6.9820914 2.8066647 -4.3741813 -6.6520977 -17.351957 3.4097679 -14.324758 -4.2714686 -4.0367155 -0.64308673 
-304.77094 170.65248 15.464683 6.4177065 6.122637 -5.8682613 -10.474132 10.345797 -12.421263 -3.0760298 -7.1242447 3.0077314 1.3015548 -7.4944515 -16.008253 0.4144159 -11.06816 -6.0178037 -3.5823736 4.659835 
-312.11322 94.98373 48.80867 22.193687 7.699972 16.098774 -13.670036 7.3706937 -6.2076435 -3.0120144 -13.937355 5.6327357 -16.046246 -5.3833904 -9.2455635 3.1732666 -8.40144 -2.616704 -7.3945856 1.9415177 
-337.31116 157.97934 30.495491 23.4821 1.0670133 -2.809156 -10.923809 -1.3048573 -20.855753 -7.9120536 -6.111925 6.2981706 -11.630594 -6.688579 -10.962223 6.930279 -6.033153 3.1780035 0.738673 -3.6753976 
-331.93604 164.37933 -8.954023 18.624186 20.388805 -0.012773301 -11.02752 3.153697 -12.120931 -3.2916822 3.0357661 10.10456 -11.652261 -13.480564 -14.782735 0.13848251 -14.703929 -6.0307193 -5.8886185 1.7826495 
-322.77036 76.79653 30.5226 55.728615 0.79635406 15.052427 -1.3946313 6.0124583 -10.523289 2.4047701 -18.656952 1.0520133 -9.056078 -5.4189253 -7.441765 5.031776 -13.979002 3.2320583 -2.9841535 -5.1271625 
-369.6302 157.61806 13.45457 26.157303 12.463474 4.9083843 -13.67928 -3.2494233 -10.356189 2.226233 -5.2446194 11.163936 -2.4792018 -7.6863284 -13.17893 0.51016235 -10.151295 -3.318945 -8.942432 2.4644237 
-317.86206 124.53415 18.878181 33.041187 43.359333 0.57221454 -22.189602 3.7928874 -18.36243 -8.599503 -17.92099 -5.032335 -2.5359294 -4.100297 -10.315252 9.750202 -7.4930277 -0.2927105 -2.7744765 2.1177084 
-352.38803 129.61307 30.664934 40.814983 26.635122 4.824537 -12.737536 9.073388 -16.919897 -14.124627 -22.079353 -1.9589574 -10.448285 -8.42991 -12.179853 5.517564 -3.4387655 -5.4739933 -4.956037 2.2482328 
-345.32486 115.82457 20.24939 42.108646 18.572613 13.138213 -21.2942 12.820252 -13.954842 -8.003247 -8.848962 -5.3137712 -5.6137967 -7.9250455 -2.0331943 5.20258 -8.972752 0.022555113 -4.603719 5.022427 
-342.393 75.08446 61.254047 14.203173 17.050453 20.454323 -6.8202057 2.2812004 2.2029076 -6.6113114 -2.3202384 0.6216929 -13.444449 -0.29572612 -12.364839 2.14448 -4.8929987 -4.079 -6.080099 -1.6432284 
-379.8862 141.23004 20.174166 18.649635 5.936201 5.587399 -7.2018833 3.97597 -0.3250912 -0.077877365 -3.5003946 1.1946778 -8.799297 -3.2982097 -5.3167977 4.893153 -9.189962 -2.5051396 -6.2111764 1.9085914 
-409.2627 135.21873 15.318749 27.808922 8.564225 13.257793 2.3192887 10.2727 1.9852284 5.6193204 -8.97407 0.34117863 -7.870493 0.91400784 -6.4856024 1.189039 -12.230706 -0.2830201 -6.3504477 -0.23051031 
-413.14368 139.33748 13.52379 28.489292 8.911388 12.650048 1.755294 5.047074 -1.8499665 1.7689965 -9.002617 2.3103876 -9.731605 -0.32908198 -8.177307 3.3513613 -7.1867895 0.6989253 -7.319736 -1.741823 
-419.7542 133.67831 16.196524 28.321589 9.753771 11.779982 6.660234 8.747045 -2.4477 3.4957669 -4.8083825 -0.16437188 -7.107156 2.7472165 -7.277902 2.183677 -8.002413 -2.4695325 -8.425364 0.06500216 
