-414.82816 152.70364 12.858542 33.455338 7.5299845 8.440168 -4.486692 1.1890019 -4.239317 0.23987842 -10.055656 -2.208238 -5.301194 -0.9585514 -4.985386 0.5850515 -12.6404 -4.478749 -9.87764 1.0940137 
-356.30106 178.85976 29.648062 32.787384 -16.109491 -26.256636 -13.999955 -7.5708237 -6.3289523 8.879973 -0.48921716 -0.700399 -0.5920967 -6.3311133 -8.6058235 4.365057 -8.690387 -0.75551957 -6.3548937 -4.2799525 
-400.18588 129.63632 17.196157 28.935974 5.4277644 10.328833 2.9181874 7.181318 -2.4412203 1.9013195 -11.278833 -2.157172 -4.788806 1.4021655 -8.931362 2.2677946 -9.546007 -1.1265537 -10.472348 -0.7382336 
-354.2091 119.349365 21.899666 33.280342 21.498451 5.685863 -2.4247487 0.03789849 -18.194712 -3.0442495 -7.645567 -0.81239074 -13.274717 -6.3624744 -4.4732413 6.551314 -12.524063 -3.6213293 -3.3021674 -0.48788956 
-295.43796 140.89442 5.2554255 33.547657 22.297396 -0.54842067 2.2513034 -8.3662405 -46.124058 -12.528719 3.429559 -7.389428 -10.953644 -19.20088 -10.415999 18.102423 -16.129509 4.343929 3.4323525 -9.99968 
-293.06345 169.73972 4.780498 35.013763 13.6418085 -8.656113 2.0711615 -4.8349957 -43.595654 -17.83589 -4.4575553 -10.186855 1.3284804 -21.705076 -8.165852 17.910095 -14.420687 -2.0222402 11.8559885 -9.04723 
-333.66943 183.6725 38.33749 42.42931 -8.070397 -24.62822 -13.943202 -16.472525 -17.900805 -4.822247 -8.6197 -4.4072866 -0.8813214 -5.8564963 -5.2662377 1.2678835 -8.93808 3.5563393 3.0460227 -0.33607224 
-338.9101 180.52791 27.231215 40.973946 -15.425426 -32.693733 -9.077107 -0.4171306 -15.442616 -0.5285251 -2.869116 -2.8242483 -0.67560154 1.8868315 -0.40667093 9.552854 -10.4619465 1.9075917 -3.5577486 -8.558745 
-390.20944 150.85872 16.687971 34.96499 9.402432 5.332556 -3.6719084 -2.5984852 -15.874634 -4.0478144 -6.711921 5.0609674 -4.293759 -1.8379283 -9.399681 7.1912365 -5.7665467 3.4959276 -4.742433 -1.6823108 
-413.22308 145.1748 11.078217 36.22911 10.302917 13.142858 0.8297011 6.6085935 -0.8327465 2.2729166 -8.238091 0.94492215 -7.6902795 1.9262085 -5.877777 3.8784142 -11.749236 -1.0679 -9.075185 1.401111 
-415.38617 143.61102 10.535442 32.83246 10.98632 13.802082 -0.754071 6.9540963 -1.5731922 3.249219 -9.10801 -1.555837 -8.592087 0.87365264 -5.927447 4.569203 -9.07353 -4.0926723 -8.615311 1.9547637 
-285.49936 138.16304 -10.89797 6.416998 12.388552 -2.7548997 -5.3253894 6.1494966 -23.35155 4.89518 12.392981 -3.786037 -10.582959 -15.89573 -12.682997 1.7197235 -13.25838 2.6396258 -5.6794457 -1.8118517 
-245.75586 137.03398 -16.748678 24.51121 33.798626 -13.856345 -28.122162 5.1725655 -25.194069 -8.879083 -4.5139627 -9.602026 -6.376706 -8.292835 -20.285837 10.090877 -16.40501 -3.5248723 7.3129373 -0.68987525 
-301.54373 104.47124 42.800854 22.120972 12.338616 12.876343 -12.191712 -19.517254 -15.810106 -1.5032876 -13.4310255 -0.14685366 -15.262874 0.12225299 -0.6845405 5.769928 -13.846523 4.4232645 -2.1182735 -2.336447 
-304.39014 183.73932 13.119104 23.33088 -2.0313165 -13.997802 -5.5714602 -1.7464365 -26.095678 -17.121943 -11.62029 -2.010013 2.4379454 -8.168182 -3.889768 8.648587 -5.978478 -2.00946 -0.9323739 -6.962209 
-307.76355 109.492165 36.602604 31.901093 27.046295 10.862904 -10.800175 -6.31444 -27.73352 -6.2594857 -12.831587 1.0305803 -16.249199 -5.2575674 -3.1907945 11.070065 -12.711355 -5.729336 1.8920155 3.8698208 
-324.76102 144.84648 8.650926 44.299026 34.583282 1.3012908 -9.285557 -9.733589 -20.279875 -6.1727114 -9.83704 -11.498154 -14.968639 -7.069931 -4.7409415 0.7665501 -19.094564 -4.051824 9.238097 -4.3039722 
-290.5636 179.50072 -21.522121 19.05697 11.044275 -11.301968 -5.392893 2.4714766 -27.50068 3.5843723 11.348627 2.3680851 -6.567045 -9.312203 -21.99133 -7.4236884 -7.1412864 9.159319 -9.360041 -2.6296473 
-337.04382 137.03033 21.16932 37.723938 27.472092 6.8051157 -8.258469 2.4189267 -24.178057 -3.8396556 -8.942995 -8.370731 -15.465753 -3.4214735 -3.5610323 2.1091301 -5.638636 0.8166883 0.39246234 0.040744357 
-326.8317 152.64157 7.882043 50.448544 35.18676 -1.6086172 -16.026453 -5.0434246 -20.536552 -11.914852 -26.268814 -6.4342003 -2.386662 -3.451972 -8.904334 9.526453 -9.473275 -2.931998 2.9110832 -5.525342 
-311.62167 159.74828 -5.005418 22.929142 7.355617 -9.014721 -7.5307217 2.2897737 -18.658775 -5.1933913 7.979706 6.769866 -4.3505125 -3.6240819 -14.758946 5.940275 -13.391689 1.7082465 -2.7660675 -1.5713656 
-294.7967 168.95538 2.3712082 18.457378 -0.20060433 -15.012133 -4.557382 1.6228088 -22.797781 -11.975394 5.952629 1.7155844 -6.382593 -4.480389 -11.785175 2.9500132 -7.953826 2.8985846 -1.9540555 -5.112084 
-313.55237 180.44463 14.6678295 24.38408 1.7493001 -12.988291 -9.120877 -0.72576475 -24.921515 -24.01136 -14.914924 -1.9213731 7.770441 -4.534168 -7.8787875 5.756082 -5.5540524 -6.9967175 0.21863201 5.022635 
-302.65555 105.48474 13.681496 40.513958 1.8157297 23.553072 -29.365824 9.802267 -10.402491 -16.961214 -4.5640087 -4.9402914 1.2086366 0.22072925 -4.0706487 9.389682 -10.508785 0.16223748 -0.3852738 3.9483838 
-343.12344 162.95096 22.210732 41.06167 5.711023 -2.0595374 -3.6358702 -4.6623745 -28.189253 -12.739315 -5.099892 -1.9468702 -1.2220101 -3.2823436 -7.043717 8.955015 -5.400757 1.2998528 -3.024684 -5.1770954 
-356.30975 160.92393 15.365383 43.870476 10.027712 -3.163442 -2.969148 -8.25469 -33.043053 -16.604734 -4.5221896 7.9433365 1.4237612 -1.0612512 -3.065775 12.553791 -4.582947 4.896295 -3.5444698 -9.460587 
-365.4078 135.7266 10.27978 46.509434 37.26349 -1.1827073 -15.455865 19.790201 -13.447713 -15.415837 -9.075649 -4.992968 -8.323356 -2.1829698 -16.80015 3.9059858 -1.8868408 -11.509175 0.5827251 5.137205 
-331.85956 147.68585 26.012259 32.53756 12.838187 5.5683436 -18.937998 6.9353843 -26.516933 -18.466665 -11.868477 -3.33283 -5.8578134 -0.8286897 -6.168535 9.119889 -3.4225552 -1.5238217 -1.233484 6.4172754 
-350.98712 157.94637 34.09715 32.89128 8.562786 -7.929173 -24.317999 -0.6286671 -16.530787 0.40328586 -13.205101 6.1152062 -7.0541525 -4.253227 -9.271371 3.8303232 -5.6172085 -6.230492 -6.6148663 -1.1601093 
-374.12476 162.42204 10.56274 41.749207 13.365289 -7.5602493 -6.891366 -3.3881407 -25.644556 -11.392773 -4.5181403 -0.5021853 -2.6753454 0.64684623 -5.97617 10.23802 -5.387703 -3.9816132 -0.921284 -1.0530801 
-408.47028 134.06284 16.00588 31.24354 12.36219 11.657585 1.7297325 7.685719 0.22299702 7.3652463 -6.018828 -1.2624342 -10.349008 0.65344566 -6.571554 2.534746 -10.577389 -3.6357431 -7.991188 -0.35674268 
-379.817 136.27325 15.8554735 27.736292 11.34204 4.9865594 -1.5674205 4.5275936 -3.132581 6.859345 -1.6133657 2.2541146 -9.898421 -3.4882286 -7.100279 3.3684886 -12.718497 -3.4086428 -7.831699 2.0339108 
-305.7228 170.91374 27.003347 14.274785 -19.509773 -22.316986 -3.2670572 2.6444242 -5.406817 6.1377115 5.828573 -8.096486 -3.8483865 -4.4952784 -16.12617 4.0859585 -11.4531145 2.1567466 -9.056587 -1.6729289 
-360.22345 173.47081 34.1481 32.246468 -8.599539 -21.091179 -13.282259 -5.98928 -5.454798 10.815684 0.59058464 -3.1763875 -4.851037 -3.2878482 -14.41029 1.6004272 -4.321786 -0.37315592 -2.266763 1.0147512 
-404.26126 124.69519 20.39397 28.859886 8.634765 12.523142 0.8604032 6.8787584 -3.0476568 4.665835 -12.666744 -0.5976407 -4.502561 -0.62030107 -7.608297 1.5730892 -10.839113 0.15498747 -7.7983966 4.614328 
-405.67123 131.29099 17.673012 31.097378 10.528546 12.328838 2.7997806 10.340998 1.2592986 4.6730003 -9.722687 1.0394876 -6.196219 0.018015087 -7.892661 2.741784 -9.011888 -1.7606741 -7.520048 0.14417091 
-371.35165 137.99799 7.485304 43.606342 25.77014 1.710268 -7.4939446 10.122012 -7.9942083 -13.462735 -11.675533 -4.4342875 -8.301875 -9.023302 -11.194149 4.272474 -4.8758574 -8.323836 -1.0942377 1.1237999 
-262.2805 113.9059 23.84287 45.027542 5.195158 -0.8300402 -13.5719185 8.593113 -29.591866 -12.71787 -10.831156 -1.8132205 -4.4533525 -7.55777 -5.3484225 8.013971 -8.226622 -4.7899942 1.8090882 -4.119785 
-299.40527 166.21693 17.44637 44.297306 -5.1032166 -20.265991 -9.401226 10.221583 -26.742903 -14.426071 -2.684012 -21.014635 5.4448476 -5.2629647 -10.563427 18.47985 -14.782955 -1.3380111 11.847966 -14.163424 
-320.5043 136.42163 33.934742 27.698656 3.4265344 -2.6670406 -7.762766 11.4170685 -26.736862 -1.368928 -17.719917 -3.7728395 -1.7520928 1.1925888 -7.8200727 7.2752957 -6.7029133 -5.107402 5.6228924 0.448524 
-312.29077 155.87152 12.29578 39.609318 15.425154 -8.441516 -24.747583 6.096864 -19.227215 6.337832 -5.6618066 -5.2245426 0.12027601 -13.252467 -16.749983 -0.32648462 -2.8769526 -9.105862 -4.9523416 4.637442 
-306.1576 170.47264 9.511551 34.364273 6.418719 -12.747457 -12.222164 -8.890089 -30.074907 -13.13171 -2.7923667 -0.6325302 -2.7205212 -8.965175 -4.2398834 6.6940055 -14.486771 -4.4498897 2.7590816 -4.475946 
-340.9211 99.70994 41.57453 35.251694 7.940651 21.497627 -5.444956 -0.07679812 -13.547982 -3.4397204 -15.024641 4.6648483 -16.039879 -8.136567 -3.7545023 4.7861767 -10.300507 -1.9240221 -4.680086 -4.1634264 
-285.6405 178.39728 1.2287725 25.607077 -0.436832 -21.019812 -9.076996 2.4204993 -29.585907 -13.637444 1.6098769 0.8424631 1.1138692 -11.035503 -15.267109 7.071085 -12.357892 -3.02246 3.2687595 -0.8880501 
-301.23767 176.51945 8.058426 33.665176 -4.0746827 -21.847523 -6.051676 -2.0845814 -27.264263 -11.485636 -1.5317998 2.1256838 3.7004879 -9.168006 -12.625414 9.218198 -11.668988 -1.4635439 3.8590877 -2.4017313 
-291.4922 166.58328 -1.568652 20.647959 -9.749964 -27.966362 1.3304925 9.763548 -25.244112 -2.2432415 7.443528 -7.600916 9.417505 2.3803945 -14.607529 3.5471961 -21.146172 4.5782127 -7.3270535 -1.8767577 
-314.7298 160.6561 3.480796 24.961302 -3.348297 -12.290696 4.9217625 4.795613 -23.565575 -6.400622 -1.0354419 0.24487358 1.3020406 4.768307 -9.527082 3.4892797 -15.884426 4.801133 -4.925147 -2.001207 
-272.3036 188.16116 -25.00319 -8.344669 5.8680463 -19.038889 -6.005617 19.999409 -28.385237 -1.6441933 24.734694 -1.8854624 -1.9919951 -7.771548 -34.614243 7.3215256 -10.295951 3.5036318 4.2552967 -0.6780261 
-304.52402 181.46718 -4.4546185 20.424675 23.696384 -1.4430072 -20.368088 -24.923775 -30.994833 -6.338013 0.33335912 0.869315 -5.0070577 -4.403655 -8.138183 16.678846 -6.711645 -6.982851 0.5552408 3.925547 
-338.1863 73.62695 43.370163 38.01131 -0.44782734 20.735874 -4.10655 15.837009 -19.401604 13.888495 -17.86803 -1.142865 -10.316209 -4.040305 -4.659161 4.000061 -5.3481913 -7.1314282 -2.3968863 -0.23590872 
-330.00928 161.49188 34.78744 34.03727 -10.553188 -16.911686 -13.255325 -1.2947564 -23.209343 -2.919146 -4.291341 -6.8829236 -5.959949 -2.9390805 2.392021 -0.35751036 -6.8306293 3.6820755 -4.9414806 -7.3896527 
-366.88525 160.93607 29.029839 28.874886 -2.3700228 -8.232436 -11.931758 -2.595786 -7.3050942 1.8308119 -3.5109508 0.2527325 -4.7331543 -4.594964 -8.257668 3.178258 -2.243927 3.756636 -4.7387576 -4.5623455 
-413.64612 143.39363 11.798526 30.25061 9.589545 11.251175 -0.47501326 6.1674743 -3.8775558 1.2302543 -7.772474 0.9004724 -7.472143 -0.82377315 -8.313666 1.959125 -6.470825 -1.8831105 -6.258041 0.06964811 
-403.79733 143.3622 13.581732 31.559475 9.0427065 10.498275 2.4674158 5.7217584 -4.1519427 -0.3384518 -9.081417 1.7267984 -6.2211595 -0.54442436 -7.5969872 -0.3375057 -9.216596 1.7868288 -5.1154957 2.1848967 
-363.46326 175.9002 23.443233 35.494034 -1.3405701 -12.000424 -10.088864 -3.1606505 -21.237608 -11.234737 -10.527472 9.561651 11.121636 7.2135487 0.06599596 3.1077385 -13.701438 -2.8443186 0.6201004 -0.9207754 
-347.6784 167.65701 24.465286 33.11714 -4.401352 -14.870082 -7.693658 -4.1817646 -20.221375 -10.644623 -11.001972 0.43830913 4.8976784 11.059946 2.640735 4.4848332 -12.96661 -0.48515743 -3.3105574 -1.9046457 
-372.41458 160.57404 29.411247 36.094456 4.185572 -2.7771323 -12.107366 -8.426132 -12.467064 -7.7854733 -11.956192 -5.018524 -9.399632 -1.0128509 -6.182905 5.4075627 -4.459925 4.7820163 0.15970966 3.7882063 
-343.00122 151.74237 25.235067 39.83803 3.5699437 -0.52175903 -17.051992 2.001634 -12.997433 -10.412048 -9.1182375 -7.121465 -6.169629 -2.0794814 -3.5855572 7.900249 -7.7922187 3.5432544 5.314677 1.4391825 
-341.429 101.05747 14.285137 42.870644 18.032845 29.301714 -27.88849 5.673938 -5.324116 -11.297624 -4.8454747 -12.702541 -6.057265 -3.041475 -6.368012 6.3539796 -10.561037 -1.002236 -1.0190893 6.2891216 
-393.3804 124.56075 17.604912 30.491646 13.534621 14.129881 -4.239612 12.88649 -4.8319874 1.8223894 -5.9537206 0.82923466 -7.001214 2.5411983 -5.366656 2.5917761 -5.012617 0.32726473 -6.899513 1.5567493 
-305.56433 106.64038 36.471653 35.445274 26.331938 13.792834 -12.906065 1.7615314 -31.39955 -4.798839 -12.463838 -0.30645883 -21.458855 -4.4188905 -2.7529194 7.4934216 -10.740338 0.6343529 1.3383678 3.4848707 
-316.29654 149.21487 5.375033 45.69903 35.907574 -3.3950016 -12.587274 -10.556867 -23.491228 -5.0765667 -13.011136 -12.557142 -16.0335 -3.5815892 -8.773411 1.7477648 -11.8912945 -6.701502 0.63094515 -1.2881379 
-286.1176 166.30228 -9.153273 36.262028 44.254856 -7.042591 -35.304485 -16.66662 -32.0393 -12.039694 -7.768409 -11.8725395 1.3185569 -3.5993335 -14.499839 18.084602 -4.071121 -13.605711 2.9471903 5.2728066 
-325.78238 135.98682 6.456265 44.860874 33.728313 -4.4582934 -16.67534 8.633977 -12.997412 -13.313162 -15.384023 -4.754205 -7.3210583 -9.093574 -18.04391 11.089845 -4.119421 -15.746784 -1.3353105 2.0692859 
-314.41736 128.05626 9.493995 44.005997 33.302486 18.011637 -28.462149 -2.0965493 -16.49105 -9.89307 -10.956699 -9.550083 -10.029146 -6.809492 -1.4639866 8.007781 -4.882371 0.56985 -2.174298 3.537871 
-296.27698 148.8859 21.346844 24.11174 -2.6152823 -1.5942835 -15.510753 -0.42778313 -32.170387 -12.999912 -3.372616 11.477505 2.2294466 -2.0655558 -2.6250577 0.9479382 -12.084911 0.9379546 1.09718 -6.8307385 
-303.25827 126.329605 22.992601 34.449146 7.7603216 8.993763 -20.996208 1.7735579 -31.605116 -8.850971 -13.874137 8.793162 -2.530041 -5.3062778 -3.097212 -0.90454143 -5.095461 -6.457374 -2.1377816 -6.857125 
-341.08698 154.8095 18.095184 38.413643 34.920662 2.0052316 -24.141485 -3.3470452 -9.603694 -19.48066 -27.11952 -10.57748 0.5033853 -6.8001776 -13.92017 -0.6235303 -0.29712117 -4.1925783 -11.375791 -0.5218045 
-316.2954 86.17216 7.393316 55.144924 17.469065 19.862505 -28.504208 18.218122 -3.4822028 -13.380613 -16.88844 -8.898929 -4.04709 -10.041462 -5.9036303 3.2371068 -5.540076 -1.1674466 -4.030247 5.628584 
-385.29358 134.51825 11.256776 36.115402 16.883224 5.3905277 -9.505086 5.049819 -4.0118933 -2.6779447 -13.9529505 -5.8217826 -7.2105083 1.716986 -6.780273 4.001736 -7.7072744 0.58955204 -1.8030103 5.189657 
-335.18716 159.83514 7.655172 18.143215 4.499815 -3.5205204 -1.5336368 3.6557088 -17.629543 0.5468326 -0.1435673 -4.484739 -2.7773216 -3.6722424 -15.39219 0.8592837 -4.546861 -3.8460999 -4.277278 -0.75314164 
-277.33762 153.27187 15.242665 20.769054 -0.7782789 -7.050154 -11.402563 -10.352191 -29.700552 -4.851677 -0.038760662 -2.275609 -3.8257768 -3.90557 -4.913366 6.5870433 -11.7112255 -3.9455028 -4.980428 -4.796961 
-319.14053 152.34367 3.1514354 51.224346 37.69063 -14.507924 -17.984741 1.0039597 -24.068665 -10.492332 -9.234703 -17.532124 -7.3463035 1.7722536 -18.197805 5.346759 -1.0673232 -7.086759 0.30326045 4.643838 
-329.2704 149.525 -4.462248 57.78173 41.466644 -23.482231 -19.68853 8.534505 -27.977453 -2.4991286 -17.536121 -9.229128 4.6376843 -5.9811134 -17.05877 9.37638 -14.783088 -0.20507751 -0.8622177 -10.315013 
-338.5351 104.08972 40.953487 34.205757 21.367805 10.699933 -2.6259038 -1.9667615 -19.122833 4.319206 -17.936888 -1.4070958 -19.848433 -1.2806941 -4.0058227 8.654055 -15.919669 4.150265 -1.4486003 -1.505682 
-368.73486 149.32999 17.158783 45.22371 19.876366 9.262371 3.336305 -6.6026077 -22.907066 -5.9746447 -8.50068 -11.019547 -16.963444 -4.715936 -1.7386945 5.0736136 -14.2441845 -3.0738645 -4.3921833 -0.24800698 
-358.45172 103.766335 39.185097 25.934013 6.9555917 -1.2165987 -0.030160904 0.36882973 -1.8840582 7.363287 -4.601946 3.3838189 -3.686918 -3.5499465 -6.8946304 3.4189942 -10.514883 -5.680105 -4.445016 1.827846 
-366.44406 159.35626 24.473972 34.75007 11.123011 -2.3566382 -16.029896 -1.9137107 -7.3907895 -1.7617221 -5.3847275 3.7507274 -6.071936 -8.890545 -9.885258 0.84135985 -10.043162 -8.265587 -8.291846 1.0900021 
-383.42618 162.71225 30.970585 39.935177 12.150391 -0.40961683 -9.833538 -9.568107 -16.285446 -8.648357 -13.558561 -2.573884 -8.643942 -4.2450385 -10.650664 -2.8391368 -11.806202 -2.944064 -5.5578065 4.4702883 
-273.3558 170.02338 -26.860817 33.0874 28.769535 -17.544188 -29.323555 -8.488468 -29.283665 4.305052 9.7657795 -6.0096664 -2.1619916 -2.7392685 -12.511602 9.022164 -27.451488 1.372247 3.0144174 -1.9985559 
-352.0995 154.74825 3.8182313 41.891068 18.092983 -1.9999224 -13.466326 -11.338587 -34.65476 -5.8861594 1.4251559 -1.8893912 -5.651208 -1.2523109 0.2019581 18.407862 -11.103963 -2.8390589 -0.9072715 -3.2826962 
-389.84592 115.03413 22.958883 28.269625 3.9740057 16.969799 -2.4724586 5.962169 -3.4739692 6.462251 -11.60522 0.5868988 -11.630292 0.10669526 -6.012061 5.1046834 -10.69614 -2.896245 -6.7964644 2.5617092 
-309.90543 66.98469 53.314804 35.47006 1.8238233 23.077555 -6.4224567 -0.11937364 -12.417092 5.281107 -14.765832 3.1282992 -21.337132 -0.5930999 -4.3991513 2.2378588 -12.36335 -2.7217631 -10.56896 -2.2969463 
-337.49835 83.70393 56.268356 16.691048 23.20721 16.416353 -7.6279483 0.665714 -3.5385852 -6.6353106 -7.9681735 -8.640074 -17.152111 0.17433664 -10.861889 2.7233427 -13.003479 -2.603366 -3.6502452 -2.6295934 
-347.265 148.35638 8.345596 52.88344 34.361534 -7.4950004 -16.403103 2.5664911 -13.554056 -10.024074 -20.362886 -5.194765 -3.3714242 -2.4877214 -13.908832 4.7628765 -10.462026 -4.5701194 -3.8218336 -0.15278298 
-329.59552 107.86997 22.505108 45.564636 21.043451 10.363857 -17.613197 20.12541 -18.20631 -3.4459913 -8.310814 -5.6464868 -10.458821 -6.846833 -0.6156683 -4.5384808 -4.876482 -3.406883 -1.3940883 -1.4787778 
-322.77417 145.0708 27.936348 27.071062 -8.764207 -15.712202 -6.001701 5.089937 -26.571863 -2.4648955 -3.3335686 6.8205457 -3.6220615 4.832554 -8.8473015 1.7856958 -12.549961 -3.6154354 -6.3788834 -6.643212 
-325.39392 119.16682 49.27866 22.676949 6.5553083 -6.264372 -3.2277365 5.3463573 -21.137093 3.273031 -15.814835 -3.9666798 -8.430156 4.672903 -3.454278 5.8637023 -4.118387 -0.80671597 -5.3508787 -0.9576754 
-350.3412 143.33395 24.762947 25.987194 1.1871362 -5.139494 -9.723187 1.9203088 -4.4877 4.5313377 -10.960955 -6.5697455 -7.2052035 -3.7522402 -2.284574 6.2161894 -1.1212409 -0.18785873 -5.382223 -1.081531 
-392.685 138.83258 12.327441 24.488117 10.696056 16.745392 -6.4228687 7.128161 -3.3155065 3.7814953 -2.887006 4.5125556 -9.602299 -4.8418574 -8.9869585 1.463414 -8.54576 0.9726449 -8.157887 1.535448 
-266.22934 176.42056 -14.814748 13.189568 23.015175 -11.117897 -20.649601 -2.8917837 -47.84619 -0.8808847 16.907928 -5.807657 4.9139123 -13.587809 -19.816242 6.527338 -16.073914 -2.004674 0.9503693 -3.058258 
-283.22253 85.78777 25.6905 51.342945 9.345062 7.208296 -10.135112 -5.1315007 -18.476149 1.2262478 -14.938195 -5.1142435 -10.190338 5.440464 -5.3282065 3.41002 -7.407379 8.330517 -10.1059 -7.7074103 
-330.61438 127.62823 19.206734 46.063023 19.183754 -5.6658816 -3.2297125 -1.4690658 -20.272007 -12.368055 -21.227833 -2.6428645 -11.254787 -5.2810187 -7.5773325 2.297671 -4.133719 6.8690443 -1.2145613 0.0994834 
-353.13367 169.31038 16.155622 41.628372 4.6776023 -6.625573 6.1547947 -0.43619734 -28.014263 -16.471277 -10.857545 -2.393349 2.333439 -6.133246 -9.012793 3.5201595 -9.859137 0.74026597 0.50629973 -2.0806072 
-320.8594 165.75348 -5.8301325 41.531372 42.51397 -3.9160352 -25.870079 -4.723324 -25.851387 -16.088335 -13.20986 -9.149897 0.63523805 -6.560445 -13.735727 12.849826 -2.4694388 -5.2113957 7.52687 1.5730801 
-320.7645 161.12057 -14.544747 47.54808 54.895184 -6.2442904 -27.51434 -3.8054445 -12.425524 -16.8837 -25.64993 -8.890744 3.007558 -4.614616 -21.008675 7.1614633 -2.5951567 -12.56595 -3.7392006 3.0934439 
-277.91724 187.00969 -24.257631 5.1566825 4.2582803 -24.60561 -8.344431 10.174769 -20.806738 -7.316874 13.718681 3.4264023 -2.9646254 -5.0877323 -30.83568 -4.0115967 -4.550135 0.62352204 -7.1875067 4.703411 
-324.23276 146.19582 42.807903 20.518082 1.1454215 0.7347468 -7.3639154 -0.6946359 -14.230316 -13.631105 -12.085781 2.9023008 -6.160723 -6.0244417 -7.89435 -2.2822475 -6.373508 3.3718174 2.8884716 7.209539 
-362.65182 149.1025 20.800508 21.24108 8.779792 13.665053 -0.40103516 3.8565288 -6.2855453 -5.883766 -4.395986 5.6543503 -7.9534597 -9.865061 -13.782538 -0.7891081 -7.428044 5.9587827 -8.278756 0.7631146 
-338.60495 172.55356 -1.5157132 25.33366 16.030964 1.0038133 -17.587683 0.030619727 -9.875657 -6.755923 -7.686715 4.9810357 -5.2150297 -13.007987 -17.485796 -1.1333816 -12.148501 -4.849686 -7.1369357 1.958114 
-311.89096 163.48708 -0.18808705 15.051982 10.67517 -9.656431 -14.239624 -2.6987815 -21.382084 -6.6488266 14.356812 14.839335 -4.216337 -6.5343857 -15.168655 0.3033225 -12.646107 -1.6693352 -3.6609535 -2.1430883 
-335.52603 141.47028 19.07599 17.048744 15.480305 11.229017 -9.404282 2.0177336 -10.115742 -3.9186847 0.71757466 9.839225 -6.5054517 -8.998585 -15.396923 0.06883775 -9.9178095 1.9638113 -4.309696 1.5624249 
-348.43127 107.479095 27.806242 43.73585 19.095327 17.963173 -10.504392 19.350626 -10.0254545 -10.855658 -14.155856 -4.583085 -9.692778 -2.2331395 0.02264664 3.5809572 -8.712038 1.3877226 0.56911767 1.0403692 
-315.69745 94.58702 22.015741 60.34689 16.711172 7.367446 -22.569677 8.796455 -14.680923 -9.32082 -13.138087 -6.9909005 -2.9371986 -0.8092332 -5.094967 4.980084 -10.65957 1.3838389 -3.1978643 -1.1175725 
-344.53983 165.18622 10.222103 22.74258 7.8155246 4.743631 -11.309261 -0.9449682 -12.6715555 -5.018107 0.41090113 4.5327034 -7.1878924 -10.597311 -11.764343 2.550998 -9.854538 -2.541802 -5.738358 -0.14269656 
-352.3586 161.40155 3.62181 51.21557 19.192013 -5.381047 -3.1641982 -11.787326 -31.940847 -5.8608665 -3.8861406 -11.508785 -13.092906 3.6170337 1.6921659 11.202388 -6.0891914 -0.42528698 -3.4432075 2.568238 
-403.61694 142.15251 11.017414 37.634663 11.676858 8.934681 1.1754677 8.8401575 -2.517143 2.086965 -11.01779 -2.9457006 -8.007843 1.490521 -5.557055 0.77324075 -8.621636 2.60847 -5.0260224 0.13543466 
-392.46576 155.65839 6.1461325 38.608604 10.399378 -0.4638125 -4.73278 1.8601998 -17.60833 -5.307703 2.6586242 9.538895 -4.2921624 0.065479174 -7.740133 3.8708506 -10.82632 -1.8073949 -13.198351 -4.3728943 
-402.74155 157.94064 14.443516 38.587322 10.018716 7.1171527 -2.5421495 2.859241 -13.659562 -4.482528 -4.7617526 4.933426 -3.5598116 1.2955918 -4.732236 3.198805 -9.707746 -3.961527 -10.096917 -1.5562701 
-417.189 143.77124 16.063555 33.34056 13.293792 9.922755 0.88050526 8.097822 0.5764442 1.838668 -8.92335 -2.1763165 -8.965806 1.9677386 -5.55757 -1.0513129 -12.05266 -0.65706915 -5.9304223 2.142902 
-411.33698 140.62148 10.759394 29.190773 6.303032 12.103667 4.0162735 8.37122 -0.37684357 1.9468359 -5.970415 0.12007724 -5.8315277 0.06169612 -8.25912 -0.25647503 -9.367252 -0.86951715 -6.0683384 -1.7336112 
-408.38373 145.48622 16.80203 29.322344 7.3813205 9.443097 -1.1787373 2.0156698 -5.589032 0.65956455 -5.472282 -0.54558086 -6.474629 -1.3768564 -11.82402 -1.9195917 -9.329102 0.28381944 -6.374913 0.9754806 
-332.27728 175.50407 15.113637 31.378492 -10.330437 -19.63397 -4.5836725 0.17091018 -31.648472 -4.901601 2.3965878 10.209491 10.284846 0.073096596 -13.347405 -4.7679005 -14.740299 0.32471868 -5.688101 -5.9442296 
-339.32205 169.2976 7.9981723 34.722687 -7.5945606 -17.202965 4.8401036 -0.49258482 -36.276653 -9.79076 -3.6616604 10.782671 15.285017 8.545704 -7.396749 -1.4032438 -14.609753 -0.28499687 -4.9572134 -5.6001563 
-372.259 152.72032 10.186564 35.019466 11.875773 6.6534486 4.0076585 1.5117195 -24.51611 -8.884197 -2.3440235 0.7873247 -4.8650413 -1.959983 -7.1188693 9.093881 -3.2645807 4.0214624 -8.426367 -5.2499905 
-408.71255 131.53313 17.359776 30.419735 8.790218 9.785541 1.2477591 6.5925884 -2.082343 4.648042 -9.816621 -0.4145262 -3.809469 1.6179719 -8.242834 2.1283467 -8.289411 -0.0029670398 -5.6041965 3.862284 
-407.19022 137.15665 12.658389 27.847723 10.216599 16.398668 2.268504 9.987969 -5.091793 1.450134 -4.9669166 -0.36016083 -8.733504 1.1824201 -7.8171177 3.684862 -10.027884 -0.6838626 -6.6679254 -0.92420363 
-362.2826 85.851494 33.55972 34.365334 -0.6987031 21.86637 -5.605375 8.046481 -5.262247 4.7451763 -12.016295 0.7201816 -9.902168 1.936876 -6.789714 2.9546146 -9.960147 1.9234393 -10.935974 -1.6800008 
-299.73322 51.260723 43.252064 34.51371 -0.10312843 27.148977 -11.667108 1.3638511 -7.068087 5.7744527 -12.073166 8.564958 -11.061694 -3.2815108 -2.283587 5.6281185 -16.246206 0.49440825 -8.369239 2.0886343 
-318.81705 124.81817 42.8915 19.91906 17.828941 14.681093 -10.298306 -6.4486103 -19.989052 -5.7351756 -4.706064 9.453676 -14.874926 -1.8150934 -6.2053223 6.059565 -10.9101095 3.2440538 -7.216471 0.12753929 
-282.15833 170.97626 0.071737394 9.764195 12.870052 -2.4141264 -16.453962 3.3386583 -25.894947 -12.294744 7.6479764 5.0857596 -11.125887 -11.581916 -13.80873 3.4492278 -14.24981 -0.35453182 -6.3900757 -2.612181 
-319.73325 161.92921 9.979528 39.02105 21.492912 -4.871416 -8.339879 -11.844195 -30.283028 -8.153212 -3.1934955 -5.670882 -12.133106 0.1513079 -2.063503 7.4672766 -8.583156 -4.0289845 -4.2218823 1.5803517 
-306.08072 117.51465 44.800293 23.310398 12.033737 6.5880775 -4.782839 -4.1699467 -19.147743 -9.345216 -15.90752 -0.5452246 -8.347728 -7.845872 -6.479645 7.0860934 -8.453969 3.7049103 4.375976 -0.2906034 
-318.61874 170.28407 -2.1871543 13.364965 9.357522 4.5956454 -12.966632 0.45132276 -13.143924 -6.8804235 7.8323703 13.45997 -5.80659 -12.920521 -12.830658 8.430904 -15.674253 2.9643114 -3.7139027 -3.3440988 
-294.80908 136.58224 10.1039 29.71443 31.422567 -2.3201358 -27.588089 -12.9228735 -21.43311 -12.406587 -1.17742 -3.9945729 -9.873243 1.549048 -7.5632105 6.035239 -9.939351 5.4908214 -3.4150612 -5.6104813 
-270.775 120.12336 15.624357 24.461723 16.4485 2.4628067 -23.590187 2.1307473 -33.638447 -9.30903 -1.6593657 8.358115 -7.288378 -5.8867564 -5.6307683 4.51581 -5.0794644 -3.424757 -1.6967565 -4.8157225 
-310.7198 124.52058 6.2628565 30.778923 32.58831 1.5445358 -25.285637 -5.727776 -12.608388 -10.094176 -8.85161 -1.1428587 -11.727216 -2.8393297 -0.13365164 1.3304808 -14.226708 2.8812907 -2.0683477 -3.9077885 
-352.80505 129.84138 22.563198 36.444145 28.804783 6.36043 -23.570581 4.087438 -12.885471 -10.213688 -20.757702 1.3307998 -6.65574 -5.2525764 -1.1176575 0.5458057 -6.912553 -3.6482518 -3.762658 -0.1180706 
-351.02994 169.43512 2.9752836 36.17375 24.998978 3.260657 -19.667402 -17.355865 -21.367708 -14.990382 -9.372701 3.4985209 -8.114746 -6.076897 -0.89315075 12.698449 -8.3687525 -3.4484909 -1.9121938 3.0517511 
-365.53674 138.37216 20.575798 49.900757 24.450914 4.4303765 -12.988227 5.568632 -6.8758183 -10.591061 -22.48043 -4.561806 -6.4465847 -8.016278 -8.137217 5.9060583 -7.6278095 -4.9114227 -7.686036 2.7017548 
-364.29797 116.01073 21.22857 31.994303 6.4331117 8.302479 -8.386091 -4.1881437 -13.826939 -5.016427 -4.319296 12.052822 -7.9813557 -3.3912241 -2.9307318 3.2442062 -7.4077277 -0.43089163 -9.010683 -2.575988 
-368.80588 144.01622 3.985618 52.146824 28.186876 0.29625213 -11.278879 -2.6797087 -13.432044 -9.221348 -14.149851 -4.483675 -8.712866 2.5564723 -1.7222642 8.159108 -5.511863 7.827218 -2.1878161 0.171608 
-413.02274 145.75027 5.9585757 33.958992 13.49614 10.109197 -2.4315572 6.758039 -1.1151214 2.8387556 -7.613644 2.8323226 -6.679532 -0.42785648 -6.417015 5.296547 -9.114681 -0.31603077 -7.989916 -1.061975 
-423.02225 144.92659 6.867529 33.48404 14.520148 12.967617 1.424342 9.649837 5.04005 3.8508084 -10.088364 -2.6415 -7.821577 -2.2929804 -9.38641 -0.86257046 -7.9082727 -1.9202031 -9.022303 -1.0184261 
-460.88873 148.97784 4.8478947 28.483732 12.894964 22.439653 7.035886 13.874002 7.740329 4.7136426 -2.0785174 -1.8699648 -5.2425375 1.9593136 -6.3732247 5.647372 0.6467832 -0.8022236 -5.9726562 -4.303028 
