-280.02225 133.97493 8.124477 11.9499035 -8.727434 -6.1530175 -6.3846793 -4.807098 -20.425018 18.282919 -5.494205 16.972275 -7.2653484 -22.915684 -7.891959 -7.531988 -13.152784 6.228716 -11.482928 -7.452519 
-403.93848 137.06383 16.073257 24.723263 -7.6869082 12.629337 2.4601104 6.55935 -10.350751 7.116779 1.9623667 10.517672 -8.334299 -11.984753 -9.219799 0.7287505 -5.341692 2.6093924 -7.06382 -5.1637692 
-312.637 125.77504 49.393234 21.93298 1.5253778 -1.8273826 -12.440466 -13.381007 -20.208021 -16.208693 -20.401102 -4.671002 -4.685267 -15.599653 -8.956803 5.0739737 -11.121346 -0.3196631 3.4829369 -2.9956422 
-266.2346 143.76315 20.254156 18.62295 -3.5347018 -17.362947 -8.484797 8.287773 -7.6415505 -6.9213095 -7.027009 6.093449 -9.615273 -9.431051 -9.438511 4.041605 -20.265371 -1.7386602 -0.16663615 -11.63788 
-292.76184 169.0672 19.00527 32.329002 -0.88527894 -17.937416 -3.1820638 8.836532 -8.0423155 -4.4517465 -18.90984 8.87442 3.6121123 -3.698839 5.4061713 4.4705143 -12.1473465 -3.6197925 3.7501688 -0.28478098 
-312.6183 147.53276 11.245482 44.068558 39.50751 1.6382109 -21.050774 -13.303627 -19.900572 4.805963 -18.933973 -5.3611465 4.864496 -9.110691 -6.267813 31.83064 -13.528003 -4.834059 16.352974 0.4145016 
-347.37317 145.48938 23.166012 49.591606 33.853695 -11.179036 -16.506462 -0.7914316 -12.049734 0.84099567 -14.919627 -2.5084143 -12.50126 -5.135523 -6.844626 6.1088943 -9.349142 -3.3864846 2.919775 -5.046184 
-423.86285 136.99086 23.81347 25.67591 8.026786 12.604139 -10.546888 0.26421392 -8.187873 1.4522234 -2.3048332 5.7835407 -8.378669 0.37913215 -7.093059 0.39239678 -4.935735 -2.6887348 -6.4497466 1.4864432 
-392.0748 141.24603 20.287981 43.98129 25.338314 -11.77521 -16.599705 4.528417 -14.178357 -5.744801 -13.917956 2.147681 1.9311019 -6.3688717 -8.7765045 6.0483103 -8.978834 -5.5688467 0.09523627 -12.009054 
-259.49332 130.07777 -10.199917 40.064518 27.242039 -17.696123 -33.892273 -12.548515 -27.176907 2.4901319 -20.761255 -0.44517 12.733997 -21.587887 1.6113024 17.771273 -24.737005 4.567567 2.0397217 -21.316935 
-309.97668 84.16683 29.802773 32.71497 20.413477 11.226648 -17.626324 2.481576 2.6728966 -1.8915541 -18.528988 0.9167776 -17.100014 -1.8602774 -9.787352 8.924141 -13.609209 3.6033635 1.6238596 -11.534967 
-304.25745 118.55071 27.352564 -1.1319098 9.925756 0.9258423 -32.463406 -2.5909452 0.117578715 4.547511 -0.12833503 15.069085 -17.233263 -7.7930584 -3.8081715 11.224769 -15.358851 3.0079849 -2.6290398 -6.930741 
-342.8741 124.50122 39.42858 10.75812 20.038322 19.415165 -16.401472 0.5332501 -13.199333 -3.0035121 -4.7701006 10.008828 -12.850479 -8.739391 -10.244114 15.8179865 -19.645302 -2.107925 -2.8584754 -7.900167 
-325.773 105.156845 31.431953 45.188686 21.984291 6.388403 -22.299173 -8.073373 -19.580318 -6.2941346 -11.761464 6.274275 -10.42537 0.09812376 -6.1916065 -0.03582647 -13.251868 1.5134615 -0.28751865 -7.3611655 
-364.87405 159.47801 19.412489 32.769527 21.844296 -7.5367956 -14.041001 8.446907 -7.337639 -1.3058612 -11.223151 3.552398 -11.372913 -7.073288 -3.9566612 -0.42598474 -8.681491 -5.2957125 -4.671449 -2.2110968 
-390.72644 172.76604 14.930247 33.152645 33.412754 -0.8310776 -15.518958 2.9886427 -14.623718 -4.3464375 -10.856013 3.9779184 -7.482088 -8.047466 -2.4863365 3.8388507 -10.429135 -3.516385 0.765733 -2.8398046 
-306.64713 170.98329 -18.336628 32.7451 27.68142 -35.67454 -19.262207 -3.2297614 -22.46624 1.3640233 -6.613626 3.2342672 0.090886325 -11.113207 -3.0543547 13.33829 -19.677277 9.178078 -3.6698995 -8.084789 
-320.56027 164.17513 -4.6611967 19.043442 5.4983172 -24.38384 -16.132097 1.7163969 -13.225052 -1.7703986 -9.928149 8.294831 7.054229 -2.6415143 0.9387958 8.866505 -17.51782 -0.04720738 -0.1534497 -2.2257223 
-370.46472 194.95842 30.485762 38.88416 13.935207 -13.418857 -10.2554865 8.540978 -7.178252 -4.453253 -10.463829 3.2590017 3.806917 -1.7803279 -2.9203024 14.5626335 -1.6202171 -0.4284822 3.399428 2.2605863 
-423.96262 171.55757 47.15863 35.064255 13.518753 -4.968078 -11.2737255 9.181878 -6.713476 -7.477885 -7.9368787 3.6375453 -9.4738655 -8.594275 -2.8833861 4.6198897 -9.222116 -2.192803 0.37746462 -2.2791386 
-256.91852 155.6817 5.368082 29.465803 -8.166187 -22.597912 -17.694292 6.2604556 -24.335825 0.5572558 -24.394728 13.847358 3.2378345 -15.316938 -0.3138167 1.7232835 -26.134033 -8.436237 1.6527295 -12.24196 
-263.99838 163.17122 0.8488848 24.626448 -11.99988 -40.445515 -12.47394 8.558784 -20.870173 -2.4188075 -10.260928 1.5692589 12.169092 -6.178605 -5.300454 19.201115 -25.4772 -4.921988 -0.5845482 -10.83688 
-327.86868 140.23221 30.543922 35.830204 19.876564 -0.974864 -15.795909 13.095835 -20.280214 -7.7181973 -11.724654 1.9059919 0.24008349 -14.767521 -3.780093 16.752048 -10.625733 -3.9528875 2.3698413 -3.1056218 
-407.7838 157.77165 39.7916 20.312815 -2.1690838 -0.96326214 -0.3592361 3.997145 -3.196208 -1.7466531 -6.3459454 5.117192 -6.4900107 -5.665869 -3.358491 10.717157 -11.362942 3.56633 -5.7661858 -4.3753586 
-277.7282 185.18513 -37.030613 -3.643481 13.1402855 -22.497004 -21.411142 4.066847 -4.098692 2.6760263 2.8636258 23.985994 -14.060325 -8.857685 -15.456368 3.8326917 -9.139111 2.0969276 -3.7157102 0.5600345 
-397.3744 162.27937 17.789818 32.16195 20.61025 -1.8733894 -17.399178 -5.75664 -11.804624 -3.7059665 -8.471081 6.171737 -0.5012419 -4.2193947 -2.5325565 7.540327 -11.768562 -5.050623 -6.2197456 0.73373616 
-398.9456 167.808 26.989738 21.580805 3.061175 -7.0545254 -9.020414 13.738041 -1.0077151 -3.128211 -9.66901 17.012987 -12.12464 -11.54338 -14.535383 -2.0656805 -10.0178385 -5.7295027 1.1565845 -4.08472 
-422.44217 161.18053 29.144552 41.013157 18.07457 -1.4469287 -9.356463 -16.569983 -20.123955 -6.845231 -12.710793 7.5941486 -4.815145 -8.920048 2.4735465 13.586824 -9.96844 0.35988098 -5.363547 -4.516581 
-407.47565 141.59073 16.48233 26.194723 10.193246 12.55889 -1.609097 4.82627 -6.6840887 1.3265086 -6.6488647 2.1972575 -1.3554758 -0.2795263 1.2318664 9.316303 -6.5327344 -3.5434332 -9.4045105 -6.204779 
-388.7716 151.73209 -1.7820494 19.640118 4.895438 -6.819687 -7.065882 4.1427054 3.5126567 7.448946 -0.4196962 3.5622427 -9.188052 -15.123995 -2.30311 4.3788114 -7.1236224 1.8432086 -7.4967403 -5.0432615 
-272.5298 161.81415 9.283245 10.026665 1.4654001 -9.591984 -18.534063 -11.366407 -19.22076 -7.0372586 -6.678531 7.890113 -9.014797 -11.442327 -6.6897655 8.940667 -9.898021 1.7548358 -4.0288463 -2.3446174 
-330.80505 173.10568 8.682268 0.97741807 -2.4543371 -13.77772 -15.265427 5.255381 0.763557 1.5147929 -3.4060822 12.824314 -2.266017 -8.176356 -6.9238 7.7876773 -7.9152503 -1.1394334 -4.2332406 0.68728244 
-287.47528 168.86638 -12.988886 -3.6410468 7.819431 -25.707897 -9.758222 -0.6789037 -20.190834 3.5933619 -5.1150036 17.83748 0.30239978 -9.734435 -12.167565 5.6597257 -11.683102 6.11193 -7.954633 -5.601738 
-357.15686 106.350815 43.304585 38.481525 32.660606 -5.2629204 -25.835508 -6.153963 -6.9951024 -5.652052 -17.286808 3.7561789 -10.484802 0.9512664 -5.2488623 7.257286 -12.156719 20.76961 -5.061095 -11.674639 
-313.84744 67.88231 31.067583 63.942307 26.448214 -10.192128 -25.084225 7.3062863 -7.047734 -8.816652 -17.437918 4.7506347 -12.313645 5.586966 -2.1653109 2.6441054 -8.513067 13.416782 -9.644907 -5.1989994 
-334.7731 162.47968 1.3304179 32.81735 25.66381 -19.411278 -28.044518 -2.4400785 -7.8676386 -0.44252217 -5.0353665 4.9558725 -1.4967251 -4.8754616 -1.5907072 2.5004642 -11.07971 0.5237529 -6.222158 -4.271187 
-358.151 163.27246 9.793539 31.051003 -5.0261 -19.846243 -9.452046 6.9209313 -8.543075 -2.6003757 -7.371194 14.207523 0.18625021 -2.9917192 -5.621196 5.9150476 -13.813994 -2.4554522 -7.534495 -0.052009158 
-370.88052 112.65013 26.500645 58.079266 25.119469 -8.728675 -17.581059 17.068907 -10.069558 -0.62177545 -18.825172 -6.4252963 -12.169159 5.3338046 -6.9405413 -0.7834178 -16.585014 4.181179 -11.439757 -3.2355995 
-332.96985 152.27039 -1.5932287 48.22422 49.737774 -16.035759 -26.023262 -5.352029 -17.439789 -0.24948788 -19.397291 -6.855782 0.31360552 -2.6685824 -9.987667 14.352325 -8.364239 6.2778416 -8.244543 2.0863042 
-368.8629 143.1938 41.27703 26.042902 22.478586 -14.713596 -1.4811006 -1.3952428 -19.366444 -8.690891 -13.000921 -1.9969678 0.53199494 -3.292319 -7.7120056 11.106016 -1.4261613 -2.9812577 -0.53338814 5.0721493 
-356.98102 179.00377 7.307968 18.293644 18.45991 -14.624272 -6.6120625 -11.758969 -15.027742 0.11068323 -3.1264002 12.580508 4.095221 -10.932529 -6.5256968 15.187875 -8.612784 3.8628018 -8.991056 0.52042145 
-414.2674 165.66899 9.617142 18.83409 9.212989 -4.707496 -13.644587 3.7274022 -12.313273 3.0211604 3.2095232 15.364197 -6.525408 -10.263729 -15.308829 2.8216004 -7.6392026 -5.505048 -5.0100455 -3.6088126 
-421.76913 87.14094 59.34279 22.400133 11.400793 22.218845 -1.5502462 1.6343206 2.0340636 -6.9689856 -18.325508 4.415203 -17.37806 1.9089898 -8.769558 11.833165 -19.172983 1.7214627 -7.418497 1.2170824 
-435.9545 117.11996 2.28111 36.254074 13.188759 3.9030402 -11.171708 9.242159 -3.848 4.793227 -10.705208 5.535848 -7.685713 3.422128 -2.443167 8.71465 -15.0344715 5.1773295 -8.992995 -3.9612215 
-311.64673 154.10263 -2.9316123 12.306721 4.6258693 -5.797164 -17.71867 4.184295 -7.8604636 9.060972 3.5873227 7.006719 -10.444027 -18.657572 -8.688256 6.617658 -16.250702 3.925227 -8.525895 -7.9684186 
-260.47903 150.36285 -7.4101963 15.749603 15.999859 -5.029353 -32.914925 -13.611606 -20.597473 -1.6976862 -10.389057 8.236203 3.222889 -24.065855 -2.0843298 21.23972 -27.005493 5.550739 -2.9929082 -14.225486 
-338.14084 95.019806 40.014477 40.971565 20.399733 14.454108 -14.079096 8.863072 -13.664539 -12.252122 -11.050031 6.439632 -20.169735 -7.7409244 4.926673 7.9061007 -23.073406 -0.78339744 5.0468984 -17.586226 
-264.54626 142.23479 -13.883662 17.945955 2.342479 -9.328255 -27.725792 -2.7173052 -11.34258 -0.9794532 -3.1384475 11.129265 -2.1772308 -9.936468 -8.240383 10.919875 -22.230337 6.59432 -3.9221637 -9.693064 
-372.27948 178.17029 15.166722 12.289425 0.0126406355 1.6879904 -13.474979 -0.3592384 -3.4438229 0.37981102 1.0135486 9.202465 -4.012745 -14.537752 -16.5013 -1.1162754 -4.0275903 -2.2765024 -1.163405 -0.7365775 
-359.7458 181.12598 11.936786 27.576538 6.1770706 -7.646197 -23.043394 -14.401315 -15.174252 -3.6561148 -1.8294427 9.317757 -0.44838932 -7.5970755 -4.4946156 4.212315 -10.922878 -1.508565 -4.65748 -2.4605842 
-345.93118 172.14256 7.6779337 36.650253 26.765295 -15.681172 -22.247074 -9.931195 -14.486507 -0.3774946 -7.4385586 6.983807 -7.2543554 -14.3055725 -5.603786 12.115059 -14.396069 0.296221 -6.8791056 -5.8322554 
-365.77615 145.40994 16.928303 46.62891 22.933924 -2.9366002 -17.389069 -3.9299736 -12.931716 -5.6480827 -5.9464145 5.9974356 -7.514934 -4.3727984 -11.922199 1.6662532 -10.144948 4.5173054 -4.408882 -7.526635 
-388.8846 162.11235 18.176983 20.617634 5.8055606 5.110722 -12.647297 10.623529 -1.5714551 -2.1570294 -5.264705 14.435201 -3.022788 -10.000244 -7.677631 3.115159 -13.360046 -3.2587981 -0.44976774 -3.2515717 
-372.0527 116.625626 30.008026 48.83574 32.169533 6.364306 -6.663122 -10.647792 -10.785955 2.1144447 -17.381937 2.2019658 -14.72512 -5.5664577 -3.1148849 21.206427 -23.406048 3.586993 3.8855505 3.0608034 
-435.02588 149.05919 25.627218 44.02436 23.216684 13.438561 -5.6510043 -4.849545 -8.011221 -1.6419342 -13.028236 0.6832091 -11.71237 -4.779904 4.10623 6.143452 -12.527631 4.5795574 2.083804 -0.18532763 
-413.8556 155.43419 23.221909 31.001503 10.319477 -5.8789425 -19.095734 -7.685413 -11.220881 4.661463 0.0102318125 18.264845 5.894282 0.48832962 -10.075307 2.567129 -15.386027 2.1845274 -7.4954376 -2.431555 
-387.85992 163.19647 26.410357 31.282488 1.5184394 -10.151722 -12.069602 -11.016173 -13.731656 -2.6675873 -1.3965921 18.359081 9.443989 -6.5627313 -7.2380195 7.7794013 -12.090366 2.2817307 -7.0700474 -10.362064 
-390.05658 136.0006 13.809756 13.182722 2.0381196 4.6999264 -18.220675 -1.9282532 1.3563503 3.766363 2.7847176 7.378576 -8.231304 -7.4594812 0.63969314 8.913866 -7.290962 4.5861607 -9.618115 -5.5806365 
-289.72723 131.58173 29.751732 -9.827513 -6.277384 -0.567045 -22.085632 -2.300941 4.0682273 1.5420516 6.776346 13.741859 -12.635707 -8.35694 -7.2887015 8.622339 -9.495245 2.3654327 -1.3542287 -0.7601138 
-274.21887 168.84782 7.0161624 21.311089 5.973933 -3.7021496 -17.632639 -9.371678 -18.468027 -11.548835 -1.256207 11.495415 -9.424105 -10.843831 0.36042368 15.710153 -13.835419 7.190712 5.2253194 -10.369038 
-289.40637 164.16191 16.332237 3.9823074 -4.3359523 -14.520935 -20.671064 -7.428343 -7.7019076 -5.2623158 -1.8996186 11.955409 -7.473875 -14.985509 -1.2823699 9.185775 -18.36016 7.3761806 -2.009753 -7.8247757 
-273.32117 157.5816 17.90818 6.42929 -3.049922 -15.864539 -21.918028 -11.919672 -13.767287 -2.5302806 5.29777 10.542754 -11.126811 -16.220762 -2.777459 9.206923 -19.326921 14.852881 -5.124588 -13.058895 
-295.97754 154.09982 5.6165457 28.943237 11.380424 -11.657121 -18.664948 -22.631489 -40.295525 0.35530716 1.0626155 4.154444 0.17572276 -15.219616 10.231668 20.651018 -21.608126 6.385072 0.71699876 -21.33088 
-396.61795 130.56337 19.26971 39.409386 18.007338 -1.2052674 -14.049833 -3.862981 -14.143282 7.688013 -12.603808 -14.374522 7.585844 -9.33353 -8.486286 14.26392 -14.819492 -2.3708487 -0.42764208 -12.389609 
-336.67197 162.48355 24.58135 43.42667 9.061613 -10.111642 -14.878154 3.0887282 -18.802507 -9.253902 -13.781455 3.5592585 -3.3090963 -12.7279625 -3.8357763 13.841553 -16.845463 1.354887 4.426195 -8.214502 
-358.69324 121.13022 50.578903 12.476835 14.402266 7.0058126 -9.9736595 0.32755893 -18.84676 -8.802416 -7.5590343 10.486698 -8.367649 -6.6319656 -10.42651 12.978042 -9.575629 9.358042 3.6153886 -8.097073 
-334.62253 151.4285 6.0116735 21.236277 17.60151 -3.9547899 -35.884663 -0.11390591 0.6804135 11.098636 4.56859 9.95393 -3.3401763 -2.2118688 2.0438292 11.673332 -10.049242 3.4704454 -0.71933764 2.8689685 
-371.6065 163.14789 13.988975 24.224026 2.5777028 -5.978567 -12.220677 4.998222 -8.457247 -5.126726 -8.275549 1.4103336 4.9739275 -3.6118524 -6.947782 11.011327 -11.212248 -6.5170403 -1.8433175 1.29012 
-374.36176 154.2681 25.865547 35.365234 5.5630255 0.5338458 -23.193403 -2.1987 -10.164947 -3.428439 -7.4385657 11.430454 -5.895351 -2.83945 -6.3090844 2.9705467 -14.284044 2.6373508 0.4203734 -3.2804205 
-381.54666 171.91808 8.130863 14.106187 9.717655 -6.232839 -15.134037 13.049297 -7.0599756 -0.493909 9.548851 14.355238 -18.440086 -10.989704 -7.279314 3.1513672 -2.2312427 10.347816 -3.3085225 -1.5977387 
-456.91928 130.47 31.255178 24.78986 2.598541 14.300045 1.106791 10.359471 -6.6670218 2.8483424 -10.6828985 -2.1002226 -9.049646 1.6737306 -7.7395487 4.134328 -8.756573 1.0160495 -6.828831 -1.2249124 
-359.41013 139.88094 15.506821 20.336033 14.481325 -8.493404 -16.443935 -4.9456916 -11.486794 8.282524 -12.574583 4.7117414 -12.117375 -4.3986773 -1.8013968 15.124605 -12.782324 -0.59243876 3.3003697 -0.9942109 
-266.76443 181.65521 -37.835464 -4.4083385 -1.9436711 -23.016762 -13.262794 12.984485 -8.091488 5.187217 -4.406096 21.454535 -4.94 -13.835163 -12.915913 7.1452246 -6.354178 8.420389 -1.9160849 -0.5855942 
-448.6075 136.29758 19.632782 26.140501 4.684588 13.60057 -7.3006296 5.676992 -2.46498 7.2516794 -2.4437823 5.1683087 -8.979631 -3.353526 -8.386349 6.194348 -4.8724556 3.488037 -3.8494105 -2.2802572 
-341.97708 132.90373 -10.471666 50.518936 47.001877 -29.702349 -31.67607 4.110401 -12.351214 -3.1667337 -14.533732 -4.9796453 -1.8596151 -6.3826694 -5.058208 5.7989163 -8.697663 9.857302 -7.246557 -4.82801 
-394.78232 132.26894 9.278113 60.156704 34.24336 2.1071086 -11.431267 5.530588 -8.249826 1.5164227 -13.707691 -6.559642 -12.904467 -5.6071854 -11.503128 2.964589 -4.8140383 5.3391414 -7.1126328 1.3296103 
-335.30502 185.01703 11.849343 28.72467 -8.006003 -26.347984 -20.574995 2.2370079 -7.8263855 -2.7353158 -0.25563207 7.339675 -5.3268394 -6.9976115 0.94189286 -0.32738563 -20.30294 -2.069154 -2.0457408 -2.27432 
-351.20663 170.4393 9.819936 21.189756 2.7024598 -9.298725 -16.939272 3.1548688 -1.43576 -1.0889488 -3.7639046 6.999981 -7.2737603 -7.2068906 -8.900864 -1.808776 -10.255137 -9.880834 -7.6732583 -1.9219831 
-311.40396 165.61726 -5.9483256 24.589779 19.592857 -9.930346 -23.293003 -6.9369483 -18.062433 -0.42521653 0.3735808 4.6976604 -4.988844 0.7473866 1.5713023 7.5525403 -10.573848 -2.092005 -1.9501063 -1.345139 
-353.80673 129.8643 7.2437534 34.141277 20.04246 -7.819613 -20.945007 -3.908657 -5.8414993 -7.370045 -7.3326635 10.560962 -5.2563467 0.037867945 -5.601181 6.5929 -4.7379375 2.5699148 -6.3765006 -3.643469 
-378.67255 135.4361 18.669756 38.30497 9.743216 9.233385 -5.6813555 1.5727745 -5.396105 -1.4763273 -19.421455 -6.612742 -6.8221536 5.5753613 -1.6000378 1.5026703 -7.1908603 4.5091066 -9.506578 -3.1258037 
-388.3446 141.39417 10.233454 32.603653 13.040352 1.0913371 -0.40988743 7.033533 0.11106947 -0.12799114 -22.44129 -7.1266108 -0.78546625 2.3797438 -10.657407 1.4438099 -11.350926 -4.88352 -11.043969 -6.3198557 
-434.3187 126.88974 9.948447 37.409035 16.925438 7.328964 -7.3130426 -2.1309977 -4.895428 6.6962094 -10.8536215 -2.1839058 -1.4818577 1.958992 -4.3867826 8.667862 -7.1701183 0.015133116 1.1293594 -1.3695573 
-386.4098 132.03607 7.700304 17.359337 15.891778 5.454629 -4.6275907 2.6562169 -4.8910117 1.9750216 -8.154108 1.0396676 -8.44588 -7.160424 -11.57618 2.4225092 -9.768006 -2.27055 -2.5894716 -1.6969184 
-348.26083 147.5766 -1.420856 16.873264 -9.365407 -2.335487 3.158019 8.554024 -8.517675 5.176749 -5.907999 7.129146 -7.462121 -8.509803 -13.519228 3.8437276 -11.161394 5.3614326 -3.3666909 -10.101082 
-348.91843 126.97229 44.188957 28.323372 9.277462 -11.992007 -8.086839 -7.5154624 -17.35902 -9.825916 -18.190992 -0.6299629 -4.2234325 -6.6208444 -10.713873 14.154835 -14.554108 -0.96032596 2.4265566 -5.0484385 
-297.53546 169.55705 26.804518 32.6886 4.70776 -36.687275 -15.191303 -1.2985308 -25.958292 -3.1009684 -7.5521994 5.1434207 0.08500025 -5.445127 -5.775622 8.834603 -10.358101 -4.6650414 1.6813798 -8.776641 
-324.28796 159.44394 30.143778 33.593212 8.857753 -21.409817 -5.00218 -6.019711 -27.4314 -3.3269053 -7.3430524 -1.2811847 -6.405447 -9.701135 -6.258413 15.09547 -8.221155 2.500399 4.937067 -6.810993 
-320.28723 129.63406 13.946088 29.38446 26.055895 -14.260296 -20.687382 -2.6270697 -5.015345 -5.4806194 -18.257912 -3.1904573 -1.8400675 3.16977 -4.678122 8.673811 -4.0396786 5.29523 -8.408207 -0.6105537 
-288.18954 134.36212 16.342781 30.606398 28.245625 -19.122139 -15.113671 -4.53669 -9.1075735 -0.048295073 -12.49437 8.148471 -8.058192 -3.3438606 -4.2965503 10.4460945 -18.10947 0.65834445 -5.5679536 1.0615306 
-295.08734 116.4131 21.748646 10.816179 -0.17726558 -10.458882 -15.112942 15.711507 3.929524 -3.499795 -8.3754425 6.8316293 -11.124507 -1.3584075 -6.8253174 1.298223 -17.9661 2.0305912 -4.7492414 4.339756 
-344.75034 168.95448 7.290344 7.0408406 3.3620768 -5.0443964 -14.447496 2.7689922 -0.7905123 2.5027757 -7.0948815 14.460135 -11.539007 -7.0151305 -14.549986 2.7738338 -7.3627834 -4.8209805 -6.234234 1.3189449 
-356.42514 119.41253 28.33242 36.75092 16.382072 1.1323265 -24.035906 -4.782658 -0.7326631 1.7904723 -6.9954453 12.922375 -12.479761 -1.4249158 -0.19182767 5.8634405 -11.986401 9.341234 -4.2744155 -4.9228325 
-356.3973 131.62035 28.585144 11.234528 23.591871 -3.401604 -17.308876 -4.14512 -7.8361087 5.700321 -8.438643 8.536216 -9.2330885 3.4783974 -3.562729 11.196738 -17.820944 -1.7776014 -5.447405 1.9744225 
-364.67664 160.68196 48.73686 43.555054 3.3852167 -29.638542 -25.81099 -8.5601635 -16.237309 1.665805 -9.914968 2.3310223 -10.678404 -2.899405 -11.177341 12.2531185 -5.53946 7.116794 -1.7498574 -0.10571904 
-366.87653 122.64784 43.649426 28.03289 5.0531554 -16.946499 -12.294333 -2.9216266 -17.505457 -1.298328 -13.790407 7.2727923 -2.6873178 1.4227772 -9.983599 7.275056 -10.269334 1.3041964 -5.5256605 1.4451188 
-316.04022 142.6298 3.5026746 46.198452 29.222391 -5.9558134 -24.125038 1.9780214 -12.387677 -12.258179 -12.513317 -10.877637 -1.1072378 -2.582475 -6.704794 7.041144 -9.906208 3.5110788 6.3262734 -0.48326716 
-343.97217 145.42537 28.260386 27.58253 18.031578 -0.66914403 -8.782108 -13.308312 -13.98927 -13.877855 -6.456217 5.6829667 -9.554885 -4.628409 -3.6738696 13.026364 -5.247992 4.246694 2.923104 4.302092 
-351.74475 141.14761 12.591167 42.14816 42.413666 -14.242364 -22.477001 -12.682201 -11.218325 -4.1362553 -19.678036 0.42307866 -8.442784 -3.762224 -2.1709576 3.9326477 -12.263754 4.511774 -1.1272386 -1.1977185 
-385.3238 171.21028 38.08063 32.756683 19.600552 -6.6160016 -12.825265 -7.915685 -19.906294 -16.286234 -7.64494 11.783699 -0.38319302 -5.9829006 -1.5899874 9.077242 -6.2075176 1.08175 -4.140616 -5.212136 
-353.2782 170.07025 32.543682 44.484142 12.987232 -23.431652 -8.772537 8.881117 -23.270973 -7.2680697 -6.4987803 1.8075796 -12.167705 -7.931876 -9.410198 1.1994785 -11.626719 -4.417385 2.4018645 -3.1619952 
-396.60876 166.13661 25.507084 29.625153 11.2776165 0.76792556 -1.8987422 -1.6201051 -22.044783 -7.1148725 -1.5240259 15.635411 -4.3989487 -6.0918 2.3715303 4.940922 -11.668085 -0.14810811 -3.720542 -3.4844158 
-403.36707 150.81522 22.887575 23.516714 4.396139 7.1172237 -13.289477 -3.2998922 -8.727733 1.6054242 0.9047413 14.514406 0.4185419 -0.22836801 -3.7194765 5.2557874 -7.9542356 3.4902894 -3.6511946 -8.06854 
-434.34494 158.1879 21.310362 18.803219 6.9566355 17.043417 -2.6907995 10.202354 2.6550198 7.0421343 -0.5404747 13.57378 4.601454 -2.8795183 -6.4164243 6.8673 -1.0014036 3.5024424 1.4739757 0.08295716 
-378.47183 133.05766 33.38735 -4.9341936 8.027462 16.137272 -6.782263 14.949387 3.811932 4.553223 -5.2372913 6.016353 -14.034591 -4.3156586 -11.314422 6.7479115 -9.847984 3.0489178 -1.2651875 0.8616016 
-309.86285 130.99374 34.085274 38.308235 25.126146 2.978763 -11.9344425 6.148612 -22.829529 -0.887757 -0.09757921 21.480343 -4.9495873 -7.507043 -5.1667976 14.007 -9.212245 5.56671 -0.34474528 -9.402566 
-407.20175 146.61227 15.082862 24.224623 13.594841 -3.0882318 5.1455383 13.147266 -21.738438 10.263126 -1.692115 8.20365 4.872855 -6.9687934 -11.800674 5.339541 -12.631132 -1.1523097 -3.6082191 -9.412823 
-467.41428 141.32623 25.096642 25.203598 9.007302 11.166482 -10.752086 6.488369 -6.562512 6.0617657 -8.042497 2.9668698 -6.485771 -3.012061 -4.667951 3.6621132 -3.3980322 1.6124624 -6.9668865 -2.3390303 
-262.95032 170.84746 -6.8813953 14.24263 -14.521395 -31.431393 -3.8516302 11.214804 -16.887495 2.4662378 -5.3031693 8.59005 -5.8226023 -14.347392 -16.940176 -5.7012386 -18.499735 -2.1891458 3.9060369 -8.779984 
-293.35434 154.30324 -6.438492 0.22516547 -16.214302 -6.883015 1.8609641 11.296623 -9.66199 4.01422 3.0217147 0.9535796 -2.8956385 -17.869926 -24.67483 3.1418388 -18.83961 4.1087656 -0.2791802 -10.360543 
-462.08023 141.10614 24.889076 31.97215 7.2237797 20.602081 -4.1692767 10.745039 -6.824474 -1.0716078 -7.7417483 -1.0363238 -8.247923 2.690706 -3.2021933 4.26824 -3.0237417 -1.0810621 -3.0874984 -0.7962435 
-291.3577 125.14786 0.23932055 54.879284 23.01879 -27.362251 -26.460913 -0.47379726 -14.444492 2.4038868 -33.19806 14.7905445 4.915993 -21.672832 3.6407022 11.321081 -20.686441 1.1216924 -1.3589175 -17.995298 
-284.03036 75.48328 33.457222 56.667522 22.725475 -0.23741998 -19.50802 -6.284283 -10.231916 -3.727885 -27.545061 8.072447 -3.547709 -1.6153499 -7.2510223 6.8859634 -15.260696 3.8690245 -3.1344023 -14.204257 
-324.5414 59.18356 43.880566 54.528385 19.187153 9.878321 -5.626821 -4.06785 -5.0782 8.459305 -21.941996 7.337048 -16.255005 -2.0081978 -12.144497 3.008895 -17.535603 6.378089 -2.8885577 -7.809387 
-325.73633 100.12908 26.962341 36.53821 30.663523 -0.8306378 -13.181213 -9.712277 -11.21057 8.400811 -15.32616 2.7760608 -13.980373 -7.6926785 -4.073713 15.06463 -31.866716 13.933808 7.4081745 -13.321413 
-320.0243 170.41556 25.914051 1.3030448 -17.96996 -13.070852 -15.150892 14.856096 -4.4338155 -2.2708244 -11.155171 9.981698 -9.705468 -8.974987 -9.554501 -0.07214107 -17.227343 0.9138423 -5.715241 -5.1201367 
-292.77582 142.02057 0.87499917 10.3496275 -2.8507357 -2.2703416 -17.971283 -4.186266 -4.0859566 6.1520367 -1.1783477 13.182891 -15.552654 -13.90308 -6.492778 1.8912765 -19.289827 2.1307552 -4.6529765 -4.2161007 
-297.04324 179.7526 6.324774 16.216068 -7.9291177 -27.445047 -19.737347 2.4266965 -7.342425 1.5978315 -11.42816 15.354799 -1.5453134 -13.24925 -11.004167 3.9967923 -13.856693 -3.7570207 -7.4710584 -6.5797896 
-336.2901 134.96028 35.961468 19.516043 0.55393696 -16.85832 -9.477617 12.570872 -3.9621744 0.24636316 -17.149996 13.323233 -11.019871 -0.3650847 -2.3592684 9.024477 -18.110771 3.6069107 -5.9750195 -4.6128387 
-426.3585 187.62195 49.843693 34.68943 -6.1477213 -12.871777 -15.125227 -3.4816344 -11.707937 1.4613813 -10.71291 0.18125528 -4.0494576 -2.5190048 1.2664808 7.2908535 -2.795925 3.52844 -3.9372091 -4.1354403 
-472.5427 150.34583 23.404633 18.948849 9.481849 7.206337 -13.353603 7.679596 -4.0806336 -0.4544594 -2.033255 9.0912285 -0.95807433 -8.541763 -4.883068 3.6047697 -7.2703357 3.3774533 -6.5225644 3.7689285 
-317.5639 130.41731 26.328115 13.507836 -6.689458 -0.5295304 -24.354538 2.0234704 6.6341076 2.044588 -2.238738 10.013844 -13.687714 -13.317686 -7.7780967 12.9284315 -17.162706 9.90858 -7.4659324 -2.1413915 
-280.82654 94.37537 30.153229 35.620415 10.403336 0.0008837382 -27.927605 -0.21456443 1.9906722 -2.1266756 -23.305346 0.17101479 -14.351162 2.0790262 -4.6696057 8.526097 -18.457527 7.7651806 -13.989908 -2.9295745 
-331.55447 166.9219 32.229675 26.485708 -0.9888251 -6.416537 -17.13038 -11.243639 -15.295739 -7.5136666 -10.376768 -2.8125517 -6.977315 -13.908581 -10.120924 3.9774373 -10.889313 -1.1604078 -6.192907 -7.780062 
-341.211 106.24318 40.621006 23.407759 18.129679 8.148843 -8.365613 0.7613978 -16.21383 -4.0918717 -12.333741 10.648365 -18.382637 -6.99164 -13.216223 3.9378717 -8.67756 9.539608 -8.543768 -6.6673603 
-352.25064 123.15909 13.035121 48.694626 27.954824 -0.855551 -22.712849 1.1199483 -13.294732 -0.10477999 -11.353973 -5.02826 -10.042759 -4.114067 -17.103579 12.15165 -11.96118 14.138085 -5.4255886 -13.927944 
-283.761 157.46988 -9.135093 20.263546 12.687739 -15.95093 -15.079359 -8.759134 -28.197104 -1.450056 -7.728062 4.5576196 -5.07502 -16.01388 -3.8355055 10.819923 -16.447859 5.7613883 -6.6287193 -2.8478103 
-339.75476 121.067 49.016083 12.212687 6.1797924 -6.2937937 -14.235411 1.4600286 -24.633839 -7.4867077 -9.522844 14.294491 2.6683896 -0.6058598 -5.7206507 6.4911046 -15.680917 2.372877 -3.8370428 -8.0250845 
-326.1681 128.44553 15.173431 18.709509 -5.257445 -4.7081943 -17.397987 17.06027 2.4801955 -0.079079695 -6.6489453 17.949707 -4.5356345 -4.333235 -17.496195 -1.6393374 -8.048084 7.1952906 -3.804698 2.1783805 
-414.52457 174.71884 26.233255 18.765116 -7.048586 -8.314202 -9.262983 19.680918 -3.6581519 3.9294755 -8.727781 3.4415922 -5.866226 -10.251124 -16.239622 1.2877203 -6.8371954 -4.6804333 2.6310353 4.8172054 
-428.8124 136.26328 3.2076082 33.435234 9.165142 14.379693 -3.4663076 6.008934 -3.4341364 4.2727942 -19.586447 -1.6145743 -6.6077194 3.1115248 -6.763061 4.834748 -7.8205433 -1.776875 -7.526186 0.5195596 
-360.4546 124.72918 12.3805685 34.54761 17.53933 0.97962296 -16.219172 -8.950711 -11.828249 5.4872637 -21.251778 -0.390847 3.1799653 -9.442621 -4.419518 7.9721203 -20.55267 -3.6185472 5.5501537 -11.824166 
-258.17255 155.49745 6.1934834 33.637066 1.3905759 -30.096392 -14.53603 -10.076626 -20.395973 -1.2510775 -24.466656 10.459871 10.921749 -16.082376 2.3797343 9.15078 -23.176075 12.32149 -2.8001387 -10.768354 
-354.67014 148.9095 10.241019 52.591145 29.138004 -14.8518715 -12.251014 2.8889759 -9.262787 -1.6064452 -25.79451 -2.4459224 0.1609487 -11.925983 -6.2700305 6.223299 -9.437546 -1.590791 -4.6882367 -9.763162 
-318.34595 173.05727 7.9474707 25.515614 24.326748 -6.4998293 -12.300536 -13.393882 -20.019846 -14.271664 -16.021307 -0.71858895 15.754355 -12.681711 -9.667485 14.551605 -8.95581 0.6876261 2.0134158 -0.8170393 
-318.6474 135.16109 19.607025 40.076218 14.503718 -1.8230803 -13.097385 -9.31037 -15.513373 -10.765014 -23.885519 6.0435424 6.2134523 -4.6425276 -7.144468 9.059048 -10.76183 0.15859741 5.5811744 -9.274305 
-273.22574 109.20719 1.5693582 33.946648 15.881251 17.087563 -7.061416 0.8354018 -16.106548 0.5631311 -24.234314 -8.412897 -9.198134 0.5888994 -3.0952713 6.126108 -5.0385523 -2.0765681 -7.0161743 -1.2431684 
-287.11008 104.401924 2.9395702 33.38719 31.671549 1.6908283 -21.214827 -2.6143606 -13.523356 -5.406238 -23.89302 -7.4782476 -6.506787 2.7498987 -3.5003824 9.918359 -6.3207183 3.6907222 -3.054668 -3.8094487 
-416.98074 135.00041 44.050713 41.55755 26.730757 9.211236 -23.963255 -9.0122795 -9.585484 0.8380308 -11.935299 6.989923 -5.0355167 2.0787315 -5.771992 8.946194 -13.415847 -7.1012325 -4.0016494 3.5308733 
-363.83755 121.9571 30.913086 9.253071 5.81158 5.3434954 -19.004692 4.628889 -1.297014 7.334566 -8.102421 9.03249 -6.100995 -5.0384455 -12.58369 5.121916 -8.559955 3.048986 -11.377587 -2.0391943 
-342.50476 169.0657 10.62321 13.860043 20.84468 -3.6072786 -28.331558 -10.477213 -9.298573 2.9572284 -8.034541 10.457584 -0.31855854 -6.921413 -14.6019745 15.624915 -11.077436 -5.932468 -10.026365 0.36224562 
-335.18268 106.554794 21.36961 48.68264 14.304901 9.609587 -19.47764 7.1374044 -17.721489 -6.6894474 -11.957294 4.4001226 -1.0304242 -7.4288397 -5.179964 8.234457 -8.602757 1.5495292 0.97536254 -1.3067193 
-370.88293 73.97829 54.085743 48.665268 -2.595511 10.635951 -6.876444 3.2849426 -12.973393 4.515953 -16.237034 10.016896 -9.055028 2.2638502 -4.994459 12.239511 -7.0182676 7.070766 -3.9596405 -0.64902174 
-456.50623 125.68217 31.72736 40.513596 1.133596 17.342375 -7.8213215 -1.726736 -14.640959 3.64248 -14.27721 -4.366176 -10.796993 -1.8856602 -3.9379268 4.9752936 -2.09177 2.6541605 -4.5881195 -1.9824352 
-464.5032 153.02771 16.823729 20.438843 -4.0282235 9.104748 -6.436425 4.568339 -6.9041605 4.1185765 -5.7356586 -3.4604914 -7.304903 2.795383 -1.5065726 -0.62550664 -5.4037232 -1.0539327 -8.749409 -1.5844855 
-364.08362 169.36934 -3.0130827 21.819986 19.516655 -12.792804 -13.106145 -12.380632 -17.781033 -7.29639 -13.631573 -2.026641 -11.276992 0.6038518 2.1635284 12.087788 -5.746378 -3.6888835 -6.01375 -2.0938747 
-330.89517 141.80437 -0.66605633 19.501448 9.360295 -17.857082 -17.803833 -12.556095 -6.3781796 -7.3867745 -5.478959 6.924081 -10.359393 -6.0709662 0.9464355 7.281361 -7.208193 -4.2421236 -4.1560574 -0.69692487 
-314.5361 145.62633 1.8413348 18.637209 3.8123174 -3.2847054 -11.369263 -6.672621 -7.9161234 1.319802 -0.1146014 7.893219 -20.999 -13.451351 6.7184024 -1.7719926 -20.414043 -9.793449 -9.486584 -6.223017 
-454.8755 146.6672 12.367691 9.645184 -0.98024726 18.176483 -4.668151 10.433437 -7.5800467 4.410696 -10.74518 2.6752498 -14.114441 6.645451 -7.1720853 -0.39975506 -3.1374729 6.258375 -7.6435275 0.38635588 
-337.04373 151.14116 17.068851 19.854626 -10.243519 -23.896587 -6.904006 -5.843155 -6.2741256 -1.8029665 -4.837886 8.53779 -1.3930211 -6.0911975 -3.0746253 3.6750019 -13.201552 1.2027273 1.2906284 -8.082281 
-243.98863 160.46349 6.2991204 11.917709 -8.726981 -28.424564 -5.8296394 -6.470229 -7.476276 -1.0981394 -24.438652 12.522573 3.8019435 -4.1928697 -7.6930585 8.072411 -19.394882 -1.9475172 -1.4851938 0.061391592 
-236.60834 140.95244 9.635059 33.276894 -15.575034 -13.290695 -10.738449 -8.07493 -30.903114 -7.2011237 -19.67881 12.831196 1.7957017 -18.839985 -1.0971038 13.046234 -28.692654 9.394109 2.1182132 -13.574657 
-300.45264 169.75359 15.46246 25.910982 -11.417815 -21.746094 -14.003492 6.882101 -16.186337 -5.451188 -14.854113 5.2596455 -2.7045336 -9.666079 -6.4705787 -3.328226 -15.878939 -9.891898 -3.7962782 -13.164424 
-248.40045 157.76947 -15.367793 1.2463148 -2.6156046 -14.024967 -19.735512 7.494582 -7.6785083 10.65855 5.0081635 14.69564 -13.326811 -16.38506 -14.754162 3.8056996 -11.034993 2.8317165 -9.27556 0.6188806 
-298.41125 92.00879 33.2479 35.66192 13.7078705 15.305006 -16.95028 -6.9347005 -9.637193 -0.69471174 -9.677059 5.469902 -17.97185 -6.953314 -9.849728 4.50918 -11.2992 5.7955875 -6.665884 -5.285248 
-367.46805 120.959335 32.35743 42.31957 32.26586 11.384777 -12.220478 -10.370775 -11.687935 -4.673322 -14.717833 0.51090026 -20.782219 -10.780403 -3.2835596 20.543125 -21.606586 4.7850113 4.2289495 -2.7870715 
-345.2622 43.583267 68.375496 23.92765 15.804572 23.69226 -14.676968 3.928693 -11.072357 -9.582889 -12.650349 8.85055 -22.270231 0.8837354 -6.5908794 15.876933 -18.48156 -0.64378715 -10.2168 0.57955813 
-294.9986 109.807236 31.814217 39.855343 10.554586 -15.000074 -7.3224216 8.609562 -27.552895 1.6814967 -8.404294 -4.1570053 -7.8427505 -12.916403 -5.671919 8.0421 -12.127371 -2.123955 -4.394484 -1.1837991 
-261.49258 117.84117 -7.2521796 31.809322 17.26214 -4.0749226 -18.346209 -8.312834 -9.427189 2.4846392 -14.3764715 -6.5462685 -3.714358 -0.8143923 -4.8994465 5.6593823 -6.358732 -0.3524623 -3.7713437 2.5585184 
-283.21213 152.3355 -0.7389649 30.127272 3.8932102 -21.175653 -10.087904 -5.6309156 -22.584402 -6.6518784 -15.982864 5.3262157 7.251415 -2.6703048 -1.4225898 8.995313 -15.871772 0.16671316 -2.582054 -7.6063538 
-357.74197 101.537224 41.120476 33.1122 19.218231 9.715247 -4.4073977 1.5566376 -25.709366 0.2759622 -20.112621 9.2798395 -7.946859 -5.119486 -4.140669 14.436632 -12.795759 2.2696092 -5.3386135 -1.9097729 
-376.9714 102.358925 47.13719 46.279922 8.735439 7.481875 -4.8881435 7.6728287 -10.519962 4.279744 -13.127718 11.309445 -8.2992325 -2.0035136 -6.0899982 6.223707 -6.8636374 5.505417 -4.1587853 -5.749577 
-417.71912 153.38907 35.187126 55.71569 21.78673 1.3564712 -8.683555 8.634961 -4.31964 -2.7285395 -13.299941 4.9481297 -8.940073 -5.8313074 -9.384625 3.720846 -6.9430447 0.8956566 -7.5182233 -5.163869 
-350.33063 110.01841 30.678999 10.280072 3.5937703 -2.0297565 -13.906143 -1.4890321 -7.2559032 5.1836896 4.433357 12.31015 -9.909378 -8.378604 -11.267695 7.080171 -11.646079 3.9787624 -11.021122 -5.217582 
-257.22467 164.88208 -9.76811 6.8514743 -4.459096 -26.356588 -22.345634 14.821674 -8.317251 -8.820259 -9.073164 12.830166 -9.107285 -10.576891 -14.122448 -4.099697 -16.055187 -4.7123785 -5.715681 1.0332026 
-292.8543 166.22614 -10.951588 4.8736277 -0.40148494 -3.1869829 -13.958197 -4.3667846 -4.2297645 4.140684 -0.09559907 15.3672285 -9.770863 -8.468931 -10.999588 7.9036307 -12.446908 1.9619651 -5.6991043 -1.9412962 
-358.17755 163.83766 12.898943 44.794678 21.93152 -7.460457 -10.852324 -7.7724404 -29.724823 -7.5600367 -7.2163577 2.5852332 2.0613265 -7.535311 -3.4611006 5.476261 -11.9425 -0.3717126 -0.42285872 -1.17969 
-345.1284 164.14586 24.828272 29.659101 10.772877 -4.3000865 -3.552676 15.625767 8.31172 -0.7548989 3.2899528 18.498684 -3.02819 -4.0446987 -7.556715 -2.8064117 -1.3888584 -4.1323667 -6.7047076 13.72988 
-323.7781 96.113754 18.638382 25.746992 15.467699 7.1811905 -10.393714 0.82489955 -8.071178 -1.0392661 -11.300724 14.713756 -2.7476065 -5.5201006 -2.8566885 10.0696125 -6.672449 5.173318 -7.140314 6.2029757 
-358.1936 140.02869 35.71651 29.66946 24.221876 1.4209169 -18.661373 -5.763824 -11.718792 -4.2016 -8.637888 19.766335 -22.85584 -6.8296866 -3.2261212 6.9094186 -17.908817 -2.1280632 -6.7357173 -5.835373 
-348.23428 64.02518 60.021442 17.31921 17.639791 22.9863 -16.78952 4.424149 -8.48887 -5.901782 -16.19822 7.036571 -21.298489 -3.6329472 -9.739795 20.544891 -2.923604 4.220689 -9.912261 -6.835594 
-319.89145 151.20229 16.7482 33.17254 7.333781 -21.924093 -18.536665 6.9780254 -16.010786 0.5129566 -13.742992 6.8609996 -2.7732925 -8.4850645 -8.292433 11.526657 -6.2108436 -3.75 -1.5885855 -6.0649376 
-342.7507 149.30914 30.133314 33.099403 13.663731 -10.832103 -7.6242046 -0.2474147 -21.642767 -10.435525 -14.002689 2.9538648 -5.2857337 -0.6749952 -5.2735043 12.565752 -6.0417233 7.658672 -3.5456789 -7.2148623 
-358.7956 134.6705 42.50793 18.468533 -2.0887518 -6.9641485 -8.978268 14.442503 -8.794087 1.2626811 -13.350695 6.911337 -6.2123237 1.894591 -2.044721 15.795144 -3.4460266 1.6669446 -11.031348 -7.6357064 
-385.64636 144.8073 24.854149 25.782656 26.39708 -1.530598 0.5470976 -4.0192227 -9.763488 -3.8674219 -17.011906 -6.5412617 -7.191875 2.1717918 -7.9101105 8.971241 -3.237258 -4.530718 -10.604539 -2.1993248 
-412.30774 172.6446 29.545633 27.078941 18.560463 -0.7776877 -11.002698 -1.014165 -9.738078 -9.592854 -16.673386 -2.6683302 -3.324803 4.8403406 -4.583619 12.342183 0.20819314 2.6146202 -6.536509 2.8935697 
-452.23083 141.3349 17.604744 22.244678 2.2384894 10.19438 -7.760604 6.915244 -5.148119 2.4654493 -4.2255807 9.405821 -2.4958384 2.1989877 -5.819002 6.0630836 -11.366287 -2.8362195 -12.8591 -1.5711217 
-392.39395 114.57903 25.15122 25.301569 8.551882 6.548446 -8.614357 -0.5964982 -13.601059 0.48127598 -15.254612 5.655016 -4.228731 -7.339081 -4.1358333 9.750931 -7.949962 -4.1327124 -2.5312781 -5.682008 
-296.65445 122.62756 11.297443 51.809944 32.2131 -13.565373 -13.711555 -7.8655176 -17.871302 0.044950552 -21.131691 -5.79496 -6.485664 -9.526943 -2.7229745 9.636035 -18.101862 -1.0450672 -0.15372345 -15.85812 
-282.13333 139.73106 -21.989574 16.392277 10.56198 -17.553604 -26.2948 4.7752867 5.07234 10.9305105 -2.9033394 14.766351 -8.32342 -11.944842 -7.067898 4.364061 -12.287881 -0.0476159 -4.1504517 -2.5555582 
-271.61343 143.01378 10.080082 17.208097 7.6467385 -15.306477 -17.205172 5.3406553 -8.991869 -1.9607887 -15.797984 14.386122 0.2087165 -2.9867516 -9.7556925 8.778805 -18.530193 -5.985092 -3.2910008 -5.4375143 
-336.37625 138.69043 -6.072495 67.20035 30.946878 -20.151299 -22.443253 10.000261 -14.567032 6.626162 -16.798927 -4.771721 -0.6928235 2.0970793 -9.65444 2.8765974 -15.903322 -3.8687816 -10.4948845 -15.568821 
-381.7915 125.68014 35.689064 39.69664 -9.871726 -18.62789 -22.236277 -2.1937485 -8.755171 -3.547289 4.4479504 15.94112 -7.9433537 -5.9581537 -10.894225 4.444205 -13.32748 3.238689 1.4471565 -9.311209 
-382.86694 157.43245 30.510136 1.7437482 -19.403236 -7.0727396 -3.9143627 16.587303 4.822714 -2.9662337 -4.3449736 15.2427635 -9.424122 -3.17186 -4.8795605 2.9022932 -11.185476 4.5060086 -7.78306 -0.90440345 
-485.72058 132.5766 28.546242 25.187508 8.454952 16.321896 -5.015598 6.1147304 -7.8669457 2.170787 -9.032586 5.1407976 -5.949664 1.4876455 -11.660653 0.21358646 -5.5397 -2.8860788 -13.041976 1.5830494 
-381.913 118.75167 26.40438 42.7845 23.896807 1.3151312 -7.039602 -8.275448 -14.099245 1.15606 -16.490908 -1.5771441 -12.208366 -6.047237 -4.9660435 15.515718 -14.164855 -6.0661983 -3.3059154 -4.578033 
-311.55286 142.12814 12.5507 44.698696 26.61401 -7.99206 -5.115293 -26.97961 -25.05053 -5.9861355 -14.478409 5.423969 -4.597726 -19.388916 4.527631 26.524105 -20.780125 5.3902874 1.5109842 -5.0467725 
-303.21933 150.08502 32.2563 42.833286 -0.93782735 -46.779903 -9.184571 -4.9632773 -23.713955 -2.366994 -13.549589 -1.7806212 -1.1595849 -10.3838005 -1.2439183 11.782223 -14.043456 8.801064 -0.48037112 -10.435746 
-273.31628 158.59682 -4.6453605 16.36946 6.559844 -14.855556 -11.374979 -5.0230503 -16.064213 -0.7697711 -1.0307746 15.796302 -6.1656 -15.224956 -12.519759 7.97662 -9.476551 -7.360407 -1.59385 -6.0890746 
-310.3273 153.48268 -9.185685 30.16449 24.408455 -16.468252 -14.067723 -3.0290735 -12.51012 9.023835 -10.460045 8.420123 -3.9696515 -12.437164 -1.9932113 8.0707855 -18.759705 -4.1935825 -4.2775054 -2.7794445 
-365.15125 137.52281 23.314812 50.852146 29.00582 -1.0863252 -7.209978 -10.873923 -19.24711 -2.3368554 -19.082457 6.725445 -11.670376 -9.129899 -7.082037 14.409027 -15.307656 -0.5774058 0.078080386 -7.0051546 
-444.39426 114.79571 37.07158 26.659555 28.226896 12.575762 -6.1963577 4.8542414 -2.705944 -1.5801787 -10.677607 -0.66284424 -6.8564644 0.78758264 -8.11294 5.7476425 -6.4530897 -0.10565802 -5.693018 -3.4727614 
-316.67783 141.35457 19.694914 21.785254 33.528122 -20.65138 -27.003746 -12.942021 -19.321287 -6.0761833 -3.5161066 9.055124 -3.214547 -7.3900704 -3.4818695 22.838522 -11.594988 0.034489967 -9.490996 -3.6233585 
-304.55594 148.06378 0.42158762 34.985092 25.864288 -14.259983 -9.125261 -11.319935 -27.180138 -4.591817 -11.940372 8.320356 -2.1465466 -21.08845 -6.9709625 19.028893 -17.562151 0.102059156 -6.687898 -12.192738 
-445.37793 134.61398 12.30076 29.127645 9.825308 12.756664 -10.455754 7.313169 -3.275425 -0.9302706 -12.0455475 -0.9834764 -5.018346 -4.3050976 -4.7068243 2.9398453 -4.732518 -1.4107339 -6.209348 -4.7491856 
-316.73523 153.0375 10.65635 -1.6648176 8.27694 -1.6419299 -16.398514 3.4723425 4.3827343 2.8367052 -2.6853955 17.732061 -15.527157 -9.129628 -9.595257 -4.882965 -16.451714 7.714408 -7.3615046 -2.424551 
-403.0085 109.35613 27.313118 36.873856 28.462803 7.2987485 -15.955917 3.5674794 -6.469039 3.0576098 -10.075312 -1.1100339 -13.295605 -1.5976206 -7.371633 5.6159587 -9.8078 6.290747 -2.2531052 0.44950402 
-412.81522 95.4144 54.3959 56.82734 14.656664 17.967258 -1.9234731 2.7726927 -7.765074 -2.0652452 -18.980766 3.8260198 -13.127233 1.2074375 -7.589482 4.5800643 -9.664135 3.9664645 -8.493809 -13.982427 
-416.3709 128.77185 49.64824 57.803387 22.481192 7.119934 -5.300568 2.6391582 -10.705289 -5.619124 -16.153322 0.9069568 -12.204514 -0.56262714 -9.896254 0.20423539 -9.547367 -4.797967 -9.280615 -8.603314 
-330.11652 105.64133 19.870165 41.898964 48.697754 -6.9731817 -13.621759 -11.02486 -11.670031 1.262086 -18.77755 1.3039308 -9.661409 0.21686023 -7.0558753 10.267378 -19.521654 10.03043 0.8243758 -10.074001 
-312.6612 126.282875 17.795786 19.86806 32.074997 -14.190452 -26.331984 -11.543424 -25.881945 11.111599 -9.360289 13.929348 -5.390024 -5.8760605 -9.191843 19.610819 -10.585384 -2.4941669 -6.1872697 -1.9275273 
-342.68158 131.4548 33.16546 12.794837 6.4077835 2.7780821 -19.153599 7.4154377 -0.1051312 -2.8371263 -6.1420317 17.014553 -6.524445 -10.52995 -12.18005 7.360132 -12.934887 0.254965 -2.8052363 -1.4961902 
-430.17953 150.77362 12.641878 45.1612 25.275578 0.0720431 -13.05036 5.6919994 -4.2748685 0.88790447 -13.331299 -2.036645 1.9107732 -1.1681348 -4.48306 -0.030933328 -3.6654134 -0.9525908 -10.689801 -7.0463443 
-382.39462 108.12972 50.121727 27.126587 5.9220667 3.4512956 -7.0543847 -5.821204 -9.150985 -7.128141 -16.33222 6.7106357 -12.509599 -6.357354 -14.27998 11.084202 -10.075254 0.15065421 -2.938917 -0.4652962 
-344.55054 178.37553 -0.24087673 20.113064 18.18674 -13.099504 -17.641676 3.7021892 -14.420956 -1.587465 -9.233427 10.0897665 -4.8268085 -3.3614972 -10.51582 0.97829205 -12.371751 -9.552835 -2.9986398 -4.5374284 
-283.52502 115.394394 0.9279306 34.365837 22.01931 19.237617 -1.0796634 8.0166235 -9.818525 6.33247 -14.194614 3.341441 -7.2379794 -0.9892898 -1.7971323 7.358806 -7.6567307 -2.5398483 -5.8883786 3.4274104 
-321.97864 107.243935 18.254587 44.273888 38.496357 7.242798 -19.791355 -4.80051 -10.297792 0.49918187 -22.232107 -4.373603 -3.796836 -6.078043 -7.4725876 6.698368 -10.771088 -4.022437 -11.538477 -2.9724119 
-267.6911 130.39645 18.120102 28.04757 18.745457 -9.836262 -16.899399 -4.790187 -20.109037 -5.3506975 -15.371423 0.41349497 -3.8208857 -2.880854 -4.9324384 10.662799 -8.691445 -5.589342 -2.676095 2.517188 
-332.2478 83.01036 21.873533 38.17619 15.497953 10.504174 -4.047863 8.126279 -5.6706076 3.2234595 -19.261978 -1.6669154 -4.6830816 1.0235438 -7.897037 8.594694 -7.6475697 4.295683 -5.9863076 -1.514279 
-318.2587 83.70712 10.968181 26.539024 19.081676 13.705364 -10.769511 -2.9858274 -5.989276 2.1230097 -12.581737 1.1950978 0.08194998 -1.6831232 -0.9673779 13.2375555 -9.150471 -4.6100364 -3.1235518 1.6360545 
-373.7618 86.15841 3.359401 26.65542 3.572047 10.822033 -8.378766 11.143877 -6.3921905 6.164514 -5.8306537 4.4441323 -1.4971745 1.5475386 -3.6083431 5.548025 -9.765274 5.665847 -3.0765607 -2.7455297 
