-371.29358 141.26653 47.573456 35.959328 13.697308 17.190239 -14.078762 6.040166 -11.547756 10.608651 -18.735882 1.8967425 -1.9260267 7.6949944 -7.50541 1.1963768 -10.7379465 1.3668746 -13.562554 -6.5341015 
-313.91507 116.827515 -8.102231 66.19164 29.932634 -19.319614 -26.71491 -8.860958 -11.667987 15.386102 -33.34061 6.9786267 11.186797 0.74712735 -0.7448232 7.0737 -10.991481 -5.1527176 -16.324846 -9.80623 
-322.24426 133.67323 -11.940646 35.775894 -7.0864534 9.672448 3.7212687 0.54614884 -10.325979 19.068134 -15.047306 -9.408329 3.9850986 5.007053 -10.076733 2.8625534 -12.076122 -0.2810465 -11.194931 1.9422385 
-406.88635 153.3145 41.1213 19.547337 -16.196941 4.7284513 8.672209 15.656043 -11.632862 10.381094 -18.05398 -2.4858806 -7.7108197 -0.6792365 -11.1763735 0.03919146 -12.16893 1.4880743 -11.348821 -2.4073174 
-425.74207 96.66391 40.468933 41.481335 9.249487 26.51998 -4.022213 13.163881 -13.372247 8.542577 -13.470966 -0.18731213 -9.156689 1.6038699 -13.275301 8.48816 -8.788151 3.2424748 -9.562431 1.4405435 
-309.94934 61.28032 20.721794 79.419655 5.852669 16.098238 -16.338055 3.7333517 -18.596884 11.979168 -19.06783 -1.3721585 6.074697 13.688568 -18.483791 12.376252 -6.8717904 -3.6607695 -13.8744545 -4.9866085 
-375.62405 111.67633 20.496178 38.43981 24.27359 15.252825 -18.062355 6.294047 -18.601114 2.4906244 -9.846349 1.900294 -12.154716 2.2826223 -7.8165493 -4.304693 -9.518476 4.3124533 -11.06905 -8.627228 
-296.80823 179.08029 -38.79536 -2.4981837 -22.394264 20.080864 2.0428596 13.105218 -46.363293 8.984027 11.985352 -7.661989 -10.601179 -1.1269958 -3.19478 -10.007781 -4.563468 11.634312 -22.712732 -0.03805537 
-292.3146 116.37198 -23.391436 21.642775 -13.455436 22.341194 0.47604772 1.3668785 -29.074615 16.10985 0.21387969 -3.5635316 -11.67306 4.4746366 1.2331365 -4.28194 -10.800045 7.2400165 -17.584843 1.0651993 
-291.66586 141.34027 -28.016222 23.518063 -3.6470082 5.4255896 -1.321961 -10.777784 -42.969467 26.47551 5.4844084 -8.884529 -14.188679 6.7886972 3.4192276 -6.0177627 -4.8087764 0.64357114 -21.318169 2.4265049 
-379.1217 158.47153 11.682961 18.09992 -1.0930343 10.335632 -3.4194136 -8.954969 -35.358967 16.93534 5.1673737 4.3184896 -17.625877 4.4589458 -6.3144503 -0.99999493 -7.231079 -2.2176702 -20.526623 0.82483333 
-449.14325 123.74451 13.796749 28.045282 24.344486 28.121525 0.040308636 -3.2934268 -14.509639 26.807507 -8.285912 -8.33646 -15.410121 6.949612 -2.4158692 -0.31238985 -16.54745 1.1914921 -5.7464995 6.09425 
-432.50208 104.163345 15.04269 45.760174 11.54008 30.067806 -11.22658 12.076433 -11.12574 20.533478 -19.002754 3.3959265 -4.9129744 -4.6238794 -7.0558543 12.30553 -14.5626545 0.4639812 -3.0586529 -0.7810366 
-532.4517 149.41902 44.664215 45.847534 10.7538185 23.121038 -8.743188 17.183426 -9.139135 4.767603 -8.255666 -2.3360598 -10.78485 -5.9689045 -8.483684 2.339579 -3.5016835 4.788621 -7.593302 -1.1767648 
-473.17984 116.23092 39.742126 49.928223 3.26855 23.319048 -4.717337 3.1544685 -9.414293 2.532159 -13.434996 -2.78648 -8.690515 8.000771 -7.9213085 3.1162627 -1.9906161 -0.40977827 -6.273389 -1.0977535 
-238.33908 137.87187 -29.338766 18.778877 -12.600269 -0.5117225 -3.9716933 8.3675375 -35.744377 3.8217442 -1.7556225 -2.948885 -5.2877083 20.173018 -3.7134023 -8.559634 -11.065701 -1.4590569 -7.352227 -0.3292654 
-326.8296 144.22751 24.618029 12.593668 3.0588048 0.107154 -8.212436 5.5284643 -43.76727 -4.3289795 -17.163425 -3.5682492 -19.514404 6.112178 -1.4128604 3.7036667 -8.865491 -1.6103628 -11.026188 3.1766157 
-376.10428 178.39719 20.268484 27.494673 -8.162583 -8.631825 6.734088 -12.207298 -26.367893 -8.062792 -3.679395 9.217377 -23.363918 -0.19978756 -4.520682 -4.6045766 2.6790633 -3.058071 -7.804402 -6.559408 
-388.53305 166.19719 -1.1648835 44.483307 7.2963867 6.196605 0.9242172 -28.809492 -24.239151 -10.626368 6.4218173 1.5428805 -27.816544 1.049285 0.33116546 -9.713628 -5.2994657 -4.207267 -3.7425117 -6.3533416 
-372.27673 130.6347 22.478651 61.008038 25.662485 2.6708076 -14.673289 -0.52999836 -14.759318 -5.757498 -15.70232 -5.744093 -17.260962 0.4390724 -6.5038457 -6.740153 -8.708446 3.7164738 -7.396345 0.2605092 
-431.21628 164.57452 18.499704 38.46294 17.11396 12.539196 -5.935503 -9.507717 -26.215645 -6.1450324 -3.5720885 5.3447514 -25.232351 -3.1382008 2.1958277 0.26481554 -11.325255 3.1612272 -9.1913395 -3.6235685 
-384.1582 184.51555 2.190077 42.0648 -13.619511 -6.2595778 8.806431 -10.904132 -34.59158 -9.752712 1.2500716 0.029038588 -7.6243167 14.504917 -6.342247 -14.34532 -7.0169363 1.5507054 -10.854033 -4.9992185 
-430.7323 170.19537 28.045801 40.48598 9.174993 7.709647 9.413303 -5.526762 -29.9499 -8.944569 -3.8941574 4.56212 -21.086649 4.3950443 -4.968418 -4.525297 -0.47776932 -0.3966546 -13.218778 -1.9774295 
-507.33008 171.35956 34.59282 21.393547 5.424424 23.103094 11.410324 10.071362 -6.788576 1.6905874 -8.484669 6.247176 -10.750393 -9.265995 -13.425953 0.8791717 -4.0172796 -3.8093503 -3.582284 -2.3348732 
-562.11365 171.33702 46.484665 38.706165 8.671753 24.640968 0.73607475 10.251276 -7.4959345 2.9010808 -8.654556 -0.5757508 -6.382793 -4.739334 -7.138899 6.699529 -2.5188208 -0.876159 -4.893239 -0.47813797 
-528.6376 152.04532 46.464485 40.43896 7.8070188 22.43086 1.1135204 13.431715 -12.561162 6.280933 -12.203025 -1.032537 -10.292263 -0.7128506 -8.060894 4.3963504 -4.700703 3.8527002 -4.501903 -2.3494725 
-396.30487 195.99081 16.922905 27.881971 -36.588 -18.715422 5.1200094 3.3744857 -14.159053 -2.2154372 -17.121971 -5.5269446 -12.279205 10.300283 7.8679113 -8.106811 -11.128554 -0.7553828 -16.443998 -4.480803 
-317.3955 162.31458 -6.1716647 31.286072 -55.887688 -1.9695644 5.505207 -2.0373895 -23.642128 -5.1587286 -8.666847 -9.361727 -6.210183 14.511342 5.4736805 -20.243029 -2.280089 -7.7539496 -15.375286 -2.6276817 
-310.6312 114.39448 11.568272 35.55121 -21.526909 16.435616 2.824714 -15.90601 -47.63291 -3.8933423 -8.539761 -5.34912 -8.706043 11.925549 -7.878106 -11.202413 4.5555973 -0.92761284 -15.088331 -4.6881027 
-346.13 141.00848 40.371666 23.729332 -10.529049 -9.185488 -0.5834243 -0.47226667 -28.995401 8.280125 -10.678348 -6.6832366 -6.4155326 14.089157 -1.9568677 0.5002164 -2.0990682 -1.2601873 -12.355292 -3.1210794 
-347.2489 135.50119 29.196507 31.060577 3.1381118 10.135777 -9.225623 -11.860417 -13.207375 1.1235027 -9.0689335 -5.9707446 -13.085059 7.5221157 -4.3369904 -3.752925 -8.262067 -5.8569374 -9.008991 -4.0323973 
-302.11673 118.89535 12.44775 29.043541 -8.549606 9.08239 -6.5576644 -22.710707 -37.737755 7.723098 -6.435379 -3.6099977 -5.8463087 10.10752 -6.2709327 5.285423 -3.6096103 -3.9910376 -12.779592 -4.1882043 
-295.51706 90.36251 21.469088 38.312103 -10.7325735 32.76958 -7.052631 -16.735712 -32.884583 12.453445 -13.276104 -12.717222 -14.051544 15.025273 -3.8288167 2.7688322 -0.23702754 -2.4562945 -14.301429 0.14301436 
-352.71527 129.1793 -4.6484833 65.21695 1.9247 18.551748 0.5546905 -28.528809 -21.167128 16.866385 -11.337092 -17.023684 -15.399682 13.496542 5.4101973 -9.762018 1.5574595 0.75454885 -11.118039 0.6933871 
-400.5071 113.60231 3.1036248 54.204205 16.485832 28.175655 -5.5388 -3.961847 -13.63346 16.06866 -13.676852 0.046848305 -13.86658 0.39648843 2.8282502 1.0854945 -12.964088 2.0412962 -10.221035 -3.4869149 
-469.65137 126.87177 32.131153 42.352844 19.7339 24.057337 -5.134087 7.887228 -9.990787 12.017077 -13.507869 0.28137863 -15.304101 3.130511 -0.395203 9.277554 -8.712281 -0.04326778 -11.876907 0.20230167 
-311.3932 147.4064 -23.363657 29.410719 -27.60605 -3.0697508 23.016302 -15.840073 -42.65245 14.060954 -4.2884903 5.200849 -4.270945 9.538234 -16.676895 -14.097767 1.0925164 -5.8508577 -12.071488 2.515535 
-310.28375 153.50122 -12.656066 35.195072 -29.751722 -2.3274186 25.262604 -13.904819 -38.946323 15.821716 1.3051034 8.874942 -0.8186335 10.770588 -12.001047 -15.20752 3.367383 -1.1127698 -12.010738 4.3904505 
-358.87976 156.54012 -18.075552 26.252953 5.849056 21.250166 1.9261189 -5.237162 -28.495152 13.89225 -1.8040115 -4.7244167 -12.853894 4.6658306 -2.8969498 -19.116966 -9.013341 -3.5899973 -8.842274 -0.8520472 
-341.31677 134.05807 2.4883513 26.377035 2.6228566 17.8546 -9.695457 -11.545676 -22.874178 16.266878 -2.1024678 -5.43591 -16.562092 6.790671 -9.8205805 -11.424692 -6.9860625 -5.018877 -9.071919 0.166843 
-362.6346 154.36292 25.500326 12.661227 -6.959059 6.362107 5.399532 -15.287911 -23.723984 0.44105098 -12.624813 1.5016294 -9.829994 -0.5148823 -8.353475 -0.9420874 -11.897038 -9.339824 -11.552523 -6.087627 
-308.05304 146.22284 -31.675808 67.30261 25.103813 -25.986784 -18.361444 -18.19692 -17.478502 4.3212004 -19.458004 5.0404506 0.9324421 5.806217 7.164137 -7.4001684 2.5049794 -6.221871 -14.548733 -9.626983 
-446.81165 127.29309 11.3948965 60.978874 25.038143 -4.255017 -10.942921 6.9022064 -12.249542 5.2645903 -21.315516 1.1621318 -4.359744 8.7491045 -5.9738827 7.162763 -1.5112392 1.5495801 -11.045307 -8.013836 
-501.09946 153.80664 2.2456717 43.13989 22.211575 28.018167 -5.2770243 -1.8596988 -8.366786 20.086967 -13.505827 -17.310518 -7.7314854 7.0785475 -9.953435 4.080622 -7.315771 7.874283 -2.9840677 -5.3797593 
-543.32245 154.69427 44.569622 38.78798 7.854319 19.312641 -7.3330655 13.497548 -5.292807 3.686543 -12.238766 -1.3735265 -12.529575 -1.4343553 -8.151541 7.001932 -4.7542133 2.80518 -6.334454 -1.3986117 
-294.32513 60.602497 18.537334 59.497097 33.181156 -12.455383 -15.30848 -3.4824739 -29.288076 -0.14193375 -25.529207 -11.356623 -2.322937 7.1326547 -15.849562 7.2785034 -8.823696 -4.421865 -13.56549 1.431991 
-296.23904 48.2647 28.405802 81.30782 -4.701023 0.1361758 -5.62673 2.5485525 -30.371616 1.5311198 -19.411413 -5.9415727 -3.3932357 4.350719 -15.693412 2.7997384 -5.8249187 -3.3231895 -8.11046 3.5059767 
-296.18964 91.86058 -4.530974 80.9586 8.284489 -7.597068 -22.834522 -3.98495 -32.189682 -5.6038203 -15.713511 -1.6896878 -0.3729122 3.6112845 -9.827298 -2.4246798 1.5971332 -9.473367 -11.1713085 0.99809945 
-333.42377 137.60725 -35.48821 66.2778 18.09151 -15.062119 -20.742868 -14.958588 -24.39164 14.303351 -13.446938 1.4161505 11.339478 3.3776295 -4.7314706 -24.156807 5.5336475 -13.178225 -19.03148 -1.0678296 
-372.20886 99.58433 29.910196 58.53261 6.050584 11.871331 -11.601713 -6.1251254 -21.017582 9.831455 -18.63774 -8.95376 -4.09306 9.516393 -7.5206113 0.34087875 -2.8192444 1.6351737 -14.912118 -10.988578 
-318.33362 117.42311 -4.2304916 27.51457 3.2689722 12.961542 -16.524961 -5.467352 -17.017326 17.943634 -14.071206 -3.3408084 -6.350034 0.5873997 -14.045437 -13.336572 -9.899663 1.6217209 -5.8940687 -0.67907786 
-337.60547 122.78708 9.514915 13.627103 1.4713098 25.620825 -10.936027 3.0918655 -17.500414 5.345316 -5.1334386 -6.254652 -15.3498955 -2.1863387 -17.90898 -2.4943233 -8.408299 -1.1346374 -11.00998 -0.5078052 
-337.44415 135.8894 5.577521 2.2784512 -1.4635267 20.858635 -9.5887 -3.9312968 -21.270369 8.9242525 -2.120121 -2.0869734 -15.345311 -2.5813637 -19.239647 -9.639783 -13.7837305 0.17605561 -11.53532 3.2048547 
-356.62097 142.19008 -21.916536 21.537914 16.824781 25.97491 -22.54581 0.47207534 -18.818897 8.676763 -6.8898015 -13.669333 -7.9245987 11.981122 -2.7098181 -12.744955 -5.885115 -2.9678507 -2.1128833 -2.6576817 
-403.4084 165.24535 8.999902 29.772326 13.840474 17.110453 -14.2403755 -18.692307 -17.247375 19.92565 -6.1878033 -9.90038 -4.153716 0.6500205 -12.169389 -11.953731 0.14281124 -10.926773 -2.149824 2.4578836 
-365.26077 100.28794 22.763506 60.93074 3.4693072 22.520515 -16.766243 -20.716301 -16.566734 13.946492 -20.557625 -14.549269 0.0008131663 10.334481 -5.340662 -12.288621 9.135622 -5.163915 -6.445952 -6.926406 
-381.28943 107.683266 28.770363 50.43735 -4.4353023 26.952234 -11.960602 -20.964739 -18.392046 13.435026 -15.183005 -9.563719 -4.2306247 1.8768485 -8.768346 -2.4621687 -6.734295 -7.0248966 -9.132366 -0.0065053306 
-474.09863 177.2607 47.912952 46.28962 -0.85095364 -3.1932933 -6.7341022 -10.920494 -20.396086 3.2187724 -12.808697 -10.368066 -6.9131794 -4.0520067 -3.5395753 4.5362973 -1.0819911 -1.4222649 -5.1675677 -3.7833562 
-393.24033 153.54659 4.9511294 51.738712 -0.08157645 0.46443903 -9.2201185 -9.310617 -33.138943 12.233227 -18.016464 -4.3234363 1.7166005 1.17287 -8.312431 -5.4431577 -2.0691676 -5.2022495 -9.05404 -2.9483404 
-466.88638 196.94418 14.197259 34.636246 10.081512 6.531904 4.5091357 -15.612717 -24.92678 2.4812248 -14.936513 -9.472764 1.6370397 0.4073155 4.7442045 -3.4875174 -1.2335668 0.2474592 -4.051537 -8.068905 
-421.39026 90.650986 38.862167 80.35265 3.191947 3.7130933 -10.924413 8.36136 -22.721352 -0.97319114 -18.44069 -10.374534 -8.380408 -2.2364788 -18.448452 10.491243 -0.5106925 -1.6082486 -7.203882 -0.97196263 
-419.81586 99.451965 36.37666 62.681877 7.0171432 11.29874 -14.853062 2.8419523 -22.432047 -0.42972195 -20.753046 -10.722184 -1.6695908 1.6063455 -10.163626 9.185157 -5.566109 -2.096031 -5.252875 -0.7678449 
-399.77634 89.05995 37.791943 87.81424 8.550324 -4.64544 -13.812336 7.276808 -30.237358 -3.3769748 -20.364769 -12.210642 -7.038363 1.587771 -10.451858 13.699653 -6.931109 4.2614784 -5.535462 1.7777914 
-486.3229 156.50252 6.8382587 54.47164 20.109537 8.7610855 -7.673538 -6.9642224 -7.388372 -1.4119967 -5.126936 -14.487798 -10.053757 8.575939 -4.4289846 3.093648 -5.144552 1.0972104 -8.662081 -12.438523 
-430.1947 84.00302 60.866673 27.67546 6.646941 34.145603 -19.534832 -1.2075797 -25.169767 12.323651 0.59151244 -14.829298 -8.821777 8.188905 -8.575099 6.7492514 -4.005044 -2.5837781 -14.6204815 8.83379 
-352.93295 137.68053 -24.698654 36.502728 4.34021 16.340218 -23.304134 -4.0288467 -30.010729 14.339375 -10.185207 -16.81109 -4.443427 12.563211 0.46916306 -15.5353155 -0.14384869 -1.2936785 -18.996023 -0.02911875 
-401.3329 160.35626 -5.263376 29.471504 5.51194 13.768496 -11.65978 -9.169765 -15.916641 13.033779 -4.044421 -20.614735 -13.821703 8.633598 -1.0091479 -10.500465 0.58681595 -8.465054 -2.9920263 -0.38707024 
-389.00327 152.63849 -0.9225428 50.033047 10.535084 -4.3873396 -9.672276 -22.970814 -17.518517 10.46487 -16.925835 -12.744931 2.7889314 8.029532 -13.470802 -13.21308 1.5637691 -11.644623 -10.818321 2.0346074 
-397.30493 185.76807 -15.069249 33.62008 8.373337 1.4653437 0.7466081 -14.879521 -24.567364 -5.6586857 -10.766272 -6.745032 5.3440266 -0.592451 5.1318803 -1.2064471 -2.112728 -10.170834 -4.363529 -7.9531684 
-428.00574 158.26514 -10.762394 76.645294 13.652752 -20.156908 -5.9424534 -3.8769832 -24.783241 -0.26553234 -14.370195 -2.8788397 2.0485625 -5.267782 4.5471582 -7.491082 12.85071 -11.198788 -10.453455 -1.2704985 
-449.91638 127.112915 -4.5536146 67.44797 -1.3701377 9.888652 2.2115571 4.927347 -5.4943595 6.177152 -8.734309 -9.625667 0.98621964 -2.7939801 -18.288353 8.7798815 4.4784718 -9.3215 -8.283683 3.3086972 
-465.99817 106.750946 12.054195 68.46971 20.131256 -1.7415494 -0.96897846 15.575687 -14.331341 14.437254 -12.993044 -11.906381 -4.4476886 5.149616 -18.772749 6.652151 1.4616094 -2.524645 -11.634261 -3.934071 
-363.33606 120.24315 -20.68371 57.78399 39.78984 -19.486694 -18.355436 -5.8022933 -12.632839 11.450165 -24.824486 -9.448819 1.4525542 -0.3338023 -5.3398786 1.2858161 -5.732275 -6.010401 -7.289846 -6.728174 
-321.83878 129.15924 -24.324802 33.068497 -4.8820996 -8.235755 5.2463336 -3.8800566 -24.872087 17.396038 -14.851523 -2.8426528 5.094461 0.58712745 -3.921972 -0.18044093 -8.696221 0.61325836 -9.3402405 -4.917939 
-375.24585 132.73691 -20.79303 52.557087 45.091972 -12.350443 -26.552814 -4.039491 -10.396701 8.041518 -35.54697 -13.200229 3.0586536 1.5904566 -5.843142 4.437501 -11.082571 5.111395 -4.0620174 -4.2946444 
-389.85797 137.37335 8.557613 39.456295 22.209736 5.0258865 -25.134226 -2.108735 -12.702676 7.3239694 -17.93418 -11.170569 1.776422 -3.6404588 -2.7192447 -0.053677663 -13.146886 3.6284595 -8.808752 -6.679373 
-330.382 174.68277 -51.345165 33.554504 26.386387 -15.550812 -32.150856 4.154967 3.061206 11.96791 -26.134916 -16.072943 12.680143 -10.167309 0.12240222 2.8766637 -8.946754 -1.112168 -8.092838 -0.9287213 
-394.41736 137.34187 15.655555 64.40032 13.114272 -2.1254818 3.97872 -5.901451 -12.883842 -2.2130055 -17.796131 -14.062031 -1.872718 -4.9746766 -5.052487 8.6016655 -7.7243085 -2.1770465 -3.3402295 -5.7579384 
-342.36423 40.232883 35.089508 81.494995 -3.9502711 13.444151 -18.338402 8.111775 -16.632494 1.9314768 -20.366972 -5.0175476 -2.7431233 7.3119016 -14.840175 12.978175 -2.3917246 -3.61469 -9.865522 5.464969 
-343.89728 142.26666 -31.711586 67.52247 7.322135 -12.594188 -24.84092 -4.9176507 -20.7815 9.009319 -18.723398 -6.484286 11.939945 1.901844 -2.4976857 -15.059886 8.264134 -18.990442 -11.814059 -1.7733121 
-397.11707 188.17397 -18.25075 29.433556 -16.55089 3.5273988 8.295238 -11.964901 -27.345293 18.227932 -4.510954 2.3394322 -2.6954415 -0.65894485 -11.230493 -16.131706 6.4872875 -12.713203 -7.832072 -3.8864207 
-420.61093 204.23405 0.22024876 14.416012 -35.205254 2.6379638 8.960606 -16.347044 -40.229595 7.2246246 -1.1826521 8.940937 11.45612 10.120123 -10.525325 -16.99485 6.070097 -16.433056 -12.16106 -5.511118 
-503.01074 181.55267 21.547983 19.864708 1.8614271 18.219501 2.8165674 -6.566202 -14.21928 3.5809336 -4.6801467 -0.7782335 -6.455242 -5.2288 -7.140805 1.491165 -4.899518 -6.789913 -11.240311 -5.9790363 
-547.1953 178.3432 26.008568 32.12417 18.480919 30.854061 -4.885507 2.881553 -6.207506 6.2264447 -8.816204 -10.330837 -9.782406 -1.7298402 -4.2966633 8.946971 -5.395195 -1.4860448 -1.2022046 -1.5548701 
-490.42398 112.01928 48.33091 47.34395 -2.186797 28.21407 -9.383273 9.608781 -7.456021 8.903488 -7.797549 -7.0141735 -7.6986356 5.084287 -12.767526 5.1011815 -1.665823 1.6264391 -1.2108804 -2.502035 
-331.2977 92.639145 23.34783 47.563923 -3.382845 17.96803 -16.594034 -17.963179 -25.777336 13.8000145 -11.003094 -12.244148 -2.1234732 14.475725 -9.6762085 -7.367542 -7.0309353 -0.8119529 -8.713787 -1.0668652 
-411.05994 149.77844 38.578827 36.533176 -14.6523285 -7.54256 4.257867 -0.0070158904 -18.57785 6.5180273 -18.348665 -6.507557 -6.157635 9.54849 -10.227176 2.211575 -6.1559806 -12.045645 -6.783284 -1.4263111 
-414.3697 189.72871 -24.929081 20.833517 -17.34984 12.50553 6.1175027 -15.420463 -29.690609 15.589744 1.3409699 -8.609652 -5.925041 11.735938 -7.020032 -5.3209524 -1.8835318 -13.876539 -13.766866 6.7229533 
-373.39157 191.57074 -49.445053 21.120102 -2.6359584 23.824074 -3.3970501 -3.912019 -17.376284 14.170894 -5.995844 -22.259247 -0.74586356 8.461254 -1.9330584 -17.92627 3.3339481 -8.834071 -17.28048 5.4142966 
-429.5215 150.43297 19.834097 67.831505 9.808247 -13.697704 1.5396323 -2.8211322 -24.519295 -6.0539455 -15.19298 -16.503351 -12.22602 3.22896 -13.881741 -4.909753 0.35302332 -1.9933707 -2.9874384 -2.0495749 
-476.22858 150.1933 39.775707 74.46371 2.9216886 -4.791746 2.9038482 0.30656534 -21.165958 -7.2551794 -6.3511376 -9.162934 -12.067938 -0.7764288 -6.9839315 1.5007039 -3.8949661 -3.4918022 -2.4794528 -9.766177 
-464.35156 191.41779 1.0736707 28.190903 4.6961827 10.307643 9.859606 -4.888735 -18.048075 8.724942 -3.4151425 -15.367277 -4.0203023 2.6040387 -14.070713 -3.9722948 -5.03282 -8.326877 -11.029137 -2.3143158 
-445.5745 206.87128 7.971427 26.972616 -25.690401 -20.203657 18.354498 -5.5015717 -16.52925 16.888418 -15.423148 -17.787878 6.7020764 3.002192 -6.2190914 -2.338664 -8.974402 -10.444831 -12.676646 0.85051465 
-489.4629 195.10185 38.42012 35.128525 -18.471004 -11.372206 -0.9750735 2.8120952 -6.507584 4.6854978 -13.878968 -14.212226 -5.174987 0.91138417 -1.4049006 3.6534338 -6.3612237 -7.066769 -13.075108 -5.7941456 
-564.6326 182.54918 29.146938 28.722216 7.708944 27.963903 -4.342337 4.1950364 -6.2252636 6.073591 -10.047508 -6.7061954 -13.867435 -3.8071513 -5.5513415 7.3935046 -7.250345 -0.24310136 -2.084797 -3.6199307 
-417.3295 103.5602 36.621197 48.06993 11.111818 24.279045 -26.565605 -2.4261706 -20.43918 12.896059 -16.284586 -11.015236 2.716435 13.745195 -12.796361 4.5041738 0.85484135 -5.5214605 -14.115615 -2.8428357 
-311.67456 99.00829 -18.445982 27.725595 -3.0487866 28.617062 -16.67285 14.095087 -13.187774 13.849727 -5.7203045 -17.453255 -6.6421986 1.5634398 -10.808857 -4.904505 -3.8091533 -0.43422863 -10.813532 0.4233615 
-347.83694 122.34999 32.893166 23.640514 -8.944955 42.26851 -12.901278 8.951035 -16.580261 17.10955 -2.7722652 -1.7263178 -17.156862 10.926999 -8.69308 0.5236092 -7.3283405 -1.474734 -8.879111 3.0589552 
-359.50024 153.1358 6.866366 23.865973 -13.912489 16.796068 -1.4367151 -13.754577 -38.430557 13.004424 5.3459444 3.7810698 -11.681677 11.180944 -10.295589 -4.233873 0.2610571 -13.835392 -7.5180936 -3.7629945 
-415.21472 141.41058 45.7887 25.201006 -10.124916 -0.6059151 2.4446821 -1.8110046 -25.2322 8.978607 -18.41972 -10.830198 -2.5326445 7.6981845 -12.361227 6.4391603 -3.3262258 -9.986342 -11.717903 -1.1397214 
-435.5927 150.67351 28.36129 38.012035 6.303266 17.909523 -14.387493 -21.240837 -29.605469 9.544503 -10.225983 -17.311754 -11.037343 11.771793 -7.488424 1.1233327 -3.3526285 -10.632555 -6.7205086 -4.5669804 
-400.9939 135.30179 28.40252 50.750397 -2.122497 21.783878 -14.861472 -30.2754 -38.06222 15.877921 -17.28373 -25.344795 -5.248588 17.318434 -6.317866 1.5694594 2.620429 -6.643583 -12.470663 0.087423176 
-457.77713 176.47777 12.092569 47.276962 10.283363 6.983238 -6.834051 -8.327488 -23.039875 -0.96879935 -13.799234 -4.9237037 -0.97228485 2.0808918 -3.356323 -1.0802084 -3.3089967 -8.213547 -7.2349906 -3.8593097 
-373.0448 152.14082 -12.207591 34.37343 6.9321876 -4.2339153 -22.305895 4.3284817 -18.195711 13.5244875 -11.834949 -7.6132693 0.95149165 3.07364 -8.195075 -9.94093 5.7542167 -4.0155725 -12.657742 1.2276286 
-378.34024 54.34562 45.428604 73.70266 -9.826239 12.321196 -9.343242 12.197837 -18.65912 -1.4190491 -13.006596 -9.709243 -11.89125 4.548617 -12.872505 1.4668577 2.9681106 -4.9115715 -6.3737264 2.5757608 
-390.35684 135.69647 12.265317 84.46485 -2.5856588 -12.339254 -21.73761 2.410285 -36.741226 -7.1534534 -24.398813 -7.27217 2.7452638 6.700116 -0.32697466 5.107456 14.138772 -14.13698 -6.948876 5.2488766 
-510.63394 147.73465 32.967922 54.64191 5.919314 8.0775175 -9.591767 11.839214 -5.18412 2.1614676 -15.204729 -0.64727044 -5.4121685 -4.405217 -15.35192 9.661144 -2.3557558 -3.948065 -7.1119485 4.0068197 
-557.2678 170.21913 29.153543 50.73178 14.918969 19.05513 -8.292 9.077535 0.18428172 8.43943 -14.308312 -3.3065736 2.970498 -3.057 -17.435406 11.041817 -0.09189195 -1.0002775 -8.648645 -4.611456 
-559.55475 179.9598 27.85591 35.697426 16.773033 24.989187 -6.8445797 8.505085 -5.8931375 13.006003 -18.842674 -11.321083 -6.550314 -1.7603326 -6.7790346 7.990061 -4.1180706 3.1156514 -1.4394498 -0.028878953 
-378.5124 174.6784 -32.011566 21.43879 7.407301 16.417055 -12.343025 4.2499866 -18.189669 15.384737 -8.888271 -13.776878 8.377704 -3.1101034 0.6241071 -3.9526286 -13.193316 5.0298333 -10.277129 4.368768 
-412.7546 163.92722 4.20342 46.691757 24.01228 -8.022112 -6.1720605 3.1446943 -11.271339 0.5278356 -21.046944 -15.550341 -0.16851147 -9.75925 -12.978794 2.4945695 -0.5739269 -2.4645472 -3.9324384 -0.36271286 
-411.83325 127.98416 39.794163 74.450195 4.728338 -17.619967 12.12421 1.984493 -34.462597 10.873127 -22.2142 -7.9258566 -11.862547 -14.307735 -8.672602 -1.8442881 -5.3962703 -5.7223835 1.6324095 -14.319046 
-459.41315 193.07373 12.501347 27.231346 -2.626452 16.003975 8.432217 -11.7280855 -25.148136 8.2777405 -12.891835 -9.950288 3.9926953 -0.6477559 -13.394676 -4.4979725 -11.954755 -13.729712 -2.5304003 -2.0337174 
-421.2514 124.59903 27.745216 52.881638 30.379246 -11.529232 -14.232005 12.864592 -22.150658 -2.1075647 -13.805001 -11.371294 -6.057145 0.4147165 -13.522023 1.4877316 -3.6228294 3.3033702 -8.699269 -0.15952618 
-369.7499 71.00609 42.439392 74.314606 -6.3659186 10.370735 -23.830507 6.400343 -35.547733 -1.2555909 -15.814255 -3.4574437 -5.2314625 2.0021467 -14.283602 6.377569 -1.3164995 -2.09627 -5.203228 5.4993954 
-374.68933 44.42368 61.187607 67.51615 -10.086171 30.877298 -22.857908 9.06506 -18.559679 1.6004356 -15.4844055 -4.0562625 -6.8914266 12.954357 -22.11242 6.226687 8.625431 2.5400705 -15.537434 8.601237 
-391.83923 76.488205 45.556366 67.14982 -5.2129827 19.309677 -9.6623125 -6.4549594 -20.013746 17.596992 -18.904602 -15.691386 -5.0424175 15.896306 -23.468601 -6.777666 2.672478 7.187418 -11.190924 9.000685 
-441.76105 136.97147 47.865643 45.81843 -2.143014 -2.8815708 -2.305311 -9.9720955 -31.245562 10.008012 -4.147512 -0.985828 -8.338596 5.179804 -5.1480355 4.0071735 -9.046792 2.7550557 -11.207609 0.22477674 
-495.69016 200.6181 39.050583 37.07435 1.3773828 -10.192805 -13.006742 -9.526065 -20.12436 5.0635643 -4.4344764 -8.623698 -3.0076222 -0.88672805 -7.147634 2.158124 -6.8671665 -4.004903 -5.077697 -7.2971487 
-516.9682 189.2308 24.502764 29.684746 -4.0829883 6.6631513 15.252781 9.021046 -13.280118 9.769749 -8.572303 -2.1233463 -0.5298909 -9.342662 -14.3006935 -4.414666 -11.343711 1.4341308 -6.864673 -6.0753927 
-537.642 190.30272 29.136665 39.17715 3.9171019 16.317413 -2.1349869 -5.8802414 -17.57093 6.0895295 -9.2216015 -1.5454593 -6.943195 2.43442 1.5263478 6.955287 -5.464104 -8.340597 -13.396702 1.8358858 
-465.4924 138.98155 44.517536 40.454704 -3.7965305 25.19277 -13.770486 -3.060556 -14.673035 7.922466 -13.248315 -5.949227 -9.74298 6.631708 -8.611906 5.1614714 4.794164 0.31418207 -7.8826237 -0.9720919 
-433.01138 120.666954 49.0212 43.080452 -7.9398627 30.37269 -25.524036 -3.7864554 -20.663044 13.5251465 -14.443302 -21.639254 -8.549266 11.202844 -13.097021 -2.000241 -2.4520297 0.68062806 0.29849237 -1.8557286 
-423.85928 129.69856 40.033527 40.46899 0.6163101 29.408142 -31.624306 -4.618891 -19.264505 10.314887 -15.981593 -26.143126 -6.930511 10.992946 -12.311174 -1.3856549 -1.6238468 -1.0428647 -2.1950247 -6.9648094 
-382.04974 151.19655 -4.8290386 43.54125 13.373472 10.211649 -31.376945 -18.390804 -28.392477 6.4318795 -14.013235 -8.444956 1.1613452 6.608872 -4.375011 -4.2993526 -4.8618855 -0.70203376 -5.2263837 -16.57508 
-391.64615 200.38478 -28.553324 39.346733 -21.410849 11.894232 -2.9185843 -33.390087 -41.98015 2.4721692 3.0998747 4.426492 -1.6442473 8.42207 -1.6454154 -0.87709135 2.8397396 -15.560859 -9.076631 -13.063241 
-412.0243 206.7741 -22.20533 48.14449 -32.148857 10.02841 11.9759865 -33.001892 -38.832794 4.3307605 -0.07220057 4.551938 -2.693422 7.476794 -6.3990436 1.6174254 7.752398 -10.32417 -11.442563 -10.10048 
-539.6384 190.03125 24.756285 36.673805 0.061271243 16.89827 3.1303658 -0.48050722 -13.835339 10.821613 -6.288931 -4.1731567 -8.693865 0.43529463 -3.6246533 3.7060099 -1.819866 -0.13891612 -7.566904 -4.178978 
-423.12167 118.744194 32.47452 50.137707 3.7544665 22.99723 -26.428226 2.242676 -20.59949 7.1026945 -15.93326 -13.397572 0.030218998 9.144482 -11.733604 0.41087767 -5.469718 5.073069 -8.331287 -11.112275 
-314.8665 154.38177 -47.812466 12.305777 2.5083413 16.093376 -14.64793 -10.03859 -18.69349 8.949081 -3.0757334 -11.725147 -2.417396 7.930737 1.9492264 -19.781582 -3.05301 -3.6029167 -8.68251 6.013651 
-373.70822 151.95279 -0.10290527 58.27431 16.042217 -2.2235918 -1.6244376 -2.5189614 -15.339179 2.878212 -10.632545 -15.441956 -5.538256 13.327031 -9.045681 -11.582557 10.18555 -4.8790045 -2.4247265 2.3324027 
-380.48328 151.24321 -19.265985 40.545097 4.8470664 20.277466 -20.219643 4.6791615 -16.302694 8.458907 -4.58274 -16.058714 -1.1207604 -2.9358513 2.0316446 -16.833792 0.8272154 -4.274173 -5.6697764 2.4406347 
-438.04727 152.68025 1.5139377 24.87291 6.5709357 22.293808 -7.3814 -15.087089 -14.120426 19.367115 -4.950894 -14.3484 -9.264013 5.7804165 -13.392934 -8.138362 -5.0282426 -10.315109 -3.1844325 3.9237213 
-502.43542 187.2591 28.57252 31.49942 17.523928 19.217415 -15.713987 -15.056805 -13.150227 13.503007 -12.603008 -13.9041395 0.7463683 1.9167584 -7.4090443 -10.8260145 -5.973085 -14.519741 -4.5676804 -3.3793843 
-559.8675 192.28798 51.442364 37.21779 20.4668 15.805974 -9.510563 -0.45352998 -13.627804 -4.1867275 -12.544558 -12.340509 -7.6578927 -6.388599 -12.630001 -3.4754324 -8.800761 -6.397316 -4.2379794 -2.968077 
-453.02707 173.8493 -6.3052835 34.82315 10.882738 30.277086 -8.737453 -5.779161 -15.285531 6.7476373 -7.979148 -22.328268 -3.5981336 4.3783154 -6.297515 -9.591412 -11.455022 -2.7373343 -7.033213 -0.42914212 
-464.79144 163.24655 24.435022 60.24174 4.6012564 1.3172207 -6.1644998 -6.704165 -24.27246 -1.3257045 -11.276491 -15.052155 -10.001646 -0.9574693 -3.7839403 -4.240969 1.1930761 -0.7875276 3.1737185 0.2984921 
-397.68808 150.25055 6.933916 47.980354 19.766766 -3.3570714 -20.494968 -14.77262 -33.221554 -3.6720347 -14.34319 -10.577411 -1.3368707 7.617944 2.2392383 0.87412477 7.7504444 -8.252417 0.05544758 -8.270367 
-432.9627 170.70868 0.49381658 26.191135 13.026012 11.227331 -10.467296 -5.263323 -28.995876 22.180143 6.200783 -13.663868 -11.959053 5.387011 -13.278484 -8.341064 -8.90335 -5.6578593 -4.6631866 2.9793494 
-372.73062 49.839478 48.63106 58.754654 -12.319822 25.576218 -24.277702 0.47954 -18.803493 7.979149 -15.251628 -12.477365 -10.909455 14.223095 -22.769905 2.2450747 5.351318 2.6794713 -14.317861 5.785998 
-465.16168 140.01656 55.598415 53.882412 -6.8308773 24.65092 -10.544704 11.5725155 -18.76659 1.6504235 -11.348716 -0.325188 -18.820196 -2.4200592 -13.615438 -4.317858 -0.6423605 -1.3183899 -6.290543 -1.4276109 
-446.54996 186.57094 8.716986 8.430835 -21.055285 27.699692 -7.2082934 3.575559 -30.721428 -0.02428664 12.498338 -1.0821149 -17.19047 -0.33765212 2.2346742 -10.719343 -6.663621 -2.967748 -17.991283 3.5455341 
-433.51764 118.3265 48.650887 20.562717 9.529014 12.521811 -22.166107 5.905199 -18.682716 13.066884 -9.274503 -1.5832089 -13.2359915 10.636505 -10.831511 -7.450918 -7.0345216 2.6635563 -22.910805 1.0228137 
-473.12424 121.64952 59.4294 17.355955 19.484915 17.44175 -9.349575 8.047849 -14.292151 6.925319 -10.110116 -11.900216 -15.649482 -3.5043585 -14.917232 -3.2604938 -5.951098 -0.104217105 -10.856273 3.1287699 
-526.16895 133.24533 53.949387 32.058067 14.444109 23.413998 -14.585502 14.633021 -13.392525 13.341526 -11.874835 -9.167795 -10.217118 3.020303 -10.80285 7.0414643 -4.6035633 4.5361576 -7.6151495 -1.0079606 
-504.36014 143.16301 17.501596 58.15193 10.852679 29.468071 -17.96312 6.037601 -3.2865367 16.41219 -9.760103 -17.129705 -6.875369 8.750664 -16.408257 -3.2428546 3.5637617 3.4148924 -3.3088238 -7.9622173 
-529.73584 177.53339 15.126818 31.324938 17.503279 19.006157 -8.594836 -0.3853582 -5.982241 15.926597 -10.824458 -10.425712 -1.6060742 3.541269 -9.103193 -4.055566 -9.2305975 1.8893971 -1.5316862 -4.4818516 
-525.16516 186.26186 28.804972 18.856064 0.19022073 14.254993 4.8793902 7.1890774 -13.947544 3.6905484 -1.4875894 -3.852189 -6.5094786 -8.759101 -13.47515 0.25717944 -4.363497 -1.6324092 -2.0752378 1.976402 
-405.16675 177.73007 -3.1102185 20.813377 -18.249718 -0.69779205 12.165737 -4.836775 -20.538742 6.09489 -13.120827 -18.256744 4.0236077 9.884538 -18.223475 -9.1999855 -5.7944407 -6.2701383 -5.341524 3.917052 
-383.25027 127.29909 19.207344 59.485256 14.200757 -4.659026 -8.715776 -0.6007084 -20.625412 -0.13326396 -17.21688 -9.584698 -10.060967 0.8930415 -11.363227 -0.9948543 -3.2085474 2.8181756 -2.9831316 2.4756556 
-356.08804 140.47871 26.752455 12.517371 16.698606 11.219815 -0.7528043 -14.639372 -22.604246 1.5472713 -6.001221 -5.1614738 -10.162667 10.350252 -12.012065 -0.59963346 -6.9488277 -6.0694485 -16.099804 3.2732916 
-357.11194 136.98553 24.178793 15.905775 8.759876 7.3339405 -4.9689646 -18.797335 -26.694506 10.3286495 -4.4453635 -4.278879 -7.6304083 9.901113 -10.827125 -2.991496 -6.3013706 -6.4117584 -11.49061 1.7213148 
-394.57953 184.75162 2.1588838 2.7456422 -13.084654 13.881605 4.14817 1.7464702 -27.02105 5.864646 -4.487208 -4.688261 -3.392241 -6.948501 -22.500536 -8.406877 -9.558418 2.8715944 -6.101301 4.0289474 
-362.70053 72.88308 47.358288 28.594273 -8.590625 39.917057 -20.596884 1.9937617 -9.765435 14.250447 -11.618268 -12.786962 -5.194827 7.2492394 -20.869843 2.476532 -10.800332 -1.027507 -1.7892797 -2.1393647 
-429.28842 148.85857 16.251223 47.35156 1.618902 17.490652 -14.481618 -16.557457 -17.963516 18.283638 -22.257029 -21.215027 -1.2315159 7.421186 -9.795926 -9.905849 3.738182 -2.4513886 -9.131221 -5.195196 
-501.5447 166.07892 0.09380987 47.64945 8.791576 21.576899 -5.12001 -6.506439 1.6682731 19.166147 -24.004877 -10.400701 -5.114509 -1.9088805 -14.886688 0.19356325 -2.719762 3.178006 -1.0729506 -1.3435968 
-521.1548 162.30524 18.064188 51.250214 15.589299 18.387323 -6.966493 -0.5460041 4.4114985 10.360368 -19.760527 -9.253343 -2.7238111 -3.0763054 -9.802805 7.8792276 -1.5569465 3.343393 -3.9055061 -4.002993 
-407.89285 124.14898 17.360666 46.490463 3.4966545 14.070563 -11.243329 -4.45479 -30.594553 13.748351 -17.277832 -2.4447808 2.6359699 3.1984892 -6.501126 2.1118567 -4.9584484 -1.5788436 -7.749132 -8.212757 
-424.39905 206.88904 8.380571 40.800087 -24.076504 -11.450141 5.0931697 -7.754315 -30.165806 8.333644 -15.399288 -4.6687374 4.793091 8.706572 2.29875 -10.564682 -4.0408864 -12.277507 -13.658992 -2.3838165 
-494.10504 208.47754 33.183346 36.441257 -15.031036 -5.425681 1.8290533 -0.13208039 -9.892463 1.75501 -12.06074 -9.113691 -6.64519 0.72220224 -5.847977 -4.8815923 -9.592143 -8.589405 -9.11607 -3.5669665 
-538.10345 162.46037 39.08146 43.21927 8.618725 23.99076 -2.1508863 11.16687 -3.8803122 3.15302 -6.7008204 -0.7428344 -11.809533 -4.2007537 -6.7327104 3.189971 -5.317529 3.5476863 -0.9246237 0.8784342 
-502.74643 122.36471 41.634598 52.578995 2.1826808 17.289078 -3.9436913 17.20208 -14.95097 9.323434 -6.5419846 -4.043872 -9.092928 1.6582273 -13.21312 9.795656 -8.761569 2.744686 -4.000986 3.8390207 
-398.11673 130.43542 20.79368 33.766773 7.508316 12.954458 -12.489239 -6.5194955 -27.928452 10.807119 -7.2549734 0.16144323 1.2155274 4.0548606 -5.987753 5.25268 -6.028865 -2.8957868 -4.210868 -2.8598807 
-388.89172 140.4633 15.216187 26.08305 7.4163446 17.171698 -8.321233 -17.625942 -14.246296 15.605052 -3.1358578 -4.7275596 -9.562119 8.484382 -9.236943 -15.535017 -5.729717 -7.0432043 -5.2839417 -2.155097 
-421.14612 113.11962 47.258915 49.175304 -1.8734012 4.694375 -1.64854 3.2567682 -15.031574 8.985644 -13.956074 -2.1653562 -11.7507925 -1.8419194 -19.238731 -9.729502 -9.1328335 3.227065 -6.9433618 -0.81168437 
-349.6117 127.4831 -6.3866553 23.54995 3.7590408 12.178822 5.8306193 1.172792 -26.804287 6.2143345 -8.813592 -4.251608 -7.237112 0.9174845 -18.132952 -10.802871 -8.320016 -2.8429952 -6.4428005 9.255962 
-411.65176 193.7071 16.92259 11.842869 -31.944038 -6.8109555 9.591821 9.013468 -12.557806 -0.45004717 -10.119948 -11.250639 -1.5014929 2.3868167 -15.534561 -8.298594 -8.254109 -13.96169 -8.149511 5.7179346 
-495.05475 171.82294 41.764694 30.325941 -6.647394 3.3070292 -0.21323384 10.052442 -1.33926 5.593899 -6.5682554 -8.89377 -8.992422 -3.1594772 -16.017855 0.6533037 -8.157193 -9.874094 -4.3314257 -4.4258633 
-537.5782 152.28285 46.840057 40.23749 3.8480449 25.471403 -2.3933196 6.821344 -5.3620563 3.286334 -12.661656 4.4313126 -12.141512 -1.6905493 -13.8288555 6.811204 -3.5559473 -3.9868698 -5.319758 0.559041 
-426.90002 100.804405 29.151577 45.984375 7.42264 14.616359 -6.46265 11.200061 -9.718909 3.0503418 -17.99665 4.957224 -14.6649275 -0.6921801 -8.627663 -0.15016143 -10.513616 1.1787107 -11.747955 5.3362036 
-341.9057 155.95969 -16.741613 21.810667 -0.4496176 4.130343 0.79601216 -8.365164 -27.229269 9.448733 -4.0304036 1.5459174 -13.594707 3.277513 -15.683217 -6.5232244 -2.8988018 -2.9498541 -6.5513783 -0.31674019 
-365.4185 162.22534 37.680775 27.594297 -27.148674 2.2422466 -11.129363 0.47634098 -29.839548 -8.546709 -12.736481 -1.0200863 -4.553193 3.41068 0.40474838 -8.367481 -5.2424555 -3.8725078 -4.914027 0.49900615 
-352.50882 154.20929 -11.80919 51.17015 -8.933758 2.2774057 -7.828706 -26.995556 -38.02356 9.492229 -7.471149 -3.7989883 -11.531544 10.961554 0.5098931 -13.784455 6.9756656 -13.331102 -7.46982 -4.37336 
-409.2557 138.25594 34.943268 58.691956 9.012396 -9.745304 7.7131023 -7.4852786 -29.738678 3.540496 -15.144329 -2.7605906 -12.930286 -2.9317083 -13.610696 -2.8612604 -1.5110239 -1.8926631 5.1350865 -1.0838685 
-480.32092 155.21783 51.210938 44.233673 15.111733 11.603151 -4.2690034 -2.0496302 -14.34681 -1.3286185 -12.58392 -4.4461675 -8.780794 -0.46913815 -12.186006 -2.528139 -2.0903935 0.5358351 -7.854231 0.28763843 
-436.1491 97.37927 50.322536 66.49268 0.78943866 0.07885022 4.383344 1.8767548 -17.852976 2.9102836 -14.413325 -3.0758252 -12.032896 5.134175 -5.9540706 3.2552745 -3.9837961 1.8802619 -5.734144 -2.7951822 
-373.3362 107.49697 49.09993 61.65285 2.779863 -5.259701 1.1664717 -6.271349 -33.339855 0.52154034 -14.793387 -7.7723846 -14.728078 1.625431 -9.207311 1.7323909 -4.7930284 6.051237 -4.595641 -5.692176 
-299.4495 52.33809 21.29963 50.02214 13.972688 10.182981 -9.392438 0.76970077 -37.241787 9.124669 -13.470438 -8.412371 -15.01876 7.9950094 -10.656306 -4.594926 -8.559958 4.8589153 -2.4648297 3.5495865 
-437.0141 147.04477 54.524815 41.790215 8.272271 -4.3501077 -6.8789816 -4.6102962 -23.523977 -1.3598312 -13.181942 -7.114941 -9.540694 -7.583446 -0.4786302 2.0053084 0.38309395 -0.46136135 1.239354 -4.5074415 
-505.59842 154.09836 43.72046 43.484837 11.768429 9.328501 -3.2398992 6.7028556 -13.044092 -5.3566074 -4.385728 -6.5860257 -14.262878 -2.4923625 -5.912293 1.0678891 -2.2651482 -2.9688017 -10.767664 -1.3212056 
-471.0187 126.19643 29.000057 39.557175 6.992506 26.120695 -4.544364 15.159651 -14.257338 7.0025997 -14.761625 3.054051 -13.672938 1.0263972 -10.338543 3.4276428 -7.8390646 6.0356884 -7.7429905 2.8124833 
-506.6563 140.47166 41.372803 38.922523 3.220086 40.413837 -11.654497 4.6726146 -5.701559 -0.97007585 -10.882461 -0.47693163 -14.408922 -0.2915044 -7.719984 4.0187144 -4.6534557 5.019543 -7.150202 3.136515 
-523.3575 170.63734 43.322826 22.87938 -0.47049576 21.489613 -3.3766458 14.279046 -11.460894 0.29477206 -8.663266 -1.47435 -5.5862255 -1.4119135 -8.551612 3.4445987 -7.508028 3.267452 -6.764938 0.7606243 
-566.9928 176.1654 45.869465 39.782803 11.380907 16.943382 -5.8397007 14.060975 -5.27592 1.5037059 -8.692889 -3.4478726 -8.21471 -6.7547054 -7.240385 8.272579 -3.3880079 0.7239342 -5.5757294 -2.535088 
-341.81946 78.66128 39.389816 31.209106 9.342227 23.188267 -28.667458 -12.581165 -28.970293 13.456959 -13.258305 -10.653636 -3.0184035 15.986876 -11.220074 -1.5360962 -7.181722 -4.7627397 -8.11349 -0.89089465 
-338.40594 80.857216 28.490496 49.268562 12.640015 6.2788773 -11.5136175 -5.9658566 -30.95738 11.001774 -17.007116 -9.146252 -9.813408 4.7699823 -16.769596 -5.3511467 -8.063396 0.3789365 -8.261635 -4.8523617 
-316.9032 117.04724 -4.417376 46.06559 27.557217 -4.7917905 -28.28404 -19.898613 -30.755411 18.92355 -13.789341 -8.904585 -3.9597216 19.448082 -8.163319 -6.7269034 -9.147398 3.013647 -9.821987 -8.233898 
-410.6486 136.06725 24.580208 45.574253 16.081123 18.194956 -26.902056 -19.038055 -26.295668 14.707969 -14.572634 -15.534825 -11.125237 11.999311 -2.8110416 -2.4410563 -0.73039585 0.8726316 -3.629461 -3.98886 
-299.14978 76.68004 18.67318 52.466763 8.866726 23.807148 -26.073427 -18.09889 -30.42732 15.318909 -16.653769 -12.525949 2.3638194 6.1750536 -15.483608 -3.919367 -1.3846967 -0.13050778 -9.174806 -12.715676 
-273.55246 139.69637 -38.02976 33.340202 17.456156 -4.624309 -10.560652 -8.33206 -25.545216 15.464779 -9.116715 -8.220042 -9.450819 7.048107 -12.330945 -15.451263 -2.2219653 -13.308029 -9.265058 -2.873515 
-279.60953 120.98124 -0.42496872 15.595326 -6.4574757 18.975033 -32.35756 2.578435 -27.20919 10.575491 -5.162131 -4.6310053 -13.14995 5.363657 -20.79949 -10.15305 -7.105955 5.235008 -10.125258 2.7641275 
-383.02966 108.65735 35.998615 45.638992 0.47734886 2.4582388 -0.94725907 -8.947644 -33.08641 8.212627 -7.678738 -11.25378 -19.036604 -1.9500275 -12.965285 -0.72696495 -6.910632 3.567368 -7.3112226 8.208807 
-357.4228 101.533 35.5166 40.868797 1.8596764 20.684448 -22.689962 -18.19356 -33.520485 11.525099 -6.670033 -13.446259 -10.394721 12.892777 -13.437797 -8.747899 1.1538898 0.47696945 -6.053083 6.5141973 
-367.51938 82.170074 26.797115 54.28661 17.268833 -2.805384 -14.86676 1.6437057 -26.158394 13.266598 -11.797047 -14.330485 -10.996101 12.510298 -14.50677 -3.648463 -5.303397 1.0946136 -8.313075 -2.969051 
-425.3731 150.72685 9.422138 52.7775 26.400608 3.8721907 -21.888222 -15.390148 -29.406633 17.09022 -12.940811 -10.511592 -8.476973 13.041834 -6.0997934 -2.9375505 -6.594921 1.7451756 1.0424284 -6.8226514 
-451.152 155.00133 36.68066 38.7271 2.4103842 14.780033 -19.606846 -21.002571 -35.1439 11.922697 -4.011072 -5.972624 -9.653112 9.350482 -0.73844206 -1.8900375 -6.2107697 -10.155311 -7.0358524 1.2043744 
-488.70996 152.43979 37.000694 39.12727 3.7462955 12.745513 -11.14999 -10.15763 -20.381021 7.460908 -1.5825704 -1.8730973 -9.563518 0.1272289 -8.743903 2.2916267 -8.484958 -7.693753 -12.079469 1.9615991 
-422.2031 125.90721 44.270676 5.465755 12.344777 11.542903 -9.556792 2.9952152 -28.503252 12.360518 0.7247041 0.18631908 -5.7669578 0.95062745 -17.323036 0.43065822 -9.098332 3.886055 -11.203646 3.052372 
-417.13913 182.35626 -9.879767 7.110216 13.096307 10.6170435 -14.945818 3.0998006 -34.842297 12.511127 6.5233464 -11.143516 -6.379589 -0.9970962 -9.364871 -5.7331533 -4.7670703 2.5143654 -7.7541723 -0.8905491 
-402.0609 98.342995 26.313103 65.86393 19.830555 0.5163055 -12.964713 2.701509 -22.20535 7.63307 -21.6081 -12.127133 0.47553194 3.4087825 -14.694545 0.5639472 -0.92764896 -4.7046175 -9.386766 -0.9935071 
-426.67444 126.64612 35.38987 61.210922 4.99089 15.22726 -23.06627 -14.6754 -17.70142 8.125601 -25.178228 -8.581628 -0.2556147 7.4813557 -13.417367 -9.677422 -0.7245408 2.3842523 -9.043255 -2.7023323 
-465.95862 142.79749 15.305278 71.3837 7.296522 -10.923943 -8.088074 6.5329776 -25.196129 9.204017 -10.265484 -2.6555917 -1.1773467 -1.4323809 -16.196587 -5.635991 -1.9175638 -7.776719 -4.9670486 1.4928031 
-381.4503 152.39122 -9.727022 25.059893 4.708521 6.6183043 -15.793716 -8.800022 -22.438835 13.286717 8.600972 -5.2767444 -9.73825 3.134167 -10.925325 -11.865871 -7.8586025 -9.435685 -4.908764 1.9292092 
-377.007 191.68527 -5.384173 21.54542 -4.1531963 -6.831245 -12.916966 -18.200047 -29.259329 1.2997721 -13.754505 -1.1544986 -4.53395 0.27704874 4.0359683 -11.003131 3.4532986 -5.732554 4.732124 -8.425819 
-402.22974 165.04689 -11.471718 25.972496 9.696368 8.895643 -15.642648 -5.8987393 -26.94538 16.253067 0.0019210345 -10.253658 -9.808801 1.4904835 -3.9466999 -12.669126 -5.0500355 1.5895587 -0.8207799 2.4814334 
-405.56927 156.30702 2.515774 39.817135 13.970531 1.8905135 -11.098326 -6.983641 -20.080711 8.33669 -7.995249 -14.073287 -8.022435 3.702696 -15.746523 -10.775015 -7.3458 -12.901903 -5.6580153 7.9245615 
-443.19907 118.55012 30.51907 62.34504 11.764376 -0.6467016 -1.1084201 16.606005 -26.537968 4.9099445 -6.6756005 -3.2714548 -9.218957 2.966627 -6.526637 2.9959524 -6.0321503 -6.7361636 -4.1949954 0.9819366 
-484.64487 171.82031 20.354797 22.681408 10.670527 22.260828 2.1381865 6.009955 -26.286976 12.962128 5.8836994 -9.094036 -7.1292267 -6.861822 -13.372743 -2.7027168 -3.9241612 -3.3934355 -10.246982 4.185015 
-398.2897 115.64615 36.901405 12.710917 2.393801 16.34025 -15.418065 8.224963 -21.567719 12.633294 -4.809229 2.4578493 -12.640642 4.5531774 -6.310308 -1.6976751 -12.11234 2.630838 -8.907787 7.109796 
-405.4914 143.66156 14.478679 30.672756 4.7761555 9.795657 -13.502113 -0.0999811 -18.753222 0.97269845 -15.684433 -1.0898671 -10.641857 4.502045 -6.0036488 -3.218229 -10.219564 1.6905975 -6.4197445 -1.1730001 
-422.93433 133.0307 23.193556 62.376972 -2.5154836 0.13260184 -7.7230783 10.279502 -34.21416 1.3121283 -6.8321433 -12.722293 -10.716154 3.653165 -11.474212 -1.7889209 -5.8192415 -0.6391721 -0.046070576 -5.804468 
-439.69116 138.89206 24.120958 43.95526 17.62079 10.367295 -16.264221 -13.172431 -23.194962 11.776608 -5.3232365 -10.337085 -11.428636 9.963706 -8.940297 -3.3559825 -0.740137 -0.45977816 -9.242138 -1.5325618 
-450.28787 102.935265 38.08063 60.711975 18.118702 5.36781 2.4598987 4.072816 -25.702703 11.98672 -10.8816805 -7.9842257 -15.913618 9.073315 -7.301712 -1.1522626 -10.838942 2.8273344 -8.836651 -3.1794233 
-475.25613 123.73508 45.85354 43.090664 8.957642 22.422354 -20.835136 10.579452 -26.04755 11.724076 -11.894408 -4.932574 -6.3490424 4.1772833 -11.933854 -2.7628794 -3.217105 2.6621912 -10.183965 -6.8903055 
-534.6183 153.43199 41.576633 28.55872 14.893358 25.053095 -7.081019 11.690519 -15.835168 5.4289 -6.0196934 -6.7704 -8.602953 -1.6368897 -4.541664 4.030994 -4.1316605 -4.1988935 -8.714439 -2.1102388 
-515.89606 135.79053 56.16766 28.697014 15.836131 20.521105 -9.9827385 8.857068 -13.388491 7.9216666 -12.161011 -0.48407295 -4.156668 4.425645 -9.712589 2.2258224 -9.155675 2.76508 -6.760619 -3.2425978 
-501.52448 149.26454 17.807467 47.204178 8.697567 23.443556 -11.028325 4.1107693 -3.974551 8.052029 -8.0155735 -5.8852773 -12.1685705 4.352523 0.11161572 -0.6172175 -5.525009 -0.30064845 -4.713603 -2.1728811 
