-458.7855 142.29352 8.492081 34.00255 8.573856 28.883318 -4.9253063 11.413685 -8.056856 5.6515355 -11.713367 2.412507 -5.669573 -1.239985 -6.470153 2.7172215 -5.191491 2.135565 -6.4721026 3.8972828 
-330.91785 135.77562 26.755682 47.050358 23.293129 4.608981 -6.8134956 -4.6897264 -35.75586 11.360735 -29.029959 -1.0367998 -2.6741204 -15.602695 1.5276504 8.211424 -20.366203 7.9464493 -4.760914 -2.716429 
-358.35635 147.92886 16.249247 57.95372 27.125832 0.24280474 -4.9413557 -10.77647 -28.33001 5.731697 -18.541718 2.207898 -0.15813708 -12.7578535 2.8799033 9.060315 -19.384445 5.7041264 -5.282779 -8.0651655 
-294.65805 132.07236 7.4312515 60.110184 17.129488 -20.623407 0.41006172 -11.157939 -46.838154 19.01532 -28.720707 7.735395 12.764836 -8.785964 -0.70807076 -0.9302274 -18.495205 12.762128 -21.035069 -2.9246933 
-364.75882 158.272 24.7771 37.383686 -11.657513 -11.115764 8.713613 2.0424385 -30.63917 12.743523 -24.956549 2.3130324 8.181062 -6.449194 2.7708673 4.331881 -9.314191 3.2816381 -9.379203 3.370036 
-389.01382 134.31087 26.132023 62.231724 13.5797825 -12.264701 10.942442 3.2536812 -17.332266 0.99164844 -16.271172 -3.2855637 -7.5158057 -15.228217 -1.0069237 6.4869385 -7.7349873 -2.6972995 -0.99929893 4.2510734 
-353.7667 133.26772 30.48604 55.111057 28.522621 12.117777 -11.338929 -10.757702 -20.512358 -1.9433073 -14.300164 -0.5787356 -19.39788 -2.2603211 0.1542564 -5.0971117 -8.195446 5.918188 -9.025288 5.502401 
-308.7402 125.95665 2.5629196 34.059917 19.792696 8.599441 -26.525314 -18.460293 -30.458876 2.0629873 -10.295429 10.761203 -1.6416553 -1.8141433 8.451744 0.78495884 -7.7831063 6.8954697 -17.607014 5.085642 
-355.72928 132.33649 27.174828 40.354675 14.035766 12.265257 -16.508755 -16.083813 -23.717299 3.0856023 -11.166695 8.473251 -10.695766 -6.969698 5.5544543 3.710158 -3.8931684 6.6455545 -14.96913 7.602537 
-376.31058 151.02032 26.095028 59.60797 18.903244 4.5935564 -6.3875256 -9.347316 -14.554081 -1.6633303 -14.454614 -5.3672757 -10.057844 3.701177 2.1602316 -4.442441 -4.8217196 2.0394988 -8.438784 -0.04765627 
-320.36478 21.716404 61.617195 43.631783 -11.44185 33.286385 -5.527897 8.77268 -0.97054124 29.735056 -37.481625 15.794619 -2.584741 -11.962664 -2.919065 0.15657558 -12.312481 16.380424 -19.905565 9.376636 
-341.68332 126.985756 11.736446 81.74739 27.241167 -1.8504031 -5.976695 -10.536775 -25.419508 22.027035 -40.487923 -7.8797283 -3.358288 -5.7853527 -3.3899937 -4.395492 -7.9522943 18.17418 -7.733953 -8.939972 
-381.69275 143.31708 10.979045 81.11271 25.2166 5.108029 0.6814239 -20.988056 -18.096575 8.554315 -36.530396 -6.7384896 -8.561242 3.163621 -1.3004632 -6.693163 -8.975063 15.349845 -9.536854 -3.6852841 
-428.8648 167.0617 17.751076 49.512707 0.4076799 8.628142 -5.2252555 -11.562646 -20.398102 6.5042953 -11.326164 6.540647 -5.7957687 -0.31851482 -1.9152654 1.5389389 -3.5456638 4.513037 -8.821332 -0.3488039 
-391.58084 163.72948 23.462873 46.804775 -13.901188 7.1684537 2.4712837 -23.364502 -34.571064 -3.4540331 -13.28636 28.298983 2.2177389 8.937204 2.0514421 0.5497649 6.514697 10.465828 -22.765188 6.054693 
-332.91733 45.713085 47.660244 49.294353 -0.04360395 26.118034 -17.799711 -4.216607 -11.676006 10.106096 -26.986712 15.473986 -3.7227511 2.7334566 1.3188564 0.5998156 -8.453632 15.612213 -17.405518 12.555704 
-290.09186 52.459274 41.031548 71.63648 4.4560223 8.747547 -21.096443 18.297417 -21.02752 5.8937945 -34.68316 13.852624 -13.634308 -8.875137 -9.518072 8.725394 -15.6277075 8.599712 -14.624798 5.969732 
-341.67224 143.30705 33.423203 37.218998 14.007691 -12.407689 -7.5660443 11.117981 -21.211832 -1.1640856 -12.509248 11.345197 -8.819388 -7.758689 -7.245891 -6.260971 -13.537362 7.648264 -10.8637905 -1.2051392 
-344.11847 119.63581 36.494373 26.412712 -14.061668 -0.52120423 6.1285505 -0.056016073 -14.4295845 11.854956 -8.422825 16.690165 -5.3305893 -4.5628834 -8.791721 -10.559889 -6.2005925 9.693211 -13.196728 15.035671 
-425.87927 151.80067 37.94689 37.37252 18.281624 21.329613 -10.096522 9.452573 -13.440419 3.0444608 -9.652081 1.7771796 -8.438697 -4.4799047 -4.267809 -1.7275175 -6.96401 -0.9481655 -12.165671 0.529333 
-385.20563 122.252304 43.553032 22.423191 22.951212 11.798107 -8.015171 9.190719 -19.171715 7.693452 -15.103311 6.2692614 -3.6708326 -5.663796 -3.5234804 4.597504 -8.649015 7.75434 -10.016885 4.8730025 
-373.04877 147.33221 13.334286 68.76183 21.190008 -7.8111234 0.37092972 -14.768195 -21.936928 -1.4981451 -18.931532 -4.408853 -3.2516415 -2.9350882 -1.5413737 6.7817 -8.659349 -3.7800548 -1.7308537 -0.11815222 
-303.0456 135.69469 -9.712245 68.727516 39.970634 -30.653605 -15.860744 -1.6422873 -34.86987 14.602888 -33.326565 4.3312807 11.543603 -15.244701 0.602039 7.97514 -22.717115 9.961395 -3.376146 -7.9801273 
-356.57065 157.05753 21.366066 55.165085 19.895332 -4.1601872 -5.568731 -5.6409082 -41.79039 6.1901917 -31.12011 3.0785398 -5.1931276 -10.643513 0.37564456 1.6585683 -16.394747 7.6750836 -4.6353707 -6.6529217 
-317.4807 102.70438 12.509859 73.21213 34.96627 0.94238895 -19.574472 -12.771977 -30.00869 12.508911 -35.927174 -3.346799 2.27645 -1.6327947 4.283658 1.8009752 -8.926486 13.928862 -8.765807 -1.8383746 
-298.62286 1.061103 51.934296 68.76328 -1.9968821 29.492641 -27.696781 19.386173 -10.7405405 14.942836 -40.264668 26.666712 -14.285531 -2.4149873 -9.343628 4.5165396 -6.429439 15.347356 -22.46076 9.849293 
-354.9666 117.07989 40.405113 48.538464 21.969475 6.4908385 -7.949331 14.743681 -21.929617 2.7348092 -21.286747 4.447784 -14.574166 -9.256306 -0.08388504 -0.15947752 -14.215173 7.9821415 -11.663485 -2.679091 
-319.8199 179.84283 -2.0317793 14.879795 -30.81944 -20.352695 4.132026 20.390694 -17.300413 3.329004 -6.0683613 21.635597 -4.4066706 -8.693993 -5.743456 -27.136766 -4.1101656 12.648367 -14.19038 5.1227264 
-299.09723 175.92424 -3.3184009 31.482506 -6.3832984 -18.776358 3.8156881 -11.24087 -34.53365 4.8611574 -3.2915108 25.765757 -2.6562839 -5.3019924 -1.8911805 -16.26687 5.516362 7.4961514 -17.76441 7.9151206 
-335.2591 169.75032 29.835571 23.759129 -34.24057 -21.209457 -9.132403 11.479779 -12.0526 12.978657 -8.40218 8.756202 -1.5023255 -2.7206154 -0.20359352 -15.823022 -3.735494 0.49677393 -17.673431 8.853497 
-307.17792 181.51468 -4.404968 23.671658 -22.215855 -17.413717 -1.7659277 2.9316013 -15.239955 10.442645 -3.4146929 11.378399 -6.189108 -3.6475878 -5.256112 -24.993965 1.7361804 5.3479123 -13.253263 8.16062 
-330.89413 98.44124 40.70535 62.697712 14.589689 5.863242 -16.98465 -7.7086334 -23.66843 16.914286 -37.664833 -1.5723742 -12.226924 1.4280034 -0.14012238 -5.785484 -8.975649 20.067375 -19.415476 -1.3001332 
-283.4364 53.397694 39.94836 50.779953 0.9207361 13.582101 -28.597176 2.3883822 -15.174888 21.051987 -22.131338 20.206352 -10.370891 -3.3218153 -3.5799408 -6.641697 -9.707382 10.793007 -20.71928 4.848713 
-343.40906 160.60034 19.196175 41.315197 6.873606 -4.8685946 -3.7013423 -2.6422098 -34.220627 -5.485748 -9.660983 12.049807 -11.580145 -1.703635 -5.873794 -11.70872 -8.5290575 1.7347907 -9.413516 -4.7331333 
-384.1164 120.72115 39.095352 34.758774 12.505424 9.3046 -7.8161416 2.544155 -18.507463 7.1954975 -9.673858 11.363468 -10.6746855 -6.1304812 -3.459641 -0.64670974 -9.082527 2.3978724 -22.361204 1.8992163 
-360.03864 177.39159 0.98592293 15.750316 -27.926079 -12.694187 2.745433 14.827377 -15.464495 6.5100245 -7.8685966 27.68863 -8.520872 -5.2085238 -7.8520193 -23.500065 -7.141826 12.85145 -12.969096 4.2195177 
-408.22885 156.75667 27.539362 31.35236 16.641954 6.9012814 -6.578855 5.1024303 -20.251091 -8.902262 -16.142332 5.5501614 -14.354143 -2.6833005 1.2803986 0.9581803 -2.737031 1.8562465 -0.24127194 -0.56334484 
-360.51978 142.98096 25.137712 43.55391 28.640585 9.4656105 -16.050299 -1.5498863 -23.286148 -15.343586 -23.265526 5.91919 -11.785331 -6.315749 4.2001643 -2.588612 -3.93361 5.1448336 -2.98166 -2.017032 
-339.91098 59.148727 60.91573 42.768864 6.8742743 24.851633 -12.884197 -2.1366487 1.5304675 7.2843084 -33.440327 9.171553 -18.17257 -5.280401 -4.3178678 -6.6910734 -6.3830237 12.350805 -16.87507 6.009293 
-400.15836 135.73578 19.729225 54.31463 20.36553 10.1309805 -9.515018 2.8248932 -3.15507 4.6574135 -26.647087 -5.3148174 -11.76578 -2.5325487 -6.8845105 -4.3443327 -5.5805955 9.6593485 -7.5918784 -5.9278984 
-399.42218 99.361694 7.0281076 55.703587 18.11988 18.523382 -23.026226 11.604608 -2.9344778 13.759101 -22.43946 17.306671 -3.4574373 0.91988206 -0.13229783 0.0738461 -12.009827 11.614218 -17.34965 0.5226413 
-361.11475 89.55959 36.11937 56.71221 16.621311 14.998384 -10.239056 4.4340677 -21.068468 18.113024 -32.879078 7.081374 -1.2339617 -6.059599 0.6202062 1.2419547 -11.718566 11.187959 -13.095406 -3.7798958 
-340.63025 137.85674 25.61948 44.755795 20.94712 -1.222169 -10.016927 -7.9236884 -26.854378 2.3015766 -20.650942 2.9544191 -11.719273 -4.813335 0.8756804 -0.8032143 -14.09936 3.186264 -4.8592453 3.7594435 
-360.57336 102.16169 48.44132 44.01139 30.812496 10.847836 -16.81233 1.6837891 -23.90298 0.9690376 -24.827389 7.1131516 -12.370777 -5.349253 -4.297388 2.6290946 -16.00327 11.685336 -16.116768 5.804999 
-341.41077 137.639 47.672092 38.22145 -3.8128433 -1.7787198 -14.246242 -4.9599743 -31.670637 13.281484 -6.214269 11.317594 -8.718548 -10.446846 -13.233569 -0.5936004 -12.616089 7.785906 -12.146494 2.0389144 
-311.94324 131.21448 11.225219 44.115723 -5.81704 -6.027572 -3.9064746 -8.226362 -19.845417 17.256819 -12.774587 16.44603 -1.8129771 -9.7820015 -8.938205 -6.7247396 -8.667356 14.755839 -13.387954 5.6543455 
-336.149 157.16103 -1.4108671 41.97453 15.223103 -4.77051 -21.170387 -5.64278 -13.831844 12.676145 -6.5356326 10.725711 -11.23083 -5.098297 0.68943924 -4.7428055 -12.435577 10.431423 -11.319141 -0.37616616 
-325.02756 166.78073 1.2634655 43.7788 33.140194 -17.422035 -15.785051 -9.09093 -27.079508 0.7875599 -14.2225 14.139621 -5.150693 -11.619546 4.9413033 3.3530984 -12.820871 9.615514 -11.138379 -4.369461 
-374.11 153.78107 2.4620094 74.32719 18.329773 -21.693167 3.5229013 9.281983 -16.97223 -7.199551 -20.141792 -0.5186953 -3.8089442 -15.551725 -1.9763236 5.8262286 -7.855662 -1.0732884 0.35405 1.0614247 
-294.8246 60.277866 36.147728 75.84388 19.150408 -2.5366466 -15.391637 11.433572 -18.984678 -0.21645927 -35.036125 13.954491 -2.566144 -10.122753 -2.8726122 6.6500025 -9.473172 3.2828472 -17.836557 8.262571 
-351.43597 90.50084 51.153603 69.25367 16.5306 5.3208704 -11.1007185 11.606242 -18.948708 0.06637791 -25.016804 13.242848 -17.947538 -5.887507 -5.696306 3.618321 -12.713079 0.9640319 -12.15794 3.2811196 
-331.57162 176.67921 -1.0491015 27.562958 -10.987827 -28.282778 -3.8187594 15.286911 -27.005487 8.81977 3.9924364 21.025087 -1.8356069 -9.80756 -9.094764 -17.236856 -15.00805 15.29306 -8.375125 1.5038518 
-347.18924 178.08276 21.969353 32.047714 -30.525778 -26.142824 -1.532569 6.1057744 -12.369328 10.00802 0.85942686 12.620944 4.325534 -3.274297 -3.5177126 -21.552769 -5.686065 0.022656389 -11.305635 4.3254566 
-329.54172 158.62688 12.133998 34.106968 -21.101175 -7.774717 5.30945 -7.9866004 -16.345957 9.84872 -7.650817 22.966398 1.9071647 -10.462536 -8.827412 -12.900903 -3.5202706 10.295784 -12.600035 6.5091434 
-352.90262 189.20467 2.7923708 34.706043 -3.2840974 -26.169842 -2.8015 19.646126 -15.875734 3.1895509 -0.6951678 9.462484 -4.8633237 -2.73589 -16.209406 -15.120961 -15.560886 -0.21926914 -5.0031962 3.510883 
-357.5461 104.4985 42.963276 47.30249 13.989842 17.111643 -15.144138 -4.675024 -3.7896118 1.9057887 -24.696238 5.7828794 -18.082146 -2.1274238 4.035113 -5.7982655 -3.8042154 12.709927 -14.324373 3.585353 
-398.3775 122.20825 19.123884 65.91138 35.480705 4.322546 -8.522839 10.508384 -14.74884 -0.2733399 -20.443195 1.7075391 -12.93084 0.15743881 -3.3936605 -5.5184565 -6.346646 5.0434003 -14.82762 -3.2857413 
-347.02576 172.8999 -14.435486 58.39348 22.53619 -15.4738245 -14.2232275 -9.466855 -35.158875 1.9331784 -8.0204115 18.35897 0.80374366 1.4528497 3.3468313 -3.1623988 -5.894105 10.304358 -12.390183 -9.705232 
-336.1952 48.287285 44.84352 79.743515 13.265704 12.03615 -12.646042 23.3768 -19.544533 3.9458232 -31.301249 17.999931 -11.60534 -4.849448 -2.2209692 4.172023 -1.5985923 6.6832333 -14.620012 8.383111 
-357.95258 135.08398 -6.3707256 91.960175 40.68162 -22.226551 -19.293144 1.5141635 -15.925557 -11.201718 -36.24059 0.7988155 0.40351364 -5.217722 -0.99933064 5.1924763 2.6037073 8.265743 -11.704941 -2.3979006 
-414.41956 110.85358 16.077618 52.6042 20.097109 17.56805 -21.193336 12.040119 -2.0674322 3.1219866 -17.116188 13.964647 -7.156095 0.31422874 -0.1322394 0.1845683 -4.508074 4.1799984 -17.405743 -1.4709171 
-404.95917 121.57856 12.005504 34.552902 6.7129765 11.244651 -18.640924 13.98609 -5.091753 -0.49755245 -15.47219 10.800058 -12.663894 1.7635871 -3.4019198 -2.4014225 -2.8517 6.320299 -9.494912 4.681379 
-308.4796 131.54622 -7.6827717 57.4237 33.80133 -17.321297 -22.089815 -1.5952364 -17.91356 4.4955606 -21.488945 4.2272468 -8.459755 1.3463092 -4.1109357 -5.6989765 -3.0156956 4.1478033 -11.152342 -2.0985155 
-323.37408 124.992676 8.59023 83.068115 28.446516 -17.767763 -3.5000193 -4.0362577 -13.77312 -3.218276 -35.368988 1.2860934 -8.776221 -11.097632 -9.884775 2.3403895 -5.5711155 -2.77281 -11.401699 9.273939 
-324.48724 112.96622 45.379158 42.64871 6.0882044 7.7326846 -0.46335405 1.3200301 -26.43062 6.048187 -21.845495 -1.229815 -7.0981064 -9.255828 -2.9283338 -3.3119 -10.695174 3.292627 -11.583096 -1.168228 
-331.90964 153.40962 29.807821 55.733368 12.0748 -12.3053 -7.284344 -2.5228908 -27.168118 0.7180487 -21.412203 0.20407242 -10.276486 -9.278477 1.5768521 -3.4493587 -12.670869 4.735683 -6.5645146 -8.178966 
-327.36664 77.40739 21.586805 86.18341 28.744896 -7.7579923 -7.5838175 4.3431153 -15.890126 -3.189869 -38.29415 10.662358 -12.524727 -13.13758 -0.63979423 0.46812475 -7.5620785 5.1402698 -15.367869 12.069793 
-336.51324 90.93666 23.53146 74.342545 37.184288 -6.4515142 -20.93262 1.6410478 -20.854609 -0.5603736 -27.630737 8.469258 -5.7301025 -5.1711264 -3.296704 2.842185 -4.957572 7.067081 -13.362487 9.390734 
-321.3365 164.08751 -3.9066675 25.420506 10.3296385 -9.627692 -11.838863 -1.8222318 -22.225565 13.89034 -0.025253586 8.525637 -8.221917 -5.1982093 -11.995582 -11.340074 -9.379397 8.609628 -11.106339 6.0153527 
-360.60144 111.632195 33.735672 52.53282 15.83825 9.635143 -7.8146305 -1.9456143 -20.29595 15.250741 -20.494398 -0.2896633 -10.783669 -8.4527445 -3.4922006 -2.356995 -10.785832 8.589695 -6.895899 -1.4029734 
-353.32516 100.66923 31.468092 56.586002 17.79028 16.948463 -9.064536 2.350606 -14.574607 8.968285 -32.028336 8.304471 -10.061095 -2.2694242 -2.29906 -2.8214502 -11.599077 12.8996 -11.705021 5.84282 
-368.36523 150.39703 -1.7761207 78.345 36.99339 -13.015359 -15.515481 -16.133007 -17.776918 2.8855839 -28.779528 -5.787504 -1.3141265 4.4331875 1.0807753 -4.7878046 -2.25501 11.1614685 -6.053598 -3.9507267 
-334.45032 79.92575 37.388115 62.432957 27.341257 7.2465997 -15.381332 -17.264666 -20.521088 11.254038 -35.803127 1.430987 -1.7985532 0.2940165 6.7085867 1.106692 -11.572875 19.537941 -9.541629 -0.5236202 
-319.8399 126.10726 -14.573809 95.731636 49.093067 -34.52545 -15.041231 1.7723192 -25.009027 -10.579971 -38.579903 3.8406246 -0.20161687 -17.276495 2.6468003 9.0014305 -6.236145 2.1842036 -4.645828 -1.7625825 
-432.2002 143.7405 22.715553 67.850945 18.797585 -1.5966582 11.32342 7.4040394 -16.534044 -0.12870461 -15.219445 -7.3228283 -13.716969 -12.130922 -6.8151035 0.43566293 -11.597959 -6.3035836 -0.16140449 2.2079566 
-337.28397 122.13888 23.227348 55.376972 22.857235 5.9751983 -15.304082 9.861811 -33.067596 4.4486628 -24.75627 5.945465 -6.774242 -8.367818 3.2589355 -4.1045933 -2.2312746 8.554333 -10.81658 1.5684828 
-301.02707 79.1506 15.823449 60.315838 20.524315 3.939803 -30.668139 19.693035 -26.664762 14.276474 -20.362171 8.77441 1.212075 -9.765675 0.9100225 -3.7203412 -3.0412772 15.248496 -16.796818 -0.5266617 
-300.69778 137.02371 13.418625 46.14084 -7.1645465 -12.431668 -4.1712103 -0.8157337 -38.52543 11.465258 -6.391534 13.253896 -2.9455373 -5.082857 -2.1239862 -12.417746 -5.170525 10.91255 -17.21038 2.6565433 
-334.2965 95.64557 9.361102 83.321236 30.168156 1.7438459 -28.045828 18.22231 -20.029936 2.8079858 -28.654833 -3.9991865 4.344335 -8.388631 -8.361942 -0.2700385 -4.327677 8.330204 -11.303114 -0.2890429 
-417.32938 150.28543 -1.9932117 71.55685 35.66246 -2.3490784 -11.634805 14.280199 -9.174471 -5.2509246 -25.89316 -5.4606433 -5.4852476 -10.239405 -5.8151193 3.774139 -8.712032 -0.21611486 -5.99046 -9.476425 
-505.26416 155.49329 17.43209 39.90499 13.237486 30.24837 -6.714852 19.724562 -6.0765615 8.683885 -5.8612304 -2.5884738 -9.905107 0.24882847 -4.9430957 3.3781726 -6.5075073 -4.1035943 -8.058008 -0.41426447 
-356.98886 133.83258 22.393175 42.258728 26.85131 9.887598 -17.241554 -12.470271 -24.14827 0.86374706 -17.208828 1.0631039 -13.945029 0.7512426 8.472107 -2.1353464 -6.6048226 3.108253 -11.706424 7.7114706 
-413.6022 164.97617 20.425606 58.00923 25.191502 1.3394412 4.9584064 -2.2989213 -25.642971 -7.6712832 -9.4162855 -9.096632 -12.541194 -12.444442 -6.542761 -1.6861377 -8.224987 -0.6758405 -7.0871115 -11.126603 
-467.7435 173.01253 19.960592 25.585854 0.6712458 18.099089 -5.5020204 18.48368 -6.750216 4.885703 -9.112303 -6.2032766 -14.21272 -2.551711 -8.955558 5.5952163 -7.460449 -4.3695116 -7.178365 8.8102455 
-477.7585 171.10568 15.772064 22.77218 3.9355304 30.88916 -2.063186 19.464891 -9.849938 6.9958344 -7.489403 -7.921777 -15.166065 -7.492051 -5.879231 9.757511 -4.7528415 -2.4910235 -5.1137586 6.3819714 
-451.69537 142.15642 24.273369 61.629368 21.620152 2.6129174 7.9371166 15.948857 -13.653967 -1.4623609 -10.921609 -4.11129 -10.710693 -8.960005 -5.5503244 -0.06481203 -12.096794 -5.9157267 -1.2798753 3.4200468 
-337.9565 126.89096 11.057757 58.830486 26.651833 -7.86111 -7.497248 -9.204456 -21.978481 9.879215 -18.360058 -1.41616 -3.1284456 -3.1950123 -3.338294 -2.5327551 -11.643955 7.953331 -9.399696 -2.1370392 
-292.31668 44.01986 40.54499 72.30009 15.1174755 10.964375 -24.10029 27.148663 -29.038517 15.275493 -37.814342 -0.06916746 4.115773 -12.86389 -7.633702 -2.6003218 -3.970336 9.447153 -16.725584 1.7678759 
-264.72018 147.80272 11.840677 37.06624 -6.195805 -26.531584 4.145303 -2.5907006 -50.020397 7.9571905 -23.943644 9.796837 16.059685 -1.514833 2.4113023 4.3119345 -13.410136 2.616424 -17.891214 -0.8184247 
-307.7802 21.877663 41.977997 59.9744 6.019644 14.058483 -25.075047 36.644367 -27.103811 15.708415 -31.403297 11.708533 5.513325 -2.6533089 2.724513 -1.1958895 -4.45996 9.758268 -21.329868 4.9664407 
-295.40613 62.29964 8.618908 68.97522 34.566174 1.7358744 -35.484795 38.58462 -26.144548 4.9174213 -35.653908 7.6465793 1.7538348 -13.891462 -2.618774 1.3790969 -5.948681 6.916224 -15.0565605 4.546597 
-382.60718 152.15674 -7.2832055 66.06602 57.38535 -16.609142 -13.328064 24.4488 -10.426944 -2.9884923 -29.288841 -8.191556 0.48021495 -14.701107 -17.895742 7.36534 -9.7573185 -7.4686456 -7.756389 -0.5591868 
-368.47366 181.05443 -8.994252 29.342207 -15.108817 -17.643478 3.7535205 22.412056 -19.369595 3.4174037 -1.5192882 13.523826 -3.465276 -8.874468 -11.206341 -21.12114 -2.2870202 7.29078 -10.415931 3.652655 
-316.39883 167.36554 -17.487144 10.6297865 -17.327845 -1.4986651 8.687386 13.654961 -14.660533 10.585442 -0.88378227 19.999855 -8.007449 -13.4352 -2.8890202 -16.401253 9.050212 8.54651 -13.189292 4.847609 
-328.39764 145.13892 -3.084258 75.54449 20.214981 -22.569221 -1.2899191 -14.757607 -20.213686 2.2440856 -26.85668 2.6383677 -10.595705 -6.2480807 2.7213674 2.355678 -2.6201067 4.072271 -10.519196 9.336304 
-323.94568 62.587307 39.217663 80.34165 13.516105 8.725278 -15.617886 10.955952 -17.470589 -1.4608415 -34.211464 9.219746 -10.220961 -9.939389 -0.94572854 6.83476 -6.174676 6.2726793 -18.59111 12.497532 
-349.47333 148.93544 11.14279 68.634056 28.057695 -13.85828 -2.4604795 5.3827066 -18.778255 -10.63289 -17.986599 -5.70666 -6.7658777 -11.540305 -7.27787 2.2704391 -6.684349 -5.8534975 -6.604996 4.150984 
-387.98743 173.25946 2.7742686 63.892857 19.230482 -16.632217 -4.020764 9.08992 -26.101675 -3.0197706 -12.84521 0.1398041 1.650668 -4.7070317 -3.0585616 2.6171803 -10.349514 -0.06961608 -8.952125 -6.1281495 
-372.03705 89.02487 24.26405 67.83329 23.45266 16.31914 -30.187504 36.155212 -19.121267 3.6365008 -23.70437 4.248892 -2.1900716 -13.835131 -1.6420779 -3.6442065 -5.5917625 6.8443847 -17.980247 3.6313956 
-396.8728 163.91722 31.665306 50.366882 16.855446 0.43084654 -12.062313 2.5349872 -22.759438 -3.1082497 -13.443436 1.2415872 -2.3182077 -9.252795 -1.5301105 -3.3486667 -14.669083 2.126071 -6.533812 -0.1326056 
-347.35416 143.03915 13.609663 50.826336 32.40774 -7.571434 -6.158904 -2.7224517 -22.355995 -5.945608 -17.45725 6.5374117 -7.173702 -3.5277624 -0.8914216 4.818734 -7.344857 3.041138 -3.5203092 2.6852705 
-368.3433 161.65099 13.487126 37.33406 6.4276834 -13.295015 2.020164 -0.98243564 -31.469048 -2.071241 -6.7733865 10.023686 -3.990514 1.8235455 2.3311987 -6.1164875 -8.051027 -7.568924 -11.213547 -1.775064 
-398.2154 169.30951 28.712694 49.02628 -0.7673054 7.4987006 -3.4414244 0.44639635 -17.873615 2.162093 -11.8323345 7.0663013 -6.5462465 -1.166852 -0.81336206 -2.9059618 -8.072239 0.120663114 -14.539893 2.175613 
-438.2481 176.5629 25.26513 38.67296 11.942478 10.062245 -0.9626014 9.107014 -14.872308 -4.2068157 -12.537843 -8.469542 -11.884719 -5.5795846 -2.5432837 1.1731316 -10.632825 -2.858421 -3.8035753 -2.3898542 
-361.19104 111.83083 21.846127 54.64479 18.494894 2.7092335 -14.095621 8.963642 -21.85308 16.35246 -20.267717 6.766551 -1.7562144 -9.488392 -4.8895545 -0.82476074 -11.322373 2.4118443 -7.761635 -6.7409616 
-333.82492 104.16553 34.1494 43.13624 23.068588 8.2356615 -24.995861 -2.792492 -9.552521 10.472776 -11.443591 6.644099 -6.810188 -2.1716683 -4.24608 -4.056828 -14.51564 12.023653 -13.214489 -1.8338841 
-428.94995 170.55388 34.838047 31.734873 16.077787 11.174854 -13.718476 3.5513616 -15.853529 1.3779919 -13.035236 3.7614233 -8.337311 1.411364 -5.7804193 -0.35045588 -7.515714 3.021512 -7.62187 1.8774973 
-367.33792 136.8967 3.5448177 80.4545 32.039005 -16.356808 -12.495239 2.3452 -19.198164 -4.8503704 -31.352898 12.164542 -10.43352 -10.95164 -1.8926578 1.6002892 -2.5928087 -2.4368887 -8.356698 1.8831942 
-405.30823 111.84244 16.521284 50.08795 7.559248 15.554912 -10.65785 19.700977 -22.10185 12.779927 -23.629398 -6.1050167 -3.124503 -8.302646 -4.762121 -3.3487728 -8.590035 2.3905287 -10.362768 3.5103307 
-362.19736 65.964645 45.36476 57.476135 -2.3096666 32.573017 -13.087301 8.827267 -22.119026 27.843761 -38.635498 -1.3254656 -2.0364103 -11.234735 1.3368247 -6.039188 -14.374161 12.159592 -13.625712 0.1319245 
-448.33963 156.24673 18.728344 59.174377 23.072018 21.30052 -7.0900755 -1.276331 -12.578638 10.33379 -28.090675 -17.270714 -8.180607 -1.727284 -5.2207365 -4.871354 -4.9232225 7.9444036 -5.857477 -5.121162 
-439.7407 122.35955 6.3596187 52.67917 16.30451 19.375326 -15.157528 12.216252 -1.8676777 7.642214 -20.509026 5.626659 -0.98307186 -3.2893486 -5.5337896 2.2033794 -10.126342 9.198378 -18.859556 -1.1770765 
-469.65012 146.32722 10.624658 33.245342 12.785885 23.478733 -12.077564 15.653379 -5.001853 9.980107 -11.67731 3.1316087 -6.296214 -3.0933063 -10.399646 -0.17005812 -14.445644 3.3845906 -9.739092 1.4176173 
-399.55994 170.57477 21.566368 56.324425 14.526581 -7.1862326 -13.1583395 -0.4616452 -19.397636 -4.536944 -14.958757 8.123291 -9.927143 -8.30969 -2.4131885 -3.8633385 -12.228866 1.4076943 -10.732872 -1.7667618 
-433.94177 168.21216 43.11166 43.029743 3.7457173 7.1894183 -9.211079 -11.637301 -7.463052 -4.24022 -9.839373 -7.7835336 -8.100346 -11.865625 -0.8659258 -4.404869 1.8040606 2.6212018 -7.121085 3.9393556 
-369.97424 164.34186 36.766823 53.524956 17.32306 0.68930966 -7.836175 3.284318 -12.509876 -9.178932 -19.674154 1.1391424 -12.239119 -15.005291 -3.4261818 -5.663733 -14.814706 -5.4092073 -4.120619 4.9816437 
-355.09732 159.48863 24.102196 57.47085 14.289514 -15.22503 -2.94563 -1.8370209 -32.421963 -5.133401 -19.70466 2.1919909 -6.5041585 -11.526414 0.88372815 -5.4538007 -8.34545 10.335667 -6.541862 -6.065958 
-411.17313 167.3707 43.50124 51.317776 9.624265 3.841618 -7.0174704 -5.7814407 -20.04116 -5.2558713 -16.138956 2.0742254 -8.026868 -7.4452853 -4.5150685 -7.6935024 -11.448747 1.8808823 -11.428135 -1.8505543 
-349.3268 84.2153 29.641418 57.826267 27.145636 1.8030851 -14.869939 10.999756 -9.273077 2.3037004 -32.483765 9.701093 -5.1739626 -8.12034 -2.347494 4.786603 -12.893158 13.027101 -14.999089 9.857227 
-355.50327 156.6332 12.222457 12.303081 -7.6459537 -11.9849205 -2.999133 21.618034 -10.898977 8.656719 -3.4096715 18.506248 -12.341495 -4.8259525 -7.9257565 -16.200947 -5.0775967 14.952885 -12.651952 11.517269 
-357.63184 112.479095 10.287083 38.013817 0.47602218 -1.4578387 -17.767696 12.221724 -12.678168 9.331606 1.4124941 21.692696 -9.004971 -6.67485 -4.774879 -3.6500273 -3.9959574 5.8489823 -17.16469 11.105491 
-372.62933 150.86157 34.537632 30.016197 -23.667297 2.868248 0.18186188 -16.361883 -17.178009 7.9413037 -16.471184 13.782443 -4.84596 -5.127575 -0.50986695 1.7076194 -8.942631 6.714552 -16.31722 4.24938 
-361.50916 97.74829 31.522343 62.969246 13.107503 8.053984 -15.204098 0.38214567 -14.61775 10.359211 -36.54854 9.5299635 -6.5703197 1.795354 -2.7662091 4.8243427 -9.439911 10.806478 -12.934299 0.23547806 
-383.2495 145.07623 0.042168617 82.626625 36.85469 -16.59488 -7.818755 5.6356277 -17.397968 -11.512715 -24.716404 1.5155178 -3.4940948 -9.868689 -7.040962 4.1483474 -3.6360826 -1.3479685 -5.650993 0.104156286 
-331.63962 129.18832 7.791628 52.438263 20.198818 -0.08677801 -18.872911 -1.5489174 -5.2303495 7.6705256 -13.369278 0.8042841 -6.983039 -6.4228954 -4.2965617 -7.7712946 -6.5269775 8.87459 -12.8092 -0.5013492 
-322.80423 119.632095 19.817669 46.93677 15.17415 -8.080409 -21.135704 -2.7889812 -5.2737274 9.633442 -14.488246 1.8468688 -11.168734 4.151561 -1.9478613 -7.2360797 -5.695444 9.201191 -18.66249 3.444243 
-352.83493 75.84835 43.199875 61.674213 13.144896 18.626347 -7.9520884 -4.089652 -12.599115 9.067139 -33.13448 8.117744 -14.077592 -2.3362195 0.5366156 -8.838695 -6.89402 11.44699 -14.157343 2.3752115 
-379.44348 49.834743 50.078953 45.48132 -13.037141 32.81575 7.4923368 13.914188 -10.532874 21.796368 -31.623264 16.355993 -16.452614 -9.034872 0.99828595 2.256629 -15.848507 11.316896 -15.404905 9.092907 
-356.94168 91.973076 38.850475 55.373142 15.130077 13.328475 -7.9192514 14.5175 -37.452 17.169525 -28.413815 6.448739 -14.438435 -2.5063546 -4.284096 3.4793837 -11.6053095 0.8895032 -2.5562239 -0.8653499 
-403.9895 135.55609 22.90571 59.975967 29.066484 2.9701605 -13.44849 8.098813 -16.063286 7.5873313 -20.018047 1.1020875 -10.512435 -2.2645273 -2.3417244 -2.0629306 -11.6350565 6.617266 -9.009956 -4.8763847 
-314.26495 84.51684 26.013697 47.53067 -5.056799 7.7150183 -16.973625 -7.222954 -23.185602 21.132187 -15.258587 20.4999 -7.285219 -5.9252305 -0.52763844 -3.9145381 -13.395669 8.34729 -20.338037 -0.76373804 
-356.5977 159.58244 21.4206 24.731672 4.222952 2.0565677 -13.476785 7.148585 -18.101965 6.405481 -1.4091396 9.440762 -10.356812 -9.314654 -7.335451 -7.919988 -10.103474 2.5366085 -8.629715 -5.4069514 
-403.7497 167.86456 24.84238 41.18133 13.405913 4.310132 -1.2227964 4.106007 -19.92078 -7.838211 -6.41041 9.707943 -5.369763 -5.310444 -10.247554 -6.7684155 -10.251988 8.388273 -6.7277393 -8.593749 
-386.17496 132.98651 22.106201 47.82997 6.801286 12.322238 3.133727 -8.9417305 -26.045631 10.732848 -16.347786 11.25692 -11.867271 -3.461066 1.2909218 3.6591077 -8.99843 2.757521 -15.394387 2.5562124 
-342.76794 117.09679 48.820602 50.68035 -3.7012575 2.2199655 -12.94046 14.103409 -42.868214 8.569325 -23.154732 4.994066 -2.6087782 -4.2223887 -2.1344411 0.7410472 -7.6746807 0.2061298 -5.7521296 -4.4753394 
-356.0181 164.91273 16.26484 52.109634 -3.2580872 -19.040297 -8.927685 -7.974001 -22.276846 -2.9759092 -15.966821 13.571222 -0.04533039 -0.3368172 -2.0871532 -3.84072 -12.057726 2.8751013 -12.953851 1.504484 
-406.54633 151.13358 15.186735 63.46247 11.861154 4.4518657 -13.325993 -11.859905 -15.944202 -5.3208637 -23.177666 2.411828 -11.781422 0.24787648 3.3879623 -0.5944035 -6.3718405 4.1886034 -8.132295 5.2134724 
-339.7942 67.700645 39.8439 63.06973 -3.4639354 16.755892 -4.3264923 14.297324 -15.109654 5.7852173 -29.101 12.786401 -11.289117 -16.124353 -4.2880764 6.151805 -10.404868 5.303323 -9.971392 19.191982 
-359.87036 134.95528 4.1872964 82.13253 25.934786 -14.866306 -12.002903 -5.3312707 -14.264751 -11.7882805 -32.73116 7.2037888 -4.929355 -6.0764585 -6.2661324 3.984943 7.424709 4.0264034 -12.401844 5.423852 
-481.67047 153.06857 21.752268 40.5497 18.83165 22.972996 -5.579804 10.145155 -10.11322 6.533883 -11.812703 -3.8408573 -11.07625 0.3660292 -8.045812 5.326022 -6.592136 2.933395 -6.140315 6.660828 
-413.1305 128.65887 26.604237 24.22347 13.57519 14.186192 -6.1882954 11.879407 -5.5279965 9.124973 -12.895837 4.5178843 -7.966265 -3.574914 -0.44770092 3.7857661 -13.5093565 7.1002274 -11.479991 7.1452155 
-350.78702 180.5959 5.8878613 32.475018 6.0486884 -6.4832177 1.0531764 0.37316853 -20.741083 6.7935815 5.398649 3.8501196 -10.881527 -8.692235 -13.838763 -12.932514 -7.35416 -0.3543185 -6.1202507 1.1823381 
-348.28397 84.686676 30.07666 61.683052 27.092588 2.60058 -15.986507 5.029279 -25.186386 14.493395 -38.614212 6.277017 0.90523267 -2.1093957 -0.82106316 6.6556168 -10.147218 6.309876 -0.27985075 -5.8642383 
-344.2025 104.70651 36.382072 49.45732 14.465315 10.585304 -12.379186 8.311146 -26.597166 14.529661 -32.35089 6.827744 -10.295157 -1.4281292 -3.0085032 6.9792757 -12.598799 16.154806 -5.2674146 -0.302641 
-382.17432 149.20389 22.419615 56.26083 11.926115 3.8602703 -7.3144555 12.549768 -36.359673 7.0530105 -24.297876 -5.7578807 -3.327493 -1.3379298 4.1960716 1.5585037 -6.066859 6.8183756 -0.9535028 -2.236009 
-390.29623 162.9643 -0.49640825 74.62183 19.653797 -1.5079874 -10.760201 -24.060097 -26.497215 2.7181008 -20.33599 -2.3238347 -5.3341203 3.0772462 8.400274 -3.8130083 -7.285382 7.878405 1.6383946 -4.0941205 
-485.70447 159.83424 14.817618 27.999128 6.789839 25.70696 -7.784089 12.501702 -5.2543178 8.403581 -4.991874 -4.928056 -9.515132 0.14356193 -3.8834789 5.491995 -8.593251 -3.7271886 -6.3213253 -1.3235078 
-362.94254 90.25125 43.942818 50.93805 24.239408 12.980292 -13.970463 -3.9040384 -21.830027 1.1213342 -17.368607 2.514526 -15.053436 1.4003042 -1.7184924 5.0693903 -13.554716 9.138335 -9.4674 -0.04428229 
-405.46387 139.72026 54.736214 37.86964 19.827118 9.63191 -16.63578 5.714753 -17.62197 10.143714 -25.500772 2.4947922 -13.791524 -7.550766 -5.2166758 1.3949976 -9.098409 9.259496 -6.32321 1.205168 
-379.08115 147.46185 38.772285 45.24855 18.30527 7.728759 -12.200108 -10.650479 -26.304853 -3.672265 -14.895325 7.32891 -16.280094 1.6340907 -1.3967509 -3.7388818 -6.1419287 10.098387 -12.381947 4.0885625 
-363.65732 82.84338 62.323418 45.179703 -4.177225 32.6686 -10.148732 -1.3224947 -7.730375 10.359239 -26.873613 8.461602 -18.29063 0.9054506 -2.180451 -5.143814 -6.27493 7.877523 -11.187804 8.507755 
-383.67136 142.62099 30.63621 61.690823 26.438175 3.4380739 -3.4199007 -4.022175 -15.8684 -9.570248 -14.368456 8.477733 -12.1187105 -7.020631 -3.3855348 -2.0065367 -9.805028 -3.0045733 -5.344108 2.1460104 
-402.43884 147.475 16.142076 48.79249 28.606197 4.4384985 -11.288064 3.3305664 -15.038544 -4.4418716 -21.834536 -2.0712063 -7.044038 -9.813555 -4.583273 8.871429 -7.845472 -0.7924594 -5.5214295 -4.880064 
-346.72925 120.72583 19.928644 67.14204 27.840937 2.9411016 -19.739096 0.73329014 -21.404469 2.6936445 -27.951813 2.5527072 -4.290053 -0.46060446 -2.2159407 -5.0578656 -3.1772041 6.527422 -13.936687 1.1355122 
-330.91028 104.13829 31.283577 49.583107 2.835169 13.333867 -32.382954 10.553255 -41.58646 10.517544 -17.300123 12.464268 2.6095614 -1.9283572 -1.1570776 -9.272269 -8.056529 10.014067 -17.513699 -0.86386234 
-418.6324 135.29597 16.119709 57.98223 27.381588 6.3606215 -11.776374 15.663827 -18.497166 6.8627987 -17.82826 -4.101466 -5.2369213 -4.6239443 -3.007442 -4.2563453 -5.8216248 1.7591624 -13.385023 -3.2022178 
-330.4115 82.9458 66.36293 35.61246 2.3086445 14.407586 -10.96989 12.579156 -33.49345 14.5863695 -30.262442 1.9063233 -15.653366 -9.854363 -6.3951044 1.4349599 -9.1886635 0.4806935 -6.65613 1.9574419 
-379.64328 136.85191 7.7851114 76.03629 16.566168 -16.497772 8.837514 12.226567 -17.438698 -5.5955205 -14.029216 4.112011 -18.649569 -18.590742 -1.067738 -0.7376318 -17.833591 -13.047206 -0.60175633 -5.5839367 
-470.80188 168.03104 -1.0360155 44.284977 10.736035 14.750482 -5.603465 18.46383 -13.795055 0.9666518 -4.9639306 -1.9729154 -13.1629305 -0.14405176 -10.404159 -2.5348806 -8.484356 -3.3902612 -4.8356 2.7016516 
-442.7099 154.08688 10.205721 69.341515 10.447492 9.549732 5.2208934 10.474124 -14.405145 -1.8567564 -6.775876 -10.307449 -15.761361 -6.0935106 -6.622783 1.3093698 -11.388151 -6.352424 -4.1080246 -3.1364913 
-370.84723 139.92015 11.192369 49.1797 28.652565 -4.8251734 -16.974554 0.29343107 -19.581667 2.5833254 -10.014224 12.636089 1.8059316 -3.6111166 -4.1840425 -2.320033 -15.245195 0.89879227 -8.651243 -0.9028417 
-377.7655 192.89038 11.958515 21.619234 -31.951952 -10.449373 -0.28285939 4.778737 -14.532935 2.1899962 -6.7196336 19.909351 1.236157 -0.16729301 -1.4657135 -19.305717 -7.012927 1.0708194 -12.002674 1.7994946 
-376.08374 194.70874 1.4246057 23.597366 -35.780922 -14.161807 -0.17830467 9.393572 -10.104535 8.440357 -6.5029373 17.158167 -4.197235 -4.296446 0.72308517 -19.236944 0.7652934 7.8927503 -11.935329 1.9631644 
-377.12256 146.32819 29.291426 32.15507 -42.225883 4.92589 -6.187524 9.5498705 -10.23795 15.311754 -16.765251 11.344507 -3.8346307 -6.592034 1.7782233 -8.544455 -4.6216197 2.4233034 -11.8641815 8.035993 
-376.3656 162.44989 34.361164 39.649246 -15.8687525 0.19000128 -2.5040495 -13.89233 -13.454416 5.4258704 -19.061325 8.960026 -4.4124703 1.8223588 0.7803547 4.177094 -5.312622 -4.8161607 -11.668003 0.1805857 
-420.51535 163.94162 22.126324 53.13067 5.316143 10.143032 -3.1698618 -15.9738245 -19.512974 -1.7808138 -15.389431 5.28624 -13.444642 0.98453784 6.875432 5.0981584 1.3642884 2.6254873 -3.3926399 7.7397823 
-474.71234 150.77313 25.766523 39.08241 12.177816 21.417803 -0.6052469 9.778022 -2.858924 4.71599 -7.4175873 0.51627296 -8.823233 -1.454685 -1.8036234 1.9965659 -9.586507 -1.9739151 -7.274122 -0.1726675 
-418.15027 112.790054 36.90939 71.586754 2.3445995 13.746169 14.6924095 0.27769667 -5.4610043 -0.09105548 -19.585777 8.772881 -19.015207 -11.63014 -1.6762115 -0.45019326 -15.258009 -5.9436502 -11.187169 -0.761719 
-354.89786 37.372192 55.53984 70.29618 3.8174748 20.525904 -14.151182 21.282907 -16.65947 4.3329506 -30.444017 14.7621 -11.937112 -7.6351786 -2.9180746 9.514397 -10.918813 0.3161612 -10.35321 15.163986 
-442.64496 157.9327 43.252033 35.065987 15.570797 12.261878 -15.959261 6.1599913 -17.454554 2.6644397 -15.331209 3.0459433 -14.210926 0.65684825 -8.838935 6.3395963 -2.86358 5.9065804 -5.16077 6.176746 
-382.59082 177.16763 -0.5698583 35.735413 -10.159509 -9.394146 -6.893085 -4.4635158 -18.984102 10.651735 0.47479364 14.758046 -1.8481004 0.3267246 0.2637966 -2.0907958 -8.0651 6.348991 -8.243112 0.45538372 
-455.54135 151.24574 17.46855 39.0748 9.53001 16.712875 -5.7226524 11.93461 -2.369399 6.786277 -3.9588263 5.7983546 -8.340748 -4.025311 -3.7207386 4.0913043 -5.6318264 -0.40824327 -9.217679 3.4314632 
-426.21143 111.24958 30.713737 28.332756 9.178516 23.505285 -4.342727 7.271242 -9.829541 12.1268635 -15.196047 4.367925 -7.602007 -0.74389243 -14.423865 13.602255 -18.091866 4.6918306 -3.9764922 -0.34363535 
-433.66907 100.92147 30.996626 38.879395 12.962838 23.510073 -1.3243934 12.147339 -6.5183883 13.350386 -17.183838 3.1095586 -6.0951505 3.3561318 -11.910589 12.92918 -14.290687 3.479816 -3.928476 -2.1475902 
-475.41223 136.79445 29.578932 33.963272 12.309361 17.172493 -2.020479 14.527176 -4.1110272 12.623485 -6.268955 4.1954556 -5.351528 2.1475012 -10.802173 10.335692 -9.9882555 5.6298947 -1.4428606 0.22185016 
