-349.02112 102.54831 32.18371 37.140526 6.3346066 12.373825 -1.6048999 7.0596666 -16.184164 12.997953 -21.784742 0.23144977 -11.66649 -2.973237 -11.795836 6.8409934 -16.31399 5.6064034 -5.636877 -0.016822258 
-213.36224 170.85646 -16.548557 6.139902 -0.08354473 -0.49839932 6.289382 7.703916 -63.8121 -10.671846 -5.5097075 -6.705733 3.9742916 -4.4474487 -8.529312 0.45504433 -10.934597 5.7176766 -4.6072974 -5.0472903 
-217.41808 150.95319 -0.58454967 20.994413 10.966188 9.387155 -5.8910537 -15.568851 -61.828396 1.8196225 -2.9086015 -21.855246 -1.2155013 -5.6083155 11.317786 6.7843723 -17.861008 3.4313376 -6.5433087 -1.4291494 
-312.95004 152.7257 15.679757 29.26147 12.811871 10.391205 -4.510705 -3.3278568 -29.736847 0.92696506 -7.5483203 -13.412762 -11.48447 -6.3298655 6.7951727 6.745176 -5.9931927 4.5890355 -2.2018297 -3.6603916 
-383.31522 130.12952 18.757586 31.620693 10.737504 10.707981 -4.526633 12.961221 -8.955508 8.271618 -19.134823 -1.8077232 -12.389179 -0.28295693 -11.267445 6.892163 -12.305561 1.6558871 -8.877835 1.5756643 
-304.44165 152.08809 6.0023313 27.761087 16.465069 17.23261 -1.0978781 -8.911101 -41.625572 -0.2439928 -10.75272 -4.746201 -4.4468603 -2.2447584 -2.3147178 4.2753263 -12.846471 4.9608517 -8.894395 -1.7159851 
-281.65613 131.04164 31.99186 21.376247 -0.9967365 3.384755 0.54070127 9.799039 -36.493423 -1.2941068 -27.295145 -6.4726768 -8.333396 2.6208012 -11.48598 6.8826785 -12.983835 2.0891774 -5.3293796 1.5236794 
-271.3716 158.72716 13.037719 19.281542 1.8626306 9.307133 5.305883 7.406725 -35.325676 -3.5523283 -20.166098 -9.75322 1.6238014 -2.081927 -13.084061 0.96822906 -10.188862 4.82594 -4.0871778 1.5939155 
-254.69186 82.49444 38.836 48.7007 -7.319685 26.212067 -6.8202453 -7.621411 -27.089699 -0.8746855 -18.359585 -10.036821 -20.92981 3.296375 -5.966925 5.6111975 -9.950411 5.010616 -1.4691997 3.4742134 
-276.9642 146.94316 18.202368 50.08431 27.290337 7.4660025 -12.298052 -1.9914529 -30.73171 -2.5297868 -19.845755 -25.044508 -11.699293 6.6124997 -0.4471411 0.8690941 -8.947151 16.284641 0.2543416 -4.6266446 
-265.9047 161.21545 2.523228 18.712448 17.20799 16.05782 -9.473194 -7.3176703 -41.56378 3.6412244 -5.8827543 -11.424425 -4.8414545 -5.3287373 -2.2669737 0.63059926 -11.837077 5.0041842 -7.1014585 0.49780592 
-255.06662 165.65964 -7.8107357 19.775291 22.306728 17.708052 -19.395676 -6.6461287 -34.174404 2.237997 -2.9620116 -16.210514 -1.9917293 2.9284353 3.3535042 1.5484257 -19.017424 6.9803715 -5.0559764 -3.2683282 
-265.93677 158.96773 -9.321034 33.921 27.425903 -1.4654622 -17.055758 10.088698 -25.58226 7.5667777 -9.287102 -17.024452 -5.2517776 -4.97769 -14.609792 4.7885966 -11.2905035 12.792183 -5.425194 3.4865985 
-323.87866 152.16217 23.033539 38.31562 29.48154 11.256854 -12.16399 -2.4298792 -21.58504 -0.36358902 -20.608946 -10.109866 -12.913146 5.5031443 -2.6785784 5.2008576 -12.963006 8.30763 -0.645161 -3.4521885 
-266.02817 171.86612 -19.824074 4.980751 11.174506 18.287584 -12.580322 10.353946 -25.093071 0.2795306 -4.253992 -5.2611637 -9.831321 -6.093623 -13.896635 9.083111 -17.003859 1.5477346 -4.676789 -0.6024499 
-283.95422 159.44965 1.0570602 2.5055442 8.566987 18.345146 -7.4207907 2.3637161 -23.337881 -0.6966998 -3.1946912 4.1374197 -5.3155723 -3.7677536 -7.4059467 3.7158542 -14.041363 1.5095435 -4.842769 -2.6445627 
-260.89944 79.34193 51.617294 15.328325 -1.8242798 31.911821 -17.866388 11.018126 -21.215084 -0.64400595 -10.931429 -2.5255644 -8.535429 -5.5680156 -11.973629 5.9800706 -19.361816 8.541106 -2.9199162 -1.7211574 
-311.19714 122.14765 44.189354 36.390404 19.261555 23.438637 -14.153561 -1.7903358 -34.91424 3.6574237 -17.426836 -14.5754 -19.000027 1.1492795 0.49501234 9.552692 -10.775804 6.2722774 -2.0347526 4.0205283 
-302.09927 91.09244 35.26079 41.807335 -2.7598555 30.228556 1.1609035 7.2813144 -24.896091 6.1320305 -19.103817 -4.4550977 -17.969599 -2.343831 -7.7026386 7.58256 -4.806762 7.7113767 -1.0297993 0.33454058 
-309.9998 161.54903 32.914154 29.999786 -2.4472647 -5.077833 8.848002 14.4422655 -23.847733 -11.909237 -24.942772 -14.972624 -2.4961505 6.9708796 0.12786907 2.2562096 -7.5297294 5.044436 -7.7766438 -1.6429157 
-296.53073 114.41943 48.251408 28.95266 2.5329218 6.152071 9.834577 4.6310487 -29.149492 -7.103304 -32.55552 -8.115025 -11.32655 0.39976284 -8.927672 8.535285 -13.149593 5.7914057 2.6688647 4.097262 
-286.43875 79.76166 40.221783 65.952545 -4.458698 13.487323 -7.712777 5.670531 -18.268654 4.284128 -21.118692 -9.063467 -15.359482 -4.935137 -10.202766 7.113774 -8.854614 5.180491 -5.437681 -1.4043789 
-295.6034 117.53085 29.090075 61.10717 18.314894 8.763126 -8.535625 6.2926764 -26.361872 -8.329754 -29.298409 -14.461384 -14.396986 -0.2494394 -8.416681 3.4842832 -4.6992483 9.88549 0.6841952 -0.8198643 
-326.72058 132.31659 25.832771 50.64139 15.2187 13.13989 -5.088366 8.243943 -23.824978 -6.6864305 -24.00757 -7.969586 -10.948252 -1.3421717 -14.441452 6.4285116 -3.1294847 6.3732243 -3.150218 -4.8309727 
-306.18933 140.93529 28.368828 22.081497 14.682293 25.422466 -1.3749261 0.46651813 -38.006363 -7.1054754 -19.611992 -2.450717 -11.613767 -2.984106 -2.3479373 12.563058 -4.98775 6.6758385 -6.2049093 -2.3487391 
-319.8827 114.12172 35.673275 34.7216 5.9003224 24.215899 -14.420048 0.31297916 -21.861467 6.9396596 -21.19872 -1.2142252 -13.580963 0.17219543 0.11888441 9.667689 -13.920212 7.4765115 -2.399104 -2.8214846 
-328.4923 144.83159 16.183126 36.2924 15.954932 13.925839 -3.2222035 0.26015696 -35.286324 -0.11653635 -19.352348 -3.1643116 -9.4423685 2.0824714 -3.3805575 9.163502 -13.737442 4.830185 -1.2354635 -2.3884852 
-356.76877 142.14705 17.019016 28.016428 9.921828 15.800298 0.22385131 12.512666 -24.629778 1.6600003 -12.891391 6.201469 -7.0352426 0.40212652 -12.789094 9.446529 -5.755444 10.461747 -10.84654 -5.706381 
-374.95224 127.14273 15.098053 35.869923 8.810427 15.772618 -6.2962894 11.597439 -9.592468 9.900541 -13.865165 -0.10626321 -11.324573 2.1346855 -8.59434 3.0476787 -11.172559 0.17151982 -6.061319 -2.4870818 
-303.41797 93.51725 25.322807 53.894825 16.818016 3.6751463 -17.749594 22.338882 -23.544567 4.150094 -21.85043 -4.1221848 -14.727726 -0.117914096 -5.509301 3.357558 -8.636172 5.764222 -0.02238671 -8.478385 
-260.80273 55.266033 50.454037 60.98244 -7.048633 26.018507 -13.426341 2.0994241 -19.903645 3.703269 -24.315327 -9.521624 -13.200566 2.7217383 -14.027439 5.1766543 -3.2961826 9.404371 -9.179272 -3.5908618 
-326.8506 139.60655 27.608582 48.64099 17.344406 12.71949 -12.405444 2.2913716 -22.349796 3.2145877 -22.596796 -12.049035 -9.294128 -0.4405493 -8.624702 2.9294643 -6.561701 4.9284253 -2.8537157 2.6935973 
-308.12268 174.84888 11.18771 13.9423685 -5.095621 11.262202 16.205997 16.369667 -35.298668 -7.163134 -12.692104 -5.391505 2.7382457 6.5077147 -11.099135 -4.2214665 -7.7853184 2.1445036 -3.4734862 6.5249186 
-253.90872 143.31158 6.2204866 12.023954 16.34346 13.105994 -16.794506 -2.5261583 -35.364185 5.300146 -12.213754 -5.7110877 -4.054365 4.02143 -1.4424348 2.1016476 -23.87385 6.9775457 -6.7433844 -1.2025443 
-278.08942 157.35931 2.5209703 29.165066 16.354275 4.754896 -4.8415737 -1.0203786 -38.1186 -2.4775949 -15.470463 -3.9849226 0.6588655 -2.1128118 -6.35265 1.8548868 -8.283868 6.4706755 -6.1956677 -0.7830854 
-313.66577 113.15135 23.309273 50.684586 26.303381 7.554874 -17.859478 21.203285 -27.429094 6.612152 -21.117943 -8.780796 -11.232213 -1.0358347 -7.873184 -2.9914198 -9.769609 3.2743573 -0.119117394 -5.1383896 
-340.8365 143.09409 26.613922 61.67749 20.84237 -2.44676 -1.484796 11.473552 -24.020746 3.8281512 -27.144646 -17.33677 -7.1569223 -6.998695 -15.505544 4.2301693 -9.314196 0.9587434 -6.064305 0.13611285 
-319.71362 147.62332 23.012604 45.245876 31.16533 5.5163527 -10.820097 -0.49010256 -19.529799 -2.6250162 -24.589338 -16.187246 -13.307835 0.12093099 -4.21646 1.7268332 -8.183573 9.063222 1.9068942 -4.8541574 
-301.60483 119.029785 44.408047 29.268589 4.4593787 8.893535 2.6778104 7.5396404 -24.057934 -1.7768502 -29.974783 -8.338602 -9.355421 0.889507 -5.9944916 7.60342 -3.6052065 5.3182387 -0.83904433 -1.0879756 
-300.3533 106.61742 47.060104 35.317635 -9.7062645 12.431621 -4.782225 7.1658597 -20.69904 -1.1186591 -29.565708 -3.24742 -5.3339243 4.098407 -4.7389746 6.118765 -4.238898 4.826126 -3.1758158 -1.7557044 
-302.57925 82.31841 44.802025 52.36519 -4.8553696 28.823992 -11.105151 9.739275 -20.190966 10.690671 -24.30677 -11.005103 -11.061593 -3.544009 -4.386719 0.8705688 -9.677682 8.754993 -4.227656 2.3348835 
-270.46646 35.655605 53.68242 54.44692 -21.931679 35.292328 -15.026579 16.247116 -12.304172 11.881626 -17.041317 -4.4814625 -10.787592 -0.6149092 -12.434895 2.4111814 -10.542027 3.288431 -8.948015 -3.3649733 
-354.366 120.86567 27.085514 41.119316 13.572978 13.29979 -2.3181593 8.328561 -13.685464 7.8603168 -18.380713 -9.652862 -12.111961 -4.9084888 -12.368679 1.1476388 -8.52815 1.921627 -6.096919 2.354173 
-351.6027 115.78495 11.308206 32.96251 8.798962 20.215921 -2.1321616 5.804796 -11.839537 9.081886 -14.976027 -4.325133 -11.145395 3.4886107 -11.316431 2.6968992 -7.5467887 3.875891 -5.7930484 -0.6328322 
-352.24155 142.25673 12.152986 28.135542 13.971447 14.559651 1.7799886 10.312766 -18.204784 9.774349 -9.380914 -4.8058615 -10.717647 -1.9010514 -10.500582 -1.6421221 -10.9149275 3.2887454 -7.7284946 -3.83068 
-277.00232 171.16273 -12.400144 7.823907 -11.34937 4.3481684 21.0531 14.792247 -31.011234 6.0127482 -10.445444 -7.7245755 2.6727476 10.452067 -19.006752 -6.8241806 -10.551459 -0.11417462 -0.6898645 7.5488214 
-262.90558 174.75642 -12.060604 10.11447 18.666466 11.104952 -9.755238 3.275044 -34.723717 8.765629 -3.9002843 -4.5888033 3.447214 -0.8894446 -5.0677075 -9.698804 -16.96599 5.655616 -0.08651589 2.030632 
-307.42664 122.759605 38.571793 34.421177 5.0334935 15.690411 -2.072349 5.1277933 -33.738846 5.115766 -21.14684 2.6976068 -7.6895056 0.31527302 -12.845903 3.898357 -4.116885 4.496717 -0.66267556 -4.203081 
-305.07318 147.17859 7.4598117 44.962162 30.81083 4.6159463 -13.745939 -3.5214183 -25.802261 -1.3658592 -24.755747 -10.639904 -3.7827039 2.6705735 -0.21014693 7.1796393 -9.678577 9.309194 -0.39780045 -7.390959 
-323.0932 144.78036 33.601692 32.46542 12.532985 4.5794 -3.9586143 4.2349153 -17.395721 -6.2328067 -24.018972 -9.148258 -4.578501 1.4056206 -6.0439806 3.077259 -7.8603888 8.563833 0.4801214 -1.9062407 
-283.86234 152.6031 3.7238796 26.339928 9.68108 22.453514 -10.86585 -7.4475155 -31.952126 -1.786087 -17.72084 -2.1427798 -7.8827786 0.54632497 1.639427 0.82861924 -13.381103 5.8104305 -2.1116102 -3.0210702 
-309.40137 146.34074 4.908901 15.8676405 8.475456 19.580702 -2.0941727 -1.4834334 -25.775589 1.5842026 -7.610999 0.11739519 -7.216702 -0.73655915 -5.545879 -4.8661594 -16.856073 6.0113764 0.5070661 1.3417466 
-304.7615 55.495518 56.113663 42.668903 -9.20422 25.633263 -4.631875 12.161069 -15.382283 14.480938 -27.435469 1.1754389 -3.6036634 -3.0475705 -8.419965 8.577457 -17.028017 6.2857633 0.20749474 -6.1067276 
-328.62024 115.40701 38.715855 44.102005 12.734554 18.076153 -6.339468 3.7411127 -26.824842 6.2074685 -26.35307 -9.249846 -19.665825 -3.5088441 -6.331781 8.409307 -9.707522 4.899402 -2.5982573 0.3295437 
-359.97034 119.08078 21.11407 30.778866 11.365245 17.497581 -5.6414146 9.509078 -7.11111 5.443884 -16.715172 0.48091936 -11.173442 5.2597446 -9.510591 2.011506 -11.163361 4.866785 -7.48993 0.090377145 
-367.49753 130.68976 16.615078 31.897383 12.49161 16.344568 -2.4237628 10.118154 -7.052936 7.207126 -14.5044775 -3.215069 -11.794412 0.7832027 -9.35847 5.798972 -8.656808 3.8317828 -6.5069485 -4.215929 
-310.01562 181.60834 9.711396 10.786864 -12.182559 9.741092 16.356668 12.447298 -29.190063 -7.99492 -14.298699 -2.1745498 6.2480345 7.443159 -12.507187 -2.9901898 -10.46667 0.32903263 -4.309659 6.136156 
-288.4887 137.36626 14.94438 21.669865 11.064217 19.231983 -16.894016 3.5191143 -30.904205 8.819241 -9.595639 -2.1121716 -4.85935 5.505394 -6.145969 1.0692582 -15.1624775 4.515038 -7.1461887 2.2865264 
-288.12006 162.27357 -6.9551263 31.069366 27.616419 2.853062 -23.632605 3.0076838 -27.123293 7.659717 -17.777096 -5.857849 -2.5040474 5.7676487 -0.20702648 -7.023562 -14.432186 9.003953 -8.801403 -1.9620624 
-270.90414 172.24341 -29.89033 8.917838 12.234865 13.44579 -6.819192 9.948233 -26.14424 4.7736588 -4.5116267 -8.563953 -9.431295 1.217626 -9.144043 4.620104 -16.541878 4.9265895 -1.2164558 -2.019869 
-271.23773 76.96019 24.650303 43.360855 -14.168643 27.765997 -16.076538 9.378155 -17.11326 14.344535 -13.09266 -3.2786334 -10.075034 2.7875276 -11.234785 1.0294367 -15.560528 6.2822523 -7.470915 -1.3440361 
-314.25635 127.32342 39.715256 50.949856 15.006138 17.541159 -10.893747 -1.6473364 -27.918274 3.2404203 -27.706211 -13.971998 -13.540105 -0.619745 -6.826209 2.1014464 -8.146167 11.309354 1.1544204 -0.9788301 
-299.5527 122.32198 35.037056 35.91255 -1.0099972 25.953955 0.12827349 5.8760486 -33.171753 -3.4940379 -20.191725 -1.8601233 -7.5401993 5.64736 -2.3495913 3.0637944 -6.9579296 5.9106746 -0.08998892 2.2329223 
-312.60385 119.81337 37.098305 27.955074 4.4034424 25.284563 -13.592086 1.7046819 -22.075315 7.4905396 -16.931658 -2.2011583 -9.56048 4.2705364 -4.9439945 4.6468654 -10.949485 7.300258 -4.573999 -5.3192863 
-350.3553 151.83768 30.240366 31.53557 13.969684 14.663671 -6.184844 1.0107452 -23.39907 2.2073264 -17.524178 -1.901953 -11.066444 2.9759572 -3.0296211 6.7960987 -8.898855 5.1520762 -4.0873313 2.2304823 
-317.20743 159.32808 31.955736 29.320099 -3.4698224 5.5761347 1.2518842 17.014044 -29.030037 -14.628054 -28.72154 -9.209435 -2.6546028 11.453327 -0.9952691 4.407285 -8.699834 5.300064 -3.2157898 -0.17128982 
-321.53946 106.40943 26.391277 54.859932 16.573706 23.663412 -26.4342 24.803577 -19.135159 2.6644707 -18.02926 -12.752977 -9.085358 -5.4835258 -11.539401 4.449882 -11.250013 6.851185 -2.9942827 -2.5912428 
-367.9524 139.33888 28.260008 41.045025 19.220001 11.253152 -4.2222395 13.961881 -10.699843 2.6982317 -19.7633 -5.9711924 -15.183746 -2.5844216 -12.591392 5.9623303 -11.543574 8.95937 -6.1576443 -3.4837162 
-305.86893 91.75725 27.887182 52.466316 14.210875 16.967428 -14.476015 25.488554 -23.964449 7.2158375 -26.506569 -10.216888 -8.084107 -3.36172 -8.217889 0.059857354 -11.572342 2.902935 -2.7274315 -1.6202828 
-321.6891 132.27092 24.469841 52.03747 23.314148 5.8336325 -2.7222078 9.089043 -22.069374 1.2106795 -25.142544 -15.799048 -9.407857 -3.1495647 -13.645011 3.5466194 -8.474788 -0.82141423 -5.2338004 2.128538 
-316.34024 149.42455 23.648851 35.304764 22.078012 8.412615 -12.024723 -3.1022432 -20.81096 -1.2286273 -18.615685 -10.16586 -9.724449 2.8890562 -4.216043 3.2050972 -2.6877565 7.6414304 -7.330971 -1.8199531 
-312.04935 134.57227 24.174051 22.755825 -7.1593585 16.832512 0.90368694 8.440218 -30.364943 2.1409407 -15.333954 2.044962 -2.3203962 0.8734472 -13.699222 1.4256314 -9.197772 4.978796 -7.1464047 -1.5247582 
-319.72446 120.301865 23.891827 54.743538 26.903984 8.477683 -14.210772 12.810932 -21.09492 0.5341786 -21.953373 -7.2174497 -11.4561825 -4.5063376 -11.542064 1.1306523 -7.68397 2.4215937 -5.2339745 -3.3010168 
-349.3049 149.95427 12.109755 46.956245 22.310997 6.987482 -8.799419 7.6493845 -21.747475 0.53103304 -15.7735615 -8.860733 -9.764713 -1.3962458 -5.3400474 3.1992693 -8.013529 1.8225588 -4.9158244 1.3123974 
-344.55154 154.93329 3.8007622 27.965471 9.313 11.514655 -2.5722156 1.8941988 -33.303318 -0.7086081 -5.2479925 1.7740752 -7.7332754 -1.8851537 -6.7913017 4.433504 -9.865104 2.1151838 -12.075055 -4.772644 
-337.74445 141.37248 21.939646 56.164635 22.613218 -1.4695773 -6.938613 7.305441 -24.369516 4.8913283 -23.735006 -15.567952 -6.6147943 -6.2743354 -15.85171 4.4047284 -4.688169 0.6960657 -4.604308 0.17889881 
-340.68307 138.00606 25.91669 32.86612 12.195388 9.712263 -9.48653 5.2643986 -11.609635 0.039922398 -16.658136 -3.7628927 -6.86804 0.6395206 -6.9386206 4.476257 -5.900813 9.283985 -4.0316887 -2.5336325 
-360.74902 116.443634 12.017559 36.30792 10.336583 17.283325 -6.2984433 11.553419 -8.67838 7.495307 -17.334513 -0.8693558 -9.348878 3.438838 -10.90174 1.5949609 -6.790982 2.7388294 -6.700339 -4.521696 
-363.83258 124.00694 20.793892 33.01389 9.346294 12.577412 -5.857392 10.442679 -8.422699 8.042103 -16.737064 -1.7926886 -7.5972652 1.2970871 -12.124771 1.2354089 -7.7468 4.579859 -3.1905594 -1.2381828 
-317.22455 98.593155 26.944363 46.9133 15.249644 11.758242 -17.872805 21.171686 -24.436762 13.435216 -21.081547 -7.197642 -12.955982 -0.112766534 -7.0082135 -3.4504073 -5.422405 3.427887 -3.0304542 0.017088123 
-286.69684 139.43219 -1.7400068 25.740675 26.50138 20.058605 -13.062859 -2.0228486 -20.030733 2.5273976 -19.569786 -7.5337014 -9.720154 2.6163664 -3.7717688 -2.7586412 -8.635462 4.7020674 -1.0609828 1.3956819 
-302.51947 112.4713 37.978752 51.066116 1.8638873 18.276138 -18.123783 -1.9814385 -14.984643 6.4146996 -28.183554 -4.8563833 -14.033405 1.8341187 -4.3668785 -0.98766 -9.3453865 10.3287525 -0.48724523 1.0459334 
-316.3252 152.75122 35.80967 24.42939 2.0879853 6.1740727 2.289954 14.769381 -25.358156 -9.9384 -27.585339 -8.862311 -3.243225 1.9559776 -1.4202132 0.56018746 -8.48171 2.2099988 -7.297373 -3.1263986 
-296.50833 146.45421 3.5151513 36.74267 37.15004 9.16958 -17.346214 -4.483387 -26.98244 1.0833573 -25.555199 -12.613238 -2.5814104 0.19945367 0.8505681 5.185079 -9.176183 7.101183 0.09980036 -3.381834 
-314.52206 112.63693 42.864594 41.905518 8.388653 28.306097 -22.800621 5.3525724 -14.112065 4.2379527 -18.774574 -7.98503 -7.87381 5.6191554 -7.096516 1.7747425 -14.666619 10.204972 -2.543451 1.3139462 
-308.9935 72.863785 66.3264 23.63659 12.4669895 26.140759 -15.147169 15.233256 -12.22504 3.0483093 -16.268467 -9.30083 -12.529054 -1.3099874 -8.998219 3.5907106 -16.875658 8.636434 -6.567021 -0.74285626 
-316.5523 106.99418 40.776993 22.70582 17.602013 19.307493 -12.247358 2.5871105 -25.301842 9.624149 -14.378488 -8.644542 -15.767341 0.04745923 -9.868992 8.0491705 -10.57177 8.264124 -7.0474515 -0.2025811 
-328.33606 146.96098 13.350353 37.65306 24.703856 6.3621583 -18.135075 -3.558664 -23.462416 4.2428236 -25.039345 -14.277363 -7.0072985 8.842239 -4.0200458 6.700953 -7.4113226 9.571957 -1.9161909 -0.03785112 
-337.55005 168.13031 11.736333 16.511524 10.326155 17.26228 2.3932872 8.364948 -28.925795 -1.7441971 -9.7944145 3.251292 -4.7704563 1.4933043 -14.429367 -0.4530805 -6.17961 6.087299 -9.165984 0.9095798 
-313.97363 133.72357 22.432869 33.004242 14.69453 20.460049 -13.542324 -5.268772 -31.234867 11.445812 -19.735626 -13.5232525 -4.4402804 4.5726943 0.027114127 3.2403545 -10.588887 11.760941 -5.5808043 -4.4706593 
-313.7696 106.72181 30.061222 51.61639 18.184929 9.061355 -14.581196 19.589933 -24.65032 7.069207 -23.911049 -10.706764 -16.778381 0.76704586 -9.938229 3.1618488 -6.959692 7.6077814 -4.705183 -4.162203 
-352.28674 147.00984 28.10183 46.398006 24.008049 5.381647 -8.467119 8.385351 -12.979485 -1.4378161 -24.527706 -10.645352 -8.794491 -1.1524053 -11.012772 3.9161708 -7.063321 6.3608685 -4.5648227 -3.3940926 
-310.34634 108.89268 35.00696 42.329098 11.390322 20.505363 -2.4017477 4.70608 -29.06049 6.6225724 -25.65565 -8.57809 -13.467915 -0.59634095 -10.133564 7.953537 -6.790077 7.26445 3.9521713 -0.35809496 
-315.40787 127.85147 23.500416 65.56418 28.048773 3.3605945 -8.694157 12.432388 -25.982582 -0.5807366 -30.355478 -15.567269 -11.568771 -4.862699 -14.607897 5.0054903 -3.6321573 2.8109121 -3.026212 5.2831173 
-288.19534 115.58549 30.361233 44.96522 19.021353 6.226703 -14.647755 4.0579095 -26.687584 0.63046 -20.416613 -9.94625 -11.263508 7.59044 -0.56728005 2.89743 -7.271944 8.081045 3.130301 -2.2178016 
-330.56653 105.69534 44.150414 36.41128 18.900103 14.417463 -20.326506 14.8036585 -20.014277 7.546428 -20.993439 -6.7115026 -14.520016 1.0190104 -5.0139227 4.674779 -9.081726 8.208282 -3.1335204 -4.8429904 
-320.80627 116.538994 38.51829 32.825527 7.056514 14.707698 -4.092632 6.9826045 -39.813564 -3.4182453 -16.346073 -4.047894 -5.1173253 3.905941 -8.792852 8.597428 -2.1865606 11.857573 -11.46558 -5.386892 
-373.1964 130.12044 22.587439 32.688713 10.526869 16.535187 -2.2169886 9.539246 -11.291488 9.627018 -14.743483 -1.6057086 -12.977629 1.2681276 -9.466225 7.6013117 -7.53081 4.359979 -10.000711 -3.3459382 
-365.14334 124.72796 25.965792 28.899305 13.86989 13.955877 -5.1022515 10.482867 -9.596548 5.1139026 -14.257687 -1.1450833 -11.717974 3.8173168 -6.051476 5.3495994 -11.952081 7.0509577 -3.6887255 -0.38663816 
-306.39804 160.01404 14.082221 28.93488 19.250435 12.4683075 -0.6556712 -3.124213 -45.610733 -3.8584797 -11.775459 -2.9858484 -8.567967 6.5845213 0.16025929 6.919309 -5.924383 2.8060775 -6.9581385 -7.8612146 
-320.2699 165.21732 11.824947 23.875618 7.4726105 9.472504 -1.2364341 -3.9248836 -38.280285 1.5945874 -1.635028 0.67339295 -4.9027557 2.843181 -5.207175 4.196849 -6.773087 -6.371648 -15.979174 -5.9566927 
-307.19156 163.82167 21.874985 25.224895 15.7283125 14.312276 -14.128657 -7.319351 -25.959694 7.399193 -8.389553 -10.212712 -11.698671 1.4595152 -3.2577791 1.8201041 -10.973423 2.484632 -4.8365774 2.954623 
-274.8271 175.43634 -4.756563 13.812418 18.594908 17.550327 -15.115524 -8.873697 -30.865316 14.028559 -6.682895 -9.843522 -7.5738263 2.2938058 -1.3638302 0.045051046 -12.200363 3.4538264 -9.807173 0.87257636 
-279.49786 120.344574 34.629753 33.949196 7.3158436 25.820103 -22.907722 -4.8508267 -25.630804 9.477543 -8.562797 -10.06806 -10.592355 9.429365 -0.42916203 0.09083165 -18.96638 7.534908 -3.2015648 -1.3155341 
-292.83337 161.24974 1.8186629 24.151094 18.483646 15.552665 -11.324382 -0.31164667 -25.01202 10.031888 -12.327075 -5.951126 0.81145805 2.6680677 0.5716063 -4.1042056 -15.184485 5.3425994 -3.1254778 -1.8308718 
-336.5153 159.81903 15.155267 20.749447 5.6707964 15.282455 -3.7480006 4.718227 -20.854557 3.0926347 -9.225741 -0.6830661 -4.4856305 -2.4438965 -3.6934514 1.6990714 -13.230587 -0.0941797 -7.2006464 -1.3234859 
-348.15405 152.57939 28.459764 45.50554 24.304138 7.5255203 -9.14896 8.540139 -19.746077 -0.9864814 -25.825548 -9.618205 -11.226271 1.6236265 -4.221136 6.170735 -7.824986 6.5618534 -4.529283 1.6055123 
-338.22372 133.91478 26.518375 30.33064 6.683485 10.853005 -3.8423288 9.307042 -25.020973 -4.2188473 -18.959723 -4.009947 -9.249118 3.032208 -8.242907 4.447266 -1.8436846 7.807012 -7.726074 -1.1038104 
-360.1738 107.987465 26.447075 40.86389 8.993107 11.824213 -1.4331152 13.887544 -13.75798 12.569968 -13.417057 -1.7655416 -10.916005 2.2456539 -14.626622 5.3226366 -10.503223 1.0301747 -10.247538 -0.74302256 
-381.53885 127.962616 24.308855 32.40675 10.85699 13.435924 -4.8380213 14.218098 -8.1514845 9.5799 -12.791469 1.8835367 -14.050621 3.1393638 -10.083187 -0.68558663 -12.42129 8.357076 -8.594371 -2.5426543 
-382.20026 132.27972 21.28486 32.5676 10.871098 11.62444 -8.083523 13.423894 -6.9079514 8.937123 -15.552039 -1.9834608 -12.474607 -2.121863 -9.3338175 6.457683 -10.183773 4.9002194 -9.270962 -1.8636088 
-382.0101 127.45012 23.3755 34.342308 13.778634 9.850114 -10.549925 12.301539 -7.7309985 13.772164 -14.728285 0.60056984 -12.40689 1.3283827 -11.097894 8.05086 -12.674669 5.9411554 -7.4753747 -2.5059743 
