-419.90784 165.74431 30.140734 43.921413 3.1914077 -19.00347 -16.447926 -8.554745 -17.187584 0.6214053 1.4993956 0.1278724 -1.4669544 1.5526493 -11.9693985 2.883769 -3.1986113 1.7643505 -1.2887516 3.9594853 
-324.73914 180.11246 15.979412 25.696299 13.711108 -24.023752 -3.5492074 -18.612764 -22.516422 -15.600032 -13.458182 -3.248704 8.96871 -3.4565976 -10.5674095 9.616373 -6.3461246 -4.777518 -0.011338098 -3.4407473 
-342.39618 113.107574 29.219625 47.786987 12.90431 -1.0377271 -8.837249 -2.937226 -10.637273 -8.801312 -13.48257 -2.0684052 -1.6527451 -1.1034344 -8.423801 7.857088 -9.135041 -1.2929169 -6.5945997 -4.696528 
-334.47803 149.77046 26.32497 65.22085 23.6365 -26.797325 -8.847021 -12.124004 -20.862976 -10.7838335 -17.409897 -5.2532787 0.7459031 -5.012642 -11.681948 5.8469563 -8.014385 -4.2889457 -8.075947 -3.9240499 
-388.85037 137.50497 17.636469 62.960552 25.959925 -10.914116 9.429538 2.1108818 -20.922386 -5.058737 -12.228558 -13.438558 -3.1063955 -10.093266 -17.460556 8.929681 -10.435133 -11.680761 -3.1621602 -3.288959 
-350.44467 157.34303 -16.53878 3.9556139 9.559811 -1.2325785 -12.786088 8.600502 -13.367191 -2.875805 6.225256 4.476876 -5.080711 -0.29680756 -15.881971 3.2349157 -7.3619766 2.8313088 -5.019967 -1.1289316 
-344.00772 189.74748 -36.75553 18.458534 14.05542 -3.0765407 1.274219 13.227276 -23.858627 -10.552009 4.0856967 6.1244984 -0.94518554 -4.3931017 -16.822895 3.2009113 -4.16535 2.3642626 -12.426999 -3.6035051 
-384.97296 139.3005 14.962742 38.973316 21.906895 3.0322204 -9.346622 6.829218 -29.089348 -8.421903 0.995119 1.8324237 -11.495467 -3.4917836 -8.331412 7.7696896 -3.56242 1.0799315 -7.6450434 -3.2525382 
-368.58865 110.48402 30.673645 52.64944 18.105843 9.063019 -11.701743 1.2264596 -25.39309 1.30914 -14.220269 -7.8794 -9.113969 0.81298023 -0.46174628 7.7156067 -12.492381 3.1921217 -0.12900607 -2.4571862 
-387.2859 157.57782 26.809837 45.111404 18.991936 3.0121415 -9.915691 -6.809515 -21.328112 -4.972724 -15.011536 -11.294453 -3.9218762 -3.8317807 -6.0048733 0.6740435 -4.9149284 1.7708925 3.5319376 -0.5385139 
-259.25534 167.45149 -4.8329983 20.055706 31.390434 -1.1270627 -17.697365 -9.263493 -29.677483 -20.6045 -16.103758 -4.0590477 1.2829523 -5.607326 -7.5540333 4.169174 -4.7310624 -2.9713755 -1.7793617 -5.380484 
-230.89421 110.02293 1.241208 39.853443 30.722311 -7.651524 -31.004906 -14.391205 -22.92058 -7.1821537 -23.76046 -2.635373 -2.8307567 -4.2623687 -8.962408 1.0791658 -16.016912 -0.8612818 -6.2520742 -14.750924 
-263.2218 111.5862 0.38750628 54.53917 48.264282 -19.82798 -36.996918 -4.126683 -21.250998 -10.376026 -26.509222 -2.3268318 -9.741211 1.8224765 -8.038508 -6.8159075 -10.252659 2.4198058 -9.4029875 -5.725801 
-323.12808 121.25528 35.645893 35.27549 -1.6824527 -15.726152 -12.428263 10.283459 -29.338829 -10.381503 -11.762791 -5.5003476 -8.9576 13.075389 -8.437986 4.796958 -10.031986 -1.3754888 -10.401806 -3.684196 
-364.7851 173.4115 19.208534 25.493074 13.417094 3.53288 -4.207511 -6.0730977 -23.24323 -12.512911 -10.348629 1.7106332 2.1388757 -4.154931 -16.113567 3.8751428 -4.193905 -0.092976674 -7.8750706 -2.7589538 
-364.58563 167.78606 3.326815 26.04 24.545383 2.472281 -15.867488 0.80787206 -17.3463 -11.001444 4.7238746 12.994278 -4.9422903 -10.5941305 -11.911422 -3.5404122 -8.332886 -6.210811 -4.911968 1.5212932 
-419.85425 136.5526 5.010228 27.74485 15.010647 15.801344 1.290489 7.4872675 -8.945554 2.6804974 -2.8793993 0.3211123 -6.5204735 3.9594433 -2.0912962 5.184864 -8.507307 0.34380928 -6.5022655 -1.2796953 
-438.86624 124.56686 9.52393 32.851448 8.950248 12.826763 0.9973662 4.454555 -4.90537 9.016546 -2.290413 -1.7539692 -8.10473 2.3773608 -10.025547 -0.22287676 -8.96704 1.3875495 -8.03367 1.7571585 
-276.92282 162.13116 -20.979687 29.15427 44.53576 -30.784708 -6.9711866 -8.302636 -32.589397 -4.9622064 -4.7755637 -4.300496 -2.7755854 -0.19292514 -23.890041 9.003591 -17.388472 -5.3841567 -6.312856 -3.9397266 
-231.84451 141.75906 -19.768751 35.54427 56.77023 -35.93988 -5.3781886 -26.89205 -40.39186 7.2237635 -19.786102 0.18594752 -2.0287108 -9.07812 -13.999515 12.715225 -28.93337 1.4969611 -7.012193 -3.353242 
-287.71194 81.96822 21.695963 51.82415 36.708897 -0.4116176 -21.316568 -0.24294016 -17.652418 -1.6320109 -20.387583 -2.4380352 -6.547566 0.6311834 -9.158313 6.481458 -16.471218 12.468786 -0.8799272 -5.0369506 
-257.5336 162.52344 -8.772229 13.860209 27.29602 -14.001875 -9.56008 -6.2580123 -16.098192 -3.9807303 0.7314628 4.3077993 4.0370097 -6.1151633 -14.645414 2.4993804 -18.643839 5.672856 -5.3059034 3.7471254 
-372.95016 183.93098 17.438862 38.528336 10.825789 -12.989242 2.7172956 -3.147719 -22.962624 -9.814782 -12.23464 -12.988811 2.707581 -2.3767378 -7.3316846 10.874524 -2.105311 -4.654999 1.1314082 1.9982259 
-289.60135 187.00082 -12.5554085 -6.451866 19.458504 -16.91937 -8.84795 -0.7264552 -26.819542 -11.9268265 13.425597 7.3695126 0.22729132 -4.3723183 -27.545563 9.379604 -5.859684 -11.1716385 -0.86421096 0.5034562 
-309.61777 114.36755 39.05037 18.677397 1.5002415 5.321226 -10.551926 -6.8465114 -29.280186 -2.0980499 0.62356186 7.9739914 -6.410757 -0.9943308 -10.577164 2.8452826 -9.521305 -1.4853486 -9.714126 -0.8238456 
-340.4967 123.350044 32.87626 45.21199 12.108389 2.0432951 -8.766841 -3.63848 -20.015465 -1.7798547 -4.517739 -3.3098269 -12.07067 -8.922742 -10.671826 5.2286415 -11.218166 5.727686 -4.0213165 4.436413 
-365.55798 161.2475 2.8754196 42.35918 30.305094 1.5785044 -13.910765 -1.9989626 -19.89357 -14.284007 -12.91039 -1.0872893 3.4379308 -4.294146 -12.123373 0.4534265 -0.8905055 -3.3696842 -9.131562 3.2585979 
-332.2772 193.64581 -8.09432 19.748808 -0.43516698 -24.603752 -8.530962 7.601469 -27.196898 -23.823364 -0.37141037 11.1398735 15.720117 5.8757215 -16.564135 -2.1796749 -14.370339 -7.286671 -6.3751163 3.133645 
-340.87842 156.24907 4.2393475 5.8745365 10.765574 -2.1502676 -13.228259 5.831048 -14.660192 -6.4293504 -4.5703135 9.225627 2.579136 0.61409396 -19.143948 9.917117 -5.006583 -5.9036155 -11.924337 7.365057 
-372.485 178.79025 2.071051 9.728896 -4.255917 -5.2703247 -4.148555 13.975041 -3.8328176 -9.462757 -10.067913 4.219633 8.5649185 3.8265572 -16.325747 -2.1057515 -15.210037 -6.183124 -3.0485625 7.277734 
-414.82477 173.42743 24.583616 36.75328 5.640581 -10.051911 -12.995112 -2.424466 -9.221606 -5.210398 -8.984768 1.3100604 0.24008553 0.3013345 -6.5821934 6.3283663 -2.7971153 -1.0206307 -4.885401 4.207577 
-402.01636 162.63922 9.150744 44.784092 32.634113 4.812784 -10.917866 -1.1868453 -8.889507 -12.686371 -16.710625 -3.6411579 -3.2641573 -8.857655 -6.700201 9.041096 -8.876631 -8.0593405 -4.5879445 2.5506506 
-391.11578 131.79959 18.882732 42.42016 31.734232 2.1861138 -21.845375 9.8872 -20.344261 -9.257156 -15.604421 -4.0374503 -5.310138 -6.5089474 -3.3050032 2.9980252 -4.6844034 4.5725846 0.16414271 3.6441412 
-351.7835 158.95087 10.749172 43.172234 35.852615 -8.908881 -10.748356 -16.55506 -27.14109 -20.742977 -19.288471 -8.099533 -12.872257 -15.478566 4.9033604 5.6485915 -8.935078 3.3587368 3.1497164 0.20598793 
-191.55853 126.794174 10.990355 13.342522 -4.4133573 -13.033718 3.2248878 -13.314857 -37.13353 -9.776424 -14.926695 11.680883 -4.8213253 -1.8046652 -7.9566345 -2.764104 -9.654285 8.054199 -13.072536 -3.3112326 
-233.38124 106.07477 23.673264 44.806736 10.994653 0.6882979 -12.404704 -2.7961328 -28.403555 -13.464597 -28.741995 -1.9565154 -1.6741399 -6.260353 -7.4012375 1.3397173 -9.422729 6.9495306 -1.2236031 -8.149128 
-258.9439 174.51811 4.8133335 4.5764923 0.7139644 -12.871464 -9.458511 -1.9643415 -20.77094 -16.716335 -7.8494697 8.5860615 10.468109 2.1191843 -16.55649 -3.2312677 -10.990744 -8.48357 -3.2694917 -1.9980025 
-321.0006 191.10648 23.792555 26.0257 -5.660706 -11.5729065 -3.1734211 -3.7617373 -20.79075 -14.243358 -17.025291 -5.3474054 10.219463 3.5072927 -7.9782276 3.842848 -4.147032 -2.7508283 -5.964478 -3.574968 
-338.36853 141.75784 31.33118 31.446604 12.605576 -1.6773618 -0.84536844 2.134833 -18.407347 -3.6570036 -16.107512 -2.604368 -1.4947141 -1.1297116 -16.422009 12.333874 -10.161924 0.42713192 -5.6241946 -3.5059607 
-364.71127 162.86855 14.13422 24.365713 16.250273 -5.9084697 -10.979537 11.764586 -21.72459 -20.040573 -15.640372 14.200999 2.7768877 10.26794 -3.3471553 8.369321 -12.463046 0.12436274 -11.708113 3.6737056 
-346.3927 115.187744 39.54914 43.547047 32.51915 6.1835127 -7.0342994 -0.7682427 -29.771463 -3.0654666 -23.311716 -3.4504535 -10.898065 -0.5762571 -6.3758044 10.2600975 -13.306227 3.731637 4.739918 -2.7273626 
-422.40363 117.82608 15.20432 37.76387 16.488945 11.400695 -1.8888365 2.9446018 -7.5628815 8.415444 -15.401228 -3.916052 -2.92443 3.6645427 -13.729326 3.9719458 -8.218594 0.1729719 -3.790276 -3.2960672 
-432.70044 124.89912 18.205599 31.216696 12.285555 11.848467 -7.8378315 4.4558544 -4.238219 5.6896424 -10.343731 1.3192645 -0.6980092 7.2984033 -11.347485 1.8172154 -7.8264637 -0.87129563 -8.285358 -2.278766 
-328.7811 108.56276 21.081608 41.265152 14.329149 0.89211166 -17.238434 2.6559415 -15.129944 -11.982975 -20.096659 -1.2987539 -2.8934972 -2.3365335 -9.881031 5.2533207 -6.567166 2.781672 -7.8567896 -2.9480393 
-299.75742 166.98198 17.218212 5.8858347 0.16109848 -5.530206 -12.783334 0.049986098 -21.168098 -15.537996 -4.2595162 4.4997535 -0.16011196 5.3908668 -10.700235 5.2654505 -9.708179 -3.6775868 -6.320769 -1.2411047 
-288.10242 167.93024 1.3740591 2.0475912 5.696422 0.7933946 -13.839701 6.63565 -25.624397 -11.801046 -10.447913 16.126165 3.8587985 -0.34436157 -17.762913 1.3731991 -10.361797 -5.6834598 -0.6198282 2.2733316 
-378.37216 165.867 27.614206 32.738274 8.388569 -1.9788189 -5.741253 3.3926213 -21.521873 -12.3568 -14.0530815 -3.32486 -2.4864688 1.9317491 -8.994461 5.7762375 -1.6307683 -3.2116032 -4.3647127 -1.7227379 
-303.6363 113.23261 16.733498 58.911743 28.232729 -3.9689398 -19.718231 0.6720228 -14.242757 -18.789885 -20.231977 4.2690544 -1.7687505 -1.1947976 -11.03365 4.334637 -9.362783 -1.9861071 -10.08022 -2.4744008 
-342.0026 148.88184 22.05837 58.301437 21.974298 -13.676435 -6.0274897 -2.0724525 -26.004868 -5.887041 -10.471534 -4.972049 -4.466201 -4.627871 -15.3152485 4.677441 -7.191839 -3.4227533 -9.967564 5.6281023 
-449.0961 134.22878 6.629266 44.198 2.5843625 13.621741 -3.2148943 6.5750103 -6.0246634 2.886654 -4.1984057 -1.5639857 -5.998845 1.5627544 -6.2791705 0.6999582 -4.6848087 -3.2331913 -11.203058 -0.8935816 
-345.46338 131.43393 8.727703 61.77878 36.779934 -15.777064 -10.835212 12.25016 -20.614296 -15.683666 -6.7740903 -2.7628145 -10.969289 -0.46591514 -12.19548 7.466967 -6.7580066 -7.2563357 -7.2009954 0.74000794 
-280.04578 160.54845 -1.3688726 37.649048 45.518135 -13.022389 -21.276876 -6.696492 -28.691881 -4.9567056 -10.474755 -1.8080088 -4.9006248 3.8144662 -11.489375 9.966231 -11.786884 -10.208178 -0.45030123 1.6641561 
-328.98492 141.79294 -4.85769 49.88337 45.422157 -10.062905 0.45592287 -5.504209 -29.008888 2.931792 -17.753721 -7.9775143 -9.836994 -7.53617 -9.81763 17.653036 -21.135359 -8.358711 6.253898 -3.1135626 
-363.75595 134.11316 43.82683 31.28888 22.35447 2.2755077 -0.7292945 -6.4184985 -17.395205 -12.780265 -20.403044 -3.1166546 -10.386235 0.26033694 -14.712404 11.348998 -7.633477 -1.05282 -5.7208495 2.8670278 
-283.25085 174.28429 -7.67723 13.536914 12.723728 -14.617306 -21.071259 -6.9922004 -26.784695 -14.523985 0.91128224 5.80672 5.7117233 8.860912 -9.224621 3.9848306 -6.906926 -10.254531 -6.3905535 2.9432428 
-338.15125 167.95363 -10.409456 33.00813 30.446014 -4.8262978 -20.388206 -0.09294245 -10.826779 -4.133522 -6.211543 3.4032376 5.1114044 6.90629 -12.8722925 -1.0788398 0.19623819 -4.968162 -13.416164 5.429327 
-335.65808 183.04208 -13.915761 21.436611 30.493696 -6.609603 -13.120349 -4.801128 -19.388218 -9.706242 1.7237744 -0.01839696 -0.72518826 -4.1774607 -19.869764 6.8288937 -5.848615 -8.458032 -3.947513 5.0453763 
-308.75186 109.994484 26.725163 21.858803 6.879732 12.417706 -6.667766 1.767461 -15.608592 -5.3281927 -5.568537 1.2869428 -7.210796 -9.127783 -13.342113 12.067963 -6.3991213 -2.8070898 -10.408016 2.2374518 
-279.19153 115.30329 35.82906 27.437761 29.103537 15.454256 -25.734169 -11.462638 -14.399197 -10.587478 -14.886501 0.17128055 -8.885285 -5.482578 -6.1605453 4.852851 -14.693272 -1.7717681 -1.4658203 -0.25275812 
-220.2111 114.01409 23.515827 1.6768006 3.6830966 -6.612615 -4.8076363 -2.844484 -39.243458 -11.444725 -10.741403 7.75978 -1.5644631 -6.9767356 -19.542025 7.455997 -15.600161 5.994931 -9.613291 -8.588809 
-291.67578 172.7907 29.123909 13.103032 -11.67529 -36.6329 -12.048977 15.591441 -20.138773 -15.187963 -6.3780537 8.998135 -4.440256 10.153222 -3.4729865 0.11240236 -16.348297 -4.732565 -8.121914 -7.867764 
-358.6583 171.18529 38.79132 38.1431 3.3369856 -19.998453 -17.004948 -9.698543 -16.344414 -9.249346 -4.259492 -4.9128747 -9.904276 -4.5557494 -6.7770247 0.26977766 -5.452416 2.8946524 -2.3213177 -1.165198 
-381.49817 157.52979 5.447356 30.352997 22.026554 4.336913 -10.442134 2.8608112 -6.553829 -11.699467 -12.534866 6.4053593 2.3495033 -4.914713 -11.42266 6.6648855 -5.5675554 -5.5642986 -4.6684895 4.8457227 
-390.19565 105.63057 33.182205 24.274647 28.522837 8.613033 -3.865629 5.4132705 -16.572823 1.1415857 -16.419043 1.6064769 -8.014144 2.400425 -13.753979 12.770252 -7.031533 0.65328383 -7.464086 1.0307673 
-235.20782 143.36298 -10.279493 34.38777 37.006298 -25.558893 -7.4948525 -12.942912 -40.118248 -17.761171 -26.562765 -3.0212078 8.835917 -6.331349 -15.589279 16.091972 -21.99257 7.4468884 0.68600404 -7.8471518 
-207.10178 131.1798 3.0142317 29.3301 28.957842 -23.05288 -23.951815 -21.129782 -19.377584 -3.189018 -24.098553 -3.139967 -1.3615515 -2.3936555 -10.888584 7.4936085 -32.106327 15.2772875 -8.394419 -9.817272 
-246.77351 123.73244 29.085754 15.567507 2.3162842 -8.54248 -3.769396 -1.2490959 -26.753864 -16.54847 -32.851097 1.7100232 -2.3873785 -5.8034387 -10.179526 12.457371 -5.462529 0.8755424 -2.7902632 0.33708185 
-301.6038 148.17499 17.84761 25.809666 27.419643 -6.58878 -11.351915 -7.548427 -4.0695615 -9.908225 -30.791609 4.8384914 -2.2522442 -15.495623 -9.799226 11.747049 -17.867039 -3.3484066 -4.825812 0.26168483 
-329.3534 181.00365 -2.2824984 15.72251 20.459408 -5.8410244 -7.0438623 7.318438 -12.79175 -17.792381 -7.712377 6.035194 4.707696 -6.845326 -14.33636 6.606378 -13.2590685 -5.23203 -7.686686 4.5874777 
-346.55774 147.38531 36.42568 24.094576 10.483343 1.2129703 -12.465664 8.733498 -23.353594 -4.0685673 -18.17708 -0.077151164 -6.0031643 -0.2407483 -5.8221283 2.864913 -1.9457694 -2.5963776 -0.54358685 2.844938 
-332.87448 138.9132 4.40997 29.67115 40.813717 7.188688 -34.268883 9.986325 -22.389671 -8.489633 -17.308664 -4.315897 -0.059442215 2.9012194 -6.3517995 3.2761536 4.7297077 -0.75011146 -2.0822935 2.6759937 
-371.8121 168.3795 -11.4293785 29.467184 34.603256 4.2028165 -14.464342 4.539156 -13.8915825 -9.299689 -9.955155 5.9583683 1.3853526 -6.3892956 -16.12179 -1.2369494 1.1720158 -3.6840541 -13.015187 5.215475 
-374.06534 167.31125 7.713746 27.162113 22.950111 6.258102 -9.0699835 -6.818645 -12.1149025 -7.575989 -9.339686 -1.2053759 0.9940288 -7.474461 -14.383019 4.6600456 2.3218586 -0.75385463 -13.486765 0.25743017 
-398.27127 143.04272 22.930637 34.769894 20.213137 -2.1401286 -0.6033426 2.4773684 -10.065286 -7.743963 -8.402367 -2.5544508 -6.907447 1.733768 -5.453645 3.0060956 -2.3260818 3.2164865 -3.4166894 2.7812994 
-364.7334 174.06519 4.1295633 32.253693 13.798031 -13.498752 -10.910549 0.7498529 -17.087349 -17.68136 -19.275537 -8.410213 3.9034953 8.549739 -4.9506054 7.785063 3.435949 -2.2697868 -5.671703 2.626668 
-380.16226 101.94298 36.881084 30.019579 25.195826 10.38334 -12.014835 2.0109255 -17.158516 2.6082249 -21.684486 4.35862 -8.258747 4.046748 -12.204448 10.708778 -4.1361723 0.95746547 -3.6929953 2.7832558 
-391.98428 153.3879 26.723518 33.05326 18.799444 -1.1334317 -8.342993 7.286948 -15.553369 -10.781208 -22.581892 5.019477 -2.0047112 -1.9658623 -11.190459 8.838825 -1.5034337 0.6696443 -4.4504786 5.167509 
-430.61462 163.23822 6.7985134 36.56539 18.839785 11.618859 -3.9870784 -2.0862186 -7.478701 -1.2657608 -8.763786 -0.2430343 -1.4798207 -5.330099 -8.53577 5.321879 -2.0477896 0.40939748 -4.1693234 1.7338535 
-361.0954 107.32016 23.096071 57.876987 24.040413 -11.004104 -12.187022 18.353987 -17.27571 -6.6057315 -10.863512 -7.1879077 -9.40412 2.3005977 -21.724756 5.049685 -3.8187778 -5.321419 -4.6438503 2.8347795 
-342.38635 97.14584 30.727182 43.049038 31.511353 9.058838 -27.090109 14.240248 -18.23558 -3.0064056 -23.9916 -1.1039056 -11.100307 1.4766115 -9.064614 3.0697327 -9.334549 5.8210883 0.24444145 -5.4167647 
-338.21506 175.82983 -19.572111 17.63433 20.226357 -8.026402 -19.971756 -3.8416312 -21.352297 -6.843612 5.223139 8.808733 1.6087224 -2.8395276 -12.05765 0.40092963 -5.2504716 -13.357124 -10.774548 7.295818 
-426.3829 162.80122 24.647736 39.790237 9.525913 1.4942822 -6.8236933 -1.4973578 -13.506144 -6.472836 -10.842396 -7.7101574 -5.980242 -2.4698868 -4.7518106 9.8839 7.29825 4.0902195 -2.6100512 5.2927394 
-407.8617 157.18152 10.607281 35.062683 21.620632 6.8672285 -6.9724026 -4.410199 -13.970646 -10.758406 -18.67516 -4.885681 4.7535725 5.192817 -9.882455 4.6869287 0.631867 2.1578913 -4.284854 8.170105 
-411.39047 125.96615 27.66081 24.793596 9.019401 13.368036 -7.6978335 2.7470984 -14.63702 -3.0769148 -9.02173 3.085646 -4.4100614 2.9490712 -9.537004 8.451265 -2.7052689 0.6523605 -4.409345 -0.08091041 
-409.18295 123.869316 28.878283 40.09153 12.240702 13.716785 -2.3850455 5.7600384 -8.450212 -3.0953078 -10.772704 -0.30304465 -8.114037 -2.7889044 -10.746343 4.2035584 -4.833559 -2.831994 -9.522908 2.5258303 
-403.79398 121.98709 23.775879 37.803364 14.808646 12.480736 -5.5287757 5.8436933 -7.1021533 2.0472093 -13.582102 2.4163468 -5.445013 1.0605651 -10.139628 5.8135376 -7.7322106 0.25083923 -3.2768834 3.9326265 
-426.239 141.85805 18.120077 35.52275 14.4593725 10.182864 -4.590458 3.1900287 -12.363817 0.2770976 -5.852006 7.4016514 -5.1024785 0.6121872 -10.929674 3.4471102 -4.868385 2.2828233 -7.97091 4.042738 
-431.8758 119.78226 27.467781 30.023813 12.398051 14.736103 -6.22661 2.5056942 -10.035484 4.4008174 -4.362351 4.208679 -7.645509 3.2565882 -11.877936 6.1368046 -7.5825033 -1.9303561 -7.9276733 2.452788 
-441.30203 132.33218 18.267677 30.760672 11.644444 12.080311 3.4232025 6.6196694 -5.2073193 5.5164742 -6.171311 0.35578078 -5.5571346 3.8936594 -5.7090383 2.9681292 -5.600481 -2.1141255 -8.650184 1.1444428 
-447.97864 137.36247 7.553416 35.652733 14.661229 17.242022 0.8227295 1.2138673 -5.7931647 7.6592584 -3.4303517 -2.210967 -4.64324 3.0986855 -5.1823554 -0.25585282 -7.151718 0.3213996 -7.968521 2.8056197 
-453.7463 134.95798 13.108158 36.021 8.38523 8.741872 -1.4420753 3.4030828 -5.882819 4.846858 -4.66594 0.6922908 -5.045548 1.1813207 -6.4916697 3.5519383 -3.408868 1.7660369 -9.294294 0.7722653 
-439.09042 135.43289 12.404743 32.4902 5.898529 13.114811 4.323093 7.033355 -7.412373 6.01458 -4.2789664 2.8848228 -4.194967 1.0523716 -14.754796 5.7558002 -5.977468 1.2658075 -8.340765 2.9234495 
-430.6428 154.1148 6.580706 29.022802 -3.677285 2.5044878 6.933172 -3.2189033 -16.883629 16.60476 5.0170407 9.311082 -4.5979633 -3.7818344 -18.720514 -2.4333708 -11.177345 -1.606852 -11.410304 3.9275157 
