-267.9197 74.15046 25.383492 25.71328 -0.029596753 17.956717 -1.7381936 -8.134776 -43.83681 5.638567 -13.575495 -6.454859 -3.684177 8.555395 -5.801296 -3.2926161 -3.301631 0.64929056 -9.315139 -4.9693255 
-214.11266 69.58243 40.899822 35.53762 -14.192701 21.239403 -7.457656 5.9021797 -56.627792 8.179891 -21.321384 -11.078661 0.54341435 5.7926846 -4.882988 -2.15917 -3.7878656 -1.3510098 -3.068591 -3.0387132 
-230.81917 76.23294 41.817116 40.209644 -20.545797 20.180258 0.97435355 7.203983 -57.85568 4.237636 -26.144594 -14.222851 -0.70108837 9.946903 -2.9431317 -3.5381336 -8.0411415 5.440731 -6.0325985 2.199114 
-286.75208 78.933266 41.85703 52.91495 -8.58495 23.454529 3.8596492 0.5907523 -48.68779 9.747553 -19.949469 -13.580499 -6.735878 -0.84420097 -5.067153 3.951125 -6.5178394 0.50145435 -6.956854 -1.2864786 
-336.33923 167.76349 63.576252 56.69784 -17.990578 -32.630295 -2.7567892 -9.545988 -33.66664 4.682774 -11.928026 -22.464811 -3.9595935 3.3438845 -2.703826 5.4408417 3.8939383 0.43098074 -7.8302326 -0.21735144 
-350.45862 140.35968 24.042202 28.557804 2.598334 8.893861 4.6080103 0.02380509 -24.357632 -2.7564611 -12.619084 -7.6688375 -0.8802396 4.7331524 -4.0171247 3.2200692 -6.002212 0.5488901 -1.7340317 -0.55885184 
-213.89876 146.61702 2.19963 29.043941 -22.082724 -6.2322 7.897476 -23.16517 -52.7473 -3.1930346 -16.94444 -15.42238 1.1535138 3.7247632 -2.745864 4.549153 1.3355621 -5.619791 -6.449714 -3.7030628 
-351.4414 153.1765 23.399689 24.582903 -28.670475 -5.2983055 7.619171 -8.584982 -25.323078 -12.637211 -20.149559 -0.7925499 6.29247 10.600992 13.85384 2.999296 -8.139171 -3.4316092 -7.3538394 -5.682592 
-220.2377 78.70313 0.4483471 59.716194 -2.99581 3.0029802 -5.9840913 -9.354703 -35.856976 0.7625283 -27.02919 -2.8515792 -2.285134 -3.8769913 -8.016021 2.5268095 -16.19372 -3.2381182 -20.68631 -7.4178205 
-237.37169 103.08745 16.535585 22.015984 0.7905543 15.1826935 -9.142278 -10.198146 -27.224636 12.55652 -20.418116 2.909769 -10.52439 1.7507691 -2.5245883 -2.3040476 -17.053888 1.8998647 -16.883467 -4.9163876 
-212.35736 114.138374 -24.606455 49.652126 21.372839 -6.00269 -16.333382 -29.608412 -38.419853 12.73951 -24.491615 -10.716297 -7.6371317 1.6712476 2.1421103 2.9015298 -14.299059 1.9052243 -6.2468667 -12.608425 
-272.75497 82.01345 28.84674 47.693504 18.337364 14.016608 -27.202314 0.44724137 -26.220396 5.8526125 -20.571278 -6.1636014 -2.3374383 8.996597 -9.418264 4.0369043 -7.8912253 5.81348 -4.1354165 -13.057081 
-316.74423 118.83749 10.244354 44.145645 23.040016 20.876534 -17.719847 -12.060426 -41.90319 15.408751 -19.072943 -23.472618 -14.139829 8.702953 0.87655044 4.619584 -11.738233 3.832465 2.3126826 -13.096174 
-493.27576 152.3054 14.637575 46.226273 12.056385 25.838263 -4.9545226 -0.33352625 -15.4214735 16.261889 -10.783158 -10.673251 -14.1301365 2.1252196 -1.9370147 6.5983577 -7.870052 -1.724814 0.67603564 -6.7521887 
-500.93326 153.64607 35.767395 35.590958 12.166981 17.996754 -1.7176703 -1.9032321 -9.382839 -3.4113739 -6.2309933 -6.6104617 -7.1514716 -2.3446398 -3.024164 5.8666677 -5.2987013 -0.4829338 -0.9774287 -4.2884045 
-253.12137 129.85333 1.8269323 43.131565 11.727589 18.281883 -10.087006 -2.3676102 -36.205532 -7.665377 -18.984236 -12.632717 8.436359 1.7849116 -8.442535 9.845303 -10.599532 1.4733472 -3.9604106 -6.058405 
-197.78354 140.01639 -47.967793 46.742325 27.835709 -26.285913 0.17745855 -36.32354 -35.71633 9.1570835 -19.72463 -4.8455753 4.0333004 7.027866 -7.559507 10.360722 -20.633924 3.6756968 -14.83788 -2.6040993 
-317.88092 178.45471 -2.5638096 68.73574 22.831919 -30.148014 -2.548501 -23.274982 -26.808405 10.267048 -15.654765 -4.00143 1.1132283 -4.9046597 -3.2901545 2.0724 -8.90295 1.2855954 -5.352583 -6.2154226 
-253.86017 96.481735 53.17403 37.316654 -18.26727 9.699749 -11.906165 3.3644261 -35.84909 16.805336 -22.272968 -18.003452 1.8502611 7.7959433 -5.114556 9.884204 -1.3720307 -1.9383558 -6.731407 -3.379125 
-214.66315 77.31206 51.750664 37.062405 -21.874619 7.162201 -3.3308184 3.1563778 -38.82627 9.40952 -25.89081 -15.928297 -5.465188 10.896946 -5.820296 4.742382 -0.11430258 3.2713442 -3.0931003 -1.1535326 
-263.37625 87.29581 55.054977 33.155155 -5.6809616 27.560219 -6.2722187 7.513531 -42.915085 8.545703 -17.100441 -12.353404 -3.9186292 12.76108 -5.6563296 8.647457 -4.5423527 -1.6794277 -9.633194 -5.4513063 
-275.5108 158.07098 22.074167 35.294907 -29.999533 0.8457963 11.039623 -8.664124 -30.772348 8.8698635 -11.967253 -11.473058 -2.8232665 15.775452 -2.091404 4.935628 -5.5945745 -10.37023 -11.69202 -5.632957 
-321.2984 177.9067 -16.50848 10.815617 -3.647524 6.4569597 5.069255 -2.1283572 -25.195518 7.515696 4.91826 -0.8750156 -6.1282134 -8.68954 -9.134571 0.41067016 -7.9055514 -1.2288883 -5.1834073 -6.2135663 
-344.71832 154.73608 14.261522 15.80622 -6.2360063 0.986964 12.851652 -0.6716855 -36.17188 3.8143752 0.87562305 -1.8637698 -7.194687 8.047696 -12.11401 4.4466367 -1.0976286 3.8293653 -6.662791 -8.783098 
-498.98584 161.62282 34.474777 37.257233 14.78203 20.876598 -7.9658422 -0.59524393 -21.48479 3.9353511 -2.5478826 -8.309004 -7.759608 2.079777 -5.87317 0.18507345 -5.5899277 -1.0337744 -4.2020855 -6.7497883 
-560.1925 174.98859 48.920845 25.234331 17.12313 30.663113 -9.712879 9.191639 -6.960459 11.207902 -7.1237726 -5.999358 -4.588573 -0.74078393 -2.441363 4.4483814 -4.094963 -2.2758582 -4.860483 -4.2234106 
-170.13434 151.41156 -29.097635 23.08472 -21.138453 -9.710004 16.443153 -19.533054 -43.384487 17.238335 -4.3280597 7.731938 9.48122 1.6359051 -18.462343 -13.223343 -12.129294 -6.090479 -12.187428 1.2992525 
-161.97675 118.39864 -55.116474 17.730116 15.14857 -9.819027 -2.1022997 -9.545275 -32.761826 27.372505 -6.9597483 1.8092147 -8.349389 4.7853003 -12.138126 -5.328642 -11.022506 -3.186991 -8.787149 -1.6085659 
-208.26393 132.73698 -32.519104 40.86901 9.788742 -2.3043294 0.68334854 -27.034975 -37.306137 13.746262 -15.296834 2.177785 -3.6115854 2.9976575 -11.34952 8.120271 -19.87417 -0.31339088 -7.4290423 -5.3386726 
-246.08978 85.549095 5.675533 55.19016 -3.4157448 16.865387 -30.599989 -2.4241087 -22.381615 19.472324 -11.163299 -4.6028976 2.2758954 6.531922 -13.184077 3.8911624 -15.088335 1.1357402 -6.4214687 -8.601519 
-271.85104 174.17982 -37.672585 23.518833 -2.2378526 10.071149 10.32407 -18.022818 -25.475704 11.9045925 -1.3802834 3.237918 -0.42062557 -4.5726027 -6.47954 -2.4848094 -11.403266 -8.54293 -3.4715784 -11.490139 
-409.5367 181.77585 -2.6738405 35.327965 21.503016 10.143195 4.026039 -18.010498 -10.934404 14.699576 -1.9823903 -7.844453 2.5899324 -2.8166766 4.895174 1.9552492 -14.775909 -7.0365167 -1.7910268 -8.137756 
-500.8794 154.63173 22.218632 48.300125 18.619572 29.654541 -8.321812 7.315847 -9.4991455 18.5956 -4.707808 1.8125291 -3.2481728 2.1707752 -0.096599735 6.4268436 -6.224208 4.4992604 -2.8147273 -1.2286955 
-337.35773 150.16241 -4.4939704 70.607796 40.463158 -14.717697 1.0076283 -17.122738 -18.216314 9.544728 -25.211432 1.8883455 4.525099 9.284314 -12.933672 6.893704 -9.350352 -2.761481 -10.297908 -8.749302 
-271.62006 122.98661 5.700858 37.53588 9.609221 12.149456 -5.4117136 -25.980515 -33.5381 11.661887 -19.478046 -4.9459696 -7.2673244 6.4374537 0.22396496 10.448669 -13.337651 -0.5585995 -10.920875 -9.442235 
-274.62814 56.25408 58.82824 45.34479 -8.001186 38.087143 -5.868151 4.3175144 -34.324142 12.696175 -27.215946 -6.605826 3.0840437 9.276843 -1.556741 8.506204 -10.310022 -0.99685 -4.5485034 -1.3799176 
-239.38533 123.26104 1.4811431 36.818306 7.4315205 11.256046 -17.209291 -17.993513 -42.79463 12.555868 -9.772001 -5.5773325 2.6504455 3.9594705 -4.6136303 9.187222 -15.530356 -4.762892 5.3366394 -5.8283496 
-273.61975 172.96068 -28.483849 26.142876 4.219925 -4.0666704 -6.1946025 -21.437803 -29.108608 15.791981 0.84188503 0.5099524 -4.977594 -8.312496 -0.04433208 11.772615 -8.593874 -7.590433 0.6726731 -5.0786633 
-406.40445 188.67339 0.92013866 44.366665 4.51979 -6.3266582 16.922611 -27.55456 -41.546387 4.223821 0.06091 4.4726715 4.0308704 0.53680515 -5.8197956 9.857101 -3.261685 -6.996197 -10.294649 -15.215358 
-381.8048 112.53036 12.212792 48.64545 2.3631415 16.877138 -6.1588054 -3.716373 -14.671604 10.78007 -9.37913 -5.569146 1.9095179 -0.38129193 -8.993549 1.9636512 -10.962189 -1.7661942 -1.6063058 -5.65656 
-264.03714 154.70564 -14.650613 43.8843 2.0782173 -3.6939147 11.15625 -7.0390263 -25.762266 12.243666 -17.68964 2.1950774 1.7188479 -8.043766 -14.910524 5.671017 -15.845308 -1.1757017 1.420572 -3.5262768 
-277.48035 152.39714 -32.21338 27.188866 -0.6614969 11.234944 -3.5054538 -10.4537115 -18.000544 19.810474 -0.94536155 -5.4652977 0.91477036 -0.8426651 -14.380201 2.360012 -13.129628 -5.1700473 -1.6529096 -7.968642 
-314.43237 178.01532 -18.915417 39.85581 12.802515 -1.0008469 -16.594696 -24.065453 -20.127342 10.027523 -0.22582555 -12.866181 1.8731027 8.565172 -1.7007542 -4.7756414 -11.336033 -4.8310328 -3.8460896 -9.803753 
-346.14413 96.44382 36.652756 53.736923 7.934807 19.854008 -28.014423 -3.7947214 -23.131124 8.20382 -8.100992 -11.106236 -5.6207566 8.63133 -8.865253 9.40224 -4.070708 -4.2849016 -2.7557852 -8.155404 
-354.2489 163.22661 42.458366 40.157795 -10.0070915 1.4355878 4.995951 1.3885171 -31.544119 -8.145552 -9.69892 -6.0142508 1.337126 12.172601 1.5939274 -5.04825 -9.523798 0.6305914 -8.88822 -7.3934064 
-382.86594 181.20456 -5.7102237 13.419552 8.296039 8.451488 9.490994 -12.948794 -15.389014 4.8067584 -2.684554 4.7484612 -3.5397384 -4.798998 -7.3929358 -0.9066819 -15.040246 -1.4133939 -4.5448284 -4.8083487 
-356.7754 188.71547 13.470954 23.901236 -23.494476 -20.304024 11.525776 -8.782832 -29.113874 0.72667354 -2.725221 -5.424654 5.2829766 6.4652805 -8.114815 2.1265552 -7.7014294 -8.561766 -2.7229722 -2.509258 
-465.98816 162.17802 31.846449 33.97608 4.3345847 12.546778 0.50418735 -10.404502 -23.435781 1.2560505 -4.3743153 -3.2117193 -2.6140437 -3.7151914 -1.3781276 11.393529 -0.89464635 -4.5651784 -10.385815 -4.0072227 
-554.9104 164.93588 44.954544 45.43827 4.8521533 22.05374 -0.99752414 10.286558 -3.7392642 6.8465443 -13.117947 4.120947 -8.96336 -7.1954956 -4.334414 6.6730695 -4.5839453 3.799226 -8.184731 2.8204439 
-461.49768 162.04044 24.084955 44.612743 15.884528 16.089851 -1.7668025 -18.973671 -20.439512 -0.0007264879 -7.731272 -11.429989 -3.2920852 0.43237516 -1.5184804 10.934636 -2.952483 -3.7800086 -3.0064235 -7.1926684 
-393.80295 85.98213 39.31255 61.842327 9.393763 11.257557 -6.993953 -1.6822096 -31.320038 18.080997 -19.21098 -16.017063 -2.529005 6.973834 -8.852726 10.286701 -0.43645626 1.8089155 -1.9684412 -3.0139117 
-363.4552 105.570206 47.731785 44.38298 11.999673 20.922895 -5.3495917 -5.511805 -39.765953 18.970179 -20.134743 -9.506252 -14.95991 9.744553 -3.523073 6.9823213 -12.841165 1.4048371 -3.4571154 -5.6151524 
-399.0475 133.85986 15.103317 55.721764 23.820574 25.641396 -9.699642 0.04702208 -38.02879 9.9706745 -17.438606 -16.83172 -0.74614024 -0.20703298 -12.595225 8.723591 3.0989404 -7.2542973 -2.162186 -5.3823085 
-374.23227 129.74103 47.40931 50.13311 -10.03651 9.23682 -3.3548574 7.5441327 -53.478752 10.615241 -21.326597 -19.448278 4.4391537 8.819214 -1.1305691 -0.08933369 2.3941798 -6.665799 -3.9126444 -5.962955 
-310.6155 172.2013 -6.3469524 38.555428 6.796885 12.512277 2.685502 -33.382973 -32.564957 6.8220468 -9.594298 -1.6309222 4.668029 5.1936717 -10.453213 9.222796 -2.2006166 -10.474477 -14.4274025 -2.455231 
-340.92664 136.095 8.248021 45.19641 7.361022 11.889552 -11.232252 -14.154338 -29.240458 6.0514746 -6.9377923 -13.163891 2.0779219 10.949261 -0.34523264 11.2455635 -4.6858773 -7.0336447 -5.4254556 -5.5044966 
-312.58948 131.07385 43.744247 24.556799 -38.986954 -7.3542347 -4.6119866 1.9886775 -24.558994 16.334408 -8.564088 -15.974679 -0.8889692 15.728858 -9.444538 4.0961323 -1.5974994 -6.505694 -13.331135 -2.850091 
-373.53476 164.97153 16.842316 16.249447 1.2428282 9.616423 -3.3777037 1.6320502 -21.70256 19.341002 1.0791446 -1.2441875 -11.3990555 0.6183481 -9.899047 -1.4389329 -11.198707 -0.5085072 -3.7941906 -2.8829257 
-380.26324 106.630295 15.932219 38.406918 14.32358 19.706442 -7.0086083 -3.47309 -19.523018 8.295568 -4.619582 -17.332346 -6.4185123 6.701489 -6.7915163 0.34367472 -2.1443148 -5.308161 -4.512538 -6.3960004 
-224.13289 155.22559 28.753532 26.118093 -22.021677 -7.0796046 -1.4226652 -6.575822 -46.000893 -5.5726347 -22.53967 -21.660515 7.584163 -0.47556347 -0.13839647 -1.2678108 -0.02545172 -2.9006872 -8.975779 1.2295122 
-195.0731 99.63199 -10.907412 24.717466 -3.1750114 6.3349004 -23.475996 -18.352573 -31.649763 15.124022 -11.270679 -5.2460814 0.73085815 8.139902 -1.5391862 2.1329699 -15.759768 -4.0441685 -7.7755857 -11.301433 
-250.49675 119.77089 -5.796548 46.61575 17.62914 -3.2846107 -12.886087 2.1085224 -27.044092 8.784902 -15.439231 -7.430654 -2.4196346 -3.4695787 -4.4995303 4.904598 -16.339575 0.5557438 -4.8397164 -2.726751 
-290.59967 139.23663 -14.80954 71.28692 32.938442 -20.70803 -1.301171 -6.833526 -26.060375 -0.25012138 -23.384048 -2.1992497 4.3705506 2.606795 -6.8690825 8.682697 -12.383068 8.561665 -10.38693 -5.644249 
-353.65128 175.43697 18.436333 42.8257 -0.5157664 -8.485846 16.346447 -5.350967 -18.76203 -3.2615416 -17.3078 6.7756243 0.26215735 -1.0302266 2.2569013 6.5188656 -10.471001 -2.4227743 -9.840838 -9.634109 
-330.53406 164.49025 24.502645 24.461021 -39.743057 -9.383047 11.686464 8.3848 -27.721836 9.39505 -0.65442413 -2.1234105 -2.549112 6.938746 -2.220936 -3.5166216 -12.847996 -0.23607199 -8.454144 -0.9799096 
-342.18637 74.97145 67.33173 34.4039 -4.7726307 34.05164 -24.347563 8.417544 -26.15076 13.623615 -8.854418 -13.860477 -17.781506 13.144955 -9.453137 -2.3609056 -12.718501 7.867426 -2.6337957 -1.3967474 
-423.76282 128.2548 25.330574 35.177902 20.388092 26.991817 -10.304469 -11.049438 -28.579079 22.666168 -17.17196 -16.344187 -7.4317584 7.5622005 -4.8155613 5.4182415 -11.083194 -3.323739 1.7414995 -10.558452 
-376.2045 151.88016 -10.347528 62.24941 35.126755 1.1072549 -0.58103395 -8.649593 -13.444004 7.390007 -9.193019 -10.094375 4.773435 3.5049386 -8.810352 6.270682 -7.909366 -2.5152566 -3.6671169 -10.048436 
-244.7182 91.06149 16.86662 30.440983 21.740892 8.905954 -32.345463 -8.287422 -28.663948 16.029818 -5.3656473 -6.9028316 -2.9346259 13.051075 -7.3370457 3.0923495 -13.353199 5.88927 -3.7052355 -11.865116 
-313.50977 139.16614 19.775557 27.30999 8.892046 -3.1788678 -25.139702 -1.9679819 -29.132603 9.279412 -9.189213 -7.5737424 -2.0829709 19.214334 4.2564244 0.22450498 -12.646844 -2.8471682 -9.072978 -10.250673 
-330.5006 72.62182 60.71377 56.868576 -4.2431026 20.463083 -14.843731 3.8771493 -24.858454 2.5239308 -17.695549 -7.3520727 -6.08943 18.999214 -7.0190587 3.7159643 -4.2676144 0.9113068 -7.721392 -5.1578803 
-361.9498 89.35477 55.176018 26.512882 13.440142 19.585686 -15.726064 -4.4173555 -35.40448 15.90215 -4.2927127 0.43258053 -10.911495 8.961131 -5.9072623 10.039421 -15.3812275 -2.9571211 -11.770054 -6.5583415 
-389.02472 181.98016 -4.5294037 20.970133 8.887818 5.2106695 8.451338 -3.6523945 -33.38367 6.157692 0.52472806 12.345188 -0.95475745 -7.8844366 -2.0523145 0.40471274 -15.776091 -2.0225737 -3.0455902 -8.543639 
-436.1628 183.17523 32.08564 27.811363 -1.6626089 3.7944574 13.704005 -6.261841 -25.209915 1.5671673 -21.893608 -2.6744075 7.658454 -6.859661 3.338361 7.571592 -3.1104066 1.4472909 3.8246188 -3.5107343 
-495.3531 154.37021 28.589705 54.99032 6.6946955 21.630394 -5.221812 -12.170042 -16.97837 7.977911 -16.854134 -7.605384 -7.3153577 5.8029513 5.2560554 9.4548 -11.744732 3.872454 2.146607 -5.9184895 
-445.07178 153.9329 10.614404 43.621773 11.412803 18.415653 -10.155026 -4.52178 -10.253799 17.472706 -4.561868 5.1885796 -4.9551926 -0.70863277 -3.5792165 -1.5532823 -16.204292 1.506269 -3.6292992 -5.848871 
-485.87933 135.85217 19.239004 38.674595 15.129508 36.661533 -7.257833 2.1033165 -17.780472 16.142765 -4.3606205 -9.895994 -10.731336 7.8915067 -8.450013 6.3570576 -6.983777 1.233096 -5.7162137 -2.7928076 
-515.95337 141.3974 48.17888 43.87785 5.316551 22.171873 -8.360919 11.841173 -6.4834757 3.0805013 -9.134866 -10.187003 -7.3402796 3.6166677 -9.906754 6.3754253 -4.349049 1.1953789 -6.45722 -5.282009 
-360.6237 143.2108 11.766917 76.71323 3.25651 0.7599504 4.0049934 -10.459026 -25.654335 6.7851543 -13.635422 -2.6512794 7.8204093 3.5318742 -16.36619 1.9131151 -3.6156523 -4.899785 -10.885227 -6.5652866 
-402.0045 150.35312 32.332397 41.59776 -0.10219976 9.232585 0.46855524 -3.8028593 -32.72275 3.5418925 -3.0640926 2.7609649 -0.8891833 2.775778 -6.7520385 -1.5131245 -4.7189302 -3.4274254 -8.232727 -2.529231 
-351.5953 94.75821 38.50562 31.968971 10.432517 30.217447 -18.90284 -8.057812 -37.897247 9.954473 -7.288532 2.9384794 -6.1897025 11.656 -5.4206285 3.0345356 -10.968483 0.25451872 -9.990621 -2.2535815 
-416.378 168.10617 8.34181 32.727734 10.600153 11.429898 -5.904619 -14.379101 -43.649464 -1.688805 1.9917378 -4.7557993 -0.3032341 4.1744027 -7.1782913 7.8606515 0.699699 -2.428753 -11.543767 -10.417062 
-381.50958 191.14793 -30.59633 46.051254 19.114815 -9.071028 -9.343109 -26.625856 -28.698357 16.10208 7.871363 -12.134247 -1.1997895 7.203135 -9.01609 -2.3194401 -10.049501 -5.3153176 1.2797438 -7.9970474 
-407.8316 76.3599 72.8012 44.60749 9.545866 35.0215 -15.958406 -4.8264837 -34.411335 17.989895 -15.88865 -14.014982 -23.72326 14.322743 -2.2991147 4.1033883 -3.3548844 2.1659172 -4.999698 0.7639429 
-526.2223 164.8808 43.312393 39.19429 18.650078 20.961832 -2.1875281 8.111452 -27.47042 7.2038226 -9.3423195 -8.64435 -17.123814 -3.890442 -4.645497 2.1719022 -2.2080867 -0.93737626 -0.24529383 -2.624713 
-561.7959 176.56377 47.130894 35.57406 10.6230955 13.5684805 -4.506851 8.449139 -9.4305 2.2367127 -10.936647 -4.833391 -8.976254 -8.105946 -6.6317897 6.651266 -6.4987025 0.49586952 -4.083742 -4.6281476 
-336.68253 165.12769 45.225845 41.729156 6.273551 -0.15213987 -3.7307897 -6.987242 -44.42688 4.434843 -13.924541 -11.798988 -0.37761366 -5.3380156 -10.759461 -0.2814199 -3.5306695 -9.391089 -4.966025 -1.197636 
-165.6832 107.8935 -40.836216 44.165653 0.7504323 -1.7357898 -13.849091 -9.837712 -35.052303 19.880486 -4.763132 -2.297696 -3.845992 4.6349616 -14.510546 -0.22105697 -3.4240885 -0.95871663 -7.316775 -2.679328 
-248.86317 155.91348 -29.036245 34.53138 8.445698 -4.3721414 -3.1324563 -20.488108 -28.031677 15.775509 -2.313953 -9.473398 -9.424694 0.3564877 6.536629 3.730598 -4.1940055 -3.9250455 -2.1697788 -7.8084164 
-408.2586 144.18124 6.0104547 45.192474 26.469425 14.342436 -5.31937 -6.888989 -19.939339 13.308979 -6.8874063 -9.236751 -9.552612 7.4252524 1.9120988 1.0557313 -8.789751 -3.128162 -3.258175 -12.041021 
-445.44168 92.73822 29.83864 44.617954 4.9367275 35.21489 -13.56905 3.6317782 -17.474253 18.866688 -10.185635 -7.4821606 -11.719201 15.261479 -10.185874 6.2478504 -5.443586 -2.0328238 -5.903739 -2.9711163 
-220.2991 -22.971313 44.69161 42.28697 -1.4165246 42.86319 -29.36302 3.9623783 -27.457296 14.538624 -19.063786 -9.35781 -2.6602633 10.753063 -15.305974 3.2620928 -4.419743 1.6862264 -3.658864 -5.458024 
-170.03589 121.612495 -23.967648 59.073486 17.595497 -10.59631 -26.193998 -31.616608 -43.492664 16.310204 -23.851717 -14.758253 4.823596 10.597923 -2.3715618 2.0910852 -5.2419333 1.2886922 -6.792429 -13.567178 
-254.10658 61.330994 15.871567 83.20997 13.118211 -1.7808486 -17.263779 2.5168762 -25.337458 -0.051518705 -21.901134 -12.2614155 0.043255992 3.7361221 -11.541459 13.005922 2.040327 0.82043904 -9.073022 -2.0996208 
-389.71918 116.8622 31.399797 62.0381 11.403336 14.713492 -19.285286 0.12672764 -25.947308 7.2599597 -9.101027 -5.0935407 -2.551682 -0.28481567 -10.530163 3.928552 -2.204791 -3.226423 -10.57851 -2.9899995 
-402.15726 184.02362 32.639633 34.880993 9.0998 -8.437598 -10.463886 -2.4419222 -32.12735 7.9650326 -2.0136354 -3.229014 -0.6393615 -3.1871512 -5.604015 -0.0012278291 -9.343853 -4.9003897 -4.8033676 -5.6085315 
-371.75247 150.07658 14.347946 64.65498 6.918347 -8.444198 -5.58031 -19.774935 -24.284998 13.827345 -17.483713 -3.1241293 2.3403544 1.279061 -15.006565 3.1790934 -9.140765 -6.0550575 -6.636525 -9.377136 
-444.00006 135.55978 42.536232 34.384064 12.155405 14.915943 -15.122053 -9.87123 -24.179852 19.576048 -6.95839 0.2960008 5.1176567 4.7022943 -7.3200464 2.3629231 -16.373026 1.7508807 -3.589671 -11.760609 
-489.23865 168.71974 38.271694 36.449203 0.14672841 20.80465 -8.019664 -8.791683 -13.680792 6.2081366 -0.64229125 1.1109952 -10.507763 -2.781451 -8.14703 -0.17182383 -7.354215 -1.6795226 -2.2248373 -3.8834867 
-529.83356 164.90085 33.24685 36.597794 7.5397587 18.556755 -3.203836 7.8741784 -6.6817417 2.8547995 -8.694692 -3.9529638 -2.0590384 -3.2108316 -8.788138 5.7425013 -5.8151526 1.6376871 -6.604874 -2.3867192 
-540.3074 181.49823 25.216444 31.339487 7.2387433 26.491243 -5.7361484 7.3833685 -8.469415 4.611415 -4.40069 1.6260895 -5.882526 -5.0765395 -9.321766 -0.24454552 -14.084775 4.5535975 -0.6152506 -9.655259 
