-486.71353 179.03343 7.8056436 38.226757 12.194012 1.9080666 -3.390377 2.1056697 -13.591344 -1.362166 6.0653305 -2.513329 8.971509 -7.026229 -1.2303973 -4.564271 7.4824076 -5.0274706 -8.7554245 1.6728319 
-456.93793 175.87154 17.598528 39.328842 10.596893 -2.4977074 -1.5347275 -2.9329126 -17.82428 -1.4592957 8.989362 -4.3875117 3.5633993 -4.6351085 -0.109892555 -6.391035 6.200328 -4.1489706 -11.480793 0.37707332 
-374.12195 114.92339 35.007244 25.926489 20.013878 -11.484855 -10.135077 2.221719 -18.653225 4.054352 -7.22823 6.030185 -8.63412 0.70274657 1.8755 -0.6978503 0.5245546 5.036249 -15.15024 0.4437082 
-401.0756 161.98431 13.56491 28.591593 7.1179147 -13.137536 -8.56329 -2.0111804 -26.436838 0.68920875 5.4764533 -4.7537336 4.389479 -3.0629642 -0.37533528 7.413231 0.6184857 -2.9290361 -6.0042925 -5.0218973 
-345.24292 179.09955 -33.546524 44.45132 13.374166 -36.80059 -3.9278903 -22.51516 -22.55565 20.337515 6.408373 -17.81768 3.1394353 4.3515854 -0.8162068 0.20149337 -14.3036995 -1.9619776 -1.1673869 -6.1646686 
-312.02475 140.08772 -25.900852 63.37597 24.867785 -52.806965 7.5360837 -35.10976 -17.271208 16.975185 -12.044679 -11.512852 6.5044155 -5.6187162 5.6414723 -3.330663 -8.274613 12.073014 -4.2419877 -8.335777 
-225.33893 90.10456 10.483289 22.640398 19.049719 -28.660988 -11.546613 -23.899672 -28.515404 18.106316 -6.162059 -0.8369899 4.2738137 4.707936 -0.07763372 5.8444657 -10.493289 3.9220479 -7.7594843 4.0253263 
-351.57227 161.9637 -10.339705 29.465122 28.747261 -21.614477 -4.172444 -18.436852 -35.01778 12.491047 7.2320666 -3.805373 4.5009174 -0.500427 0.09755596 11.797885 3.8318431 -6.570028 -11.424532 0.7142637 
-454.85043 177.87483 10.004383 43.059296 20.095736 -12.782606 2.547799 8.126219 -19.324585 -17.468012 2.7863774 -6.252489 -4.2815347 -6.2110085 12.049299 -0.4866797 -0.9331305 3.1197865 -1.6063471 -5.58822 
-430.35883 140.26233 55.4276 27.690107 7.652654 -3.5331504 -5.340911 0.91221005 -18.184076 0.104192525 -6.736657 -12.773635 -6.6937566 -8.730882 -5.0696187 7.088524 0.41089305 4.089849 5.065356 -0.6128886 
-308.59344 191.88373 -26.32233 25.453316 -0.45869657 -43.99706 6.796749 -11.352648 -30.085514 17.542091 9.883163 -2.237117 14.926963 -6.4621954 -2.253316 5.9553294 -4.831065 0.19103463 9.912688 -21.100395 
-426.53625 178.82654 35.971836 20.61962 -11.666114 -12.145801 6.0689487 5.566811 -22.344818 -1.8620976 -2.776993 -10.019679 5.1926594 0.060590744 5.165407 2.5718164 -2.3659046 -1.0862994 2.8990734 -9.150422 
-345.49442 159.63362 12.790204 27.412683 -0.06451225 -21.434748 -5.3085356 -11.347595 -34.159378 6.303621 1.5451498 -12.950278 6.2019715 -5.676988 -5.303711 2.3308687 -6.915749 0.4830087 3.881025 -15.084354 
-360.46887 181.14331 2.7152433 26.118158 -23.964304 -20.889988 16.832638 -4.0721993 -31.485762 -0.5745376 4.894754 1.9021363 9.209324 -1.1572976 -1.6132836 -5.9354725 2.16716 -1.0544739 -0.56398636 -12.021932 
-416.41684 189.91742 -8.106113 25.521566 -5.601796 -0.46143892 8.458401 0.95187885 -23.206871 8.219915 12.457053 -0.23647448 -5.5337734 -18.548534 3.2070928 -0.24855906 -3.0805893 5.541638 3.4457836 -12.008484 
-395.35126 192.69113 -28.808607 21.286407 -10.252315 -13.363016 5.8623524 -8.894607 -19.665934 13.510156 11.352707 -0.15532987 -5.6584883 -20.004337 1.819882 -1.7017204 -10.795294 7.431439 1.3063115 -10.958583 
-516.9791 178.22183 22.29492 42.01185 15.961022 8.092872 -3.7732463 -9.639509 -25.881212 6.841648 1.4698539 -12.20771 -2.3535383 -14.01779 13.207688 4.761424 -4.503667 8.512756 3.3780196 -1.5723243 
-433.9721 160.93304 4.0640035 41.989677 12.267883 -13.23796 -15.056301 -18.791504 -13.365895 14.351192 2.1985724 -5.215528 1.9465349 -1.9813262 4.3252544 0.8911772 -10.594035 6.527029 2.485082 -10.554518 
-461.30383 81.32955 75.69909 25.338474 15.469299 11.070552 -2.7253418 -0.756982 -8.961189 0.77027017 -6.0659018 -5.9909754 -9.7060795 -0.4173542 -6.592906 4.472974 -7.454589 4.7639475 -4.1221967 -8.038132 
-547.27515 133.35138 61.996452 25.378119 10.602827 29.731672 -7.3407726 12.233022 -3.717258 1.7829121 -11.833249 -3.9268875 -9.620773 -2.4299152 -8.190959 3.242233 -1.1927251 1.7897447 -6.276403 8.933041 
-567.78467 159.04411 40.131107 29.172173 9.926776 25.589848 -7.717039 6.9641056 -10.761628 3.212018 -10.549172 -8.508236 -6.908009 -10.443398 1.1058613 -2.0613775 -1.7642233 1.7901654 -8.994082 1.1997536 
-429.02005 152.91307 24.240625 39.562527 6.519653 -6.6356125 -6.823073 -15.98877 -35.40645 -10.943569 2.6302423 -3.7502108 0.20136462 -4.038604 -5.0428257 10.750263 0.89697117 4.31262 3.1826062 -7.064414 
-513.39044 164.33636 37.460613 36.801346 15.0536995 7.875012 -8.597965 1.7891898 -8.840594 3.8737302 1.9354091 -7.6495233 -1.2092577 -4.036224 2.317285 -0.57734185 1.0348102 1.865063 -3.4257998 -3.3467412 
-429.8849 202.12744 16.610405 5.537865 -31.032309 -10.515915 8.978124 0.5048507 -15.400988 8.725522 8.118632 2.669555 5.5722938 -12.328753 -3.3464937 -7.7184873 6.0283356 1.2874728 6.5142093 -10.743657 
-393.28662 202.09135 31.920174 29.013346 -51.363632 -52.635506 13.42723 0.09311024 -25.426977 15.032573 -2.6119483 -7.12127 4.713384 1.6496645 6.605808 -3.5581806 10.468123 -5.594442 -3.1327076 -16.066471 
-415.2444 185.89055 36.005352 40.256355 -32.015568 -36.891083 2.3602061 -1.0939244 -22.114185 16.788622 -2.5620341 -6.803228 6.556369 -2.1907747 8.883252 4.480698 10.406523 -3.6739643 -7.0466623 -15.406121 
-463.71887 179.92924 47.96781 22.424282 -17.875797 -15.9688835 5.4101887 9.705684 -13.562723 4.2039433 -2.8101482 -9.380051 4.3162503 1.2555813 9.059047 5.092445 7.1774774 1.7261835 -3.1475484 -10.034168 
-568.4446 166.8132 37.328865 38.11049 9.298717 27.327879 -11.858311 9.258808 -10.293594 3.8669653 -3.5991926 -8.740034 -11.783653 -10.623817 4.2776704 3.250039 -2.1581244 2.552302 -6.1222777 -2.9171622 
-569.96844 165.86945 35.748257 32.80864 9.253284 26.26941 -11.131506 15.270588 -10.695586 6.949524 -5.5663323 -2.3291156 -5.992509 -5.0441937 4.488377 -1.5556004 -2.1928263 0.108140044 -3.3492982 2.8264024 
-591.9347 171.76231 43.637836 29.459177 -0.0002666447 31.363913 -17.613855 11.184837 -8.349476 7.641076 -9.344729 -2.8695939 -4.7308598 -11.143392 -1.6004244 0.29366207 -1.7547338 1.0057913 -6.1671004 2.513707 
-379.26352 134.87717 44.098713 15.388796 8.968685 -14.768923 -2.9932964 -3.007507 -35.18006 -9.700041 -3.9681163 -2.2363229 1.8464432 -4.549614 -3.3647869 5.253771 -2.3723943 7.5865884 5.4886713 -6.267832 
-304.7799 202.32794 -26.641005 -9.585781 -26.24513 -34.49133 14.469112 4.1841884 -25.73582 -0.83382714 9.225445 11.428611 -1.0092423 -17.39155 -6.485571 -2.2053626 -3.358327 13.5959 5.786224 -15.081654 
-304.8311 146.87329 -0.3153907 -15.543586 -20.27178 -26.280981 10.771918 5.7382865 -14.58168 4.1702695 6.7559543 8.991215 -7.89032 -13.559426 -10.11045 -3.2048864 -6.4649262 14.634403 -0.10566926 -14.950701 
-359.09668 182.42445 11.239382 0.90699047 -16.771791 -16.718283 11.504265 -4.062517 -25.803581 -12.412557 -1.137816 9.580128 0.7058532 -13.925997 -0.6383133 3.437548 2.007194 8.113207 -0.20564185 -11.986786 
-308.83896 145.68738 -6.7248745 5.5499635 -10.370604 -18.033653 -20.23807 -9.617485 2.4038684 19.854038 0.015655836 -0.23646548 -9.378963 -6.002628 -0.026740683 -7.9309516 -8.7310095 8.10445 6.054967 -9.331442 
-385.77167 170.51965 -17.688658 54.875443 19.169056 -32.41043 -17.584015 -34.088074 0.583648 8.48794 -9.382766 -10.025477 12.872129 -2.491642 2.923925 -6.8026485 2.2135036 7.0721903 -1.1516166 -4.7763667 
-427.83316 125.97358 35.306118 49.06719 21.552422 -1.7903913 -5.6600657 -19.171144 -22.842712 7.1518097 -12.904987 -10.451058 -2.5417557 3.438566 1.4666818 2.3645492 -3.9200091 12.717056 3.4588766 -9.302056 
-428.88422 156.65787 13.509508 55.86954 22.05306 -6.0929728 5.800577 -27.199469 -31.120352 10.74062 -13.596276 -15.811825 -6.101833 -12.251226 24.590248 -8.000698 -9.061724 20.040178 6.9376144 -13.316067 
-476.40283 156.87228 26.506498 57.340767 27.486664 -4.954386 3.3200328 -18.546875 -24.572872 5.989847 -8.032253 -12.079484 -5.7077274 -11.988476 11.972096 0.5159569 -7.5674133 10.915562 2.7687936 -6.0355244 
-374.49042 201.99261 -18.297491 24.186855 -10.943364 -23.028015 -3.845666 -10.425422 -28.87715 9.36076 15.00036 9.141055 8.216472 -7.531638 -4.370268 -3.5421383 -2.46453 3.2154138 4.79499 -11.402538 
-318.5084 193.43134 -18.583406 17.814877 -33.70843 -37.899 18.930244 -14.038754 -25.174196 7.9805264 13.329941 4.337631 2.6295788 -15.6870775 -5.4623475 -6.1710577 1.1016918 4.452362 3.3311565 -11.934575 
-451.92468 153.68565 31.099474 50.819656 -1.4282117 -4.8197308 19.002972 -8.595428 -17.18343 5.2077975 -12.119212 -11.294122 2.396038 -9.021383 -13.2741585 1.5540915 2.5259974 1.7288256 -8.183315 0.78138345 
-461.3356 116.705215 40.614372 55.446716 25.67627 -10.365571 4.843359 -6.3984256 -20.013798 13.533421 -2.9069493 -17.636457 -8.175607 -2.8303487 -1.8060673 6.1048846 -2.1964166 6.3943353 -3.7347353 -1.8859596 
-277.1571 143.22374 -35.70788 34.078213 3.8368149 -26.842815 -6.39684 -39.719017 -23.384546 18.027042 -4.162018 3.4056892 -8.869288 -3.8120625 4.759603 -9.071568 -16.050934 0.9972745 -1.3285173 -9.364136 
-439.06802 176.57318 -9.610529 41.59808 11.774044 -0.8978815 -0.6183114 -17.233513 -14.60042 8.980732 -0.80016583 -3.7618763 -1.7203254 -9.129607 12.084195 -9.030486 -12.149016 -1.6145613 -6.7529063 -5.738822 
-397.1839 99.02569 41.23235 24.416847 1.7870059 7.6822586 -14.130965 6.0192165 -10.5170555 0.6665897 -1.2599216 0.62473273 -14.617944 -8.238586 -7.1943884 6.9924026 8.097538 12.837205 -5.242209 -6.288576 
-324.19016 140.05602 14.133282 25.786005 -3.7143085 -18.284275 0.8529269 -27.067953 -27.911749 6.0115223 4.2892013 1.1604102 -10.620304 -7.663459 -5.2117624 -1.8581564 -3.4303885 8.664207 -3.4318266 -7.366789 
-313.5555 193.59386 -21.080692 14.1112 -35.330025 -38.669914 23.964033 -3.8445218 -29.479313 -1.583288 7.085872 2.5366392 1.8004756 -11.432471 -6.495186 -8.613154 1.1198395 5.9547644 7.510886 -11.445394 
-403.08786 172.76076 14.035068 29.131596 15.468777 -13.051036 4.8976355 -6.966519 -31.895657 -3.2262082 -8.432244 -9.001811 -6.867574 -0.8135477 2.8611128 7.408064 2.1103613 3.947759 8.099793 -8.429949 
-452.73816 170.2286 43.500916 34.84356 5.482484 -12.195518 -18.90767 -4.402671 -11.119559 3.8357816 -7.777889 -11.145097 -6.4865055 -0.5191014 -0.7288832 5.920713 -0.92993724 5.6630917 1.4064889 -0.42574108 
-370.35898 163.23798 5.0597186 33.455425 10.646603 -18.5462 -16.04634 -19.953571 -11.3358135 11.84544 -2.725007 -3.1056979 -4.880449 6.1619563 5.526851 -0.30875757 -10.290592 4.536967 -6.670439 -6.4952393 
-397.66428 187.78749 -8.173754 23.233843 13.936036 -18.102274 -10.680015 -12.28297 -12.098791 2.882853 -2.2298098 -4.97806 14.034884 -2.910246 -4.078272 -3.3326876 2.1542406 -3.2920444 -1.7327523 -6.786241 
-369.73395 164.08887 0.074826136 32.96914 3.2285008 -16.408434 -3.1371913 -9.230015 -23.231052 10.917455 -3.7346988 -3.5470712 7.792799 0.59040153 -7.538329 0.122422114 -6.2769456 4.344299 -0.4543703 -6.330339 
-396.33386 205.96861 -5.393509 18.070583 -32.759285 -38.887424 17.367239 9.233071 -33.93477 10.137849 3.8425903 -1.6980332 14.446815 -0.80378884 -5.6617665 -8.863423 -9.370859 -3.2974775 5.2494216 -12.465527 
-549.8771 176.67615 30.169582 31.891201 -9.592358 16.997429 -3.099145 17.604296 -20.97538 10.51688 -1.5841666 -4.0831 -4.620991 -1.3743513 0.70039785 -4.1155567 -8.396913 1.0103624 -1.5262674 3.2209299 
-560.6462 154.91817 29.723307 41.018753 11.68849 20.710701 -9.836438 16.216198 -8.108003 6.0376744 -7.709087 -9.755428 -2.9208078 0.80486727 2.702876 -0.66171014 1.4981904 5.534755 -6.8672714 -2.402206 
-570.0488 156.49721 33.714558 39.432945 8.445252 27.71211 -13.77586 9.722926 -9.474674 5.8172154 -5.9357276 -1.1924561 -7.7201734 -6.9183474 0.42105544 -4.442593 0.68208206 1.3865836 -9.504478 -2.0019162 
-424.63174 156.60359 22.259623 34.83038 17.48602 -13.028444 -3.2154484 -20.018698 -19.471361 7.0135684 -4.327995 -17.011288 -6.3678904 -4.345033 4.6154747 -1.9614902 -5.388735 -0.8624953 0.07086736 -8.183514 
-395.3234 167.74557 3.712943 54.996464 20.853579 -25.38493 -15.835751 -21.89371 -13.3678255 12.1036415 -6.5515766 -14.741767 8.407215 3.4484851 -1.5808995 2.578942 0.9542161 -0.4996731 -7.0895805 -4.5543933 
-377.67804 41.425888 63.641182 62.61832 -6.1336617 12.699363 -5.8923993 -13.024606 -10.486363 10.400078 -16.398561 -10.112949 4.688364 6.9207535 -11.855841 7.4361267 -5.7140737 13.08061 -8.251614 -3.2541845 
-424.4079 94.33523 52.867195 60.88862 4.4440975 10.360581 -1.8262533 -8.554229 -18.131464 7.21852 -11.550086 -8.717569 -5.22956 1.8607621 -6.6860747 5.3651032 -3.080016 8.035339 -5.64826 -2.595258 
-371.55417 174.26668 6.9805655 11.115349 -1.6455555 -13.673818 -12.528472 -12.230991 -24.055933 6.034557 6.530895 6.5603533 4.1747723 -1.6715535 -5.6927276 2.2676682 -4.916257 -3.7911568 0.32093605 -4.254607 
-436.18875 175.71263 14.649388 32.028545 16.955675 -11.090183 -10.190073 -19.319641 -20.192741 3.4808514 3.8377745 -7.767395 9.509727 -12.380026 -4.4303174 6.4949064 3.795283 -5.3441358 -7.0542927 -0.36062354 
-530.35834 170.19891 33.15941 50.730953 10.3961315 6.5093164 -11.666308 -1.3724056 -10.997145 9.357673 -8.197795 -11.574947 2.8595624 -6.8983207 2.5339622 1.8627383 4.0035877 7.525723 -9.435447 -4.949703 
-414.95782 126.48077 38.195145 47.539856 1.7021904 -1.5570889 -10.077269 -3.6686718 -33.42383 -1.1586038 -6.9658093 -11.093669 -1.4374081 1.3442701 -0.9711169 13.006422 0.35242927 1.173214 2.010295 -3.4077427 
-525.6738 184.62988 46.050938 29.096672 -2.6907582 3.5713506 -5.2536297 0.5621467 -17.51157 1.4725647 -0.639416 -9.78729 -1.9672792 -11.5648575 3.1100245 5.968239 2.9604576 1.234503 -3.1881948 -3.5742466 
-489.0849 180.7786 27.952036 27.317757 6.5674195 -0.5103286 -17.371765 -13.196211 -7.185174 11.849387 5.149944 -8.315498 -0.771368 -6.718706 6.676838 -4.08314 -6.6050525 4.348181 -1.6606642 -7.2721186 
-425.42438 163.31323 15.840993 38.747444 23.125881 -18.2995 -16.37319 -13.315255 -7.6159153 6.485034 -4.6346655 -11.997332 4.2806005 1.5817538 4.880386 0.23042086 -5.203994 8.220154 -1.7096821 -9.817611 
-395.49203 172.70856 -2.6811714 37.199993 20.766214 -27.22853 -29.119986 -16.840986 -0.7493252 12.543241 -6.094721 -9.019024 9.296208 2.9122899 -7.334025 -1.5194632 -3.1542573 -6.081608 -2.6331596 -3.623901 
-419.13306 129.48012 46.374546 44.56386 24.621353 -3.167495 -10.746746 -14.025677 -19.188429 4.135386 -9.748586 -10.775713 -5.410222 8.771907 -1.3116487 5.0796857 -2.8675885 8.894607 1.073612 -4.5772605 
-429.05078 163.71307 30.04772 41.912888 13.332374 0.7711295 -15.762351 -24.285353 -15.644036 8.344214 -4.5938764 -12.120104 -6.15241 4.2244825 15.262019 -3.6287258 0.97428155 10.533279 -3.3183746 -9.451484 
-432.36197 186.43277 12.618292 34.429478 26.39996 -12.445596 -28.903242 -18.637232 -13.124257 3.618838 3.4561877 -13.503133 8.76781 2.2045877 6.572756 0.099126235 -2.385243 1.3744996 -2.4798174 -12.628735 
-462.2205 198.73999 19.810364 33.644085 8.704787 -8.268186 -18.646276 -9.963912 -18.6232 1.0683177 8.178408 -11.505918 11.3401165 -2.662017 8.638821 -4.3748407 1.8785954 -0.2990746 -2.8014145 -8.281987 
-498.32117 169.65022 24.277655 54.88788 9.542735 -1.7317791 5.509745 -1.1935544 -18.933235 2.7343686 -8.029499 -15.940349 10.402599 -8.881466 -4.6375003 -0.28415287 5.6699977 -0.34340242 -6.2401114 1.3645676 
-543.40564 166.1179 29.287178 66.14379 15.204736 1.3153036 2.0739348 7.0420923 -20.364304 13.452353 -10.010838 -20.576393 4.497257 -9.630756 -9.309653 0.2448407 6.9819236 2.4104004 -5.108881 5.2840633 
-540.8533 161.59259 23.530483 44.602364 16.216772 18.05793 -5.5113354 14.309097 -5.2397246 1.5138698 -6.23021 -13.871443 -6.3008704 -6.4575367 -4.222268 -3.8095806 -0.81449664 0.86221606 -2.4165485 -3.281766 
-531.75024 149.79701 27.433098 40.577946 13.702197 24.9507 -11.857663 8.647961 -4.6584744 3.351986 -2.3957777 -6.409207 -4.905877 -0.8085982 -0.6387076 -0.91861045 -2.0510685 2.6244473 -6.2737703 -2.4862578 
-477.6555 99.88186 53.860603 35.777283 2.6065044 15.399338 -3.5327463 4.013036 -8.346909 2.5465686 -11.8860235 -5.393196 -8.35595 -5.649603 -6.6963863 5.227815 -7.142458 2.7702775 -6.2760453 -2.5906088 
-354.26834 11.044884 64.567184 44.38259 -4.840127 13.622969 2.510127 -2.2721584 -9.10659 10.792611 -14.3511305 -8.6003685 -3.9888933 1.7371678 -10.190185 2.0080316 -5.2384167 3.8936615 -10.351461 0.12781869 
-386.95175 26.556486 69.479 49.05208 -5.163897 13.240867 1.6553102 -7.662367 -6.6044106 16.061499 -16.440125 -5.11376 -4.7603855 -1.7991041 -9.681586 3.9812307 -7.659861 7.2766385 -8.023064 -4.084432 
-358.9039 34.92627 57.995537 59.60865 4.1270695 4.2742853 -3.946822 -15.323284 -23.788288 14.986874 -13.856569 -16.0198 -4.927511 4.8986793 -9.156645 1.5642691 -4.803192 8.325273 -7.856029 -8.158102 
-320.9073 115.00701 1.5145433 40.90408 -9.42626 -16.091995 -30.593801 -2.9187288 -1.8472735 22.141663 -6.6274095 -3.5467234 -6.8849697 -8.236759 -7.9543743 4.7822537 -6.9544897 1.6189952 -2.4807613 -5.3714676 
-371.9679 178.53128 -10.289625 29.803864 0.896798 -20.1454 -26.665821 -16.73517 -5.5666647 14.450413 3.126407 -6.3134933 3.4489481 -0.57882375 4.3748794 -5.67149 -6.234104 2.9582078 1.9683573 -9.161275 
-388.84256 141.14969 29.595695 40.838215 15.396556 7.0426354 -12.699309 -8.882775 -22.346376 9.326963 -2.4809437 -5.1174817 -2.5625665 8.970163 6.907192 -0.1756627 -5.813153 12.12809 1.7511026 0.3956286 
-417.83014 170.07738 1.3426516 66.53791 16.406311 -12.574309 -10.505809 -24.342245 -24.53077 16.922964 0.30997965 -15.918481 1.50804 1.5907573 12.6009655 -3.425057 -5.482581 8.844899 -3.8719378 -12.712512 
-407.94836 174.81401 -2.1536853 53.030025 22.154358 -28.260141 -15.430468 -19.786097 -7.544933 8.046154 -3.919603 -15.525172 12.426093 -2.6577122 2.9231546 -0.22873089 -2.4251075 11.389451 -5.1373324 -13.815241 
-383.8661 183.24097 -4.577984 41.031994 13.581127 -32.087925 -21.199312 -15.834597 -13.626751 6.857408 10.931543 -5.949587 11.448637 -8.399243 5.9166603 12.131094 -7.4836326 -7.2615223 4.502071 -15.054006 
-419.0254 173.76822 -5.42923 38.8486 -1.751746 -11.587939 -13.875577 -14.57449 -29.65574 7.1755 15.061641 -4.958943 2.8987193 -9.376621 5.4070067 9.310079 -12.083476 -8.954925 3.1590579 -13.906704 
-438.78152 169.48465 14.049089 50.023537 12.384226 -25.66323 -22.265093 -9.528179 -2.6474092 5.9658 -0.09802151 -13.078992 7.2795672 -9.323795 6.933974 0.3166537 0.5139374 4.53509 -3.3297727 -14.648254 
-455.2228 168.90195 34.7669 27.797564 -4.9834585 -0.24416505 -4.445032 -1.6352237 -9.560375 2.3344476 3.4430609 -3.0679827 1.514376 2.7135522 2.3119307 3.859805 -5.5305805 -2.3176858 -0.23783445 -3.4766793 
-494.81897 125.80356 44.04451 29.435255 5.4428587 18.379326 -2.8750107 10.653059 -7.7598147 2.1062884 -6.6993356 -1.2766863 -9.9548 0.7741422 -6.694419 1.0313829 -5.513696 -0.8009979 -12.500278 0.849882 
-430.69644 65.911385 42.166275 42.46468 -2.2690947 14.304216 2.334424 -0.8008085 -3.813318 7.2833614 -16.431463 1.3482963 -8.0467415 1.7719299 -8.973985 13.01041 -12.548701 12.869833 -8.666805 0.06459533 
-570.5275 150.11737 52.06944 36.15177 0.99397063 30.802145 -10.743928 8.119622 -6.552527 5.566196 -11.42461 -2.6538625 -5.863601 -9.914082 0.12774843 5.2276206 -6.000799 4.654294 -6.105803 3.5761075 
-412.59116 212.92917 9.879892 -6.2409153 -25.950111 -24.141815 5.392496 6.4390297 -23.812723 5.9414105 9.851244 -6.5809574 3.8922625 -9.3142395 -6.292954 5.4973807 -5.591986 3.04041 3.9923198 -8.460961 
-370.6493 207.37779 -21.35372 4.3164296 11.550682 -18.540537 4.0775013 -9.402762 -25.430708 0.45724937 6.712006 -9.056243 5.2828274 -12.885355 -1.13664 7.4124703 -9.566981 4.626519 3.0579495 -5.5134206 
-429.90598 186.46777 11.753723 32.770195 0.45585653 -18.594856 16.249266 -17.579174 -32.58161 0.14832489 12.479579 -11.923323 13.1036825 -3.6732037 -0.48788303 2.3587751 -4.038405 0.31189102 -0.3728466 -1.7688808 
-418.3819 175.46866 1.5936751 42.238846 7.3980126 -22.36575 -4.6041546 -18.544228 -23.074266 11.382721 13.013065 -10.912234 7.1955576 -3.0673268 -0.10002465 -2.3240168 -2.4898262 0.9052086 -1.163525 -8.9492855 
-478.56125 183.3095 31.541012 30.634743 -19.4542 1.6725346 2.5946074 3.3301086 -20.089165 3.9053917 -2.1797996 -7.5622473 4.183514 -0.2987275 -3.1446292 -3.2542865 -4.538766 -6.0850806 -4.551885 -2.6089118 
-553.5106 158.03432 49.69598 26.483665 7.078562 26.567467 -2.860677 9.301487 -4.8808007 7.867836 -9.479854 -6.7696285 -5.687639 -9.011988 -1.3583894 4.9985766 -2.6455503 -1.5148172 -4.7300262 4.0278754 
-552.4615 156.39085 38.167294 37.634193 9.755391 23.594912 -6.131806 11.181286 -7.301447 5.389758 -4.728266 -4.0934486 -1.932546 -1.5940795 1.4881388 3.9630094 -1.1134067 5.0721707 -6.734402 1.3133725 
-448.2638 120.32137 25.805513 30.682299 10.285514 22.041819 -1.9839723 12.161373 1.4674084 11.0391865 -2.5642657 -4.767415 -5.226513 2.2891626 -2.2004979 7.4705224 -2.047934 8.103105 -0.8283055 0.6245452 
-440.6831 100.90573 30.598602 25.999275 16.345526 26.47708 1.2716472 13.293614 -5.9364877 13.7324505 -5.1709843 2.104142 -7.609232 3.5464 -4.0896244 8.069739 -3.941373 10.469252 -2.4104342 4.069925 
-578.8025 169.87746 48.343384 35.30853 8.400661 34.699276 -9.466378 16.801926 -5.829895 6.675059 -10.197606 -7.18053 -8.982875 -10.363252 4.446036 4.5241857 -0.54274344 0.9818499 -7.3562903 2.9978547 
-541.155 166.63379 19.983734 29.999626 19.570805 27.358515 -23.709238 5.2005877 -3.656178 4.7301393 -9.858631 0.0122157205 -3.572235 -6.570043 0.5932692 4.4426847 -1.5467783 -2.0079927 -5.2838297 -0.20654427 
-418.9048 199.61899 18.98016 32.122597 -21.020178 -30.43179 -1.107038 -5.2662992 -13.13576 10.650973 2.9020307 -14.308602 2.4869356 -4.525113 0.73595804 5.2276454 7.5506396 -0.24499914 -7.590662 -4.055912 
-405.39264 94.27341 55.44797 47.011135 8.049746 14.809383 -8.105366 -4.008941 -10.953334 4.6049232 -9.815243 -13.554032 -1.6753252 -2.4249806 -10.322594 11.2567425 -2.5544052 0.883361 -5.3881364 -2.4908757 
-410.5996 145.30438 -4.0521708 72.875145 22.477482 -26.19141 -12.191852 -12.807818 -23.294136 12.5201025 -3.634471 -19.564888 5.2778506 1.3835356 -6.3132763 9.89347 -1.5198852 -0.96620125 -2.0408955 -6.5157237 
-556.19934 166.74913 30.835314 41.36026 6.523113 21.654238 -6.0696545 9.393337 -13.696002 14.20975 -2.2291217 -11.699999 2.6645644 -5.879604 0.060293198 1.7787272 -2.1254947 -0.117001496 -5.174967 1.4849137 
-586.16266 169.80266 48.57914 30.959726 5.7574534 32.262024 -10.3465185 13.374045 -9.509304 7.2644324 -4.0697064 -4.762408 -7.6824536 -11.799001 2.0939512 4.3611846 2.1829696 2.8274212 -5.2064996 3.9420645 
-432.1647 106.669685 62.364094 50.192123 8.78297 12.949163 -11.811232 -18.904623 -16.624788 10.582371 -7.982716 -8.736118 -9.252801 6.6194973 4.3811255 1.9498781 -0.8695408 12.602765 -1.6338383 -7.1228046 
-434.53192 156.33615 27.243185 54.250793 20.61295 -1.4962218 -12.955066 -20.35755 -20.864492 6.486078 -5.488861 -17.991547 -3.4788358 3.6446223 12.477317 -3.6079013 0.82085973 19.336378 -1.6147811 -9.271335 
-539.51715 162.7626 39.692886 31.741045 11.886851 20.137108 -12.484938 3.1437275 -6.7816663 5.7851343 -6.23126 -10.5936575 -6.68578 -6.0642548 2.3363795 -6.1753116 -0.65349466 2.376252 -4.6101456 -7.515139 
-435.01428 179.44096 13.448063 43.23732 22.824524 -28.325697 -31.334251 -10.382963 -4.7214413 5.5662003 -0.9954116 -7.097255 9.83926 -2.3241665 6.0734253 3.7423694 -1.4231402 0.7922636 -6.3606963 -8.644619 
-380.63736 167.26544 -5.51261 32.299713 1.1422307 -22.420893 -13.468805 -22.361341 -25.332056 22.401928 17.279736 -0.11334096 -7.4709296 -6.0372376 3.4431937 6.424883 -17.248863 -0.758549 -1.5887996 -10.204808 
-503.1505 145.15988 28.584595 29.829952 8.367913 11.31438 -6.873789 0.61597365 -6.066815 11.440136 2.7710636 -3.4290836 -10.305725 -5.874594 -2.3174486 0.8202624 -10.526836 1.5429031 -4.3032494 2.7522254 
-550.5998 155.73462 41.381447 27.73785 12.468272 24.020851 -6.678549 7.694407 -5.1372123 4.8255124 -6.9816804 -1.0864611 -5.6355176 -6.9601245 -2.4060473 -5.0881925 -5.3409824 1.7351823 -7.527403 1.5287118 
-564.2901 160.71095 34.76957 36.25097 15.133031 26.668404 -11.348286 15.407603 -4.626539 6.7069316 -5.776498 -3.5576391 -6.582993 -6.1210537 0.35061738 -1.3615184 -2.032405 2.677111 -2.5759723 1.7536312 
-578.7789 167.38385 48.058796 31.719028 6.632148 28.923943 -9.110885 13.429684 -6.571999 4.1280613 -6.700887 -5.1200233 -4.0373883 -7.0188403 4.587712 0.8758142 -2.7851055 2.9556317 -5.3439074 4.358542 
-313.0069 89.872 29.252916 51.325363 16.95744 -25.617928 -10.416248 -3.2995865 -11.2493725 9.84119 -13.09661 -1.2969197 -4.392687 7.4502444 -2.9089727 11.879563 -0.049558267 9.089772 -10.620572 0.66681373 
-368.4211 155.54608 8.645395 42.018707 21.718529 -22.290539 -15.6323805 -9.561893 -19.295753 -1.0258181 -10.57302 -7.3065624 -6.179156 4.6840806 1.6593001 2.508134 0.8804618 9.347385 -12.473322 -4.2243514 
-418.49146 146.77574 38.602036 24.83915 7.323189 -5.2079043 5.3933363 -5.323966 -25.1468 -8.3790245 -14.98065 -11.341846 -3.405144 -0.9467337 2.602949 7.6999917 -1.4276028 6.3626347 -2.7942138 -1.2374749 
-394.46243 83.17529 21.207424 29.574196 16.747618 1.2542534 -17.81416 0.5738182 0.38207042 4.763669 -9.46009 -6.8713627 -3.9376504 8.433923 -9.198151 12.648701 -0.8300897 12.6929035 -5.165824 -2.62005 
-354.37955 111.68124 16.815468 65.49306 17.54791 -20.1125 -20.084656 -18.150879 -14.488419 9.888624 -13.270447 -8.426963 1.2895131 3.3032012 -8.646376 5.4521656 3.3975937 6.4381266 -6.8851776 4.555275 
-426.85962 180.1652 20.089674 44.050186 25.393208 -21.819122 0.86092246 -9.150812 -31.158348 -9.815456 -4.8763866 -15.517692 -1.3005128 -1.1706697 1.7902713 2.3941143 2.4960592 8.257818 -6.3596954 0.2136988 
-427.0491 192.76497 50.721725 21.417816 -13.340325 -24.907711 4.698038 1.2226644 -21.274101 -3.6566076 2.2853615 -10.801088 0.09711753 -0.013618787 -3.869952 2.6960201 8.72805 2.903406 -1.1626073 0.4447973 
-373.93866 191.57025 -0.52431214 -5.688279 -30.243845 -12.842486 25.846865 4.0767155 -24.722198 10.789438 12.800894 -4.5182285 6.293758 -8.351471 -17.523964 -0.7805694 -0.21010362 5.2656655 2.4534774 -5.3848066 
-444.0046 117.602 42.76614 26.02136 -2.834286 12.3846 9.292121 -6.869367 -17.488424 10.424601 -6.215427 -3.1942778 -2.848766 -4.9538636 -8.173265 -4.4866486 -2.1979856 9.106604 -2.9838574 -4.7845373 
-422.29373 128.3284 29.432425 48.885357 21.844002 7.5013394 -7.644142 -17.928656 -24.848442 6.6314445 -8.298794 -15.802458 -8.372615 12.401826 4.398115 -5.58498 -4.1717296 13.014322 -0.7515975 -4.672983 
-442.13034 99.02164 42.303986 33.023483 4.4203815 12.880129 -5.760175 1.57067 -8.826655 10.785081 -11.08247 -8.881539 -13.841015 1.9695017 -5.896012 6.2738056 -5.8196526 7.445406 -4.387676 -4.2225704 
-410.53934 166.57416 19.626528 2.9093003 10.55041 -1.6372187 -17.927568 -9.205962 -10.074989 15.747767 -0.2710032 -7.18263 -13.668035 3.8737607 9.330428 1.7648902 -8.490764 8.85936 0.28569332 -2.1557806 
-440.19525 72.88136 77.62635 29.827671 5.6024747 15.034478 -0.026215553 -4.960253 -15.5753 9.709415 -9.471037 -4.4244475 -10.274326 4.3050075 -6.1030297 0.6043549 -6.2257195 5.4290876 -3.452361 -4.768961 
-385.0879 184.75209 4.472814 2.9996958 -4.2924256 -9.050355 -21.780872 -11.944193 -14.362052 14.891571 14.29068 5.6606545 -5.0762224 -3.2278454 0.95806885 -3.870187 -9.62938 2.6246424 -0.83638245 -4.580464 
-409.24524 149.56715 24.291237 40.991318 9.414284 4.1587863 -11.58415 -19.330498 -25.949417 6.8304467 0.2060883 -12.691708 -9.558634 9.971651 5.1704726 -7.0676327 -4.8842816 8.251866 3.4723113 -6.085824 
-365.19446 193.88493 -24.62398 17.30429 1.5628989 -18.19628 -6.82954 -16.048275 -19.51876 14.967098 15.900347 -8.322825 1.7598319 -5.276733 2.782663 -1.3695014 -6.338511 1.2719436 0.7453021 -5.434457 
-424.98108 182.2467 2.1467488 37.108635 15.490533 -13.765087 -3.0713134 -11.71585 -19.327719 0.55884093 0.82996184 -9.543547 7.755651 -7.3183537 4.5490026 -1.6204804 2.4729617 4.42125 0.18748654 -1.961953 
-532.7843 170.43523 44.196625 27.888256 10.319451 13.411671 -10.964643 7.815489 -7.157029 -1.4521589 0.8100758 -3.7063692 -1.4878818 -10.832803 3.5366418 0.3688539 1.0643082 1.5050979 -4.887608 -4.0888405 
-509.00037 178.0658 21.998207 57.364887 27.611101 -5.188271 -24.04611 -5.7720547 -16.725193 3.3045707 -13.571209 -15.303126 7.768728 -9.8777685 -1.9627029 4.648806 6.2318554 -1.3316636 0.08889262 -1.1538833 
-386.9439 143.11649 14.436062 3.6572788 3.0692852 13.963217 1.7135718 2.8316019 -7.3758 11.46231 9.626491 7.369618 -1.8690382 1.3759248 -5.7706957 13.307705 -7.5685444 4.15016 -3.1482363 -3.0909805 
-460.81403 164.82466 36.89053 17.296638 -19.232454 -7.859034 6.3110943 10.271274 -19.025457 5.099062 -1.8888582 -4.514579 4.367362 2.4802403 -3.2284274 -1.1480092 -7.048544 -2.5372477 -5.7770624 -2.0070295 
-533.54926 138.74876 57.779533 48.478672 9.905888 24.836 -3.2312346 2.9085655 -11.58292 9.695603 -13.954085 -2.667698 -4.729205 -7.4452505 -4.3870506 4.5113482 1.1505873 4.5790234 -5.529175 5.728564 
-533.6931 144.77173 38.58056 46.265144 18.250835 12.181352 4.1700397 13.881985 -5.2346334 5.4406033 3.8581517 -2.614761 3.0289297 -2.71806 0.04364374 6.341108 3.8066204 4.4978147 -1.6875622 -0.49543655 
-488.24234 155.68416 18.196344 24.498531 9.857938 23.635048 -1.7443926 8.508695 -6.4690475 6.731214 -5.537117 -3.771075 -6.750323 -3.6896977 -4.109036 -0.9240304 -5.4083185 -0.33193746 -0.33982086 -4.369421 
-572.1576 162.00343 34.532284 40.385403 8.313068 27.074196 -11.753407 12.658182 -9.082399 5.2119355 -4.7523212 -7.2607303 -5.2647195 -2.9535413 1.4171733 0.32643792 2.1958168 1.511092 -6.28374 -3.377885 
-554.56573 160.03192 45.57829 27.09467 4.432712 21.853401 -9.552654 10.406257 -4.9930673 8.521057 -6.633824 -4.3967175 -5.1611414 -6.962068 -3.8356218 1.0670769 -1.9160309 1.7021806 -4.5802746 0.60310864 
-386.41602 165.46149 9.512715 0.6730859 -18.872087 -7.721768 3.7956517 1.1397566 -17.675884 0.88119 4.3352194 -3.641883 -4.925095 1.0777817 1.814672 6.5045533 -9.798164 4.9116626 -6.2133837 -11.6254225 
-406.0571 123.844444 43.235363 40.789196 -3.2305427 -4.1586514 -13.641087 -14.8123 -10.99065 -0.19371223 -7.19166 -8.82266 6.9215975 9.681193 -8.807104 9.880838 5.61594 3.734559 -5.688284 -3.4046974 
-426.1269 179.28851 36.81027 27.436918 -7.671256 -14.510328 3.1573613 -8.628701 -18.540606 3.5438108 1.442478 -3.2814531 6.8403764 1.2789739 -3.5060186 4.4436893 7.174916 -0.6246092 -7.602757 -4.0904255 
-415.6109 193.09093 9.32008 16.416685 -32.47113 -26.739964 16.280931 1.1288652 -18.99346 8.556554 2.0350137 -11.014641 8.420119 -8.201954 -9.572096 -9.730476 -2.282004 0.005381902 2.3322592 -1.5877881 
-441.2336 185.13397 28.898506 2.9529963 -17.619398 -6.549355 11.37907 8.017053 -14.533362 -0.3508695 5.336401 -1.2949351 2.669257 -5.84184 -11.281078 -6.8538346 -3.4930015 8.433206 0.410627 -9.003706 
-423.9882 197.34586 -13.470833 17.970078 -9.631708 -5.7880692 -2.9881353 -4.8648405 -14.7062025 13.037803 11.217135 -4.773184 -6.7825027 -10.780086 0.33819544 -5.163862 -5.7049336 1.8275629 2.2356458 -8.490693 
-446.00473 155.90147 26.150078 47.017925 23.38993 -4.7448335 -3.4329362 -8.928685 -27.863548 4.735844 2.4103901 -17.691639 -3.9467633 0.19458993 0.2914628 3.2620604 -1.0632864 -0.8656447 5.049906 1.5976237 
-440.1505 173.85243 15.645076 50.835743 8.713878 -13.717626 -8.927242 -15.933217 -19.55726 12.257336 -2.2937498 -13.147537 -0.3759096 -4.3137374 11.751 -2.407699 -1.5866216 3.2404928 -4.2913055 -6.413476 
-422.16248 195.12415 -0.17843586 36.820683 2.8436632 -18.880901 -18.650167 -15.616688 -25.507881 2.5827181 6.823839 -0.8481987 12.144939 -14.260166 0.92557186 14.110531 -2.3975406 -11.086865 2.7923508 -11.259235 
-490.52393 187.6817 18.737986 36.91228 -0.34574953 -1.1554816 -2.506017 -6.870842 -24.093374 9.643278 8.166042 -5.192615 3.4581747 -13.922428 5.945627 4.268991 -4.288084 -3.5793219 -3.722006 -6.4560785 
-453.03326 162.37477 26.10019 16.619158 5.83456 -0.87979066 -20.599207 2.6864486 -23.99199 7.2241845 7.117458 2.0234118 -5.4590864 -10.6312685 -2.7512465 7.412484 -2.9121702 -6.0100174 -4.79083 -3.3798618 
-450.9995 198.38742 10.5626 6.9377027 6.100236 -0.78265643 -3.8702545 -3.860303 -16.465752 8.620273 14.9540205 6.36883 0.25758213 -17.982983 -2.374135 6.5775747 -7.3270526 -5.7685204 3.592265 -0.4154601 
-512.5061 174.77812 37.24085 29.522789 23.889687 24.817242 9.7852335 8.13899 -6.200006 14.747864 12.835019 -0.76784325 1.2092912 -6.5347805 5.7878375 8.209311 1.3781536 -1.0948758 4.6542892 1.1494565 
-399.52054 181.91806 2.8304346 17.648268 -9.428677 -0.6089603 -17.845253 -4.8159933 -28.838501 12.356233 11.883385 -0.6714964 -4.981123 -9.996844 -3.216085 7.9464884 -1.5953556 -2.00923 4.635492 -9.17008 
-469.7343 212.37108 -5.1067204 20.5953 -20.135933 2.0895662 0.4147271 7.3873615 -22.92469 4.939543 -0.52469784 6.0160913 1.8894866 -17.216436 -7.0629187 -6.1719 -7.0286202 -1.6909415 5.9139147 -4.5818157 
-486.7436 209.37932 22.079353 25.06847 -33.615406 -14.636717 7.978441 11.673618 -23.09156 5.5775924 -3.6021032 -9.846385 8.548267 -1.6905808 -1.1840367 -4.537969 -0.637636 -5.4916935 -4.248444 -6.5132494 
-443.17096 56.287636 67.84221 58.947998 -4.969457 2.174153 15.046868 1.0953083 -32.154636 20.743359 -10.452445 -17.567884 -0.77419776 1.5952697 -13.283114 7.148199 -3.544151 3.2058 -0.6149621 -7.188021 
-501.7832 151.2514 49.36855 48.45625 8.512112 5.6725507 -4.5300164 -13.84779 -27.027622 7.0825996 -9.677821 -18.540674 -7.1612988 -4.4146767 1.1998411 -5.33443 -2.6998687 0.040252395 -2.7489882 -2.2882829 
-567.17706 162.1297 44.73875 26.692785 3.5253222 25.940115 -9.219497 7.685268 -6.139867 8.282438 -6.0059586 -6.5941334 -7.374254 -9.52912 2.2013388 2.148473 -0.71059537 -0.728681 -9.526087 1.9623625 
-519.2644 176.22935 37.961174 27.738289 -4.865362 12.243854 -8.7046585 3.7645743 -16.97927 7.298657 0.5567914 -4.967596 -8.427683 -11.207022 -3.1342275 0.32524422 1.4216723 3.4969225 -6.6085224 -2.264803 
-442.47382 198.95746 10.42223 8.7139845 -34.958126 -9.191515 15.9198065 7.032084 -17.668524 17.691853 7.7884655 -8.070624 -0.57049584 -10.157504 -10.87633 -1.0746063 -2.5926735 0.5442336 -2.8506982 2.0581295 
-397.7777 205.77716 -16.717354 26.328728 -30.434914 -26.82769 11.282184 1.3885673 -36.777763 18.554825 21.429295 -5.5925837 7.5498385 -10.244915 -6.2045245 -2.290505 -8.438266 -2.6842496 0.4840553 -14.194528 
-480.76862 199.09232 31.21276 34.057507 -38.403233 -20.598839 13.60807 8.659107 -24.600035 14.592231 -1.1419151 -14.043821 7.0016394 4.531458 6.609737 1.9387193 -1.1780697 -8.796346 -7.8682 -7.2296906 
-522.9517 156.12509 18.691101 40.29463 8.683424 20.271818 -5.9749117 4.2902465 -14.571611 11.170429 2.5271807 -12.471593 -6.4372153 -3.5855467 4.753993 -1.4879125 -0.8054294 -3.5207994 -1.4990703 -7.221444 
-553.1902 159.7075 25.564613 33.562 10.28445 27.76511 -11.458974 8.944515 -8.348265 12.9840765 1.9996122 -11.246245 -6.286169 -9.431212 0.33794722 -3.2623408 -4.956252 -4.3616204 -7.180553 -3.5160391 
-576.8043 168.83066 46.726868 34.658997 3.756154 25.835032 -10.094237 10.901013 -11.886298 8.586916 -5.6802754 -9.703602 -4.066135 -9.337168 -1.6665577 3.0960736 1.5757517 -0.42596278 -8.125791 1.7066432 
-501.34424 180.53375 30.990288 42.909935 6.499987 6.161772 -13.1255865 -13.327476 -28.500772 6.848842 2.9377093 -3.209245 -2.661263 -6.628954 8.624766 7.8819013 -1.2176421 -0.64529634 2.0838661 -5.0345535 
-490.7264 199.54161 36.504654 27.448622 -0.60287476 2.6339562 -8.477785 -11.612623 -18.600344 11.31852 10.234846 -9.013731 2.9315884 -10.036915 -2.9059837 -4.2155976 0.47767532 1.9419714 -0.6721031 -5.3774285 
-463.1778 176.46098 17.788689 40.95016 12.337706 -15.820873 -8.563185 -4.25198 -8.998163 -1.0564038 -2.1544373 -19.53883 10.722179 -3.1512454 0.87484866 -1.3413522 6.9990945 -5.721617 -7.524108 -5.0585876 
-435.69324 188.34113 -2.1391122 23.530895 4.276443 -6.9695983 -17.033237 -8.006813 -11.23148 19.097496 14.629874 -10.048636 -2.5651333 -4.0674996 7.0484233 -1.6022048 -8.558738 -2.9172933 7.2932715 -6.995864 
-464.35904 174.97682 33.351456 33.864605 -3.8706534 4.804367 5.777895 -0.06824323 -28.271297 -6.6038537 -1.6069096 -2.5481925 5.314348 1.9822943 6.4615374 2.8623385 1.1558661 6.088697 5.350031 -3.6817763 
-497.55685 176.32538 40.224945 38.751205 -27.706638 -5.5474505 2.2383652 11.240953 -9.276105 17.49177 -3.3803568 -10.414605 2.4244032 -5.956631 -6.8860703 3.8321266 0.84836245 -7.087937 -7.3658423 -2.1186981 
-582.6648 168.08922 49.08459 34.722706 1.8571815 25.482883 -10.482095 11.624054 -8.279264 7.0601997 -10.117513 -7.1397924 -2.86414 -12.523406 -3.6395268 3.0026126 -0.12569867 -1.291941 -5.356602 1.946242 
-571.8333 158.52385 45.529625 37.401375 -1.1712703 31.745094 -8.749558 13.941454 -8.610929 6.2031097 -5.4162474 -9.293691 -2.132624 -12.571595 -2.0377586 4.104719 -0.07756416 2.071105 -6.2598042 -1.2979031 
-561.6365 145.65652 56.941067 21.613485 18.38591 20.582924 -3.6936684 7.071798 -4.4478283 1.4791441 -9.35498 -5.291045 -6.4200897 -10.31577 -3.8229048 3.2354171 -4.097057 -1.4060508 -8.836693 1.964256 
-562.976 141.48465 62.954765 17.767927 22.06518 14.466692 1.3251661 6.6401076 -3.893206 -0.3944413 -2.884841 -5.725899 -2.3031583 -10.340178 -2.4733148 2.9287345 0.17921597 4.206676 -5.945985 2.6448126 
-526.81946 158.80559 60.474644 3.5777347 10.93094 5.401972 3.5257711 4.345269 -3.6814601 1.6646303 -1.9963812 0.120633334 -5.038671 -14.202872 -5.360143 1.1630034 -4.9600887 3.3092375 -5.7601137 -3.3354445 
-501.70215 187.95105 42.67958 12.846791 -13.165968 -0.81628907 -7.5701394 3.8803036 -15.296027 0.6389768 -3.537459 0.035330668 2.6600733 -10.136711 -3.8678007 -0.8796704 2.2218826 4.1552935 -0.03503023 -3.1960127 
-442.2058 106.71536 58.575108 29.83258 -6.39959 -1.5499923 0.01987203 -5.479631 -14.420844 10.562096 -3.691438 -13.793517 -8.551296 2.9297578 -4.9156556 4.2243524 -0.09443113 4.6935096 -0.62105757 0.27394104 
-426.10037 175.1318 10.616228 22.712242 0.70357805 -3.8551283 -26.429 -14.578513 -10.352918 14.469718 7.787107 -1.9095073 -9.323143 -3.6526196 -2.4130478 -5.0283756 -15.133257 -1.2071029 0.8261643 -5.8730855 
-568.6311 163.72711 40.113724 33.44855 6.7992334 29.011078 -13.272203 6.0279274 -8.4767 11.205251 -2.1448119 -8.048619 -4.1588583 -5.162179 -2.7889647 -4.1153493 -3.5297327 2.7884486 -5.9066625 -0.61350864 
-589.6196 169.81839 45.79655 29.822283 3.5543582 31.437622 -10.5950775 13.438707 -12.706403 8.032899 -8.012039 -6.1800766 -2.2058132 -12.4389105 -0.2093557 4.3812613 0.81975925 -2.062135 -7.390107 1.4556317 
-574.82275 162.99213 50.72909 26.532513 8.778773 33.20377 -7.5337653 5.60984 -12.776868 1.3114821 -7.791086 -3.104926 -4.598887 -11.390555 -0.9272668 1.5838445 0.95070106 -0.60766405 -6.7448387 -0.020160701 
-575.5943 172.53964 48.20871 29.344395 3.6849306 29.301296 -11.543609 8.836249 -10.202057 2.437583 -7.288865 -1.9516184 -5.941068 -11.394642 0.30648476 4.387615 0.07247525 -4.0520196 -9.611143 -0.118744455 
-579.1004 168.40723 52.366756 31.878588 5.169886 28.454384 -9.275749 7.7023664 -9.307222 0.5292721 -2.5114386 -2.995109 -5.8483114 -10.548176 1.1851058 4.940499 1.1685941 -0.74193007 -5.3264594 2.0968723 
-552.0496 158.96419 47.502575 26.058037 8.152546 29.98832 -12.89957 -2.190734 2.6563187 1.8330102 -4.5043755 -2.7394643 -8.859059 -1.8866441 -0.69834083 -5.0678883 -4.102525 -0.4061278 -10.91613 2.102808 
-547.9796 175.8489 44.54016 33.802982 20.265818 8.147056 -14.237598 0.1944614 -9.218162 3.530923 0.82419014 -9.8553295 -3.7558565 -3.1717978 6.3843155 0.24299558 0.526012 4.181945 -3.6996307 1.0489423 
-518.5281 170.64719 38.127136 45.431606 7.545944 2.4765186 -0.38411468 -8.300519 -19.933475 1.6226506 -0.7685101 -18.670324 0.7193437 -3.730071 4.743143 -2.162117 -2.4928381 4.089384 -3.242138 0.81671596 
-481.1013 167.81699 1.8156123 70.92201 17.94968 -25.302132 -4.0394015 5.0125637 -27.78516 7.4782205 -3.8015263 -23.99704 9.6663 -2.5089946 -7.294569 9.767049 6.389385 -8.379661 -5.0275526 -0.6818842 
-443.1243 112.83328 37.806885 55.943436 -1.3617593 -8.597235 -2.0902114 -0.1348273 -20.178913 15.707676 2.2706401 -7.9820457 -0.73129326 1.2367516 -8.926502 2.0030348 -3.896298 0.98557067 -3.6861932 -1.870872 
-519.92676 175.97215 33.792934 35.019897 -3.346301 3.408557 -1.0601016 -0.24448988 -21.808794 3.7977154 2.6439497 -10.227194 -5.8511105 -6.285558 -2.788433 -6.1714487 1.9900771 -0.48519263 -10.1715145 2.3208678 
-582.95746 166.8201 47.218517 33.721893 1.0294614 25.340218 -10.345687 11.508189 -10.140362 5.202133 -9.356396 -7.6180286 -4.275914 -9.987202 -0.9867684 -2.0125742 -1.5084502 2.2771711 -10.440897 -0.08004461 
-580.71216 169.32079 49.44158 30.301582 4.043581 29.660423 -10.845684 13.178336 -6.7534914 5.077625 -8.053232 -4.1131024 -2.7710826 -11.374603 -1.0677133 -0.2475728 -0.37877512 -1.7766004 -7.1891913 1.3786515 
-547.23236 173.3605 31.273403 27.765236 0.3491478 26.888193 -12.053346 4.9631686 -11.21317 8.855278 -0.15531938 -1.1678286 -5.7010975 -17.042593 -3.097321 -2.021051 -6.263457 -2.6209536 -10.633826 -0.20681354 
-586.5292 159.93922 45.650093 32.27121 5.2102604 26.637218 -4.931168 10.798012 -14.429913 1.0725236 -3.0448356 -0.9272009 -4.262552 -15.601965 -1.7476954 -0.28620654 -2.0159905 -2.4904423 -8.868642 -3.4524858 
