-348.6778 113.919365 28.88011 30.733717 7.870344 17.10314 -8.336516 8.5705185 -10.423807 2.7031534 -13.406089 -4.3939404 -11.245568 -2.7307825 -11.114288 4.866488 -10.235336 4.697047 -6.529079 -2.9427278 
-211.64543 152.35803 -7.2861996 21.509048 8.344211 11.753046 -7.3620205 -12.464895 -55.031326 2.3648672 -4.1208687 -18.342382 -5.231802 -2.7509012 0.35919607 2.485503 -10.594339 1.0484668 -5.2214437 -4.545999 
-272.9395 118.33154 33.567284 14.301958 -21.955046 12.735428 1.2429504 14.477112 -23.120386 -1.4102445 -11.165886 3.2119694 -5.7549076 8.165676 -15.541227 -5.4367085 -14.422956 7.04661 -4.7999682 3.559522 
-272.94836 107.43951 22.802702 57.95969 16.761961 22.106571 -5.1730742 -6.0785923 -38.68081 4.8600016 -18.807993 -27.476551 -18.11394 3.4992583 -7.6663046 -3.767593 -12.942164 10.705048 -2.6127 2.136163 
-266.76395 82.753 45.672836 64.40262 -6.2659917 18.712929 -13.456854 13.899952 -29.01221 -5.024543 -33.844284 -10.060369 -8.505779 0.38613728 -10.426178 5.892347 -8.105149 6.556951 -5.4803267 1.7196432 
-292.73605 141.75694 -3.195572 42.659405 29.348576 4.969062 -13.37075 11.549946 -29.297472 10.070543 -17.524836 -13.189858 -4.673267 -2.61156 -13.6491375 5.9761147 -11.721996 5.6898885 -7.061276 -0.033416882 
-317.70743 128.5999 23.057863 31.00998 4.5701838 15.907337 -1.9057393 13.985369 -25.2209 1.8894395 -12.043349 -6.939521 -4.872351 0.80008954 -19.563263 2.0765386 -8.016526 6.8399296 -7.1876864 0.057336066 
-281.8206 106.62614 24.634302 48.65802 16.720724 25.460327 -11.458463 -6.6671534 -37.27739 8.336155 -14.157421 -29.648603 -16.790825 7.558162 -3.8178852 -0.9313845 -12.909779 10.594844 -3.3067966 -2.2175512 
-326.29254 149.16043 19.751783 44.605404 25.39878 12.185162 -7.108602 -3.304089 -26.428581 6.688263 -22.172733 -24.83176 -15.898283 2.9765713 -1.8251767 -4.3742676 -8.909746 12.50337 1.150821 -0.44921696 
-344.43033 143.68788 10.028738 28.331873 15.684298 14.747216 -6.2455354 3.6103477 -21.602962 9.07675 -12.067277 -2.177628 -5.663428 -0.65792656 -4.621076 1.0850786 -14.571552 1.5925622 -6.4237742 1.8838264 
-297.3736 167.87616 7.869703 10.719454 8.332817 18.12899 -6.519504 -3.4894931 -48.87744 2.4303873 -3.1752005 8.514209 -1.2678225 -0.69159245 -2.1434202 2.2866342 -9.119729 -2.4004068 -14.5466 -0.33859953 
-330.78445 153.47066 16.519005 26.254473 12.72217 18.474466 -6.8580303 -5.361509 -39.311295 4.847667 -7.3149796 2.8599741 -4.0703382 0.97336644 -1.5017104 13.2186 -8.25481 -0.3644452 -11.993656 -1.7126058 
-375.62222 123.23551 27.59627 33.544678 14.725296 11.2932205 -9.913364 11.927884 -9.190505 7.7091455 -19.658115 0.51021904 -8.493269 3.2487786 -10.082401 4.1268263 -12.245076 3.4755785 -6.44512 5.290234 
-282.09906 123.187584 11.462594 60.314774 30.79578 -7.226324 -4.3367114 11.306894 -34.68425 7.2635627 -26.621973 -19.567574 1.3304781 -9.527066 -23.432816 10.70587 -13.17609 -1.7685602 -1.5498791 -0.113730274 
-310.12607 158.701 24.677761 48.98506 22.61771 5.6351385 -11.964284 -6.824679 -33.76508 2.3021722 -21.022474 -19.324173 -8.217139 9.197041 1.1436523 2.0589547 -9.231154 13.329854 -5.467127 -3.4922743 
-311.11298 160.56061 2.1743948 27.872433 20.862474 7.0262737 -14.1665 0.4305202 -24.699137 6.919585 -16.29323 -7.395774 -7.5882897 3.3529456 -10.203452 4.949523 -10.470448 3.300883 -7.9433527 3.2121825 
-313.34045 100.38143 43.45739 52.04206 9.043789 14.843414 -7.6681867 15.069179 -20.91316 3.7902408 -22.899473 -14.961487 -11.543327 -1.3409053 -16.906141 6.0143547 -10.249433 5.2689853 -2.5045178 0.095671974 
-293.02274 133.38448 26.234713 34.491447 20.614159 24.497868 -18.09977 -4.70711 -32.674744 5.7255797 -18.45665 -20.859676 -15.729924 8.106019 3.829894 3.5137756 -17.119406 11.920053 -2.582759 -2.1696267 
-379.50378 129.48941 15.984233 32.91408 14.714498 18.668491 -11.44274 11.039676 -8.45815 7.6927166 -20.719513 -3.419372 -9.46523 2.9683766 -7.1983776 4.860263 -11.900876 5.461063 -6.0055914 -0.73689336 
-320.4285 155.42195 2.969028 16.407616 10.955176 15.450727 0.11301652 3.949439 -30.672546 0.64089423 -7.5488825 -0.66728616 -5.3135157 -2.2414272 -12.075662 5.079411 -11.181286 4.636538 -8.755196 -2.0075564 
-288.72946 112.55504 29.939087 26.308756 10.10378 11.112464 -1.4988761 3.303092 -45.35758 5.3818016 -23.061842 0.5370974 -11.41949 -2.2394724 -13.785999 8.157215 -9.586016 2.3980253 -5.2844796 -0.037130754 
-253.0211 123.90622 15.104061 38.74167 -0.5351005 18.954031 -12.102336 -6.4479456 -43.162266 7.105921 -12.830251 -7.3343735 -4.8928585 0.6787533 -2.327113 3.7448323 -10.165203 5.351233 -7.403583 -2.774753 
-254.02867 168.94098 4.741433 17.946884 -6.0969453 -4.4264665 3.6724691 11.814632 -36.504417 -8.0511 -10.532121 -9.528576 2.9123278 10.615232 -0.4513288 -4.001436 -11.886169 -4.3601017 -6.3546076 0.7213729 
-300.96106 139.31491 20.48172 28.414114 11.8293495 12.990426 -5.552146 -4.8912597 -26.32003 -3.098842 -12.320743 -12.883042 -9.980007 1.647656 1.4715581 3.8020995 -5.0233974 3.6450815 -6.6825886 0.22300307 
-301.5578 150.54099 22.631493 43.57452 27.134377 1.1412215 -17.007584 -3.4706345 -23.075073 -1.9946166 -22.212242 -13.652326 -7.771108 4.8812866 -5.6626453 3.3448806 -5.622578 8.440278 -7.1913986 -5.614813 
-326.5433 146.4416 25.996191 32.874634 16.141378 10.481706 -0.7916296 7.629604 -28.88259 3.8465204 -16.387156 -5.0674005 -4.28059 2.0291383 -13.650144 3.597046 -6.3988004 0.8329955 -5.134891 0.9938824 
-293.3609 89.90902 37.20404 49.763363 2.5173755 24.0917 -3.1670604 3.526408 -33.09276 4.0965786 -26.62342 -5.9479666 -12.496741 0.56590456 -9.298435 6.1508617 -7.2764707 7.64038 1.6742789 -0.4554861 
-302.2887 125.903145 26.703539 50.853134 19.92823 14.772579 -9.094306 -2.2322772 -33.761425 7.5430527 -23.099907 -25.28176 -18.610563 4.162208 -8.472549 -5.4558635 -10.362524 8.630143 4.1969595 4.126509 
-339.26578 143.6811 40.37909 41.424084 14.400981 6.6110873 -8.404149 9.760502 -26.13155 -5.209431 -23.6036 -12.174152 -12.152981 -7.34639 -7.977358 0.06542587 -6.3012805 3.8317676 -1.6839697 0.2931413 
-315.0802 156.28189 28.517813 25.470263 4.3483677 14.109766 6.0076337 12.138406 -37.379047 -13.478829 -23.680342 -7.2896924 -1.1773008 2.7690234 -9.661918 1.049685 -4.225133 9.967836 0.23911057 0.07000383 
-309.8179 124.44477 42.795662 26.257393 4.8577504 14.572386 3.0894709 -2.3306646 -28.234 -8.043484 -23.656322 -1.6199776 -5.808435 -3.354453 -8.179539 8.824095 -8.919768 7.979719 -5.167035 -6.1282763 
-264.91238 107.192184 46.61997 33.65328 -14.377004 16.567556 0.079379186 6.3371687 -28.789774 -10.9499855 -27.868309 -6.4366474 -6.6508703 7.722255 -2.5334697 3.1695058 -5.112302 6.049608 -5.2903285 0.9894935 
-251.23155 128.67912 24.542814 32.716087 8.881823 23.269745 -11.404823 5.284926 -35.664524 -2.09131 -14.292716 -1.2351688 -12.26041 -0.36891282 -9.033961 -1.6300466 -7.26662 4.6176696 -4.3844934 2.3344905 
-281.58344 176.26578 10.019837 6.5819116 -0.68132484 8.182015 0.2434829 8.0844965 -40.236702 -4.764284 -15.048878 -1.5879585 2.753555 3.9994664 -4.573694 -1.5148467 -12.235337 2.3834288 -4.1640825 0.13034433 
-305.21423 135.878 23.031225 24.636274 13.736794 21.864153 -1.7130322 -1.349758 -35.340256 3.751459 -13.883691 -1.1302524 -13.585002 1.027871 -3.0855289 1.341487 -4.4941063 7.7483773 -5.3829613 0.80728126 
-319.19708 92.41345 42.2255 31.557896 3.833532 13.305314 -5.9386926 16.062147 -28.42602 10.346636 -29.459555 0.1573832 -15.462132 4.217669 -10.104878 2.9701202 -6.5176277 6.769078 -4.250012 -3.440238 
-333.50595 105.589775 44.775837 37.89117 3.2095828 15.950294 -14.397661 24.726578 -31.559883 8.861653 -24.701359 -5.8983555 -13.28953 -1.2733465 -11.022566 -2.1868773 -3.2812295 5.836481 -3.130563 -0.84650165 
-367.8378 127.801796 20.543936 31.143354 14.126476 17.471344 -2.6255045 16.91433 -10.426358 7.597288 -16.167992 -1.6587976 -11.053587 -1.701765 -6.766144 4.32654 -8.43439 5.065567 -7.208617 -0.04096434 
-359.13663 121.10753 17.793343 32.454178 11.921008 17.830431 -3.8380678 9.461992 -7.9532757 10.178081 -12.380708 -4.4634647 -11.961782 0.59179777 -7.8085456 3.7226536 -5.962381 7.312199 -6.1641903 -1.4915309 
-335.6003 139.30736 16.230944 27.656027 20.439644 14.292104 -2.8245533 3.7645772 -17.662592 4.3787494 -15.543996 -9.361995 -10.327165 1.0492287 -4.294072 3.3990705 -6.7848024 2.9140832 -6.52495 -0.9601662 
-233.51248 179.27698 -35.56149 -1.1894408 11.008989 12.662691 17.380314 9.780452 -47.239223 9.017981 3.0069342 -15.032881 1.0939937 -4.307903 -21.194132 1.1504661 -2.4440677 4.9624677 -9.233185 1.6666603 
-290.56418 177.36299 -17.196848 -2.272419 3.5485237 18.896193 16.37423 11.796128 -33.755695 4.408457 -3.3440013 -2.93571 -3.4873445 -6.9466696 -18.18435 -2.756608 -3.1931958 9.335066 -7.256304 1.225629 
-343.81546 105.68487 22.381004 26.385597 15.934444 12.287022 -2.208902 12.740917 -11.461895 2.2954476 -16.305555 2.6160786 -12.776958 0.66591775 -11.342508 5.539082 -10.5948 4.351047 -9.233023 -0.6606695 
-340.97037 106.03943 27.687899 24.12973 16.351112 10.220446 -2.9640665 15.948375 -10.965044 4.449186 -14.326094 7.3862357 -6.8884997 0.98251957 -11.475425 4.057676 -12.670834 7.48012 -8.227185 -0.32733938 
-278.8979 167.08766 5.557045 15.751155 -4.0486574 6.034274 17.24455 8.118195 -48.865112 -7.1777124 -7.446279 5.1110773 11.1581955 10.172391 -12.335011 -10.157647 -8.719352 1.2033525 -9.494869 -2.7488713 
-309.93515 173.80734 10.359014 17.71403 -4.256349 5.4869175 10.581865 11.384472 -41.548122 -10.858819 -11.803974 5.6042094 11.452797 11.723699 -11.068958 -5.7743683 -6.0460563 4.3059416 -7.1053953 -4.381622 
-322.97238 181.36931 5.820074 14.632662 -4.4861884 5.4031973 11.068569 15.150105 -38.08536 -10.328386 -7.522267 5.3638134 10.031331 8.820129 -15.042428 -9.241083 -7.429014 3.0892975 -5.986667 -0.51479053 
-368.0702 137.9201 22.077211 26.719769 10.661761 10.346091 -0.7265974 13.189956 -13.59023 5.492604 -14.934204 -1.0115807 -7.351628 -0.6316035 -14.338908 0.76217246 -11.710591 2.2101219 -6.734667 0.19616863 
-378.93033 126.743515 21.067438 29.961826 11.132109 11.5279 -7.715868 13.530767 -8.993824 8.043891 -16.313843 -4.6911674 -11.48154 -2.0714025 -12.494456 1.9403267 -8.381184 4.885425 -8.852017 1.4405074 
-297.61972 147.434 21.324417 24.05457 -7.6116586 16.699438 3.7466557 3.3478012 -31.10812 -1.8052096 -11.397318 -0.86690015 -4.847441 5.9956064 -12.549183 2.4199078 -9.093387 5.7650137 -5.3665752 0.8634828 
-262.7321 95.51667 30.60634 49.53806 4.5076895 23.007595 0.5977873 -6.199863 -37.397545 6.511488 -15.719457 -19.366209 -19.339401 2.5703754 -6.447928 2.1924207 -10.78546 6.1068907 -5.6764197 2.1594253 
-268.58313 131.23157 10.109114 44.951637 24.446146 9.999252 4.2781935 -5.1918893 -47.28392 4.129072 -13.219081 -26.016352 -11.395388 -3.1379354 -2.1652215 -0.24369447 -16.709393 9.427458 -1.6842232 -1.5503583 
-365.36008 124.11293 27.895073 31.932549 9.215618 10.938719 -3.7709439 14.22906 -11.558903 3.9819674 -17.63731 0.7695671 -9.505222 3.115818 -8.304116 6.1773157 -9.644937 8.0965805 -6.485082 0.4819917 
-367.61072 113.44438 26.729397 28.462433 11.311874 14.44289 -8.105999 13.036145 -10.299467 10.8871 -16.440453 0.38764784 -12.7297325 2.556737 -9.124978 8.174376 -8.936871 3.9635859 -5.547406 -1.2553041 
-271.6947 131.93773 16.189005 27.575134 18.140732 10.868139 1.5719266 -0.24150085 -46.17253 4.181946 -14.359748 -13.621822 -9.148285 -2.6066732 -3.4652088 8.407139 -10.689831 8.530693 -4.885855 -3.0318875 
-265.5871 93.46471 54.107983 46.633614 -4.063006 13.788613 -7.8631635 21.850403 -44.135586 7.591073 -24.182478 -14.538021 -7.015681 -3.0541067 -4.9839435 2.679395 -1.566528 -0.29221636 -4.139947 -1.012412 
-326.20993 146.58925 42.902287 44.030056 16.5794 4.4258485 -10.341067 1.4526787 -18.918077 -2.9035163 -21.857683 -13.297173 -16.18209 -4.3235717 -9.309365 1.4487044 -2.3287182 4.263019 -2.2268143 4.1040783 
-375.925 125.96638 25.664976 32.43854 11.08792 8.18656 -7.585628 12.685404 -8.827244 8.475928 -17.28416 -2.2020493 -12.097854 -3.3554082 -13.075697 4.791067 -12.097402 4.3721457 -5.292903 1.6728231 
-285.8523 87.723564 16.376177 58.85941 11.948001 -4.6521983 -0.15513928 8.114569 -24.27101 6.8853335 -21.37886 -10.44054 -4.9870095 3.7422397 -13.604737 6.561556 -2.7105556 3.632899 -6.961331 2.7539325 
-262.7123 159.42905 -8.649824 44.794415 41.94507 -6.461457 -18.144361 -7.7945004 -28.72618 5.4012766 -21.307283 -18.528513 1.9376066 14.734765 -10.623792 -0.6685629 -2.7545595 10.782414 -6.1870074 -4.8089023 
-359.70862 151.28383 33.424053 41.567436 20.402414 8.42882 -5.8544784 8.247968 -15.657942 -0.048448246 -21.332434 -7.1200333 -13.665309 0.5199207 -9.941391 -0.22550072 -10.13345 2.4651134 -7.562155 -1.910478 
-333.3681 93.16159 25.222612 38.89833 0.69155943 16.074886 -3.7391582 13.580047 -11.835997 7.681772 -16.91498 -1.9513332 -8.164315 -0.27162462 -13.397065 5.05723 -7.5732903 0.48993784 -13.704138 -1.1776805 
-307.10706 126.66147 9.304782 56.663013 29.967674 -5.257254 -19.405739 5.3765187 -27.55426 -3.4473658 -35.00312 -8.054097 -0.6911593 -4.4257946 -7.0775585 12.059757 -1.1069864 4.160078 -4.4298077 0.31854916 
-374.44202 135.13571 24.044031 36.709118 13.75058 11.324157 -6.883337 9.818214 -4.997134 4.4202495 -16.137604 -4.729917 -13.693295 0.9782474 -6.959128 1.9284286 -6.563455 5.15584 -7.71762 0.43949953 
-241.59413 133.05829 7.200453 21.765585 12.3670845 23.39686 -29.641222 -4.333974 -30.2291 16.812645 -11.234956 -17.485945 -2.4722795 8.489831 -8.226931 -4.1043653 -18.66697 10.246951 -14.674018 -2.2176018 
-260.5934 70.25741 47.57681 47.86862 2.9607692 37.551712 -18.908339 -0.7156179 -29.073996 1.8177153 -12.456153 -16.135057 -13.012472 9.800682 -8.998005 2.913122 -13.246216 3.1981943 -4.124933 -4.133811 
-298.27182 133.25209 31.936964 55.598175 24.911747 2.129838 -3.3755674 6.7366047 -30.379965 1.0461608 -25.782246 -18.484062 -9.291351 -0.5286572 -8.487024 2.4619052 -6.794264 5.528066 -3.8301625 -1.9543582 
-276.52643 151.30118 15.470686 38.25455 18.240025 10.2330885 -0.45843866 1.1864479 -39.137695 -11.55852 -20.976385 -7.750803 -5.2786636 6.1657286 -6.3100348 8.2110405 -8.131483 4.3605175 -0.031246927 -6.680161 
-274.4635 61.66742 57.647297 43.522736 -3.1110187 32.03566 -16.177784 3.051141 -16.621765 2.0076532 -13.870389 -10.86943 -17.321762 5.2141023 -13.560287 5.6431255 -11.740444 8.35899 -4.9435773 -3.6396163 
-304.09158 141.62448 25.19677 46.934772 24.4149 13.038716 -4.1654477 -3.8623037 -24.788204 2.3792157 -17.181658 -22.201841 -14.405455 3.3616529 -2.2246802 -2.6499052 -7.528546 10.671988 4.0707116 -0.9845027 
-349.64124 137.85492 25.177477 38.917095 18.268074 11.480259 -9.546282 0.556338 -18.220299 4.703333 -19.04333 -13.865669 -13.360783 1.9711499 -5.387682 2.5032206 -11.450109 6.4175496 0.08938339 -1.6334828 
-381.25134 127.80423 25.808155 31.733507 12.817454 10.268726 -3.7997937 11.596317 -8.812876 8.317653 -14.599526 -3.637558 -15.957638 -0.33364028 -8.511792 4.2761354 -7.558851 5.161906 -7.973042 -1.6538348 
-320.8388 99.451836 32.912132 46.837467 5.5538273 16.049965 -7.7281055 9.276976 -13.192127 2.9349475 -20.699242 -10.659202 -13.318971 0.25383362 -12.772002 4.3499217 -4.8766775 5.0777764 -6.675343 -0.3191831 
-301.9219 149.6559 19.28935 38.30735 22.545012 1.0211337 -9.039873 0.6151138 -30.128275 -6.729845 -17.500221 -13.533116 -11.221844 1.9121661 -5.0130825 3.8525493 -0.15946558 8.480037 2.1324475 -1.0817102 
-332.18918 156.94754 18.815428 33.4094 7.8973026 5.0919776 3.8063993 3.221949 -37.023693 -10.101901 -16.668266 -7.9249225 -4.614298 4.1880345 -2.9530141 8.466149 -3.5005789 6.946284 -3.2815301 -0.9061538 
-353.9314 138.72194 19.01998 36.92607 16.269583 8.185436 -6.0218062 2.6743922 -18.597216 8.269385 -16.06837 -7.6574163 -10.338249 5.404401 -4.563486 6.9131074 -9.47988 6.263219 -5.9924054 -6.1210136 
-303.10437 126.31067 31.113037 34.065945 8.373528 20.43467 -9.598657 -6.7131357 -31.25747 7.357027 -9.164162 -8.02269 -9.150733 4.924319 2.9172297 4.686192 -14.694981 4.7724524 -5.235006 -3.4052083 
-286.5108 106.20216 30.999878 49.888733 14.813361 18.092472 -8.8414135 1.3416953 -31.701982 5.363782 -21.774258 -24.30999 -14.027163 -0.438413 -9.292887 4.366642 -14.449738 10.31538 -3.3305502 -3.589631 
-380.80878 132.18112 21.788841 37.619232 14.402028 9.931103 -4.24275 11.341588 -8.074793 6.6101084 -17.052176 -3.7725916 -7.136606 -1.376359 -10.409313 4.7806077 -5.7126517 7.5781913 -4.389218 0.1059063 
-362.40643 131.39922 20.996355 43.24321 12.691674 2.633783 1.8938692 10.700989 -15.304119 11.148674 -16.340446 -7.515403 -2.3256123 -8.058475 -12.137848 10.78598 -8.433831 -0.49898857 -3.2052999 -1.8489532 
-270.45944 90.12193 32.000877 62.641315 19.885742 10.063135 -10.77703 18.003912 -30.402723 3.7706919 -25.714897 -10.975447 -8.982874 -1.3198006 -12.770214 5.784281 -7.058439 3.1051738 1.1323131 -7.031902 
-317.15387 148.88794 20.043293 40.414333 24.998262 7.787878 -10.560011 -7.412974 -30.506744 -0.33616975 -18.176249 -11.058822 -11.02907 4.6078806 2.0686574 7.328151 -8.388055 9.915653 5.016421 -4.2837887 
-287.17142 140.22546 16.034952 20.7004 9.01835 25.497751 -0.7957502 -8.999238 -41.996468 -1.9193906 -14.565423 -2.6633544 -8.9773445 -0.809101 -2.251289 10.5727415 -5.6906195 3.2867756 -7.669915 -2.5248706 
-329.59473 119.17989 34.450603 44.099716 9.315696 15.855013 -5.045727 2.5714107 -25.357893 12.435806 -20.142323 -6.140333 -11.015533 2.3006134 -4.792426 10.956089 -13.958342 2.9626799 -5.7739954 -0.30392987 
-290.74274 137.6583 15.326377 45.771038 24.32508 -0.23782772 0.32942218 12.598179 -46.07473 -7.933524 -31.59592 -8.515535 -3.826312 1.6720493 -14.865908 7.424337 -7.0330396 8.937639 3.0630927 1.7168914 
-352.9586 136.92242 27.484074 53.595177 17.820759 3.8057413 -5.210977 11.987903 -22.030876 1.7522964 -21.671509 -10.473473 -8.567248 -3.56432 -13.7686205 6.3911047 -5.680856 4.6367183 -4.1761937 -0.07825536 
-356.73254 115.23204 17.760916 34.650784 8.411525 13.640528 -2.909381 11.135759 -12.12356 11.149193 -16.714415 -1.403578 -8.744914 1.029799 -12.839267 2.4164314 -9.783311 4.7436213 -6.694778 -3.654069 
-350.94983 140.74481 17.145895 28.12235 13.457988 16.431717 3.6653066 7.1713357 -21.592163 -1.519095 -11.03631 1.1432762 -5.3554974 0.8215881 -8.4452 7.0396876 -6.686356 3.0585353 -7.6417065 -2.8451107 
-294.5973 159.01634 -9.755347 20.960493 -0.5252019 12.971601 15.159529 2.8248453 -41.98127 3.3282115 -4.737866 1.3987726 -0.93340576 6.008862 -11.780537 -3.1454077 -11.251073 -0.4370718 -7.550668 -3.9232059 
-265.868 126.1955 32.104362 25.415926 13.507648 30.157759 -19.652975 2.722136 -29.16787 -1.2863797 -18.12904 -8.5656595 -10.62772 4.605731 -5.1331058 3.171808 -15.859477 7.180576 -2.2936912 -0.07165934 
-298.39825 143.57071 16.940132 40.38157 28.739943 1.2295587 -14.831955 2.1651013 -23.526114 6.320064 -19.5818 -12.803354 -7.9443088 -1.9747456 -8.204041 2.5817804 -4.8507786 8.013672 -5.161293 -0.042951584 
-319.34033 132.19135 31.761269 56.503994 24.212824 3.8677242 -2.5397418 13.00206 -22.408838 1.2780876 -22.349192 -10.183951 -9.030248 -6.8006544 -8.34659 6.298972 -10.550409 3.160451 -4.9686284 -0.94627655 
-345.88147 134.85527 22.529594 37.002865 11.548792 14.049596 -7.822893 -1.2904334 -24.58685 11.364755 -16.44002 -5.9298286 -8.204494 1.5597275 0.23987886 6.2887716 -10.291149 6.7075253 -2.6962898 -1.2823582 
-374.16364 125.84576 20.587387 32.882317 14.054795 17.022533 -8.14217 14.944988 -10.766413 11.215224 -13.901732 -3.698842 -12.720338 0.42802402 -5.761305 7.3168726 -9.202154 4.154011 -8.141801 -2.296845 
-377.08545 127.56473 26.421429 34.409927 13.852524 11.62616 -3.1404934 14.560922 -8.640308 7.168374 -17.920519 -0.0015775628 -11.46686 -0.016779475 -11.188483 5.7616787 -9.273871 4.7574344 -8.184232 0.48201555 
-321.4479 146.08794 26.313957 43.41528 36.20786 6.545984 -16.892378 4.2773337 -18.319048 -4.319532 -30.577732 -13.426714 -12.167587 3.6495318 -6.6035733 6.3652806 -4.807223 8.523307 0.21903451 -0.2178652 
-261.81708 147.79787 7.0357966 26.1467 11.698657 6.3802967 -7.714435 0.48481634 -32.068127 4.100584 -15.481737 -8.671078 -5.9819546 7.7311916 -6.4202876 4.143103 -7.9079514 8.895544 -6.2617097 -7.463778 
-325.28674 153.0109 28.69204 28.34923 13.498635 12.523406 -7.2993107 -0.02936109 -20.300486 -1.9923463 -19.325575 -6.8898597 -10.737415 2.5298586 -2.3830419 5.686319 -9.169068 4.080271 -4.7074375 1.1217453 
-320.45248 145.09943 33.814568 28.036085 12.279475 15.688002 2.4344907 7.1932197 -31.403717 -8.608702 -20.433207 -5.423988 -5.8229885 -0.07006631 -6.785698 -1.0405105 -7.653434 7.481783 -5.5436535 3.9952044 
-319.01312 113.56552 41.50484 16.73893 9.394512 21.1439 -11.621845 8.028413 -23.70532 7.9320645 -14.898417 -4.603466 -13.098587 5.7793994 -7.433767 7.165545 -16.299486 6.9750834 -5.542909 -1.1687863 
-330.9578 162.04147 34.977634 29.083998 13.302531 12.413818 -1.7357439 4.4942455 -27.555275 -7.705869 -22.973885 -8.262194 -11.779514 0.04705996 -4.276228 10.133427 -4.5076885 6.864555 -4.3145404 3.5207384 
-337.00113 147.82726 30.775133 49.34574 27.246214 3.658231 -8.687397 5.4168305 -21.27189 -9.0237465 -24.62119 -4.1631517 -11.870312 -1.3798274 -4.2941365 8.653373 -5.9838533 13.208875 -6.4329796 -4.9979844 
-340.1453 100.22268 32.52953 38.066296 11.186124 19.312246 -8.740704 10.890213 -15.757819 13.833469 -20.989996 -1.9958587 -10.932103 -0.040681813 -11.740361 8.794326 -10.378396 8.218824 -1.0577809 -2.137584 
-296.4159 106.29416 39.652916 55.710056 10.766103 13.295322 -7.57061 6.596555 -20.747017 1.1154503 -29.5433 -8.370487 -11.039255 -4.986236 -10.257259 5.1627083 -7.5573783 5.6000543 -5.076977 -3.5350075 
-308.96014 112.84925 32.95346 51.423374 8.596607 7.876141 -7.863836 4.4175406 -18.46984 0.9633023 -20.874037 -5.4016414 -9.556442 1.8376364 -8.294247 4.8785334 -4.0479765 4.814831 -5.7243695 -0.6124093 
-308.87277 114.10544 24.09252 62.12089 14.4503765 6.0822163 -8.633587 6.4710464 -22.814379 1.647018 -27.29501 -11.51903 -10.56246 0.32752886 -15.535317 5.2355075 -4.11676 11.509439 -3.950942 -3.0531003 
-330.70493 146.62355 9.78632 49.43443 28.101276 0.9582623 -11.426276 -6.819314 -24.87373 6.0027437 -24.39984 -14.94342 -7.924954 7.8941555 0.544965 8.105397 -9.6851635 17.261326 0.5815262 -12.838077 
-350.7858 148.36284 17.718958 31.93392 13.059327 13.297106 -2.6416743 0.75872487 -25.909492 2.1397629 -10.845067 0.4568292 -6.5269156 -0.46477917 -5.633756 10.1243 -6.5870185 6.1312456 -5.4380026 -5.565492 
-353.58655 151.41809 12.2510605 35.072056 9.0128565 12.3232155 -0.12908554 1.9849606 -36.58316 0.96062523 -10.3543415 7.9317017 -0.04353857 -5.220439 -7.903049 11.584263 -5.2936435 8.956657 -5.41043 -10.11954 
-313.66806 94.77994 43.499935 41.19038 -3.9229126 22.215412 -5.7580924 8.153654 -22.1995 7.234109 -31.024004 -2.9969208 -9.387139 0.7384277 -7.324029 10.071908 -11.42687 8.971512 -3.4348092 -2.314354 
-278.44525 105.36919 32.214993 37.942074 -1.8882642 17.319086 3.7040548 9.357432 -42.75035 4.761172 -17.952085 -1.9689689 -11.829051 6.092305 -12.851207 3.2679143 -4.839319 7.429476 -9.273802 -1.304015 
-333.75125 174.77716 30.088236 22.420639 3.3838644 6.30978 -3.9001474 5.5136123 -27.68798 -9.312613 -22.730513 -6.033992 -3.3740568 1.5102549 -7.0553355 -0.34092024 -8.200329 3.543288 -4.4294047 0.44571626 
-344.2456 124.785645 23.100876 42.1544 6.87733 13.501091 -6.6351843 9.296798 -23.787348 5.7087774 -14.005934 -3.1653209 -13.43983 3.4333851 -9.586691 7.8888526 -6.4638915 6.7006397 -9.423033 1.0369693 
-384.77612 133.22968 20.906746 37.718204 10.738807 10.371609 -5.3714557 16.75444 -8.423992 7.7843194 -13.716088 -1.6199993 -13.994949 0.41951984 -12.143032 3.5892181 -10.776476 1.254076 -9.465458 1.1535381 
-394.6992 137.19145 15.829914 33.93666 10.435276 10.126261 -9.91181 14.8198805 -10.515727 6.0087066 -14.640703 -3.3241534 -10.8384285 0.40441024 -11.691995 6.596702 -7.69528 5.3062267 -9.50068 -2.1108398 
-387.93805 129.19795 26.72244 31.435286 9.605913 12.592196 -5.236229 16.432594 -10.261698 7.735183 -16.347872 -0.68353134 -12.372511 2.51902 -9.14156 8.534022 -7.2982187 5.308385 -6.436021 1.3306721 
