-340.83664 147.67636 -0.47588804 28.401531 9.378357 -1.2343305 -2.8537617 3.9341016 -41.76376 3.1926017 -1.4274232 -6.9652257 -2.0238245 1.0438557 -3.3263574 7.9843225 -13.051594 -2.1089985 -8.126339 -10.758159 
-258.05627 131.10495 13.005802 42.149742 16.111443 -19.815104 -3.00459 0.519047 -47.64071 -5.530355 -18.724007 -6.496434 -0.34587827 0.22020976 -12.077283 14.51343 -4.939879 0.492392 -6.204171 -1.863114 
-249.26752 117.33775 7.985033 48.70945 12.595683 -3.9151525 -10.088817 -8.45394 -36.323334 3.167386 -16.053701 -14.270732 -10.3681345 1.1234876 -6.939129 10.690258 -12.668827 -7.6694098 -5.404496 -10.074183 
-375.74503 138.29544 38.079105 26.753675 5.6144576 6.7919683 -16.838331 14.268925 -20.814785 3.7926717 -22.91352 -3.9987745 -14.540109 -5.0105667 -3.1630087 3.2498028 -8.025028 5.4542804 -8.102209 0.3958737 
-241.79869 144.70428 20.415894 1.9602683 -15.890438 4.4521966 -3.9747875 10.773488 -35.121086 -12.404737 -15.535002 -13.092172 -10.923722 12.289455 -5.06061 16.995895 -17.28495 -1.5808012 -12.732217 -6.090823 
-249.74652 158.35538 8.94392 12.191131 1.7550936 9.012457 -11.555092 -2.7560568 -47.501923 -7.207065 -17.230097 -9.60899 -4.958595 8.750576 -9.481125 18.55304 -9.324214 -6.93185 -4.7869053 0.027633535 
-297.21057 144.30487 17.609299 38.69351 23.623793 2.4187195 -12.51367 -0.2737501 -38.358932 -1.1883692 -11.100148 -7.929138 -7.7086453 11.092895 0.024717012 10.55577 -14.577352 5.8218794 -3.0353699 -7.055324 
-324.87296 171.95107 11.936002 24.629738 10.3370075 9.2616625 -3.3251832 -6.5111113 -38.38569 -14.037321 -5.3875566 -3.9643102 -6.4675117 2.936013 -8.960522 7.624734 -7.900091 -0.8889711 -3.6042972 -0.38807732 
-293.17355 53.43669 47.690098 27.665794 -8.322544 32.58914 -1.823619 9.406277 -29.215288 -3.8266156 -11.6327095 5.4398685 -13.306398 13.10442 -6.229952 4.3315396 -8.053897 4.6978097 -6.629438 6.9513044 
-357.03406 131.83698 38.028797 28.078695 2.878552 19.174112 -5.442604 21.671421 -37.02734 -6.7027464 -24.386244 -1.6274058 -8.263729 6.0261335 -13.832133 -0.29373944 -11.154806 8.86234 -12.125703 5.391064 
-306.21542 102.534195 67.55949 32.617554 -2.325754 -3.6783001 -4.7732472 10.168978 -34.74541 4.258703 -33.60328 -9.113839 -13.334553 8.859089 -7.0687413 15.321857 -5.983827 4.830665 -7.060629 3.8509297 
-333.3313 165.01202 14.408515 17.076887 -6.2319207 1.9019146 8.600597 15.8221 -30.752468 -7.520597 -10.953248 -4.0791454 -0.6252427 14.401986 -8.813518 8.427416 -14.445299 -0.1283705 -11.2164135 -8.713924 
-303.1906 156.43666 33.319046 23.610317 -11.621122 -6.692091 -1.8633143 15.297886 -26.302683 -5.95121 -13.590408 -15.960239 0.18966596 12.273339 -2.0605433 11.43849 -7.5442505 0.9359133 -14.799223 -1.5144618 
-318.2428 167.07088 31.01846 15.270274 -1.1935005 2.7484953 3.6922808 9.718045 -16.87319 -10.330287 -13.283588 -11.269234 0.15582985 2.6741986 -1.5059991 8.117691 -12.707943 -1.4159642 -9.111866 0.6481828 
-298.0171 109.561325 47.477512 45.3451 2.0167744 8.175635 -7.783227 3.6148257 -24.194061 3.9799275 -20.71151 -5.157186 -8.57243 4.831806 -1.0056528 7.627516 -1.7861271 1.6015191 -6.4040275 0.8099992 
-284.9391 46.727676 45.900978 70.9516 -15.15431 23.034721 -14.795361 7.8850327 -28.801506 10.698158 -25.100021 0.018292956 -13.0589075 7.9709125 -2.58643 3.4441245 -12.177941 9.978924 -8.06246 0.44519976 
-315.89133 144.03337 34.65928 37.482735 -13.248681 8.823419 -2.1578686 11.202999 -22.929508 -6.1810527 -27.081333 -6.1566057 -6.2440066 2.6297903 -0.80354786 2.971232 -11.172331 -0.75621533 -10.46955 -5.0484076 
-348.02258 163.64687 4.507063 10.077443 -7.750668 4.586736 -1.3361899 19.407682 -21.163637 -5.399679 -8.778385 1.3051213 -6.993314 0.90945137 -7.258265 1.6320034 -20.777506 -1.8709815 -5.6460776 -2.152648 
-315.80237 74.081894 62.923748 31.69224 12.258669 17.993586 -16.325752 10.926247 -26.549967 1.5924325 -16.541681 -10.400101 -16.817833 1.8269795 -15.41999 -0.1451788 -12.569612 9.914077 -9.866794 6.9477057 
-401.19653 130.30319 21.372675 40.632557 16.444742 6.536718 -3.8002439 7.7264004 -16.2268 4.607043 -14.292258 -4.8858166 -5.5575657 -0.9322345 -12.462972 4.5176144 -8.938051 -0.7947438 -8.333589 1.7434312 
-358.32846 152.05623 14.375634 23.183405 11.820593 16.509502 -3.8145785 7.2512317 -34.179672 -4.471133 -10.736877 -4.845078 -7.6887717 1.348904 -3.0032396 5.96476 -11.461388 4.347118 -12.807948 -4.656983 
-323.22958 126.50148 36.67646 45.24711 16.083975 6.2861276 -7.676382 5.5776205 -36.350235 -5.5520344 -16.373566 -15.56725 -1.8944337 8.079571 -12.887222 1.8340664 -4.747329 5.106513 -17.620735 2.3514802 
-311.3524 104.717995 36.17749 39.571247 -3.5861745 18.450525 -6.9757915 -1.8286694 -34.210857 3.2819235 -7.7052035 1.3964725 -11.749532 5.2476916 -5.7283497 8.400424 -6.6374207 0.69294685 -12.876975 4.0064816 
-302.4924 62.401043 44.47427 54.48578 -10.361264 27.366333 -4.53998 11.134053 -29.91627 9.5391445 -22.852877 -2.020254 -13.453871 5.8039093 -10.649904 3.3723292 -10.207692 0.55610275 -16.612202 4.608929 
-387.9355 143.17818 32.147125 33.133083 0.7971789 3.4728625 -9.597614 12.120546 -14.310545 6.1685915 -13.781162 -2.285885 -3.0061424 4.2891254 -2.9323175 9.097995 -10.469366 1.3315749 -13.649828 -2.846179 
-388.65308 132.56636 23.356531 33.985264 18.958677 8.9488 -7.429612 6.304154 -13.863196 3.3236783 -15.421146 -2.4170434 -6.8038177 0.99458325 -6.8394113 1.9391986 -5.857888 3.992333 -6.2555275 2.1489575 
-296.36072 73.46372 52.754272 40.666786 2.4856157 15.469661 -7.2695575 20.045986 -37.117905 12.670351 -20.246609 -11.135655 -13.779651 9.101634 -9.390865 2.2788227 3.6569993 -0.2844884 -10.540403 7.9237866 
-318.86386 163.33485 18.970856 14.769346 -12.8386755 -4.9064302 7.292307 17.533745 -38.929977 -9.653405 -22.778877 -3.8976321 2.6104746 17.546864 -2.9945574 2.7762556 -12.550503 -7.1143365 -9.350678 -0.7078679 
-404.62952 146.2426 13.490476 31.228289 17.730354 6.757521 -8.783474 4.708765 -15.40838 -1.532038 -21.855413 -8.7511 -6.069919 2.1007493 -10.27679 2.0276122 -8.358509 2.508388 -11.36021 1.6642718 
-350.6278 135.77608 8.59698 23.082487 6.8280473 3.4141078 -0.38486168 8.420878 -35.662163 1.0123289 -1.586699 -0.6576702 -2.353903 6.5622807 -7.5927987 7.1172104 -9.302926 0.82794076 -13.993499 -6.6497006 
-304.7034 139.90056 13.067725 34.005215 17.126554 1.4125055 -15.076702 0.64595836 -40.837654 -0.9065988 -9.328283 -5.5305266 -6.1607594 10.649891 -2.7168684 9.044769 -8.102018 2.2493293 -9.580294 -5.286989 
-344.0844 169.01053 11.048819 22.709917 11.21489 4.8397 -6.069914 -0.6234948 -24.65145 -5.908798 -6.290898 -1.8074017 -4.725123 0.59118855 -6.5941334 2.182524 -14.083302 2.3622873 0.8853686 3.3188841 
-279.1225 16.503422 68.56728 47.158623 -17.656704 38.540318 -13.033263 9.161023 -20.935575 10.492748 -16.245728 5.8543534 -18.881676 12.03903 -10.047601 4.449919 -6.0696583 2.2250772 -9.406851 13.230148 
-320.7477 117.34781 33.873158 12.416129 -16.232687 24.930674 -4.5139904 12.276724 -25.383518 -2.0470433 -14.359707 12.440653 -7.6122885 10.657625 -9.138121 0.90715843 -10.237407 -0.67284966 -9.549928 1.826549 
-337.90054 85.31419 2.6867645 29.750654 14.10899 28.59925 -16.802223 1.7652919 -21.02947 15.863342 -5.962943 -3.6322865 -14.422712 9.121023 -1.5927603 4.2604165 -7.194274 -3.097355 -11.298382 8.515823 
-311.81613 146.11981 0.025692834 14.8201685 4.2436385 13.771921 5.46326 4.736135 -35.89027 -7.604214 0.767503 -5.3843603 -5.8546953 6.730883 -8.773969 10.2308235 -14.941243 -2.5356798 -8.13242 -8.483735 
-276.48602 142.01259 11.670096 33.495296 13.356129 -18.134287 0.9199062 1.4671685 -44.49022 -7.8745446 -20.34389 -10.049004 -1.60335 3.9592252 -8.435953 10.893064 -11.499307 1.9535474 -6.427549 -0.74993974 
-247.62514 149.42575 -8.885288 36.66554 17.741611 -8.028162 -14.57462 -7.428315 -53.60726 -6.9571443 -9.867057 -15.132153 -7.6187415 9.724027 -2.0201983 19.451237 -18.964027 0.7022487 1.6999002 -10.963928 
-300.32822 172.7548 19.541227 22.088501 -0.08308368 5.6994414 -3.6284535 0.4590647 -38.069893 -11.113217 -3.1443748 0.51565146 -6.348477 7.2715783 -8.93053 6.7526636 -15.555263 0.46522412 -1.2007811 -5.552074 
-276.66125 83.33408 53.327408 38.875298 2.88721 10.416488 0.025334146 -0.38992336 -39.86422 -2.438697 -24.577967 -0.8663082 -13.912835 1.3814347 -5.771204 8.386214 -9.868149 6.423952 -5.4156876 -1.2839822 
-291.50406 92.21478 64.19733 29.968363 -6.180565 33.651634 -6.2159142 0.93551373 -27.496536 -3.5690656 -18.421526 13.373036 -16.66423 0.38478613 -7.3422265 9.073441 -6.2359366 4.786294 -11.432968 1.9665644 
-343.94272 138.60095 46.106438 22.773369 -1.6803495 3.2024906 -7.967625 8.167953 -11.983768 -2.241973 -22.981283 1.0391244 -8.87901 4.955182 -1.0169914 11.294031 -7.787568 0.4455858 -17.12685 -2.3117242 
-348.21768 155.70624 35.89435 34.54759 9.25501 -2.8335931 -5.8728275 8.780064 -23.666042 -9.248494 -25.471344 -10.718517 -10.121944 5.436468 -1.4113102 12.562146 -2.6877527 5.6982713 -5.5586443 1.1759629 
-378.87085 129.23152 26.615047 45.6857 25.247568 3.9199703 -8.332339 1.0510703 -20.724508 4.277864 -19.814373 -10.801028 -14.583691 5.538405 -7.572065 6.903662 -14.598845 4.79491 -1.6632934 8.349484 
-293.7587 82.60436 51.35949 37.206684 14.148805 8.566568 -3.4262314 3.605832 -39.870815 4.544967 -22.004648 -1.662101 -13.087104 7.4575024 -9.406698 10.237331 -7.884577 8.424786 -9.628975 4.9534206 
-283.41928 30.996054 56.450027 70.91298 -12.651443 25.86073 -16.356585 9.093472 -24.288124 7.2090487 -22.890564 -0.017501103 -17.763992 6.760447 -10.179423 -1.2626249 -9.407817 7.1719036 -14.122077 2.5599544 
-320.22467 76.51198 55.026714 52.195686 -0.92863953 32.123463 -21.045736 3.887073 -18.293148 3.0211394 -21.444199 -2.109086 -24.168829 9.150216 -6.698617 1.6879401 -8.287391 8.407047 -2.731908 4.3709793 
-298.94785 75.09851 44.388893 50.27838 4.0235443 12.763866 -11.878637 12.522182 -19.633919 -2.0366309 -17.712593 2.5645623 -12.684383 4.0388966 -4.2107177 3.43048 -6.517439 3.9523315 -7.4299645 3.435859 
-312.3635 144.3444 31.114742 36.82742 14.643969 -11.824691 -1.4525708 10.935303 -30.339956 -7.506907 -19.087637 -7.7665777 -9.739748 6.7614317 -4.192834 5.251056 -2.8266492 0.055283334 -8.371386 1.3455101 
-286.09583 92.81589 44.378323 41.381393 12.620545 7.5992017 -5.199474 4.5077643 -38.462154 0.2590743 -23.246155 -3.4238179 -12.112085 10.443523 -0.7942706 5.7408733 -5.9496527 9.043067 -8.3718195 2.0708814 
-289.6139 76.67072 62.454666 32.084 -5.2218566 27.925606 -14.326777 0.4635929 -24.017134 5.5303044 -16.236015 5.027392 -14.13367 7.5165305 -3.6659453 4.4057484 -10.915751 1.2054802 -9.155725 6.6020894 
-361.97083 125.62486 36.07739 38.519802 13.514507 14.228908 -7.611325 6.058671 -16.230822 1.8834182 -16.257511 -6.0954175 -10.976069 -0.10787524 -3.74283 -0.6036841 -7.4752316 4.634835 -3.0568838 4.303459 
-385.40225 111.34089 9.4072895 34.439125 4.4613986 21.95733 -5.357462 6.916378 -16.792505 11.758737 -6.80931 2.9893985 -14.262983 3.9859793 -4.539385 3.765334 -11.018843 -1.4498297 -15.449855 3.2908812 
-403.05374 134.87804 11.787744 33.80234 9.448537 9.98643 -3.9733615 10.764758 -21.471169 5.3695364 -10.545582 5.2607894 -5.887302 1.5847304 -9.51282 10.041275 -12.213321 3.5267973 -8.407321 -2.2777083 
-283.91187 97.46337 24.518929 44.957752 -3.3426135 11.466292 -7.8873496 9.883823 -51.406937 11.129693 -5.036644 -0.23832195 -10.260839 8.762615 -2.1999185 9.854551 -15.643764 1.2540545 -12.771656 -2.4563134 
-259.66858 114.16898 21.169182 33.142254 -7.346827 7.048663 -2.7113423 21.020782 -51.222153 -6.3940525 -18.244732 -4.5724416 -4.1116467 9.754451 -2.3262854 3.3526735 -11.9882345 2.6040792 -4.401218 -3.5736156 
-313.0706 143.04439 31.371792 17.191355 9.038343 15.905546 -2.1417766 -1.7860614 -30.373064 -10.298773 -13.330648 3.1985173 -6.5261736 1.4826161 0.22381145 9.196421 -6.2479563 5.869257 -12.153461 -1.7265538 
-382.8827 125.28361 34.55454 38.03519 12.081757 13.449059 -7.4394097 7.0043697 -16.699772 5.6113935 -12.767694 2.9265492 -8.554356 2.42598 -5.0721793 5.343811 -11.648602 -1.961138 -9.104151 1.7206761 
-406.9453 130.55336 6.521477 38.235134 6.0556555 7.6363697 0.7856524 13.644404 -19.615261 6.393628 -15.070516 -1.5026485 -0.4057413 6.6793604 -9.315813 4.169602 -9.27771 1.2628909 -8.54668 2.2681603 
-286.34644 98.38851 33.086445 25.770247 3.8557918 11.922094 6.9044657 7.9948173 -47.75382 4.0752025 -17.245737 -2.4029446 -7.854222 4.1228356 -8.328829 9.931892 -8.704892 2.5815053 -9.683884 -2.640565 
-234.8487 82.87368 66.46528 34.778397 -25.68649 15.272283 -2.884487 5.7580237 -41.201935 3.9771957 -34.066307 -6.921009 -10.999149 7.7392273 0.28649834 12.281396 -8.616175 -2.7022235 -11.947244 -1.2854552 
-291.79178 86.30164 51.62068 43.249958 4.005739 16.499275 -11.578071 5.181967 -25.677986 1.9418169 -28.863441 -3.6191702 -9.963154 1.8705537 -8.279853 5.138496 -5.845179 2.701125 -4.1699653 -1.404195 
-322.0283 158.66583 36.073345 15.491606 -5.772656 0.62157375 -2.665824 15.649733 -20.968876 -6.2858787 -22.67073 -5.9490175 -1.7416872 13.589409 0.061501026 14.208977 -11.59634 -3.6569815 -13.24448 -5.7524934 
-323.30273 118.90142 42.332294 53.55113 21.829948 3.7891705 -10.2116585 1.8951893 -35.305996 -5.9979715 -19.980263 -7.17465 -15.242377 3.566306 -9.026848 0.1988464 -1.7038966 6.3999386 -5.6805005 0.62120014 
-313.29788 84.01302 46.42073 50.255836 0.65536606 18.357847 -13.5396 1.0732294 -26.837717 -0.3617737 -18.991158 1.5509136 -14.269041 4.1545315 -3.0393558 3.2615192 -6.3915005 2.949512 -7.5600467 1.6982642 
-326.3241 141.20087 26.017979 34.32341 22.839922 -2.1485314 -5.3728237 9.851837 -28.171282 -7.802119 -18.360895 -2.7799034 -9.337809 5.669931 -6.9283695 2.510025 -3.5012991 3.909208 -9.088843 4.895763 
-339.63464 157.32051 8.018507 10.132255 4.030442 12.112873 -5.7682 8.112901 -27.66166 -3.7325134 -4.5277653 7.6792765 -3.5669158 1.7345499 -5.3120475 7.5835047 -16.513004 3.7856886 -9.245457 0.82791924 
-330.5033 165.91782 14.339352 15.450956 -3.924117 2.1166382 10.058269 18.563622 -34.321472 -11.430409 -6.907639 -6.1695046 -0.89751935 13.62374 -4.3798018 6.44709 -12.75066 2.6916745 -13.458409 -2.1479247 
-353.80667 142.5431 28.846004 39.612846 24.824373 3.8073359 -13.09412 -0.118139535 -29.298584 -3.8746672 -11.105216 -9.066074 -11.560448 3.8487794 -0.4407195 8.976626 -10.379391 9.704006 -8.984423 -2.214879 
-294.36768 80.74503 53.06566 37.43431 -16.280163 11.047654 -2.1649013 10.444463 -25.905077 13.069782 -29.588854 -0.11351326 -10.281417 8.142596 1.4075315 11.525291 -6.682966 0.68175954 -16.282387 0.4800981 
-310.98755 80.652756 40.926144 34.022026 -9.64339 32.104523 -2.256458 5.6387286 -30.600914 4.7091594 -19.516232 13.44418 -17.415834 1.720123 -5.418176 7.617801 -3.074717 7.3304696 -12.584805 6.0263715 
-346.17834 159.67453 33.690384 24.017826 -0.13899538 5.2106023 -1.0383346 19.195267 -31.592556 -12.246308 -27.184498 -10.1683655 -7.4093456 8.454772 1.200229 10.790844 -7.203783 6.867123 -11.647607 0.5841553 
-368.20993 138.03445 31.216434 41.920395 18.462715 -1.2361461 -8.204336 5.1305547 -34.539032 4.662829 -16.237593 -1.9389807 -8.099431 2.1091073 -9.004022 6.287704 -1.8195368 6.5928226 -10.243825 2.2862754 
-303.78226 22.868103 83.0117 23.868523 6.1049404 32.275337 -23.839716 5.8833594 -12.701268 2.5823498 -13.997984 1.5176138 -18.206295 9.98989 -9.669734 4.555631 -11.830947 1.3310434 -7.8639297 10.345556 
-334.30212 91.91625 55.93626 21.431498 17.554495 17.939766 -14.216546 11.821853 -22.148743 -3.3481905 -9.178211 0.40821612 -10.522111 3.1509275 -7.691931 10.806644 -10.274548 6.0500116 -8.042416 2.1098459 
-309.69653 108.64754 42.08698 3.9083939 4.79792 22.541473 -11.511979 11.494282 -31.283583 -5.6818027 -5.2527475 2.040437 -7.636078 3.2987225 -9.363228 12.660448 -15.4184065 5.925442 -10.27234 -2.3480887 
-364.70828 160.36507 33.704468 20.961233 4.477889 2.2198882 -4.7306066 9.050109 -24.174717 -9.575055 -20.521479 2.3159428 -2.6694386 9.005344 -2.0862799 9.100131 -7.0481663 6.3810267 -12.33641 -4.99085 
-379.50922 106.95449 31.061197 44.45057 6.860161 14.890208 -6.7977943 16.744055 -13.2193985 4.8801703 -15.926259 -3.9318724 -10.396421 8.658787 -13.927948 2.4561422 -5.5442185 3.4937465 -12.683792 7.343373 
-307.1951 70.0532 50.913017 39.38201 12.146121 16.444628 -3.8716278 -2.3603256 -25.339603 7.644796 -19.530434 0.7719791 -18.877998 2.951246 0.83605075 6.2095633 -13.745519 5.7393804 -6.679333 8.185716 
-330.50677 126.475204 39.367893 35.95634 6.8766994 20.668203 -8.803794 -0.48721588 -30.658884 -12.086293 -14.551268 -2.1169658 -13.563555 4.922664 -2.9023325 10.476529 -8.219088 7.5972366 -5.651681 4.5054836 
-374.76727 165.77098 24.168722 26.406563 2.4564083 6.912578 -2.6432123 17.57604 -10.36169 -4.789152 -18.663265 -4.7807946 -6.8286963 9.625463 -1.8437846 7.3974433 -8.261119 -5.132658 -12.00984 -0.9030823 
-332.95453 153.29938 0.43611696 35.110306 23.891638 -0.07995346 -11.158423 11.017241 -30.833374 -6.639764 -13.192883 -0.8877686 -8.185336 10.999749 -3.326474 10.810432 -6.5926967 0.7330742 -7.9786572 0.61823446 
-347.70535 159.16936 16.990221 10.078471 -19.280186 10.880642 1.4112468 23.311554 -18.05075 -4.3279147 -20.097979 -4.6210976 2.2227094 14.11326 1.2843952 12.446928 -9.577012 -9.357243 -10.269444 0.08378591 
-381.80225 159.38884 3.6183696 16.905296 8.875089 18.288126 -3.3366683 6.821408 -25.651495 0.5752329 -9.887974 8.103023 -3.061511 5.9874 -3.738867 12.234542 -6.5587974 0.032625556 -9.762392 -3.6338556 
-394.43732 146.2065 22.973295 36.215427 3.7035594 11.466159 -2.6632023 15.507641 -20.188978 -0.39358997 -17.724749 0.2906542 -6.3868113 2.5016174 -4.1738944 8.485736 -6.7901855 7.0815864 -10.427831 4.128987 
-319.0927 26.859833 61.97018 50.696194 -13.871083 32.7527 -8.881728 12.288717 -17.457363 14.268474 -23.698528 9.9584465 -15.22847 0.18923433 -10.155648 -1.8817362 -10.39335 1.5953934 -13.611299 12.131849 
-355.00064 72.617905 25.304207 55.584415 -7.508657 22.403568 -11.580387 16.781384 -19.472446 17.126822 -17.097528 9.78709 -11.791371 4.12517 -6.7601223 5.2990212 -9.582302 10.506555 -7.53062 5.794548 
-418.45093 135.6342 6.602372 43.90051 8.398091 12.086019 -5.1661663 11.603687 -17.034296 6.599856 -8.948107 3.5089822 -8.47572 4.387289 -5.770021 7.2500577 -8.441613 -0.20624535 -10.123195 2.3857625 
-413.3911 131.32462 13.15663 33.234604 11.518441 12.137333 -8.088917 10.289273 -11.728465 6.409863 -9.790744 5.561445 -1.7421194 3.7272573 -5.891863 4.3611083 -8.568149 1.043947 -11.357866 0.85111296 
-415.0797 132.25293 17.527668 33.874424 11.486579 10.428798 -6.2800164 13.624149 -11.69315 5.013779 -11.390687 2.666904 -5.7285123 2.6332521 -7.3941517 5.717592 -10.06821 1.1484333 -10.25187 -1.9354436 
-460.2792 101.29824 13.563317 31.259853 3.8002157 11.958753 -16.735855 1.1254785 -15.384174 3.1957593 -11.877384 12.0577755 16.623075 5.599995 -2.2700655 2.2218797 -18.318916 -7.617112 -5.8281827 -0.6303438 
