-276.9037 164.45015 0.3670559 -8.230386 0.3846242 -9.233672 -27.975384 6.765176 -12.9928875 7.0296907 3.0344167 13.709063 -13.062928 -14.233229 -23.060822 -0.4272352 -18.479528 6.189377 -0.97085273 -8.976781 
-460.15027 148.67535 16.1089 29.694193 1.2075896 12.335215 -2.578158 10.04819 -5.376333 6.261844 -4.1531577 3.4925103 -3.7823236 0.80403984 -8.9501915 -1.6483821 -3.6259875 4.2975445 -2.2693279 0.9882823 
-343.2214 147.53249 32.46067 42.66899 12.73793 -17.97222 -8.250878 -5.315699 -18.465525 -9.872804 -12.138545 -1.1270316 -9.227864 -8.714291 -4.02291 14.1624975 -16.868502 1.9168867 3.6312382 1.7403581 
-252.60129 92.7545 24.60292 50.117073 26.461525 3.19827 -38.898655 -16.289137 -12.513095 -3.5581157 -23.409597 3.424115 -12.967527 -6.920976 -6.5403256 14.161899 -21.305344 4.88434 9.017251 -12.712725 
-296.13416 87.86042 31.3097 39.91291 17.153246 10.096219 -25.192207 0.49454057 -4.7851543 -2.406369 -14.050976 2.3965669 -11.63119 6.4975004 -4.3397546 5.145934 -14.551777 -0.28525653 1.2989404 -12.234567 
-353.09473 66.95989 51.16483 55.14503 11.602084 18.88903 -12.41849 3.018398 -4.2741547 1.3307313 -22.36663 1.9407141 -14.508085 2.7614803 -13.568157 2.0940397 -11.929165 3.9352407 -5.2014084 -12.851133 
-387.91858 112.194534 39.665955 37.312954 33.13304 20.507486 -21.883202 -5.6321406 -6.613679 -2.3252645 -13.772742 -1.9295624 -17.58985 2.2820053 -2.0976968 8.495548 -18.622643 5.3975224 4.5397706 1.2490529 
-330.70795 158.34622 27.740856 -1.3114096 -2.8805406 1.1083149 -32.610264 -5.2229214 -6.776154 3.0876122 11.329563 14.453659 -11.384186 -14.671801 -9.617163 8.967325 -14.554984 7.225515 -0.58215564 -6.546762 
-315.11502 172.33565 -21.392086 27.204185 29.248661 -9.677235 -39.06668 -4.2531157 -7.7863445 7.5082397 -5.7662187 5.608786 -0.53454113 -7.411121 3.4691815 6.781725 -20.792198 6.7864237 3.7078502 -7.2846255 
-354.65695 171.14282 1.1463493 30.45977 12.300034 -18.37104 -21.331097 -2.6870825 -12.869765 6.366359 -0.1174487 11.986901 0.6290563 -4.3639565 -2.9916255 4.3722577 -22.345213 5.2407546 3.898799 -3.7285833 
-338.38898 183.25504 2.8849354 22.163239 -4.8315206 -18.92416 -8.970163 12.373768 -8.279578 1.099772 9.260683 15.379207 4.9206934 -12.024731 -7.0486164 -6.35268 -23.29175 4.770153 8.509312 -7.3777432 
-391.6838 182.424 21.516022 20.009386 -3.788648 -7.9054403 -4.9891243 11.829184 -10.192091 -3.364887 1.3339801 11.392704 0.271804 -5.87562 -6.732753 1.3369575 -13.593653 3.8884184 -3.440756 -4.3534727 
-370.2557 98.60562 34.640453 51.26857 34.384766 -5.3499393 -3.3610172 7.2471943 -10.264407 1.0463114 -20.659578 -6.5092273 -2.4196243 1.9093223 -24.265856 7.0470176 -12.622008 3.143859 -6.0516353 -16.037416 
-285.64005 144.81197 -6.075635 19.495436 26.272589 -10.953377 -38.774067 -14.14978 -7.2246203 20.631907 3.5732884 7.388917 -11.286721 -10.542889 -3.6802232 8.437264 -24.530785 6.390838 -3.5174437 -6.261881 
-372.4232 167.48665 -0.64735293 42.864304 28.656271 -9.441774 -33.099945 -7.457613 -17.472979 0.046398375 -8.035447 1.970965 1.8463101 4.6677575 -5.48485 11.706188 -14.423959 5.340135 0.08930317 -7.100294 
-388.86224 148.32619 20.687141 26.675962 1.6670748 -8.624439 -21.728153 -3.0894418 -18.1974 9.6836815 1.8475927 19.437477 2.5113804 -4.282057 -14.333206 10.551688 -13.8189745 -5.3019605 -2.2862177 -2.5213978 
-310.5025 109.00466 11.499708 50.195007 32.70274 -5.2281857 -40.23846 -8.473663 -16.600763 1.052937 -11.279729 7.8920712 -11.258366 1.9193827 -4.8883214 6.494618 -10.815889 4.0493097 4.912285 -4.8070874 
-332.09146 137.9137 45.93571 25.005125 -1.4346248 -17.018496 -13.677551 2.909356 -5.4787197 3.6892498 -16.275774 4.1214285 -3.1984313 2.791264 -12.639106 18.078867 -17.00335 -2.1680787 1.9373834 -1.7392905 
-388.66696 118.77933 42.41092 49.639706 16.6812 2.9363708 -6.229932 4.5809765 -12.055056 -8.848003 -19.217234 4.8172374 -9.742821 -2.1367624 -7.4019427 2.0328665 -6.2373486 1.6991961 -0.52342075 -4.6808157 
-343.91046 168.81117 23.681871 38.993217 14.401447 -28.914364 -22.725168 2.5017061 -17.723265 4.892353 -17.352375 -4.2271523 3.923946 -7.5966406 -8.172131 15.542623 -15.859226 -3.1212034 7.2128887 -15.400652 
-381.56488 117.218346 40.53569 53.833603 20.707602 5.0528073 -16.328997 8.197299 -5.5839977 -4.1962686 -15.299001 7.9397526 -11.7974 -3.9906917 -4.9868245 -0.5341127 -14.910475 -4.891017 2.9310737 -9.9390135 
-392.96667 143.56114 28.904976 39.691723 19.637749 4.171605 -27.81353 -4.074747 -0.77000046 13.400903 -10.533558 4.31814 -13.636872 -0.19743994 1.2497156 3.2268584 -16.080126 2.3771281 1.2825122 -4.5841236 
-391.54474 78.9422 30.266184 55.15933 3.8609781 20.827433 -23.745749 23.558933 -14.287389 -0.34485075 -15.023895 1.305136 -1.4907455 2.6259687 -2.3327901 6.799658 -9.084606 -2.5270085 3.3458447 -4.109353 
-384.13623 84.193 44.070236 47.96576 0.24326918 13.096376 -3.8859673 -0.648077 -15.526594 2.1744783 -19.318382 2.502555 -6.893176 4.0826807 -1.8337108 17.818933 -9.92216 -0.84734356 5.542815 -6.910868 
-442.31912 153.1601 33.771236 42.003365 13.652873 11.884016 -4.7299957 -0.650804 -19.92915 -3.8008947 -6.1447945 2.0727358 -1.7793893 -4.9800186 2.3393536 9.121509 -9.532481 -2.6275034 -4.3576264 -2.6784163 
-481.55734 144.84268 22.172285 38.825066 7.050994 16.399834 -6.6123586 8.213593 -9.26041 5.555122 -10.059147 -0.2840443 -7.2509375 0.31180933 -3.2144659 6.272584 -7.0055447 -0.6045666 -6.47588 -0.51984024 
-423.90967 165.82521 27.984463 34.323288 9.96934 -7.0594773 -14.0941105 2.5401583 -13.455111 -1.6544999 -0.37687662 7.284195 -8.901764 -7.2129993 -1.1529557 1.3852999 -2.384357 0.6493131 0.8664803 -5.166883 
-396.43814 104.53502 49.111877 24.903479 14.239848 8.220111 -2.5438251 11.899246 -5.3914886 -7.526736 -4.7082577 4.067644 -19.862347 -3.743412 -8.039876 4.398569 -14.694597 1.8215345 -7.3232355 -6.991047 
-367.98248 125.34882 41.142387 44.560165 22.842001 -2.155588 -21.829712 4.1217184 -6.587865 -14.488724 -17.008247 4.6269565 -19.536354 -10.797242 -11.404392 6.640681 -17.677998 -1.0904691 4.615511 -10.658554 
-341.8813 130.27596 13.517191 52.52928 41.298996 -7.6314664 -39.661694 -5.57846 -6.651155 1.7104377 -14.022217 3.4647799 -11.2511215 -3.610886 -1.5250305 6.398906 -18.718966 5.599863 -0.1765999 -11.355187 
-370.94852 78.15931 69.38509 21.262337 25.789818 23.712688 -14.304511 0.7236372 -3.8060162 -3.2946532 -7.5740204 3.1739166 -20.013313 -1.2946234 -7.977936 16.216145 -20.082024 3.8257208 1.1576438 -2.4255545 
-362.3297 119.21172 40.694695 24.5392 25.768534 4.8897076 -13.158045 -3.3310733 -3.8819914 3.523385 -3.660602 4.4271674 -13.431902 -3.2711039 -8.997442 5.01239 -16.378284 1.0486099 -6.712434 -9.261113 
-292.71188 140.4151 -18.004381 32.571835 27.966478 -15.671641 -33.381435 -6.4490395 -6.117692 12.7927475 -6.339608 5.2422495 -14.258676 -0.8055349 -2.83824 13.266117 -16.624346 9.657117 -3.7260273 -6.1929984 
-369.0131 107.920425 15.89994 52.08912 35.68235 -0.55437154 -35.42935 14.555339 -11.563402 -0.88579285 -17.372847 2.0845504 -3.3504071 1.2711191 -5.0175724 1.266783 -5.4593096 -1.0712247 6.346819 -4.0504923 
-300.00555 131.85553 11.98496 34.215008 -2.9657075 -9.531359 -24.248632 -5.866492 -6.818824 3.595325 -3.7697628 16.614826 -5.4724927 -5.704214 -2.5127811 8.770267 -18.349657 5.5353146 1.2538596 -5.05974 
-351.22546 133.7503 25.058304 28.538618 4.7208405 -5.7676578 -6.7948327 -1.0115751 -7.0969653 -13.698371 -4.4280043 8.832572 -1.9273164 -5.044055 -0.04651446 10.427163 -10.911533 -2.2205086 3.2322645 -9.373814 
-388.5527 124.617905 28.987701 60.06591 36.668106 1.6576108 -5.9662848 9.4064045 -10.003849 -3.1717563 -9.50431 -0.013058026 -2.5580366 5.6253986 -15.809457 5.7850676 1.023674 5.740035 -5.6152964 -2.0855577 
-314.81433 134.41342 -9.661735 62.955994 59.177666 -18.855509 -37.40904 -6.1537824 -8.960938 -0.18596183 -16.379776 -6.1003833 -5.4108677 3.5285199 -5.7155805 9.300172 -10.881322 3.134942 7.555559 -12.295225 
-298.27832 145.35393 6.374243 16.528234 25.336784 -7.6108074 -38.020535 -12.378115 -4.026038 13.403778 -2.9851599 9.948579 -13.706345 -6.688807 2.7367778 7.8344955 -21.850096 -1.271037 -2.9481258 -4.14171 
-375.99142 164.61734 27.270357 38.508984 17.005472 -11.837729 -24.683418 -11.911175 -10.603729 0.29857105 -9.020464 -0.3040034 1.5379078 -0.25032294 -5.326663 11.146166 -8.166637 1.7121564 3.201375 -4.9989924 
-396.24646 166.95784 29.29874 20.811415 -18.800947 -16.471321 -18.801558 12.92387 2.1597438 0.50184506 -4.7013392 9.971979 -3.2044256 -3.1715724 -3.764213 2.0973783 -14.734517 -0.96861947 -3.232786 -1.1885245 
-400.23312 168.59685 23.09512 15.602027 5.5715113 -3.6664042 -19.560585 -1.5176128 -6.9709034 5.3443046 3.5941875 13.339121 -5.3203416 -7.2054214 -5.433048 0.08799687 -9.419186 -1.7169378 -3.741416 1.6373503 
-395.1693 98.42119 49.322998 41.916 -3.562956 14.932622 -6.670227 -2.854411 -11.178495 12.712195 -8.991227 5.743419 -2.8915632 -1.2024224 -9.903096 13.052441 -7.3665457 2.3141284 4.386913 -5.2002716 
-394.18707 187.15434 28.206379 34.4904 -14.144737 -30.443655 -13.655031 4.3217344 -10.6717615 -0.49418914 -3.5889325 -3.3136752 1.8040322 -1.1036428 4.965555 13.379948 -8.95674 -0.46578068 -3.0136926 -9.811637 
-453.5294 122.174 13.956869 25.80363 10.792735 19.10074 -8.864311 8.08585 -4.5868235 2.8586795 -7.8006306 3.34511 -11.514856 0.1784732 -0.25902972 5.979809 -11.961483 -0.018034007 -7.303495 -3.5713093 
-460.5697 119.45302 30.03556 25.612873 10.351209 17.986069 -14.565848 7.487259 -5.206559 3.8844392 -9.062711 2.6391275 -5.6455436 3.9923952 -7.0199213 1.965629 -10.681354 3.9060957 -5.631045 -0.2665168 
-310.92853 117.16113 23.293093 42.760757 31.768425 5.161979 -31.530449 -4.550886 -12.439549 3.6008177 -11.098937 3.6582234 -18.96996 -4.661558 6.8261957 6.9131494 -21.53703 -0.9170799 3.8877628 -13.656216 
-298.99063 144.67934 8.813306 48.05334 35.66156 -15.826407 -30.481588 -10.3380575 -20.159166 -0.63162655 -15.534695 -9.885728 -0.8876227 -1.3626872 -14.509561 11.261652 -3.388009 -5.7887907 1.3819375 -8.573881 
-346.05542 103.899445 41.422028 41.895367 26.6778 18.67776 -25.626472 -11.169686 -8.943543 -4.336156 -17.14277 -1.3478863 -19.433422 1.3254719 -5.234725 13.170565 -19.306465 2.2296238 6.802231 -2.9159899 
-312.21146 111.72022 8.298245 3.71884 11.957957 9.781359 -25.718855 -1.2352842 7.442014 14.015312 -2.4732552 10.721359 -19.792437 -1.5990796 -6.1803603 5.769514 -11.6388445 8.290008 -3.269116 1.4583086 
-319.75842 156.91122 -3.9177077 28.433441 33.64599 -10.129002 -30.5717 -7.6895847 -8.761199 -2.6756818 -10.798692 3.393758 -8.44038 2.8025587 3.26974 2.5505888 -11.07372 4.373573 0.62330884 -9.429761 
-414.79062 131.66411 36.503616 29.989319 14.553865 3.1886575 -16.371042 9.208124 -8.726853 -2.8698447 -6.8734365 -0.1756805 -1.2607875 -5.6024957 1.7556796 2.7940319 -4.74109 -3.0998373 -0.8100549 -8.03378 
-333.53787 175.7369 22.036522 21.65615 2.824911 -17.93785 -25.158627 7.2993646 -4.2716084 -2.0976868 -11.172167 10.118534 -1.5268778 -7.9611487 -1.1896377 0.8125711 -16.775957 -13.205931 -4.8804984 -3.8030386 
-370.88446 180.3825 19.34929 29.970066 19.927662 -12.503679 -19.454496 -0.45580482 -7.6592126 -9.085148 -17.14442 7.492667 8.525654 -2.3506546 -11.30801 2.189666 -10.977157 -0.9178724 1.1111263 1.6805091 
-408.39807 157.71065 27.95868 36.31623 35.41179 -1.0978713 -24.637278 -15.233008 -5.811121 -4.1403384 -9.368183 8.007134 1.5791212 0.057316355 -1.1778865 15.14781 -4.985212 3.3277454 -5.812455 0.1385604 
-467.9236 154.01543 31.331482 31.821215 13.262111 9.644551 -11.789899 -1.8442396 -3.0364652 -0.9315207 -4.271703 7.7767267 1.7962499 -0.13089353 -0.9447253 4.9452567 -0.7728337 3.394783 -5.0778255 2.162017 
-375.19974 112.574844 25.571651 42.07746 -9.2472725 3.816306 -25.894678 -3.0485952 -3.3830895 0.6738212 -9.1249 15.888029 -3.1900172 -3.6465983 -4.8158255 9.2578335 -10.001243 -0.7440466 -7.5660534 -11.273883 
-385.6998 160.57391 2.1908183 32.415344 29.24627 -11.229941 -24.330578 -4.9790215 -11.636961 3.5049887 -6.0504513 2.8185189 -4.6273646 0.45068508 -1.0759571 5.3127275 -12.694018 2.961191 1.0874249 -3.1861968 
-386.19513 178.15013 28.776411 30.235086 23.75161 -8.950457 -20.342613 -6.0470605 -16.184843 -4.899228 -4.91411 9.530794 -4.4547563 -4.1704235 -3.7683308 8.785436 -11.418849 0.76968354 -1.0932086 -2.677211 
-392.49945 137.06439 40.301834 8.396042 14.739656 4.850538 -16.318449 7.892211 -1.2155622 5.951634 1.4410803 14.951882 -8.653561 -4.332545 -14.645327 8.481504 -12.11826 -0.4730245 -2.4458265 -2.571409 
-434.59195 134.54453 40.27617 28.878532 18.309793 20.015066 -13.030584 -1.5979207 -12.920417 -6.3302703 -13.095332 -2.5360193 -10.385976 -0.8560774 -5.302222 13.356792 -17.1919 -1.2072437 4.1973934 4.342691 
-338.40463 160.7464 0.8026256 47.134026 52.66351 -17.14962 -35.158863 -15.133098 -19.549477 -2.4134686 -18.52569 -6.680771 -5.161764 2.686929 -5.760779 16.532736 -9.658679 -1.6055102 2.8727105 -10.340822 
-321.69498 137.87001 -16.297962 53.194443 51.316944 -20.253906 -33.02061 -1.2320724 -13.101597 11.463215 -17.793608 -9.548492 4.828732 5.629245 -9.433116 15.804256 -19.258604 -3.6254191 7.2898526 -19.139435 
-475.72278 134.41647 8.535164 42.38573 16.681112 18.157015 -15.037628 6.843208 -2.3542066 5.7516384 -16.19696 1.3150773 -6.4700565 4.1640677 -1.1967812 2.349168 -7.228886 -0.010000785 -1.3525777 -2.584654 
-391.929 149.1967 8.9968 37.63702 38.649395 -3.3916671 -26.720474 -4.9771495 -5.073993 8.710161 -17.05508 -2.283744 -3.201525 -5.8452253 1.3118788 9.090541 -20.087397 -5.766314 -0.22578685 -11.987011 
-309.3487 139.0867 10.9664 27.406355 13.476912 -15.256526 -16.798244 -21.70086 -15.784587 -4.406975 3.5155764 9.781955 3.2573957 -10.86532 -5.7458677 19.213318 -12.525167 7.519215 -5.4466286 -11.86469 
-358.22763 139.65388 24.66309 41.554623 15.700134 -9.479136 -12.602449 -1.5670683 -14.597512 -20.782782 -8.217402 4.626659 -7.648834 -5.537216 -6.1692924 0.4126821 -5.837884 5.500436 -2.5853436 -6.0953918 
-367.6902 114.110176 39.14231 54.72234 30.302687 4.5212336 -19.422766 10.441965 -7.3980813 -13.633048 -17.33226 -2.5888968 -12.488782 8.941188 -4.8283815 2.649356 -12.069216 0.07878007 0.02339787 -5.4277267 
-335.04034 149.59259 28.239931 27.267363 26.075901 -10.203674 -21.555153 -13.043323 -18.847275 -6.671118 -4.7194805 17.166557 -10.785654 -5.1518173 0.023673138 17.60693 -18.651888 -3.5695 -1.2343076 -8.045221 
-442.97687 163.89348 37.999447 22.682232 3.972324 4.226949 -7.7138157 6.953649 -5.282886 -0.27487373 -5.1137967 7.7852454 -3.981509 1.5606081 -4.9311485 0.86583924 -13.191356 -3.769215 -3.8879461 -0.22609684 
-432.88876 147.08798 39.210358 29.241068 19.140356 3.0162609 -9.134556 -5.6721287 -6.987314 2.2060423 -11.322809 1.3485332 -4.4552784 -3.7407367 -5.3795166 15.813097 -10.214687 -2.5206919 -2.09307 5.155046 
-420.53455 161.15918 25.145287 34.024822 24.057804 4.435126 -16.859436 -0.98632455 -4.1103525 2.0592983 -4.7163553 6.711277 -5.699772 -5.2339473 -1.399713 1.1736625 -11.3810425 -2.6985235 -0.64255035 -5.389559 
-329.10596 159.65903 -0.84049946 23.566618 34.804337 -10.768601 -31.145355 -9.399742 0.26972187 12.176643 -1.383415 7.690449 -9.364275 -12.346889 -5.64793 5.4369135 -14.428738 -5.391283 -4.4827046 -1.9251671 
-330.2416 175.4899 4.6865435 18.2159 1.1198537 -18.288471 -11.451963 -1.6859307 -14.390296 1.9930453 1.0982518 21.825768 -3.892253 -11.562226 -6.791977 -3.715191 -13.395051 0.88572246 1.787465 -8.97988 
-384.02097 173.49066 24.902431 29.449001 20.46827 -2.1347945 -20.666405 -3.1104515 -16.188286 -8.58424 -5.002003 11.553086 -5.298214 -13.7890835 -7.2776966 6.455203 -12.490253 -6.3756337 0.45752478 -4.981863 
-362.38184 152.83661 6.688432 32.831406 35.1873 0.06806776 -32.724106 -7.23324 -4.932211 7.4228516 -8.471594 3.953004 -14.869003 -2.6521444 0.7443822 10.320792 -13.894523 -5.14453 0.21681622 -2.850086 
-377.83313 80.22706 35.696304 50.55406 9.041684 13.109542 -9.181608 2.5784855 -3.8919542 4.855641 -16.082773 2.1910563 -8.587546 0.49143302 -11.207012 3.060922 -12.619436 1.5781925 -7.5296707 -9.282787 
-325.58374 155.52464 17.89907 -10.45313 0.8866831 -4.3471193 -26.107931 3.9962971 -2.5019825 2.4884658 -1.9778562 11.792708 -5.0407853 -10.89463 -11.153217 4.633568 -10.769344 1.705029 0.62271947 -3.131009 
-339.07855 158.31311 13.061092 25.089478 10.61932 -11.726161 -22.847082 -12.123375 -22.8872 -0.018564284 10.306237 8.319589 4.7569885 -11.312308 -3.2829223 12.448589 -22.078506 6.792101 1.5766231 -18.678259 
-428.2374 160.80327 18.180996 27.420954 5.0978904 5.213438 -4.6714597 0.8119027 -10.015263 -0.43827227 1.7405438 6.577635 0.7268307 -5.8447275 -4.8260484 4.711363 -12.926222 2.6791828 -4.1935678 -7.888148 
-440.6046 116.80523 9.333245 38.657364 16.654741 21.221647 -14.5894165 5.3570004 -1.1684307 11.745451 -5.4784503 1.888318 -17.312967 -1.9175415 2.0451546 5.7666698 -17.925505 6.8425803 -5.3768554 -5.069789 
-478.7525 144.50899 24.689188 31.628208 12.321003 18.15545 -16.132029 10.352261 0.57656837 4.905281 -1.1205812 7.172014 -11.530411 -1.1893107 1.4981765 -0.38551003 -10.760578 4.363294 -5.2970586 -0.9273427 
-373.23035 186.39723 13.822444 16.937933 -8.61844 -7.209344 -11.57143 9.591674 0.5362432 6.425791 -2.8592825 20.432293 -13.018456 -8.847075 -3.6039784 -0.55652195 -13.5743 4.3482013 -1.2773795 -6.080881 
-326.11832 191.04843 9.520347 48.09615 -20.109846 -57.53508 -9.621343 4.111176 -10.156409 8.323116 -5.202612 -4.1648197 -0.6652105 -13.049335 17.990833 10.966218 -24.28882 11.951771 -10.300625 -16.121935 
-384.0961 202.16441 33.005608 30.998684 -12.043303 -40.16574 -10.3903265 -1.8053205 -4.329912 -2.1532269 -5.149922 4.764601 -0.48095363 -6.004573 7.784535 7.357917 -16.48337 -0.25351903 -6.0497813 -5.2960253 
-314.52295 113.99036 33.693733 4.5737634 4.670599 -1.654769 -23.356426 -4.002131 -2.1448758 -2.2527554 -3.8835247 19.698954 -12.476399 -2.6494842 -9.898793 4.7052903 -13.319716 2.9069002 -0.47205427 -5.642557 
-401.29236 171.1759 34.46641 22.744503 7.7548175 -0.42404515 -12.091185 1.947437 -9.845662 -1.0497395 -7.086158 3.8752966 -6.9133277 -10.863688 -11.3897 -1.628914 -6.2848454 -2.6908257 0.45416343 1.2215716 
-348.83334 190.27193 19.689528 10.246873 -9.536045 -16.276262 -20.807028 7.3184247 -9.886189 -2.454132 -3.338005 15.019758 -3.7252104 -6.0956244 0.05866119 -3.3161361 -13.375851 -2.2342322 6.248436 -6.704895 
-423.66315 167.76581 36.66154 33.264378 16.254234 8.771477 -18.118412 -6.892488 -15.630321 -1.8817245 -3.8639803 8.270278 -13.190178 -3.9813952 4.3478327 6.5410094 -11.832868 1.3000448 -2.0921519 -11.466319 
-445.3656 149.98825 24.55556 29.199236 9.296489 5.8529344 -10.800961 -4.2672443 -16.26639 1.6061914 3.1068544 9.965193 -2.3432283 -3.4120157 2.5750895 4.805503 -8.16992 -4.795545 -1.8609244 -3.8083775 
-427.38123 169.78307 14.977071 26.665506 13.924974 6.211668 -14.840188 1.2319516 -6.12208 8.854625 -2.0602589 12.1664715 -12.950012 -10.159089 -6.500586 -4.4027233 -14.240825 -0.24069399 -3.1527112 -1.6595808 
-407.20068 121.799286 51.024624 41.588703 32.42047 6.539957 -17.5837 -7.8780966 -7.205084 -5.4860554 -20.6631 4.5072165 -12.442629 -0.12621424 -6.543554 5.7090483 -10.601152 3.278551 3.127681 -2.0877073 
-352.42795 127.08671 29.451717 44.203224 29.282772 15.607764 -21.538393 -23.352354 -15.08141 -5.1580324 -18.733429 4.505069 -20.865902 -15.18457 -0.94305205 17.125103 -25.740318 -6.504004 11.366699 -6.896761 
-444.60617 112.02801 55.552963 28.005009 18.911598 25.185032 -8.8055935 -4.1823015 -2.2604706 -6.901312 -7.080602 1.6956545 -11.107074 -1.8886428 -9.347223 11.853797 -7.97394 -1.6042619 -1.682094 -4.5667934 
-375.69565 106.631256 46.644665 51.413284 40.797836 -2.3815784 -20.094595 -1.9024596 -6.1328077 -8.658283 -14.087301 -3.2142332 -7.5622625 -2.0765555 -14.368691 4.6750855 -11.331718 4.2756805 -7.191585 -9.1963 
-343.42657 163.43622 5.1715035 22.717838 18.93727 -8.625216 -34.20849 -17.593285 -1.1770922 11.549968 5.925445 10.101443 -9.243313 -12.141006 5.4951696 7.787105 -21.214499 3.6285052 -1.2911438 -4.435201 
-407.95782 150.78055 36.991226 42.796307 22.04023 -1.8316447 -10.69128 0.7966645 -8.810011 -8.212294 -11.249926 2.0204825 -0.9722819 -2.7889118 -7.77864 2.2180085 -4.3660445 10.714526 -0.44802156 -5.282705 
-457.75934 144.48209 28.816416 42.282146 16.907286 12.485377 -1.9996461 9.010907 -3.9977515 5.987999 -14.703732 -7.2458878 -7.316781 -2.3972828 -6.1394377 -1.3101832 -3.1872678 0.15478733 -6.621183 -1.2397637 
-475.21344 139.92615 9.268788 33.32939 6.4592266 15.740934 -7.028922 8.8502445 -3.0881758 8.733091 -9.775851 -0.057577983 -13.732915 0.8308175 -3.2820134 0.22777727 -6.7939043 4.9159126 -11.303645 -3.3534498 
-371.68326 135.47401 8.040844 62.579983 42.479416 -13.808344 -17.619087 -3.412002 -19.053307 -1.2507913 -12.913033 -12.886161 -4.2240596 -4.8895583 -10.633096 0.6381499 -9.748975 -0.1948808 -0.2696813 -13.2536125 
-319.25543 58.735832 43.9276 62.93898 14.380746 9.95975 -12.281597 7.012862 -4.4244623 6.426891 -20.067623 4.951382 -7.2410855 6.101194 -9.171159 9.872476 -9.787988 7.990304 1.7806746 -8.452068 
-420.13333 86.34977 52.017735 61.924534 1.0129695 21.940456 -8.119486 10.029016 -7.3036795 4.9440827 -19.717531 0.4344026 -8.433756 0.886274 -13.429569 2.6078267 -7.1146555 4.383383 -9.364347 -1.1324842 
-472.64246 154.39568 27.338966 31.255974 11.333273 13.942253 -15.2844305 4.357379 -1.4570004 3.3880973 -3.347051 6.026836 -14.020922 -9.451 -4.9906898 -2.3611846 -7.262777 -1.6272483 -4.1885843 -3.0227687 
-403.44006 184.11731 28.748278 18.325962 -4.5475616 -9.275168 -17.225739 9.496036 -0.9119071 6.5381093 -4.3883038 13.22006 -7.1247 -7.6074777 -8.766656 2.2158747 -10.287182 -1.4696997 0.6411068 -1.8139046 
-403.25323 184.40056 37.90595 33.524433 12.8207245 -4.705638 -25.761435 -3.8107288 -11.479271 -9.484958 -13.094524 4.118517 3.2152681 -6.270481 -1.5409799 7.9602866 -6.2180357 -3.4761446 -1.3803526 -1.5159631 
-371.55746 191.84827 18.633648 17.88023 -7.920347 -15.880053 -27.665396 12.387632 -1.827805 3.7172728 -3.9371386 12.849493 4.2233715 -7.97171 -7.2731037 2.7734823 -13.192545 -9.1367235 0.7371576 2.2882042 
-389.11707 135.72943 44.225643 23.037788 5.340174 4.446575 -12.600109 -4.631166 -0.76017636 0.8760666 1.4441942 18.061098 -8.125842 1.7254616 -7.6547537 4.845757 -13.062295 2.1201482 2.9951696 -2.667367 
-364.00308 163.10953 47.082863 24.93227 -11.207869 -21.274635 -14.418087 0.9156219 -11.969803 -5.1110854 -6.451863 -0.73757935 -0.17746013 5.5883694 2.896041 10.970512 -13.998016 1.4483865 4.03055 -11.553409 
-363.7424 169.62726 5.5147915 14.400204 12.903662 6.786801 -28.487467 -8.723293 1.4534622 19.096113 6.400251 9.8256035 -14.204095 -2.8938067 -7.490812 1.377094 -13.721043 -0.69044614 -1.985627 2.4262795 
-386.96765 157.76982 36.653233 32.250435 2.6370974 -7.028157 -16.872131 5.4038105 -2.5660448 -2.139913 -9.992206 9.092806 -3.0015433 5.8775954 -4.438101 1.1912745 -15.468262 -6.0875816 -2.9725552 -1.2520728 
-386.69177 180.64569 21.793947 28.541788 19.892504 -5.4484444 -26.271559 -9.0808525 -9.360279 -2.9630024 -9.97197 12.995193 3.5798535 -7.2868414 -14.552943 7.678384 -7.342802 -0.59583867 -5.4382305 -3.3177793 
-375.33185 116.01367 35.615463 49.77117 4.4549055 3.199378 -17.625576 -10.17532 -6.8839283 9.420426 -10.06139 16.030693 -0.78430885 4.011831 -4.4115562 16.440012 -10.048005 1.7504748 -0.23917177 -6.467118 
-437.60132 149.31877 32.14203 40.18103 23.80919 8.86252 -16.7422 -4.082869 -5.697415 -0.14984676 -7.9024744 2.2363794 -7.974437 2.0011415 -1.690006 6.9990444 -9.254989 -0.97518796 -2.7172186 0.5089848 
-408.0758 155.19673 17.979881 40.677628 18.216347 1.0082945 -11.902937 -4.2272253 -15.890598 3.2214582 -8.9103985 -0.176251 2.1652353 2.8429706 0.9461793 15.339608 -4.777098 -6.794973 -1.4469657 1.8756303 
-450.8272 123.61698 20.47862 41.75462 16.979273 22.340385 -9.138829 7.723428 2.6436608 11.1409645 -10.394934 6.3207836 -5.2070436 5.643096 -3.405081 7.6379447 -5.54873 4.89837 1.891059 -0.25108635 
-386.98734 135.20776 8.39592 42.851425 44.85524 -3.2297359 -23.207281 1.143465 -6.1724463 3.477548 -8.855841 -0.16349734 -4.8031874 3.413639 -3.237173 1.3155541 -7.3706417 -7.538866 -0.5499161 -8.783942 
-245.1605 125.709366 4.1022487 33.34303 17.04837 -13.35881 -25.792067 -13.629779 -21.855019 8.801709 -0.93682504 6.3842015 -8.107088 -8.31229 -0.83448505 15.020983 -25.914352 -11.068379 2.2424657 -14.729058 
-337.11966 169.76738 11.499183 26.454088 14.140627 -12.132884 -24.997433 -7.8019147 -12.8671665 -3.2941782 -6.7844357 6.5685654 -3.1428528 0.2059909 -2.2205098 6.7792716 -12.189752 -8.4038 -1.8085346 -1.3533105 
-368.26 186.67332 37.42311 24.151733 0.7811659 -19.530043 -17.782026 -7.911738 -12.979106 -3.2034385 -6.379514 4.1741996 2.6334467 0.85540974 4.9240193 12.543082 -10.294719 -10.105099 -5.784302 -5.8966894 
-388.6568 142.0158 30.958462 35.59636 15.869685 -4.2348776 -12.455038 -5.4400573 -13.805232 -0.6135948 -9.563451 1.6430507 -1.0922589 0.63088393 -2.0050938 11.7509575 -10.090954 -2.3714924 -2.1659153 -4.082643 
-402.15536 171.2812 37.755226 33.36677 12.378953 -13.960118 -15.445292 -8.963409 -12.177144 -10.331046 -12.369768 -6.863243 -4.8042617 -7.5375004 -2.4499426 11.482711 -6.9462633 2.9596243 -0.5726486 3.0346599 
-366.8889 152.20717 13.901156 38.246048 43.31713 -5.1441255 -20.79756 -5.28906 -19.997038 -6.6886864 -15.357563 -2.5190473 -5.9824824 0.41228846 -5.610814 5.7926545 -8.625151 -3.428952 -2.0093246 -1.5591761 
-364.95398 131.5694 43.76138 16.073612 12.953024 1.3788248 -17.075275 -3.1468053 -12.897419 -1.7829893 -2.658332 18.02598 -7.1585007 -2.3370984 -15.97131 10.408825 -14.491691 2.4208612 -3.9665518 -6.2646017 
-426.92273 155.98012 25.594582 45.003494 20.723427 9.211385 -10.500294 2.5183675 -6.4187655 -2.79 -9.909318 4.7584157 -9.219532 -3.836939 -4.397003 4.277895 -5.3849864 -0.22679932 -8.746552 -4.9140725 
-371.333 163.49794 8.867428 19.089575 11.193532 -0.031106737 -18.181479 -2.2943032 -7.6473475 8.363459 1.273876 16.90031 -8.630543 -9.873913 -7.001074 7.1471033 -14.993885 4.0587716 -2.2534704 -7.288029 
-342.80627 168.05594 20.808098 21.150282 9.438015 -14.286767 -17.379677 -5.9638295 -7.9609036 4.3564997 -13.511999 7.842581 0.58081883 -6.953619 -14.615511 9.455074 -6.047538 4.6563797 -0.059733763 0.72089535 
-397.6163 170.08978 12.441728 20.448095 12.253223 14.545275 -8.82855 0.74218243 -4.7376113 4.616566 -6.874961 8.453727 -6.3137503 -7.4435253 -6.4281945 -0.5089128 -10.740692 -3.5304847 -5.022852 -3.7576091 
-377.6808 127.14692 31.764662 31.005798 12.377989 14.647729 -7.927343 0.30040878 -6.27836 3.6489372 -13.013263 4.4838085 -17.206017 -2.4104605 -8.527548 8.988311 -13.815512 0.5995806 0.04581992 2.7327557 
-393.68423 148.87495 30.931087 43.363033 41.750633 13.324634 -15.657789 -6.660007 -12.576817 -0.6143722 -14.204679 -3.3657646 -12.77759 -8.177878 2.3253126 4.8842487 -20.181047 1.8585646 9.151626 -1.8303517 
-450.31104 151.09802 26.205027 28.760782 20.01443 19.921476 -4.52486 -3.6777132 -11.418653 0.6386168 -3.6322773 1.8934729 -11.553279 -9.102598 -5.8966923 7.236556 -5.8715014 4.510458 -1.2243237 2.0975847 
-449.94257 125.04806 18.506739 32.6931 9.159928 14.679585 -8.499895 7.2615194 -6.4527445 8.887518 -7.996495 4.9442067 -12.817431 -0.8041101 -3.4784322 5.638373 -12.354191 7.0643926 -8.604359 -5.0277348 
-471.89252 129.9162 19.171034 32.38298 14.842529 21.55048 -5.3863773 12.469645 -0.7937205 8.906589 -4.0672703 4.078326 -6.8765955 -0.2736262 -4.1379466 0.57046527 -7.8112793 3.037418 -7.56684 -1.4497873 
-432.32895 147.07843 15.708298 19.720442 10.322835 7.4488926 -11.524965 7.0792127 1.424035 3.7111926 1.55586 5.5488343 -6.236783 -10.732193 -4.8724523 -2.850014 -5.924052 1.0022547 -5.83934 -3.9868808 
-199.30202 171.0763 -48.765003 -9.062964 3.8835895 -19.207233 -32.546135 6.345417 -2.5251913 5.7077527 9.452052 20.877998 -19.128954 -14.253057 -4.151359 1.1083826 -8.545995 7.97589 -3.8134406 -11.351576 
-280.68903 120.05017 26.344278 43.199837 14.4639015 2.0184271 -24.089203 6.3828244 -17.690376 1.4144 -4.302229 10.678637 -5.714149 -3.3220067 -2.806045 7.4827585 -15.221514 -6.6561503 6.9586277 -7.6340275 
-332.52 196.01497 11.639723 18.303534 -11.745411 -25.573238 -17.954357 17.165197 -6.368531 5.348015 -4.3469434 5.305682 -0.68546206 -5.201731 -9.637355 1.2167225 -8.138417 -8.049312 6.703303 -5.694365 
-301.51233 193.4149 -6.6015325 -1.8861858 7.701706 -17.145756 -30.131174 -0.8071488 -7.316073 9.819378 10.506835 19.778763 -10.009306 -10.454054 -14.84315 -5.3884287 -10.863098 1.7711778 -4.5169864 -4.4938846 
-302.2704 162.61363 -0.31326485 31.833214 20.061623 -10.929089 -20.49206 -12.859064 -22.759146 7.6142917 -0.9171393 15.65958 -6.19469 -11.611935 3.4491765 12.037579 -16.131166 -0.097306885 -2.7830229 -9.328851 
-277.749 185.25485 -21.195946 7.988971 14.430206 -12.377502 -35.302193 -6.2702303 -8.196143 11.797597 3.2017298 14.298329 -11.834253 -4.574152 -4.2291517 4.600515 -15.327174 4.8418293 -2.551557 -4.994113 
-336.48477 183.19911 11.89173 7.859097 -2.8992434 -9.259011 -23.980848 4.997275 -7.115061 14.674663 10.061065 13.288772 -10.84327 -11.348096 -10.89623 -2.1502404 -10.225591 3.2400815 -4.1385484 -7.9690595 
-372.42142 170.79445 34.95308 18.295933 -12.725391 -22.331959 -16.14309 6.04936 0.91962993 3.933595 2.1795146 4.319406 -6.921297 -3.6074667 -0.13374403 0.5482629 -8.923577 0.6772239 -3.9156537 -6.0345154 
-342.3916 182.96512 9.698717 30.353207 -5.560005 -20.392538 -17.431 0.5745414 -6.103378 5.960224 -0.6109891 9.2572775 -0.9360316 -13.422139 -1.8164828 -0.04375227 -17.925497 -4.550282 -4.397202 -11.98698 
-336.87524 134.70445 30.393106 21.456837 10.957338 3.3512945 -16.51014 -9.399816 -2.21312 -0.85141534 -6.1873684 7.348986 -1.0933915 -7.0190406 -4.5488367 11.252302 -3.6382675 1.6476328 -5.0074825 -2.442061 
-365.90543 129.42488 32.25846 39.976246 20.309488 3.6760983 -13.975315 -3.2712653 -9.832991 -8.181602 -5.5100446 6.963903 -8.569321 -0.93898255 -8.280473 8.560522 -2.1149874 7.081223 0.29186818 -3.1900504 
-380.32043 145.49934 27.365803 32.74781 19.380318 -2.8311636 -16.1924 1.2434502 -11.233697 0.5996486 2.7882476 5.547756 -2.3666 -3.2245283 -15.302207 -0.62721604 -11.370512 -2.699955 -3.3925054 -5.451439 
-364.26624 160.26039 44.83618 16.7922 -2.958944 -6.5440245 -16.46344 -2.1593413 -11.651362 -5.9081507 -0.17943832 15.428099 -0.014294094 2.857501 -8.355538 5.9718966 -16.284882 1.4321628 -0.7350585 -7.3270197 
-430.23178 163.9389 24.953705 30.662727 18.404503 7.1466837 -12.432568 5.8383965 -4.2873597 -1.5679768 -9.218716 4.029982 -3.718422 2.5089068 -6.5506687 -0.20931503 -10.484459 -0.45779303 -3.5044103 -2.3055189 
-492.1315 148.40674 27.209208 32.466923 19.791162 19.725304 -7.0118856 11.3166485 -2.703439 3.2511923 -7.7164054 -0.33152768 -3.7889485 -0.4702664 -6.6276493 -1.7513283 -3.8305686 0.18577415 -7.506941 0.5201015 
-417.86926 140.84198 22.962166 25.78593 9.841911 11.860922 -13.679282 6.2291417 -1.0942583 4.9323697 1.4598124 10.642689 -8.998755 -5.528817 -10.061421 -0.056094274 -7.074533 3.2900815 -0.696901 -0.70724636 
-306.85126 161.495 22.49565 25.26168 -22.1328 -31.787302 -4.5702367 2.316931 -6.1415024 3.5810776 -1.1886202 5.126666 2.261033 -3.4018717 -0.6546097 2.0068915 -24.74433 7.4303885 -3.210655 -15.20136 
-408.7937 148.51445 24.140373 28.656654 -6.1490803 -5.8022375 -7.582873 1.8422021 -1.3622103 3.3817682 -9.173071 -5.1019735 -3.6907315 4.562621 6.396837 6.514838 -9.243725 -1.8748428 -8.791199 -7.0775394 
-471.42117 120.09813 21.285696 31.096937 9.185988 19.127884 -9.397102 6.804062 -5.9297466 3.4627504 -5.4006486 6.009344 -9.196428 0.3916022 -2.814149 3.0557477 -9.37108 4.273601 -9.037695 -5.567365 
-392.7145 159.07777 37.32281 33.013783 7.9056845 -8.2007 -20.977497 -8.092809 -9.619123 -1.7173032 -0.073226824 10.006466 -4.99316 -7.7197647 2.239378 6.493471 -12.216085 2.3650873 -0.8929694 -6.132515 
-245.27263 144.55833 -22.985975 34.97484 28.733162 -11.018451 -30.24885 -22.634613 -17.911263 8.329729 -4.464868 4.7565517 -5.655132 -6.185808 5.3689814 5.5731153 -22.260265 8.337582 -1.507527 -8.499464 
-304.9224 157.76775 12.709597 21.627916 -3.0517933 -27.540703 -18.192038 -1.1841373 -4.9735856 3.7961862 -5.280925 1.7864219 2.5674348 -1.9828249 0.83646774 13.022556 -19.039547 -3.2267303 2.0430405 -4.1558576 
-267.412 186.13365 -15.266776 7.3612027 -9.520459 -35.01905 -24.241562 3.6300616 -5.457917 1.0887545 -5.718268 11.654217 -5.4349737 -7.6132116 -5.018041 2.4042804 -24.006004 -4.2621245 -2.5637183 0.16689989 
-332.73785 121.66882 40.89129 28.143883 2.8983903 4.1377816 -14.085712 -8.907713 -15.642307 0.4464842 -7.482232 17.111856 -12.284396 -6.971596 -0.43661913 9.982337 -16.648764 2.821471 3.2570817 -9.196776 
-286.357 163.9821 27.55889 34.020195 -29.874807 -41.256165 -16.935663 -1.7371414 -7.6928678 -4.962839 7.9477353 -10.337572 3.1925516 -3.4363286 -2.8229344 14.640715 -25.408052 2.680509 0.37501827 -19.906517 
-412.27942 160.86267 33.71721 27.283752 -12.004351 -16.043816 -11.88608 -5.489393 -6.1259284 5.158821 -1.203367 -3.407421 1.2264898 -3.277748 1.2246388 6.7199764 -4.2195487 0.6827999 -3.383832 -8.53716 
-430.7737 157.2274 25.90612 25.762333 0.5559108 -8.191227 -15.502189 5.2506275 -6.180603 1.777267 6.1973968 10.3966465 -0.4503392 -6.4401155 -6.457984 -0.027342055 -15.362629 2.3834872 -0.43981108 -1.9049441 
-370.5341 114.463104 36.134476 28.47956 -2.297113 -3.257376 -15.088847 -0.55406517 -7.58619 -0.7814846 -5.6636343 16.943865 -1.923503 0.6658111 -8.227553 4.155887 -15.725852 0.4350233 1.0497031 -4.43522 
-299.60773 129.44574 17.67276 41.21909 27.957909 3.3640525 -27.59941 -10.964764 -21.646545 -4.03828 -9.783643 6.5331364 -14.084069 -10.058431 -2.4743059 14.355885 -18.383772 -5.662289 4.3894286 -17.01595 
-274.73923 133.98177 30.634342 27.176863 8.747534 -17.058306 -18.90155 -16.634224 -24.844198 -0.05026941 -2.1539698 11.908389 -6.897392 -7.988004 -11.926418 18.005058 -20.814602 -2.7691135 3.6241727 -21.865715 
-344.8378 168.9151 47.275677 43.34975 -4.1474814 -25.114197 -12.422059 -11.96309 -20.303267 -2.9986174 -10.207747 -3.494501 -3.971049 -7.1065726 -3.2030823 6.4238086 -6.1653657 5.152207 3.1248856 -7.4649944 
-355.1993 99.61911 47.656338 47.531364 7.1257095 2.110013 -13.372696 1.4620261 -15.964305 2.511149 -14.037192 1.8132956 -8.9833145 -0.31044048 -14.001348 17.691328 -9.565443 4.6273246 -3.9198177 4.2859178 
-376.44016 157.67184 36.461304 43.456207 19.192402 -13.42947 -11.536337 1.1663529 -6.5111732 -1.9129906 -21.191198 -9.910313 -3.2971027 -7.0413685 -16.387136 12.424382 -5.019344 -2.8578832 0.966318 0.006247441 
-388.81076 107.30551 51.50998 60.843548 16.375069 9.005719 -5.923452 2.836475 -11.117199 -5.219506 -24.865059 -0.8543742 -12.7741585 0.22685105 -13.318059 1.3085295 -8.828486 -0.058911428 -1.0427465 -4.3641853 
-444.71054 159.33264 37.978474 48.58914 30.376102 7.0984116 -12.491955 2.5046191 -10.687243 -2.402215 -17.644983 -4.1774497 -9.124061 -9.652452 -5.4052935 0.23039633 -8.155933 -5.8590355 -4.3487372 -6.350877 
-446.50507 156.56279 22.20203 32.335228 18.539803 11.832086 -12.433582 15.604213 -0.3305963 -12.496011 -14.5381975 1.6799452 -8.741011 -6.8682427 -3.6556997 -2.0284514 -8.934838 -7.4552712 0.5763157 4.5184784 
-414.25638 154.37682 19.25953 5.4846535 3.0670958 8.174853 -13.69075 15.496365 4.222123 1.1615509 -7.369 10.29065 -7.337437 -5.369238 -11.651788 7.9866858 -5.565491 -6.5160565 -2.8329847 -4.1145706 
-359.12207 179.6119 6.4224377 12.010644 -0.7204077 -19.195345 -27.21915 -0.3150032 -4.2472796 2.7686665 0.64971924 10.013901 4.8265896 -4.8602643 -12.566013 7.960322 -15.226308 -13.67877 -0.5303932 4.448413 
-357.47113 141.46036 10.107573 37.015987 39.352978 -7.055638 -34.71927 -16.853327 -13.21808 10.309488 -18.149544 -0.004263136 -6.2176566 -1.540407 -3.3733344 12.117471 -19.080643 -19.180853 6.072346 -8.8525505 
-276.35034 162.79593 7.3618164 36.448406 -15.017223 -23.399479 -21.132484 -6.3770394 -22.567814 -0.16010782 -10.14867 2.543611 5.0260243 -3.4265242 -2.912873 15.818961 -23.27346 -9.121016 2.9395626 -14.930037 
-363.44104 175.27545 19.43763 25.066294 6.1567 -7.662924 -12.381791 14.713665 -5.5116696 -0.9574687 -4.130598 2.6562803 -7.989492 -11.832764 -9.239231 1.0855924 -11.541072 -11.878716 -3.0273466 -7.016134 
-342.06836 167.18024 -5.738701 21.696672 18.54541 -4.3521967 -30.3233 -7.97983 -2.4611351 6.889468 -10.118944 11.534528 -0.59776956 -12.83018 -12.842392 14.560335 -10.534016 2.3859568 -2.5877793 -9.898037 
-370.17975 166.94705 5.1074066 57.41243 49.874313 -15.512258 -34.343857 -11.246955 -15.239066 -0.28665245 -12.157473 -5.492993 -0.5520293 -3.7757933 -2.4433038 8.780574 -9.842961 2.338891 -2.141556 -6.401703 
-397.10846 133.93773 34.05116 22.204689 -6.369233 -4.413781 -17.721144 2.6830027 -3.6321383 5.507101 -3.9905565 6.976343 1.7216563 -3.4645119 -11.687315 10.437666 -4.968082 -3.9644263 -3.009371 -6.4228616 
-440.54242 156.89436 14.386768 19.857822 12.8392105 7.802909 -19.334826 3.2033339 -1.1463467 8.178347 3.7910593 4.4669614 -4.3533535 -5.9266853 -11.771235 0.7150691 -4.1541624 -4.860587 -8.304115 3.1247087 
-482.11853 124.11185 19.759893 38.28691 9.628898 23.96789 -9.823409 12.044144 -8.73602 5.657778 -9.062834 -2.353274 -7.440883 1.5882691 -5.1689897 5.6331434 -7.5306168 0.10556952 -7.8270254 3.1520128 
-503.09705 112.89603 31.527987 31.461987 20.306677 22.772848 -18.412392 14.145478 -7.56117 3.4409728 -7.8396525 6.6145277 -7.051393 -9.262117 -1.8291895 2.0950103 -0.56809425 -0.41148722 -8.11141 -1.6122715 
