-318.58167 146.32826 -19.04862 56.311783 27.039644 -7.947981 -8.997585 -10.036315 -31.595367 11.723907 -7.4585657 -13.182283 -1.8866528 7.3893204 -11.715436 -5.250543 -4.855717 4.3305573 -7.116194 -11.426177 
-246.97423 135.83534 -32.10312 64.12701 16.186672 -17.454067 0.8203254 -33.037323 -37.22906 22.43429 -6.2009716 -16.010107 2.7793036 13.264303 -16.819572 -6.422167 -16.529814 4.716691 -6.968235 -14.760018 
-260.73404 85.42148 22.26675 44.601437 6.9900055 14.893223 -12.570454 -17.769073 -30.549242 12.815895 -5.9234753 -12.606854 -8.723002 14.588276 -12.694921 0.29026052 -12.464619 6.0901394 -4.0517707 -6.7627673 
-277.14157 83.7666 24.52517 42.39068 13.373187 20.02732 -16.4523 -1.028476 -30.241665 9.88158 -7.677912 -23.808437 -3.381953 16.460215 -17.537445 3.3852232 -8.133913 5.259748 -6.2735047 -2.0798829 
-248.10732 142.59499 -41.09339 38.923996 22.141615 -6.7463913 1.3048869 -15.133367 -39.408733 13.902869 4.1416516 -12.13183 -8.387762 7.082863 -16.979763 -0.45410925 -6.6647077 -1.2824491 -9.665026 -3.6963658 
-287.86523 169.31201 -14.803303 23.929794 -3.0181406 -14.595079 8.621217 3.5502343 -35.68 5.2106004 7.638381 -2.2536817 2.8343744 10.235676 -16.064066 -0.14250872 -7.5007877 -7.3400593 -10.65672 -5.55199 
-264.5792 119.7361 -6.806446 8.884734 18.227472 1.0234824 -9.717821 1.3659873 -37.64881 12.642568 9.333094 3.9692335 -5.7997265 8.054547 -20.709242 -2.8876486 -9.578775 1.1745896 -12.452763 -2.8612 
-277.0642 140.4113 4.101194 21.992195 -3.8510923 -8.982893 0.51320904 13.74261 -30.686014 0.12575828 0.7709024 -0.6596986 -2.744722 8.774323 -18.567617 -7.03543 -6.575409 1.7576442 -7.562873 -3.5865898 
-330.20956 67.56319 51.278767 29.176073 -2.8540394 23.348068 -20.045214 24.9029 -15.352245 12.450726 -11.572765 -3.110814 -8.735091 6.6697354 -13.034908 8.923147 -11.149765 0.3891149 -11.190578 -0.47578192 
-266.1067 68.32301 31.299906 49.36238 4.9353046 26.220785 -18.570744 -0.9757417 -23.494602 7.0304976 -5.470648 -19.200974 -11.171334 17.045952 -17.753706 -1.8433285 -2.252269 4.671436 -5.617481 -3.889212 
-301.00894 108.03758 13.247177 62.239754 8.04916 -2.7626357 -4.068614 -0.803577 -23.875437 10.435485 -15.788773 -20.809853 2.2524445 2.5696545 -21.390282 7.893876 -8.977232 -3.0161114 -6.7569447 -4.0606594 
-299.7262 122.35371 -0.820563 68.61778 13.776733 -19.928995 4.378854 0.61343956 -29.10753 9.641185 -9.654038 -18.148716 8.743445 1.0781503 -22.626663 11.908203 -9.994023 -5.8492694 1.006548 -7.100655 
-211.06036 64.41183 31.017141 30.938206 4.698969 21.944456 -30.813148 -5.2369475 -37.586395 7.877653 6.3303094 -9.049073 -4.69269 16.598621 -15.619285 1.6979634 -5.6138616 1.2194475 -10.066921 -5.8681126 
-243.11746 145.0055 -13.751476 20.474327 11.935145 11.495396 -19.954763 -12.596864 -53.493534 13.762826 17.490545 -1.5867789 -6.4579883 9.830415 -13.536589 3.0879076 -5.0635037 -3.9645407 -14.341834 -3.2429578 
-272.72913 105.76127 22.052818 11.544339 3.9340003 29.518257 -22.682793 2.5389616 -31.45834 8.212908 14.034519 -0.44151422 -9.343579 4.1170235 -11.319613 3.9483109 -8.148532 2.1204433 -12.443318 -5.075318 
-261.0285 134.71104 -3.2873976 23.306019 13.99883 9.457446 -8.269543 -15.943312 -42.04731 7.842102 9.262014 -0.39738518 -5.9653344 9.302358 -10.233358 -0.18900405 -9.487562 1.4382447 -12.740891 -6.233777 
-311.28308 127.479645 4.460351 62.198425 26.022545 -12.735338 -1.6435939 5.153902 -23.717682 10.769615 -12.447455 -11.812252 -2.6836443 10.745848 -13.781615 1.4816861 -4.32928 4.0388646 -10.348422 -4.4323153 
-290.97968 68.34219 32.17354 67.06855 -8.240949 5.398812 1.016925 11.60597 -23.138397 6.6628284 -15.505323 -8.519336 -8.332494 3.3944952 -18.283228 9.710949 -1.1757072 -5.599955 -6.8314605 1.0953612 
-300.40994 132.47264 -2.3927777 64.588524 21.541813 -17.188503 0.13279162 -0.7607655 -26.48485 6.4091372 -2.857007 -11.96402 6.6021557 8.531367 -13.522364 2.1602907 -9.696978 -2.2364738 -5.316412 -6.5809817 
-217.69601 68.213326 28.492418 30.5769 -7.9012213 25.531534 -20.554293 -0.53231895 -32.84401 3.9378319 7.3696136 -10.707777 -7.307882 17.5338 -13.921241 8.516761 0.32014072 0.53413814 -11.23452 -4.568472 
-303.18298 148.85062 -1.8978057 18.123167 2.233912 16.125795 -3.236724 -2.8685386 -37.27886 3.5849965 9.802394 2.230443 -6.3062434 3.2338603 -15.893302 1.683469 -6.797577 -0.7806027 -13.60326 -6.378641 
-304.32462 97.95334 30.322767 34.62351 7.0096455 28.497776 -28.073748 8.03413 -22.70692 9.175037 -5.8031116 -12.128165 -9.522754 14.059804 -10.756587 2.3511736 -10.438844 4.9848485 -5.300598 -5.565312 
-300.207 147.14098 -9.687317 32.515102 20.288628 13.639888 -5.9970183 -5.8112535 -30.36066 10.276058 3.5946698 -6.132138 -8.127476 6.3303814 -12.292213 -1.2947171 -7.293046 2.6675081 -9.623574 -4.7269197 
-314.4032 159.36278 6.6428866 25.16217 18.966927 3.590215 -2.942154 -1.9050364 -29.674452 -1.1487361 -1.7061228 -2.8266757 -5.202989 3.9639714 -4.383861 1.9512424 -6.426041 -2.9954066 -9.3932905 -0.90368676 
-317.66348 168.16325 9.824547 33.334465 2.3396297 -12.71913 -6.0257397 6.9258485 -29.32647 -2.829983 -4.0903864 -4.1918106 -2.480402 17.089836 -3.3483691 -4.691471 -8.486001 -1.0671037 -12.563484 -3.2011611 
-333.35248 128.068 13.0620575 68.45426 8.984858 -13.863052 7.848875 8.39302 -30.933903 10.824964 -12.259032 -11.254942 0.77002496 1.9422662 -11.8076725 6.5398784 -14.594593 -3.5745964 -9.247334 -2.9553545 
-325.66467 141.31612 -7.9428463 41.65047 19.01006 5.250704 -15.200792 -4.406216 -27.982384 14.333817 3.7981513 -9.029379 -5.39289 17.777395 -5.686063 -3.6870308 -10.362383 1.2956587 -9.515681 -8.669985 
-326.5672 154.92957 -5.1767797 14.325426 6.313445 17.56517 1.8610426 3.9525385 -26.328093 4.8441834 2.9309332 7.0814004 -9.818711 5.991577 -11.246845 0.038181093 -14.676546 2.9762185 -10.487597 -6.710941 
-286.79486 158.46248 8.942989 28.450005 -24.883417 -28.190483 10.309313 2.118566 -23.193977 6.135681 -2.7810607 -8.9067545 1.0244536 12.066494 -9.152817 -3.5603185 -13.6166525 -7.224518 -15.889614 -8.846569 
-342.3762 142.37848 20.395336 30.762068 -4.239014 -2.6975024 -2.3122792 6.947926 -11.776333 9.019117 -8.259888 0.9557225 -3.1996608 4.309567 -7.973074 3.5964208 -8.478542 -0.4312358 -9.4929085 -3.5217671 
-358.97305 121.68631 12.706778 34.109825 12.168518 21.006767 -7.551389 5.2355213 -11.426596 9.520174 -9.663884 -7.299925 -14.495873 6.375353 -6.215454 3.4222443 -7.8954906 2.764115 -3.0331717 -2.2471888 
-368.9692 126.91922 13.258397 32.14232 11.599869 15.64182 -5.493923 6.1942806 -10.396193 11.706844 -10.304072 -5.5059214 -12.708012 5.594739 -8.989639 2.2598202 -8.937354 7.0404673 -1.8395772 -1.8538852 
-376.0709 145.24089 14.843694 42.511944 14.368035 7.6784897 -8.639781 8.789623 -11.334249 5.088676 -6.210562 0.22951561 -9.979026 1.2705913 -4.907636 1.0559841 -10.060566 4.122603 -6.8622723 -2.9428473 
-358.49973 147.97328 18.321222 42.112305 20.597473 11.318449 -5.4904613 8.800722 -15.773997 3.116374 -3.1015265 -3.280818 -18.074364 1.318137 -3.706113 -1.8963708 -10.765688 8.09737 -6.791759 -5.737101 
-362.25067 143.91339 22.839363 42.425087 21.058937 8.555335 -6.7900476 10.842532 -13.948059 2.9541788 -6.454691 -1.594408 -18.68412 2.2958837 -4.6853185 -1.107054 -9.107784 7.2694016 -3.0273976 -2.7633758 
-373.38504 118.29991 22.869164 34.59722 8.595561 12.9700165 -0.79358363 14.700146 -8.67846 8.700695 -17.351551 4.2774854 -9.06587 2.715089 -10.14324 3.7838101 -10.895951 3.4831882 -9.979697 -1.8641849 
-365.005 118.036026 28.124353 22.566149 8.718044 8.512175 -3.0237644 16.264145 -5.9600244 7.5304728 -12.764515 -0.77586895 -13.526555 1.6403624 -10.656318 1.4602951 -11.442034 3.4054174 -6.30289 -0.015231345 
-256.61545 141.18439 -23.802633 41.219086 29.75214 -10.348899 -7.1301093 -8.967175 -43.52153 12.04621 1.3583962 -12.15522 0.22649823 10.334942 -12.677219 -4.2532287 -5.9713225 7.837944 -5.5748396 -6.097128 
-204.76741 125.48434 -37.20521 49.52796 40.10683 -14.3434105 -4.00852 -21.633942 -40.28962 12.84508 8.551303 -26.873556 -8.275314 16.91649 -16.80577 -8.003248 -3.2980628 3.4816844 -2.968467 -2.5631237 
-338.94983 138.58893 7.504838 42.387825 23.21937 -0.578715 -1.6882968 -0.52895004 -17.993475 7.863215 -3.7952662 -12.669247 -12.240299 5.8164296 -4.7199974 -4.620953 -5.998706 5.6719036 -4.2324834 -2.111368 
-392.40225 138.07796 13.273152 37.57661 10.882485 11.701672 -10.433865 8.687557 -11.694773 4.7201147 -14.197573 0.97178257 -9.245328 -0.36816618 -9.987839 1.7079506 -9.37996 2.961303 -9.499399 -5.2542686 
-274.65018 126.03181 -4.1430225 34.48561 25.093777 -2.4422069 -8.614632 -15.325078 -34.06166 7.281851 -1.0327475 -12.785636 -4.1419735 9.768921 -9.817837 -0.42068154 -12.447002 1.0909585 -3.2225947 -8.637151 
-275.01202 173.15994 -6.001528 34.110607 8.109591 -15.87029 2.659921 -12.945988 -43.613785 -5.9312663 -1.5747542 -8.7882395 1.8426427 6.077786 -5.9256964 3.6711948 -2.8366556 0.47362056 -5.0106206 -4.9256024 
-252.38574 77.03311 12.461627 56.623642 10.426044 -1.4026182 -8.088634 -7.2063346 -30.049595 13.213559 -9.104497 -10.389245 -1.5930283 14.109944 -9.197563 0.74626 -4.404366 7.972531 -8.46137 -7.8282003 
-265.74023 111.188194 7.924192 44.152843 22.04586 4.1560206 -18.305185 -19.653053 -26.413767 10.233004 -0.6727114 -12.245576 -3.9830623 18.002605 -6.4893517 -3.7408643 -13.756284 7.012581 -8.058326 -9.697926 
-253.96812 128.82318 7.0312796 27.641584 -4.7467556 3.9397495 -7.442458 -7.445254 -46.713074 3.5030954 7.395897 -8.055072 -0.7072043 21.081411 -16.943596 0.68577796 -7.209526 -4.635648 -16.43192 -5.8350787 
-280.46524 138.4488 -11.553211 39.62615 18.967743 6.6310687 -10.213966 -9.867471 -36.573673 13.869888 3.1624537 -20.859428 -6.016781 18.346199 -7.2705936 -3.227224 -7.4496317 3.558931 -5.4902077 -5.238117 
-299.5575 137.57573 -8.057934 46.098557 23.41198 2.4482994 -5.0505195 -10.435972 -36.486267 8.36539 -0.30653927 -26.964088 -16.163767 16.603836 -10.00896 -4.0208545 -4.987494 1.8574113 -9.752064 0.5627929 
-214.04187 170.05763 -62.848526 20.323124 11.294445 -19.499857 7.6556344 -2.2542925 -44.98099 10.643061 21.69015 -10.529549 -8.064451 11.195809 -19.562334 -2.7000341 -9.003046 -7.850624 -9.615212 -1.9249117 
-278.7456 114.61893 10.858213 43.78977 0.6965996 2.754178 0.8785467 -2.4382753 -33.172348 12.947617 3.2374268 -1.5669032 -5.2522407 12.957381 -9.962921 -0.4468336 -8.617176 0.295354 -11.436888 -5.2725487 
-286.57507 128.28299 6.082828 44.356636 23.092558 7.969475 -15.238649 -15.384698 -28.54309 14.184745 -4.528864 -9.5529785 -4.185708 16.160294 -3.1974578 -1.4675355 -8.989738 10.457213 -13.920417 -10.572355 
-304.89035 152.21243 10.815083 34.79059 1.9000247 -6.633589 0.49492788 0.23998173 -34.690056 10.9354315 7.6157084 -0.3677009 4.614771 11.22128 -11.225422 1.2653636 -4.900795 -2.4496157 -12.870375 -1.509034 
-291.90067 153.84894 -10.504449 35.038265 18.343979 -8.668354 -13.35743 -14.879249 -30.994507 6.736711 3.959651 -8.493605 -4.2414947 12.028834 -5.6389856 1.0973548 -10.006206 -3.0717914 -3.976752 -7.212955 
-333.66974 143.36237 10.990575 38.54566 15.157438 -2.4051201 -11.068789 4.1389437 -20.408127 5.07699 0.7851767 -7.3495812 -10.092856 8.48196 -6.7267437 -3.477407 -9.929911 1.3151149 -10.561943 -6.4967337 
-281.52454 127.798256 20.459938 27.223347 -0.65728736 8.470064 -1.3610628 -2.773442 -44.515133 3.0839548 -3.469325 -1.5169474 -1.1558629 12.968596 -16.922937 -2.5213563 -4.3240433 -2.5826604 -8.771694 -1.7256961 
-308.5729 142.5553 -1.2386191 28.285486 19.390175 5.0013423 -21.240412 -3.8034678 -20.91913 5.4479885 -6.4926715 3.0096767 -4.6401534 8.383 -9.589376 -1.2449231 -1.5658859 3.3958812 -10.608273 -5.1616263 
-294.4057 85.9019 52.02852 25.842552 8.611713 27.231127 -18.17663 7.203381 -27.713951 0.49345338 -10.24356 -5.0015283 -8.284527 7.402132 -10.444011 9.979916 -8.522893 3.2080874 -8.14388 -2.1236167 
-294.9726 148.43541 -13.804917 15.672709 8.9921665 20.747839 -12.652456 -4.686932 -39.672672 6.9137836 6.614473 -0.45677343 -7.7447305 5.26823 -16.719166 -0.28517246 -10.353717 2.0837033 -10.887502 -6.789267 
-297.7092 108.99433 23.227303 34.363487 15.93709 20.90985 -24.393541 0.655662 -24.37393 4.9499226 0.6236391 -19.211079 -13.873456 15.793425 -12.917561 -3.2416515 -6.7296886 8.282581 -8.368246 -7.660239 
-272.76938 126.22965 -19.67199 65.33187 27.949366 -10.284933 -9.227078 -2.9226077 -28.504025 6.4171715 -8.266446 -24.020275 -1.7921423 18.082727 -17.355423 -4.5172358 4.107848 4.1148367 -11.428405 -5.2583957 
-249.80908 159.57597 -40.647873 35.49879 29.270088 -9.256064 -4.6391377 -11.553356 -45.516476 3.5493698 7.9068537 -4.954434 2.4466975 7.135682 -11.906216 1.734929 -8.236793 -2.0504978 -6.6463714 -6.5540023 
-299.97467 153.544 -10.031483 31.965319 26.612837 0.6880967 -15.475657 -12.794988 -29.02784 15.822483 10.103672 -1.2297347 -5.662679 11.970135 -8.25855 -11.302285 -12.479172 3.1279166 -7.0652137 -5.4106417 
-304.02728 132.43607 8.592732 45.615063 17.674274 5.6701245 -19.275017 -7.4990444 -28.347147 8.582769 -2.1509905 -14.774746 -8.810359 21.946314 -11.524098 -6.769066 -11.280626 2.8497064 -7.4180317 -3.0945692 
-279.29703 114.23097 23.383724 26.136475 16.375158 8.914214 -13.02634 3.3512208 -45.518417 11.665075 0.84558403 -5.5136623 -6.4869413 16.425436 -11.835229 3.1269329 -7.240849 2.9605942 -7.6923957 -5.80608 
-281.5572 115.31253 -6.9453163 22.497808 16.648766 15.697035 -15.58827 -12.914481 -20.858227 12.247585 -9.145262 1.0992092 -9.07457 15.473487 -7.5659976 -2.5402484 -8.54377 1.8548336 -7.4270687 -6.7410145 
-297.43588 153.1793 -11.350579 40.35469 18.478912 -4.888394 -3.4889836 -15.696865 -50.807903 2.012485 1.5672053 -1.7004453 -5.7819996 8.476688 -9.688847 3.4498403 -2.9273682 1.3976932 -10.757985 -7.9999824 
-284.58743 126.30516 -13.164768 67.51767 28.945814 -15.2179985 -9.860689 6.1981397 -35.019455 3.1001718 -13.463206 -9.013293 6.2016096 12.350264 -13.577175 9.425193 -0.4292292 -1.3615543 -8.620844 -1.458268 
-273.53024 153.94684 -30.95382 38.251755 31.063124 -1.7791144 -23.569078 -13.152025 -29.533749 13.427723 4.218883 -11.485104 -3.1010294 21.74634 -10.217636 -16.413877 -7.985662 1.338469 -12.076218 -7.5700054 
-292.19885 143.77426 4.1764855 37.485424 15.138053 -3.1361837 -4.306426 -5.955 -34.867603 3.0535479 -1.7654979 -16.822433 -8.4431505 15.238663 -8.073879 -0.7235855 0.19332282 2.6618967 -10.484653 -4.4939036 
-251.20746 146.80276 -36.56768 47.841496 36.627472 -16.241346 -11.178333 -8.139704 -36.624092 2.4926867 -2.9537706 -11.087529 6.651601 11.418684 -5.8399816 1.9367853 -2.0290482 -3.714867 -4.1655617 -13.8107605 
-232.9873 66.682144 37.790318 27.562376 2.4011497 26.645094 -31.311737 1.7727114 -40.200874 4.118446 12.170313 -2.6733534 -3.7600412 14.395054 -10.74206 6.766703 -8.054821 2.5487807 -13.301683 -3.1882424 
-294.67828 146.36534 -5.43563 17.946232 7.3436728 15.271086 -6.0736847 -5.1510854 -34.054157 3.3378367 10.069135 4.176804 -7.0434775 4.392361 -11.448433 2.1169941 -8.319572 -2.49886 -11.398619 -5.1482596 
-317.14145 155.23064 -6.462395 34.9373 22.320595 4.187923 -12.768212 -3.7730107 -29.155155 2.3525963 1.1856033 -2.4327054 -8.575041 12.836892 -4.6797657 -0.951185 -7.034619 -1.3396966 -13.456417 -5.310028 
-259.28082 163.6205 -57.08518 26.641518 23.226875 3.1887217 1.179945 -2.5905728 -36.266434 12.757431 20.93821 -4.263416 -7.121404 7.140746 -12.129983 -1.3849214 -4.360061 -4.7709885 -14.05671 -4.4894047 
-345.69568 146.85046 -0.14046744 36.829086 7.628969 2.2207968 2.9449067 10.681636 -20.802109 2.9335492 -0.5101701 -3.9222631 -3.0837545 6.604619 -10.667477 -5.4253635 -7.387847 -2.585523 -7.2243433 -3.7575352 
-376.66074 130.31456 11.365522 39.30422 11.406581 16.469284 -9.474432 13.42715 -8.555977 6.2624226 -13.176565 -6.403617 -11.165652 2.6317327 -11.284337 0.8908806 -12.16367 -1.4137684 -9.4424095 -4.2853265 
-338.53586 90.299164 22.262815 50.71123 1.7546495 12.764832 -2.6949484 15.130916 -12.551934 10.26613 -15.797265 -3.7293668 -9.153441 4.77667 -13.454676 5.6804943 -4.782321 3.2949266 -9.961992 -5.298973 
-248.3598 100.23671 6.8119593 56.98249 16.284904 11.598284 -28.059875 -8.707786 -26.719656 7.9080634 -6.4633985 -7.269697 -1.6134902 24.475151 -8.1802635 -3.6871915 -0.60974586 5.6339602 -9.451812 -8.305247 
-254.38509 111.06159 14.654652 37.21288 -4.887003 14.919057 -17.867134 -7.8997073 -32.61463 7.284876 10.571158 -6.5315456 -8.361662 19.537756 -13.920278 -0.93113667 -3.2048345 -2.9962168 -9.891505 -4.4865303 
-307.32578 153.68245 6.811393 32.28829 6.2117033 -8.504495 -7.7860456 -0.22133616 -24.36187 8.115145 1.5920055 -0.26300132 -3.0070515 6.628197 -8.432406 -1.5115172 -5.6843305 1.4461293 -8.387306 -4.86441 
-309.5509 145.928 7.9483895 27.238777 14.082431 -1.5283741 -0.05474207 -2.2179575 -34.499958 -1.8282547 2.571437 0.5386735 -1.3711972 3.1018872 -11.07163 3.0385501 -4.9204874 3.0372214 -8.662015 -6.538998 
-335.22614 144.28456 35.201206 35.72844 -2.5580678 -10.375773 -11.335841 4.8794417 -21.410086 5.33444 -6.3437643 0.023779444 -4.75863 13.076006 -9.553717 -2.6368754 -8.388066 -1.6440105 -17.05151 -4.404338 
-353.6737 132.37267 38.103806 30.991861 16.298082 7.1402917 -12.029447 0.49384785 -19.96288 0.030310472 -13.796779 1.5607295 -7.2626286 0.15912914 -7.8756504 0.8894768 -11.241255 -0.57639205 -11.368343 -2.2328901 
-316.65652 127.05741 -0.39342022 26.95168 27.737627 14.767507 -28.178448 7.296329 -17.297651 13.379193 -5.1205697 -1.9269559 -10.076722 13.71462 -10.83536 -6.584231 -12.979252 6.3236933 -7.140669 -7.862964 
-324.11282 144.67442 -3.0990822 31.486092 25.168165 4.1527267 -16.662598 -8.315347 -22.346521 7.6707315 -4.6664147 3.3425543 -5.0082912 8.895167 -8.068104 1.4319316 -10.755688 0.9422052 -6.0029345 -7.514284 
-290.8502 152.54254 -6.0833006 41.698288 18.481089 -9.836208 -4.7078257 -11.376879 -36.969345 7.9818945 11.451074 -7.661611 -4.0238585 15.265507 -5.6846843 -5.7167277 -5.6779027 1.4558036 -9.808208 -7.32945 
-341.5627 151.37355 26.763763 31.649214 2.9301329 -6.5225244 -10.873265 4.374801 -17.429977 -0.9336037 -4.843254 -1.2746983 -2.6821184 10.188595 -4.195919 0.8252008 -7.8494587 -0.39063054 -11.012638 -1.692181 
-338.06042 135.67024 9.221385 36.13601 11.835339 2.4385164 -6.850167 2.575718 -25.47866 5.224909 -9.4913025 -1.0254921 -1.7061114 3.39196 -10.666584 4.9843674 -6.582105 -3.928725 -8.165445 -2.2183785 
-372.98248 129.0549 23.741316 39.625656 11.500684 9.610864 -3.6593883 8.821911 -10.781639 6.3976994 -14.82913 -3.049172 -9.924366 -3.898855 -9.388134 6.708732 -9.737179 -0.35284808 -4.574477 -1.6947616 
-382.86285 128.21384 18.700203 34.12275 11.887329 13.061888 -4.431864 14.753139 -8.104543 5.95422 -12.481297 1.2645162 -10.747927 0.38826355 -8.684902 3.7145548 -6.934511 4.676892 -6.1384134 -1.7736652 
-392.32364 131.34119 22.732399 38.570644 16.393467 13.318828 -6.838159 7.473498 -9.476906 5.167371 -13.1306505 -1.9183173 -11.612233 1.1164888 -5.6257534 8.564239 -9.192023 5.0283237 -4.7435317 0.23433435 
