-310.0327 121.46075 25.156796 35.44374 13.946603 9.647721 -13.228323 -19.77634 -35.384716 16.583326 -13.79238 6.710668 -3.3325102 -3.060008 -1.7855121 6.939756 -12.459523 -1.868835 -3.8587701 -9.842263 
-274.58066 140.03082 9.759274 33.138535 20.589996 12.117565 -25.928764 -35.302822 -45.769367 9.423909 -19.332048 8.445331 -5.22254 -13.846324 0.113557406 7.7101965 -13.751438 8.070452 -11.545656 -0.8745209 
-268.97202 144.45567 22.534185 29.199537 -32.518574 -4.586689 7.6126175 -21.30477 -35.914726 12.815823 -21.870918 22.19636 8.4994335 1.444203 -14.106477 -5.3204513 -16.201204 -1.1672941 -10.590964 0.64563346 
-302.3075 118.58173 30.177378 30.655296 -0.5478654 10.090755 -7.248739 -21.183792 -36.73096 13.59984 -12.043656 7.2768455 -5.4012747 -4.0280204 -12.70362 3.5242348 -8.584179 -1.2200612 -12.979206 2.9571016 
-283.28653 88.78278 35.430565 21.182983 1.2926841 12.608829 -18.930368 -5.8851156 -25.951838 13.806736 -10.303811 4.6497273 1.3396794 0.40975088 -11.245033 7.0164003 -9.977918 4.6304464 -11.231075 1.0256696 
-272.31985 62.091537 33.000256 51.13766 19.385643 13.093322 -20.272118 -1.5926888 -24.40609 17.328487 -28.679762 -8.138714 2.3561678 7.7207403 -20.929148 4.266044 -11.515186 4.843724 -7.531967 -12.836949 
-276.7385 64.76785 42.985165 39.60812 10.796778 19.265297 -11.775258 -14.327696 -27.795895 21.714611 -29.42123 -3.3523486 -6.5799475 -0.27974346 -9.0225935 5.613085 -14.963323 5.252554 -6.1606226 -0.21650246 
-278.58282 52.34969 54.5027 41.684307 1.607612 22.316418 -12.423876 -12.170533 -26.148712 18.428383 -22.986517 0.5542819 -9.0058365 -0.56324846 -9.59612 3.9047818 -15.211968 5.1724997 -6.310876 1.3664845 
-309.488 119.0173 18.067635 50.019924 18.929884 13.584983 -6.944401 -25.252512 -29.96562 21.620148 -34.209126 -6.5249944 -11.18092 -7.0914383 -1.3568295 -6.7928395 -17.669594 7.070382 -6.55119 -4.0176826 
-333.57562 147.41516 16.319681 48.606476 27.35994 2.0308938 -14.301315 -8.306444 -24.814009 11.623203 -24.42135 -5.8714666 5.089287 -6.412423 -10.274364 7.914591 -7.7614584 -3.6172535 -6.761582 -5.991132 
-327.23795 171.3338 16.48693 38.060684 4.955381 3.8477008 1.9258819 -20.699966 -37.10564 8.09788 -15.342307 12.633874 10.434568 -15.995109 -1.9127786 5.717757 -10.134809 1.071827 -9.83261 -12.887323 
-314.86612 161.84102 -5.2449746 29.600542 9.32862 5.7348533 -4.8579345 -6.981331 -17.777115 8.633124 -17.241386 12.869846 0.44278342 -15.42483 -11.419813 0.63458186 -18.759396 -7.37729 -3.8906224 -4.676094 
-314.14325 152.34468 14.367787 47.978146 20.461155 -5.45196 -6.4984627 -6.5273786 -18.731468 19.523275 -17.701777 -8.979664 4.843951 -1.0460125 -10.901315 1.7819505 -9.058536 -10.072832 -5.3245883 -9.474437 
-287.8612 81.33136 37.65928 44.772873 7.0295396 6.919569 -2.8082962 0.23510997 -29.567562 20.348324 -20.207434 -4.6473494 -3.759636 2.6167665 -14.727668 9.605055 -10.634184 -1.0788519 -8.673456 -7.747518 
-309.3019 102.49149 42.295166 37.543156 4.3369217 -4.053268 2.1774778 -4.3217416 -48.602173 8.172578 -25.877707 -4.380457 1.9130579 5.1347637 -17.528961 7.387375 -7.4645257 -1.8162227 -9.356661 -4.3426085 
-333.58063 155.15356 4.043512 39.960945 -9.087093 -7.9218717 12.694776 -17.506945 -47.396236 15.209211 -13.002608 15.61455 15.567595 -9.74154 -15.464079 3.7849689 -15.658412 9.425915 -6.900748 -4.475449 
-331.83658 79.866844 38.25529 42.53771 -9.438164 -4.8902307 0.6140885 -0.059287045 -25.808374 28.26239 -14.082372 0.98374486 8.839007 6.8006186 -11.652856 12.441225 -14.814592 -3.0009058 -8.545023 1.6574783 
-389.56122 122.546036 27.800259 36.518143 14.055568 14.226301 -4.4146023 3.653552 -22.154245 14.160538 -17.161594 2.6733818 -8.621345 -2.2605762 -10.451817 10.22702 -10.74044 1.4291261 -13.08324 -0.9024398 
-414.68182 129.20833 15.538191 35.65526 11.581312 14.361538 -4.5504603 5.5235434 -10.906483 14.400765 -13.487055 3.5204494 -3.1160648 2.976724 -5.97764 8.725307 -13.759048 -1.1655473 -8.519923 -2.1639357 
-417.99292 134.50345 13.613946 34.014175 14.981871 12.468296 -3.223986 9.143522 -11.105464 7.9932885 -10.473644 3.0535567 -5.6159115 -0.3414453 -9.7519655 5.523814 -9.384255 3.4996314 -9.281618 -3.1574101 
-308.26794 57.03546 53.7632 34.067387 3.1659784 21.761501 -6.9712014 -4.5943027 -27.694637 17.175 -19.427645 -1.0163844 -10.347346 -0.20458001 -16.273766 13.186719 -14.5306635 -1.3403157 -9.272865 -2.9040017 
-322.2091 137.95024 30.66846 44.295155 14.189669 0.24458091 -8.390427 -9.145971 -25.071634 5.0464363 -27.795158 -3.600864 -3.4041867 -5.253422 -1.2691594 3.5263433 -15.63531 -0.40794924 -6.6742306 -10.421101 
-327.0457 127.36004 22.43491 67.8815 29.5464 -11.452735 -8.287863 9.877662 -32.90794 11.937584 -23.7 -18.020164 10.819607 -3.3756652 -24.23767 7.3820243 0.56260616 -13.97694 -4.333483 -6.10873 
-290.3852 132.13818 -0.40987197 38.97963 5.5497317 -9.125446 -11.135103 -0.2866019 -28.77575 10.718618 -20.238575 9.127254 10.086619 -3.5043461 -12.752753 5.3241053 -9.181318 -0.99273765 -7.0251637 -5.8247614 
-331.43042 153.8446 6.9144583 3.406901 -15.991041 -2.8964834 -6.372045 -3.079696 -11.379574 6.7467084 -11.015155 19.43173 1.3727343 -9.213859 -16.126915 -5.918377 -12.51955 -0.1897825 -4.1774945 4.118059 
-317.47864 153.64952 2.2936668 25.557102 5.8869166 8.0476465 -10.176798 -3.080629 -17.942186 1.4963155 -11.548507 12.801034 -10.640648 -16.289799 -4.3922415 5.1044803 -8.910142 -1.6921375 -9.72344 -3.9833205 
-422.78418 135.7874 12.191167 34.30196 14.818756 14.813137 -6.8441057 10.719357 -12.851872 7.288264 -11.475774 1.6223531 -7.1968994 -1.3281966 -9.433278 4.201638 -7.0405064 5.634156 -10.251369 0.8035731 
-284.59424 148.31976 -3.1018922 12.754776 4.8990445 6.8801656 -14.531416 -10.576331 -28.229128 13.857025 -7.2587986 16.77213 -9.275101 -10.027697 -7.480645 -4.545593 -15.128374 -2.14168 -10.350058 1.656308 
-321.87238 125.05045 41.26011 33.86155 10.7729 6.3370676 -7.417729 -0.95298374 -27.118696 4.440926 -20.904749 -3.3940866 -0.9866901 -5.023551 -14.298137 7.8668766 -10.951282 -2.532712 -5.4809976 -4.592233 
-290.09915 103.268585 42.17995 29.542494 4.41971 4.713818 -9.789244 -0.018692123 -32.331535 3.490565 -22.388481 -0.15020874 1.2691315 -2.619298 -10.103574 6.5026417 -8.324802 1.7270238 -6.5144253 -2.4490952 
-297.7478 163.80614 2.2984526 20.425108 2.2792778 -0.55269283 -7.436796 -10.350712 -21.142086 8.813173 -9.053232 16.358135 5.942139 -12.176052 -15.338881 -1.6005713 -13.780282 -1.1212488 -3.4134376 -2.8174274 
-325.5828 159.40094 16.89493 35.28152 16.354525 6.8962803 -8.372009 -19.445765 -32.215286 4.044426 -3.0170841 5.263102 -3.7960248 -11.41932 -10.9429 5.0042305 -14.4825945 -8.458609 -7.3485513 -10.41909 
-316.1991 107.53364 33.095898 31.140581 5.149269 9.706103 -6.243576 -6.1893597 -32.25544 9.157764 -18.599943 1.8415415 -2.5241044 -1.2369876 -8.851976 10.094903 -6.7645926 0.94944423 -5.2162786 -4.343227 
-303.5468 158.85106 15.381269 13.778558 -9.299006 -4.746204 6.6575327 0.1593681 -22.746983 11.545766 -13.173282 14.099498 3.7405696 -0.12741555 -13.533541 -5.409981 -17.086946 1.805308 -5.3727136 4.1727653 
-318.2558 150.95442 1.1450424 20.364174 5.6427326 6.9954934 -4.0812826 -5.9553347 -22.760277 13.737492 -6.08501 18.380505 -2.36404 -6.482123 -6.9359303 1.4767762 -11.202236 0.19712347 -8.738589 -1.7287921 
-335.91162 53.423286 58.12616 30.923563 -0.51275164 29.447762 -15.150157 6.733758 -15.189019 15.240287 -20.076 8.869071 -9.886261 6.440891 -15.692727 8.283363 -10.27812 1.4565037 -11.409373 -0.7134383 
-358.38638 127.29794 23.228327 50.89839 23.547157 -3.470849 -8.273096 9.932819 -26.339586 7.6587906 -21.502752 -5.3427715 1.2058736 11.419483 -20.04614 5.9902444 -2.3210218 -1.899107 -12.600656 -4.1920805 
-348.64566 131.4465 4.8213835 54.972027 40.033695 -3.803897 -17.32029 1.7275838 -30.852499 7.6306686 -29.030252 -9.358611 4.192297 1.7987376 -19.960188 10.172616 -4.8151407 -9.316365 -3.2109938 0.2278639 
-361.60663 150.64061 -4.684143 45.49245 46.5147 3.0425503 -28.584538 -9.85956 -20.974852 7.3514285 -28.743422 -11.434204 -2.2949522 4.733301 -12.0135765 7.711005 1.5414091 -4.2559166 -1.6376349 0.8801196 
-329.55045 70.545525 35.81868 45.859962 18.67208 5.7252293 -6.5182977 13.724714 -25.184591 17.80505 -20.310617 -3.9175653 -6.468982 5.1463947 -12.411586 8.826726 -6.2202625 2.8129928 -5.7980914 0.49121767 
-352.97604 119.00152 29.280375 44.29107 14.478631 -3.0677657 -6.1906734 9.80635 -35.953957 16.93333 -21.496918 -0.09015555 -3.9020276 3.731272 -14.003556 5.947386 -7.733524 -0.2574269 -6.3579807 0.36596498 
-406.65222 140.50822 13.16428 35.998837 8.565377 11.099245 -7.7447486 1.7140754 -17.062027 6.4396086 -9.232547 4.346851 -2.9038348 1.9915627 -5.9843826 6.2774806 -6.4725113 2.1516812 -8.033911 -2.8250806 
-399.29684 126.15157 12.051708 32.482475 10.887645 19.798412 -6.8483806 3.3912535 -13.953685 13.545688 -5.4339232 0.71782154 -6.657098 0.40423808 -6.724959 5.7428355 -9.762316 3.2670238 -9.561784 -4.0543885 
-270.57922 117.281334 3.6179898 17.612026 2.1794865 7.8136587 -18.496819 -7.9475827 -28.390602 9.694093 -3.1367435 12.883793 6.79816 -3.3197463 -18.409954 6.734983 -17.20828 -5.7562175 -2.7128942 -3.2381635 
-305.84354 163.01791 21.830076 28.106834 -6.151051 -6.7308445 -2.6774478 -4.972703 -29.238556 -8.0553875 -22.904371 2.929414 3.966022 -0.18811035 -1.3843031 0.19930924 -11.627249 -0.56871724 -7.352661 -9.188601 
-294.92123 161.23773 9.6672535 32.844803 26.548304 -1.3751556 -13.359064 -13.438288 -30.330637 7.331035 -19.6343 6.4180374 2.0070887 -9.35951 -3.7390442 5.0437183 -16.812126 -7.624149 -7.986422 -9.306138 
-316.80826 173.55884 25.874723 32.639294 -14.671901 -16.691566 -0.36938608 -5.6547003 -24.401636 11.514253 -24.692741 6.41328 11.915613 -4.746122 1.6581206 1.2460651 -17.704538 -1.3893166 -11.993649 -6.816367 
-259.62292 122.12203 25.209833 19.91626 -16.292597 -4.085893 -4.893254 -6.4223924 -40.20234 14.206443 -15.572479 12.794941 13.837026 5.0108895 -19.272202 0.1749522 -20.096588 1.5749975 -9.605137 1.8861794 
-274.11758 160.50711 -6.8950505 11.1180105 -12.128719 -10.879223 2.8560803 -6.959871 -20.66412 18.024282 -16.432777 25.2467 -0.59073114 -9.992023 -11.196847 -6.9673605 -16.493155 0.051315945 -14.640438 1.1578901 
-319.06393 154.38153 14.785526 38.89592 21.581583 0.5046302 -15.821886 -15.34799 -26.006035 9.71274 -16.543373 -6.509804 -3.2124357 -2.5745811 -11.022243 0.841975 -3.7395604 -0.4543423 -7.1427045 -4.2021585 
-299.33917 157.56187 11.67836 36.89897 25.533659 0.9789275 -2.4525175 -19.894495 -43.529495 14.530894 -18.61093 4.1813965 4.264423 -14.48206 -5.2043376 18.465414 -9.390137 3.7254088 -1.2307715 -11.857309 
-332.7426 73.85235 50.171062 31.508802 7.9102054 25.213572 -8.899555 0.2148179 -16.046381 8.40904 -14.05138 3.7921147 -13.4174385 -2.743291 -11.952425 10.147205 -10.697713 -1.4227251 -6.5684757 -3.5664766 
-325.86725 115.52553 35.862415 51.337105 28.201027 7.1244373 -11.646834 -3.8190227 -23.391533 13.052084 -25.333683 -7.767411 -6.899129 2.480779 -16.202278 2.5844069 -12.550574 -3.707512 -4.813205 -10.256031 
-301.35217 153.04254 17.52393 29.952288 0.03750022 -4.2869735 4.393194 -2.9182363 -31.74796 9.243061 -14.84387 12.585966 9.292151 -1.102675 -10.283078 -2.8958466 -9.112262 -4.223139 -3.8941908 -5.2633224 
-311.4018 179.75732 9.297902 16.78025 -3.1592212 -1.5278568 -6.8881392 1.8979961 -8.53052 1.5324667 -11.360514 15.150694 -4.430912 -9.852573 -10.20087 -5.040847 -14.190196 -3.8412488 -7.033727 1.7159774 
-326.68515 158.32971 10.517913 32.903397 27.698908 11.671398 -17.437157 -10.731201 -20.905338 9.28627 -17.964146 5.9929485 -0.1141315 -6.683723 -4.1327786 5.585689 -10.704563 -10.905809 -7.007893 -5.0893307 
-307.98062 124.94648 25.370321 40.397266 15.0752 2.7599676 -6.100689 -6.0939054 -28.464125 10.51038 -15.55787 0.4298237 2.2448497 -2.8014874 -4.2707205 10.852238 -12.17293 -7.0320907 -3.46155 -6.3182163 
-345.13675 140.8598 30.267778 36.291245 10.462939 2.8738832 -9.426401 1.5565042 -27.269922 1.1974523 -17.455936 -2.8300323 0.70685303 2.283619 -11.604164 5.903409 -5.33236 -0.3230309 -4.27575 -1.0286986 
-267.5779 23.225273 46.868782 49.911 3.447734 16.88322 -9.071906 0.83956486 -23.901443 27.37895 -26.625376 -5.823895 2.7729895 3.665944 -16.936026 9.838496 -7.9885483 5.6781225 -6.912901 -5.283473 
-396.35623 120.72163 25.955923 35.75626 13.730526 11.930673 -9.184686 10.59812 -13.501272 8.264974 -17.858309 4.8752117 -4.567946 1.2933478 -6.6907067 5.1783466 -6.640166 6.6961956 -9.918604 -1.9465667 
-426.88187 132.80428 14.14143 32.18664 11.426501 11.684257 -5.6499033 12.256961 -7.8629923 10.354908 -8.642744 4.968801 -6.4985437 0.46770298 -9.427868 4.074575 -6.421581 5.380318 -9.707692 -2.8266017 
-329.96588 82.214 50.74943 37.49197 7.461211 20.16904 -7.104939 3.7084682 -27.740448 16.681953 -21.297735 3.4482486 -7.2742133 -1.4423686 -8.31599 10.684422 -10.360928 4.1471577 -5.6071486 -0.77193195 
-287.324 96.15456 24.73603 51.77329 27.352346 19.106192 -20.670515 -12.3327465 -30.801155 16.633282 -28.015663 -8.531388 -6.2420273 8.590115 -5.077132 7.855447 -14.547887 3.563844 0.462683 -2.3112123 
-279.16895 100.33093 18.274883 34.50267 14.488273 17.551895 -17.52376 -9.459045 -26.53221 9.191718 -15.779219 -1.1261321 -3.476874 3.8611155 -6.2697034 13.899314 -5.8723416 0.59245926 -7.7475314 2.9938986 
-368.49237 151.75543 9.200238 37.74942 27.814117 6.68815 -11.552638 -1.553287 -24.96054 4.362162 -13.242382 -0.7450782 -4.4614773 1.0513482 -10.2887535 10.936295 -0.16868919 4.8253703 -7.317411 1.7159925 
-328.7551 79.39772 27.311663 47.590866 23.601154 4.5782404 -13.091614 6.0115533 -29.992981 17.24821 -24.815884 -10.0498905 -11.144428 4.576768 -11.920411 4.714345 -6.4308066 6.486824 -8.194794 2.6037798 
-414.76828 144.42265 11.143074 38.28105 17.366314 7.9542313 -10.810631 1.9145766 -18.642668 10.546755 -11.727525 -0.21769387 -5.0132217 1.5214591 -3.682562 8.111884 -6.110501 0.673416 -7.2624784 0.7481045 
-428.50815 142.68642 13.68925 34.70377 13.071474 8.232594 -10.935226 9.866808 -10.67241 9.71902 -7.1128793 4.093538 -3.4083219 -0.19592725 -7.285508 5.088944 -9.214041 3.8565712 -5.106922 -0.46410152 
-321.0337 98.16556 31.187325 41.70178 8.378975 9.284188 -1.2962965 -11.803913 -34.98666 19.449085 -19.038246 -1.5816809 -7.3512726 -5.609809 -9.770219 13.069722 -15.110857 -0.6874835 -6.2226067 -3.526289 
-349.5071 119.68591 13.07389 33.809788 6.944116 17.91226 -9.151932 -3.811495 -18.837694 10.457192 -8.673229 -3.8510454 -5.84401 6.496922 -6.845125 9.617228 -5.495149 1.3421979 -1.553216 0.17060195 
-365.62482 134.78152 12.663682 34.78155 8.149647 14.099175 -3.9277818 -10.320723 -27.576962 6.746965 -4.6560135 3.9698067 -1.6577228 -5.701714 -5.8455377 8.624686 -6.334829 -2.3402464 -9.03684 -4.269029 
-250.40375 108.711334 18.148586 14.453646 5.325033 13.660302 -23.135817 -16.928009 -28.662733 14.9775305 -10.848576 5.590933 -0.89496464 -3.6256857 -13.457188 4.559065 -12.930351 2.4308102 -2.0226264 -1.1994582 
-270.26605 100.388855 32.718983 23.052652 -0.10475731 18.878569 -25.60783 -16.957193 -24.00044 6.9629145 -13.511974 0.17874438 -3.4537292 -3.8140907 -10.056332 3.3096323 -13.749189 -0.52778745 -2.8396306 -2.863719 
-340.1532 149.8532 20.686487 33.85093 21.609331 10.270101 -12.454133 -17.866285 -30.897251 4.5910907 -15.523122 -1.4729652 -2.306209 -7.0220485 -1.8215784 12.004993 -11.324189 -1.3303828 2.7642996 -1.2862763 
-249.9646 170.83269 -25.25671 -10.195624 -2.266803 0.07735952 -15.595638 -9.093573 -29.239525 22.845903 -7.568529 23.781939 2.036355 -20.693624 -13.309428 0.6428659 -10.259068 9.440535 -15.19495 12.635679 
-308.61743 181.91734 6.184725 9.502506 -18.116535 -9.635408 -0.23145348 -4.4157686 -31.169718 8.140446 -5.4635906 18.409887 8.194608 -2.8727634 -12.918624 -4.867258 -18.23487 -0.05539767 -10.294268 -0.53854895 
-344.93106 173.86331 26.425045 42.26751 -25.328766 -27.03753 1.773933 -11.133945 -31.772434 9.936544 -20.510923 1.2480134 18.304056 5.3903823 -3.9818857 10.471592 -14.115809 -5.5934777 -7.8411355 -6.023376 
-332.96396 52.42442 43.931118 41.24709 -5.392578 14.73112 -2.96958 1.5931499 -23.79626 21.254416 -22.128069 -2.261655 0.046944723 3.247239 -12.410909 14.023122 -11.896369 -0.40741947 -7.428533 -4.8890142 
-360.27808 142.68138 19.90432 42.563362 6.975155 7.3516116 -0.79077464 -14.679103 -39.236416 12.019367 -12.215349 5.9933124 -2.3112714 -9.367251 -10.871296 12.867352 -11.121267 0.16618326 -10.160464 -1.8006477 
-417.99985 139.4656 12.465641 32.05941 11.093823 12.332151 -6.84606 8.2410755 -13.427906 6.374811 -10.705399 1.6078081 -6.4412556 0.008368175 -5.5466156 5.0466137 -10.398772 1.8823066 -9.100567 -5.761633 
-413.64706 135.33676 21.005281 34.413742 8.693937 13.682995 -10.802839 13.877856 -10.2635 2.6502001 -9.406689 0.6207744 -3.6855485 0.3498068 -10.879926 6.4340954 -8.93894 2.9916315 -6.894049 -1.5514356 
-373.86728 94.27218 37.90764 33.536575 7.0060325 16.917946 -13.198626 9.071118 -13.960704 6.4362965 -11.534019 -3.8093088 -5.40826 -0.6499682 -13.951498 8.62055 -8.775071 -1.3338087 -7.495913 -5.4230103 
-309.4845 144.04344 13.242858 37.596756 19.760252 3.4097369 -13.375125 -18.856655 -33.81084 14.897705 -14.477651 0.66908157 1.0234135 -5.8563113 -2.1702251 6.5730233 -17.692863 -6.08821 -13.176151 -8.250189 
-303.7856 142.23729 20.540976 23.212751 4.170624 10.634997 -10.676943 -10.696587 -24.657549 14.562084 -7.359263 16.426805 -0.1785387 -12.049335 -6.6892233 -1.4580797 -13.390805 -5.277544 -13.507596 -7.720904 
-294.65433 170.55017 5.470012 14.745701 -6.36751 -7.4295983 -3.2451823 2.2024143 -15.16666 5.6214485 -16.152153 18.054743 -0.93471974 -15.392654 -6.1035023 -8.870629 -20.259283 -3.1783051 -13.332128 -13.157043 
-366.34656 164.90332 23.48034 38.658237 13.838182 5.907771 -0.014836258 6.763014 -17.432594 -10.830952 -14.044755 2.1410484 -6.8701215 -4.6119537 -6.482857 -4.3220425 -8.316593 -2.4506102 -12.191532 -12.021885 
-405.21024 139.45514 23.533735 36.529854 16.932997 9.208635 -5.0484385 9.459322 -10.064911 4.3019543 -17.271488 0.13454634 -5.960603 -2.1370685 -10.0455475 4.709221 -4.7907004 4.6808352 -7.5226245 -4.005165 
-323.85367 148.11287 5.7422347 34.943222 15.556353 -7.3460455 -10.903154 -8.044765 -21.903507 0.8772082 -21.170517 7.957256 5.088531 -9.026288 -16.273153 4.951099 -10.14723 -0.99834454 -9.645046 -1.8772581 
-287.36462 160.05894 4.0547657 17.453848 -3.5571518 -6.885393 -10.408057 -14.124561 -19.821938 16.363121 -11.231023 17.601004 -1.1926292 -6.8496103 -2.5360613 -2.2270422 -16.984194 -7.6905155 -14.571152 -4.88298 
-304.32675 152.12965 7.1510806 25.193779 20.441721 1.5405288 -19.729858 -14.363449 -33.09511 4.924005 -18.33461 0.24155924 6.3905554 -3.0736566 -8.514979 11.216361 -15.800171 -3.2710562 -1.339827 2.2829504 
-317.88785 166.06659 16.525133 30.956268 -4.3540745 -19.570704 3.220862 -13.176463 -37.918167 2.1967409 -21.86042 6.2057266 11.711999 0.62143373 -2.8680892 15.2009325 -11.642562 -4.315088 -7.2081046 -7.1400476 
-373.0925 136.0495 18.31603 47.53569 21.755764 2.0575948 -10.172019 2.6325734 -24.231033 9.546385 -23.775867 -8.849745 1.7914119 1.6905129 -15.634328 8.634335 -6.598779 -1.0733609 -8.014553 -6.4953966 
-279.0046 161.02676 -7.321374 22.970278 5.8813167 -7.0507274 -15.736919 -15.21109 -28.388296 20.93554 -17.554583 15.0174675 10.963775 -9.015205 -12.216809 -4.173086 -16.930025 4.180916 -8.904375 -0.5543363 
-270.64728 107.90262 32.20599 25.982561 -1.8352258 11.061796 -21.026186 -3.5148795 -29.685778 10.034059 -11.923148 6.341299 1.6548748 -2.8547337 -14.844479 0.07231755 -18.243645 1.9393942 -6.72578 -8.548576 
-352.8368 164.75833 20.129128 21.451464 7.3398495 4.6727786 -11.330468 10.463254 -17.945162 -2.71926 -13.361189 14.467314 -1.8529714 -4.7563057 -4.6641464 -0.17631286 -10.105418 -4.545919 -12.547669 -8.367593 
-341.0976 111.40518 38.204514 40.45242 22.372948 13.427398 -15.859096 -4.2764664 -27.189186 12.254529 -22.484352 -13.411918 -5.3029413 -1.0537629 -10.793546 11.374957 -15.617828 0.3930806 0.06108496 -1.8542835 
-341.83163 144.93997 4.3864965 42.22199 30.521912 10.32058 -19.174065 -9.229664 -23.40144 10.710761 -21.28644 -5.596785 2.5974965 1.2763104 -14.843136 9.104709 -7.4298573 2.920982 -3.6769557 -3.2606587 
-360.4125 119.75659 6.4724517 27.732157 17.879913 20.11789 -17.76192 0.067204155 -10.762005 16.987762 -14.840034 6.9003353 -5.919157 0.37487984 -7.585311 1.6543472 -14.922474 3.1580915 -8.421147 1.7848017 
-345.1453 148.39935 -0.8948826 39.16505 25.995571 1.4584868 -20.51677 -8.802098 -27.871439 9.843883 -14.70457 3.0142245 9.336384 3.1676102 -14.592375 5.7293477 -6.595957 0.20168866 -1.3746028 -5.866067 
-416.4406 132.33861 15.906008 35.44864 12.103651 10.12465 -10.228038 9.865872 -13.329541 8.263142 -13.2203 3.9580302 -5.2357893 3.466233 -11.010166 4.2582426 -11.85587 3.9384112 -9.84985 1.3909873 
-417.79868 133.24055 15.793169 33.851772 12.881027 12.0595 -6.866984 10.876184 -9.713851 9.11467 -10.481167 2.411074 -7.261478 -0.40128693 -7.931139 6.2332006 -7.0496926 4.2138715 -12.434154 1.8274255 
-421.50925 129.98717 15.433838 31.397514 17.725082 14.449877 -6.0855484 14.917187 -12.041363 7.9794025 -12.0294485 3.6668782 -6.9370484 1.0457319 -12.595539 4.872794 -10.853259 5.499212 -10.06178 1.651195 
-433.07327 136.49243 7.063022 36.578888 13.394863 13.118268 -7.2313886 14.521366 -16.605154 7.2212043 -16.715431 3.257278 -5.6829615 0.23627777 -15.759849 2.8897455 -14.1467705 6.4652777 -9.521572 -2.6710417 
