-327.2551 158.10951 8.0078745 44.094025 -32.297043 -15.322366 12.58976 0.81544584 -35.527725 2.934318 -8.010219 -8.450884 -5.841546 11.542995 6.115244 -0.5887827 -1.7595147 2.382783 -8.995121 -9.429594 
-243.90831 55.95655 29.210463 43.060005 8.954892 22.038973 -16.039694 -4.3133492 -37.914867 11.75583 -18.087713 -12.708169 -24.515755 16.229076 -1.065988 -3.8371031 -11.981723 14.966343 -7.9877453 -4.282557 
-324.7021 117.669365 7.737003 56.11402 23.01539 -1.7436414 0.48769242 -22.18978 -32.10135 9.631718 -28.892508 -10.908696 -18.20716 6.8273067 -6.562415 -6.682882 -12.861181 4.53334 -1.5889556 -6.584539 
-203.6098 180.78145 -36.446346 17.719734 -11.696186 -15.6655445 18.255487 -13.443639 -33.784367 4.3086567 -15.081929 2.2701826 3.9745708 -4.6122227 -3.4133995 3.256897 -9.042705 -5.108114 -2.6362374 -9.708856 
-281.87042 168.71703 -2.6526568 31.432373 -10.455466 -6.440272 14.843144 -10.191852 -30.801544 -0.76666206 -19.738548 -10.537179 -6.076168 -5.1600785 -1.9775853 1.4204879 -5.635721 -3.53485 -5.7085814 -2.7432811 
-281.46082 161.2131 17.578506 47.013405 13.584297 -16.247166 4.812684 -4.2000885 -38.70145 -6.5924087 -37.685417 -0.45199543 4.0530972 -5.919919 -8.886464 8.245168 -1.0817683 -11.749584 -0.8777478 -6.901637 
-285.23178 99.00795 24.81491 62.3665 3.4394124 15.036752 -6.3281565 -14.88836 -27.657549 5.4058895 -12.776501 -9.718404 -4.780378 9.096516 -6.0104623 2.154206 -2.750952 0.6373732 -1.8499285 -11.896573 
-271.6422 122.377945 -5.505316 75.02371 9.743 -6.8181086 -2.366689 -16.560265 -30.304274 6.3954906 -21.801077 -7.0797567 2.9910414 10.508205 -10.359964 -0.9087808 -6.7010746 -1.4692311 -10.88095 -17.277046 
-444.66702 148.42862 4.102706 73.78318 11.770445 -2.4142282 -1.4494708 -6.5801167 -9.557522 4.248949 -7.8099713 -5.7910366 -3.6154933 1.9760538 -0.58250916 -2.3802211 -9.866202 2.631444 -7.513191 -12.715723 
-271.0724 180.19318 -48.615738 14.917448 -2.9708452 5.1827745 12.914465 -9.570934 -35.677563 12.644631 4.177207 1.2233478 3.373431 -7.4741125 -3.6550837 -11.1916065 -7.304285 -3.640753 -7.0640073 -14.422338 
-206.42 143.07494 -40.523525 11.837528 1.5374775 -9.435459 -4.3265557 -15.783135 -29.710226 23.559462 -2.002551 -1.1275339 -3.1625414 3.6255689 -3.901424 -2.044431 -13.180444 0.45788035 -1.9435503 -10.4890785 
-330.59644 174.42773 -44.13331 40.815678 30.78751 -29.675293 -15.989841 -17.724485 -10.214964 15.209759 -2.507144 -6.705244 13.16273 3.5762472 -2.99983 0.22774182 -8.219553 1.4507041 0.12701553 -12.624624 
-484.0026 140.78421 2.0750296 65.24313 18.453356 13.571385 -5.7618804 10.916074 -17.420847 12.37949 -11.632057 1.6363786 -2.2437005 0.31899536 -8.658506 2.7193615 -2.67677 -0.51437265 -4.9444385 -8.573994 
-197.95752 177.03635 -41.376675 23.63107 -5.555731 -14.408766 -11.105087 -12.541073 -32.09988 12.429712 -4.6503305 4.653733 0.15947178 6.418048 -15.648939 -4.9237576 -5.7175655 4.877007 -1.6006029 -10.381996 
-309.15482 163.17755 33.3106 38.96747 -27.55039 -12.116144 6.4308105 -14.200818 -26.839771 5.957285 -18.001808 -6.153655 -0.8567688 -2.0954814 0.19214392 0.7076739 -0.79807556 -0.96700954 -3.8534632 -5.8967853 
-269.20447 145.76772 24.613935 16.72233 -11.230484 -8.765714 4.445111 -7.097315 -40.80267 6.115191 -20.602516 2.8359578 4.183424 5.397334 2.0269768 -8.837568 -8.257305 -3.5113478 -2.059373 -8.2287 
-319.7882 153.92755 10.085797 52.76248 -12.597436 -1.1870738 5.4122157 -1.3975798 -37.233612 3.6155717 -11.378826 -0.42022812 3.1469839 4.4932117 0.62603474 4.627051 -5.0105515 2.3940885 -5.6447177 -8.488169 
-349.86694 144.67186 40.900322 44.16123 -9.236243 9.059335 -9.674613 2.4046628 -26.307367 -8.595658 -10.762997 -16.305538 -2.7092736 -0.9051999 0.7005599 10.516476 -3.0988328 1.1621906 -0.73471034 -8.312138 
-296.37228 152.43105 11.090532 33.039585 -0.0031776428 -2.0737932 8.582414 -6.4909286 -36.554825 -5.5379567 -3.7398038 -11.35912 -3.8798463 4.8424573 2.8681474 4.9870114 -3.025934 -0.63657683 2.5318782 -7.239489 
-329.89926 139.64105 12.01775 42.134354 18.874844 16.38121 -8.954593 -3.5652952 -35.712357 4.3734517 0.90498424 -10.920922 -14.52111 7.8673925 -1.7508167 -8.7736635 -8.247955 -2.582762 0.5211685 -8.145985 
-354.7494 195.35895 -21.894127 22.390669 14.267449 -3.003289 3.650288 -20.653275 -31.902945 5.6808515 11.655165 -2.997779 -4.3632255 2.0238032 6.400137 -3.1540139 -11.294231 -3.6543677 -6.974713 -13.971125 
-353.59964 209.6649 -36.411 -4.520522 -8.789117 -5.501868 26.102514 -4.2413144 -37.527725 13.558503 0.20867494 -3.5277636 11.14025 -3.3777082 -12.503115 -10.653691 -10.420468 -1.0296016 -3.2642984 -1.0200179 
-371.40295 215.6556 -32.82239 5.0409336 -1.2817355 -0.90262794 20.004517 -2.9037976 -26.850426 1.919972 0.6713908 -2.7442923 1.7845849 -1.5093594 -9.52491 -6.690536 -7.170335 -0.98084235 -1.562582 -8.891996 
-416.131 205.56241 18.56954 14.008236 -16.95024 -2.7691574 20.643167 -4.5847244 -23.559204 3.5599356 -13.559557 4.3147974 0.6617664 4.994428 -10.406876 -0.39528772 -12.400459 -5.9243197 -6.562578 -8.86688 
-344.03528 146.52582 31.615265 38.31462 -28.488861 -6.365778 -4.00742 7.366623 -35.97992 9.442219 -5.2681756 -7.5917087 9.632861 5.1718497 -0.6612387 0.98593074 -7.6980133 -6.571005 -10.186559 -6.419738 
-400.68234 179.13504 40.90454 41.913193 3.727277 -10.123984 -7.916601 -3.9910436 -21.315092 -3.0760412 -6.591576 -4.1696553 0.7714793 -8.53188 2.4808881 -1.4095615 -4.7462497 -1.6433648 -6.209686 -2.8500185 
-315.44458 113.04579 21.785654 39.963974 -17.334185 2.2655354 -2.5666592 4.1481466 -29.753819 -1.1101145 -12.855333 -11.945268 -3.9997826 5.067828 -4.1736865 9.047858 0.81615716 2.9082477 -1.7260518 -9.755067 
-325.0819 165.21617 -7.862248 41.97637 12.245186 4.3306623 0.9210841 -9.006936 -28.75358 16.137573 -2.8772879 -8.679614 0.297904 1.0677918 -7.4571958 -6.874696 -8.178925 -0.051877446 -8.696705 -13.859145 
-380.5441 196.5597 4.9976873 11.274479 -9.095453 -12.8614645 4.830246 -0.2735941 -23.369076 -0.13750288 2.8788164 -3.4954524 -1.7662604 -3.2462707 -3.5856225 0.09300576 -5.7444706 -2.28325 -0.6999698 -7.580113 
-368.19717 200.99191 31.585167 36.688103 -16.101982 -32.373447 8.706054 -11.618847 -25.629189 1.4732145 -9.00045 -19.059553 -1.559855 7.426566 2.6795604 -1.2682244 6.373759 1.1011963 -11.004551 -7.332649 
-293.46765 148.44788 -8.896878 14.63748 -5.1269765 4.95371 -3.2758224 -6.87573 -25.27011 10.587896 -1.4707636 -6.1145535 -0.69835854 9.5245075 -4.214697 -2.3699834 -4.2348332 -2.5046294 -2.6756358 -7.71795 
-373.09677 192.41246 -5.583298 36.57741 24.596119 -6.807907 -15.200409 -24.610477 -20.585405 14.527852 -9.021065 -20.623762 1.2329278 3.3617704 -11.611341 -3.3379316 0.9756739 -1.0863482 -2.8677125 -5.7240043 
-389.60483 130.03778 31.865461 45.43563 -0.47704422 11.593021 -10.158238 -3.5139594 -29.332436 2.358423 -15.363094 -6.924406 -2.0748928 8.181817 -4.1530476 9.481949 2.2295568 3.2909558 -1.9512857 -5.7717524 
-449.60333 168.28937 37.309105 48.69146 16.49773 10.9185915 -11.884033 -3.9949358 -19.603642 0.7085618 -16.231737 -6.6774406 -5.349635 -0.7214211 -0.7010625 -3.7467597 -3.4177086 0.27065763 -1.8217863 -6.286783 
-344.08752 144.81256 5.610082 13.650016 4.1283846 8.2497425 -16.008728 -1.6569694 -29.599724 15.1536665 -0.22513597 0.7343457 -7.2325854 4.327508 -12.706669 3.9713473 -13.73632 0.580604 -4.4187765 -8.547298 
-466.34125 198.73248 -10.7057295 18.998558 12.314225 8.213778 -17.2126 4.860346 -7.3976593 17.905342 2.6619499 -2.8963726 -4.0757923 -2.233263 -8.618243 0.26686054 -12.553625 1.8771087 -0.91140586 -9.01672 
-538.2805 168.00061 19.739395 48.223347 20.153591 27.1016 -9.208864 2.9562612 5.1085362 13.280596 -12.9964485 -8.159887 2.293295 0.7560168 -10.85765 5.3532987 -2.932106 3.1066656 -4.967505 -10.577892 
-561.1732 171.78204 36.51911 45.39692 12.067722 23.694845 -8.553814 7.8086143 -6.485899 4.488018 -11.340214 -5.2591767 -8.248235 -3.0344386 -7.920394 7.585401 -6.6427174 0.7342811 -1.6644444 -3.4974892 
-359.5192 176.42181 11.792201 44.471138 12.662183 7.00313 -7.7934375 -22.90324 -29.515965 5.0322247 3.4951394 -9.339077 -12.398385 20.571453 1.266221 3.464261 -11.921776 -4.8580613 -6.5098605 -17.709297 
-500.81424 169.2928 30.030874 44.892006 10.347853 10.962638 -4.4755645 -4.708891 -18.23693 6.4957085 3.722443 -2.3835258 -5.627962 0.03086816 -0.5660429 7.8344507 -7.5923343 -6.1933613 -7.697282 -6.170663 
-381.3529 160.72635 -4.4587564 26.149252 15.352659 6.915108 11.2533455 -10.826433 -18.599426 4.5243163 -3.9121525 0.0032278167 -8.542513 -3.335896 -4.530491 -5.527891 -6.3224196 -4.6885376 -5.2308865 -6.2231884 
-235.31 177.00217 -63.454536 0.27931213 -8.186649 -10.394624 37.698418 -9.16724 -26.889212 21.993988 0.32341775 4.2023177 -7.1307855 -0.6270518 -11.771954 -3.6441596 -6.340082 -5.1539207 -2.7069674 -12.641981 
-460.46484 177.5765 -9.027023 30.173567 -3.5433528 27.666288 17.607355 3.343572 -13.403606 9.31711 3.156683 -4.6191354 -8.267357 -6.362012 -6.023583 5.4408355 -6.655303 -2.3449473 -3.4975786 -7.2932763 
-507.9491 169.39877 15.820057 30.987906 10.805384 36.001324 1.5855623 -4.713732 -5.853877 5.1529536 -3.2473722 -6.738845 -12.262899 -5.8561115 -2.650438 7.5215054 -10.474567 -7.042222 -3.8870578 -5.564287 
-549.9769 167.71167 37.867725 42.74022 9.533978 20.40954 -1.6168852 8.581935 -5.831007 0.213113 -10.098772 -2.835974 -10.442771 -6.860756 -4.9336123 5.123509 -7.7764034 1.6550479 -1.9567229 -1.4827425 
-252.6776 121.44241 -17.580551 42.70381 20.543627 -1.6144568 -3.7212803 -11.034271 -29.581299 7.3515186 -10.995536 -5.0681944 -6.0923395 8.595696 -5.184887 -4.3754253 -8.669345 -0.111670546 -3.3544958 -10.968445 
-205.60393 165.84698 -53.17192 27.858742 -21.335855 -13.387173 16.555819 -19.140633 -37.38319 -0.70585084 -0.1679785 7.442421 -2.7362573 1.3191167 -6.793673 -8.132238 -4.941897 -3.301271 0.5168989 -12.360193 
-282.42996 183.56224 -0.66044086 47.700638 -1.7614167 -11.0549555 9.911541 -20.850357 -38.70109 -7.1116123 -27.038387 2.2788038 1.3299197 4.4241734 3.1168861 4.446194 -1.9234515 -3.4078474 -1.9082217 -4.230482 
-215.57794 112.908356 -10.8490715 61.009357 -12.077044 6.513542 2.3054597 -15.564976 -35.47967 9.667385 -23.24755 -1.7186756 -7.685102 -1.6739941 -4.419082 -5.8612566 -4.215073 -4.2979264 -8.390148 -5.3716183 
-267.82285 131.39026 -10.090592 33.298527 -4.2679043 15.105541 1.5614934 -19.354195 -23.569288 10.36741 -10.991682 5.99935 -14.8158655 -0.93185353 -1.9320215 -3.0162363 -10.872537 -0.06364383 -3.8393424 -5.6956863 
-256.283 152.49586 -26.140064 50.492428 -3.8201044 6.5837526 -2.7532845 -27.731775 -43.647842 13.003115 -7.6219974 -7.132242 -1.1725888 -2.3914344 12.280829 2.6840901 -10.3373995 -8.900108 2.5591624 -14.5252075 
-303.04694 152.14937 4.064 44.168423 -12.971427 2.6914608 1.8292749 -4.4394217 -47.173244 -2.068984 -18.557487 -9.664904 8.950747 6.535756 9.003163 5.838094 -4.663237 -4.421053 0.5569765 -10.279391 
-321.79727 129.93567 41.42406 48.04584 -5.581369 9.116799 -15.141573 4.4587064 -31.946648 -1.8513235 -17.655525 -20.635403 2.2310236 -0.22599009 -1.3814073 5.775115 -7.4928718 -1.4616228 -0.5705934 -5.326405 
-378.9301 186.27939 21.801493 23.64387 -27.602478 -39.8104 16.948536 7.3202753 -12.64015 9.172129 -0.6591304 -11.463789 5.421769 4.939938 2.3743865 -2.6990564 -10.625637 -5.3631215 -5.72312 -4.666189 
-552.77954 179.32294 37.372433 44.52614 2.3005648 9.043668 -4.2472434 15.144418 -6.167454 4.12074 -4.189987 -2.354025 -8.008262 -2.4182117 -8.453956 7.197698 -8.332007 -4.2228026 -4.523037 0.23460923 
-575.60394 174.30612 44.784866 45.479908 15.254551 17.266584 -4.5547857 13.105979 -3.8933377 2.5239363 -7.180868 -1.4961722 -4.953436 -9.619235 -10.207836 8.164727 -2.0557084 -0.3325578 -3.6143236 -4.1385155 
-314.4032 161.03119 -18.836021 41.872982 20.05976 3.3944721 -2.2400484 -22.857334 -32.751144 5.703873 -13.835382 -2.292464 0.47343105 1.9054917 0.4404566 13.577194 -3.9366663 -5.1926827 -4.0973053 -9.274163 
-254.81187 152.94527 -14.546123 46.315952 21.192411 -3.4485931 -1.2461131 -30.795034 -30.470999 4.0353284 -15.569068 -6.0209637 -9.245889 11.904589 0.8227217 8.704537 -15.871338 -2.0204823 -3.4686491 -10.823738 
-260.05142 128.11652 12.523595 13.660274 -31.988762 -7.5394864 2.162251 0.5692414 -36.483555 16.439835 0.41485965 -2.0727127 -9.224139 11.067318 -11.526852 -0.36720917 -7.688178 -1.3821341 -11.235981 -6.026923 
-227.03345 137.70558 33.053093 37.262035 -41.150127 -13.537035 9.643607 2.4136055 -32.436996 8.196025 -14.527776 -12.711567 -0.30981 16.58363 6.5471315 2.8270237 0.997495 -0.26580974 -13.0614395 -2.5844426 
-303.13345 176.31895 7.7303348 33.236847 2.3264055 3.2989829 5.0873013 -8.652384 -31.627645 -6.342486 -10.960394 -1.4024317 0.93629676 -7.8426275 7.0075116 5.1986327 -1.5158131 4.1441326 -9.03628 -6.123588 
-375.62946 152.07356 -9.803971 73.42444 22.073565 -11.0567045 -0.24189653 -11.99289 -10.380985 -2.6203694 -16.054928 -2.986637 2.5561914 5.225456 -6.9937077 -1.4928701 -4.201514 1.9869857 -8.747476 -18.730335 
-470.79926 181.67519 44.374832 44.72963 -10.7705345 -15.763836 -4.4127865 -7.4189243 -22.856237 2.4753752 -16.754974 -8.181372 0.5305307 -1.0080454 -2.3790033 8.241142 0.06907383 0.27825525 -5.0005555 -6.8680463 
-312.99994 159.2673 -7.697925 23.277163 -1.5959527 13.610243 4.724791 -14.798628 -18.478228 2.9490597 -2.198216 10.185773 -7.020111 -2.0325356 -5.36551 -2.0826807 -6.549293 0.5661919 -8.898883 -11.053717 
-205.04987 170.77855 -56.865578 2.6803868 3.579677 -10.838123 20.343033 -15.621985 -27.493605 14.053761 -0.0993019 18.94537 -12.553898 1.7867942 -14.234593 -7.874883 -6.636713 -4.097849 -8.783568 -8.119266 
-340.395 191.5566 -9.655154 24.478508 12.428735 3.7900968 17.088326 -2.6614096 -23.62276 -2.3004837 -6.863596 15.331691 -7.844358 -3.4874578 -1.2680598 -7.5572834 -5.3780136 -2.8795972 -7.3414807 -10.4123 
-280.82434 68.98342 33.729683 46.152878 5.8508954 30.263481 -8.46944 -2.1212673 -42.664104 16.699303 -8.638085 -11.563725 -16.306953 10.409886 1.1860199 0.5060798 -7.4861603 5.479372 -12.464295 -1.1558552 
-257.53128 112.67172 -17.466501 64.646614 32.08261 -17.21146 -7.3379145 -11.131237 -33.70641 12.597884 -29.182613 -6.5074697 -8.633015 5.9854302 -6.542848 -4.8040686 0.64975274 3.109024 -16.991184 -8.87141 
-301.91223 155.83476 2.2000606 52.631615 27.256039 -10.761387 -4.245601 -9.795841 -25.81623 -2.4129438 -19.96364 -7.94722 0.53694636 0.8643078 -4.6297245 4.7875443 -1.7411164 -4.0610657 -11.413145 -9.412651 
-278.0614 156.3692 -3.4201431 38.756943 20.964993 2.2743912 -0.52650595 -16.374971 -35.67234 0.029129453 -8.456826 -12.1327505 -10.650216 2.0138216 2.4967813 5.933866 -0.57659316 -1.8062036 -9.587792 -4.573195 
-366.25153 182.69972 -0.29984474 41.44021 26.212608 -3.4883106 7.2931256 -11.334884 -27.889235 -7.455041 -18.96698 -1.7057076 1.0932345 -3.1009533 -2.981724 4.040754 -5.4853306 -0.4142101 -6.70744 -7.9904656 
-361.6652 199.29364 -9.170045 7.782037 -19.836176 5.098775 20.84369 -5.072755 -30.52891 12.641647 -3.3702097 1.7733452 6.9773626 1.1085969 -11.681977 -2.9120257 -10.643651 -6.2381887 -1.9944128 -5.550641 
-391.5797 228.88281 20.049156 18.80465 -32.39635 -23.207327 23.782894 -11.941628 -11.767296 20.656599 -15.237577 -12.935181 8.454423 3.2330372 -4.227914 7.565613 -2.8498251 -13.329121 -10.344885 -5.379813 
-376.14877 163.22633 48.15851 21.802467 -3.5012503 -16.379251 1.7049054 -2.613023 -21.306581 10.992718 -11.020231 -8.602788 -4.2509174 8.287654 -6.664192 7.4187884 -8.870609 0.5468822 -11.7924385 -5.3700233 
-361.58008 159.68964 43.769516 47.4925 -4.8508935 -4.2176337 5.7125015 -4.8491855 -23.612246 3.5339758 -15.588606 -5.0196266 -12.95467 -1.8694463 -3.1325939 -2.4274645 -5.004166 5.3366756 -9.581052 -6.140761 
-367.81366 130.75885 32.935528 76.29212 11.3429785 1.977648 1.653062 2.5260057 -23.298601 0.19369009 -16.504152 -8.130856 1.3787907 -2.3782938 -7.186108 5.4960093 -3.2076952 -1.4705563 -4.3779655 -9.968286 
-369.089 159.56313 9.822506 30.323679 7.3230777 16.808338 -6.7014494 -11.59837 -20.398092 8.244309 -4.9407897 -4.9908857 -2.3341181 7.0789113 0.6334042 -0.5618353 -15.426244 -6.5804386 -4.6955757 -9.928131 
-395.09918 202.98778 -11.562939 15.13409 16.360878 3.2173579 1.3701701 -5.0627246 -26.125805 -2.8183687 -1.1332842 -1.2319045 4.418771 -2.8566976 -11.691097 0.20247333 -4.458543 -7.804412 -7.5561576 -6.0029316 
-399.82626 148.26761 23.506021 36.164913 20.440775 10.412707 0.22569826 4.164229 -24.545303 0.91940904 -16.810814 -9.764696 -0.8836441 0.17344168 -11.180237 6.80447 -0.18494003 -8.692547 -11.423128 -0.20396821 
-392.32513 131.73671 10.705109 38.867046 -1.1485164 9.254142 1.6215234 -16.099419 -23.415703 17.239826 -8.031326 4.4971485 3.8697429 4.3042045 -4.7889853 1.724309 -12.090778 -4.8510294 -4.021609 -4.554792 
-369.06418 145.80258 10.725838 36.56092 27.220488 13.8707485 -15.3881855 -9.415945 -48.575245 14.972187 -14.715201 -9.652738 -5.142386 9.122386 5.6495233 9.365745 -3.5460467 -3.5307705 0.14396201 -6.9984674 
-435.47382 193.01227 33.094315 35.55222 20.742735 -7.634051 -6.525814 -6.52851 -25.189035 -3.3698194 -10.832855 -16.032957 -6.109088 1.5148635 2.9977837 12.089809 1.3564985 3.5071125 -0.011426979 -7.131895 
-320.91312 193.38849 -22.619087 39.397263 21.71703 -8.949618 4.354206 -38.498093 -29.259481 1.9256357 -0.04983012 -3.8652349 10.800054 5.439945 0.003039307 9.883782 -9.390173 -9.51193 -3.4775856 -11.757887 
-313.0246 131.1935 13.981556 43.86172 0.27626884 11.529 -2.3134756 -5.7462277 -25.16526 10.121037 -4.4283986 -3.1627476 -3.1484318 5.2326684 -8.937691 -1.6963116 -12.001846 -5.317239 -7.895945 -9.00485 
-348.19965 114.831825 39.49995 17.007378 -2.9936457 28.587654 -14.389788 -1.3894715 -32.702095 8.564434 -2.527184 2.292019 -8.9869995 1.126863 -7.144348 0.92966014 -12.231129 -2.5553398 -7.6795707 -5.7131963 
-458.8107 159.33795 29.821798 42.793674 24.03065 18.014908 -15.38599 5.770048 -29.500013 5.9814053 -9.560009 -9.324833 -13.209228 -3.6716385 -2.0234303 -0.7310708 -11.847987 -1.6950059 -1.7731116 -6.2326674 
-514.14154 141.16663 36.628128 40.27379 14.856983 22.911165 -4.781271 8.241065 -7.226458 7.187075 -7.7323895 -3.204501 -8.327448 -0.9789426 -6.866382 6.748372 -7.286292 -1.8422809 -2.120086 -1.5180833 
-370.91663 70.26222 44.541313 50.815273 -0.10506061 24.420916 -7.891544 4.0021276 -27.696129 8.007897 -7.8903384 -12.90359 -10.374866 10.088996 -5.411994 -0.8938851 -3.5911 4.8749456 -7.972001 5.3297477 
-295.7087 109.6389 19.949364 37.590378 7.914016 18.182234 -12.353453 -15.209895 -31.813484 14.231637 -20.756142 -14.67477 -19.092842 13.842396 8.7176695 -7.5562363 -9.657307 7.5447354 -11.60315 -4.280887 
-476.42947 142.30229 10.178522 40.53791 11.939439 27.089384 -5.5707216 -1.9545356 -20.636309 15.966251 -5.1819224 -5.217746 -7.569709 -3.2876525 0.68257195 5.7896295 -7.8758163 4.210884 -4.3165402 -1.4603162 
-160.48709 148.11528 -62.760124 16.972248 -0.39824212 -17.56289 16.0682 -18.146235 -38.259758 7.1561685 -9.944888 3.34661 -10.203437 -6.5857077 -11.313795 -4.438661 -21.577032 -5.691586 -1.4248091 -15.202068 
-243.01978 117.32621 -3.6380682 54.86058 -6.409315 -9.136401 6.5109873 -3.273327 -49.951347 12.669845 -26.438126 -1.6995498 1.1961155 -12.446261 0.42388174 1.1061277 -15.0243635 3.3898957 -2.6773043 -5.954328 
-211.53706 143.76118 -27.572975 28.700165 2.3068826 2.2376535 -2.7253935 -18.81417 -27.954548 1.6944997 -10.61249 5.7791233 -2.5426004 1.6390864 -7.1408625 2.1502895 -22.20667 -1.6682656 -13.05126 -8.933979 
-270.07483 115.30306 18.039158 29.419342 6.7324853 22.386715 -17.524345 0.40972868 -34.378883 13.614491 -8.627327 -0.7268964 -2.697895 7.010106 1.4005482 5.6384068 -16.554893 1.5862125 -8.616678 -8.441225 
-327.43167 78.13489 24.642159 26.967428 13.797996 40.937458 -16.3787 -1.0216664 -17.584562 15.652013 -11.152285 -4.1849318 -7.489188 7.6216183 -4.7512264 5.4211826 -11.55478 -1.7287248 -6.1710596 -3.7084439 
-254.53209 147.00958 -11.240505 29.732792 11.240716 14.050175 -4.641065 -18.532543 -40.95339 8.729056 -14.49554 2.8976393 -0.93266225 -2.8000202 3.0104446 2.2267823 -15.405842 -1.4217933 -11.1577215 -8.727741 
-298.37057 133.04306 6.589798 49.53737 6.142751 7.3693643 -5.743744 -21.992424 -48.78082 6.049695 -0.91857654 -10.511803 -4.5150547 12.171042 2.45502 6.9641623 -6.693743 -0.24579027 -6.850785 -7.938554 
-386.54938 112.26247 44.13411 54.91288 18.590221 28.851768 -24.86205 -6.546277 -40.14412 14.073369 -14.344884 -22.017206 -19.885988 12.937265 -2.1373312 0.7496909 -13.740432 5.1218586 -4.752253 -8.953576 
-432.21637 177.79527 0.38510472 57.442295 26.233652 -0.39004305 -6.404362 -10.48434 -22.92395 1.6476797 -13.78591 -10.871477 2.285688 3.7799006 -9.70491 1.3576156 -3.042099 -3.0832422 -9.460966 -11.25544 
-403.46454 190.78766 15.217414 47.36154 0.8757763 -2.55729 10.950957 -12.482298 -41.030746 -14.751022 -6.08811 -18.767927 -6.7078443 11.661955 2.1070857 10.017072 4.2611876 0.22794512 -4.56533 -12.89682 
-411.97263 180.2733 2.6858606 45.60202 29.124306 5.9839344 -5.644309 -15.451283 -30.96317 -4.2003164 -12.575622 -17.964275 -3.0039127 8.762669 -5.552817 5.0872035 -0.22762612 -1.8211799 -2.9071727 -5.3507204 
-384.7377 106.47493 36.700996 56.92557 0.42150953 3.357192 -4.5930934 -1.0272298 -29.528818 1.2158754 -17.906109 -11.110897 -3.649396 6.1577106 -10.416161 2.0342398 -1.7824247 -0.7717836 -7.566635 -4.13682 
-453.03552 151.17912 20.474127 56.88735 20.508654 -1.1449449 2.6470244 -3.519971 -18.18284 0.34085968 -10.498104 -7.393448 2.5166888 2.8169987 -7.94773 -0.096698046 -0.8079627 2.2219675 -12.412109 -14.163551 
-425.26254 118.67048 31.211958 28.999437 9.04065 14.94358 -24.837965 -1.465125 -21.51537 14.115631 -6.904362 -1.1896054 -6.1217847 8.67219 -3.0246518 1.8011022 -19.982826 0.17297313 -6.389149 -6.3538795 
-548.7513 159.89897 33.396317 45.779778 10.303769 19.72692 -11.5415325 9.398561 -8.109413 4.453225 -6.4645452 -4.1075726 -15.6602955 -7.3563786 -1.2379788 7.0829697 -4.8582435 4.2667575 -5.773487 -0.1237772 
-540.29565 157.28265 22.558512 47.539673 8.83784 25.513298 -10.1037655 3.802324 -5.5151467 6.6744647 -4.7856274 -3.0886889 -10.591351 -3.0757227 -4.42575 0.9619755 -10.296598 1.9692554 -6.878622 0.52788734 
-542.8644 169.08434 37.796303 37.135494 10.616641 18.497267 -2.152154 2.3293939 -9.242233 -0.90266806 -6.7318735 -5.2862597 -11.993359 -2.5257215 -2.9844413 4.3216276 -2.8910813 0.33600232 -7.747843 2.6487956 
