-287.15842 179.08507 28.226765 17.834366 1.982132 -1.9486842 -4.782001 5.4197116 -33.8617 -16.748283 -25.556114 -12.961094 -4.7052245 -1.5946606 2.1154757 5.999239 -7.0612545 3.1367264 -0.70999056 0.7168543 
-234.64847 148.07025 -2.9304216 15.4613905 15.505764 8.431952 -30.175367 -11.797295 -31.908257 6.399209 -10.347737 -8.99432 0.06066778 -0.8432082 4.005896 -1.598496 -25.280739 6.118269 -3.3921049 -4.0938864 
-325.40033 158.71098 24.201303 21.53817 14.815962 15.686656 -0.6168269 2.3296025 -25.796104 -1.4069102 -14.382527 -0.38782743 -7.1339417 0.74706936 -8.248824 6.046667 -8.441641 -2.0205789 -6.7388425 -1.0640132 
-269.56033 133.4576 12.033367 37.26825 19.328667 7.8636684 -10.193525 13.050964 -46.76871 -6.048446 -22.637888 -10.710153 -7.0284877 -2.4189594 -4.749278 6.7382107 -9.614016 2.3156514 0.61359173 -3.1950996 
-301.56302 116.781654 29.859718 48.467644 20.43373 13.303051 -19.868626 11.827418 -28.65237 0.32106462 -21.086681 -10.9438 -9.643768 2.1464288 3.1098313 1.4009646 -11.221016 9.03297 0.7489317 -3.6107907 
-312.58423 126.750404 31.705313 35.899437 11.588253 23.510115 -8.041539 -0.019367218 -27.027082 -4.823995 -9.428 -5.218806 -11.781323 1.9765497 0.625343 11.783871 -7.217353 3.9667234 -6.707675 -5.5511627 
-304.4733 157.37329 22.110514 27.037998 9.259053 9.951332 -0.13481545 -4.0668697 -40.971878 -0.2650338 -4.882247 0.24452448 -5.8133655 5.72471 -0.022861905 5.4503565 -9.2072525 1.060285 -9.903133 -6.455737 
-269.7454 86.60064 29.377693 45.567272 -16.313847 29.420254 -11.096943 4.6249514 -23.5385 4.917374 -15.583178 3.5101783 -10.4986 6.178965 -4.217161 -1.7687777 -15.694811 8.756811 -3.5140603 1.3208146 
-317.69406 174.04071 15.747866 10.225344 10.318544 23.657907 -7.364973 -7.483429 -30.753967 -5.252765 -18.782257 -3.0490897 -2.755516 2.1753201 -3.1092443 4.280539 -8.015274 2.5704293 -7.7772937 -0.15332821 
-302.8407 148.13019 9.128098 16.348946 19.769463 27.159187 -2.7348056 -5.599322 -37.61153 -4.652481 -14.146687 -0.84240174 -11.854835 -1.3237981 2.7598891 5.8396964 -2.1154628 3.2363684 -4.191763 -1.0069407 
-326.86203 137.85736 30.481712 23.954275 13.9682045 11.135029 -0.5898122 2.3106608 -30.15084 -4.252958 -15.7338915 2.0956254 -4.0642366 1.2120814 -7.718981 6.2571206 -2.241351 5.88605 -9.303746 -1.0160654 
-377.29144 125.12607 26.583693 28.794538 13.529818 8.715501 -1.5786384 15.825904 -6.5677958 8.755686 -14.359735 1.6409473 -9.520018 2.3320234 -9.2182455 3.7185462 -10.498122 6.0526032 -4.6932993 1.6101118 
-334.42062 148.36047 17.09478 52.663498 36.4115 -6.600248 -11.125431 7.3090863 -18.77259 -0.9639491 -25.593025 -17.025656 -6.561637 6.113763 -8.036711 4.980416 -3.5177433 4.6387 0.015559276 -2.0804977 
-271.92618 121.4887 14.867732 20.909813 4.0848675 31.946041 -7.4440026 0.4192592 -22.800062 8.0659485 -8.856213 -8.615754 -8.039038 0.25165877 -5.896049 1.9220657 -17.3126 5.6708817 -4.481783 1.9457929 
-293.41537 81.30649 46.96735 49.90814 0.61986035 29.082088 -10.683157 3.7903023 -15.513738 2.6785347 -23.428158 -14.555742 -15.951392 1.8781457 -17.576717 3.3285322 -9.610025 8.448995 -4.777376 -2.9402664 
-365.61536 140.11006 28.437223 49.187027 18.436138 7.677319 -1.49332 10.64835 -14.757501 6.59122 -18.502432 -10.573484 -9.619953 -4.383887 -14.010961 1.9877006 -8.54441 -3.1338239 -8.693837 -2.8532677 
-320.82953 149.62596 10.722617 19.050144 19.748213 23.933113 -3.2129495 -1.0904936 -39.231857 -0.57816666 -11.821629 -4.9106426 -8.39147 0.80909723 -2.8302562 6.3075957 -6.61155 3.1283967 -3.379305 -2.651074 
-312.20242 160.08783 3.4184053 21.68119 5.254934 10.001988 4.022393 3.8310869 -48.636383 -7.8933964 -5.0335903 6.4485683 0.5734773 5.2538395 -7.6565347 0.9990533 -3.8495893 4.474256 -11.264363 -8.949523 
-348.37344 134.4325 13.626127 29.40404 6.854048 7.885798 1.508486 9.751041 -26.389633 1.6526561 -11.872631 7.9713025 -4.547949 4.8348327 -13.927044 2.378222 -8.424224 4.93437 -7.601422 -6.8109546 
-318.70804 154.39449 -1.3333125 25.114498 0.42640698 1.632071 13.489368 7.75486 -43.798923 -7.340177 -5.037206 6.075785 6.608358 3.5274758 -18.91487 -3.0850325 -8.825321 4.632012 -6.4949284 -10.489601 
-327.08316 148.94876 6.6556892 29.184875 0.8716208 1.1969571 10.938354 4.2225084 -37.87651 -3.1213486 -6.806644 8.043596 6.850311 1.2090917 -15.764162 1.7068609 -8.301696 5.2417707 -6.1012955 -10.481626 
-353.0873 150.22647 6.6590595 32.484844 4.6578746 7.018792 9.279879 3.2844536 -32.76123 0.5785139 -10.970163 7.031411 3.659958 -0.30559102 -14.194086 6.78844 -5.646679 3.8464534 -7.046001 -11.347826 
-368.844 142.8928 17.758774 35.646667 10.719227 10.29369 -4.418299 3.058881 -23.991768 7.0446568 -11.13833 4.887053 -7.9563313 -2.359833 -7.6059113 11.904601 -5.498888 4.100062 -11.07269 -8.147486 
-384.24606 138.4897 17.08846 34.881584 12.07784 8.774575 -8.441616 15.882194 -6.7714252 8.776053 -13.786834 -0.9966136 -8.584334 -0.06915491 -6.0775094 5.131117 -9.540032 1.3506444 -11.123823 -1.6205484 
-390.79492 135.69669 16.971994 36.921894 12.403866 13.076097 -8.646177 12.221131 -9.511291 7.9825644 -12.88406 2.9031467 -14.20685 -2.3756018 -13.725158 5.9711185 -12.156109 7.052603 -6.6634254 0.4515013 
-384.50928 137.33789 15.128346 35.377724 9.170552 14.389744 -6.3832183 11.321735 -10.410739 8.829174 -16.14702 -2.2032492 -12.81908 1.6858389 -7.7550025 6.947347 -10.471717 5.4873815 -7.2517724 -2.4232419 
-369.15753 130.01657 13.097842 31.211277 12.979131 14.13171 -7.8465595 10.900444 -12.481584 11.288689 -15.433382 -4.03853 -11.820621 1.2570388 -8.868078 7.020688 -10.399274 5.1548953 -6.517203 -0.02549521 
-358.4493 106.43008 24.20929 40.094845 9.390819 10.679569 -2.9698267 16.933702 -10.089384 13.235691 -13.86303 0.39081463 -12.37418 -0.8242354 -8.758326 4.957458 -10.817901 6.3676815 -8.303401 -0.689507 
-242.34076 102.36331 2.7779756 53.57512 22.786024 4.535734 -15.290895 16.266655 -39.06681 2.2457857 -16.893845 -9.106569 -9.572461 4.768175 -4.392066 0.09205791 -6.9715147 4.343912 -0.99260354 -5.54262 
-264.71408 146.11002 7.4612546 41.663136 10.403346 7.883148 -12.590168 -3.825767 -33.157753 1.5051683 -10.378291 -7.267941 -8.177644 1.8994598 -5.050763 1.36508 -9.416002 -0.9040448 -8.214567 1.8737441 
-274.30594 157.15768 11.1359825 31.651337 26.42665 10.768435 -10.052096 -7.6842327 -29.995914 2.8883665 -14.424103 -20.487747 -9.089157 8.579303 4.948863 -1.192288 -5.7918577 10.46243 -2.5385818 0.4584835 
-249.72101 121.57811 4.618622 39.940727 13.888275 18.521524 -20.490364 2.4346433 -18.410751 11.481849 -15.905681 -16.205414 -5.55142 1.6553372 -11.007497 1.025496 -14.452521 11.608525 -8.371324 1.9118996 
-293.15778 79.74021 51.880486 55.556107 -5.9834824 25.25373 -12.043269 10.14814 -17.212551 2.108074 -24.907475 -9.74435 -12.075911 0.2920395 -11.7071295 4.1348233 -9.669528 4.132089 -3.2812166 -0.2940866 
-361.79398 148.34163 35.856808 37.703716 15.0681715 12.949173 -5.458686 10.373827 -9.692953 0.26965365 -17.037758 -3.0728142 -11.698979 -2.750787 -10.210248 6.8410797 -7.635572 1.205506 -4.4018683 -1.4096876 
-330.55954 133.74467 14.39507 48.588547 26.815777 -0.76514024 -11.315741 5.8663807 -21.60044 2.4109006 -25.581158 -9.2663555 -5.3232856 -0.11647638 -8.064301 8.563499 -6.32757 7.2887335 -2.5236063 -0.8391624 
-296.61707 148.98032 -4.1245527 41.392746 21.810743 2.1580913 -8.71494 1.4847106 -31.796638 12.179953 -13.047513 -10.301487 -1.8564008 -1.4204226 -11.7984915 1.739382 -6.0973387 4.2855344 -8.134091 -0.29893336 
-311.92166 145.72543 18.736523 21.964922 21.131578 22.68128 -6.6620426 -6.144671 -28.54885 3.4463148 -16.650736 -7.441703 -7.1476145 4.814033 -3.2744737 5.149101 -13.50405 4.2436905 -4.415379 0.37963092 
-286.5976 137.6567 30.655775 23.808893 10.527954 24.946377 -8.216642 3.0438087 -33.2196 -0.56361604 -11.935799 -5.635942 -10.537174 1.627842 -3.0197656 7.747267 -14.024288 2.4216576 -6.061978 1.7813822 
-309.67404 144.42735 29.15018 35.91137 -3.1362398 6.864392 0.049922492 13.720717 -27.424465 -7.736993 -23.232542 -5.334866 -5.316881 3.108814 -9.655878 0.5204459 -8.818486 5.4642024 -3.4662147 -0.22231446 
-312.55286 138.95993 2.1742396 35.108833 13.192788 20.118414 -9.188329 -2.6011434 -25.2336 11.240024 -12.366198 -2.8080149 -12.077536 3.1974874 -2.7206528 1.7997937 -15.123084 7.043572 -3.8989687 -3.9869223 
-339.22632 98.50155 41.034813 34.059574 7.6828785 25.10242 -18.059 14.429508 -15.309679 4.361822 -17.370893 -7.670481 -5.419756 1.0668731 -9.024266 4.8459296 -14.548159 9.942156 -3.1774492 1.7756608 
-339.2508 144.06215 19.778797 44.26698 22.182714 8.3619795 -7.5484533 1.4424796 -21.649284 5.4489474 -18.264542 -9.928183 -14.188221 2.9769673 -4.4217467 1.9566334 -10.075575 8.596673 -1.16251 -3.1346245 
-314.43445 136.63344 8.093792 28.452934 17.252464 16.623121 -1.533752 -4.906861 -36.25702 -0.008253998 -19.091228 -5.0602784 -11.540022 -1.72483 -3.6353624 9.347836 -7.4942265 7.353205 -3.5136106 -5.788151 
-307.21777 121.22465 28.998238 30.924154 7.1226306 20.38837 -7.7894692 2.4355378 -33.381245 1.309586 -11.545891 -4.7930627 -3.6617317 -3.3831403 -6.944301 11.243156 -10.110697 8.537779 -9.265819 -0.7472577 
-315.35687 124.47286 23.875406 26.650875 15.224392 12.999541 -10.336292 -0.5606244 -16.816563 1.878042 -14.461116 -8.622903 -11.256268 -1.2801228 -3.047076 8.893792 -10.973459 2.6227312 -0.3487341 1.9873698 
-310.72375 147.69455 7.276045 30.411507 9.437417 6.5545444 7.058344 -3.6518784 -48.551975 -7.299273 -11.116494 1.5997581 -1.8592305 2.401304 -9.770679 12.512796 -5.3304005 4.6711636 -4.2482014 -6.325329 
-353.33154 145.59584 15.49525 31.61373 6.0349855 7.7833185 4.7889085 3.1339958 -32.411484 -6.595499 -16.695871 4.183465 -0.028102027 0.8358452 -11.110507 7.4959207 -4.898964 4.052379 -7.355497 -10.323635 
-369.56046 139.12558 18.51256 30.83036 8.369962 8.0805645 -6.881644 2.2946253 -19.364315 0.0965813 -16.783558 1.80442 -5.3962154 -0.6906061 -7.178362 10.18803 -2.416934 9.337915 -8.458728 -6.0356116 
-383.8302 137.80467 20.164268 32.946903 15.197311 9.22441 -5.0292697 11.480394 -6.9512434 7.440607 -15.720036 0.7056898 -12.364296 -1.6378335 -11.504993 6.95854 -8.241706 5.324583 -6.6191115 0.5504698 
-389.46478 136.4116 20.59824 35.517403 12.640008 10.153822 -4.696879 16.186146 -7.238703 8.226409 -14.421354 -2.764776 -8.707319 1.1193556 -7.283193 7.0921674 -10.9041605 3.3365798 -9.231352 -0.8052966 
-388.20245 136.69785 20.93763 35.995285 12.512791 11.106843 -2.3613572 14.830883 -6.5210056 6.287227 -13.7915 -2.4857945 -10.821248 -4.536486 -11.950162 4.385743 -6.6484337 6.002248 -6.7598443 -0.6965391 
-355.9106 125.62626 16.506792 20.54058 12.652003 17.221268 -4.3567033 10.192625 -9.767827 7.6755576 -14.617172 0.3220795 -9.207042 3.0042238 -4.3013873 5.914453 -12.008282 1.7728453 -7.171163 -0.012391037 
-314.1226 149.3087 20.202799 24.246178 16.475973 19.470299 3.3008451 2.1714354 -37.11934 -7.547042 -19.660662 -3.2512207 -5.5439453 -2.249153 -3.2598462 4.5646663 -3.3547812 6.388478 -1.491715 1.0779948 
-354.50125 139.12933 18.301168 51.288506 23.043272 -2.064579 -5.9475303 11.0207405 -18.106308 3.331122 -21.680338 -12.84324 -10.910671 -2.388072 -14.627147 3.6719098 -4.386762 2.7907505 -3.3545423 1.6866196 
-392.31775 140.6724 20.115484 35.77742 10.691763 10.805646 -8.173585 12.292462 -9.470706 5.696607 -21.0606 -2.6110725 -10.23705 1.2860057 -10.886125 8.022157 -8.299271 3.2973475 -11.536751 -2.6191936 
-385.72128 134.60085 18.64163 35.24658 12.480284 7.988221 -5.5064545 15.282658 -7.0607066 8.439296 -13.820349 0.31096694 -9.83034 2.069762 -10.468571 5.519455 -9.984619 4.0183473 -8.992534 -3.502204 
-378.65677 125.35133 25.941502 36.367783 16.085016 10.115618 -6.568918 9.454966 -7.1848407 7.145194 -15.17039 -1.370931 -11.1817465 -1.7362608 -9.04639 5.0800595 -10.148688 3.4720125 -7.3158875 -2.286025 
-384.24393 126.43672 23.52299 30.791199 12.614517 9.118464 -3.2693741 12.555062 -7.8259673 6.2940125 -19.962616 -0.67915505 -9.647027 0.93538153 -10.945521 3.994867 -9.322809 3.3142314 -6.5395646 0.10869481 
