-528.5493 161.65782 7.3923984 24.206066 15.040028 41.737656 -1.7146369 -6.188059 -7.877689 5.2662134 -5.467003 3.2205744 -5.776423 -13.854694 -2.0343611 1.0640311 -10.584833 0.5650094 -8.167645 3.2606401 
-472.33142 149.30954 51.860104 17.533113 11.533872 17.69345 -1.9964727 -14.818303 -18.621925 0.41639197 -3.692568 7.3889804 -4.804509 -1.55353 -4.394042 -0.19853126 -4.513402 5.033707 -4.216105 2.6281404 
-370.84366 126.27908 7.3997173 17.6687 -0.667927 15.27039 -3.4111311 -26.507378 -14.960351 8.859519 -12.466606 -0.23304166 -9.425679 -5.795048 -11.361845 -6.143594 -13.353784 -5.310788 -10.996296 0.49742922 
-330.4397 127.18004 13.3164 -5.8352 -18.82883 29.070793 1.7972916 -13.48668 -13.364811 -2.0659306 -13.165736 1.4877232 -10.293999 -6.090256 -12.628063 -3.8658905 -8.465694 -0.42193216 -9.766618 -4.8365464 
-392.22842 143.57394 43.47124 -0.27300882 0.60825515 22.019337 7.95081 -22.598694 -20.694319 4.3973575 -17.34981 -2.1381605 -5.486899 -8.294619 -14.402773 1.9563414 -16.383581 2.260103 -5.668129 -3.2892597 
-449.9584 153.099 62.70589 18.638767 1.8050829 2.6283698 -12.900784 -11.07156 -19.853344 2.7171988 -11.60626 -7.477828 -1.3187519 -4.22328 2.7380605 8.613452 -5.374474 -0.22867815 -9.929896 3.837655 
-451.3971 160.96982 68.28445 36.15881 -4.3352127 -11.307151 -12.029203 -15.297282 -23.457253 1.7915723 -13.216907 -9.102747 1.2873219 -0.2626092 -2.947617 10.9516735 4.6542187 -1.3518128 -1.2248853 -6.2840233 
-443.99988 150.86461 50.344448 24.57903 8.635441 1.1170251 -6.1391606 -13.90399 -29.969273 -5.491755 -21.309397 -12.508714 -4.997481 -2.5906882 1.0185354 9.408339 3.0939424 -0.14310636 -2.5771115 -4.048009 
-477.44293 161.40462 62.26968 22.8045 -4.8321853 -13.029716 -6.72267 -12.829744 -16.208916 6.898185 -12.947399 -7.6273475 -3.2113485 -0.27809 -6.374235 9.875237 -3.846155 -0.49777162 -8.648382 -7.0917487 
-524.8847 143.73103 22.649256 28.916613 7.030119 31.572624 -0.2345188 -7.925644 -10.627469 13.753173 -10.647597 -4.890368 -5.6928453 -8.920344 -1.5495292 5.735029 -5.224777 4.6644764 -8.9521055 -0.7692517 
-563.04755 160.34557 31.649492 28.435926 9.610829 36.938065 -2.9213786 4.9201813 -10.872087 11.575398 -11.164939 -4.2517905 -6.0379963 -10.581314 -3.533505 2.7987735 -4.09706 3.4637203 -9.632356 -2.4415507 
-472.8234 177.99957 29.33085 -2.3602338 0.78324145 24.875982 2.9307163 -8.449403 -16.889229 1.8799158 1.6469398 -10.117968 -12.423009 -9.704876 -4.5956798 3.2944973 -2.4818692 3.0499673 -8.43903 -4.002882 
-371.36316 176.11957 25.443825 2.5498033 -43.759968 14.258635 4.856075 -13.754526 -16.634933 -11.924672 -1.9121183 -9.954413 4.185826 -11.786536 -13.883195 -1.4348449 -18.830633 4.267934 -19.223793 -10.09654 
-372.7495 130.15758 3.07615 -9.21954 -2.0893977 41.128925 -18.962252 0.83688045 -17.662056 -4.8073816 4.1831193 4.5565195 -18.851004 7.9656262 -7.0304356 -11.015643 4.8494925 -3.1614559 -18.657253 6.1664634 
-370.7878 181.50114 -20.309381 -0.96578544 -10.418011 24.65422 -12.36335 -19.896603 -17.2313 -5.2801323 3.440424 -7.0598683 -19.884083 2.6824675 -5.852178 -7.3115673 2.237739 -0.28115198 -12.809801 -6.3814974 
-345.80005 144.04375 15.775343 8.475597 -8.351237 26.370981 -29.663948 -19.774443 -26.232174 -5.722374 1.9400697 8.247079 -3.1457648 2.4116108 -3.976999 -12.204416 -10.830048 3.153037 -6.576289 -0.43133125 
-397.60144 165.81651 8.5929985 4.390713 3.7547178 26.714046 -16.563263 -16.97923 -27.726223 7.155343 4.328525 -4.8664775 -7.8406315 -4.4368505 -8.661002 -11.886212 -3.1013603 2.0845482 -7.693729 2.288619 
-392.89856 145.05829 -1.8377413 2.7214863 4.04152 30.746286 -6.5700316 -12.929262 -10.023243 4.0984 3.2881432 -2.2157698 -13.351289 -3.219897 -4.9057107 -8.118347 -9.761414 0.52550906 -3.5183985 -4.0233445 
-403.00372 90.76938 42.027554 17.58553 9.64549 26.173155 -12.326786 4.772402 -10.241532 0.015573925 -9.430706 -5.4431744 -13.04238 -2.686211 -6.239379 1.2641604 -5.9129176 1.9106776 -8.13387 2.2671566 
-432.84674 117.98551 39.32459 38.541107 21.469494 21.088642 -11.691628 -13.702777 -8.176189 -3.9482443 -16.19522 -14.438132 -5.25296 6.5388856 -8.222941 -0.98638767 4.7667527 -1.6742541 -4.7175736 4.158389 
-412.54752 86.19833 55.689377 43.035496 12.602625 30.683842 -20.499449 -19.266413 -17.01655 5.1358476 -20.361355 -8.529418 -15.027161 11.456478 -12.389771 -3.3293304 1.1376601 3.3912172 -4.695046 10.333366 
-460.23373 139.07709 39.868572 31.743635 16.09325 22.533133 -8.1181345 -14.330017 -28.026987 -9.05511 -7.4462924 4.5333366 -10.693201 1.2672443 -3.9139776 6.0449243 0.39165175 -0.92633903 -9.859333 4.5163 
-407.04977 180.08209 17.410444 -6.459722 -7.424299 9.279224 5.0014944 -6.473921 -26.931995 -6.6321397 3.5759468 5.889935 -8.8007965 4.3504195 -15.724433 -7.279308 2.7885973 2.4433281 -0.63802373 2.5969179 
-366.219 157.67975 18.881365 12.524773 -37.24528 4.879301 13.7478 -9.78635 -8.386989 -8.249888 -1.3412206 -8.43764 1.9656492 15.696625 -22.894089 8.707275 -19.50733 0.19745976 -9.502816 6.449951 
-493.19226 171.79808 39.79533 21.631727 -10.817677 11.597197 3.2478864 0.6023128 -16.513386 -1.0872244 -13.988012 -11.431793 0.31242487 10.768663 -7.8115973 6.150481 -8.629634 -4.6450496 -5.055045 -2.46267 
-524.69977 153.37236 16.926174 36.313866 10.202957 35.09113 -12.205629 -2.8531942 -13.3034315 14.397793 -9.440005 -8.716478 -2.2421412 4.707153 -0.8015416 -4.098386 -1.84913 -2.935624 -7.752437 2.3773239 
-556.64984 165.65681 31.34237 32.029182 15.185551 33.883587 -6.0850186 6.156635 -10.364686 7.985132 -5.0684643 -6.075411 -5.501941 -3.6018283 -0.21081649 -0.7758482 -0.81306005 -4.487777 -8.088105 -1.868218 
-544.864 168.40399 50.034744 27.189684 20.517937 22.89707 -9.212716 -7.295617 -7.32994 -2.3277364 -3.6484392 -12.656694 -7.5412393 -10.24275 7.823578 2.0342894 -1.7140774 1.7630501 -6.0596275 0.23522472 
-436.9652 154.5609 34.076164 28.564514 23.65522 23.990633 -10.258741 -22.832115 -12.61089 -11.744537 -3.1351824 -18.853058 -10.359771 -2.352759 7.6337214 -4.363043 -5.764741 3.465039 -15.031538 4.2772155 
-371.60492 127.90184 32.21571 23.209505 -5.678197 24.269123 -13.869793 -15.105619 -29.836525 -0.4267074 -11.473975 -13.579267 0.23608129 -3.1419938 1.9438196 -7.5066094 -6.147645 -2.195138 -14.313993 -5.440365 
-332.23285 122.803764 2.4518988 3.017689 0.26422426 31.335188 -14.664851 -11.162797 -16.964394 4.336807 -5.8779755 -4.8841195 -14.689857 3.002846 -11.012349 -12.733812 -2.37357 1.1548961 -12.907509 -2.361665 
-341.50803 148.99014 -2.2911785 7.5776105 -0.6707221 17.875858 -30.795872 -21.575937 -20.170618 0.72087723 7.958944 -8.805748 -13.053027 5.5514503 -3.9447343 -13.5866 -2.2891588 3.6327968 -16.821827 -2.2173476 
-349.59424 133.44296 -8.53816 26.34858 23.877184 -1.5562087 -37.779526 -17.040003 -10.18181 -7.477595 -1.633742 -3.4720275 -5.10594 5.9598117 -8.045551 -10.353731 -7.1247168 13.254932 -15.116604 6.4314475 
-360.5902 143.87093 16.674091 1.6227136 1.7894177 34.75375 -14.710689 -30.091743 -33.09088 -4.6339855 1.5464039 4.8265514 -3.968152 3.2898517 -4.3652678 -4.298661 -7.739612 1.3625486 -9.286952 1.5352255 
-398.75104 185.00092 12.410418 -1.296742 10.878387 25.885004 -15.16753 -14.532338 -21.59044 -0.8287728 -0.70965284 -6.913903 -11.628721 0.61658835 -4.040261 -3.3161077 -7.7379055 4.6065216 -12.5190735 3.30206 
-411.9967 175.15556 15.314403 0.9713936 13.417086 18.61377 -7.51144 -11.899273 -23.089224 -0.3510865 -4.4319534 3.4491274 -10.943673 -1.2191647 -5.527151 -2.2964861 -7.5827155 2.3450706 -9.232849 0.57720554 
-419.374 150.993 19.842169 3.8257556 -11.822211 38.091824 -1.4892099 -9.515666 -22.98273 -0.3983702 -3.121827 2.966541 -9.502227 0.51105905 -8.361545 -3.495592 -4.0416584 3.8645642 -7.7707205 1.1562185 
-456.65988 202.71309 34.950096 14.726832 -8.958439 -1.0659829 -9.336907 0.52361083 -24.890293 -16.303318 -9.941091 -13.766786 6.8183737 10.418417 3.394583 -4.112897 2.3630567 -3.2861109 -6.943134 5.697391 
-405.46948 178.49646 15.7524395 -4.4807086 4.660035 17.101112 4.948163 -20.30116 -35.695637 -11.643286 -3.7906313 -4.6984653 -3.7999785 -2.7018604 -12.338667 4.1280193 -1.8897794 6.260504 -8.393698 0.2254964 
-418.36374 183.0671 16.857765 1.5977206 -24.759983 20.577627 10.595154 -2.018863 -22.251606 -0.7534259 -1.2731589 -3.5983 5.5597553 6.6311646 -9.949979 -4.4489756 -9.586915 -1.5880132 1.1996651 -8.638917 
-414.19946 205.66078 27.595163 16.798473 -45.074646 -3.446363 -9.839379 -9.356443 -15.070699 -7.5115137 -2.2516887 -16.1357 12.651404 7.9700546 -3.2288094 0.10335752 -5.2896233 -9.388238 -5.4671955 -7.636515 
-494.99533 188.71474 42.848118 31.54041 -16.567652 16.071781 -17.266438 3.0571811 -20.605099 -11.197427 -2.4813406 -24.251625 -0.41960567 -2.5275884 3.4603593 10.203656 -11.71554 -0.77005494 -13.567226 -2.832089 
-572.8039 177.73444 51.43715 31.400164 8.026849 28.868788 -10.538461 4.444254 -15.845943 3.3090434 -6.3753996 -4.517009 -2.100279 -12.876413 3.259523 0.7922413 -4.103211 -4.2716656 -8.28451 -1.2637599 
-583.22296 172.09503 46.79281 32.134785 11.187962 27.204897 -11.194608 8.642454 -8.916985 4.217348 -7.466299 -5.357159 -0.8264499 -5.5510516 3.5426345 3.462457 0.20408419 -1.1167722 -9.848736 0.5763207 
-580.65295 172.28716 43.061573 32.404366 8.006725 30.785103 -8.730098 12.7340765 -7.3265023 6.190213 -11.535488 -1.5285504 -5.24698 -13.104069 -2.3377316 1.981912 -1.1962523 -4.6478696 -7.5945435 -1.1787817 
-558.80383 171.01956 21.96342 30.688446 19.947542 29.173279 -8.779554 4.840624 -9.6787405 0.5970819 -12.321047 -10.41605 -7.518728 -12.711734 4.7716393 0.7481581 -6.48091 0.6754634 -2.7834146 -0.42303392 
-489.88324 168.70375 22.71636 34.80516 39.004566 19.813662 -28.139421 -27.516502 -7.636564 -8.9820385 -15.5161915 -20.345533 -5.854241 -7.829911 22.053677 -6.288026 -12.411557 1.609116 0.5772142 3.0126016 
-407.7632 139.32585 21.201979 32.923805 28.392761 19.95482 -19.15847 -20.705048 -18.313957 -12.597913 -14.758641 -15.410152 -5.0969467 -3.6441853 2.9346488 -2.5243497 -7.5906167 8.764828 -10.8573475 3.7066808 
-356.51877 146.1918 17.495775 16.821678 -6.2619267 39.809296 0.6695058 -24.958916 -29.09549 -5.244231 -0.97051644 -5.9457846 6.595928 -1.5635816 7.8400564 -5.571218 -2.498404 4.114703 -18.551132 -2.527597 
-339.0639 150.95587 -1.6311291 15.510298 3.6541493 19.115845 -24.88247 -34.19655 -11.216644 0.7745984 5.906529 -9.619337 1.4665446 6.193631 -2.1555448 -15.214284 -1.9276128 3.7033463 -5.3745294 1.1600001 
-343.26785 171.87326 -9.646531 8.238411 -14.670661 22.66056 -16.797556 -32.451786 -16.951775 -7.3730893 7.308414 -10.165621 2.908192 2.4032545 -12.42134 -8.147184 -7.962582 8.81983 -7.043577 6.0154862 
-409.122 120.95532 37.36327 21.989128 4.8344693 27.188868 -17.58222 -22.870262 -18.670443 -0.27158606 -5.49175 -7.589298 -11.285542 0.84513116 -5.014895 0.93889683 -7.578259 2.8845878 -5.5659995 3.8933797 
-400.3098 100.51195 39.95739 30.1686 3.0797174 38.695053 -34.829964 1.5280336 -25.350163 -9.817972 -2.0205903 -9.516627 -5.981274 6.241699 1.7669091 -11.237385 -0.9468125 8.8130045 -8.3091545 3.387893 
-422.7172 157.2811 18.459785 57.921883 13.527116 12.643331 -44.50452 -14.036419 -13.182969 -20.371288 -11.549145 -5.393023 -6.275773 -2.5956783 5.791648 -12.526646 -1.0808511 14.315033 -3.451215 -5.3223877 
-448.06635 164.472 18.62851 60.34285 12.817067 10.299472 -43.696743 -21.799427 -11.747204 -27.598042 -12.727203 -1.713571 1.1072831 -4.6427717 5.2250834 -13.565765 1.517879 14.117073 -6.0403037 -2.6602585 
-476.28635 168.42694 19.489073 57.10213 22.096123 12.207606 -27.93654 -19.012142 -17.104408 -15.184614 -12.82481 -13.289806 -7.2966027 0.1289746 4.4331417 -15.484713 4.6686397 9.555082 -5.7833323 1.6429883 
-399.81116 137.65596 9.999592 16.306662 13.140907 37.148727 -16.004976 -16.976017 -17.723305 2.800888 -5.6185617 -7.966192 -12.912144 8.870565 -1.4174303 -7.6109443 -4.328345 9.937478 -11.859645 -0.53790987 
-389.99762 167.07483 6.9786553 23.677624 -12.247628 17.71601 -20.305237 -28.495687 -16.720213 -11.54288 1.6107146 6.04279 -10.172251 7.9962964 5.794806 -10.085621 -5.924288 5.513669 -9.451095 0.5911725 
-386.72717 125.00491 25.509972 50.603443 7.0279937 14.421834 -36.32788 -14.047169 -15.220903 -16.938755 -9.480554 8.697893 -9.351396 8.786961 7.551251 -7.258695 -1.4967288 11.999448 -15.989546 0.37378168 
-409.4118 151.96512 -9.362035 50.51209 7.6060476 25.824265 -43.967876 -43.023968 -6.1228313 -18.097073 5.8725653 -4.5969315 3.9219809 10.843413 11.396017 -16.137074 -8.607655 14.701704 -19.275246 2.7451272 
-574.59644 173.1519 29.479454 32.616913 3.3867443 35.601837 -15.329396 -0.48119938 -9.329441 9.920055 -7.1999183 -6.8649497 -5.4233003 -5.5153613 -0.14135 -2.9356852 -4.770731 3.48856 -5.36862 1.5296757 
-551.39716 171.34853 18.704742 23.667149 10.099235 38.28561 -12.1882105 -4.9248476 -6.356123 19.806845 -6.3634562 -13.601917 -5.942399 -1.6763159 3.5710285 -4.088716 -3.0904214 1.1810317 -3.4872942 -0.045109127 
-514.3535 171.22757 29.582127 10.87597 5.255829 37.597675 -7.224857 -10.369642 -14.450819 -3.5420256 -2.3371255 -9.590655 2.5945647 -10.221623 -5.0880127 -2.0215726 0.54602313 0.823411 -7.179962 -3.6205962 
-404.2759 175.03078 0.44201872 -7.811747 8.369966 34.91736 2.1124544 -19.690853 -25.890633 -8.611491 -3.4180226 -7.581798 0.4719175 3.0556011 -11.395387 -1.2918658 -9.319889 8.992159 -8.938581 -10.248466 
-434.08185 161.11334 54.42421 15.750454 -7.513265 14.325891 -8.490748 -21.889845 -29.613914 -4.0366116 -8.375685 -3.3497527 3.266158 1.2714158 6.855827 -3.7013736 -3.8249292 5.005966 -9.390272 0.249314 
-401.2854 148.07642 24.866295 12.880984 3.2098405 16.30604 -16.768267 -19.127357 -26.734709 0.440222 -16.160702 -2.0179377 -5.534868 6.7647953 4.377144 -2.121797 -8.34254 0.95227 -13.118838 1.0033406 
-431.2891 178.10217 18.589975 9.063263 1.6727912 25.000982 -13.689396 -34.95815 -26.101255 -8.799098 -1.7709976 0.39642212 -1.5473506 5.203086 5.0743685 -8.2354965 -7.144867 0.45087093 -9.147209 7.6785984 
-461.17996 181.24213 41.70372 8.701301 -11.947153 14.656972 5.153773 -28.014137 -29.722216 -18.371914 -8.03931 6.8533196 20.573011 11.377295 -2.2733066 -2.8033082 -9.523991 3.1536915 -12.296604 5.1399755 
-501.39047 195.2525 58.30462 24.572594 -13.676047 4.7256536 -9.016117 -15.000505 -27.913069 -15.406605 -13.6296425 -10.55248 12.593776 8.219873 -2.1746004 5.971124 0.51324236 1.0187827 -6.2451 1.064879 
-429.4527 150.46013 53.578857 9.168319 -0.5426043 7.0610666 -12.200353 -21.20996 -22.349495 -7.4609256 -11.293512 11.316939 -0.66916233 8.363795 0.22149855 3.2430527 -6.7306466 4.5368705 -9.732655 0.45036507 
-399.86908 123.85658 29.51553 -0.7694491 -6.1955657 37.634506 -4.459378 -12.953764 -16.715883 -4.2438116 -7.1866336 13.078903 -0.17184299 -10.173468 -2.9332166 -0.42311874 -9.130927 15.748171 -11.430804 -0.1796717 
-414.58887 82.60991 76.218544 22.147007 11.291927 24.006233 -13.31388 -27.33829 -17.346598 4.1574135 -27.283714 5.2493305 -12.328566 -1.3759011 6.1301985 0.98189396 -10.413239 15.86998 -8.092061 6.8967175 
-456.24768 131.87573 38.496117 29.269222 14.144256 13.119364 -20.237036 -23.924402 -22.607582 -7.7042212 -5.532422 9.845774 -11.205886 -4.1904545 4.948477 -1.4569014 -8.39378 6.176697 -9.303819 5.5161114 
-443.27917 170.12276 28.141449 22.382607 7.780405 14.687572 -19.283598 -39.056152 -19.928404 -3.862612 4.383065 3.3865874 -1.8167231 0.031520948 5.6719103 -0.2438546 -12.280562 3.1260371 -7.5793815 3.0894632 
-464.94916 149.32997 33.831944 28.96657 14.427372 25.322918 -22.662247 -32.88992 -19.379236 -2.18302 -7.465342 -2.9204173 -6.198519 4.110761 4.9548764 -2.360795 -4.582339 1.2800736 -8.804791 5.8367834 
-523.3118 155.4883 36.906647 24.03708 11.928711 27.247261 -7.9633875 -16.477951 -11.624685 4.574689 -0.305398 -5.946043 -8.145817 -5.4618998 3.0420492 3.2073538 -5.4879465 -0.35913962 -12.576153 5.658865 
-543.4734 145.30144 44.624287 25.63961 14.992434 20.244024 -0.6513334 9.543438 0.23237841 5.8265114 -7.1056027 -0.7143377 -8.514718 -7.554323 -3.767047 3.0026646 -0.88956535 4.8820148 -4.4531956 4.224279 
-574.2412 166.28136 47.700687 35.075005 -0.11838569 30.845907 -10.323261 13.656336 -3.5579448 3.8805928 -10.299926 -0.043318644 -3.9012194 -9.316877 0.41952807 4.946793 2.061062 -3.951533 -8.499018 -0.6569323 
-573.8327 171.3392 39.70413 31.534685 0.6503951 31.721886 -13.800761 12.725472 -9.907999 10.267558 -7.4880066 -6.4965024 -3.6097548 -9.630007 -0.49956098 0.68408865 -2.5581172 1.3042924 -5.1831603 0.25465414 
-556.7075 149.79596 38.63231 34.03556 -0.84891075 30.291176 -7.8679295 13.458336 -7.0562315 2.7735603 -10.231487 -5.3952503 -9.189159 -10.040051 -3.3518507 1.0600818 1.0295956 -2.0406497 -4.9616833 1.1656569 
-524.01434 153.7259 25.778862 29.026102 -0.7449273 28.619663 -4.2001743 7.2657404 -2.4893603 -7.895933 -7.744377 2.1846323 -4.70473 -6.8531284 0.9776245 -3.0605524 -4.909019 -5.400137 -2.5591304 8.432902 
-477.5708 162.63834 17.356766 22.978136 11.9342785 19.326054 1.7354509 4.376691 -11.742504 -19.12195 -2.8708286 3.6421118 1.3647761 -4.351181 3.3406649 -9.583992 -10.028363 -0.4667433 2.61457 2.717724 
