-363.28073 165.38766 22.39077 39.165726 -5.802824 -12.0798025 -17.583862 0.25591934 -16.773607 10.213338 -1.4531499 3.3633776 -0.27263144 9.317572 -9.841029 2.3093486 -12.336877 -3.5093336 -8.617827 -2.6641912 
-298.81833 134.7277 16.518461 36.52361 6.6633577 10.533711 -6.1692367 -9.225182 -37.10589 5.3571134 -2.72044 -10.012622 -4.051366 10.796178 -8.453279 1.7987056 -6.599351 1.6517351 -10.471161 -3.879302 
-266.57584 59.93845 38.544964 40.633377 0.080875605 30.399214 -12.217883 2.178724 -26.392593 9.85395 -7.8580856 -8.765098 -12.561639 13.129536 -11.001826 -6.017404 -3.8551474 8.263711 -10.217907 -6.004662 
-269.2923 142.11296 11.044725 22.698112 -20.805902 -13.784352 2.375453 4.988465 -29.045204 8.598851 -3.016121 0.76265556 0.4199989 11.79987 -11.872689 -3.2530649 -11.607208 -5.9057245 -13.632809 -4.0737576 
-346.84894 151.77217 16.748133 38.78947 5.9913683 -12.704493 -2.5460997 8.670645 -29.148455 8.5047245 -3.2464159 0.47181612 -3.1511514 12.2575655 -18.273537 0.7596867 -6.52966 -0.3430436 -9.063715 -1.7710949 
-380.15027 133.54736 16.78326 35.683987 11.2518425 17.488733 -9.219785 8.369788 -13.115197 11.731406 -9.554293 1.3969165 -12.563961 1.0124981 -11.843431 4.5960307 -10.7535095 3.4149768 -10.443122 -3.4255717 
-311.93954 143.49583 -15.359785 27.519346 21.85478 6.4626536 -4.7892485 3.9255667 -15.711292 13.486608 -4.813361 -2.984615 -11.518649 5.8793225 -12.071283 -4.2923336 -7.5295563 3.508507 -9.948252 -2.5933993 
-201.5824 135.70847 -67.5602 47.938526 37.725666 -24.635706 -6.795489 -6.68686 -21.662977 7.060882 2.806856 -5.3765674 -5.304824 5.8445807 -15.299347 -9.200085 -8.260699 -4.3439937 -4.635889 -1.6688355 
-231.25945 112.76392 6.755663 45.416985 3.5866573 -12.614883 2.1469288 -14.080097 -41.09749 -1.7755957 -15.991664 0.0065083737 -2.794556 6.010246 -8.850598 -2.5114403 -4.119099 0.09386773 -8.585763 -3.5567102 
-276.97336 131.03415 -3.2354736 51.596542 22.72557 -13.996048 -14.156811 -4.256318 -31.244347 12.266369 -6.585624 -9.891126 -0.36636332 17.137882 -11.475787 -8.6226635 -6.317681 2.1697514 -11.9696245 -10.1462 
-238.6153 156.79456 -60.436287 4.7161174 25.460487 7.8187757 -10.045831 -6.7629814 -36.084064 17.176525 10.640152 -4.15755 -9.608863 8.584263 -15.804104 -7.6562786 -6.296522 -3.8360913 -12.567447 -1.2213488 
-260.5478 176.56807 -51.672043 3.5179033 19.509342 2.7532263 -4.6862693 2.4303522 -29.217949 9.283371 13.664249 2.6038609 -6.4931965 5.352705 -12.402128 -6.873326 -8.002261 4.7156615 -7.018354 -6.742676 
-275.98206 121.66447 -1.708953 30.759165 15.548924 13.035044 -24.243538 -7.418423 -22.367233 13.230704 5.92314 -8.805862 -4.724367 19.20578 -8.278387 -1.9144855 -9.557339 -0.5309236 -9.358738 -5.1854196 
-296.39865 120.65723 17.907146 35.360054 -0.3448444 13.066596 -3.7952669 -11.307625 -42.70432 -0.6956749 4.760024 1.2522776 -1.5487202 9.848148 -12.023037 -0.008365691 -4.835733 -4.7329965 -14.34285 -8.713052 
-284.91867 134.70062 -15.692634 39.656162 30.840034 -0.793995 -20.859703 -16.753906 -24.10509 8.422658 3.7980647 -6.7478695 -9.965828 16.436241 -9.701045 -4.977715 -3.149796 1.8257021 -11.00783 -10.538738 
-278.90906 102.26602 0.8579553 59.774666 13.721581 -10.506526 -14.13439 2.3309584 -32.35482 11.976419 -11.322954 -9.956293 -2.963444 17.231361 -15.045591 -3.507792 1.2496039 1.9589484 -12.404006 -9.376921 
-305.46112 149.17038 -26.97789 28.12166 29.628105 11.545177 -22.27336 -1.8372703 -25.212563 5.2668877 -3.4554393 4.8998275 -5.477427 4.5969763 -13.144604 0.10299577 -5.749544 1.4392111 -11.448644 -3.9588225 
-306.72263 116.17521 17.060246 41.839962 -1.821466 9.440929 -11.529612 8.8305645 -27.746338 -3.6820111 -2.8644147 -2.5029995 -7.2632575 11.45191 -14.67521 -0.40030527 2.2591934 -0.26811916 -12.767125 -0.0048983363 
-285.26492 161.31947 -29.684727 15.222046 11.575317 3.9337306 -4.3782344 0.717094 -34.369827 11.298196 10.748305 -2.7181408 -4.369882 9.940095 -17.882595 -3.8474607 -11.321957 0.34767395 -9.135503 -8.430788 
-241.04533 126.5022 -12.679901 40.015003 -4.6679935 -2.582519 9.032732 -4.7950644 -42.354805 11.824442 0.3626871 -13.083813 -3.2928839 13.438726 -20.49502 -1.5836304 -4.403227 3.9477806 -6.25079 -5.487909 
-284.86444 90.28232 16.740927 51.624237 12.830147 -2.525568 -16.41188 -0.119943224 -24.041357 -2.7745144 -11.3887615 -6.390861 -11.298957 14.567149 -15.386356 3.3734913 -5.88301 4.58063 -11.508119 -2.4406557 
-273.01196 162.60368 -21.801376 23.12187 17.69498 -17.410583 4.5194354 -10.280102 -42.50052 -0.21945752 10.959095 4.558882 -1.0170337 3.6497798 -11.832428 0.3838379 -15.770771 -0.1573018 -6.7677474 -12.600971 
-351.46106 160.04051 18.510654 39.421635 1.0822364 -11.001161 -12.616315 6.353571 -26.397774 0.39491972 -5.5050983 -3.9743152 -7.9682083 9.396046 -5.525581 4.492836 -5.456911 2.1876721 -10.98634 -4.3910704 
-307.123 100.6373 45.837784 17.363699 23.533407 -1.7829119 -9.407181 1.3381836 -27.484993 7.03722 -9.093078 0.756769 -12.4834385 2.3887267 -13.651516 1.704071 -9.702363 -0.39299285 -16.187763 0.1855991 
-306.96442 145.49974 27.981733 52.993 10.796968 -17.835756 -7.952696 3.5786552 -31.046932 1.8458714 2.0121305 -5.258617 -3.844077 14.390469 -8.676357 -5.9156365 -7.2497406 -2.4597769 -18.036407 -0.9143444 
-295.363 156.82845 1.283926 32.664925 -2.610897 -2.3116238 6.609087 -2.853803 -41.589725 -6.172469 6.692703 -0.7059702 6.9642544 13.689982 -16.042833 -6.0559263 -3.9223666 -2.5839376 -11.389429 -3.2685874 
-252.24623 81.86478 33.06275 40.006832 3.0017607 20.596317 -18.68336 2.7412214 -29.017307 9.993549 -1.7399144 -13.718016 -6.647376 21.724636 -15.990407 -3.401681 -4.6540794 4.098717 -6.741931 -1.0282893 
-303.2347 131.99286 -9.57407 55.335964 19.06343 -1.6244516 -5.721393 -10.42863 -17.74687 6.9754496 -8.293698 -18.980303 -4.4120646 18.80916 -11.82655 -6.1744485 3.5198843 5.0537605 -10.369051 -5.8491282 
-379.08405 135.76537 13.352482 47.167477 14.728138 13.673491 -10.266941 11.665087 -13.735928 9.599455 -8.8181 -4.199061 -8.000566 5.4191265 -14.411138 0.14283885 -7.233323 0.15454692 -9.6309185 -2.9538388 
-387.55447 132.61388 14.567308 36.22632 12.031718 12.231952 -7.2762494 12.824368 -8.450528 4.1607246 -15.438692 -2.6828926 -10.264468 2.125598 -10.67317 3.5134962 -5.9486313 5.112891 -8.3449955 -2.4496775 
-388.31775 136.44861 20.05593 37.306755 9.316177 11.825126 -5.2656918 14.22202 -6.4036984 8.291046 -14.213682 -1.2391365 -12.816284 1.3049387 -9.70544 1.5801834 -13.097377 2.994853 -8.849097 1.4115463 
-396.72754 139.49876 18.233288 41.58764 13.377629 13.685535 -7.426421 11.327959 -9.254338 5.456722 -10.162213 -0.5728334 -11.845718 -2.0587924 -7.4558353 4.4144907 -10.171506 2.5228171 -7.899648 -1.7767518 
-272.0851 103.453766 8.489044 44.07016 17.258442 10.201412 -15.896099 -5.1752934 -31.66191 6.5048175 -1.3565927 -11.113939 -7.850462 16.867306 -13.004093 -3.972897 -7.5403314 -2.2355542 -3.346157 -4.793855 
-263.55832 118.79042 11.099629 43.18041 8.110719 1.8732259 -12.850875 -8.41804 -45.05773 4.5146875 0.07319747 -12.3899975 -8.284617 12.552788 -9.68986 1.1387656 -6.8269587 3.427415 -3.6616223 -9.984866 
-294.7871 137.99954 1.4650599 35.088814 12.611633 2.0960655 -3.7624016 3.3797348 -30.047752 2.0758345 3.6818361 -8.753475 -1.949307 12.654731 -5.697851 -3.7784903 -6.046263 0.5420501 -10.282832 -5.724918 
-221.69939 135.18634 -41.251865 22.149261 27.324093 10.253113 -32.750313 -3.110406 -25.350826 10.810955 11.651404 -3.9512057 -3.0348394 11.273182 -10.47069 -8.9120655 -9.280498 0.0034125645 -9.4551 -4.787758 
-266.24573 126.08156 -12.037131 57.64705 22.465345 -19.01141 0.09896702 -11.2478695 -20.114677 16.470768 -5.4174285 -11.315041 -1.3191619 9.598959 -16.46827 2.5055277 -12.242643 -0.6908274 -8.821316 -3.8172917 
-287.35046 131.75456 -4.9289255 63.19309 33.20094 -24.67165 -7.843519 0.42807642 -26.716177 4.349398 -12.060195 -5.3491244 -2.0414937 6.046623 -16.630373 9.912916 -7.020642 0.89891243 -3.4483533 -5.8035164 
-237.17386 61.088177 30.303562 45.201004 14.040406 16.838938 -33.42211 4.8857403 -28.145546 1.3878927 -2.9541812 -12.801656 -4.010343 21.931076 -17.994158 -2.187429 -3.6577966 8.757239 -9.930527 -5.3481426 
-271.46384 113.14864 6.3876853 34.091908 12.760809 17.982471 -24.987938 7.180887 -23.625835 10.468738 1.2555095 -10.402192 -5.017891 15.795238 -19.476572 -4.1403956 -4.454546 2.6663077 -9.314062 -5.019027 
-272.06946 142.7747 -18.810131 9.303867 3.2390888 22.609865 -0.20803939 9.561708 -27.355818 4.4856625 7.9047613 6.0007267 -11.3670025 4.2130566 -11.758754 -3.3916066 -12.655773 2.3901873 -6.704886 -7.050255 
-248.59454 110.0584 -14.919776 51.182735 27.379002 -5.189708 -18.302422 -13.504948 -34.979805 7.759381 -6.725346 -9.072469 -5.612343 16.93597 -9.547517 -2.9149997 -6.657764 4.271912 -16.649601 -8.342882 
-320.4813 133.5985 32.83934 37.716805 19.02111 -11.331733 -11.000891 0.27692807 -28.681389 0.86543024 -6.4053183 -4.189537 -4.7927394 10.662644 -13.564275 -2.6022348 -5.256873 -0.15871736 -15.415449 0.36952546 
-356.98944 149.25528 22.99932 40.71818 9.087518 2.6904888 -5.242072 7.662225 -23.756243 2.274999 -2.6589048 2.3812726 0.31723386 5.6011724 -7.691124 2.1236486 -6.066147 2.2895498 -11.828489 -4.9116387 
-277.4007 162.52301 2.6401303 32.99392 -22.877396 -18.725359 1.6301452 -1.5179173 -29.04691 4.6655664 1.7101812 -0.44194984 8.347472 16.596754 -15.604894 -0.8943386 -5.1906924 -8.848886 -13.588201 -5.580475 
-326.7862 159.33882 17.249605 31.256632 -9.1362915 -12.375675 -1.983778 4.396338 -18.40195 2.8744524 -5.4479084 -4.789716 -0.66929907 7.9643917 -9.391496 -2.424808 -8.441174 -3.6410098 -9.1029825 -4.795797 
-377.60718 135.11185 14.322164 38.523094 13.922731 10.18104 -4.3799534 12.649233 -5.176012 4.576037 -12.971269 -3.5112333 -6.8562765 4.295691 -7.9338093 1.4665837 -8.512717 0.5283792 -7.9788785 -3.6700163 
-291.70316 155.70573 -11.6526785 34.850353 12.170469 -10.772654 -0.42702234 -4.3559437 -36.942398 -3.6309106 -0.4614652 -6.4785295 3.6320696 13.844218 -8.717172 -1.9986377 2.0169513 -3.7036395 -9.797961 -7.6024323 
-243.72713 77.67431 12.88434 63.976578 11.433744 -1.94287 -19.752417 5.4692564 -29.16455 -8.910208 -8.806378 -9.4896555 -5.8358436 9.999052 -15.800027 1.6661067 0.1583677 -2.9843059 -6.856747 0.6204753 
-270.25378 113.745255 16.56199 36.939655 12.205734 9.9796295 -8.962879 -10.464042 -32.562813 0.7297444 -9.921463 0.3084456 -13.50799 8.498053 -3.9906454 5.124861 -4.0052834 4.6626797 -7.5370145 -2.6515067 
-283.0309 158.0051 3.8769886 26.189445 -8.199325 -11.21648 -3.8564403 1.6586694 -37.800724 0.9890404 6.3717675 3.1217794 2.838399 9.978931 -15.483466 -4.5578537 -5.780592 -7.255016 -9.8166685 -6.660769 
-263.07996 120.78371 -7.5613337 34.15908 33.242924 7.015418 -36.360584 -3.3537617 -30.286089 10.723116 2.330906 -9.4686165 -0.97428745 20.101316 -16.243282 0.4249826 -1.9728216 5.319977 -5.4671097 -7.589776 
-274.47574 152.7454 -31.461927 30.978539 34.732304 2.386243 -17.864983 3.045205 -18.351305 7.4829583 6.3784156 -5.529335 -7.6809406 14.554803 -10.581988 -4.0713334 -11.939891 -4.3950276 -9.047726 -4.3272276 
-275.97702 123.28632 -7.1055713 63.293877 36.395912 -15.911039 -21.54926 5.9625373 -23.968233 -3.1115885 -13.517978 -9.6472645 1.348856 6.807047 -16.135525 6.7569776 0.90310204 0.7663138 -7.627485 -4.3033733 
-288.79407 84.60649 27.597115 68.61036 -3.0816634 4.4484067 -15.068181 9.885067 -24.631826 -0.5022816 -8.855797 -11.46599 -7.329996 9.841331 -13.402813 3.8582437 -1.5263982 -0.5260137 -13.293104 1.8298416 
-279.22192 159.10077 -33.663662 13.290741 7.116284 16.494734 0.41504177 -2.7295592 -35.298653 6.632083 11.443524 -2.9197252 -5.219986 8.48309 -15.3963585 -1.0459008 -10.572955 0.2049159 -8.607471 -10.840774 
-266.12076 94.051605 5.0202093 61.170708 7.382444 11.079102 -16.88191 -8.702608 -23.733175 6.685792 -8.007258 -12.366564 -8.864307 20.680084 -12.0930395 -8.688447 0.93912506 6.676356 -10.686805 -4.76345 
-272.5975 93.338234 25.743233 24.955748 -19.304968 26.976612 -19.692886 3.3810277 -22.355686 7.8642263 5.3740196 4.4625025 -12.784372 13.290535 -18.047531 -3.9800143 -7.7204266 3.4058974 -9.22916 3.0641718 
-248.57893 107.32773 14.460709 43.113457 -28.73958 16.472832 -2.2546237 -5.034433 -34.095806 2.4083927 4.5711207 3.9788585 7.393218 20.16845 -18.899675 -5.807031 -4.495327 -4.501932 -13.0426035 0.19017145 
-266.04224 148.20425 -21.677322 15.239716 -8.099656 16.05043 0.46108925 -2.6839485 -25.429287 10.329144 9.151535 1.8490756 -4.751379 11.862186 -18.2158 -4.848383 -7.7812033 -0.640166 -9.668102 -3.0515075 
-253.23724 114.98253 6.5668945 9.527261 15.801398 3.710687 -26.748993 6.5487714 -29.216745 14.114749 3.4253664 5.1582227 -1.8382144 17.576115 -15.746288 -11.382136 -9.085275 3.6695354 -9.0541315 -0.18847506 
-299.62347 143.34874 -11.871107 51.688156 33.670517 -14.255754 -24.149553 2.4462583 -21.763855 0.55404735 -6.1056004 -2.891727 0.79318553 12.231278 -11.321003 1.266912 -0.014862644 0.88679475 -11.686446 -7.252271 
-329.4695 164.19847 6.0085883 30.119642 13.772948 0.075702034 -11.984933 -1.0349628 -27.571306 -4.904548 -5.6428123 5.962122 -1.1980283 9.619381 -5.113607 5.827155 -6.5738773 1.112362 -9.839604 -4.783083 
-272.93427 141.8444 -43.63817 30.106205 29.75446 -2.3332624 -12.184821 -4.4053144 -26.947367 15.150249 11.325091 -7.1504483 -8.78825 17.093025 -7.9334846 -4.551674 -10.931173 -3.0056024 -12.719725 -9.062024 
-263.39606 128.44131 -6.9318833 40.51657 10.098603 -2.7502067 -3.0018988 -6.5395184 -36.555664 5.1141305 0.5252022 0.4621005 -2.5141597 9.104301 -5.689688 -3.5699015 -8.849404 2.6506782 -6.5755258 -8.242494 
-338.9007 151.07982 10.76745 30.792904 5.9480066 -2.4534104 -2.0934973 9.2897 -19.620146 2.2499301 -4.831387 2.1272092 -0.69266486 11.709171 -4.53488 -0.9983169 -11.009693 -2.7320104 -10.581559 -5.5244403 
-374.7208 131.68866 12.600699 35.157146 11.0444355 14.179665 -5.3867016 10.39367 -8.453184 9.174525 -10.136755 -5.633587 -12.070297 4.96242 -8.406057 3.8481233 -7.9048724 2.5668824 -10.798596 -5.9413233 
-359.0741 132.21729 8.195258 32.424667 16.196804 11.34555 -16.330177 4.2767153 -12.536194 15.006392 -5.588605 -0.61799026 -10.505885 4.3639774 -12.339693 -4.5446525 -7.456316 6.389016 -4.2469835 -2.3892047 
-270.70346 157.57365 -42.441566 38.517696 31.898033 -3.920019 -19.345358 -5.2280116 -29.67139 26.020943 12.177516 -11.423397 -6.1913724 24.911446 -11.243433 -10.33343 -6.566658 7.472885 -8.673538 -8.48558 
-342.90588 149.94322 8.816169 51.742584 18.180153 -8.19042 -7.1742196 12.970872 -24.4532 5.7480946 1.3519578 -8.514469 -7.6873145 20.366331 -5.5867887 -6.2380548 -7.9545536 5.649523 -12.890078 -3.6283696 
-237.02675 115.2399 -15.709712 39.361225 21.001625 -2.8792555 -20.735079 1.8287264 -32.570316 9.434547 12.105679 -9.804663 -15.742152 16.525177 -11.728907 -7.6772666 -12.1017 -1.6944299 -11.166188 -4.040151 
-234.16867 138.06575 13.187942 30.990438 -22.653828 -19.659845 -6.4850407 3.4736388 -43.849663 -2.330427 4.8268743 -8.668205 -2.573327 17.667372 -13.817546 -3.0062113 -1.2340661 -0.11857912 -16.3191 -7.355132 
-298.52588 160.90717 8.443501 28.208626 -13.319141 -23.750584 -1.1175246 6.137331 -30.739916 2.9008753 -1.1442215 -4.973845 1.0146276 18.21164 -10.734867 -3.431129 -1.2459038 -8.095283 -15.175195 -3.333724 
-384.2587 133.40279 17.21297 32.70343 9.761039 9.094533 -5.600168 11.674587 -8.880626 5.642162 -13.620177 -4.193509 -11.071679 0.41444612 -9.141156 3.381707 -9.931693 2.8293557 -10.585137 -3.7540638 
-196.57832 157.27477 -73.12363 10.952886 33.717834 -2.1451123 -7.278979 -0.055750106 -45.612034 3.8511844 13.226128 -7.616817 -14.696596 8.710227 -15.695469 -9.058094 -8.452086 -1.5447241 -6.0814714 -7.573593 
-208.36806 112.29062 -16.564857 56.507065 27.5873 -8.835866 -19.328747 -7.836331 -43.128403 3.2398725 -7.8316445 -9.305541 -11.536154 15.324093 -9.370513 -3.8736818 -3.8421965 5.0508666 -12.737376 -4.586977 
-278.05023 161.90932 -12.015078 31.386393 11.754072 -21.005045 -12.857417 1.4461591 -31.565538 0.37460497 -4.551351 -6.7704773 -5.2689567 7.940045 -6.603429 0.09208393 -1.2466476 2.2975273 -8.889567 -8.427582 
-239.1401 116.43117 -23.705503 32.29932 27.937756 -2.6587975 -32.644054 6.9304843 -22.066467 1.034162 0.23528872 -6.7992115 -9.009144 20.167732 -16.69085 -12.3691025 -5.839966 0.45120472 -10.185979 -2.8821247 
-264.40497 132.97646 -16.856886 39.419308 18.512651 -4.061451 -35.718098 -0.7366073 -21.900291 7.7942786 1.8739384 -5.0066857 -3.6903894 18.522898 -16.541517 -6.345258 -1.0455445 7.1024637 -14.368273 -5.9460697 
-215.13072 140.25554 -47.502937 37.03525 38.154922 -14.488334 -26.440155 -0.63251495 -27.380812 6.004465 4.564983 -1.4714775 -3.8729787 9.608658 -16.69812 -2.5790746 -2.1681736 0.38322052 -5.6358438 -2.6118248 
-299.03528 123.86491 14.096567 42.743614 10.689693 -4.565334 -11.918808 10.472962 -24.013481 3.1732817 4.12062 -3.6193762 -0.36023113 12.275285 -11.554917 0.7285696 -3.9383516 -2.4040701 -9.381533 -3.9775891 
-280.45203 141.4786 0.67000866 27.373735 16.894585 5.849321 -12.640217 -7.642931 -41.784866 1.3071269 3.1167233 -5.9263315 -10.515393 12.996937 -11.140095 -2.281998 -5.2174125 -0.25727868 -10.185402 -6.1353602 
-284.19788 118.93966 2.3119295 41.675735 18.721193 5.171187 -20.690813 -2.7453377 -29.756771 -0.47672048 -2.5705748 0.98931575 -6.304591 13.663316 -7.656295 1.41329 -4.5200562 1.1426482 -8.894871 -4.885414 
-318.7554 119.80591 17.822721 64.18365 13.28135 -5.268921 -13.6600685 10.761723 -24.430285 -2.070178 -6.258121 -7.2960916 -11.143954 6.7219067 -11.852812 0.34666887 -0.9956683 2.4328372 -14.378939 -0.6732628 
-291.3919 156.3497 -36.58354 37.75196 23.444307 -1.0480019 -10.420297 5.1519036 -35.47184 4.7951846 1.9581388 -4.658772 -1.930442 8.670442 -13.947752 -2.2033412 -7.9565997 1.7088596 -13.253198 -6.4813647 
-267.96237 159.3229 -35.139473 40.48426 17.219418 -16.836666 1.0648474 5.053417 -36.29211 8.235202 -0.44169194 -13.040747 -0.026704311 17.063772 -10.534329 -0.13745856 -4.5929623 2.4461794 -9.034054 -7.138455 
-292.28583 134.73483 -18.904432 67.82663 34.609756 -22.494938 -1.8401781 7.89169 -33.602493 1.3881984 -6.3853626 -11.364329 1.7530881 1.1904774 -13.060799 0.79899365 -2.2016687 0.9534328 -6.7076044 -2.140387 
-281.31973 107.58069 34.78642 29.555826 0.8314807 18.248848 -9.891996 -1.1937627 -27.182732 2.4441404 -2.7912953 3.9030952 -7.477924 7.530749 -8.78613 1.8571188 -9.92223 6.4391074 -0.97833496 -2.5251856 
-341.6361 146.51535 18.479063 33.63534 0.85753757 1.1141261 -0.6776229 16.89467 -22.130297 4.0215945 -5.04035 1.4201415 -7.445318 11.909334 -10.183066 -2.4771361 -11.4306755 -0.46182013 -10.203356 1.4608923 
-245.17313 174.87454 -52.043545 0.32804507 11.941746 8.067895 -8.78913 -2.3232553 -33.578068 12.547283 10.360777 4.922406 -9.814486 2.451295 -16.311796 -1.475132 -11.263478 2.2132618 -5.8371964 -8.371318 
-290.34738 138.66547 -22.045647 33.343254 21.014305 3.2786155 -14.339451 0.6112456 -22.033382 14.759182 0.5263545 -0.37632555 -8.624078 9.258069 -11.366152 -4.108965 -7.702303 5.797675 -5.983104 -6.858916 
-309.2345 112.66353 -0.9922063 57.600327 19.666054 -5.8328266 -14.849319 4.190812 -25.05822 7.7395334 -10.895339 -5.259226 -5.6291738 14.561781 -11.640775 -0.21869963 -1.2775786 7.1197834 -13.255191 -7.6523995 
-267.9401 163.6998 -38.385086 16.627817 -3.1486866 -2.064798 5.267491 -0.7356486 -32.845154 10.735213 12.521772 1.0942123 -9.818482 5.2444644 -18.6 -6.5676403 -9.518744 1.4434726 -7.804051 -5.218912 
-362.50006 133.10365 9.945064 30.154402 4.412512 15.222015 -6.9206614 13.332857 -14.055241 11.225333 -2.67712 2.1745317 -10.443136 2.2999392 -10.356058 -1.4104223 -11.192151 5.7085238 -5.1472955 0.20202647 
-383.95895 131.01602 12.582967 41.700424 12.9435835 16.529291 -11.000324 10.322104 -12.4813595 9.207623 -7.6682196 0.53028727 -12.756691 2.5856397 -11.078224 4.005971 -11.814193 2.4700797 -10.078058 -4.9010754 
-210.05173 156.32913 -72.968414 4.719184 27.64818 9.493529 -21.216858 -2.0951447 -31.023441 12.79078 11.317674 -4.9860177 -14.533085 11.98449 -13.027841 -3.518584 -11.042165 -3.7231717 -11.179463 -1.7408332 
-290.14578 98.62495 -3.3637624 60.47142 13.0473 -3.2528694 -15.054781 9.795723 -30.480295 7.0955677 -14.190935 -4.4160137 -5.680966 12.914178 -10.416828 4.3541355 -4.0304914 9.109188 -12.462653 -5.366912 
-340.5143 112.00551 27.129171 42.19598 9.812351 19.526453 -19.177015 5.0711675 -13.814781 6.598415 -10.242742 -5.2269955 -10.101471 14.963253 -9.341251 -0.010530823 -5.0237446 4.7150493 -8.944427 -2.99335 
-298.4683 110.32773 -0.30964342 30.096846 19.721909 14.763048 -35.31396 7.6720104 -23.510868 6.59026 1.5067703 -5.147817 -5.48811 11.910512 -14.078216 -7.9941864 -6.4655743 0.7121472 -13.712277 -11.353301 
-364.65213 130.99431 16.27372 31.169952 14.010114 9.186191 -7.710589 11.10145 -5.813776 5.250332 -10.363277 0.80590445 -12.460765 3.2066777 -8.283268 1.1619216 -12.258403 3.1669726 -7.728018 -4.4851604 
-381.91168 132.15324 21.575804 36.0592 12.91752 11.108044 -3.074027 12.332447 -8.933949 7.6341944 -13.791935 0.039746497 -10.157925 0.21155272 -10.2877 3.0164418 -8.7021675 3.2520611 -8.209193 -1.9869406 
-367.17477 120.59621 29.168026 31.55468 10.821433 10.559528 -4.146271 10.0005045 -9.846434 6.830039 -14.295715 -0.026306655 -9.960941 2.1130445 -10.65606 1.1083287 -9.623807 4.2283 -8.35901 1.1996658 
-391.05054 122.936714 26.775019 33.535797 14.029671 14.997884 -3.5181458 13.981258 -7.229557 9.99009 -14.888061 1.4638195 -15.013883 -1.0517554 -8.743953 5.643522 -8.822411 4.591368 -8.048425 -0.30688295 
