-371.22253 135.42468 26.459816 31.179708 9.20759 12.685246 -4.367872 15.313156 -9.385868 1.4027017 -22.62835 -2.735017 -10.062071 3.5150425 -4.857588 6.9678097 -8.865596 5.2255363 -4.678618 0.2517947 
-263.88422 150.1736 2.7940474 44.045406 27.38223 2.0007281 -2.5361738 -8.3083 -38.81231 -3.092159 -27.149422 -15.050381 -4.4930897 -3.7406797 -6.854553 8.50144 -11.164476 7.7910724 6.869802 -5.4598627 
-254.0927 113.77703 25.966703 37.390305 18.261637 9.195242 -10.781403 -13.953938 -38.940598 3.4351969 -22.467556 -16.263218 -13.324997 0.33987924 -1.9067245 5.286601 -20.402763 6.349558 2.9540973 -2.2319672 
-258.8908 126.03278 8.495275 57.43962 30.656136 -13.506274 -21.250208 6.6293344 -34.942265 -12.360868 -22.354963 -21.865177 1.914348 -6.183729 -12.2413645 10.063512 -9.001792 11.588388 -8.248163 -2.0723407 
-314.22797 158.87659 9.019582 27.41903 23.314919 15.142395 -7.732687 2.6342273 -17.726923 0.66058016 -16.078524 -10.064613 -13.4114275 -3.2024865 -3.9331164 -0.26793644 -11.666383 3.5796297 -4.244219 -0.753652 
-294.9365 122.50529 34.749348 35.72722 15.28741 12.477154 -3.1719973 -2.250335 -15.754595 2.7937987 -18.743277 -8.185825 -8.459377 -0.7159934 -9.634324 -0.032795534 -14.867796 5.565385 -1.7003729 0.3093356 
-270.178 164.81485 18.16464 31.688965 -2.4115555 -4.136055 13.658609 9.200412 -53.436184 -15.634609 -28.185747 -27.205557 4.7930727 0.18176842 0.5182096 6.2583566 -5.402994 4.447952 -2.3973742 1.0903217 
-279.65125 56.985806 59.332565 42.096184 -9.588001 34.203884 -9.310966 3.4215977 -15.966878 2.742383 -20.514557 -1.4072881 -13.413323 2.1591504 -6.489323 7.924502 -8.853059 9.043505 -8.190145 -1.1694196 
-276.78748 92.46669 37.065872 59.63242 8.516147 26.780098 -6.4595585 -3.4568057 -29.38818 8.398617 -22.121296 -17.848637 -21.390062 1.4977682 -6.325064 -3.80461 -13.592266 9.245765 -1.8004987 -0.9256645 
-304.13287 95.00203 36.175117 62.28262 5.6267977 15.411092 -1.3373469 9.7438 -20.851267 -2.9990807 -24.546167 -4.9405417 -15.089443 -2.5027103 -7.2530823 1.7395098 -10.232323 11.28145 -6.4885044 -0.21486081 
-288.67554 44.70848 60.02014 48.37951 -13.747981 36.79291 -10.1210985 12.03177 -10.574269 11.885631 -26.618807 3.8314273 -11.991838 2.7902162 -11.085229 2.6304712 -13.525654 8.968021 -7.919317 -1.7348974 
-286.0023 104.42944 27.259476 55.49932 14.668128 23.99109 -5.5025883 -1.8328828 -32.08141 7.630355 -22.11494 -16.365402 -20.898344 -0.6793379 -4.939581 -1.4843535 -9.344675 6.721543 -0.36892888 -2.7024019 
-308.22018 147.87714 21.633307 49.796173 26.913616 10.391491 2.5596602 -4.341314 -30.7824 3.6593454 -22.50444 -18.944206 -17.45677 0.40540117 -3.738898 -1.0576816 -9.678725 12.716511 1.6033393 -4.239108 
-316.4093 151.11224 13.7651415 31.141802 14.793049 13.36887 2.100482 -1.6659687 -34.599457 -0.091199875 -14.51731 -7.550453 -14.077062 -0.39453033 -3.292918 7.83163 -8.489262 3.5815659 -6.3337827 -4.1715436 
-313.17822 173.5277 8.963137 20.15396 3.627778 12.4023695 4.9203086 -1.6406059 -39.762672 -4.536581 -2.4702814 2.4116824 -2.6888895 0.9174189 -4.5522857 3.6228664 -8.166718 1.5633129 -9.018582 -3.2119772 
-328.90488 143.12164 9.568994 25.962715 13.2230835 12.439037 -6.63428 -1.8718436 -26.958534 9.230257 -4.491137 -2.244584 -12.649235 0.074477114 -4.3301215 5.085043 -14.207487 2.2938566 -6.6071997 4.70452 
-275.81482 19.606625 46.981415 67.87915 -29.315931 34.629745 -10.31888 14.435253 -17.196775 19.519997 -17.02835 4.095701 -13.15056 1.3787675 -11.473083 9.14294 -13.752743 9.422123 -12.896343 -2.0981398 
-309.09088 123.77907 28.549364 71.17804 18.027859 8.444454 -4.9593897 5.640127 -31.989542 3.735641 -27.674263 -17.623623 -7.9365788 -1.8514819 -16.768354 4.528391 -0.72188497 6.401269 -8.130138 3.681235 
-298.2598 124.35765 23.133371 68.8879 26.848372 -9.83876 0.80435795 20.803656 -44.37 13.897747 -30.780514 -21.00926 1.0079247 -12.24708 -17.253538 13.913433 -12.262646 -4.2883663 -2.9012976 2.3156843 
-313.5005 86.33064 41.496555 35.090015 2.4972095 27.348999 -13.15381 15.552492 -15.17097 6.5692596 -16.709936 -5.8713083 -10.653894 4.3577323 -11.40535 4.269821 -12.673379 5.964 -6.8420906 -1.6779878 
-290.0185 154.32764 17.016542 26.49759 23.80286 22.26066 -7.014827 -5.3280997 -42.99089 -3.665952 -16.43958 -8.53856 -6.5360284 4.3983135 -1.9747655 7.8372107 -9.211058 4.288761 -4.315452 -2.0291774 
-294.58524 159.96445 17.512407 36.564873 20.480242 15.152424 -10.150003 -10.236615 -31.655722 1.7696192 -19.767235 -15.744149 -10.375957 1.4248358 1.9928826 7.3695655 -12.350849 7.169527 -2.5662603 -1.84354 
-329.33875 139.38954 28.659546 33.21811 16.989046 15.817039 -12.700383 0.83479637 -28.283194 4.5523415 -15.470189 -8.29904 -9.312603 2.315427 0.9084768 10.005515 -9.98373 1.6960948 -6.8948584 -1.4350543 
-337.0636 147.75883 27.563808 32.67769 25.333527 19.541431 -3.6601028 0.49191272 -30.767769 0.3765794 -16.642374 -6.053796 -15.250617 -2.6352692 -3.8347957 8.815554 -8.789158 8.022221 -0.29463017 -0.25874624 
-305.76053 139.69815 19.797895 58.675884 34.547874 -9.264095 -6.552258 12.601934 -32.640923 -4.4032345 -29.447655 -16.648638 -7.356432 -1.2009084 -16.057423 7.5770135 -6.895388 2.4368985 -2.362849 -0.31572458 
-338.9463 124.43161 25.809563 28.14176 17.547924 16.839384 -8.405646 2.5560665 -21.428339 7.7294135 -16.754913 -4.786741 -12.547806 5.7084074 -5.856378 7.244168 -7.3337893 9.821599 -6.0146523 -0.9825934 
-309.96 129.90488 24.694641 41.496998 8.257227 21.644056 -8.760795 -2.7885385 -30.566319 2.8059587 -18.197624 -6.1967807 -10.643395 4.5469975 -6.311121 5.787128 -13.926574 3.1267345 -8.676128 -3.2765841 
-316.7936 89.15243 36.286953 55.531338 -2.5786405 19.547915 0.28228843 10.834824 -20.89024 8.236716 -22.750803 -10.584071 -12.898563 -1.9442904 -15.9921 5.558509 -5.890236 3.8741848 -10.7560425 -0.84321964 
-374.1202 125.36539 26.346937 34.008747 11.317398 10.475257 -3.0274696 14.488959 -8.358303 8.794701 -14.538181 -0.67777306 -10.197181 -1.7510421 -9.410429 5.9312806 -9.52164 4.0805655 -5.923283 1.8844912 
-376.4907 125.569916 19.97176 31.437721 13.513173 10.592258 -3.8399882 11.797629 -9.281749 9.829137 -15.030938 -2.4873183 -8.105022 1.2144554 -10.669557 5.1906476 -9.853109 6.945684 -9.871303 -3.5819266 
-275.69495 147.83827 11.34564 50.77417 37.21501 -11.22832 -7.7600403 8.801143 -39.039257 -7.0641217 -25.915258 -11.628001 -5.636414 -4.778679 -8.354816 8.816368 -2.4193847 -0.2892574 2.0923815 -2.137656 
-270.42905 158.67337 15.020717 28.908241 16.989428 5.756819 6.2913547 2.2353644 -34.69866 -10.85402 -17.676388 -1.5868356 -1.8628087 -1.7532868 -3.4293168 6.008573 -6.661475 1.6152581 2.1844254 -2.9261694 
-329.94113 155.7792 24.641415 36.92351 10.65949 2.8120444 1.0246419 8.641631 -19.44145 -2.4630651 -19.330109 -11.865522 -6.9236493 -0.77702713 -3.1619985 5.526161 -7.2532206 4.2380548 -3.5355346 0.22219838 
-297.55652 171.05695 24.216827 27.86776 -10.376109 -9.49282 3.2055933 14.912957 -25.17868 -9.8410015 -17.629086 -16.350344 -6.009719 10.890233 -2.3892581 2.9459953 -8.504381 3.1924503 -8.47527 -0.5914594 
-277.271 132.40175 15.712199 34.769142 2.3171947 2.6380394 -3.7235494 12.071924 -28.891672 2.1443226 -12.88992 -2.190884 -8.556874 1.4651923 -9.357141 -3.3151731 -13.661626 3.2249057 -0.825581 -5.194292 
-317.304 152.5797 19.882484 38.40954 12.473175 9.974222 -2.9296193 -0.18711302 -27.759453 -5.136818 -19.26028 -12.723974 -5.8961406 0.8053329 1.640323 4.3175616 -5.72056 8.504514 -0.9729572 0.28239065 
-318.74133 116.76168 31.331247 52.019493 -3.5045464 8.172903 1.5469782 8.56192 -13.059063 6.8418603 -22.938452 -10.9082575 -6.93201 0.10642772 -12.443797 5.6854954 -10.290577 1.5094289 -7.719804 -4.7055607 
-329.90158 142.18744 21.619417 47.358047 24.044474 6.873134 -9.101673 0.050821833 -19.93665 -3.1704905 -21.651974 -8.032465 -12.769877 -1.8292978 -7.4009137 3.6130648 -9.469516 5.1301684 0.6523977 -3.2628183 
-339.1301 131.55208 33.060562 56.65486 10.952038 7.5482755 -8.873532 8.880779 -18.67412 0.62420565 -23.99052 -8.321211 -8.763119 -3.4602623 -11.857518 8.98942 -8.0959835 3.6416516 -4.344802 0.7696085 
-305.2114 71.432655 38.8048 65.36476 -5.1389413 19.4151 -2.7658825 12.110161 -16.853455 10.578893 -24.807997 -5.9874277 -13.201154 0.80630535 -13.232961 9.012356 -12.359199 7.3232574 -13.324668 -1.7059985 
-333.6498 148.56718 14.14667 60.650772 35.41161 0.9700701 -11.573368 -0.36676133 -29.444075 0.3616303 -25.376665 -17.184404 -10.734094 4.85221 -5.9379683 4.8721566 -8.113433 11.265478 -2.3746624 -4.173228 
-331.80075 147.54707 26.217083 43.909004 23.246155 18.082178 -10.522351 -5.9295125 -28.814827 0.5283962 -20.666557 -13.623182 -14.858936 1.5890169 -1.4716443 10.55881 -12.156155 10.792778 5.015896 -0.9410696 
-315.3871 94.3848 35.130276 57.74619 3.5857549 20.946001 -12.943063 11.385061 -18.595385 4.206339 -23.00539 -10.16434 -14.125399 0.56512237 -14.066155 5.815223 -8.644642 8.709848 -5.7697716 2.1515532 
-305.92953 134.30232 15.103836 57.395134 31.374102 -4.5216074 -13.122658 4.6983094 -25.464914 -0.06483952 -28.021942 -15.575355 -4.8444633 -0.03405486 -7.096233 1.9369041 -6.3775015 7.0031605 -3.3038418 -0.07239734 
-361.3726 127.47937 23.791344 32.99176 13.532436 12.838997 -7.8567863 8.265011 -7.3215046 4.722544 -20.312492 -3.2094507 -12.188827 1.9019955 -11.911499 3.7753406 -7.557435 4.10561 -4.9687176 -1.2926726 
-359.88586 112.58543 20.876606 30.71149 15.072233 16.768147 -7.5974426 8.4134 -9.908952 6.2339125 -13.397574 1.2598971 -12.11997 1.0726206 -12.514092 5.9439907 -13.083159 3.959914 -6.032091 -1.6464459 
-343.60648 144.17996 27.075094 40.82905 21.076246 13.129323 -9.996044 4.905219 -17.511976 -2.1787176 -20.16681 -12.546235 -12.261227 4.5117364 -3.500774 4.5937023 -8.811573 6.5300846 -3.003278 -3.082568 
-310.27853 161.16518 13.043717 36.712303 18.880947 -4.981092 -4.1958714 1.5522935 -30.109999 -1.6366776 -21.316338 -9.354626 -2.7299685 11.474197 -7.788592 3.3928173 -4.1414385 5.6365895 -6.183814 -4.244032 
-324.1167 166.22556 18.043396 21.468672 8.617352 14.0017605 -4.2051997 -1.0107293 -30.04956 -1.2554069 -17.951103 -2.630536 -3.878419 6.90699 -5.205773 1.2171808 -8.120549 5.667378 -7.1828604 -0.27828547 
-326.3734 104.74458 54.302628 33.01979 11.358448 6.987042 -3.0115361 6.4544334 -25.030762 7.6500797 -25.209114 -2.1714225 -12.423363 -0.83150154 -17.25079 11.9591255 -9.398083 6.6452856 -5.0122776 -0.5404389 
-375.72562 137.5012 29.459679 36.297535 12.348804 7.78792 -8.650498 8.081968 -10.795208 5.5575056 -16.60545 -2.3660533 -10.099287 2.0666738 -9.498578 4.5621543 -6.2797275 8.045407 -4.7709002 -0.82314694 
-367.06842 118.037025 24.77458 37.47699 8.517834 10.583531 -3.7144046 15.654438 -10.008045 17.96399 -19.662788 -3.0359907 -10.036497 -0.9737963 -10.0372715 8.321969 -11.994551 2.015246 -4.339646 -3.9950032 
-325.5237 150.35599 30.616434 36.6706 14.824422 12.011108 -0.71708375 9.3219595 -34.435226 -3.700253 -25.590351 -5.8830433 -10.069653 -0.698097 -6.287416 6.5169373 -4.7382407 3.7058623 -0.3193459 -0.8398497 
-342.0218 143.78568 34.053192 57.5059 21.405247 3.0193493 -3.2204669 12.038806 -25.392958 3.5665233 -26.027758 -12.889491 -11.365757 -1.6315774 -16.018461 8.3951645 -7.167088 1.4311275 -6.4566135 4.394016 
-288.37146 157.14624 7.6972036 15.267044 4.142975 7.9799814 -3.9348586 2.7506077 -34.600132 -2.6073468 -11.369064 0.39355245 -1.6787788 5.2279873 -7.453643 -1.011415 -14.727663 2.998637 -4.462674 -1.1447634 
-286.8512 155.95746 -8.931947 46.56213 41.04283 -1.0795618 -22.592213 -6.1863585 -27.27509 -5.9161034 -26.47194 -11.643743 -4.1193404 6.385934 -1.293858 7.3893223 -8.679742 9.339146 0.12120787 -6.194414 
-319.49722 120.13858 30.877367 47.948654 -2.8684247 14.181393 -4.656135 8.63081 -27.12924 1.8653938 -22.294199 -6.8230467 -9.027975 6.893086 -11.12131 5.5933805 -4.257495 8.999699 -6.923408 -2.6697686 
-363.3344 137.36821 27.5999 41.309967 15.407756 10.224606 -11.379606 5.1503525 -14.412037 6.9777126 -16.694109 -4.44463 -10.931142 -1.822038 -6.6333184 1.9347415 -8.282139 5.5726604 -6.168704 -2.1175113 
-363.28186 141.02783 18.015886 38.37479 8.003586 4.909058 -7.3859253 10.120322 -21.340456 3.740131 -19.163963 -1.0430669 -8.817669 -1.4203826 -11.722475 7.392202 -4.555074 13.135005 -3.3028498 -2.285531 
-383.91342 130.81966 24.040615 35.590378 11.370901 11.440988 -7.458502 14.812605 -7.1698422 6.3140306 -12.586772 -1.4053406 -9.316413 2.7871566 -7.6771646 6.401106 -7.4049053 6.9494095 -7.250921 -1.5967159 
-383.5932 129.99786 22.06134 33.457287 10.956309 10.866982 -8.246486 10.881648 -12.197521 4.8517427 -18.58464 0.1502443 -12.962187 1.0395006 -9.929115 6.8323646 -9.302273 8.432984 -9.206493 -2.0926595 
-379.02698 128.41054 22.997604 31.582981 13.515846 12.753948 -7.985438 12.449437 -6.893825 8.230654 -17.463217 -1.3540183 -12.833075 0.7380714 -14.557702 1.3725955 -14.5921955 5.1598954 -9.503728 -0.51796234 
-382.3746 126.69893 20.756216 32.4594 11.862167 13.250576 -9.08599 13.010061 -6.2660275 7.784151 -16.067095 -2.116044 -12.801175 0.10564324 -9.292104 7.8406844 -8.8324795 8.534495 -7.6501455 -0.30560297 
