-322.17236 155.72429 -1.6688434 10.971076 -2.7311575 1.2566992 -1.9455901 -40.68683 -16.274546 -4.2523236 -3.9537277 -0.9332233 -17.415333 4.8111897 -21.909319 -0.7651551 -5.010372 -2.769438 -4.935935 14.865624 
-331.10153 109.10604 56.20258 -5.9057217 -3.6456213 13.668563 -15.565711 -6.1127334 -21.563879 -1.587 -1.3903955 1.0358493 -4.175882 -1.1038468 -13.246432 -4.0786877 -8.813707 -9.707249 -9.960063 -0.8036325 
-324.16867 157.75664 16.226664 -9.457086 -27.19652 2.9700577 3.199411 0.81898284 -18.833958 -17.296284 -8.407728 -4.599881 -8.269869 4.727981 -14.105684 -2.9934623 -9.784877 2.0254917 -6.4321127 -12.748583 
-353.32324 81.707436 63.746147 23.244728 24.190601 3.80039 -29.199581 7.6276646 -24.205723 -10.442002 -20.503788 -2.3604739 -0.6426751 -0.039143246 -11.769362 -0.92904735 -3.4252398 4.4813914 -11.86536 -0.809756 
-377.90857 107.25399 52.464676 17.01184 33.59122 6.812194 -26.11767 -1.495714 -15.92116 -1.3342462 -16.516273 -5.9212456 -11.224141 5.515808 -6.9497595 -12.251085 -3.33849 4.4626784 -1.4730468 -2.6005409 
-343.77405 178.92223 6.750989 22.924925 3.363559 -14.663242 -15.540868 -11.38102 -19.713612 -16.536297 -18.943611 5.8507886 4.959936 -0.8398458 1.0468189 -2.1315982 -2.6946456 -7.088927 -6.39978 0.37495506 
-402.4617 171.47858 43.733772 34.02741 -18.37746 -18.470057 -27.971354 -10.255926 -11.223881 -0.3318392 -10.336269 -1.3722523 1.3251601 -2.786123 0.12267116 1.9571198 -5.0447845 2.0209293 -4.5904503 -5.646673 
-459.21658 126.37172 33.32634 33.347122 9.086515 16.125069 -14.298632 -1.7818682 -6.79212 -0.33031094 -15.577541 -2.2610383 -5.5552087 -1.5766186 -4.4876475 3.8431473 -3.5050974 2.9657345 -9.97517 -0.94129634 
-363.43802 89.28259 64.71823 15.677385 15.2728405 14.429289 -25.652016 -5.8644357 -13.183458 -8.864204 -11.261349 -8.583155 -5.082269 13.971239 -4.1249247 -3.10657 -4.742984 3.0506659 -2.7191455 -1.6874614 
-351.79453 149.70134 4.2058496 26.274391 25.546013 1.9040443 -36.917843 -12.848045 -20.228645 -9.696041 -13.76445 -7.824235 -10.126136 16.071959 3.4769182 -21.614296 9.931078 -0.028592613 2.1509035 -9.283666 
-374.43033 161.51186 8.55394 29.145561 35.286858 1.1149286 -30.556658 -2.4887729 -20.00229 -5.891052 -17.981886 -7.978849 -9.5579605 2.4604554 8.981376 -24.224072 9.224946 2.3113992 1.8199403 -11.760355 
-414.44324 152.96373 18.986439 27.198332 20.658895 5.151078 -29.226858 2.9145937 -9.752088 -0.027226422 -19.481567 0.06569656 -4.0901437 -4.530991 -3.1760929 -5.102207 1.4210031 -0.5068595 -5.60218 -7.664549 
-477.328 156.58643 12.850498 23.484644 -1.7233722 15.198246 -2.1878672 13.832625 -3.356574 3.7359188 -5.27118 1.700294 -2.0222783 -0.42555478 -7.9746075 -1.177386 -3.3435824 0.7534844 -9.70071 -0.2404143 
-493.15125 146.0269 24.690643 25.19377 3.824252 22.18046 -4.934675 16.266302 -3.2385757 1.0021755 -9.931831 -1.241137 -6.2449594 -0.5167496 -9.747443 -1.3756464 -4.2172704 -0.20524247 -8.582472 1.5276088 
-373.61612 135.91747 21.374176 -5.40848 11.255153 -2.7119305 -9.478539 1.2630081 -18.668274 0.29696962 0.26065814 4.4198933 -0.5124409 -0.25353467 -9.5302105 0.120611824 -7.481817 -0.39279217 -3.9969041 0.7003271 
-412.52856 186.22958 15.446468 11.255817 -19.47729 -13.604919 -5.7437916 2.4685092 -12.512412 -6.5594354 -9.712085 12.347912 5.620758 -1.2783484 -4.200062 -3.279418 -14.238771 -3.626733 -6.037844 6.98876 
-360.80548 179.04185 -20.54918 9.627552 -4.9759836 -1.0058093 -1.5652581 -11.14159 -29.101736 10.235508 2.8827732 13.448595 -6.003541 -9.878933 -3.2303076 -5.011822 -8.51847 -0.8954332 -9.788496 -0.048067197 
-342.64465 170.15253 4.575877 23.288267 10.216198 -12.609756 -14.312408 -22.37287 -22.593166 -10.833112 -16.907652 14.430699 4.0802717 -6.5372405 2.8323326 -0.3169412 -6.118208 -7.0372944 -1.5202134 0.30216926 
-339.3141 148.94704 -6.605322 33.73169 29.4481 -19.977076 -25.180672 -16.432268 -16.655386 -14.646464 -15.31184 5.8719783 -4.011662 8.372496 1.7694597 -3.0258045 -6.048176 -5.946329 -5.2201977 -12.627472 
-292.43994 145.0747 13.207543 -6.4554367 -2.0175302 -15.529332 -12.122104 -2.4231825 -28.926064 -1.1453435 -6.374588 10.341805 0.2285453 -1.9888006 -7.5316076 -4.920688 -16.594896 1.5933056 -3.9889803 3.968483 
-352.2124 86.006836 27.50145 39.124832 14.294933 5.8261 -29.472626 8.336641 -9.200106 -2.9412558 -14.929674 -5.132616 -2.2697983 6.6672072 -11.66636 -0.69164926 -10.036432 -0.04156494 -5.5641036 -0.85788655 
-358.02768 168.70117 -26.893847 22.972303 1.1242877 3.6744106 -13.553115 -4.290777 -15.008079 9.879691 -5.1873183 3.2257147 -10.760047 -5.2867894 -9.360908 -6.9300475 -3.6587949 -6.8033314 -1.9791178 -2.7196615 
-401.23035 172.70258 -5.923717 25.775852 3.5152059 4.6820865 -8.5863495 0.30002558 -14.899957 -5.9327 2.7339184 7.365743 -9.623875 2.2536883 -6.0470786 -6.7465343 0.62351537 -10.668057 -13.718608 9.926213 
-436.83337 175.32079 14.110072 40.767624 19.26488 3.6675806 -21.215824 -2.8760507 -14.893958 -5.074193 -7.4771338 1.584932 -1.1615727 -6.8008704 -6.212667 -4.6382504 -11.059646 -5.607321 -10.014452 -3.6423128 
-355.9595 135.12946 1.8929816 26.942392 25.581703 -10.666647 -24.121252 16.06311 -18.259811 -1.7991511 -6.0412064 0.08868175 -2.4513068 -2.9425673 -16.203241 8.402823 -12.311497 -1.841235 -7.2108436 -5.374311 
-411.89 177.13148 2.3293548 37.860554 27.42369 2.2929177 -33.29472 -16.08265 -16.671782 -0.31337956 -13.029718 0.7154471 4.9344234 1.664622 -0.028749108 -8.311676 -13.413792 -2.5869358 -3.8915608 -8.574758 
-363.9381 144.50974 -7.282208 55.58087 14.7134285 -17.507507 -7.4140787 -15.179995 -8.644308 2.2596164 -12.4650135 10.900638 0.27708992 -8.221634 -4.467142 -3.2353249 -13.539837 -8.393757 1.4158047 -7.905659 
-353.62057 165.98315 -11.392457 24.05701 25.357227 -10.202742 -20.774675 -17.093666 -6.131251 9.020212 -13.134362 6.801566 -1.7965875 -2.880551 -2.359461 -12.7426195 -15.272117 -6.157209 4.389458 -16.268984 
-508.72125 146.29224 29.682081 30.641863 8.485884 25.188925 -10.782953 10.547123 -2.5140762 2.1139548 -7.658793 -2.8556764 -5.464316 -5.2867274 -8.179587 -1.7119238 -2.7753358 0.7132631 -5.987319 -0.023871502 
-514.4855 147.88513 25.894976 30.546492 5.935537 27.665401 -5.569954 11.693065 -0.95855415 0.67986995 -10.156501 -2.8489103 -5.517069 -4.601253 -10.666767 2.0083342 0.37735227 -2.131828 -9.419681 0.27811044 
-288.06134 152.29834 -27.114075 7.019654 22.565607 -21.700857 -26.622004 -7.1916013 -16.76706 4.6963863 -1.5161645 5.3716493 3.775334 -3.7663774 -5.3295703 -2.2263527 -8.2751 -2.321096 1.3104074 -2.503668 
-405.2088 126.1995 30.821882 42.32042 26.363272 -6.8135166 -15.769084 6.8593044 -6.479099 -11.768581 -14.48538 5.2795134 -6.8044076 -8.326004 -2.4596612 1.5344261 -6.6200404 -3.42593 -1.7567569 -1.7160361 
-377.8623 72.72299 65.30708 33.864334 12.677964 22.64536 -24.176262 0.23215093 -6.161226 -9.776552 -10.2760725 -14.646892 -10.898014 11.828069 -15.037223 -2.5741568 -2.2389421 5.588816 -7.4699535 2.469309 
-405.36758 142.49649 20.732855 38.4784 15.017598 11.160763 -35.237087 0.11753559 -6.4259577 -3.0341368 -11.940488 5.1162753 -1.237256 9.697869 -6.5446134 -15.313909 -6.5010405 2.2012372 -9.8904915 -2.0668042 
-412.06268 143.4877 35.779778 37.081326 9.513378 18.30164 -16.849033 -14.55188 -17.31155 -4.965149 -11.813245 -2.9261632 -9.671214 4.4297237 3.9787815 -0.5700567 -12.240834 0.093921505 0.22571522 -3.6945016 
-433.9711 163.7259 18.944496 40.892902 18.942863 10.940855 -24.996044 -8.458125 -12.575774 -2.8952498 -15.4136505 -3.2949889 -2.8586442 6.52174 4.57885 -12.151777 2.271114 -0.71891755 -5.759027 -7.759006 
-465.01758 119.023766 9.696337 34.332275 24.544716 23.872103 -9.731756 5.8952184 2.860823 3.2611582 -11.886889 -8.567066 0.09782685 5.5944085 -16.13924 2.7907567 -6.026243 1.3161108 -3.3324687 -0.3713258 
-481.15054 138.13547 5.3567758 31.711586 14.612003 28.515953 -6.429305 11.16699 -3.5421894 2.8068976 -5.411058 1.5102233 -4.9399185 3.1757147 -10.588327 5.8448772 -3.8604693 -1.527986 -8.231097 0.55421406 
-422.66614 184.75575 28.27219 15.217706 -20.828545 -4.498849 -6.7213097 6.169558 -14.216831 -2.9191685 -9.308724 0.19082965 1.8411751 3.48971 -9.853223 -4.440125 -17.229387 -8.305125 -8.660482 4.326189 
-409.0825 183.48944 36.150764 22.907986 -16.209074 -5.548093 -10.910294 -1.694753 -12.778091 -4.8017483 -9.516023 -3.3927977 4.839931 3.6459775 -6.734592 -2.988884 -3.9467397 -3.8425741 -5.4017615 -1.804924 
-336.37732 143.13818 2.5616777 25.977524 8.086609 3.772588 -22.629995 -18.032524 -25.633614 -3.8088598 -4.0207715 10.593039 -0.07363924 6.43069 -1.2193794 0.8839835 -11.461452 -6.4561987 -4.677861 -7.5956116 
-357.06976 107.59904 34.922195 30.862967 18.440226 2.3375762 -28.156475 -0.51452947 -11.401857 -10.767005 -10.671655 -2.0776777 0.46078628 1.0945146 -13.631568 -1.294331 -2.9232223 -1.5576643 -4.6812453 -2.2081273 
-356.85217 141.62187 15.947381 35.019875 20.397583 1.0766228 -29.548153 -18.421415 -21.04276 -4.4912705 -14.917567 -5.2614145 -1.2112136 7.058943 -0.27421346 -3.6252632 -5.7917094 -2.698088 2.3845463 -4.2895484 
-393.50943 124.24136 47.798264 29.14559 14.703766 14.287981 -27.685072 -11.076304 -21.346535 -1.166383 -7.292742 -5.756437 -6.877173 11.472867 -0.3145457 -3.894194 -3.7720973 -0.6537299 -4.9656925 -5.5007496 
-388.9482 167.39099 21.892813 17.101768 -2.272611 4.06655 -10.849827 -3.9771204 -16.06281 -9.472354 -8.361511 4.5634866 0.01575756 1.8254937 -7.160604 -0.69265056 -8.619257 -5.539859 -4.4588313 -2.5223417 
-367.94116 139.96439 6.042608 26.46643 -11.235028 5.4655695 11.436563 -0.88202816 -16.910063 6.959672 -10.515809 3.852033 7.730379 -4.8693714 -17.610657 -1.3601228 -10.235386 -3.7607808 -0.58635163 -0.8950955 
-384.676 109.24681 22.163073 45.261013 23.935612 -2.2169218 -11.888869 5.969366 -13.143855 -7.148531 -9.842947 3.2400043 -8.03127 -3.2298443 -8.09007 1.2745063 -14.487205 -5.879515 -8.118937 -8.548107 
-378.14536 159.34201 -1.5307385 32.648804 8.761864 9.247834 -19.630013 -16.263021 -20.785357 -1.2194451 -4.3453426 0.07833155 -4.616575 -2.3153005 0.41575664 -3.4436238 -12.880055 -8.348545 -1.5576136 -3.061874 
-374.6488 155.25885 26.111748 -0.09286979 -16.922377 8.066722 5.2546296 3.071047 -16.720661 -7.9243393 -5.3241496 7.310962 -2.0901594 -2.4418287 -12.70951 -8.269684 -10.590064 -2.9260695 -2.8601205 1.7987404 
-337.52637 164.13428 6.8507967 10.425007 13.553548 0.82620144 -34.39656 -6.5037947 -14.635925 -1.4528586 -4.188259 14.397162 -3.2865102 -0.73527294 -5.159054 -3.0672112 -12.600366 -4.482693 -2.988959 -0.63596714 
-371.27234 158.08109 17.859398 14.067716 -3.240491 -12.51354 -9.489583 1.0858555 -12.098354 -3.5552473 -8.535217 9.5104885 3.2984445 0.31722397 -8.643269 -5.6690187 -11.345287 -1.283806 -2.662082 3.3261642 
-380.5771 155.13852 23.362797 29.431454 -23.664608 3.2371967 1.511909 -6.427116 -14.641778 -8.34955 -15.737788 10.947678 3.804429 6.839435 -5.472367 -6.7127085 -6.6361175 -12.742981 -4.278547 3.3563602 
-407.4204 107.967636 51.004353 18.758352 2.777222 20.903921 -10.412822 11.002071 -14.69192 -4.326724 -2.055972 0.86685246 0.37859592 0.6883741 -11.121022 -1.520917 -11.059885 -1.8890942 -3.662481 -4.3715906 
-394.8114 168.81934 42.457592 21.58901 -16.15661 -4.7658925 -19.814356 -4.156919 -14.0272455 -9.240446 -8.504693 2.438602 -1.2767978 1.2087457 -1.3818265 2.2369943 -5.877159 -0.2416634 -4.121443 -3.6668456 
-379.52643 151.97871 5.0654736 27.122526 12.483031 9.728803 -24.772476 -17.39625 -20.325512 -3.076344 -5.730173 3.9799821 -1.4631423 3.547747 5.929823 6.071335 -14.150251 -6.081732 0.32930836 -2.2508419 
-401.52725 167.33278 33.461945 27.17088 -4.7709293 3.734141 -12.458592 -10.53075 -19.28754 -6.9508624 -4.506507 7.7904468 -2.7896311 -4.1686 -10.040265 -3.11703 -2.8704958 -4.442057 -5.6897244 -0.49189562 
-373.12073 153.66768 20.569183 25.4264 -11.083925 2.2865686 -16.187218 -9.393787 -19.469376 2.21821 -5.888195 2.9072802 -7.921365 -0.7908783 -4.9181924 -3.451005 -7.288398 -4.7980375 -6.1009383 -1.3166653 
-413.44525 154.93622 50.556942 30.57725 -5.9206815 8.737197 -12.609473 -0.45180935 -22.524443 -14.619027 -16.80828 -4.349533 1.52344 4.217996 -2.8756971 -0.17345673 -10.998664 -1.3150351 -0.38260132 -4.0356345 
-385.04593 97.49313 59.840244 26.885542 16.346493 26.092842 -29.404388 -1.8210046 -17.206366 -6.113741 -11.290138 -11.859954 -7.178275 12.288532 -6.9136295 -1.3730236 -6.0114274 3.6782963 -1.0698012 0.55021614 
-451.0693 167.445 18.993126 47.138245 10.057051 14.241828 -20.13704 -17.098524 -14.066816 -8.14647 -15.50946 -14.655131 -13.187244 2.4330482 2.035585 -11.995562 -1.7921355 4.821778 1.2083347 -0.18979412 
-386.26483 138.65268 3.5374804 60.455757 20.39205 -17.18604 -17.784855 -2.3725443 -10.042721 -7.3423147 -16.573465 3.6500108 1.7462597 1.1790036 -12.327915 -2.3934643 -10.658791 -3.5002625 -6.973546 -4.477867 
-413.28354 140.97386 17.933567 47.05458 20.917042 4.24589 -28.183418 -3.0499933 -19.163372 -1.5316406 -11.870985 1.9397051 -4.819058 6.7759495 -1.6851885 -4.747916 -11.57499 -1.9935055 -2.4844902 -7.933196 
-398.6412 176.15924 4.4672184 30.122078 -5.1455555 10.71499 -9.160103 -15.925186 -37.17488 -8.288265 -0.33178914 18.77259 6.1274357 -1.7895982 1.8310428 -0.44670412 -11.017921 2.755952 -6.8528023 -6.859399 
-445.28098 160.71149 32.35583 27.579199 -1.5495775 16.2405 -7.6824374 -2.0191705 -21.481394 -13.92571 -13.174807 7.4081397 4.8962865 -2.0181024 3.3222706 1.861369 -3.0981474 4.0727596 -1.1714425 -3.4035017 
-424.71017 160.8132 44.553833 33.768536 -4.253831 -2.0023527 -11.200108 0.0003434486 -11.274967 -3.0696614 -15.837004 6.4182105 -4.326706 1.8094398 -5.254319 -2.933152 -10.357305 -10.188778 -9.115807 2.0679073 
-414.52826 115.49885 60.366318 27.056158 -2.3943093 8.889049 -16.050987 -5.547604 -9.62512 -11.207151 -15.736986 0.7833156 -5.579967 1.6229327 -2.5810542 1.9561566 -1.7957366 0.38784763 -4.4409666 0.80448437 
-396.7968 141.96442 9.706519 20.994802 19.90076 8.751606 -28.036413 -6.8743453 -12.5801115 3.4465692 -11.364891 10.545543 -4.389906 1.034329 -1.8496492 4.20704 -13.758614 3.317048 1.9687339 -5.7561927 
-456.77747 122.55348 45.8501 21.199043 26.089752 15.169113 -10.589984 4.7400956 -8.680336 0.10762894 -5.563682 -3.2437727 -8.90295 -1.2571594 -4.4013357 0.37717757 -9.587247 -3.519897 -3.5460343 -0.45114264 
-504.11682 135.79192 36.425037 25.486698 14.617681 22.945602 -11.0199 14.37144 -2.4393802 7.088458 -7.1915164 -1.5114446 -6.9844127 0.89982074 -5.8806877 2.4336371 -4.742209 1.2184339 -7.931742 -1.5936173 
-510.5646 141.20648 17.771059 34.66495 14.152927 26.655167 -11.160436 11.370655 3.4638882 5.876268 -10.412698 -1.5305699 -2.7884827 -1.8829634 -10.537301 1.6301674 -3.7293756 0.710065 -6.6219425 -1.6657156 
-507.0835 129.09485 24.043919 25.179611 16.498684 26.47766 -5.869735 12.065643 -0.35729182 -2.3988438 -9.46448 -1.6220874 -1.5290966 0.36719668 -12.065636 2.6645615 0.35885346 -3.5950289 -10.138086 1.7297214 
