-336.53485 61.811348 29.00552 42.81096 -8.135966 15.806492 -8.562408 3.12241 -11.663941 1.6380614 -8.819675 5.2027063 -7.9302464 5.341554 -7.7420673 5.0630784 -9.938211 -2.0191162 -10.709019 3.4101536 
-284.09164 174.90933 18.52914 38.040417 -9.285821 -16.192177 -3.1847377 5.4682064 -25.56577 -20.007143 -1.3262297 0.2656528 4.3630495 17.991753 -0.23392217 -4.245792 -11.844684 -4.0817037 -3.9354427 3.659251 
-288.07233 142.99854 39.366447 36.8694 4.3609724 7.288427 0.1026552 -8.603669 -18.692225 -12.247271 -18.634464 -0.9652059 -7.6929193 -3.0064783 -3.451389 -0.8303636 -7.4540076 -0.15223292 3.3779287 -1.0141681 
-199.27055 147.14415 -19.217756 34.06035 27.176971 -21.864449 -5.8800707 -33.92847 -34.43952 -0.29859754 -30.211998 -3.7009342 -4.8939667 -0.37821117 4.6653805 -6.779409 -22.21399 17.719028 -15.424262 -7.510065 
-287.6703 124.44137 23.76594 28.358154 26.127571 10.939733 -16.836752 3.5398397 -23.158947 -6.66637 -18.717936 2.602946 -6.874605 -8.081321 -0.31085598 -1.587328 -2.2992198 -4.1563745 -3.4145792 -6.7655835 
-241.13812 165.03754 13.408666 15.459782 9.883135 -16.65537 -12.285377 -1.8405244 -32.493355 -11.002227 -15.978585 -0.65153366 -2.3138163 4.6970887 -3.9560118 8.97282 -8.37952 -10.432388 -2.7529945 -7.364309 
-311.72778 183.34833 8.667086 23.36397 6.109008 -4.316514 4.016984 -2.7990294 -24.90438 -18.2377 -11.966729 -4.124815 1.6549561 2.4838283 -10.052441 -3.049193 -7.260471 -2.6093578 -2.594336 -3.1799226 
-381.61063 167.2913 29.539124 38.103035 5.0654697 -0.9527573 -7.3751545 -7.384028 -19.223135 -11.248714 -10.095701 -5.745312 -2.457581 -0.9859825 -4.701597 1.9118963 -3.523933 -0.7835705 -1.3741347 3.4169042 
-338.79144 148.32588 -2.4653604 34.44824 19.798601 -6.043976 -20.525227 -12.669529 -22.98823 1.3849722 7.252509 4.060517 -1.488225 4.6606927 -1.7160093 4.7527704 -12.462946 -4.2791953 -8.02751 1.3919648 
-366.07236 144.56909 10.135325 35.658062 31.518332 -0.7190708 -17.519405 -2.4419398 -22.760153 -12.53203 -5.454987 -2.5873077 -7.2978015 0.9481903 -3.1487777 5.347368 -3.3841727 -2.13316 -10.210247 -0.8733567 
-377.87042 159.73781 37.69072 35.070786 10.483196 -9.283081 -5.7816305 -8.02962 -14.987608 -5.6619353 -14.971517 -7.6219034 -4.1172023 0.49678263 -9.225792 5.849222 -7.4064713 -0.44632483 -3.1707165 -1.0226555 
-383.85126 158.53697 24.025303 30.402954 -1.5287794 -12.718301 -8.450804 -1.6120207 -8.428191 0.8283927 -4.278234 -0.93204415 -1.3747287 2.0363264 -1.2277707 3.8028913 -0.68225574 -3.3156443 -9.648768 -4.57819 
-439.73444 137.94946 3.0729716 28.793684 15.115429 15.527086 -1.6017487 4.348977 -9.290821 10.777419 -7.696123 -0.6496815 -6.0773554 2.2675872 -5.366647 4.666386 -1.3149003 -0.0047627026 -10.450787 -1.3998585 
-421.31342 153.74893 10.89983 33.468735 10.687651 9.43047 -0.49851418 -2.4071321 -10.082609 -1.4560472 0.26919836 2.3962262 -2.122286 2.0278423 -13.039108 0.14574364 -5.4425454 -1.9206562 -3.681435 -0.34526178 
-332.05472 133.14217 26.506508 40.760517 25.68472 0.16734388 -2.2411544 -12.73456 -27.290096 -0.75658715 -10.113754 -4.658922 -15.257366 -2.8863487 -5.947768 2.6658723 -17.847641 2.324908 -7.9751425 -3.5283308 
-355.48495 171.7105 12.587704 33.657852 19.973227 -4.980756 -2.353249 -6.8439174 -28.887169 -13.237285 0.2971754 6.1435685 1.9334683 2.7753618 -4.314104 -3.8870535 -11.481898 -3.890363 -8.040429 -4.592496 
-382.7953 167.64897 -5.435871 21.797516 28.988695 11.109587 -6.3670154 -4.45984 -23.912926 -5.928367 3.0160055 10.138082 -4.621439 1.3546103 -12.333124 1.1732725 -7.856344 2.6871927 -14.73026 -4.667338 
-347.29895 156.06374 28.105509 27.65287 3.0066957 -13.540185 -13.23131 3.0482035 -24.792414 -6.4572353 -7.003445 -0.824018 -2.3975358 0.21162456 -6.507436 -8.082949 -9.519097 1.2317061 -6.384143 -2.8108788 
-372.32245 170.79593 37.344868 38.333237 8.896553 -11.325625 -15.748384 -11.649407 -14.498969 -8.325047 -3.901007 -1.787977 -3.3735301 -6.7314057 -6.4316187 -6.715573 -8.75313 -0.10947397 -4.8816395 -0.97064495 
-393.84647 184.01044 26.013262 30.693539 -2.228629 -21.456184 -24.388279 -4.766891 -11.855336 -6.4754467 1.888308 4.4080405 3.8665352 -1.4230431 -0.89838 -0.17550792 -6.033452 1.5424266 -5.4887314 3.7071047 
-362.38568 177.71034 6.6975207 4.1670017 -7.9929676 -12.164789 -14.592358 7.552526 -0.13179652 -2.757946 0.076448336 14.318329 5.2066927 -6.4543867 -13.588594 -6.5848813 -16.560226 4.020287 0.12756988 7.5215836 
-437.80725 141.35983 16.276968 23.567154 7.254596 11.435525 6.0269585 8.530086 -2.782218 5.839697 -2.6505582 1.4483 -5.9755306 3.126954 -9.741371 0.6626662 -7.1932287 3.646921 -6.3961515 2.1724637 
-449.1777 143.486 9.696703 32.855736 10.823922 12.253503 2.2303832 0.3937027 -8.632995 5.8576703 -5.3807783 -0.9771579 -5.5900598 2.2620058 -8.092946 0.26031792 -9.8445425 1.6792121 -9.052455 0.29139584 
-408.56503 166.15475 7.46434 20.249338 1.6375408 6.416248 0.9630282 3.1808097 -8.94665 5.1469564 -3.8075142 5.651355 1.566551 -0.67396617 -10.893419 -0.99510884 -10.235349 2.4280493 -4.4937716 3.619788 
-378.87292 186.2689 9.582738 26.700172 11.097092 -4.816996 -8.194247 -9.74439 -18.25757 -11.093072 -9.041865 1.0122207 5.3072243 0.87661785 -5.870024 2.7110462 -10.223118 -3.5632029 -7.3256464 2.0588431 
-379.023 136.13979 13.880451 36.37187 33.416428 7.644819 -20.723246 5.259076 -18.096601 -5.545273 -9.45741 -7.473986 -9.488365 -1.6133991 -0.19386493 -0.46727774 -8.102403 6.813608 -5.5196223 -0.16076559 
-387.64392 173.04675 40.27272 38.410698 3.76551 -14.712457 -13.152096 -9.827607 -19.099905 -7.3433642 -4.6329455 -9.414864 -2.9407878 -4.1625814 -5.4779477 2.6063645 -3.7379978 3.1669157 -3.7873955 -3.0243165 
-379.0412 195.5322 35.99266 39.015945 -10.554839 -32.18941 -20.982964 -8.310148 -17.642723 0.10927264 -1.2938249 -2.640111 3.1455238 1.6394943 1.7122691 5.305008 -11.450731 -3.7294116 -3.9825096 -11.071543 
-411.95535 175.57707 32.285297 41.534676 -2.6473663 -13.43231 -10.654015 -7.376821 -9.86438 1.042279 -3.1931398 1.1732107 1.4919647 1.9968561 -2.3790827 7.1727176 -5.4941344 -2.4803684 -9.38802 -5.802267 
-461.5644 144.94846 8.62347 37.207546 14.1735735 10.308069 2.4928324 7.501642 -3.4058695 4.6717114 -5.897687 1.2136706 -4.1919804 2.223096 -9.08218 4.3788404 -5.4691663 0.3050308 -10.451808 -3.9854686 
-300.52127 199.54327 -4.2557197 -11.644949 -15.374315 -13.231407 -6.4465837 5.1112103 -20.702961 -6.0742645 -3.84031 7.011289 8.035427 -1.9461446 -27.973759 -3.1086886 -19.782335 -4.2023687 2.9193747 0.3945908 
-402.86447 178.80025 23.304888 22.40488 -7.8606815 -8.287768 -8.416588 1.0334241 -13.465312 -7.5585732 -7.2802362 5.6423397 3.81252 -0.08054733 -4.156618 1.6902337 -11.267246 0.18720987 -3.8271055 3.7841403 
-391.02252 172.26074 13.125552 21.828184 4.6053305 -0.7269549 -11.904488 4.4902325 -17.111347 -7.7614307 -4.842486 10.170099 5.5391016 1.0037963 -9.712592 1.8138567 -9.931244 2.0821066 -2.1622362 2.453756 
-412.35242 138.69322 18.694256 36.64321 28.780104 12.227824 -16.41195 10.032284 -17.715342 -1.1167605 -18.121195 -4.273493 -8.173969 1.7937709 -4.732219 -0.49845457 -3.4395535 -0.25061694 -1.6847806 2.9422565 
-387.46832 187.1978 42.680016 40.10489 0.27998257 -23.46992 -19.034307 -8.264324 -17.18845 -4.6243896 -5.577852 -3.139053 -1.7822999 2.406428 -4.0946097 3.4360178 -4.9802356 1.6072971 -2.753499 0.39723575 
-402.95825 180.50407 33.57823 33.99042 -4.4183865 -18.30247 -18.978039 -6.1473804 -12.690927 -1.0960287 -0.13840161 0.046805926 0.010307312 4.1869783 2.9905589 6.4521656 -4.577149 0.40494213 -8.486315 -2.207312 
-401.9285 140.73596 13.039251 44.407986 18.487877 -5.7049465 1.9922299 4.554384 -9.889125 -6.3918104 -3.3694744 -0.49545425 -2.152264 -3.4564066 -4.1257215 6.652331 -4.8066516 -4.081747 -5.542757 -1.3051908 
-332.73828 168.64192 34.60785 43.973587 22.059637 -17.387571 -16.388834 -8.540171 -17.033566 -12.399893 -15.001057 -5.2480807 -2.7380328 -14.868313 -4.556734 0.9385255 -14.496938 -2.7485776 0.7195467 -3.9504411 
-383.66183 181.50494 24.598171 28.46389 -0.8368013 -16.051826 -6.4279237 0.8448125 -13.689181 -9.608549 -3.4866183 0.9978928 -0.22071494 6.8149385 0.32978243 2.8121676 -6.737184 -2.5750775 -8.077749 -5.858144 
-322.56473 187.20872 -33.447403 13.215394 30.593214 -1.2220088 -11.783541 -6.1866446 -26.577532 -11.356581 5.8348355 1.8831495 -4.3656764 1.5674772 -13.0245075 3.1878607 -8.803399 -4.109588 -7.2418194 -3.2976444 
-357.3993 136.81946 24.26589 33.123882 21.570557 7.4979334 -16.966194 0.66138047 -26.784355 -5.149824 -16.579489 3.7405798 -5.5607257 0.43994045 -3.6813545 2.1976762 1.3166193 -5.2143292 1.2330946 -1.7457217 
-357.48032 165.92749 15.882923 22.30886 6.078477 5.6859813 -9.677257 -4.176443 -20.248964 -9.310608 -11.095439 0.87510765 -3.2814558 0.9884207 -1.2789454 4.6855826 -9.392127 -5.1284647 -0.45415708 2.5933435 
-364.93686 173.80397 -1.4347157 22.636957 21.391947 -2.7302763 -13.596261 -9.419689 -10.343972 2.8098123 -0.8935248 -0.30071673 -1.7448936 1.9238104 -4.9951744 4.468556 -8.266354 -4.087291 -6.66255 2.7993002 
-435.34277 150.18642 20.22694 34.914474 6.545468 1.8178384 -2.2377958 2.632813 -3.7697477 3.4251168 -6.382146 -0.6084955 -0.3488146 5.6061893 -5.5624824 4.1187377 -4.33301 4.580872 -6.3766103 0.053004146 
-439.93494 140.43723 10.965805 26.383223 4.3222647 7.6757946 5.4154344 7.331094 -2.0822055 3.7797954 -7.9778423 -0.5580371 -6.466913 2.1859734 -6.8169785 5.8524647 -8.352588 -1.8296759 -10.990838 -0.5120908 
-264.2979 118.452934 -2.7355509 16.088936 21.230013 8.882377 -4.358208 -7.6816845 -29.329763 4.4872937 -6.7481365 1.4857534 -7.346427 -2.2607749 -4.3531528 7.8450055 -17.625778 -5.487999 -6.573339 -6.302256 
-272.3232 151.66098 21.450615 14.947834 1.3988922 -13.339168 1.3702903 2.2303886 -35.866688 -10.091103 -16.609215 0.18604034 -0.5019276 4.049761 -6.740185 3.4184928 -12.734764 -7.9411755 -6.3142276 -6.3011494 
-282.92435 137.73682 -0.8496441 24.212078 37.258347 12.968148 -35.860256 -2.016292 -34.465862 -9.677147 -6.0628943 2.3434834 -7.0306025 -3.9518797 3.8384438 3.2797966 -7.2431445 -7.4058566 -0.9351437 -0.4347689 
-331.9459 108.18075 40.162106 15.674986 16.331911 25.282066 -16.515076 -4.616361 -20.318031 -2.1533682 -5.34025 10.056022 -11.618133 0.6844504 -9.49992 5.645857 -2.8091955 -9.595065 -6.731149 2.8136837 
-319.14282 177.87431 -11.970218 3.0630772 24.314034 0.34738582 -18.541052 -15.348984 -14.567515 1.8380636 1.6649593 8.074706 -0.59972316 -3.62856 -10.898697 2.0217528 -6.030459 -6.9101076 -7.3446054 6.668633 
-426.16046 156.34192 28.798449 39.347095 12.147836 3.1621788 -5.17929 -6.584311 -11.975248 2.1604533 -10.560017 -4.1050134 -3.9497862 0.7346972 -6.576877 3.0032682 -4.132667 0.24366872 -7.1181073 1.2967176 
-446.59778 133.3962 12.897114 31.641375 14.344899 13.439527 1.3892089 3.4263465 -7.234666 3.1229188 -4.0990787 1.7459006 -2.189001 2.1856146 -11.217423 1.517828 -4.6237583 -2.4103196 -8.56307 -0.082147464 
-354.3255 180.29651 6.333563 14.048032 16.528702 -6.7020245 -2.5829396 -6.740832 -28.253695 -6.9057217 1.2338252 -1.704395 -1.3532082 3.603346 -12.136913 -2.4136941 -6.389452 -6.471997 -9.960937 -0.95985436 
-311.45773 181.99384 7.785319 22.15903 18.359291 -1.221251 -15.527971 -9.285508 -34.325623 -15.559442 -6.920939 -5.1013117 -2.323068 -5.4829082 -2.6724799 0.7969766 -3.9867537 -2.275218 -3.3006408 -0.3774905 
-287.9758 171.69582 -4.6684623 10.99788 18.378448 -4.548584 -17.068611 -21.239006 -23.04914 0.6401489 5.3123093 -6.686946 2.4456415 -2.234815 -13.786107 3.313941 -5.7666907 -4.714969 -3.316167 -2.4254231 
-341.59113 180.67033 14.545727 26.30903 17.697367 -11.892801 -2.3135393 -16.48284 -30.28949 -6.110527 -8.021984 -3.5463667 7.382831 -0.07799482 -5.5648255 10.774984 -16.272476 -8.3767 -1.8529707 -2.2861202 
-325.57825 172.06575 11.924352 38.452003 33.284203 -8.494087 -10.711704 -23.033993 -26.14885 -0.15624237 -6.2435665 -13.089981 -0.45277065 1.90286 -5.9181213 6.1875052 -15.224647 -6.522903 -0.7202205 -1.6531873 
-321.53674 174.53339 14.09877 27.014154 21.853073 -14.936574 -12.390964 -17.553488 -38.615757 -15.224742 10.855473 -1.223284 5.915825 -1.7420459 -9.1833725 9.908272 -12.480105 -13.0925865 -3.6514935 -1.7053303 
-364.00232 166.56393 12.954944 26.89216 14.054796 -4.2761626 -10.075041 -14.971812 -21.953814 -9.859758 -1.1126262 9.147667 11.866903 4.8291364 -7.335061 5.0830383 -5.957037 -6.7617316 -5.725457 1.8536903 
-262.02487 137.06091 6.35014 16.54758 9.945147 4.9964533 -17.667439 -7.7279186 -18.484127 -1.8317795 -4.9861083 3.92175 -5.820431 -5.920968 -7.3128815 1.0928736 -12.096396 0.9276769 -6.2102323 -1.7092421 
-392.79285 116.44554 32.625313 18.545425 19.49349 10.459974 -0.37241608 10.44263 -13.6700945 1.6169913 -10.365533 1.100712 -5.337581 -0.5317266 -13.057297 5.067286 -8.6876335 -2.0562716 -5.9865375 -1.378119 
-253.0512 160.47284 31.738518 36.697887 -8.235244 -24.377739 -7.893119 -3.6647072 -30.685642 -0.17572117 -26.994606 -11.768266 -4.5224805 1.920795 -17.14382 1.515649 -10.423223 -9.614599 -3.2958324 -9.9197645 
-329.11673 137.91753 28.972908 57.51747 24.962753 -3.6669862 -12.492204 -1.5534662 -13.631428 -10.001448 -24.92661 -3.6344728 -5.9173894 -5.674539 -12.231317 3.6609569 -12.220265 -4.2789693 -5.4207077 -0.78435165 
-336.9445 150.00357 18.468534 39.643147 7.2930164 2.101232 -24.299736 -8.110829 -15.899495 -13.368092 -17.356255 3.4291005 5.102528 1.0083787 -5.4196196 2.6545553 -9.106849 -3.768731 -7.7833385 -4.860988 
-356.50644 157.3539 3.8233888 31.310112 28.144314 6.883719 -23.621746 -5.4707737 -24.787163 -12.039549 -6.0296626 -0.79700863 -6.715477 5.547894 3.4609432 3.2476003 -0.883605 -5.1532373 -4.699888 -3.0450149 
-371.20795 173.12033 22.184338 22.298485 8.770625 1.1290892 -12.576667 -11.055959 -27.24055 -14.132055 -0.56885475 7.776619 5.642818 -0.731548 -2.9318383 8.919555 -7.6288147 -6.6692405 -7.087369 0.5918906 
-333.04578 162.79694 31.381674 10.103546 13.688585 -4.3104796 -25.708315 -11.540569 -28.566837 -4.341515 -0.39504296 8.698417 0.17720908 3.3118804 -12.672742 0.8340623 -7.9326816 -5.6973095 -4.2590866 3.1430988 
-321.28677 111.25748 23.832075 22.816586 7.6880975 19.582058 -10.908993 -0.5058655 -17.944681 -5.4571705 -5.562274 5.8235984 -6.0508194 0.0792297 -8.92466 1.1648715 -15.835299 2.547618 -6.691742 -7.4243903 
-401.4891 145.75157 25.951107 30.951097 5.4301744 6.8793893 -15.941123 -3.8105931 -14.908543 -1.3783855 -13.927984 1.6218419 1.1474099 4.5951185 -8.260085 -1.4887573 -10.21177 -0.07271072 -8.89386 3.077276 
-414.036 154.84804 6.282237 19.80003 14.218475 13.956401 -1.1650873 -1.6622319 -8.835644 -0.4213955 -7.118903 2.42944 -2.2393177 -2.3671064 -14.537761 -0.90960723 -9.228387 1.6578474 -7.888807 -1.3933947 
-436.273 126.46925 14.343218 29.37775 14.853446 12.327076 -1.5352714 3.2513149 -5.4899697 9.915187 -7.521124 -3.2474825 -7.3226886 5.0646114 -7.2522497 2.554412 -6.48115 -0.2168685 -8.347175 -2.0553598 
-376.31235 158.95497 5.087338 20.060682 23.765223 4.4013653 -4.7282367 -15.815411 -23.23459 1.3440375 1.466232 -0.07084681 -8.673948 0.41948116 -8.170128 -3.0008488 -13.661846 -4.9073725 -12.528594 -2.5449781 
-308.52332 171.52553 0.27795368 26.044403 45.5395 -5.5402093 -25.650429 -25.215271 -23.97068 -7.606203 0.3307757 -7.6688657 -6.8642287 9.025463 -0.8823386 -7.0892806 -19.949547 -2.3960917 -2.7897692 -3.16567 
-309.58926 98.99867 26.137669 35.10573 20.290037 0.06121548 -18.031677 -3.9968219 -21.805428 5.2202816 -1.5183896 -7.780172 -3.595084 6.1201987 -5.2560625 3.4424307 -15.693854 2.1755166 0.234186 -2.841609 
-292.68036 153.34175 -0.2168168 31.311218 22.369612 -9.50122 -21.267311 -4.1558995 -33.46892 -10.008641 -10.995223 1.5112028 6.486868 1.7066478 -6.1967344 0.44354698 -12.823883 1.4083099 1.2320775 -2.2096481 
-350.0343 88.41583 40.744556 40.308334 2.263255 17.1495 -11.214454 2.3381646 -17.27413 1.380653 -16.509266 -3.3262572 -4.7498484 2.2077343 -2.8580782 6.5665426 -11.407024 3.5397615 -3.5795462 -4.7405086 
-358.98096 161.22118 -2.2168005 35.148193 34.783695 2.925438 -33.683582 -21.661888 -14.764835 1.2583665 -9.031537 -7.1122556 3.8886719 2.7240248 -3.4993975 3.4576478 -5.3487363 -1.0130708 -4.8608494 -1.018687 
-391.76633 170.90685 14.488317 26.928051 5.392439 2.7831013 -13.476111 -3.4616766 -9.160039 -6.052258 -7.192404 6.600478 3.7468066 2.4200568 -10.080435 -6.1764197 -13.714527 -7.438413 -5.856425 4.9407034 
-382.2219 180.48186 19.848572 23.666086 -4.646047 -3.4574022 -8.318926 0.6550238 -6.788091 -3.5890875 -4.568518 1.9881815 0.54854655 2.6847608 -8.221958 -0.23997664 -10.419032 -6.958061 -10.674973 -1.6484511 
-327.01996 184.43967 14.756453 11.653912 5.2545285 -8.71444 -11.272008 -5.988741 -20.90811 -13.290872 -8.089215 6.4267893 2.3284876 0.6925705 -13.433895 -0.20320001 -11.962944 -8.066175 -6.2031384 -1.0357661 
-290.77213 137.11937 29.860788 6.224912 -8.318064 8.194329 -15.534371 -3.79591 -12.794583 -12.364998 -15.469511 8.256159 4.01101 6.8095393 -7.2733936 0.2549448 -13.001414 -4.9357586 -6.116889 -1.6273916 
-293.6342 119.01427 22.293987 30.775011 26.233463 12.977101 -22.166544 4.1489124 -27.12064 -9.237336 -12.059162 -6.1539197 -10.078545 0.38215005 -3.3540192 5.5730834 -7.111245 -4.716825 -0.117494635 -3.6365407 
-324.3523 137.00282 25.659992 26.434156 17.526203 8.209001 -16.753061 -7.3289576 -43.609055 -8.453169 -5.7773943 1.2063963 0.22644064 4.9039993 -6.325365 12.74389 -6.180491 -9.275688 2.3369765 4.02712 
-364.55936 173.64784 12.246531 19.48744 16.803823 10.257137 -12.350307 -3.36006 -32.189716 -19.520058 -12.050666 6.9367123 2.9885702 -0.78491634 -3.5033596 5.7205462 -5.1513076 1.0942696 -1.7980042 -2.0574925 
-367.82422 183.9697 8.909978 4.3426785 -6.0314636 -7.198954 -5.576685 5.8066955 -8.695535 -7.979828 -8.743747 6.1418767 10.065669 3.7917192 -9.544944 1.0372448 -12.116993 -4.635462 -9.029749 3.7751706 
-438.311 151.96376 15.786257 28.37916 3.158996 3.2261496 -1.592662 4.8779073 -4.61985 2.7605708 -6.3413124 -1.0927491 -1.930798 3.9487033 -7.8953114 3.4195573 -7.1968746 -1.7037898 -13.06739 -3.9118695 
-424.71912 145.61053 12.369459 30.596222 18.497204 7.0500083 -5.4288635 -7.20911 -11.638683 -0.16684866 -8.964783 -0.3931595 -2.9096522 3.8220274 -1.5930339 1.3926864 -8.787107 0.86828506 -9.691508 -2.970125 
-302.46814 142.06947 16.940817 30.14215 40.313557 3.2207577 -15.299659 -18.158514 -28.956442 -4.291538 -8.400188 2.4009173 -12.203888 4.3032293 -2.186757 6.399561 -18.854546 -1.1422669 -1.7711618 0.6698272 
-346.72522 144.73476 38.41309 31.068752 3.7812717 -6.187144 -10.327541 4.6883106 -24.79882 -4.6033826 -6.7799554 -0.75777 -8.664065 2.9706225 -5.957199 3.5315819 -10.817944 -1.5529343 -2.795677 -1.863645 
-352.05606 133.20808 13.796803 33.90724 27.356577 11.516151 -20.454628 -1.4022623 -34.124126 -2.6739323 -11.646962 -1.8460009 -11.036112 1.0826116 -5.8332057 14.540043 -5.910581 -4.822712 -1.3909779 5.593763 
-404.50214 158.80661 12.809019 38.285297 18.18234 -0.6030762 -19.991787 -7.8417697 -17.86604 -6.2040005 -11.629276 2.0442672 4.953581 6.9365325 -0.44177485 5.464018 -5.1316156 0.3692304 -7.350066 -0.66289145 
-370.91177 125.24136 41.69891 37.56782 -0.6860757 -5.800667 -8.541433 -7.9194207 -20.732197 -6.2770443 -8.37588 5.3465433 -7.3627605 9.603004 -2.3845394 5.1527615 -3.9010265 1.8192991 -13.498735 0.34042194 
-341.1708 114.11514 56.10098 15.683201 -10.519412 -6.78509 -7.614139 12.545389 -12.801906 -7.2285633 -4.765057 5.86314 -3.808331 6.00872 -10.178924 -0.30660984 -17.52333 -1.5309725 -17.183702 5.395303 
-398.73254 92.320694 35.457314 19.65226 11.747249 16.62012 -2.400585 6.6913424 -8.54577 2.3603823 -7.3949566 4.660743 -3.6778975 4.7628875 -11.723774 4.673137 -8.32511 2.9273627 -13.182812 3.2956693 
-406.65778 128.45605 23.608774 23.505287 12.849626 11.359319 0.66068596 2.2108145 -13.034225 -0.106695704 -1.495646 6.3962955 -5.6132636 5.965525 -8.259913 3.5409713 -8.770631 1.7128208 -7.049078 -0.30527252 
-314.29132 131.00214 43.417015 11.353776 -12.2554865 -12.645199 -5.709287 1.8024163 -17.072998 -1.2987615 -11.574436 6.486593 -1.1369481 13.521154 -11.703573 -3.639449 -9.0429735 -0.5187156 -6.332117 3.1149669 
-311.84573 154.05417 7.8539906 13.799481 24.0734 -1.7080996 -23.320232 -16.645866 -32.751633 -4.454094 5.8553324 3.7627199 -6.216323 7.8062525 -2.7946706 6.745824 -16.445427 -7.8232846 -1.0055555 2.482979 
-349.19543 168.26141 10.477047 32.09453 24.753174 -4.028525 -7.358156 3.5110962 -18.14428 -21.101757 -13.967905 -5.217862 0.11720053 -1.7136606 -13.026355 4.10536 -14.30317 -0.91505253 -4.721977 0.6077779 
-365.46057 93.34589 39.062214 33.786938 19.085325 10.546274 -19.668146 4.2103815 -8.99709 -6.8262286 -11.474797 -4.0549517 -11.714474 3.982761 -10.127969 4.5734563 -7.1120987 3.4796488 -2.5992799 -3.8303757 
-357.71155 131.65285 24.146942 32.646496 17.306807 15.893041 -25.225037 -11.36047 -28.60733 -10.672473 -5.497934 5.336165 -11.400726 5.700044 1.7023091 9.49276 -6.1615505 -4.8191433 -4.4136257 5.141905 
-366.67804 168.23114 1.660065 22.826818 16.66847 9.80797 -22.138187 -9.107413 -15.017526 -4.700243 -2.0777104 5.864897 -2.658147 -0.18212573 -9.630685 7.6278434 -2.2051709 -8.54408 -7.1073413 1.5201694 
-395.6438 154.2016 30.764622 40.68449 13.700941 -2.7972999 -9.046599 -5.8108544 -17.774618 -14.645124 -10.659966 -0.00154731 -1.5949856 1.0683736 -7.533716 2.7759898 -2.2208903 -1.9238985 -4.75527 3.4259772 
-420.21246 169.16101 25.880772 30.716526 1.1705116 -6.8630714 -10.510582 0.7585414 -7.919475 -3.477839 -7.1051636 -3.4623985 -0.55059266 3.609726 -3.4243824 4.8711514 -4.959983 -2.3684814 -12.487847 0.27723202 
-400.92288 149.47943 -2.2074783 33.35051 26.568552 -0.02030754 -13.996127 -5.613299 -10.523801 -0.012321472 -2.5567136 -3.167732 -5.7517047 4.2775736 -3.533907 -0.05167876 -13.026604 -1.924779 -8.150168 -3.8258564 
-360.3197 176.4371 -19.740147 32.00759 41.811867 -0.7473743 -23.930044 -2.9185202 -18.623453 -14.019264 -6.0880246 0.73184156 3.7424824 0.7997207 -3.2145832 4.6578298 -11.658133 1.3906987 -8.687154 -1.966184 
-368.98828 71.41147 49.809753 34.611996 7.7526684 24.670662 -20.380157 6.3760724 -10.146423 -2.118426 -15.375614 2.174477 -9.306933 2.9625256 -5.684593 4.408933 -4.459742 6.487622 -6.881788 -1.0501944 
-421.86044 123.22363 23.364952 34.15608 11.947316 18.484032 -7.682275 1.2761453 -12.75656 1.6794114 -10.2062435 -0.64365023 -9.565554 3.2327738 -5.78211 2.7150443 -4.9837427 -2.7630029 -8.184246 4.7688894 
-355.47745 122.99918 39.300186 24.865015 -5.1855927 1.6232872 -9.704689 3.1777163 -23.620216 -8.000683 -8.556765 2.2048957 -4.4710236 11.887298 -3.9071503 1.1540802 -10.381485 -1.8559774 -2.7515163 -1.5053523 
-245.63484 183.56824 -30.562382 -7.392251 12.372521 -6.090171 -22.517067 3.7033772 -25.558039 -19.469967 11.754016 11.791604 5.743949 0.15422487 -17.816687 -7.0404367 -18.996151 -6.9712768 -0.10872086 4.3884625 
-335.67847 191.5914 -2.9033575 13.190415 24.134789 8.378266 -8.54623 -8.245514 -19.611658 -13.689355 -8.482052 1.7090558 6.0073814 -7.298889 -8.249876 9.149981 -7.9427075 -9.642321 -7.1559973 -1.6638006 
-329.85727 175.14188 -15.708718 1.7087054 11.830196 0.19005977 -22.514069 -5.2667484 -12.321148 -6.6007547 9.544388 13.768213 -0.046960566 -5.5992837 -12.075819 -0.10727697 -12.325601 2.0141232 -5.722101 2.068387 
-400.72125 139.6358 19.164513 40.374294 21.603043 4.703532 -3.9764726 -2.6708217 -10.890457 -3.3695989 -8.576227 -7.048469 -6.550695 -1.0962881 -10.413846 3.9755805 -7.4191284 2.7641373 -6.1537 -2.63025 
-458.33676 143.97717 9.757759 37.48019 9.393543 7.13989 1.0350883 6.6151643 -2.2200243 5.945365 -6.8640227 -2.2150197 -8.703181 0.36975494 -9.573745 1.9790225 -3.5426111 1.8205942 -7.622101 -3.1113458 
-459.9303 140.63585 10.159474 38.358315 8.734192 8.808869 0.4811804 4.125254 -4.791239 5.7274494 -7.436385 -3.268605 -3.278567 3.2264287 -12.891527 -0.8322942 -6.094494 0.16757843 -9.224262 1.3470713 
-461.7908 143.84334 7.0702586 35.011803 7.623808 10.494645 -0.017123435 1.9810104 -5.2101374 7.084664 -4.7464695 -0.2377974 -4.495289 0.22562006 -8.968327 2.550462 -5.5135665 -1.2150712 -9.389437 3.0491805 
-461.14578 143.77252 9.464226 37.93501 8.596045 8.256124 1.2673024 3.8926976 -2.522044 0.7349258 -3.0955198 4.365929 -3.692443 0.58474666 -10.303231 -0.6217916 -7.612674 0.6953617 -8.05503 2.3845668 
-451.93918 133.81323 18.874868 33.409653 11.011954 10.971927 2.4985988 6.4613285 -4.8754177 2.2784178 -9.074229 -2.3920765 -6.3890915 4.6656194 -9.978017 0.044749815 -6.536598 1.6437659 -10.425995 -2.5608373 
