-394.1754 99.60153 21.200718 44.84339 -1.2634398 13.72127 -7.1731176 6.8618336 -17.072006 13.39154 -16.789942 7.745322 -5.451949 0.59123755 -10.7997055 9.857078 -11.178392 1.9243096 -5.733558 -1.5135787 
-296.11502 90.47639 24.182737 63.56739 1.139922 4.815992 -5.5602283 6.8801365 -25.216473 9.888063 -26.975775 -0.37944794 -5.905802 -3.204531 -14.285836 13.976836 -2.456397 -2.7109287 -12.0290365 -8.418935 
-280.41156 87.07999 14.055693 50.96977 38.972042 3.3020818 -23.169466 6.6114883 -22.269762 17.72934 -36.879036 -9.263085 -5.641616 2.0081675 -23.635256 10.075788 -5.101696 -1.2386489 -11.251956 -0.36191928 
-347.3602 143.06696 24.335716 23.906706 3.9462628 -5.601525 -4.071589 11.669439 -12.986564 0.55963117 -21.075777 -5.2510734 3.5184414 5.06336 -2.9319904 16.3455 -6.692044 -5.071674 -12.752409 -6.4970374 
-425.0414 134.10364 13.141619 31.450249 11.763624 10.8181 -5.460318 11.605699 -16.066591 7.186854 -10.708432 3.580611 -4.369135 1.2387319 -11.018517 7.170251 -9.845196 4.984353 -10.653027 -0.15066552 
-314.3935 68.96993 42.5514 53.79274 0.2866031 23.409298 -18.754951 1.0608974 -13.159605 6.7562613 -24.927036 -3.3968267 -8.165208 4.4116573 -14.078091 14.451131 -9.695041 2.761624 -3.8665373 -7.222463 
-280.49152 108.4521 -12.260284 64.004036 10.695964 6.2880096 11.010548 -21.878958 -29.98803 17.600449 -30.609413 -2.6187408 -3.5937288 -15.992408 -0.039821096 25.439852 -17.000826 0.5998166 -2.6637392 -1.1837507 
-372.58218 148.05324 6.242877 46.76361 9.063758 -1.4725194 3.4381125 -7.0563736 -31.242167 7.880637 -20.31955 -1.7933625 -1.1442608 -8.567673 -5.393469 14.935527 -11.229017 4.310297 -5.717554 -3.4830818 
-330.56815 176.344 28.181772 44.428375 -9.189159 -26.628014 1.1796424 -3.0940943 -18.181818 1.7693772 -17.714745 -12.4519615 -4.9614043 1.2307718 -1.9261504 15.55959 5.908248 1.8293272 -9.430248 -4.02844 
-380.499 139.91426 11.051638 24.06104 -2.8540819 4.304673 2.831132 12.527055 -15.8205805 6.3204827 -13.146174 -1.172316 -6.8833666 4.3205624 -11.165108 16.809248 -3.2704306 2.4120104 -11.970116 -4.530546 
-248.17369 91.51938 14.867357 51.80424 11.051144 11.077976 -6.5824556 -4.860915 -25.01293 14.523666 -24.926722 -13.158366 -10.628544 3.2263474 -13.489142 17.650545 -8.898806 0.9893886 -11.067089 -15.45702 
-260.49103 122.18745 14.355519 36.048286 4.016611 15.869339 -2.4020264 -5.1909237 -27.975922 11.830395 -16.719564 -6.329461 -1.1915394 3.492981 -12.956599 11.243748 -5.704371 -0.29698732 -11.882849 -12.301474 
-298.42004 110.22631 27.602911 55.38725 7.582488 14.557865 -17.573837 0.9218375 -16.25251 15.012478 -21.619215 -12.801352 -3.6780357 9.505726 -6.2758427 10.529228 -11.985409 4.6257987 -3.7256944 -14.69685 
-343.05768 129.25972 24.885008 51.83989 10.691867 13.701175 -0.41110346 -5.7977157 -20.325603 11.157033 -21.345707 -10.068627 -5.0805283 -5.655442 -8.77763 11.224164 -13.260705 -0.8934762 -1.8971664 -11.124638 
-333.46036 153.64122 14.223463 44.32132 21.021355 2.6183925 0.4905794 -2.2736812 -14.770691 6.0012655 -19.326637 -7.0722485 -6.533986 -3.7993977 -7.215574 19.681755 -14.933339 -2.9555044 -8.737366 -12.144517 
-312.9271 128.01962 -3.755371 59.63249 28.549805 -2.0910988 -7.2984204 -7.807626 -11.873365 11.15493 -29.9741 -9.018365 -2.4231572 -0.03569032 -13.22911 13.477147 -3.744556 6.95323 -10.354732 -7.285331 
-320.89496 137.58667 -2.6940122 22.47877 3.8471746 5.7192683 4.082236 -1.7603594 -14.64616 12.492477 -17.131907 -2.9381993 -0.01849217 5.6648555 -8.790759 17.7276 -10.616279 -4.1865673 -9.266667 -9.854507 
-302.57434 100.9938 41.11475 32.50454 -6.741517 5.8751926 -3.1411712 2.6822438 -16.46708 7.177351 -10.484783 -5.556612 -6.868307 3.910675 -12.800021 10.626523 -5.6995673 -3.7695525 -10.753334 -6.8653436 
-302.62735 122.387535 15.6210985 40.31318 15.443427 12.604019 -5.087584 -2.9122725 -20.092136 11.2749195 -19.556446 -7.7335043 -3.7827988 0.7264868 -0.9240447 15.75863 -12.315142 4.476351 -9.815155 -13.357469 
-325.8863 130.43523 11.931555 43.4868 11.991009 14.130416 -6.1310806 -7.720576 -24.928284 9.517851 -12.741024 -8.75251 -5.867365 -3.5622454 -5.041077 22.536491 -10.604863 1.2587026 -3.3574786 -8.578147 
-322.2228 165.29684 6.203882 31.717499 -10.825593 -2.7516992 5.9797745 3.1506677 -27.288979 2.035459 -19.042465 -2.3019106 1.268878 5.5197697 -11.585859 23.135307 -7.7941036 -0.4227608 -9.137216 -6.4259543 
-320.99313 95.842606 21.440998 63.577988 3.7639318 6.7364054 -6.5721955 -2.5593882 -20.907864 16.404451 -25.648111 -8.025263 -1.4008626 -0.6321656 -12.050182 11.028698 -5.093171 8.636128 -9.296949 -9.794014 
-333.92307 122.02634 18.690063 28.541317 10.850826 15.162735 -6.6116786 1.510782 -19.478287 17.688047 -14.391344 -6.980731 -5.9528575 -1.4909939 -4.154105 18.034393 -15.27684 -1.8940239 -13.239395 -8.903241 
-335.03897 132.36754 21.749983 28.884684 3.5166414 7.470375 6.3079677 12.710134 -29.333815 11.1785555 -16.945192 -3.4425647 -0.5277055 1.0880451 -15.759303 9.97299 -12.287664 0.43865278 -14.023977 -11.423374 
-307.1989 108.640015 8.685368 63.532246 20.30935 -10.161131 -5.589294 1.3930013 -23.165276 15.547962 -22.355371 -12.827351 -2.2028284 4.300603 -12.29849 6.6633077 -1.3389238 5.196502 -13.55307 -9.183183 
-327.48154 86.1373 35.186783 40.046635 3.047117 29.790548 -15.2656145 2.8585892 -17.593033 8.625164 -12.236366 -7.889121 -7.1463156 6.1513777 -5.0240564 11.052998 -14.055607 -2.5734978 -6.3491387 -9.363854 
-364.28027 110.29653 12.203268 31.348137 13.5227995 20.779924 -7.6662836 0.08729871 -12.8119 18.929237 -10.963869 -4.758604 -5.129725 4.1789856 -6.5107756 10.444043 -13.183064 -0.45159033 -6.776854 -6.7413483 
-367.44885 110.91322 -2.593934 35.21051 16.855927 21.673557 -5.702592 -0.47767946 -14.770883 18.296906 -16.308983 -6.8208256 -1.4436703 3.599781 -9.792261 11.772031 -11.620163 -5.070113 -5.0981975 -5.464933 
-333.78113 153.37836 -8.460131 24.452349 1.8706082 -2.9808896 17.91867 7.2569757 -23.85868 16.629072 -16.077986 -0.106388725 2.7689319 0.45676437 -16.831938 8.11947 -12.875241 -1.7626927 -8.038411 -9.21993 
-303.2802 165.31511 0.8664555 38.915157 -17.36761 -30.74647 15.067261 14.715988 -28.791748 21.518002 -14.528951 -22.484276 6.531037 7.7947674 -15.584388 18.845459 -3.550118 -11.202534 -4.846909 -14.102383 
-334.54163 147.02328 20.065857 37.74072 -2.108669 -11.353055 3.1526513 4.0127625 -18.878258 6.882807 -17.135128 -11.528208 -1.156173 -1.1654115 -7.881717 6.6872964 -2.9327033 -5.2584414 -7.3800964 -7.005065 
-223.00226 148.71088 -32.5189 40.21152 30.847025 -10.231412 3.6826007 -18.826468 -34.659897 6.931152 -38.1214 -10.439732 2.6418612 -7.8207006 -4.1380386 20.702736 -0.90764225 -4.4985843 -11.175624 -2.1247213 
-251.17107 122.25328 -12.1604595 41.88048 9.212963 2.2383008 1.0552856 -21.302559 -19.239616 15.207806 -22.82369 2.802751 2.809639 -5.8371077 -9.228597 23.855568 -11.5212145 -9.1970415 -7.9616623 -3.8280945 
-291.08505 126.10585 24.13318 38.704758 -7.3079605 -17.236189 12.913776 9.222072 -30.996935 7.0837727 -34.575405 -10.724114 -6.098634 6.1709633 -9.0704365 23.267525 -6.243487 -3.5140965 -8.90441 -7.628935 
-307.4836 103.59208 23.22777 50.031807 5.2601833 16.696415 -5.815001 -11.027956 -21.919832 11.17689 -26.639204 -0.78281295 -7.2928643 -7.008581 -10.119043 15.745036 -15.193878 -7.0546727 -2.8765345 -3.6146643 
-312.8222 125.42078 -3.8560114 60.59737 17.05084 10.243107 5.9887447 -16.754156 -24.898058 14.267173 -23.041775 -1.3143314 -10.217041 -10.48972 -4.5141177 20.36184 -13.022496 -5.5201607 -4.3075128 -2.3142247 
-392.2662 112.71329 12.46391 34.86974 9.461137 21.12094 -8.971579 5.5158014 -15.388748 13.213072 -18.090633 -1.2166322 -1.6768439 3.2829401 -8.960827 9.2795725 -14.272963 2.5049953 -5.7275586 1.0878319 
-326.04086 113.05507 -1.8424551 52.856472 24.705448 -10.956682 -1.0343475 2.3614306 -19.831697 10.905887 -34.428192 0.9778438 1.5111598 -6.404175 -9.128231 15.071209 -4.6172533 -2.0466876 -9.932011 -5.6368694 
-257.71753 81.0376 19.051905 44.75312 16.208157 19.372416 -28.440826 -0.23771954 -27.682285 14.030108 -31.099457 -8.555144 -13.696097 -3.8757646 -9.384034 21.15818 -21.03321 3.0620897 0.25692865 -10.022266 
-238.5467 59.73436 23.533016 34.82092 2.7296524 34.39154 -20.385906 -1.6378132 -31.092184 17.274387 -25.965803 -6.1161003 -12.960845 0.7614186 -7.5301785 27.776571 -20.779303 -5.8349023 -2.2943444 -5.6739945 
-280.19318 164.18962 8.066762 34.88401 -12.197938 -26.613325 6.9922805 13.628254 -32.431477 17.245766 -22.601717 -12.293523 3.745425 8.113054 -15.034817 24.041405 -11.916385 -9.02301 -11.553509 -20.170248 
-355.66635 168.57904 33.24811 49.490074 5.337549 -19.709803 -2.8163826 -1.1048146 -24.846615 6.083123 -16.514309 -12.078515 -3.061337 7.0188556 -7.453815 15.728701 -3.4221272 -2.5888586 -10.244602 -4.939982 
-283.24344 154.02927 -12.966248 26.108877 -3.286147 -5.2730336 2.9832795 -1.3306732 -25.122103 3.069701 -23.836931 -0.5994837 3.1202517 -2.2733426 -8.753982 14.1672 -15.169209 0.17511329 -4.8212147 -7.158202 
-220.00511 122.873886 -26.937784 16.746239 -9.428894 -6.5578966 10.548498 10.869445 -23.902262 9.137539 -20.969795 4.5534306 6.3890233 -3.1278343 -14.461132 15.04156 -15.44996 -5.216471 1.1411184 -8.029542 
-292.89865 126.778114 1.0884768 57.43554 25.15037 8.044837 -12.563622 -15.82598 -19.127556 9.8155155 -30.244576 -17.108727 -5.2749496 -1.8567214 -7.7223325 21.20779 -15.982052 6.8194942 4.103813 -10.162533 
-277.90616 102.3814 27.323734 36.075245 -19.113386 14.131978 2.88889 -0.9131343 -24.897802 -2.3463564 -24.85061 1.2176995 -2.2545938 6.4884934 -7.251673 21.61509 -8.463815 -1.4152498 -7.499757 -6.3569927 
-327.99548 164.02876 23.95773 35.87484 -3.4020963 -10.959568 3.0721927 -0.8478921 -20.708542 2.1466422 -15.74435 -9.159269 -0.54373807 3.1594496 -2.9315083 17.246513 -1.2278705 -0.6715385 -8.640087 -6.3336787 
-299.6362 111.35659 7.7244625 36.529705 19.407932 12.229176 5.135213 -7.810608 -30.163595 13.645691 -30.937988 -4.584463 0.68536365 -6.32414 -10.435138 20.538733 -8.4247055 0.9491023 -5.5136466 -5.636343 
-253.38026 142.92764 -31.299873 29.900808 -5.888555 7.8739734 14.689168 -10.604606 -17.206926 11.058446 -20.466795 3.8955803 1.4143219 -8.675747 -12.096998 12.408237 -17.861431 -4.428114 -12.404061 -11.016655 
-269.36227 119.71114 -15.761702 59.207634 14.456863 3.8936899 -4.1222663 -17.785765 -25.021524 15.349102 -30.248922 -6.631569 2.9570992 -8.105272 -9.42162 24.76918 -11.835903 3.6081839 -8.020537 -13.750156 
-296.53848 136.16348 -23.116316 66.80066 20.561024 1.0680368 -4.319512 -13.952746 -19.003815 19.03693 -33.323116 -11.063576 2.234708 2.0718045 -5.3327756 15.52133 -11.074613 8.499899 -12.063274 -12.5761 
-354.42044 142.47595 6.9843955 38.78799 15.144884 7.162958 -1.9134691 -0.44965225 -17.21884 12.785771 -15.850762 -8.544362 -7.4855523 -3.4552498 -6.81339 18.151636 -13.271236 -3.7067194 -11.16208 -9.131796 
-249.83385 129.77985 14.218127 30.857008 -4.1906147 -18.192015 7.199017 13.728022 -34.15425 13.911353 -22.597113 -14.021387 -1.9977362 6.625924 -9.810805 18.775679 -9.760949 -7.636383 -16.492136 -12.23576 
-327.21848 151.30391 2.1467645 38.430733 5.629173 -3.2580175 8.509764 -10.133923 -33.05824 11.083561 -8.441031 -13.309228 -1.1161015 8.299817 -7.413799 20.590754 -4.0548043 -7.5289364 -15.39503 -8.233378 
-270.27625 134.90533 -11.438396 53.71495 27.960527 -2.1878994 0.9382178 -14.697527 -32.751503 24.756996 -14.782857 -18.770658 1.8768915 -6.972689 -4.694933 21.21262 -17.21095 0.056373265 -0.25793234 -15.19427 
-346.6676 146.59003 12.966778 41.323074 16.346666 7.025701 -5.0924783 -2.4466043 -14.19212 17.22919 -11.024009 -3.453318 -7.520852 3.0762653 -2.887801 12.852428 -14.294911 0.32927287 -11.265675 -12.436472 
-427.95004 137.62938 16.726318 36.452316 12.642358 8.24561 -10.212765 13.911222 -14.12249 8.650865 -15.646342 3.4145207 -4.792098 3.3801458 -11.524715 7.730581 -13.380767 1.9682536 -9.921057 -0.64359045 
-303.3997 47.2352 18.895761 56.03594 -6.7430625 19.708471 -13.233236 12.065191 -17.902454 11.137575 -12.968267 -5.6160135 -5.8145742 10.233828 -13.162072 8.933285 -2.3685381 4.7873745 -8.513648 -3.855846 
-275.7718 153.42706 -1.0188853 39.367786 4.3540397 -9.481617 8.858214 11.915191 -21.656567 2.3379722 -21.149664 -8.068314 -6.383842 7.846667 -8.661871 7.291506 -3.8584073 -5.938875 -19.747303 -6.9888334 
-304.72552 132.34213 -2.7925959 45.72998 27.308147 7.881629 -16.438763 -5.66393 -18.096478 14.462246 -26.139715 -14.234899 -6.3814907 11.498144 -9.595767 7.0248413 -0.0070002344 -2.7503967 -7.607195 -4.483293 
-308.45154 155.80487 -11.752764 14.320408 -12.637735 5.2373343 5.9389124 7.623532 -23.51537 1.4025122 -9.448281 -3.7393315 -1.5104327 3.7185526 -11.39176 10.685226 -7.979376 1.0833441 -9.674048 -8.274318 
-282.3402 153.96864 -3.565154 18.558388 -27.827362 -5.3134255 17.457977 14.036602 -23.924198 5.7565775 -8.748037 -4.8346643 2.7740848 7.722071 -5.9901476 5.5008755 -8.549888 0.9881221 -13.679426 -7.208943 
-297.45285 155.17487 -12.540344 38.791725 1.1105999 -5.052622 -0.09935347 -3.9735854 -26.778097 10.561039 -11.850796 -10.823783 -1.6498187 5.5358753 -15.214432 15.767643 -8.649326 1.3885752 -5.910104 -8.30228 
-321.17593 155.29015 -16.405445 35.015247 12.183935 -4.8899064 2.9982307 2.421232 -23.874905 16.848198 -10.527888 -6.670534 -5.23361 1.7450292 -10.20636 9.245716 -11.044774 -1.7983598 -10.544448 -11.219423 
-377.9891 85.28151 49.023506 19.477955 22.64134 12.065983 -17.318657 19.328445 -22.841927 14.909929 -17.24813 1.8496566 -9.50651 2.7439966 -13.653943 11.005043 -12.062722 6.6142044 -9.624195 -1.7061707 
-376.0898 113.060326 1.2351587 33.864838 13.794388 15.953396 -11.904486 1.9688053 -14.530088 25.415936 -7.3258843 -7.1164575 -2.9103565 6.049963 -11.539929 8.886579 -10.502996 -2.0555885 -5.429782 -4.7948346 
-341.63266 103.00959 19.03355 41.07303 9.309424 20.323637 -5.1292624 -5.896309 -17.513634 5.0135155 -12.298327 -4.4166393 -5.3822308 2.4827807 -9.760288 9.779239 -6.663184 -3.1388483 -4.7740936 -6.8634777 
-296.23975 146.74518 18.329699 44.920395 2.0486116 -11.41689 12.495706 1.2220727 -28.526154 2.0024548 -26.491484 -14.022179 -1.2481043 0.5041287 -9.002942 21.03403 -5.8727074 1.9569122 -9.036368 -2.1724524 
-304.32144 129.16687 14.700684 50.073418 23.750143 6.500085 1.6775182 -12.151805 -30.585503 14.654083 -20.348654 -14.181797 -10.083296 -6.0699964 -8.007736 18.461384 -12.726822 -3.208664 -2.8910518 -0.21043603 
-366.25064 167.37387 22.862991 45.907402 16.367409 -4.687101 5.4023027 7.5963726 -16.251541 2.2053366 -19.603489 -7.5138288 -6.742786 -5.1638093 -4.0852337 11.634844 -13.047152 -0.57074 -7.5023956 -12.165566 
-376.16 155.32948 31.745884 43.01563 13.605433 -0.5312373 1.3897978 7.0663342 -12.598042 3.4726114 -18.073631 -9.99588 -6.374578 -5.0607014 -8.287036 8.143117 -12.115772 -4.5504475 -7.7373037 -8.771993 
-291.61987 161.10286 4.7697473 36.19086 5.9168234 -5.7999864 17.004759 1.7165926 -25.207062 3.2452338 -21.459784 -6.991956 0.37482357 -2.2232103 -10.48766 18.054138 -9.984646 -5.8001013 -5.433455 -11.096081 
-357.05878 148.03526 11.7464285 30.796139 7.0388904 5.498016 -3.5523822 1.2877795 -14.601235 5.4007688 -6.6139364 2.833017 -3.4637437 -7.7738366 -9.54915 5.5413413 -10.710147 -5.431213 -9.071507 -6.500318 
-312.7114 167.1742 26.905752 36.254185 16.586573 0.0528521 3.3139544 2.8680954 -19.599483 -0.31473917 -18.010765 -14.196598 -3.813374 -9.953779 -9.164286 10.885014 -3.9179976 -5.561407 -6.170532 -9.852017 
-263.7125 106.77818 8.760047 70.15917 23.907318 -14.431759 -7.0084643 10.848934 -38.249054 24.385374 -32.4913 -14.818477 6.17429 -6.2950363 -26.346737 2.8663518 -6.0840845 -10.930378 -7.499481 -14.216484 
-288.518 141.31117 16.010717 38.980484 7.2958884 11.8129425 -1.3761145 -3.402027 -35.719296 4.6045666 -21.348194 -9.66885 -2.152387 -4.779485 -9.209688 8.160197 4.4799476 -6.749268 -12.360392 -2.203153 
-232.03906 118.08671 -8.136082 43.561737 -3.7039251 1.6569718 6.5103965 -9.275143 -33.283978 20.966892 -10.65773 0.6284094 -5.8634205 -0.76032174 -5.9327817 10.496571 -9.336858 -10.822782 -11.903053 -9.976619 
-283.5562 86.31064 32.141586 60.26049 17.504328 9.7488365 -17.08514 5.844857 -18.493322 9.554809 -17.52818 -15.305263 -6.6744895 4.212147 -13.99642 4.845064 -5.8429613 3.366515 -7.3407 -10.31248 
-301.3264 139.47205 2.7927184 37.61836 13.595697 12.227722 -7.516409 -7.410702 -26.587757 20.832869 -11.864134 -14.418486 -7.6524835 0.7739729 3.730684 14.557453 -8.703393 1.8898896 -7.545496 -6.8058686 
-356.21722 132.622 13.144884 24.84716 -1.8412797 4.9079075 7.235098 12.275377 -18.799757 7.732844 -12.898935 -5.7678666 -0.28739625 9.822339 -11.656621 6.4264245 -10.095424 -2.9830148 -8.910638 -5.0798116 
-382.54395 111.46602 5.3253617 33.888454 14.250707 15.568865 -13.59955 4.9850564 -7.6830587 14.52122 -12.548242 -9.650404 -5.716217 4.411872 -9.845342 4.844657 -15.048832 -1.0291436 -3.707478 -2.8570607 
-340.03012 135.02542 -8.213685 29.901085 11.184171 9.452384 1.0012716 -1.6837058 -16.830029 16.02314 -11.300146 -3.2462835 -1.6974521 0.16214286 -4.9531374 12.660666 -13.415447 1.5241034 -7.907789 -9.181722 
-234.52496 187.64394 -28.320639 31.334167 -22.812017 -42.4696 34.292465 8.367771 -33.96086 26.730755 -14.678318 -21.865156 12.774756 2.474937 -12.562174 13.2413 -21.552696 -1.0779716 -17.201885 -14.367722 
-201.41846 142.30595 -40.59133 9.958118 -14.728387 -9.150008 14.105977 -0.7071885 -24.267141 10.737286 -13.957234 -4.5566154 6.0283976 -8.336336 -10.240748 9.025616 -17.10205 -0.91545117 -6.5586042 -6.1528797 
-276.5028 85.929596 19.990105 66.954124 5.400167 10.833663 -15.6400385 -0.029077742 -18.639486 11.981279 -26.32423 -13.129763 -4.8111153 2.6603744 -13.837536 9.753694 -5.522509 3.8349223 -5.845319 -9.908441 
-286.88037 102.19868 19.588139 74.04707 11.759563 6.195001 -6.743377 -1.4673163 -15.900711 10.533553 -26.3221 -13.166509 -3.239889 -1.5902697 -16.802246 6.129377 -4.932989 3.5316534 -13.014459 -9.147223 
-215.00081 116.03711 -12.530177 63.73864 36.404537 -20.034218 -6.7112494 -5.527598 -24.216114 16.28785 -36.180138 -13.537601 -5.6934304 -3.37531 -9.997066 17.782707 -13.115918 1.6956819 -7.874091 -11.13087 
-325.1588 136.79596 4.418807 39.108627 29.126183 10.605306 -10.565107 2.2962844 -15.128346 12.493598 -16.258825 -6.2255373 -7.2622614 3.126437 -0.35985336 14.664471 -5.9142113 -1.6547298 -4.2873697 -8.227651 
-346.51917 138.07098 19.246813 33.949776 10.592984 13.954656 -0.31327757 -1.6342286 -20.514862 6.048768 -11.162503 -4.89863 -7.8714504 -2.6400175 -11.226312 6.7800593 -8.496881 -4.2406344 -12.482977 -7.1326394 
-275.30984 35.53224 44.881283 47.35459 -23.127377 23.782803 -6.626576 -3.464013 -19.619362 11.5463915 -12.583744 -3.5461879 -7.069446 4.573826 -10.595904 7.232943 -6.9822884 -0.014956726 -6.8200006 -0.78623897 
-341.39285 127.017 17.104187 27.748665 -18.43706 12.263519 1.9069211 13.525911 -17.28231 5.0501914 -14.051395 4.4386864 -3.126544 9.219898 -12.326588 1.8750997 -10.051327 -0.5779367 -15.809938 2.188072 
-414.84045 135.30893 12.8596115 39.167583 14.317512 17.809662 -5.5351887 7.492703 -17.47365 7.6574936 -2.8269782 4.132096 -5.740493 0.28588647 -9.987765 11.196087 -7.1128674 1.5912675 -7.250498 -2.5772076 
-333.00806 122.92997 10.262064 46.671165 13.72569 14.00238 -7.938168 -6.3171487 -21.956059 4.3554325 -15.888676 -14.849049 -7.9612827 2.2369728 -6.2767897 11.365942 -1.4597944 -3.9315975 -6.1185217 -0.63547707 
-295.179 134.1148 2.7286901 26.728945 17.93377 16.777977 -1.1265348 -8.331388 -23.345446 10.945457 -8.818925 -4.580355 -13.545041 2.5077105 -2.138143 9.120231 -2.800066 -2.2552316 -11.63402 -3.4728665 
-329.70688 141.30013 -10.006011 48.435104 17.520212 -4.1777267 4.2759385 -6.8084598 -28.400232 16.942907 -17.732662 -19.98764 -6.1165996 10.4516535 -6.3609705 11.506432 -8.495777 1.95701 -14.719345 -8.318829 
-339.77258 83.63971 38.80171 54.62686 1.2383974 9.088102 -9.957817 8.5967245 -23.490465 10.452709 -15.184422 -7.2747827 -10.354496 4.3848014 -18.79323 4.832091 -8.145114 -3.7606158 -12.730651 4.1193595 
-298.3341 163.81738 23.815516 39.64618 -9.302689 -24.245556 5.8400836 9.452831 -37.92579 -0.7742296 -14.525618 -18.901852 -20.005623 16.492355 0.45031023 8.733166 9.212539 8.478449 -16.600058 -10.479984 
-337.19302 156.62956 15.26653 43.0775 10.292741 -6.5296392 2.399747 4.7256527 -26.171534 -1.7736499 -16.313726 -12.319088 -4.5305233 5.2344213 -9.250578 4.785719 -3.0456657 0.89462227 -9.422771 -6.490363 
-296.62204 138.44278 -4.9662266 36.22615 16.411581 -2.1313128 -5.091921 5.5015407 -19.342726 15.355813 -12.076433 -8.175932 1.9389205 8.41547 -5.1564817 4.223122 -8.90717 -2.753255 -12.659157 -5.372363 
-277.71695 107.913605 19.316236 15.901086 11.37274 20.262762 -14.021597 3.4133294 -29.169865 23.047647 -14.198428 -1.5534238 -7.9980383 0.9234295 -5.504032 10.685554 -10.543194 -8.86823 -9.197816 -8.928058 
-309.23456 143.26382 -2.087469 66.62503 32.617702 -12.861115 -7.498408 -0.10496611 -19.234676 12.650202 -30.956875 -15.382128 -5.489114 1.6576343 -10.033262 6.629788 -6.642686 -0.15172233 -9.538571 -11.137333 
-388.94434 120.42036 7.802641 33.664654 15.317817 9.4867935 -10.151665 7.2660666 -12.937634 9.617427 -14.911774 -1.4405571 -1.3212035 6.166298 -8.278377 5.0232697 -12.358871 2.4186494 -8.690427 -5.513182 
-398.71365 120.77731 5.9196167 36.18981 13.967606 11.974442 -8.470857 4.268505 -14.33527 16.387339 -15.025151 -2.5978613 -4.1693006 2.5870008 -9.904308 5.9422603 -10.592595 3.0673199 -5.865546 -0.6186626 
-268.56644 127.87507 3.066202 41.17261 9.97329 16.038122 -15.655443 -10.769555 -24.689844 21.856726 -18.948599 -13.8952 -7.8301296 -2.5706851 -0.23415147 14.02113 -14.739312 -5.461655 -5.3862987 -10.193286 
-212.23792 161.01321 -28.516378 41.599567 -15.702835 -7.3237424 7.770775 -8.160401 -38.35918 8.751766 -22.08585 -3.5700176 3.5738285 3.5630522 -6.20613 7.9480844 -9.592007 -1.7186049 -9.637922 -9.608425 
-269.76834 126.48816 1.2977341 67.842064 21.990095 -10.059711 1.6313394 -1.1154453 -25.081287 9.96372 -24.141691 -17.130747 -0.0323699 -1.7883064 -15.02309 6.4741983 0.22165066 -0.90963185 -9.766247 -3.871927 
-245.67497 98.51671 33.25788 37.295258 -3.2390144 2.0295892 7.2504754 2.5712178 -28.777615 -1.3928696 -22.440907 -9.132424 -8.498038 10.434063 -2.084918 7.5774546 0.070633925 4.722988 -6.456957 0.2617825 
-308.47217 101.95093 46.19719 39.46431 -2.9863522 7.5821295 -0.75277877 7.412635 -24.971094 0.0831159 -18.454535 -13.105116 -16.149172 10.729288 -3.9947755 12.771583 0.72031814 3.6440425 -10.033049 -2.0600886 
-287.69504 153.30197 6.111401 51.63588 1.4851965 -23.19643 6.32964 8.240155 -34.956326 -3.0749056 -32.29187 -12.835981 2.1565595 6.8199058 -10.99787 17.163513 -2.5796256 -3.293485 -12.117884 -7.7586875 
-231.43137 132.40456 -37.716587 65.41908 45.94295 -20.838383 -3.042846 -12.046958 -13.379161 21.86848 -38.19876 -18.199532 6.82201 -3.9480379 -10.817138 12.883259 -3.814971 -9.700382 -15.266951 -4.3074393 
-273.32748 131.29063 -6.5553894 85.50511 24.254595 -23.20622 4.650224 -0.36450073 -19.124117 11.5480995 -26.258776 -17.773624 5.45281 -7.030155 -19.982246 11.404928 -2.4995065 -1.0837637 -12.425524 -11.172148 
-250.7041 118.219345 20.312157 44.441063 8.854279 8.254162 3.1614888 -4.6744733 -23.50718 8.249453 -22.791142 -10.697965 -7.4739566 -1.8292062 -2.7132742 14.2312975 -2.6679595 1.0968579 -8.719484 -4.0362077 
-273.43326 155.36444 -8.257004 41.740902 6.6983604 2.1306581 6.386038 -6.6728554 -33.86119 2.7365232 -20.825928 -8.366261 -4.2967205 2.5535033 -4.166044 16.878632 -2.1217313 0.34710428 -8.97015 -6.6526895 
-236.65399 31.405003 10.770541 74.47988 -8.87229 20.792677 -11.757832 -1.8439867 -21.901926 14.505303 -18.278301 -8.111416 -5.014255 14.711848 -8.065338 5.9954357 -3.857377 1.9926927 -6.230257 -8.679333 
-349.97153 144.70016 -0.9830329 43.798916 -2.4919977 5.447519 9.608959 8.909454 -21.08854 6.7266498 -15.710317 -7.0316277 -2.1487703 8.736189 -11.327773 2.5147905 -13.937737 -5.2177496 -10.46377 -4.697411 
-371.0332 133.65971 21.269836 40.083073 8.599201 17.628954 -10.084625 10.136097 -17.98104 5.5751653 -8.154238 -5.964917 -4.860586 1.9822742 -12.444122 4.6362677 -5.464898 -2.9322844 -4.2370906 -6.078695 
-318.08865 115.34782 36.239662 32.441845 20.181784 14.269887 -15.8993635 -1.793611 -30.447392 11.302957 -16.850403 -8.934908 -9.004786 2.9826002 -1.1334513 12.25084 -10.275486 -8.508118 -3.0239859 -6.7390604 
-319.53363 122.72871 17.991869 40.038197 23.89724 9.312058 -18.308617 -3.5594227 -24.377384 19.04262 -20.367138 -9.973277 -2.8110404 4.0029044 -7.2965717 11.532286 -8.166455 1.8440726 0.6819088 -6.3088527 
-286.41663 158.28583 -9.41022 22.964134 7.956896 1.154837 4.6537194 -0.72971654 -29.548113 12.24775 -14.725054 -3.0095136 -4.2345295 -5.659189 -9.197757 14.248079 -6.427319 -2.3715029 -12.614991 -7.270243 
-311.45737 105.384605 29.729849 18.774946 10.358979 15.362813 -11.061527 3.9233615 -31.797127 12.389477 -18.10515 0.04371758 -3.3503957 -3.6006458 -8.366789 16.873116 -8.88614 -1.237862 -8.338394 -7.6093335 
-317.2092 74.76873 41.53104 37.94864 2.9867961 24.272963 -6.3606644 -5.120411 -16.823812 9.112209 -14.771199 -0.7630855 -9.37112 3.1618123 -4.9740014 13.672538 -10.447865 0.090422735 -6.7661166 -5.645712 
-363.0403 112.23307 18.417631 30.330723 6.2880535 9.478458 -13.042796 2.2396708 -19.31105 11.2399025 -17.338871 -5.5956097 -4.1536975 8.496363 -3.6956363 11.178655 -10.473623 -0.74121594 -11.37983 -2.9761455 
-350.10825 93.23337 1.9101478 39.06563 15.815554 19.27053 -15.66786 6.495721 -17.25483 20.279749 -19.115425 -8.602148 -6.612925 4.827497 -10.434691 9.92684 -12.419254 -5.200617 -5.4778194 -5.2807364 
-250.99652 118.242325 -9.741897 50.083786 31.501421 8.612888 -14.22692 -8.993417 -29.30859 11.843759 -30.480333 -22.3053 -4.4526377 -0.37675312 -9.755675 20.125074 -7.74641 -6.0642858 2.729537 -5.4734473 
-261.19382 90.476524 24.134104 51.141838 17.37505 22.768938 -25.490856 4.3539176 -24.485378 12.98228 -20.70125 -16.922834 -5.7056136 1.1558723 -8.201855 11.799908 -13.115047 -3.6202617 2.7297947 -4.2387304 
-248.25307 132.45479 -13.321757 43.240246 25.377832 7.9696875 -10.520704 -13.715032 -33.773525 19.225386 -22.535622 -9.555457 -3.9948866 -7.11384 -7.242023 20.328041 -17.092232 -12.17954 -3.771623 0.062132232 
-199.06172 154.6419 -57.378254 42.640854 18.628963 -8.065725 -12.807042 -23.82386 -21.816574 27.19009 -27.703764 -2.4450772 6.274427 -3.5298738 -3.0590875 17.449514 -14.84518 -13.31568 -5.406299 -5.658804 
-345.2784 124.40077 4.319709 58.65442 23.010529 -12.6599 -3.365077 0.52363014 -25.269333 22.0984 -15.697087 -7.272997 4.0083613 -6.396398 -22.213564 8.564739 -15.595832 -8.970749 -13.3628645 -1.7155713 
-257.64328 128.0144 13.489122 32.257236 -1.4940429 -12.129866 0.20670669 14.359497 -45.249767 7.8831124 -19.4066 -16.708021 -1.5428575 10.285043 -4.4519095 23.447329 -5.3735027 0.6437683 -9.368393 -16.024412 
-284.81583 75.805695 44.72037 27.419828 2.6188097 12.666867 -9.98092 19.293425 -33.820522 12.846448 -20.806442 -8.071902 -3.361095 8.473714 -5.287401 10.73791 -5.5274563 4.2610564 -6.621771 -4.1864777 
-274.41003 91.89011 38.08345 25.776371 21.172636 18.406208 -13.498971 11.943049 -39.44926 14.549981 -26.772392 -8.009684 -6.435629 -8.617455 -11.349521 17.815765 -5.625971 -3.062862 -7.4120603 -1.2485195 
-311.06873 144.50241 -0.36647618 59.717033 35.77318 -13.027974 -9.450067 1.2107571 -24.017641 7.2835293 -32.293583 -18.547268 0.45220163 -3.9168918 -14.813402 16.311089 -3.9816618 0.06841522 -10.256817 -5.1222496 
-312.15204 153.18791 14.289066 38.29911 7.5243115 -2.5431485 4.6181383 5.7793465 -26.527887 -5.5200653 -24.115072 -17.97521 -0.86105335 6.708102 -7.582344 16.662071 -5.320953 -0.47168785 -8.089916 -7.7847805 
-353.12805 149.59557 14.996146 36.867767 13.559058 -4.344646 -5.39466 1.9177039 -24.844522 0.8324286 -24.608429 -13.221493 0.6207249 3.362527 -7.820667 16.068592 -0.09128901 -0.28658506 -10.331188 -2.9577036 
-423.37946 135.32343 19.140606 34.265636 8.787729 4.757553 -7.2427835 12.981497 -14.136207 6.628785 -11.425128 1.6104529 -3.004565 3.7235272 -9.0825 8.613076 -8.120184 2.042769 -12.778494 -1.2401818 
-345.9652 143.62811 -0.84048736 39.907837 25.114323 8.089451 -14.888645 -9.329433 -22.531744 7.574198 -21.500443 -16.447441 -1.8359193 5.0422306 -6.086163 11.342993 -5.213125 1.9131391 -5.756655 -5.5372386 
-315.1785 122.30451 13.380768 31.416687 -3.0963583 6.3762584 13.513169 6.9482117 -26.651558 8.008925 -11.545884 -5.960178 -1.9042443 5.487542 -11.506012 6.2347417 -7.0995917 -2.6551874 -11.700728 -7.0480824 
-231.41501 120.53364 -13.529104 41.773407 5.799906 -3.0414839 5.117451 -1.9774156 -42.25903 8.074183 -15.809771 -6.2864795 -0.36780658 4.6080537 -11.322831 7.38881 -5.830342 -0.71075326 -11.021943 -5.6545734 
-227.67491 135.27962 -21.892065 46.058723 24.634377 5.723681 -1.3136207 -14.048893 -32.594498 18.104706 -23.616753 -17.013594 -4.369207 2.3732252 -0.97012395 12.043331 -12.039779 -5.182982 -4.377386 -9.309546 
-294.89417 148.69632 3.215937 22.301437 -2.1674051 -2.7272127 14.052848 17.034569 -15.334885 11.309856 -11.034475 -9.976261 -2.75341 6.546342 -6.8615255 3.8529162 -8.5211735 -3.2841592 -9.262161 -5.2267585 
-363.2704 144.07933 16.93087 38.121693 25.054173 8.29128 -8.366521 13.241101 -12.719654 1.5136373 -10.96914 -2.3637705 -9.631316 -2.0993667 -5.5054374 1.3323494 -10.7166 0.9466614 -12.028443 -7.445221 
-373.03796 144.73535 28.798004 36.723007 22.005226 3.5081964 -7.7006683 13.516903 -11.7199955 3.3422744 -19.825035 -1.2381061 -7.828576 -3.620569 -10.028706 7.8639874 -10.50676 -0.88907105 -12.257969 -6.817282 
-325.92108 106.5277 19.456013 78.79902 17.851538 -6.0880275 -7.212082 3.3091173 -20.6176 9.603268 -25.734865 -13.786686 -1.4475042 1.258866 -21.088936 7.22262 -6.2883844 1.4302167 -11.399619 -0.76591206 
-253.3381 65.23272 31.021109 25.344797 -1.1402664 4.877935 6.7323446 -1.4147707 -23.096737 10.078584 -23.616829 -4.615969 -4.664208 2.390587 -10.1409235 8.064471 -9.403843 3.546258 -8.393417 -6.1744385 
-298.11783 164.6111 -11.241491 24.063622 13.600881 -5.1315184 2.5163717 -0.096890874 -18.881033 11.76619 -8.981609 -0.19459565 -12.451479 -8.24204 -4.758441 2.4429088 -15.017541 0.53608304 -17.707235 -14.104837 
-400.77863 151.65985 12.860093 27.775913 14.160931 10.059516 -6.1202188 7.839641 -12.211626 8.348523 -9.257667 -0.19977802 -5.9371405 -1.1869668 -7.723898 5.3274274 -9.5600195 -0.25141934 -10.8932085 -4.887058 
-426.0082 137.58597 5.8590794 38.753967 8.051062 8.123043 -11.006617 9.50943 -15.232751 8.407398 -12.123149 -1.293745 -1.5983826 5.5046887 -7.9287853 9.860848 -5.7122173 1.5947849 -8.906109 -4.632583 
-371.32608 130.71011 15.127099 35.62231 22.468868 3.1597142 -3.1246035 5.0780616 -11.255306 6.303129 -16.315907 -4.9755087 -2.5232565 -4.692191 -13.924273 3.163741 -7.859242 -3.9076335 -7.799604 -0.102933936 
-169.07317 142.18271 -23.691257 42.829494 -0.70196533 -23.574701 9.818314 -4.8335376 -35.17949 3.523196 -28.612928 -9.573086 0.9539674 2.8264148 -7.456209 6.8688526 -3.4250002 -1.2371815 -16.54109 -13.191379 
-208.8214 144.48662 -19.51434 36.882027 -1.7722011 -12.886531 -4.8372164 -8.172492 -24.315443 13.418689 -15.383765 -12.630339 -2.5767357 12.318883 -4.81417 2.6077323 -3.1792955 -1.6330882 -10.68716 -4.2091784 
-275.29327 148.1241 -10.398735 39.004856 20.065178 -2.5991678 3.2944288 -8.127507 -31.128448 1.1943986 -29.75742 -9.795616 -1.5970794 -0.99793077 -3.0207028 7.434904 1.0361419 -0.81567717 -5.741181 0.54039246 
-270.65466 112.42267 10.386533 41.337646 18.715235 8.797887 -10.554438 -5.9978657 -23.472996 20.029621 -17.7799 -12.697133 -8.56226 4.770796 2.158919 7.0920143 -11.993758 -1.2899543 -6.265636 -7.5113645 
-287.66937 120.10966 -0.38309562 72.75992 27.811045 -2.409606 -12.183787 -3.2872365 -29.478825 21.134268 -28.000906 -15.218479 -4.7794333 2.8548667 -14.99712 9.029018 -5.6947813 -0.8482719 -5.628168 -6.292062 
-380.93433 164.8028 13.982005 37.037483 4.658311 -6.4408917 3.0947142 8.120426 -20.419205 0.17392305 -21.655376 -8.904583 -0.69442475 2.7777343 -4.878069 13.423164 -6.1280026 -1.3337955 -13.163776 -5.3346047 
-290.2412 149.88576 -9.848183 33.963497 22.373627 0.39849165 -0.74914527 -8.789655 -23.087307 7.567008 -19.581388 -5.3023734 -6.85814 -7.276631 1.0307244 15.185091 -7.085413 -5.5475736 -9.216572 -9.399545 
-342.48978 125.29283 15.750371 47.36684 22.779535 4.7377605 -4.1484723 8.437322 -11.513723 -0.32131344 -13.441218 -5.674088 -1.2490553 -1.0992965 -8.186235 5.4879556 -3.4294229 -3.5287497 -12.027256 -4.8627343 
-327.55923 142.72614 3.8490775 59.667374 24.614128 -12.53755 -1.3721551 1.2539101 -12.871001 10.609364 -21.542519 -14.44615 4.2998257 -1.6432605 -12.345922 13.649994 -3.2084856 2.690882 -6.961597 -4.509781 
-365.6838 122.91595 19.119677 60.471176 16.700747 2.2004712 3.8671227 7.976359 -19.113848 8.171246 -14.005917 -6.398432 1.1054022 -2.5334616 -16.452429 8.068643 -7.5390244 -4.540618 -8.923438 -5.6455913 
-349.65042 135.86714 1.9098859 25.388084 5.899988 8.076984 6.5570216 14.834218 -21.476658 16.745531 -10.549582 -5.270772 -2.0824454 2.6568823 -13.051797 2.9249504 -9.928088 0.253194 -15.092775 -5.3781166 
-375.6619 131.88982 20.967125 34.181717 20.06016 9.344032 -9.511174 3.5830057 -22.947544 9.022831 -18.307367 -7.7839856 -4.9040694 3.1258357 -7.131179 5.767091 -11.125919 -0.39939928 -7.6758175 -1.5111285 
-372.37546 133.22105 10.319444 40.758934 21.758314 5.6994553 -13.560033 1.9037889 -14.24892 11.3998785 -18.60744 -4.4138517 -2.9417195 4.6722045 -9.113125 10.898431 -9.333873 1.677887 -7.5029593 -4.5082874 
-264.8453 129.56456 12.716023 23.73019 13.154785 17.173487 -11.551086 -3.5336244 -30.741821 11.299937 -19.671118 -13.75276 -6.450041 1.3684337 -2.505615 15.702186 -7.450953 -6.424796 -6.72805 -8.371319 
-320.24057 132.27042 14.894745 28.380562 1.7802832 17.5177 -8.1636715 4.9839687 -23.235023 9.41636 -11.039147 -5.7157397 -1.6955209 1.2992005 -9.878468 11.82082 -9.835144 -2.935742 -3.7656336 -1.5225241 
-333.3271 97.838234 25.86793 49.56023 13.316043 -1.4649783 -7.2806168 5.388311 -20.753704 10.651592 -19.573084 -8.208057 -1.698816 3.3189588 -16.135418 2.610717 -7.9788885 0.97881234 -9.069317 -8.026198 
-331.6772 100.455605 20.40803 46.91744 30.481022 1.9134941 -16.84541 10.67667 -17.641825 12.711825 -23.744139 -8.904861 -7.178655 5.9892564 -14.156775 7.09659 -8.42124 3.0737185 -5.4346395 -7.7262692 
-304.88617 99.247696 17.49669 44.914516 17.306202 2.2463365 -4.293763 3.5107584 -25.798918 13.5706215 -18.507402 -11.727662 -8.311958 5.705501 -8.698662 9.038681 -13.417315 1.0773139 -2.021259 -1.7395374 
-381.3403 137.05174 19.184149 54.26863 20.312538 -10.289414 -2.175204 13.485516 -18.727365 6.7570763 -14.9483185 -2.6061907 -0.26900735 -1.146928 -18.42095 7.756258 -6.401396 0.24304628 -15.073445 -4.79554 
-355.1815 95.86353 20.007925 44.08913 20.128502 -1.7878028 -2.7447577 13.922807 -19.525652 3.442817 -10.188464 -1.3564066 -0.962342 4.0672245 -12.391885 4.6869802 -6.748707 0.20736933 -8.961119 -3.0098057 
-305.41165 125.91192 4.115498 33.636826 6.6044908 8.318465 -1.3901806 -2.7071893 -31.144789 14.36256 -9.131812 -5.047148 -6.8369107 3.4721096 -7.901803 12.5532055 -7.979599 -2.7524703 -11.997585 -5.5157657 
-370.2506 150.22679 13.848018 41.5157 22.272152 11.045971 -11.545024 -4.4454284 -19.248884 14.404221 -15.814117 -11.224796 -5.8924417 4.4199476 -2.1029494 13.098436 -10.505108 1.3519707 -7.2807364 -8.1422 
-380.5639 128.62346 16.80801 25.33011 5.3883195 6.2487936 -1.8115553 15.160441 -19.6749 10.420492 -10.472396 -3.7842398 -3.5257463 5.7342353 -12.541301 4.533541 -12.330267 -3.7835193 -10.930141 -2.0522048 
-426.10175 136.21529 17.664742 35.071945 14.420704 11.670923 -5.9485974 16.655037 -11.79011 10.0188465 -7.4169464 1.5560603 -4.762245 1.3927755 -11.821123 3.366701 -10.149908 4.3403788 -8.589481 0.113202535 
-419.15573 134.30154 18.68701 34.53032 13.207513 10.855934 -9.296877 13.907606 -13.728092 10.966401 -11.302982 1.6442626 -7.2904944 1.9642444 -11.395192 4.753003 -12.336622 1.8098744 -9.66865 1.392695 
-408.8324 130.1579 16.627728 34.963737 16.146048 5.3379536 -9.170655 7.51355 -14.34683 5.898614 -11.177944 1.8694692 -6.118658 2.146737 -7.6045523 6.3758025 -11.240263 1.4674982 -11.363442 -4.208048 
-387.46265 143.86232 12.198737 41.806435 26.754751 7.701528 -4.5660863 7.8503046 -17.511642 7.137703 -7.4769187 -4.9506598 -15.061846 0.44370392 -3.733726 3.6760983 -10.872677 0.7949461 -15.7465925 -11.578796 
-417.14185 129.1458 17.400017 35.29792 8.111178 14.778178 -10.182109 9.691328 -13.476803 4.067138 -11.012859 7.7223716 -5.4872613 6.716627 -11.575398 7.7279162 -9.789349 -2.710435 -9.626154 0.30240062 
-439.11615 134.83318 14.275583 35.673023 14.463089 11.4379635 -9.3803425 17.087563 -10.384359 7.8875656 -11.702238 2.5312822 -3.3280334 6.2515917 -3.8101623 11.875631 -6.063382 -0.95420456 -11.499571 -5.951993 
