-470.13373 178.45856 6.4345884 48.25146 21.060993 17.731306 -5.9110537 0.28919443 -29.167446 -20.02492 2.5987318 11.123703 -2.68318 -12.717419 5.733097 -4.3197374 4.0307474 1.2664717 -6.7682652 -7.7979693 
-492.8503 179.21585 29.315182 43.376785 20.22165 13.97595 -12.58437 -2.1666064 -24.31424 -11.652483 1.0950754 1.3595724 -6.2564554 -16.335075 4.7972775 6.630471 8.3516 -0.87281543 -6.723324 -2.9036102 
-400.38702 167.0683 24.349218 28.133955 3.6428173 -10.991849 -6.069475 -1.1308947 -36.80786 -3.1446736 11.79918 -9.288287 2.7696698 -2.0012157 -5.1661167 3.5436342 5.0493226 -2.5905616 3.270201 -1.534815 
-325.3057 165.05817 -12.427373 19.65159 -3.2310653 -21.303703 0.26660845 -13.279884 -41.558475 -1.9309859 4.246048 5.559206 1.7616911 -1.8255212 -2.2919307 3.8973684 2.2994618 -12.039964 3.8605592 -8.04677 
-333.5453 170.0379 -12.2355585 9.679118 0.529228 -7.369728 -10.256744 -13.86819 -11.130349 8.811961 -1.802275 -3.7406328 -8.095427 -5.7919006 2.107949 1.3581734 -10.608362 -2.3848867 0.8800955 -3.6263762 
-379.35828 161.96304 34.640636 24.193026 -7.0806403 -11.480389 2.3597708 -1.6842085 -29.6621 -2.6451094 -1.1678461 -7.9839063 1.5833627 6.7906723 -0.1338413 0.1580858 3.5265207 -1.6917638 1.7714577 0.8219224 
-326.3585 156.52365 5.6327076 11.805406 -3.4248545 -16.427471 -14.484975 -24.072607 -19.458551 16.886269 5.80988 -0.04707608 1.166114 -5.763805 -5.400472 5.1466656 -13.240728 -7.0851235 -0.8899427 -0.4264146 
-401.60574 205.46794 -9.096635 15.969214 -19.660948 -18.428375 3.5531685 -3.0407548 -26.397055 1.1478631 8.251077 2.6235225 8.581983 -12.560456 -4.2424603 -0.749668 -4.1631427 -2.8786407 6.098003 -4.229276 
-415.71515 215.85442 5.6035213 5.2912946 -24.355757 -17.609005 8.929747 3.6468534 -16.709984 1.601575 7.37757 -0.86181533 10.187406 -11.497513 -7.327958 -1.9439721 -1.3589835 -1.9443618 3.6158175 -5.6242213 
-403.23834 163.18446 23.760199 16.149082 -17.588667 -18.138548 13.577388 2.5770884 -29.628008 0.28957283 1.1535704 -8.908228 8.666485 3.48809 -7.86774 -1.7396145 -3.591527 -5.16668 1.8818414 -6.70863 
-375.1531 196.12917 5.0864444 0.029693604 -11.383629 -7.989809 -9.135455 -1.025891 -17.173437 7.078221 4.240983 8.851814 -2.3672152 -10.120275 -3.5272903 -0.102662645 -8.683191 1.5413718 1.2151192 -5.0073566 
-463.02246 201.38774 20.03402 25.69138 24.22892 -12.18223 -11.736718 -2.337044 -18.71641 -3.5750847 2.9797184 -6.0944843 3.9858675 -4.76486 8.306792 -0.4268111 -0.25163043 3.761325 4.4659305 -3.410112 
-471.9105 188.00102 26.495235 39.135487 15.169124 -11.430186 -8.91917 -9.600537 -13.51015 0.9315938 -2.8035011 -5.0922585 1.6224227 -7.615603 11.6785965 -0.8441872 -4.114676 3.9320335 0.3451507 -3.808512 
-501.1162 199.54907 29.560669 27.486187 -7.693907 -1.3502464 -2.809625 10.113384 -17.670248 -8.542936 -3.5564237 1.3590991 2.0190256 -10.105181 4.299153 -4.1318116 -3.9858382 6.0956984 1.0151858 -6.6111364 
-437.66302 190.49771 -3.2020326 21.707167 -3.4393694 -6.7159443 12.250399 -2.1860304 -29.126139 8.273782 8.5804 -2.5105946 0.19217466 -14.417012 -6.9414735 -2.2783966 -0.9393037 2.7412512 -0.49664295 -6.309502 
-474.2253 125.7831 32.13512 68.26614 17.484762 -8.492087 1.6754394 -3.916191 -23.788923 0.7725421 -7.7473164 -19.163351 1.8867888 -1.8066735 -12.955294 2.662807 8.3305235 1.3252101 -4.1882057 -2.4420297 
-456.99207 177.61186 6.8158984 37.285618 -6.315852 -10.211987 -14.08919 -4.767256 -17.948954 5.1826057 9.8371935 -10.041211 -2.046394 -6.30979 -5.6430554 -5.1549635 -1.0492929 5.621763 4.801051 -11.119992 
-473.83685 209.20744 44.930435 28.01052 -27.568077 -27.8716 -1.042664 3.2403526 -30.037163 -3.155285 2.6056805 -11.235123 7.1785517 -1.9228622 -5.8117948 -5.750078 6.397522 2.4725308 5.03525 2.5272472 
-507.51334 190.89977 48.004227 42.964443 -10.093599 -12.160616 -11.714753 -1.3690563 -24.479202 7.775507 -1.5398924 -14.359875 -0.3247826 -3.8952107 -0.76426435 7.4072766 12.671682 1.4537868 0.41114372 2.6609159 
-495.76123 181.53104 56.48301 41.495987 -0.7472794 -15.759432 -5.5302143 -4.4970937 -28.071894 1.5596594 -0.1512827 -11.388574 4.196635 -1.7084045 -4.7847786 1.7874947 6.4951696 2.2591043 0.97012454 3.1784878 
-478.2788 126.62801 60.813213 32.803257 7.344053 11.147755 -16.26801 4.8008156 -18.83962 4.8965573 -5.47386 -7.4569364 0.5523435 -5.431806 -5.339508 -2.914858 -0.5436318 -0.98380226 -1.3947743 -0.6988308 
-466.04688 184.00188 41.55742 30.83726 -16.098068 -23.221466 0.75111115 4.2620606 -12.408102 2.150752 -0.98880565 -8.537238 3.00064 -4.840165 -0.8055209 -4.4637623 -4.429369 3.3553855 -10.303677 -2.9599981 
-463.05893 173.43893 22.347475 44.50566 20.352028 -13.893433 -5.365736 -2.886054 -18.702436 -4.032219 -5.6846194 -16.165167 4.8012347 -3.5170598 -0.11935976 -5.2149525 4.6232758 4.153385 -2.4203303 -4.681575 
-471.84683 157.01486 23.987434 49.516228 17.40383 -5.826228 -8.899394 -7.898735 -16.506695 4.0055356 -5.0607095 -14.722057 -0.56027484 1.4628487 8.033043 -2.0257938 -2.316624 4.776026 -4.137171 -5.4413905 
-512.25793 158.96683 34.65035 38.232475 15.015634 7.561103 -1.4673759 -1.023944 -22.757423 -6.333372 0.39102915 -14.189184 -6.2576575 -11.631611 7.069239 -3.4310465 -0.8665607 -3.5345852 -2.6567316 0.80753165 
-467.92816 140.2459 37.682228 20.375448 5.405392 1.702774 -3.6051826 6.430034 -10.671927 2.3630126 -0.8444379 -3.9079428 -4.4979343 -7.247757 -5.1523504 1.5354112 -4.0823803 -3.793212 -3.4492798 -3.0483165 
-364.9987 184.43097 -21.426643 14.336099 7.2850113 -16.63568 -10.584602 -8.4507265 -10.33422 15.824256 13.472736 -9.50884 -6.2042117 -5.4780545 4.0424085 -0.9972605 -1.8205876 4.6331916 3.6318011 -6.858159 
-376.81848 111.46979 32.744495 40.686203 20.558142 10.81372 -9.434353 -18.897213 -21.32116 2.615353 -4.0583096 -12.972767 -11.186037 8.297975 4.4395747 -11.017439 -6.942589 12.358929 3.9041808 -6.8047276 
-397.95935 187.82893 5.3096595 19.807196 1.4932044 -11.556054 0.29593208 -6.934767 -17.812498 2.9510224 5.6434007 -1.6875708 -0.25636983 -2.5268285 6.9846644 -6.2467413 -3.98346 2.6738145 0.81128436 -6.0391107 
-395.93094 196.20724 -15.74402 22.623426 2.1241527 -29.247786 -4.8527317 -5.093874 -25.443995 6.2321043 15.157579 -8.175925 2.5992613 -0.9233468 -1.9734148 -11.948781 0.2543119 -0.70133746 3.212519 -5.0218215 
-454.5824 164.63934 14.435991 22.72301 -9.32666 -2.2754383 1.706271 11.307282 -17.133278 4.5496964 6.693808 -0.98468506 1.7539649 1.8462279 -4.827282 -11.391207 -8.359188 -0.37087202 2.2061803 -4.1082993 
-508.89096 130.3691 16.255896 48.0816 14.231484 17.389193 -10.292192 3.5890753 -14.189699 8.231164 -1.1848489 -7.8109055 -8.780523 3.171034 1.8234915 1.8474994 -10.754604 -0.05646266 -4.850443 -4.0055246 
-409.0787 153.34377 32.100464 12.699576 -13.813588 6.3168764 -5.8733506 -5.6194954 -5.728552 6.0036163 5.747957 -0.41661707 -6.017498 -1.187995 -3.7948146 0.10517115 -5.0506697 6.651533 -6.016951 -9.290887 
-409.28503 158.2684 27.063755 50.759373 12.836007 -5.381829 -13.651218 -13.276577 -16.60977 -3.0981667 -6.431719 -7.1880383 5.279989 3.737934 -1.6728598 0.486395 3.7236454 8.96291 -0.45717347 -14.80837 
-432.4928 107.45444 46.933197 63.609604 7.217782 4.960823 -5.471537 -3.5891767 -13.068432 5.328288 -14.102513 -9.044823 -2.33418 0.9198835 -4.432447 -0.16168107 2.1126926 5.5528407 -7.656893 -1.0441931 
-458.99527 141.40128 10.140351 77.72916 10.688318 -14.924174 -9.602271 -8.556002 -12.094522 2.4457011 -11.282834 -13.782798 8.495887 -2.2331724 -1.2082655 -2.3967102 7.8129263 3.199771 -7.5395794 -5.4394083 
-466.75146 179.00958 5.0900693 52.251724 3.791791 -12.44819 -7.478876 -8.020856 -26.04686 3.282736 -2.3746293 -10.680698 8.210441 -1.6633915 9.081245 -1.9583719 -2.8171468 5.2558813 -3.2822902 -9.927608 
-471.1278 134.0055 39.866924 37.264538 10.496455 -10.166826 -8.263541 15.037726 -26.46564 1.6153924 -9.203143 -11.644307 -2.994254 -2.049612 6.2145214 6.1646748 3.3305902 4.29721 3.34701 -5.904991 
-462.4017 138.04333 33.258823 38.411366 25.732796 10.963613 -35.25439 -2.411508 -23.796036 3.2056243 -12.537703 -11.739836 -1.8823649 -2.4391687 2.4719365 1.707767 0.33755288 2.7856996 -0.35106903 -0.8282554 
-545.31635 183.57892 37.8735 27.605032 1.1744472 20.582552 -10.533796 6.8344884 -18.570892 0.027358426 -2.5549116 -0.064702325 2.3117175 -13.060179 -3.4291766 1.4309659 0.25892028 0.68096995 -4.8368435 -3.5113504 
-484.18484 184.6371 24.993233 30.225956 10.052401 1.3446097 -12.2674675 -9.351144 -28.21479 -3.7585373 0.06908491 -2.582707 4.7795568 -9.628958 2.2262137 6.684477 9.106391 -0.65082145 -2.871999 -6.4004154 
-493.00992 198.83067 27.574415 31.33612 -6.943058 -1.2078824 -6.0237274 2.591064 -25.5525 -1.3268104 8.67264 4.8018637 2.5565307 -13.96699 -5.632605 -4.7452216 0.71686417 3.2565436 -1.5146353 -4.7332983 
-431.39352 213.30376 28.900534 8.996881 -34.72279 -22.198896 9.384196 7.1243973 -24.333641 8.624352 7.858878 -4.4670734 11.957161 -1.1986557 -5.913571 -9.840951 -2.460923 -4.9156337 -2.0493884 -6.6782475 
-407.02625 127.437744 48.219963 31.780117 9.942625 0.20330647 -2.5988383 -6.832777 -32.483826 3.321589 -4.147496 -12.042001 -2.614211 3.0428174 2.436649 1.5056835 -1.8637826 3.2917497 6.777463 -3.4210694 
-416.87387 149.39426 16.640005 62.68708 19.317589 -6.467804 0.15244558 -21.404036 -41.12459 14.829029 -7.235239 -16.235918 -3.8678317 3.0749152 13.895533 -3.6223357 -2.2371216 13.719884 5.548525 -8.990926 
-513.2526 163.37369 35.067852 46.83681 8.00093 18.296234 -4.5494137 -7.6469064 -19.400078 9.781772 -2.5326045 -12.263638 -2.309729 -3.2578766 11.951066 -2.607725 0.48561308 3.5647752 2.8828568 -2.995881 
-557.5928 150.6684 40.602707 39.54477 16.308933 22.071423 -6.572201 13.06078 -6.6423397 3.19309 -2.2521062 -7.4899836 -6.705999 -2.9276843 -2.4985814 -1.0080047 -1.8739389 6.089699 -6.00712 -0.3979967 
-540.5346 155.1163 31.172045 35.36449 8.264943 28.86727 -6.125224 13.90808 -4.150567 1.4657731 -11.774974 -2.600562 -8.632651 -9.267731 -3.2375145 3.3052046 -4.5678353 2.0867631 -4.746918 3.3642192 
-386.87793 176.69562 7.547712 28.180832 24.977238 -13.036664 -14.826357 -23.2645 -29.8813 -0.75777125 -5.534441 -5.2696466 -0.6132121 -12.756836 3.8809314 10.373234 2.7940793 -6.6386056 3.8284922 -8.181774 
-305.5032 161.01056 -8.43783 17.731667 -10.461431 -18.32113 1.6153388 -16.18965 -30.917816 0.57668877 9.36191 8.419933 0.8120217 -6.741508 -10.5524645 -1.308327 -2.6388674 -2.554309 1.3224808 -16.909645 
-335.69568 180.03757 15.135674 19.017805 -5.547165 -23.440521 6.0157657 -14.803938 -32.35212 -12.03943 -8.060464 -3.100591 9.214886 -2.5670962 -6.8190255 -0.8840325 2.8117368 6.681505 1.9775459 -9.849275 
-380.47964 158.908 6.197778 43.096092 21.316107 -18.673729 -20.026007 -21.340214 -19.961708 7.2537403 -2.6121776 -11.222495 8.374853 3.1433 0.3796395 3.9400134 -7.4436774 2.8435247 7.102106 -7.772003 
-383.86453 186.78421 -9.207821 26.781395 -20.572031 -21.481138 -6.4739385 -5.9884195 -33.176563 11.625922 15.597591 7.8214993 4.258206 -15.255071 -9.427184 0.67456114 -6.431388 -2.2479486 4.2064843 -18.935656 
-417.771 151.16957 27.707973 22.211372 -0.76675034 -2.1182861 -4.989401 -7.7257557 -27.813631 3.1819773 4.336695 -1.0895275 -5.848765 -5.228231 -6.0002823 0.22618778 -2.1855268 1.8713782 2.8532147 -6.9143605 
-428.49475 173.67076 27.982826 37.17518 17.57359 0.18634817 -7.1130753 -14.803938 -33.690006 6.530635 -0.6057011 -12.334807 -1.3515646 1.1108184 6.9304366 -0.054522064 0.16807848 0.042455357 10.325397 -12.947918 
-430.53592 128.40549 46.97465 34.85602 12.671613 2.420246 -4.6372833 4.687121 -36.916332 -0.5582341 -7.065699 -3.3348074 -2.1002772 2.9690561 -0.746762 1.6379539 4.0216103 2.991308 7.313993 -9.718052 
-446.52615 165.08426 11.289125 43.11057 43.42654 13.063415 -30.25851 -6.5343204 -17.83187 0.97488034 -11.813442 -18.949709 2.8468904 4.673318 -2.9880924 -4.5402427 8.945279 -0.24720722 0.007908437 2.3347676 
-434.06143 170.95213 15.329725 48.685085 35.708527 -15.381269 -22.826103 -11.0233 -15.4703 2.1078062 0.81756955 -16.890034 1.0037446 3.0854712 5.9521346 -3.0648541 3.305417 2.8809173 0.64757633 -4.3764663 
-460.04373 178.72395 18.920988 45.81447 18.034246 -5.9524097 -13.261277 -6.2881985 -11.57791 9.053657 -3.1097646 -11.733677 1.410557 -4.635149 8.98392 -8.743824 -5.630736 7.9154334 0.49392414 -11.71853 
-556.18115 170.64963 48.495853 36.23764 12.205102 24.35903 -8.286625 9.423433 -5.2265687 2.342267 -5.699776 -7.721973 -2.7506819 -5.40829 5.554407 -2.1397307 2.5857925 1.1209598 -4.0812616 -4.4667654 
-564.21643 162.47224 33.70282 33.208885 12.960293 29.444227 -9.708763 12.386287 -6.421004 2.592262 -9.015894 -8.410762 -6.919872 -5.1605825 -1.0882957 -6.7187405 -4.503747 -0.8560593 -3.8193767 -0.92457896 
-470.21735 148.42612 51.108326 39.35976 12.18751 5.901307 -9.305424 -11.522075 -26.54699 5.6416883 -0.47278288 -3.31079 -2.499721 -1.9634802 4.8779883 2.1840222 1.736958 5.1410937 5.676733 -4.90687 
-426.34808 121.89057 32.84676 49.310932 17.86049 -7.49744 -11.873754 -3.4914947 -15.240867 6.52782 -1.3303885 -12.59264 -5.4498734 1.3269821 -2.4337554 6.793219 -3.7740278 2.9453223 -0.3692484 -5.5140386 
-452.3364 153.93796 34.909286 63.85861 3.271322 -12.416246 -22.096363 3.4951444 -14.084171 -5.646059 -13.743244 -5.6758785 6.44633 -6.4142737 -6.534904 13.156752 5.559214 -1.4940774 -7.3777237 3.44511 
-432.70056 110.687515 28.017786 53.358364 13.482108 -5.1017284 -7.3683224 2.5084302 -6.4762464 -2.0318656 -7.7723017 -8.726914 1.5381428 -7.5560236 -7.2881756 9.2004385 4.3030634 1.1799734 -3.4053912 -5.185414 
-464.57855 162.00931 36.842815 46.792496 10.466603 -1.6346071 -12.178089 -1.3829703 -13.224208 -5.886109 -15.535236 -6.4830523 3.4255998 -12.600113 -1.8508123 10.932661 3.028414 -3.1977937 -2.5681062 -1.0344167 
-545.43524 165.09554 46.818127 38.58819 14.719498 15.939992 -6.221111 6.599056 -6.9481983 2.3279982 -9.930773 -6.6995893 -1.6695464 -10.477718 1.4765623 5.738289 2.8958325 0.59480023 -6.024448 2.47717 
-411.63647 133.11021 11.822937 60.654 27.205078 -16.34188 -5.2017236 -5.774781 -14.739146 -2.1719398 -4.5027666 -5.9850693 2.720163 -7.2097416 -2.8977797 12.843367 5.336442 0.85402197 -3.794378 1.946267 
-410.94006 106.830765 50.929977 64.733086 7.700375 -4.822302 -1.2719518 -3.796105 -20.704021 -3.4826276 -11.826981 -7.7386756 0.94466907 -3.793374 -6.673315 9.246859 3.2851133 1.1257899 -5.0167894 2.336764 
-371.9783 157.60944 -11.413798 54.88837 26.467037 -32.028484 -17.516424 -16.169315 -20.814812 3.7215407 -6.150878 -11.390204 11.795859 0.57339436 2.8049693 2.6263056 4.2371693 5.99241 -2.4848568 -10.22945 
-424.3573 155.50545 31.553667 30.11176 18.019957 3.6777806 -3.8034892 -8.520995 -21.087387 -1.2479018 0.40882322 -2.9858122 -2.3863256 -2.1985118 -0.6311375 2.4320135 2.627543 4.4624505 2.3400657 -7.4494543 
-378.4753 165.16003 50.224754 26.37401 12.012972 -3.943303 18.944662 5.9834228 4.628181 13.718207 16.569077 13.8806925 9.541904 7.0883217 -2.130212 3.4877286 2.9858747 4.7275987 -3.820033 5.0045877 
-425.91913 149.796 40.629303 24.594631 1.1152471 1.3614761 -5.2544055 -5.3920956 -21.865593 11.668191 5.925278 13.208858 1.1863909 -1.0876855 -4.820953 9.506747 -3.7433658 4.3350363 -6.573424 -3.5177336 
-437.76184 169.31055 52.012817 17.053835 -11.047248 -2.124208 -9.015893 -1.6498944 -22.541782 9.649732 -1.1852624 -1.3427428 -2.7980156 -1.1979219 -1.7659961 4.325762 1.657178 4.158312 -3.3799188 -6.9684176 
-471.79004 202.40828 25.77564 21.886421 -28.207577 -7.196737 6.447999 9.890544 -20.747429 2.3085337 2.525609 -3.9406652 10.312883 0.43368593 -6.800134 -6.48346 -0.16199382 -0.6941422 -0.2278613 -0.56559944 
-486.75754 184.33868 44.62224 11.890104 -14.769762 -0.50387007 2.9078684 12.255431 -20.810415 -4.5876646 -1.7131025 -3.0524957 6.266934 0.49218553 -4.268384 -6.6662393 -2.7487228 5.9615564 0.66033673 -1.3308626 
-426.34824 137.9155 35.059734 39.90282 8.237068 -0.29713017 -10.141989 6.9843793 -28.518599 -6.679962 -0.43661156 -10.094543 -2.3860772 0.8283902 1.338567 5.826671 0.26610804 4.9438753 -0.55593026 -8.304734 
-451.33624 184.48859 7.851238 24.177748 -5.4742146 -7.1404214 -10.363092 3.705385 -19.619028 4.022548 5.5577874 0.677103 -0.92531383 -7.454834 -4.1981544 0.19971217 -1.719293 0.6499903 3.3724718 -1.1165078 
-449.83783 149.2192 9.145318 49.699993 24.365444 -6.857073 -14.526749 -3.1725667 -23.551687 9.193281 -1.8447562 -10.670226 0.78471017 1.2226231 -0.003830115 -1.5494595 2.5838444 4.7553897 -1.0654783 -3.9271863 
-500.643 151.119 41.674747 31.953735 11.210802 12.220966 -7.248731 2.6672218 -21.460867 -5.2632236 -12.728001 -2.0812964 -5.612233 -3.9125628 3.1155515 2.1017988 -2.4217386 5.275878 -2.6793346 1.0400348 
-492.38846 168.79599 32.3788 40.495384 13.68633 -3.186453 -17.311865 -3.9745593 -8.714297 2.599655 -1.8374246 -2.7057369 -2.376821 -6.2327056 8.275179 -4.4410343 -7.8462253 -0.9432195 -2.9997098 -4.664326 
-459.71295 66.10758 83.09911 23.49199 13.3742485 27.543802 -3.7051594 3.8795962 -2.1469736 0.68663895 -1.7441667 2.8392794 -14.359229 5.3363466 -10.95803 0.23476571 -0.43640533 1.9211123 -1.4273701 -3.7452757 
-542.281 150.37112 47.584057 29.776873 9.144869 33.01795 -8.443006 10.935342 -1.2714549 7.724579 -5.0019484 0.0017897817 -6.394902 -1.8125674 -2.719212 -2.6396492 -0.91974914 1.416801 -10.615604 -1.8888198 
-568.8334 129.32129 35.797287 33.57594 19.4208 14.874869 2.3361764 2.990697 6.842267 6.4620667 0.2489424 -4.2657824 -4.5791426 -7.4366913 -7.632285 -6.6712713 -0.21593904 2.1768417 1.0713434 -1.7052717 
