-519.70734 152.68259 29.955736 29.444313 7.21807 25.42212 -12.307415 12.43636 -5.911897 -0.12594455 -9.301874 -2.3081675 -5.9765115 -2.634943 -5.969285 1.084948 -1.3113276 2.486521 -12.437617 2.6830633 
-504.61636 139.53645 32.533096 29.768494 12.496419 25.647303 -9.3711405 12.368613 -2.9650424 3.0631495 -9.828216 1.9192556 -6.269688 -3.8160846 -10.405557 -1.3366767 -2.6335516 0.5113013 -10.199463 1.0672523 
-488.26807 144.22244 34.111214 27.16233 10.036633 12.874728 -6.1791024 5.59638 -3.836719 -2.7090945 -6.09884 3.8189774 -5.360611 -3.0430095 -7.5122256 1.1293457 -6.0277185 -5.3414507 -12.574389 -0.3616472 
-447.90625 168.99973 43.34924 37.302597 25.729603 4.8829575 -14.751155 -1.9455893 -18.938402 -14.841801 -3.632659 6.9415836 -2.8071613 -2.426922 -0.5070155 0.23718405 -0.04356323 -0.028144069 -9.843147 -6.985979 
-431.4968 162.60272 40.688015 38.660393 22.386932 13.368944 -16.534824 -1.9653462 -23.379232 -10.48191 -6.551827 4.5714817 -0.26932514 -2.7419608 0.2125038 3.482444 0.4225352 1.3268334 -6.9392185 -6.3128977 
-455.09958 145.80934 46.849384 33.8663 21.659393 12.990004 -15.088237 -4.9898357 -17.293642 -5.8538327 -11.452291 -2.149629 -5.0550694 -4.100217 -1.3724911 9.252732 -1.247678 -4.06209 -8.8664255 -4.280434 
-403.28107 148.83977 31.391872 30.873573 23.7847 10.446567 -15.002926 -13.405184 -18.853603 3.3939822 -13.511054 -6.9684277 0.63218665 -6.843516 -10.641309 0.9966616 -8.93819 -8.61437 -2.928925 -9.517037 
-389.49374 146.16165 36.65201 25.581045 33.366722 8.784972 -27.28349 -20.904293 -25.470787 -5.3477035 -8.653846 -8.313007 -8.688841 -8.493043 -5.3960357 3.0267406 -4.4849195 -8.40201 1.5539834 -2.5343835 
-451.7449 120.51062 33.177612 36.114975 22.347971 17.154589 -11.296912 4.3672414 -6.2895255 -1.0418303 -7.095957 -2.2808683 -6.1736493 1.3029428 -7.0952606 -1.498665 -2.446299 -2.567479 -3.4042556 2.380352 
-351.27682 143.32635 39.941727 21.5583 1.4911344 -4.0534434 -26.209688 -3.3709984 -13.6469555 -4.914479 -5.478197 -1.0412943 -8.123173 -0.14218313 -2.7245324 3.6952753 -3.435164 -2.813543 -7.24965 -3.6444788 
-329.69504 177.36816 23.006514 20.676682 20.140144 -12.358232 -33.156124 -23.495636 -25.986094 2.1205134 12.572635 7.7520294 -8.116307 -9.367938 -6.041832 8.284176 -1.0963192 -6.9505854 -8.150508 -2.6722202 
-363.56708 131.55818 68.13295 32.958946 4.3400593 4.518404 -19.80935 -8.354694 -15.247129 -9.175476 -5.702831 -0.40193436 -4.5130377 0.9033977 -0.5694395 4.517742 -0.58403087 -1.456581 -6.4740148 -2.4086022 
-327.30106 138.01682 17.839552 5.9728246 16.229362 6.5151834 -39.68863 -7.9646015 -10.456067 10.252002 -2.880034 6.7119966 -15.185591 -7.5379944 1.6746209 4.5270224 -7.490811 7.805631 -1.4300103 -10.926648 
-409.5823 123.90794 33.825493 46.108784 14.89702 9.53127 -6.870001 6.3525095 -10.514709 0.02874703 -7.334171 -3.5280197 -9.217155 -6.095201 -9.923208 -4.241602 -5.275526 -2.357291 -6.71082 -7.2408543 
-395.85565 118.57296 41.891785 43.110912 32.0528 21.621944 -23.524471 -7.546136 -17.16504 -6.7931476 -6.1591578 -7.9536505 -16.626686 -0.7957487 -4.451571 6.8122177 -2.2211316 -6.150861 4.29672 4.5933223 
-421.7726 148.29019 36.12304 38.657993 32.962894 11.349513 -17.227505 -5.985714 -10.285705 -5.3024807 -14.063602 -3.3566961 -8.149288 2.0649137 -4.897724 1.0239285 -5.223568 -0.544848 -9.276084 -3.0342734 
-435.66122 172.4749 42.436283 25.305447 15.186291 7.9626102 -22.356499 -11.017318 -21.75538 -10.372532 -7.0681095 5.8370366 1.947816 0.5875315 -3.639722 6.350364 7.5982113 2.1034372 -12.643377 -2.6795416 
-512.272 151.3974 31.153618 27.082806 13.4183035 23.849554 -7.4872074 9.443935 -3.331561 -2.2720919 -7.3156443 -5.4111996 -4.3944054 -8.124921 -6.0393887 0.46731547 -0.3819079 -5.3581824 -9.473487 -0.43362063 
-381.1595 166.04276 28.68171 23.282797 41.625217 10.167045 -23.794733 -23.336184 -28.036573 -2.871369 -5.416555 -7.5294952 -11.18683 -4.908266 -2.8671887 3.4431944 -5.6910696 -9.623882 -3.9874911 1.088875 
-415.58496 136.04938 34.260384 27.31905 24.903585 21.896523 -10.992328 -5.3702183 -4.6168547 1.7579095 -9.270416 -4.9069314 -6.26795 -5.5879216 -5.06725 0.26910666 -8.03147 -9.031094 -3.95963 -0.85319656 
-380.70633 155.35297 40.98976 20.889828 37.289894 9.477127 -24.531578 -19.151022 -11.895109 0.9556265 -11.456192 0.05322096 -1.1745659 -0.8852139 -5.0257893 2.1073236 -4.7626815 -6.1089463 -6.3913655 0.48465237 
-357.6557 126.57952 42.944954 27.238207 32.303543 12.425255 -11.632954 -3.3694906 -9.539267 -7.818049 -11.286011 -6.1128964 -8.309397 -2.2888598 -4.181097 -3.1035702 -4.8712697 -4.6080437 -1.7371011 -1.9835886 
-342.47708 127.68471 57.25633 34.725807 18.047825 7.847456 -12.13753 -5.4630113 -11.9610405 -13.057374 -7.924092 -3.0075018 -13.218488 -1.2302252 -5.9007745 -4.2852383 -5.94943 -5.705 -4.2194214 -1.5923197 
-392.5714 141.44415 37.952366 25.88123 13.981333 7.6450763 -6.2875123 0.4406234 -2.8208513 0.5734338 -2.5104349 7.310114 -6.7838426 -5.3507175 -9.939033 -1.8606071 -12.029596 -8.8434 -7.39317 1.7397244 
-377.93127 105.02942 23.034521 41.32886 2.3713276 21.828604 -20.18726 -6.4654117 -7.3536887 7.546548 -2.979969 5.092717 -4.0529394 -4.2566714 -5.9542794 2.0013225 -7.236396 -6.4288692 -5.7120357 -0.3531717 
-427.16153 158.15189 25.003912 12.07926 16.582462 12.715063 -18.586113 -3.2149384 -3.9821787 12.344327 6.9857383 1.5511899 -12.378573 -17.278763 -9.902117 4.427492 -8.472301 -1.8963552 -6.582092 -0.5772947 
-383.92462 98.2622 40.095505 50.07088 27.617205 9.480194 -14.987396 2.0652332 -4.105628 -4.9561205 -9.77101 0.15854454 -4.6435437 -0.4277608 -5.833482 7.1030293 -5.873411 -7.0956593 1.746235 3.7822118 
-356.75867 157.85068 17.1665 19.834171 22.241858 -1.5044321 -33.46393 -4.107845 -19.008894 -5.724047 5.904196 14.623447 -2.6206286 -3.8730392 -10.057676 6.135871 -1.2053676 -4.464064 -9.09402 0.88511664 
-438.0532 168.10605 33.674423 28.65863 26.186745 13.869427 -17.17591 -20.17988 -15.822435 2.148775 -11.424496 -5.747873 -0.89765 2.038731 -1.6183251 -0.19396916 -5.6695323 -0.6875517 -9.293984 0.10199579 
-395.8752 176.31334 27.895412 1.7825758 13.014156 13.8310585 -29.084991 -9.204014 -13.4580345 3.1616924 0.96651715 14.423085 5.140663 3.035036 -10.916064 0.8781564 2.0963168 4.275809 -15.421391 -5.226665 
-423.10483 173.59274 41.35135 26.14283 29.472477 16.111687 -18.224173 -15.559422 -15.014004 -5.0655255 -8.167435 -4.0483 -4.182726 -1.4067495 -4.201906 5.554314 2.5875618 -3.044118 -11.493912 -3.2377698 
-435.21307 173.17586 50.45766 25.54198 10.703059 -4.498 -19.726807 -1.9966856 -11.962963 -7.4703217 -7.3917346 -1.9950739 -0.8418256 2.3020227 2.4635506 6.962489 -0.58732235 1.6630406 -7.28033 -4.324209 
-408.96582 85.457985 43.8571 53.165108 18.393118 15.978258 -4.8432455 9.243829 -9.986879 5.2747555 -13.893936 -10.324267 -11.445546 -3.751027 -10.589481 3.1069791 -11.289811 -2.711171 -2.7032835 -3.3880475 
-483.16107 150.08073 29.64606 41.421776 35.1314 18.576939 -9.825728 7.476522 0.099483594 -4.938151 -13.705774 -6.971757 -5.9886193 -3.0225496 -12.23595 -5.071488 -5.1723495 1.8653045 -8.884252 -4.374655 
-440.2401 167.75331 38.857334 22.90851 -0.112399206 12.985251 -11.334874 5.916287 -1.9969764 2.9799852 -0.7473774 3.795171 -10.064771 -11.792277 -16.618881 -3.4443517 -6.555942 -2.3731165 -3.7878816 2.5643997 
-395.39337 176.07121 33.690838 2.6934025 -13.1620245 -8.968591 -17.840157 4.6237917 2.0040672 3.7651625 4.125849 8.749351 -4.350965 -4.0903525 -6.1022367 -1.3278614 -10.443814 -5.6333632 -11.229796 0.19454046 
-444.51495 159.3483 28.982595 26.839094 14.601246 16.362318 -9.786255 -5.8164353 -8.5317335 -1.7797446 -5.82696 2.1467402 -4.0357566 -3.8791656 -4.9159174 5.915235 0.065028004 -2.9797761 -10.858838 -0.1711913 
-464.44135 116.52276 19.008821 38.846848 23.380928 16.294527 -10.918144 9.026409 5.799792 -0.44081578 -8.110246 -2.805953 -7.6265316 0.7755255 -7.15592 4.9192147 -1.0972112 -1.5297201 -5.2006636 1.7277678 
-395.9477 110.257355 39.94123 44.906513 36.600903 14.572208 -20.508276 -3.359255 -8.496214 -10.217385 -15.100411 -11.067784 -9.51883 -2.63557 -9.676006 2.1207361 -6.1708546 -1.4395008 -2.7479804 1.0160308 
-383.05157 118.02963 58.669067 33.810593 21.507677 17.348038 -13.086621 -4.748151 -9.495471 -10.063721 -9.174656 -6.7403393 -11.960457 -0.11411275 -9.568392 0.28211826 -4.8855724 -2.0462482 -4.181466 -4.244528 
-422.2477 150.2946 51.1581 19.770369 5.760761 12.524754 -14.083941 -5.0710406 -8.427033 7.3456364 -0.97553486 -1.1748954 -2.6501465 -2.7407327 -10.00079 -2.0329123 -7.6193185 -2.4661877 -9.064773 -4.055289 
-443.98398 145.91092 52.82877 29.81138 22.963388 28.727526 -15.901557 -8.485065 -18.095661 -2.4832125 -10.317524 -2.2954576 -10.513751 -2.0946517 -6.4879074 2.6240287 -6.473733 -3.1838853 -7.840498 1.4319924 
-398.3299 136.04306 57.62003 26.748013 5.164109 20.769642 -21.061134 -8.627027 -10.71652 0.70017976 -6.407194 4.0943775 -5.4783955 1.4220083 -15.3200035 1.7548836 -8.683236 -6.1425037 -8.979574 0.56996965 
-389.7692 185.32155 26.148737 22.977486 22.001814 -1.5591236 -31.850105 -20.243614 -16.747198 -3.1295853 -7.808402 5.635898 3.73137 2.4325213 -11.8071 2.5070913 -4.6625094 -3.9314368 -8.1912365 -0.6194055 
-442.53592 142.38138 30.67338 29.770578 13.90963 22.118244 -8.405811 0.82085466 1.3312277 3.9527037 -9.529692 3.0609083 -9.2774 2.716378 -9.889698 -1.5750996 -4.6698246 -3.8793793 -5.971809 5.3785324 
-437.5171 159.62164 39.554527 17.945473 -10.994606 -1.9116745 -18.172434 1.5633423 0.20864548 10.288128 3.6187015 2.5054634 -8.706873 -1.9033246 -7.458857 -1.2273864 -11.041379 -4.3910084 -6.661913 3.6704326 
-474.82764 128.52899 11.235874 25.480309 20.586935 29.936148 -10.2100935 2.6986644 -2.0000527 8.851395 -5.4905543 -4.1559525 -9.458057 3.8826723 -4.6838756 4.840764 -5.315569 0.111943565 1.2081418 1.0257338 
-465.92633 152.56358 35.001427 28.564768 21.04177 19.949898 -13.7439995 -6.747061 -11.982947 -4.5685787 -9.484971 -6.910677 -3.139704 -0.036906414 -2.681893 0.44886616 -4.3673916 -1.9749885 -5.872711 0.65437007 
-362.60907 132.47794 50.386723 31.717306 11.530108 9.282518 -11.197745 -14.222744 -8.689667 -5.54968 -8.203246 -0.9122226 -8.578831 -1.3236465 -2.4950225 0.13575898 -5.868127 -3.83746 0.2923853 1.9891955 
-439.75415 169.54309 46.44084 26.515524 2.795067 -6.651772 -20.282352 -6.6685987 -5.797054 -6.044718 0.92265743 -1.8709188 -2.6368363 -1.2861707 0.89510894 3.0930474 3.5453405 0.53125584 -6.0171185 -6.3026505 
-471.79666 118.74406 35.78498 29.806732 11.246104 24.981411 -5.5068364 6.7028313 -1.7805892 8.604473 -6.4465885 -0.6809186 -10.583619 1.9172121 -8.114747 2.1367624 -6.638716 -1.9357706 -5.4079337 0.3512186 
-468.87738 143.0134 29.030949 20.011246 12.646041 16.548876 -6.729987 7.4055233 -0.8793417 1.074328 -2.1632695 1.9089957 -8.807052 -7.4324875 -11.50464 0.15496138 -7.7400055 -4.071496 -6.197614 1.2212641 
-382.7301 189.71529 44.43271 10.43298 -10.4829445 -29.916243 -12.544662 3.690901 -8.32156 0.65634376 11.267015 -3.588907 -6.062971 -3.5545223 -9.338174 -0.8851802 -6.785205 -2.4439397 -7.0136776 -6.399134 
-440.84628 187.57289 48.342365 34.192772 2.133833 -9.199809 -19.646067 -1.892358 -15.293684 -11.631154 -1.062951 -5.2472353 2.8757908 2.148732 3.840224 2.8634193 -3.1423197 -6.052009 -3.141223 -4.78886 
-486.48865 130.40984 36.078182 31.227913 6.6024537 24.681396 -5.938592 10.285571 -5.479498 1.9945931 -4.4777193 -1.5460985 -2.7849412 -2.8947182 -6.690057 4.1920323 -3.110133 -2.7001085 -9.705872 -0.14871895 
-313.69315 165.98796 4.5252934 20.984262 22.181389 -10.645961 -29.403648 -21.886784 -26.974724 4.0019417 4.545462 3.1137304 -4.430722 -5.044462 -9.647022 4.869893 -7.856211 -10.676373 -0.49235547 -5.361318 
-325.2882 126.0067 61.563034 32.039654 7.560864 0.62351197 -13.614274 -16.506144 -11.447117 -4.710193 -9.231516 -6.0784473 -10.246572 -4.196346 -6.173513 1.2379508 -5.33935 -1.6619691 -0.3702855 -1.6319703 
-389.6437 133.2168 64.17801 34.135983 11.292019 11.667232 -10.816776 -9.357961 -13.011857 -12.615209 -13.483278 7.062292 -3.9244013 2.205107 -5.2477183 1.4645975 -3.4173803 0.1574724 -4.7550406 2.8459663 
-459.70248 163.91788 40.011093 31.421583 24.378181 17.098993 -9.618182 3.4828608 -5.78686 0.77222586 -4.6870794 -0.02582068 -4.2899694 -5.134218 -9.477009 -2.793984 -8.760025 -6.3621483 -9.134058 0.14456463 
-392.64575 177.97299 36.47782 26.098913 7.8033285 -13.13924 -31.410408 -0.61830014 -18.125305 -10.341063 3.276051 16.482056 -0.42610753 3.7788467 -8.0137825 -0.50790894 -9.297088 0.1320298 -4.993326 -0.99776185 
-427.24695 142.5253 45.265274 29.788656 23.255636 5.1012964 -14.680165 -7.7776184 -10.747337 -1.1904992 -4.786668 -1.2084918 -6.8922315 0.2934742 -5.8645573 5.9806128 -4.072931 -7.21816 -7.050695 2.6828623 
-403.09317 89.09903 25.679756 47.258373 33.710358 13.368073 -12.453905 2.8562775 0.49385035 -7.0208645 -17.02348 0.3456921 -8.839576 -1.0176072 -10.871975 3.7300847 -4.569849 -2.361932 -6.0753803 0.44941342 
-491.31772 150.25858 26.862745 34.753258 24.214073 22.09941 -10.831535 5.5885777 -2.301103 1.7523237 -11.600302 -3.5598013 -3.0586028 -1.0767987 -5.771704 -3.6387002 -2.836521 0.28964582 -8.992929 -2.154476 
-467.02658 148.5445 29.681082 17.268883 15.300156 13.502941 -9.356164 0.3419092 -5.3684406 2.1807413 -4.843334 -7.016328 -4.5261436 -6.2266827 -2.894187 2.2131526 -2.9116907 -3.6294103 -6.248927 0.10727628 
-390.6772 171.0246 52.217678 37.0599 23.920795 1.6914514 -14.241484 -14.111548 -20.374065 -13.035832 -11.540661 -3.5549746 -6.8023915 -7.894466 -3.9121258 6.018168 -2.3988998 -6.248404 -6.955333 -0.7746508 
-395.16937 152.40619 42.513626 31.597591 31.79354 3.4307873 -24.132206 -8.276962 -4.603776 -6.4832993 -12.302764 -5.0284863 -6.3021927 -4.0512924 -7.2852306 5.058545 -4.805847 -5.6257353 -3.9583673 3.3540306 
-394.51196 96.62742 43.82588 19.05802 31.608568 19.295532 -8.916815 -2.9728825 -0.38107777 -1.2973508 -6.175741 -3.8133383 -8.921226 0.41592976 -10.123867 -0.21820426 -3.5886219 -4.9317265 -2.6881304 5.196883 
-421.43604 105.094406 43.569717 29.657763 9.908108 25.231844 -9.600211 1.1256887 -2.3450003 0.35738128 -4.7784314 -0.047984496 -5.7641377 -2.493352 -4.823721 4.1962523 -9.868221 -1.901982 -3.1313293 2.8633053 
-451.9411 134.7588 39.37179 35.29467 -7.11881 11.17097 -19.686613 9.049759 -11.441951 9.729301 -5.6017184 0.5973504 -3.828003 -8.448373 -5.582144 4.5302753 -1.5981979 1.3510497 -10.01017 -6.789953 
-457.44064 104.21793 28.269773 30.855944 5.65403 22.273024 -10.089956 6.0922203 -6.995909 12.522991 -4.8043776 -1.8188472 -5.758852 -1.9576931 -5.0060306 5.5021214 -7.2566266 -2.4045782 -12.480552 1.3600024 
-465.29507 114.404945 40.4393 18.59456 20.29863 13.971878 -0.8360303 -0.27205956 -0.5621797 5.4211955 -3.693427 -2.9647455 -8.769672 1.0146918 -7.023935 5.75158 -8.721984 1.7026025 -10.625355 2.8797398 
-460.03796 138.99686 42.340256 10.592147 11.566625 11.3621235 -4.617107 4.941597 -0.17092453 2.8616393 -5.2323766 8.499392 -7.505989 -2.011465 -12.319292 1.3144406 -8.24343 1.0857441 -7.2750626 4.145803 
-385.14008 153.75264 58.559998 16.635128 -13.551341 -10.286845 -18.018425 6.747034 -2.974968 -0.02834871 3.1962662 4.1550536 -15.163252 -4.52207 -7.0556197 2.900408 -8.559026 3.265828 -5.4397416 -0.93942094 
-378.86566 125.52059 65.13711 30.867754 2.7833169 11.826502 -15.337635 -11.344078 -9.981323 -6.723893 -9.641392 4.754015 -5.766138 1.2064767 -2.9271064 4.748357 1.3934277 -4.2411623 -5.847486 2.2787764 
-396.75922 167.4224 36.169113 36.139214 36.111248 5.2437153 -28.961418 -13.158329 -17.984278 -13.579876 -7.8059225 -3.4793494 -8.968477 2.9730296 -2.3415062 5.736916 -0.8922483 -5.694725 -8.40028 1.9315385 
-401.57574 194.78278 39.143616 13.209812 -5.7036138 -7.3833 -28.98278 1.3836292 -8.020936 -3.5453742 -1.2289289 7.91078 1.5452931 4.038921 -6.327937 -0.018000444 -7.1451774 -0.9808645 -7.831433 -1.2531085 
-387.0612 180.1026 28.162418 -1.3010709 -9.750337 -17.547348 -6.1390347 21.948557 0.6675202 -2.7472067 11.46632 2.143171 -9.852146 -3.868173 -5.9145813 -6.0025196 -12.210939 6.866466 0.7544339 -1.9818037 
-492.711 137.87357 35.80894 15.762953 18.48767 18.17571 2.1062653 9.197001 1.1411824 1.3275034 -5.953639 -3.2977068 -6.4918833 -1.862451 -8.421277 0.7529033 -6.626328 0.73737866 -6.775844 10.919994 
-458.63416 134.24568 36.382812 39.997494 18.509825 18.17783 -7.042425 -0.915912 -8.952889 -4.3851614 -11.506222 -3.8130221 -9.278382 -2.756753 -5.4725766 -4.66976 -8.713905 -5.9797664 0.39118427 0.3311122 
-377.77032 112.1324 24.81741 52.851692 13.436165 18.223011 -4.5746603 3.4389002 -11.800521 -11.087063 -15.220934 -7.3572235 -12.645969 0.30360433 -4.8387833 -4.6398163 -5.8342724 -2.6123796 -4.804478 4.1448026 
-357.9574 115.13199 44.60601 55.692074 16.636646 6.5076084 -19.388521 -5.3924875 -21.534271 -9.488229 -15.601924 -5.710706 -9.894067 2.3876286 -8.546758 -6.886092 -4.191974 2.086136 -9.540757 -7.3689685 
-413.87146 146.53714 44.256615 53.318794 30.94843 5.880385 -9.135061 0.9360929 -14.818017 -9.088487 -11.576593 -14.933546 -10.231496 -5.61274 -7.4318066 -1.7409718 -7.6887765 -6.5382953 -3.6302092 -0.8394403 
-374.13504 112.94298 60.409267 37.369217 4.7995095 18.327888 -17.417177 -14.427891 -8.984685 -7.8118906 -11.691128 -4.826427 -15.201116 3.0260706 0.33148745 2.7191281 -0.43257388 -5.163328 -4.922989 5.8568954 
-427.54178 147.4538 46.238255 31.797089 2.7424977 6.890023 -14.816335 -5.0084667 -5.1383452 -1.9899725 -6.462764 5.424146 -6.3833203 5.5685034 -2.8004303 0.9236878 -2.529991 0.123644486 -8.640628 -4.423621 
-482.59543 126.53616 35.490677 35.37996 10.741574 25.123789 -5.8919826 6.660413 -2.0790117 6.3216352 -7.0260744 1.047994 -6.5257535 -3.6811914 -6.8231716 2.9986212 -8.124923 -3.7235594 -9.106038 3.6811736 
-471.57367 116.37643 27.799292 37.27601 9.227337 25.10124 -4.9074774 10.743307 -6.0249557 6.443101 -9.961162 -1.7143847 -6.9848895 -4.075195 -2.9304051 6.302334 -12.156994 -2.508363 -9.7843895 -1.6738341 
-475.09988 114.3599 30.92147 40.84727 3.6740537 24.610209 -2.7087948 8.016891 -7.1637216 5.3028584 -11.689106 1.4428899 -6.0306897 -0.83582747 -7.7390924 4.5291815 -2.2041206 2.7358453 -4.1879387 0.32426447 
-403.0914 99.55238 73.20533 40.839985 18.211021 32.320175 -19.080471 -2.3638272 -11.962698 -7.6017566 -13.198968 -11.358642 -16.068754 -4.503912 -6.05095 8.599767 -7.901396 -4.633688 3.139515 0.5808967 
-450.24448 167.12566 50.912346 45.965946 35.310627 14.372347 -14.920698 -4.176745 -7.301 -12.73395 -9.41236 -14.125526 -11.475487 -10.9909525 -0.78984743 -0.7807106 -11.254761 -6.9699554 1.0713834 0.40849012 
-477.4096 143.54977 36.208992 35.09047 16.021053 21.3863 1.1421032 7.14647 -5.553768 -1.1012127 -7.5636883 -5.1970315 -4.82897 -2.8811574 -5.504439 2.4835908 -5.927747 -2.8739378 -6.427881 1.1840771 
-392.9201 148.19502 38.63666 14.471691 28.767008 7.1589074 -18.411346 -19.53376 -22.73616 0.8663737 -9.037864 -2.3025293 -3.320284 -5.8638134 -1.5321183 6.9328375 -5.55678 -6.8279014 -1.6537871 -5.056251 
-356.82962 146.05785 41.469585 34.81073 17.092041 11.768914 -18.13739 -12.99474 -20.277668 -5.2082605 -6.9876246 -8.784272 -5.680617 -4.480848 -7.271185 1.3878002 -2.4602823 -4.3433547 -4.7468243 -5.6833606 
-383.3406 177.38696 44.3411 29.3557 20.937723 0.6475529 -19.232275 -5.5817275 -31.365957 -12.846355 -4.6534853 2.0548472 0.01912578 -2.3965607 -7.3176107 5.9766693 4.3412085 -2.4400558 -5.2362366 -1.0392114 
-382.43732 183.21434 28.34075 5.3716984 -10.931972 -2.8069572 -21.786598 9.583241 -17.89401 -4.497473 16.371273 8.763287 -8.623955 -2.9489644 -12.080074 -2.6637123 -10.063597 5.079109 0.34493276 -4.724261 
-426.9508 105.80771 64.086395 37.825054 22.351429 16.123299 -11.410739 9.800434 -10.393991 -3.176778 -10.289019 -5.9980683 -12.69456 -0.6656178 -11.398181 -3.1123517 -9.277927 1.6798476 -6.6345544 -2.0443819 
-438.78067 158.66475 39.25042 12.527466 3.641254 14.735282 -14.347841 5.5009875 1.5583109 4.3018613 -6.0747304 2.796001 -1.5003992 -1.4180074 -11.758411 -3.1516578 -10.02906 -3.4268556 -8.060751 3.7294688 
-390.51923 97.507065 27.368158 50.182865 6.1496634 21.5998 -20.337221 -4.376227 -1.8601134 9.34559 -4.333725 7.4690924 -5.436311 -1.2394522 -9.235317 5.1956778 -10.455814 -5.52256 2.3028936 2.6335995 
-434.80136 177.12248 34.32813 8.635965 -0.9034409 7.8204327 -14.203995 0.79450905 -0.40767458 7.6233006 9.530476 10.354717 -8.788713 -15.277095 -17.36391 -1.7121539 -8.835794 -0.14208534 -2.479815 6.4289947 
-408.13626 163.02666 48.048874 18.79913 18.945229 7.6420135 -13.690927 -11.513621 -11.399641 0.3655759 -6.9025354 1.5409592 -3.1001363 -5.006419 -8.028779 4.8844 -0.27447057 -4.0572414 -11.336642 3.2414176 
-412.43344 135.06528 60.13621 38.97665 9.880864 10.280368 -15.802624 -4.18988 -8.097615 -5.513367 -10.1518 -0.15485539 -5.860786 -1.9455853 -6.9320292 6.947594 -1.4911374 2.8353412 -5.0082264 5.629317 
-425.88553 150.1914 41.14364 38.6643 28.695627 14.102502 -14.516807 -7.8581867 -20.69769 -10.201407 -9.959223 -4.85667 -5.2017846 -2.8434675 -4.719885 12.405868 1.7652141 -7.6726346 -5.2348595 0.47405392 
-396.96735 84.627174 20.276075 41.0538 51.34497 16.576609 -23.468328 7.9148083 6.7394643 -1.9946412 -14.5448675 -9.58394 -7.1548953 0.45379835 -13.840674 4.197227 -3.9385333 -3.3158464 -4.1766453 3.3499136 
-468.3374 165.12396 41.87537 41.04512 23.544228 18.668531 -16.985085 -2.9118118 -8.413438 -7.1896276 -17.039705 -11.249769 -7.6012945 -9.245711 -6.8531904 -2.684822 0.6238061 0.07725068 -8.064625 -0.008418136 
-413.99313 168.1342 32.376663 30.199991 22.279987 12.248287 -15.926943 -6.5657306 -15.87371 -7.860222 -8.910958 -3.4615588 -2.7479577 -3.7289035 -3.5137215 0.26212174 0.9728237 2.158516 -6.3302655 -3.1929932 
-385.63443 96.998055 52.523087 34.95836 29.75374 21.563177 -27.978987 2.783704 -11.850216 -7.486519 -12.407867 -10.073778 -9.731469 1.2734596 -3.3619463 6.78701 -7.5405293 0.67540586 -1.0848846 -0.81241316 
-458.82254 132.94052 39.876755 34.60965 12.7226715 27.210228 -5.8271446 7.434688 -0.034602847 -3.1603851 -9.363737 -5.3592024 -12.177034 -2.718936 -9.979274 -0.9684709 -5.286445 -2.6648538 -4.8617435 1.4991306 
-499.66492 146.61354 28.2506 31.59842 9.280386 24.78792 -9.0461235 7.6971216 -3.5840268 -0.046850972 -7.6413217 -1.0232866 -6.2092977 0.3642243 -6.426389 1.185674 -2.434739 -4.6260214 -14.055088 2.8344204 
-396.29108 158.77086 28.465576 13.914403 -1.3767931 7.3116083 -13.566767 -2.370818 -12.639377 -1.8301013 4.92204 16.496073 -3.422976 -3.5780194 -12.083302 -1.726609 -12.4496155 -4.8781953 -3.9323568 5.167557 
-428.13968 174.12384 34.744114 29.60845 18.795074 18.239311 -16.577108 -12.228124 -12.25506 -4.424162 -8.04564 -6.752105 -6.638163 -4.8349233 -5.0789165 6.340734 0.8867287 -2.7677608 -10.265105 -3.804154 
-401.88855 93.79393 33.956844 42.19608 33.26885 3.2131321 -14.812836 1.6759186 -4.9222684 -6.010048 -9.072423 -0.49250963 -7.2433796 2.0043213 -7.6974387 7.24061 -3.0068688 -3.34161 -1.637774 6.2630687 
-467.26697 144.9898 37.897106 41.639023 36.268917 20.291237 -14.59542 10.415929 1.9200281 -4.3518767 -18.368128 -9.789666 -7.821784 -3.2965205 -9.090159 -2.203688 -4.4722652 -0.9109703 -12.0203085 0.21773502 
-487.14676 141.95871 21.821018 31.0688 18.094463 17.121286 -11.369501 10.47411 0.7393844 3.5074315 -9.930157 -1.3878636 -4.3877974 2.7174613 -7.8297653 -2.848255 -4.168292 0.30657366 -6.9367013 -1.5923977 
-502.28992 143.1259 27.67244 25.380562 15.433967 21.46071 -2.9856596 7.279662 -6.0401187 -0.48235697 -8.213386 -0.22011884 -7.103328 -3.5271652 -6.439451 2.0368395 -1.400479 0.8284147 -5.998139 2.4053926 
-449.80087 183.91374 40.54296 22.964277 14.490306 7.776101 -22.07419 -9.6850195 -21.951311 -9.641244 -4.4868107 7.5631757 7.5993686 2.7250202 -5.534548 -0.8226467 4.4237857 2.327184 -9.84427 -5.96114 
-485.02658 171.0775 36.06591 30.382805 14.389611 20.681993 -15.090062 -2.8911853 -15.562858 -4.3486586 -6.77157 0.71904206 2.47737 -2.027117 -3.6559901 3.8980484 2.5505638 -0.9094515 -9.644239 -1.9597249 
-521.93976 152.30966 33.02502 27.337795 11.10289 23.051752 -4.7641015 11.768687 -2.439374 2.285051 -6.3697257 -1.2205567 -3.035396 -1.0947952 -4.156578 3.3895924 -3.6214795 -1.7273402 -12.762736 1.9399071 
-405.7066 105.01226 34.18943 41.92769 43.918983 14.115523 -21.423664 0.60874367 -1.6472697 -5.2147703 -17.189632 -3.646111 -8.000382 -1.6839186 -10.043369 0.6566624 -3.9676065 -2.477086 -5.958235 3.8750784 
-440.57455 148.53108 33.9775 37.73133 36.209976 24.205347 -9.555028 6.5235953 1.6967221 -3.8103056 -18.865822 -6.6964555 -4.8812046 -1.7100604 -10.605636 -4.6214657 -0.7826888 -2.7503529 -10.734553 -3.337595 
-484.96713 136.34253 34.1875 26.921558 16.249311 21.194817 -3.3207521 11.069296 -1.721486 2.4925096 -7.669279 -0.3999824 -4.796304 -3.246141 -11.219711 1.2635577 -6.924856 -2.2185795 -7.94232 0.92312515 
-467.31787 113.00581 36.717632 32.289772 7.7224994 28.019125 -11.769511 10.093061 -5.7096334 6.3839493 -8.741446 0.6889288 -4.8386207 -3.0171132 -6.093454 4.227038 -6.0068336 -2.3499017 -5.3300815 -0.1869479 
-442.01953 97.147675 45.448215 26.013588 5.084 29.383121 -13.62859 11.340865 -9.633322 10.407179 -9.711676 4.5715103 -5.3153133 3.0359032 -6.8811483 1.5063396 -2.05818 -2.237166 -9.224917 -0.37393597 
-435.8463 112.47539 29.898949 30.037407 30.682217 21.258377 -14.742939 5.3430657 -0.7516279 -5.1031647 -11.799678 -4.3515425 -5.80511 -3.3663592 -7.344074 1.2181547 -2.2564 -3.9382303 -4.5399723 2.0492773 
-415.3159 156.6582 47.850796 42.10464 35.42644 13.133994 -11.429756 -3.2331762 -9.550311 -10.808618 -11.686632 -6.6660447 -9.015783 -7.0543156 -7.5126834 -2.9387267 -5.712819 -6.6479745 -9.675611 -3.3221092 
-479.63757 156.44406 42.75185 43.65639 29.766972 15.429092 -2.5632815 10.544477 -4.5160437 0.2529478 -12.733919 -7.2000527 -9.068797 -4.6581664 -13.494737 2.1269433 -5.2159452 -2.3895006 -7.480245 -2.075019 
-457.2597 139.41486 27.84953 31.192932 13.267841 17.274458 -16.75053 0.4148195 -9.736879 4.414717 -4.860649 2.52953 -2.8703203 1.3931266 -4.0056286 2.6060019 -6.952514 -5.866237 -6.212982 -0.6477668 
-435.59027 136.3475 49.194485 12.723097 18.969799 22.687778 -17.446325 3.1257977 -5.3106174 1.4548011 -0.74020904 2.664965 -2.3652656 -4.2918577 -16.006548 -2.4632895 -6.754002 -3.463231 -4.651202 2.794428 
-514.2291 145.65959 35.609905 29.446747 11.2160635 27.76713 -10.039693 14.704885 -2.186513 4.5482655 -6.8281894 -0.65051204 -6.02852 -4.411644 -5.412874 2.0168753 -4.781446 -1.2117963 -9.621571 3.020879 
-499.24036 147.89386 24.389496 23.741755 9.5709505 22.869335 -9.062997 6.25953 -5.9472685 0.58497745 -6.0016804 0.31717503 -1.9664152 -1.6407448 -4.462823 2.3569832 -6.4897304 -2.8801658 -5.92244 2.0818613 
-378.13348 161.04395 45.808167 28.625084 12.418018 2.9382465 -19.018024 -8.659748 -14.118991 -9.398037 -11.249813 2.9610393 1.184564 -8.589666 -12.118169 2.1586924 -10.89647 -10.314243 -0.3033499 -0.40657637 
-439.53452 175.6917 43.948723 24.647936 19.673105 8.112751 -19.802807 -2.498145 -1.5748954 1.0333658 -8.591786 -1.9484801 -2.4146435 -2.988534 -7.5052624 -0.79792446 -0.77611226 -4.9650626 -7.0792217 -3.67942 
-448.35165 140.1017 34.50612 39.42424 35.38549 20.685213 -13.041794 2.2440977 1.0171213 -4.561765 -17.988945 -8.778786 -5.6960564 -1.262419 -8.340991 0.2903418 -3.8892157 -3.284444 -9.0049 0.99390197 
-409.1705 127.78293 32.980423 35.956795 26.812605 9.632488 -6.085749 -3.5990431 -6.0991955 -3.182111 -14.208685 -9.509301 -5.428661 -2.9024339 -7.0133743 -0.2409543 -4.3435807 -2.664003 0.7585373 1.4157659 
-423.79358 112.84153 41.891647 32.07107 14.889204 13.474627 -0.7997001 -0.86517024 -6.352854 -0.43147904 -12.974292 -3.3725085 -11.140087 -5.6097836 -9.988563 0.94653535 -4.6635303 -1.2671368 -6.9746594 -2.9081125 
-384.95203 104.84259 45.45094 33.21134 23.425915 16.84294 -13.784748 -9.400464 -17.516527 -4.675563 -9.571123 -2.7375596 -16.696205 -4.657571 -6.865492 10.005956 -2.307384 -7.9641266 -2.9629755 6.2891746 
-326.89365 143.2763 23.363775 24.276312 15.859617 10.891277 -28.920023 -22.129906 -27.312225 0.7671478 5.5065947 -2.2718916 -13.467638 -2.2897687 -7.1994424 6.8926306 -6.7922497 -12.415751 0.65987086 -2.4696634 
-349.48444 179.1878 40.454468 15.099481 -11.355948 -19.987217 -9.781 0.6597369 -16.548653 -7.862604 1.919527 0.75579256 -0.39166737 -1.8496928 -6.554507 0.27449173 -2.605048 -1.8558755 -6.962363 -2.210664 
-382.41193 159.10097 50.642635 31.840397 17.545624 13.144983 -18.052343 -9.545603 -20.453566 -16.769802 -9.4230175 -2.5429852 -3.1853423 -7.805783 -9.218748 1.9296591 2.3412976 -2.7489476 -7.5570755 -0.9369515 
-398.49234 159.94037 47.47917 35.360172 11.9864 9.936591 -18.35971 -10.202476 -9.697224 -1.1737592 -7.414221 -5.3159695 -7.755808 -5.225307 -7.3816376 8.285251 0.18427213 -7.109251 -4.747785 2.1603205 
-414.46072 123.16051 50.747925 33.196762 14.818132 29.47764 -9.525386 -7.024122 -5.158709 -3.1986656 -8.535531 -7.678649 -13.407464 0.15673304 -3.7754517 7.631472 -3.8705547 -5.6792536 -2.268841 4.555044 
-431.55518 161.7915 51.537014 35.935234 19.554213 7.1697116 -14.578269 -10.703299 -14.543052 -8.285878 -12.738396 -7.8339486 -6.670541 -1.8306783 -2.2589047 6.282053 1.728429 1.3463554 -4.0604095 4.7005386 
-370.5919 149.48422 24.248339 32.695206 16.087818 3.2395172 -13.366322 -14.370131 -9.865319 -3.714912 -5.3659253 2.7689793 -4.7297935 0.48020288 -6.473116 0.7810506 -2.8441935 -3.428877 -4.4978614 2.1645448 
-425.03384 177.4846 30.013367 34.968674 22.898727 13.4448805 -15.988057 -16.682745 -11.4217415 -0.006696913 -7.4790716 -0.24501674 -0.18166277 -4.406702 -5.765307 0.569978 -8.547454 -6.968463 -7.143185 4.3767757 
-392.27844 132.61266 34.362705 31.859772 36.993824 18.294697 -13.521461 -12.413007 -7.8293476 -2.604272 -8.81633 -7.889095 -11.913635 1.3528144 -6.6265936 3.1017694 -3.5939755 -1.1580534 -1.3987311 10.612594 
-428.05124 151.85025 49.162746 38.34149 12.046901 6.8489065 -17.984474 -3.604465 -10.512828 3.98742 -5.9926853 0.5543101 -4.9798985 -0.62040555 -11.30872 -0.61505467 -4.7835684 -7.365013 -9.538748 1.5794663 
-448.35425 123.28468 41.04682 41.65452 25.9249 14.925045 -5.9615154 4.6925488 -11.65556 -3.3535016 -14.571196 -4.7845097 -12.808099 1.264779 -5.7067 4.511413 -5.918409 -0.73358536 -2.352331 3.9514384 
-414.79807 74.476006 37.840206 56.58013 -0.8394725 19.125631 -3.5711217 3.382351 -4.055993 7.1473856 -7.2566323 0.5020703 -5.269573 -0.17653042 -12.985981 5.6012473 -2.7626443 -8.407158 -0.95764995 2.2087355 
-480.09634 135.35179 26.097296 29.817043 12.671753 25.287346 -9.953834 4.3449817 -0.014377799 7.958953 -7.201379 0.30973035 -5.237521 1.5117289 -9.927063 -0.17147261 -5.58307 -6.712983 -11.566088 -0.7051146 
-488.42166 140.44667 34.61195 30.368134 9.041245 29.851 -11.219395 8.777531 0.66906637 2.700674 -4.2802396 0.5907861 -6.5103045 -0.30990234 -7.0858235 -5.8915005 -6.2807894 1.4542142 -12.927508 4.673797 
-501.1073 136.32506 24.438608 38.043335 8.462083 25.308725 -8.268233 9.712124 -1.3202753 2.7821512 -6.9863105 -3.1977532 -3.98592 -1.6036353 -8.319107 1.434142 -5.127453 -2.6382303 -6.424933 3.452638 
-538.5032 137.66183 2.7350323 48.54921 9.535547 29.9789 -3.8502803 19.818844 -5.7232 8.220792 -12.56643 -1.254122 -2.5797544 -6.0943985 -19.364685 0.32994318 -0.9814685 -6.199433 -1.0817709 7.482274 
