-266.0724 97.09998 10.725828 60.420208 -13.063551 -15.538474 13.295445 -17.214632 -8.800167 -7.2794385 -25.760948 -5.3371944 -1.6549228 0.58086413 -13.139349 12.615069 -30.612589 5.8922133 -19.368544 -6.8562236 
-223.23332 108.27222 -5.1785374 19.684351 -26.666626 24.270021 2.444747 -9.43447 -11.722877 3.3935409 -24.47247 -6.106864 6.36483 -7.4869976 -19.391413 4.1338983 -19.553999 6.473772 -10.757793 -3.3148117 
-258.89685 86.25673 18.271004 39.31215 -14.536002 18.11193 -17.79958 -8.693114 -7.6704993 8.209505 -35.016598 -5.600775 -2.1621056 -4.750728 -17.047457 11.336597 -18.182127 6.471945 -16.33353 7.967697 
-297.0789 105.70584 2.0808966 44.746506 4.2540536 2.8338652 -18.298866 0.072327465 -4.8402805 -5.500039 -24.549623 2.7993011 -1.6128709 -0.9300551 -15.111793 11.044404 -19.775724 10.995573 -18.6178 10.307238 
-280.75497 111.72601 -2.8345523 24.480045 -2.6556234 27.792429 -17.931616 -2.4382217 -9.691307 6.4537463 -23.071518 -4.5364532 -12.796952 -3.6211913 -5.5349693 1.1824964 -19.13255 11.745273 -16.359098 5.603896 
-306.0907 106.89143 24.357327 38.601818 3.687317 5.107788 -17.324345 -10.589156 -11.181469 5.3840866 -25.99197 3.2048492 -1.3756763 -1.2551435 -7.434267 7.910843 -16.805132 -2.0840712 -14.483054 0.39466995 
-301.66998 101.36417 37.22386 34.404697 -3.8345003 11.756809 -8.604816 -9.486111 -16.379847 5.9625 -32.161087 -0.8549456 -0.44032255 -4.5428834 -10.8146715 9.321367 -14.826298 9.598912 -15.321428 -4.9502816 
-310.62344 112.05112 38.830254 25.790777 -14.121336 20.735947 -5.6071086 -2.0602236 -34.52272 6.037129 -31.21209 6.8978086 1.7462907 -2.0532267 -4.7502694 4.195417 -13.818096 4.2979603 -14.827525 -6.508828 
-324.70523 104.73486 32.64583 40.043728 6.269103 18.470816 -23.285439 -2.114915 -18.846016 8.144642 -29.69815 -10.956571 0.74519455 -3.9405375 -6.7227335 4.5159135 -4.260138 14.657085 -17.819489 3.370163 
-322.75528 104.30679 28.067404 21.729725 6.9330215 19.311577 -14.773531 -1.8684913 -30.243584 12.4748335 -17.867231 3.172893 -0.56527346 0.9394797 -4.80821 3.7878926 -15.412328 7.839846 -12.459151 -3.3274736 
-268.1278 88.35734 16.720222 36.133415 0.30505264 2.7163897 -5.8877964 -2.807665 -44.847992 13.467401 -22.179586 1.0943516 -3.2518373 3.1938028 -10.378128 4.2378507 -10.721744 7.1258664 -15.930522 -10.962653 
-282.1938 94.17185 27.290031 26.337635 16.445374 15.185102 -28.172865 -1.5889397 -24.838203 14.432325 -36.985615 -1.8736736 2.4264848 5.373634 -4.5724926 3.0139241 -9.337291 11.218377 -15.05135 -10.26341 
-328.9447 97.30078 48.477707 32.355537 9.648493 20.546618 -31.18294 2.289731 -18.534813 9.967049 -30.215034 -7.02788 -0.08713073 -2.1640205 -7.7457223 6.239474 -7.014982 10.797765 -13.30591 -1.2285815 
-409.04974 129.20491 17.112936 36.6249 6.3340006 15.456523 -5.6630206 10.918303 -9.909317 7.4533234 -15.988754 4.0068955 -8.4811325 -0.7002118 -5.319188 8.024532 -10.736286 8.785419 -8.298285 -1.1060728 
-296.23926 127.538055 5.023573 1.4270273 4.308783 23.42582 -3.5380096 -14.009825 -23.851053 8.294374 -15.7297325 11.870534 -8.631637 1.7287867 -13.389977 5.267892 -16.576466 9.022562 -14.708675 -2.390535 
-252.48405 84.10324 16.87072 46.30286 9.522266 -2.0407214 -15.7604065 -5.4163632 -37.253426 16.704039 -35.98301 -5.8550544 0.834739 6.1864223 -8.765909 6.156143 -6.987749 7.719279 -11.418331 -8.077657 
-288.3274 67.31108 51.394238 32.36697 1.061088 21.57529 -25.784924 1.3935589 -20.894035 8.789702 -30.159824 -3.1451857 1.6699548 -1.3007674 -7.2406745 2.7481306 -6.803228 14.06302 -17.656273 -0.23826043 
-286.8503 99.60156 38.681004 19.64594 -12.510145 17.396698 -9.493766 -0.9210265 -20.300592 9.362481 -27.001305 -3.7563434 -2.227262 -5.740233 -13.538922 1.5002024 -18.147926 6.839593 -8.034409 -0.09845029 
-301.18906 114.61557 33.246 18.205145 -3.434783 16.052273 -5.8630004 -6.414388 -27.737074 5.237112 -26.5523 -0.6578708 -4.080454 2.9398735 -4.0296545 5.987761 -14.199554 3.9168346 -9.4317665 -0.45269462 
-272.94437 91.34915 11.15221 36.791786 6.1389008 4.2976575 -7.6994343 -11.687962 -39.78709 22.408106 -26.923616 -4.261488 -3.0229619 8.937306 -6.1037197 6.6927605 -8.721082 8.266842 -11.538458 -9.839504 
-299.40976 121.26278 7.907113 27.545448 14.469371 3.9045377 -18.640253 -18.998632 -23.24993 12.593898 -33.45495 -2.0172296 -1.5190198 13.931225 -6.006429 9.345112 -18.29664 8.628792 -11.320799 -12.977458 
-304.6375 138.28415 -18.652397 15.272988 -1.5337908 19.002176 -10.53324 3.3425655 -17.656061 15.899502 -17.28999 8.456608 -9.254586 -1.1591531 -3.3607695 4.1195965 -20.77858 14.375859 -7.1856527 -5.821 
-309.53925 130.92723 -0.45469412 7.5001316 -9.171099 23.809801 -7.220666 1.56632 -23.03965 17.89289 -9.2531185 9.222545 -21.871689 -1.746635 -12.772603 5.5716634 -18.220917 16.549608 -13.515064 0.31795087 
-256.80484 141.1663 -17.358116 10.895072 -6.1268606 19.76954 -18.739372 -5.8969636 -24.008238 12.384944 -20.438066 5.245454 -13.285373 8.040826 -5.2178564 0.2505411 -19.910551 15.232746 -10.001617 -3.475497 
-304.5114 103.82895 28.459785 32.30545 5.245564 8.232081 -13.234589 -3.737502 -17.034338 10.375136 -26.96373 -4.022395 -8.991845 4.9672265 -9.82673 5.1661015 -16.618004 7.2381396 -11.555126 -0.31360254 
-270.3256 134.92834 -34.20548 25.766846 -7.033454 5.7245345 -11.153143 -6.275861 -16.777199 6.2152567 -18.417076 14.625649 -7.8578205 -0.74413824 -7.984542 4.824179 -12.22282 12.467413 -10.382872 -7.8864594 
-275.44995 113.11037 5.6177664 31.62285 8.154934 13.143027 -19.08703 -10.626992 -14.94877 7.4079657 -26.060532 -2.7771058 -2.3323054 13.168644 -10.316337 -1.760847 -11.337141 10.385403 -17.905615 -3.4641924 
-309.9725 114.55294 -4.9257274 17.36676 11.423232 18.068481 -10.98972 -3.3443065 -4.7546725 18.185133 -25.469475 -1.9928657 -4.7800007 1.747087 -12.498773 0.5746039 -23.710152 15.312855 -9.121679 -6.845894 
-414.7539 125.91794 11.307087 41.361954 10.949367 18.147514 -9.902563 5.9732895 -8.39892 11.588378 -15.886924 5.2576675 -3.852327 1.1482002 -6.7194877 2.6245956 -14.472536 9.63521 -11.103243 -5.805549 
-299.0658 56.81962 38.427155 24.997887 9.401284 24.04402 -15.907642 -6.574077 -14.317464 8.206736 -22.826878 5.5385437 -4.4897294 1.9727478 -9.213728 4.775195 -11.022699 9.487799 -11.740865 0.27142265 
-300.68933 143.94287 41.165005 12.665084 -10.524289 -8.57936 -2.0743523 -4.283903 -28.93789 -5.7317643 -31.949703 -1.6481334 -2.610072 12.247166 -1.7299012 2.774083 -13.584013 3.3004823 -8.990389 -5.682309 
-245.24767 81.24439 29.805868 15.177628 -11.508512 18.830849 -8.173297 -15.041977 -26.575863 8.134815 -28.03439 2.0988529 1.2065828 2.4788759 2.9865239 2.0829234 -13.809188 3.321326 -8.938337 -4.327945 
-288.69843 148.6356 0.35262257 7.469267 6.795005 4.261819 -0.5667228 -10.589434 -26.392826 5.933003 -15.691875 3.3021245 -11.530316 0.6027525 -4.547979 1.6940144 -19.304873 5.7484837 -7.4391303 -8.630025 
-234.10687 88.64813 5.8079944 55.821545 -9.538752 -5.182394 -9.284285 -4.557241 -34.830524 16.974289 -24.533884 -1.1444149 -4.843993 1.6347615 -12.311672 6.771624 -18.905796 9.5594425 -11.363699 -2.0672874 
-283.05484 108.29551 21.196669 25.737614 10.685364 2.28593 -17.200968 -4.2530255 -14.454742 1.5916245 -21.705027 -1.7442371 -1.9051132 -2.1795766 -9.231074 9.871036 -8.581438 10.894131 -13.978626 -4.0216937 
-226.77142 122.00314 -13.559841 8.530957 -0.7793092 10.341441 -4.220909 -11.925024 -19.590508 13.025585 -28.058447 1.6470263 -8.229123 3.370323 -18.106472 7.97646 -21.345108 16.41102 -16.712158 -1.9282498 
-276.6199 112.966194 2.3158338 35.3004 -16.002155 13.173592 -7.7470407 -9.857523 -20.601788 9.104366 -22.756865 -5.2949567 -5.4084263 -5.761248 -11.018248 13.503674 -7.837119 5.0403466 -11.301547 -4.5532727 
-330.1493 115.19282 1.6040022 49.17884 4.6973224 2.9578605 -20.687925 -6.977923 -12.601703 1.102116 -27.739054 4.0123887 7.6790032 0.3549968 -9.8769045 11.338868 -7.6502304 3.4408169 -22.120659 2.0012403 
-326.58707 118.837524 5.6265087 16.681086 9.801479 25.320704 -7.3774066 -10.802306 -10.203185 10.149696 -9.964906 6.1859665 -4.4637775 0.49904504 -8.558952 0.8139019 -8.73217 5.695283 -13.132787 -3.829295 
-262.71783 81.77992 17.412903 45.422318 5.8540835 3.6153166 -17.475054 2.1309414 -35.73469 12.416986 -19.97796 -1.8605976 -3.6127717 2.5041835 -3.2535577 2.4143414 -5.413388 6.661618 -11.503163 -8.3696 
-309.15732 149.47662 22.835049 14.159523 -11.498096 -0.9410503 -8.433707 -4.6689143 -37.08363 1.7474898 -31.691294 3.5132627 -5.4941254 9.684899 0.8922352 3.0488908 -11.152656 1.2756605 -5.4575815 -11.474975 
-297.70496 104.75357 22.137753 21.786684 9.20892 15.009648 -27.497732 3.4449148 -12.109097 8.172614 -31.885847 5.308817 -4.034525 -2.129624 -7.190845 1.8899331 -10.972012 11.711006 -13.398882 -1.7045903 
-318.1802 130.53209 0.6214981 28.885277 14.434895 6.1904163 -21.856804 -10.359796 -17.636812 9.219071 -31.243185 13.04554 -6.4585514 8.392483 1.286411 -0.92164177 -11.16832 4.934033 -5.161518 -8.513592 
-355.12473 88.56319 49.454964 28.935234 10.886536 16.16387 -20.695604 14.4479265 -17.446852 14.699012 -24.12571 3.7485635 -8.804263 -2.6442566 -9.3952675 2.0682647 -8.184132 3.8044689 -13.092104 0.73430747 
-239.71819 138.52638 -19.199717 20.455671 -17.475319 10.6794 -13.737169 -13.927402 -27.87713 22.863085 -26.148329 11.094843 -8.926135 13.547282 -20.447462 4.571455 -16.215319 10.7723255 -4.8332357 -5.7986345 
-291.781 92.43326 14.02304 47.552715 1.3849157 9.068905 -20.36804 -9.198526 -12.192523 7.991395 -37.178547 -2.4510229 10.889385 0.550698 -15.282353 15.114421 -4.1039987 -0.95918536 -14.024586 3.224096 
-309.0987 119.91077 15.216603 38.17906 7.7292423 14.137152 -23.670616 -20.41349 -19.677326 15.835017 -40.59573 -1.7161244 3.5234034 7.514752 -6.211894 3.4417129 -8.945785 0.9469613 -9.955567 -7.7048297 
-312.23807 87.86302 34.080326 27.166876 -7.5990653 26.748178 -11.883416 -8.609671 -20.609453 9.690848 -23.433973 -0.45816362 -0.6245753 0.17479642 -7.782982 2.803809 -16.23339 7.7221932 -11.503711 -2.1315775 
-320.40356 93.409515 46.36404 28.130405 -6.5578785 24.753822 -14.215996 -1.7795209 -19.691618 5.106906 -20.99026 -4.513464 -1.0649107 -4.9336147 -9.350893 6.626787 -8.166975 4.336389 -11.295129 -6.4289002 
-359.6182 119.52005 24.713915 42.053818 4.45546 16.246994 -13.954601 -1.4863949 -9.705444 6.5922875 -29.296316 -5.031224 -2.6598482 3.8864589 -8.310304 1.6185949 -0.6843722 8.162792 -9.230177 -5.1609545 
-404.01233 116.46922 22.42988 37.617046 7.178493 19.326416 -11.497591 12.145512 -10.41856 9.60093 -16.197935 4.9501777 -4.918662 -0.12896308 -9.7729 5.963607 -10.665801 3.5446973 -10.514065 -1.3200924 
-280.93222 76.183975 18.084587 37.62325 -8.94363 18.684877 -6.3414865 -6.1857095 -42.835503 22.042538 -20.312052 2.5583203 0.13710912 3.1794515 -8.129681 7.739234 -6.55619 8.252199 -19.475594 -6.941182 
-280.2035 94.79228 12.023789 55.25457 -0.24917068 7.1095886 -19.638695 -13.258363 -24.542963 10.290234 -34.29683 -7.0140743 5.138599 3.395741 -9.633796 -0.15068658 -5.55361 9.452597 -18.44396 -3.6954646 
-304.15085 139.92508 1.7478265 12.295741 -5.7145805 15.390614 0.37694296 -8.267349 -19.917345 7.121899 -18.938162 -2.0686858 -8.61432 2.840336 -4.145169 2.311937 -16.67938 6.030621 -8.687329 -4.7248673 
-296.0417 56.490227 48.06365 15.286318 8.8708 16.779057 -21.484169 4.694145 -14.256756 14.425502 -23.033976 -4.7055335 -4.1283574 0.55220103 -7.6104617 2.472231 -15.784659 6.688679 -13.518627 -5.572139 
-329.7364 135.64091 28.48339 23.69972 -3.8861012 10.138968 -14.677743 -8.2798195 -36.82031 0.81756806 -33.353245 6.303061 -8.989488 1.2107892 1.6100576 -1.087019 -12.69527 9.197257 -8.986749 -4.6894283 
-406.6494 130.17569 16.827065 35.09583 10.472063 12.460229 -11.095163 7.2965035 -14.843696 7.494217 -11.676566 5.22407 -4.043244 -2.18706 -6.4861164 4.559273 -14.636826 4.677995 -14.159195 2.1302907 
-428.1052 140.6664 14.799275 37.821022 8.399306 12.442515 -5.4493737 10.256041 -11.082268 8.519291 -9.232782 5.162245 -5.6163955 0.49365744 -7.9642158 3.271238 -8.586094 1.4888862 -8.994288 -0.0050365794 
-432.1422 145.46484 11.564118 42.947025 8.875946 13.495199 -8.600935 10.447513 -10.34372 6.097933 -12.560175 4.0548553 -4.8738856 -0.1310622 -6.9894247 2.5086367 -7.9720025 6.0493164 -12.997616 -5.771368 
-428.04764 137.93504 11.675543 39.414352 12.4044895 16.942625 -7.552754 13.636537 -7.0819464 11.293566 -10.577201 3.3465893 -4.5541916 -0.56472933 -8.912456 5.0504856 -8.818079 4.0114517 -8.578845 -2.346567 
-422.46826 130.75082 16.082489 33.04173 12.27676 16.50413 -3.919918 13.222272 -13.686168 8.636888 -13.672763 4.382232 -2.7004936 2.3562298 -7.6568847 -1.1338538 -14.39503 6.311711 -5.882399 -0.5786968 
