-541.03204 145.0589 50.63451 42.49092 12.132297 20.348457 -5.1265798 16.091532 -7.6362906 6.0148325 -6.919254 -0.07237894 -14.871791 -4.559025 -8.750388 6.6948085 -7.0089207 6.37344 -6.052496 -0.3034685 
-527.24585 141.90051 55.615776 37.05092 16.614916 18.759855 1.2483666 11.277683 -9.403571 7.7890034 -14.78295 -3.4708982 -7.302107 2.4655523 -4.8468227 5.8507123 -5.732926 0.6971237 -7.745275 -3.9533713 
-374.69318 99.5589 50.598904 28.459084 -1.4219986 25.259293 -10.7900715 -12.083548 -26.657907 14.840792 -6.7927322 2.7149134 -11.156266 7.259479 -8.751913 2.766876 -7.680108 -1.8755608 -11.700443 -3.6234312 
-385.16693 134.45062 28.048256 28.601389 -18.530561 23.206217 -2.0531678 -0.050642014 -19.840187 14.133026 -4.0458755 7.13056 -14.069054 10.501443 -11.716842 -1.8657842 0.4730728 -5.4182796 -2.9778428 -7.1917486 
-355.36127 77.13904 41.18492 40.487625 -4.4132996 38.138515 -20.43402 -4.458608 -23.784615 17.641087 -9.566106 -4.412452 -9.460667 7.281079 -12.521127 1.6637288 -1.4414922 0.24519736 -11.536479 -2.880897 
-360.39893 117.51823 0.410745 61.297417 4.534148 24.48905 -18.729559 -17.578241 -28.75825 19.36244 -16.491802 -13.48386 -12.548899 18.662222 -3.5846334 -6.4535284 6.29507 -5.4214005 -6.031334 -1.488115 
-447.95154 162.36917 20.760874 67.865814 5.639915 23.13886 -11.717293 -26.940338 -14.802822 6.51238 -22.113832 -8.46304 -11.706519 14.145011 -5.73987 -11.041618 7.93903 -6.0913715 -1.2186961 -2.4356694 
-425.18582 69.44165 50.68421 65.39502 -3.0144265 24.390347 3.227601 9.193462 -19.664019 26.78084 -14.416835 -7.1804657 -1.1020278 10.157533 -14.573415 2.648808 -1.2674097 4.339411 -9.449421 -3.5884006 
-385.0249 104.7025 22.984863 69.97689 8.342084 13.087676 -19.282341 -9.155577 -29.87109 19.632881 -20.733519 -9.063129 0.25561756 14.502513 -15.696995 -2.6901815 6.982885 -0.96518874 -15.230662 -9.521381 
-371.53122 56.343716 48.807297 76.08723 -10.496614 25.629162 -15.838215 11.917267 -26.470564 10.134222 -15.001848 -5.0072966 -3.4748056 -0.10468939 -15.478893 9.266423 -5.4179797 -3.8218634 -7.467087 2.9680374 
-398.60776 76.76011 40.626106 93.04106 -13.006355 13.868517 2.8309343 12.820515 -19.849737 3.6591465 -12.866344 -5.6306477 -5.9141226 -5.3682837 -8.690395 6.240754 -5.4883995 -2.4305854 4.110934 -2.4887528 
-377.04065 111.16102 7.4622397 82.20018 3.9854991 3.470147 -26.473818 1.62414 -28.649265 6.1771226 -19.912651 -2.8640685 -1.6529108 3.3726718 -10.138718 2.86171 12.141066 -14.634603 -7.917158 -4.510172 
-414.3645 147.8648 23.48019 49.58006 21.706713 2.1664205 -15.208568 -1.3974357 -13.08726 12.2542925 -11.603339 -1.8288579 1.2191887 14.499876 -11.192945 -9.567074 5.9220605 -4.251809 -11.666494 -6.495935 
-556.2085 168.38585 44.97014 35.980854 22.0541 17.427637 -9.41312 11.265951 -6.430353 9.135719 -7.658491 -3.3674948 -10.364407 -5.391239 -6.4569817 1.8560816 0.3337089 0.17694885 -3.1404834 -3.6852489 
-550.5991 171.80112 41.1061 37.060658 21.496725 16.972134 -2.8960297 16.061615 -3.226379 0.39243287 -5.4204135 -3.465212 -6.936409 -4.3014636 -7.985566 2.5505323 -0.51166964 0.3759123 -5.4186335 -2.8461545 
-376.89136 170.20811 -10.157606 37.19005 -35.191486 15.941554 15.971442 -12.15823 -29.612162 17.308264 0.39454904 4.886684 -6.624258 5.078886 -19.760693 -11.092861 10.623986 -13.628108 -3.9467747 -8.426452 
-372.02707 174.26474 -1.4536065 38.552814 -43.837658 13.589838 10.360833 -8.144479 -32.692883 10.996252 -7.0544977 3.437071 0.49434552 11.149718 -15.86026 -15.701221 3.0050392 -17.11528 -1.9086488 -6.058916 
-461.7043 180.1812 29.235718 32.386322 -19.31106 7.058002 8.866386 -9.046053 -15.034215 5.4697394 -8.468132 3.7809584 -2.4949026 0.44226265 -15.5756445 -7.7358847 -4.0416536 -6.9890466 -3.5723674 -2.2446287 
-557.6353 175.82837 45.303837 33.653763 15.216517 17.426197 -5.2237763 11.578312 -6.7860403 1.2246404 -9.08114 -7.11843 -8.303369 -2.3863125 -1.606293 7.7679377 1.0452628 1.1276937 -4.9658647 -0.9906415 
-567.3518 178.698 43.65718 39.607655 19.323282 20.322664 -0.8868529 13.061339 -4.8860235 4.1597834 -9.192959 -4.256969 -2.583995 -3.5355375 -3.955379 7.870754 -2.3536205 0.52397615 -3.9259775 -2.4793217 
-573.5266 178.28458 47.920437 39.708042 18.28428 18.248857 -4.803235 13.196175 -4.710714 -0.66068983 -5.0763974 0.64830863 -6.655866 -7.152787 -5.097471 3.161027 -8.619218 -2.7236397 -2.8838518 -4.3864017 
-578.8214 177.76569 47.143944 36.15827 17.012089 18.840841 -0.24673748 15.305369 -4.3328867 1.4918314 -6.187193 -6.2070823 -7.3474646 -4.8082542 -9.284142 6.0107555 0.08090803 2.7608266 -3.972173 -3.640152 
-576.8821 185.04422 45.970066 36.685734 15.044237 18.581657 -8.503696 10.932782 -7.3197274 4.608927 -9.344984 -3.1963491 -5.8255177 -4.778837 -7.355497 6.1784267 -3.593787 0.22433999 -4.1217155 -2.1320782 
-470.6245 141.02655 40.550137 22.322899 28.307997 10.880024 -16.360525 -1.2167304 -12.05392 6.135935 -8.964518 -7.594356 -3.1161633 3.2233927 -4.2969165 7.29965 -1.2505574 -7.9415402 1.244347 -6.962552 
-301.414 76.50441 43.99668 34.863205 -4.9317036 35.08277 -19.33397 -9.028178 -29.42701 5.7716627 -2.8903213 -3.2755094 -8.092617 2.3492236 -10.364186 6.797403 0.057029936 -4.263305 -12.113856 -4.9649467 
-326.1334 128.83453 -3.4020424 48.635895 22.49335 7.7362356 -33.276886 -5.9473057 -19.66312 11.959008 -12.779672 -0.16973856 -8.462773 2.823538 -5.6008935 -1.0695148 -1.8489693 -5.5503864 0.28727543 -9.73734 
-369.50723 165.59785 -3.330608 27.721117 -1.7180983 15.793201 -6.3234897 -12.114059 -25.000574 -1.7630982 1.3535228 -0.79934984 -14.287323 -5.0101924 -13.811035 -8.585827 3.7975829 -13.4360285 -0.0799693 -8.210577 
-436.4373 186.5429 3.0848045 49.733673 -16.915754 23.456018 -9.82171 -16.65789 -29.497274 3.483222 15.012829 6.2642727 -15.180418 8.073027 -8.28933 -3.6423209 4.952048 -17.502537 -6.0367017 -16.493713 
-553.79614 176.42813 31.451307 34.64522 18.688759 27.513935 2.0602977 7.713747 -11.254355 3.126557 -3.0652437 -0.6988206 -5.7838383 -2.4891078 -5.461857 8.999923 2.3590918 -1.4431398 -3.103302 -3.828439 
-434.13635 126.46845 35.93239 21.005653 9.667726 17.31086 -12.311736 6.329065 -24.038185 11.602474 -3.2131035 1.1305839 -3.9588351 1.950207 -11.117977 -2.233489 -4.12745 1.1979542 -7.740142 -0.63465 
-385.99783 188.85133 -32.42667 22.657938 3.184695 8.26743 -1.3875319 -2.035849 -23.920906 -1.1927264 3.062208 -8.081223 -4.995198 -8.492824 -3.814705 -3.0934508 -1.4638535 -0.80055386 -7.3956866 -5.5100827 
-424.68796 152.34456 21.505917 58.222317 23.643564 -2.9276054 -8.415678 -7.072246 -10.42831 -5.105259 -13.708008 -11.722744 -4.7075562 3.427428 -21.173546 -5.984607 1.1519421 -5.3373117 -1.822586 -6.987138 
-407.55017 161.20992 -0.5200065 69.250755 19.778345 -5.2469378 -16.75175 -16.946 -17.926294 -5.6383934 -9.089888 -1.1862407 -7.1559315 10.970197 -9.486835 -3.242538 1.5236884 -15.569861 -2.7089787 -9.983815 
-516.81433 183.54909 32.283195 42.337444 0.9620645 12.942849 -4.735284 0.9877506 -5.550749 -0.5899463 -5.5299187 -0.086209856 -7.0514526 1.3734049 -12.760397 3.0839868 -2.4539003 -3.1874647 -6.1992645 -1.7801299 
-449.16434 110.502235 46.46283 20.511564 15.635588 23.208197 1.4849068 14.262107 -10.391397 7.968314 -17.288887 -1.9435136 -13.019902 3.165542 -5.2176647 5.0901985 -3.516315 11.209416 -7.511755 2.8123105 
-432.78674 139.02953 28.666752 30.324537 17.26403 16.691711 -12.535282 -4.0673413 -15.406457 3.8136547 -0.4025615 2.1386044 -13.886917 13.270597 -17.19125 -12.40562 -6.7176113 2.253031 -11.208457 -7.6585855 
-505.57288 144.97516 51.407635 36.508125 25.990944 20.319921 -6.187347 -1.519154 -12.362486 5.5775714 -6.1322703 -4.599465 -13.489491 4.0972314 -9.388223 5.4442863 -11.920246 -2.8260853 -8.107349 -2.8677626 
-567.3528 180.59601 38.225704 37.579422 19.060982 21.03848 -7.9216824 7.708497 -11.182185 0.8077803 -9.346509 -5.1041384 -10.581048 -3.6240234 -5.147585 6.953602 -7.6036944 -1.7749507 -4.3118353 -3.8652353 
-578.4661 184.76538 45.87656 37.098835 12.119062 17.986376 -6.790241 15.029 -11.124288 2.8493023 -11.155205 -4.176847 -6.0875816 -1.2339975 -11.336468 9.906758 2.4595315 1.5760944 -8.968875 -0.29943094 
-579.50726 184.00247 46.267742 37.00545 15.22959 16.728212 -6.2569027 13.710316 -8.437794 5.092883 -7.7937417 -7.323385 -7.7106104 -1.6019685 -10.546375 4.9605136 -1.8544469 4.0840616 -4.583824 0.63207287 
-570.3734 184.27321 47.778767 28.95153 10.392073 22.069328 -0.089541756 14.568087 -4.93007 2.104827 -5.546438 -3.1662335 -6.1259236 -7.1348877 -9.41334 5.7055745 -0.22158986 -0.83035254 -3.7817569 -2.8191261 
-565.89325 178.99962 46.391254 36.05464 18.07632 21.810831 -0.41895273 13.353075 -8.3187685 0.03679808 -8.069999 -4.8720427 -9.090262 -6.757323 -3.0226223 10.345703 -0.5772798 1.8864863 -1.6598514 -0.22513883 
-543.20844 174.4474 36.424282 41.40184 15.369746 20.637207 -3.9900198 3.138917 -6.3285217 8.154229 -0.5414401 -10.416927 -10.4575 2.1473224 -6.6148 3.5990252 -1.6995885 -1.5300751 -4.6798005 -0.62220216 
-486.89508 184.51813 29.000526 34.371403 -11.955055 10.762661 5.450654 -5.2763057 -17.64545 5.1487746 1.195033 -8.0370655 -2.2947307 -0.57101816 -17.109764 5.647043 -10.6383295 -7.8219247 -3.222211 -4.494929 
-501.28558 197.89702 52.195686 45.17784 -9.553385 -11.16193 -15.05588 -6.129632 -13.789135 3.4261713 -5.87536 -7.74872 -1.6994282 -3.1988144 -8.969311 9.107283 -5.8936768 -6.644144 -5.3922544 -9.12981 
-543.44995 174.15231 43.878853 38.88224 11.8011675 13.254953 -5.8549924 9.0897 -2.0129957 1.5330377 -8.420431 -2.1836755 -5.0035543 -5.1105175 -8.839468 1.6395397 -3.9995906 -1.5232387 -3.6817636 -3.653352 
-572.47626 183.47379 40.805466 39.44709 16.680618 23.858618 -2.8906908 9.79309 -7.7362957 4.596555 -9.11372 -1.9108933 -5.794389 -3.7130313 -7.0685806 6.530453 -2.048961 0.686477 -7.9435916 -3.2232661 
-562.61334 181.22588 42.8439 35.60202 7.3147464 19.905851 -8.730534 11.469929 -1.6735344 -0.075425625 -7.9813824 -2.2319615 -5.694879 -1.9388095 -10.565978 3.763097 -5.71219 0.56616485 0.012118446 -5.3755054 
-446.4673 187.99153 13.495815 47.466206 -43.870537 10.127147 9.440423 -11.63071 -19.30286 -0.3817628 -3.7601814 -0.5366473 0.07563284 20.33221 -15.460842 -5.2456336 -4.013238 -14.461124 -2.6881778 -4.7971377 
-428.08844 181.2954 9.603583 52.830677 -45.414333 4.9564657 15.827618 -14.148088 -10.8641 -11.214643 0.923478 -4.2603517 -9.634278 21.678381 -12.422841 -0.6411598 -2.5818675 -13.955654 -9.141784 -10.028081 
-445.50168 186.89296 14.775875 38.355118 -34.022705 5.3651023 9.5076 -10.594068 -13.424122 -13.217173 1.9134161 -0.21815178 -4.3307743 13.0951185 -8.7523575 -4.764743 -8.633251 -6.9752483 -9.105475 -6.351919 
-448.73703 186.81354 11.841885 42.583786 -32.340767 10.2655735 11.9695835 -11.922643 -14.440599 -14.222096 2.2617683 -5.526446 -8.463537 16.681438 -7.418925 -1.6920139 -7.1400275 -10.220659 -11.762575 -8.822716 
-440.51468 179.22646 10.135176 50.610153 -25.271664 11.668609 12.260904 -20.345375 -17.215279 -15.897793 9.757785 3.3624887 -7.589361 16.985155 -11.0358925 5.002817 0.7810383 -5.06318 -11.530411 -17.559242 
-472.34494 175.18924 15.281025 43.461277 -13.781119 16.001665 1.5332432 -13.429279 -17.464136 -12.182121 0.7102907 -1.4340776 -8.486437 9.705586 -9.173808 2.6869798 -0.06532975 -3.0142767 -7.9325843 -10.720395 
-545.1548 167.29901 33.210285 49.144028 14.324083 24.260695 -5.7721343 7.009121 -5.7185473 -6.482004 -1.5001864 -1.4815769 -16.471483 4.6940804 -7.677325 -1.708588 -1.1376324 -2.278073 -6.9170322 -2.1650379 
-546.44293 161.51028 50.82161 38.1626 18.73079 18.790947 -3.2130966 14.911205 -6.85503 8.138042 -8.228304 -5.1852603 -5.8806496 -0.5484682 -4.7608347 4.938759 -0.28387818 0.23059453 -2.6825132 -1.1234853 
-561.5556 174.82178 40.350483 39.78398 16.903606 20.176487 -6.060178 13.6451435 -9.131504 0.15892929 -6.747952 -7.894277 -6.342736 -1.0843364 -9.590666 4.2566357 -3.6632433 -3.5776358 -8.223465 -4.209602 
-429.24866 170.99808 -32.424614 39.956406 13.155127 27.070105 -20.96069 -1.476774 -11.786708 13.458104 -2.2307348 -8.42487 -12.672926 5.9221177 -4.1820054 -1.5919181 -4.733863 -14.149475 5.244257 -16.014765 
-363.74466 164.4993 -24.104853 54.61116 12.995928 -0.12719652 -13.3149395 -22.342468 -27.866936 -5.1759214 -16.346136 0.15587457 -9.752766 6.125211 1.8266841 0.48629534 8.933763 -14.038589 7.2373767 -18.75888 
-340.30896 72.29905 29.978376 76.2526 3.0904024 5.210161 -16.594723 6.3887463 -26.022333 -2.431973 -14.207786 -6.24752 -6.298798 -0.7417457 -15.576026 4.2757616 4.161301 -4.266044 -8.154204 6.841005 
-348.0793 134.53372 -27.726727 76.40036 14.090353 -10.920101 -21.621876 -9.945907 -24.274895 17.623173 -19.005058 -1.6598873 3.5144072 11.38549 -7.422537 -5.126452 12.007372 -17.535048 -14.2104225 -9.227932 
-396.54398 165.44145 -13.391714 62.18675 7.362623 -2.933977 -30.782776 -8.299354 -21.263426 19.454084 -9.219139 -7.756317 3.869968 15.909522 -6.445899 -17.661964 12.475527 -18.935617 -7.8214593 -17.278307 
-522.0952 152.86519 31.969841 44.553238 24.247263 14.813851 -13.955242 7.9080396 -7.5826283 7.210033 -5.4218493 -9.248207 -3.7374933 3.26643 -11.282382 -2.836043 -0.9296029 -0.8307371 -7.7228613 -7.9688797 
-358.74274 130.94577 7.9800296 27.230309 12.47297 17.8059 -15.892565 -20.964561 -28.823883 16.006163 1.4972254 -6.9683933 -8.98851 8.585887 -9.367655 -0.0932835 -3.5907202 -10.34802 -8.33046 -3.1095085 
-391.10666 185.78694 -7.607459 28.227793 -13.825565 12.611988 10.141508 -38.72659 -20.333889 16.1118 4.8014207 -9.355219 -13.249354 4.124212 -22.953983 -0.10359367 -8.596452 -25.72609 -5.019189 -1.9441823 
-457.94342 175.50397 21.180075 46.398212 7.004481 17.226292 -6.373655 -19.828749 -14.271068 8.023268 -7.7274203 -8.574094 -19.48855 8.877955 -11.496793 -6.712126 -6.1378317 -19.44739 -0.8237651 -2.4925272 
-546.27344 171.8983 37.983856 35.916 17.143612 21.754568 -10.8253145 5.617124 -4.2744336 7.411486 -10.28949 -9.008545 -5.451477 -1.2883699 -9.051749 1.7853101 -4.485712 0.5482644 -4.278272 -1.7856085 
-576.77875 180.52873 39.61129 39.013348 18.729816 27.253738 -7.024771 5.385027 -6.985 12.730872 -9.100714 -15.436894 -9.589996 -2.1669083 -8.636015 4.0282903 -3.2264833 4.027512 -4.753579 -7.750618 
-579.8212 181.69542 42.518238 37.158314 13.434726 21.523779 -5.630369 12.312654 -5.4904013 5.1730556 -8.6956005 -7.1746597 -9.159929 -2.7812574 -3.7096045 8.082684 -5.2302833 -2.1202593 -3.7580137 0.7098432 
-567.15985 179.02534 39.575817 40.724945 8.814991 18.845558 -3.0136225 8.237636 -10.38816 7.629826 -0.5975983 -1.1054742 -5.913181 -5.354354 -13.864689 6.062153 -1.8031619 -4.1085563 -3.944948 -2.9328618 
-411.14166 189.47684 -2.9277594 33.54686 -38.105415 13.694828 10.3363695 -21.022224 -31.153582 11.096294 8.10198 3.0562005 -2.0172176 1.1357484 -24.36554 -13.524995 1.6287645 -7.3028946 -3.6075659 -7.5078335 
-392.59058 176.60211 -1.400767 36.254673 -45.360912 15.026844 5.0502777 -15.278663 -32.1238 8.022969 3.4499028 5.764599 4.3157945 6.059632 -22.46746 -14.541312 1.5691752 -5.9245105 -0.49506888 -7.071451 
-397.8305 182.81049 2.5458133 40.51863 -49.557217 13.09417 8.2934065 -18.859283 -29.673048 3.587677 1.0368736 4.618922 4.6640706 8.929738 -21.146454 -13.020131 -0.4577982 -5.7539554 -4.420706 -7.837782 
-429.31155 193.84451 12.306887 38.454025 -37.518612 3.6232517 14.740546 -20.103935 -24.355604 -3.5948536 -1.0055983 2.7280626 5.435615 9.844976 -17.009275 -8.615328 -5.286738 -7.099075 -9.462037 -3.8787837 
-511.73508 174.77997 35.58352 45.460606 -4.063497 12.152089 9.891029 -1.241252 -9.264954 3.0807128 -12.426915 1.5739595 -5.9786425 -5.900501 -15.362881 -6.7684593 -8.119259 -5.0606937 -5.416881 -1.782561 
-479.88037 130.21599 40.935486 27.257528 12.16145 21.349716 -6.941681 6.2588863 -11.923925 7.4474673 -7.497503 -3.5854678 -10.108531 3.4585214 -7.461903 3.9971707 -3.4574938 -0.056642003 -10.402928 -1.6136324 
-314.66574 164.11807 -26.336561 6.5975366 -3.893546 7.974882 -0.8760289 3.4145973 -33.525692 10.833371 6.4669385 -7.2301764 -5.6336527 -2.8727064 -1.270545 -3.7965279 2.3440619 -4.685957 -11.822439 -4.7007732 
-368.2704 139.02907 -14.402115 61.196426 22.270317 -7.4195457 -14.2410755 -4.535795 -11.355968 2.008909 -17.560944 -15.451948 -6.388404 -4.4160867 -8.442062 -1.9320982 2.757109 -2.948021 -6.9088235 -7.482835 
-336.7215 160.68356 -11.884113 43.53438 -13.447434 12.110758 -6.018614 -33.530518 -43.353188 -4.3854184 6.1381836 -2.2782989 -3.705016 13.584633 -2.8429062 -0.278322 -2.0493855 -9.173893 -10.793503 -16.162859 
-396.3081 167.42082 25.711954 40.34266 -4.4978743 8.583935 2.8949547 -10.112179 -21.006884 -7.198231 -3.2861695 5.988863 -2.8365822 7.2704926 -6.809097 2.7524703 -7.593061 -7.7155304 -9.595554 -7.245396 
-554.84357 175.38786 48.591187 38.16977 14.291195 16.397144 -0.5054137 10.154839 -9.366925 4.0706077 -12.798373 -3.0581732 -12.860659 -6.9008956 -9.990845 1.7678018 -2.7847261 -3.0721457 -4.986933 -5.89342 
-565.2029 173.80592 44.005398 42.68362 13.399336 12.505133 -3.2692401 13.000648 -7.4597907 3.91013 -9.150236 -7.6602044 -5.742058 -3.0187345 -6.52022 4.1406455 -0.4473449 4.1938167 -3.7364922 -0.05783742 
-563.3891 172.28685 47.297657 37.95436 18.146145 18.946499 -6.1203566 10.25571 -7.0831976 0.91886264 -10.619903 -8.185906 -7.7315545 -4.355712 -3.9205894 5.1007414 -2.9296963 0.5470781 -4.8767595 -1.5037804 
-539.77313 168.18507 49.913795 41.82451 21.25418 15.654558 -6.265456 -3.9828813 -7.4779096 7.605969 -8.585171 -6.53297 -8.62656 -4.865341 -6.8916116 5.690525 -4.519008 3.0583718 -3.9955385 -5.905727 
-362.45496 88.925064 35.720417 91.23861 0.11641131 -10.810435 -3.6294763 5.456753 -32.591084 -11.56847 -15.945989 -16.256783 -14.871386 2.5305917 -6.2399335 6.182842 -3.2528229 -0.48953846 -6.7340293 -5.298695 
-331.28348 26.207405 49.604866 61.967415 -9.397701 39.51371 -23.515738 -8.129684 -24.219824 11.617191 -19.112041 -15.993506 -9.602708 13.099045 -13.429727 -1.0799673 -1.0362138 5.052167 -15.5582905 4.082564 
-402.94543 128.37546 44.301666 40.58229 -4.4140916 11.012173 -8.574776 -3.0189002 -15.468887 7.8565807 -11.952676 -7.29286 -7.8884125 8.384967 -8.12435 0.23869456 -3.4136348 5.346198 -7.233829 -3.9285796 
-368.9159 137.83807 28.879822 40.619793 -22.434479 10.52792 3.478767 -20.432888 -26.287916 -2.004033 -10.429892 -20.36363 -3.2576177 9.540144 -5.508835 10.215098 2.9454226 -9.018848 -6.1802616 -4.4932113 
-351.05283 75.77951 38.7459 43.132034 -7.8090057 39.34871 -25.678831 -12.775493 -24.355244 8.996789 -3.6033614 -15.31633 -6.776358 13.673756 -13.497577 8.312309 0.9687322 -5.849209 -4.567915 -2.060059 
-362.90976 120.22145 11.581791 60.7688 -5.0961933 29.17888 -20.596931 -30.236227 -25.089333 5.7614727 -14.105299 -32.519684 -9.107379 19.89314 -10.217483 5.4451137 8.483027 -4.4229803 2.7803655 -6.18215 
-462.44937 147.36479 33.86739 63.946873 -3.7904472 25.612612 -10.292344 -17.733833 -6.0950923 -1.1708703 -6.448514 -11.2737255 -13.844583 14.089225 -8.835881 -4.3178353 2.928614 -4.082276 2.6228075 -6.1132174 
-561.4773 168.75105 41.003464 40.502716 14.769606 22.901745 -2.372184 1.3036866 -3.1105192 4.1214676 -12.720726 -7.3573475 -10.419963 -0.9340995 -3.7539291 6.50455 -1.0613341 0.7969134 -6.143147 0.16331652 
-578.54865 184.84868 47.47413 38.303032 17.30431 24.712885 -5.178933 13.820167 -4.0092664 3.9181318 -8.512615 -2.9832263 -5.041657 -2.3797722 -7.1912746 8.606054 -1.3355408 -0.1977239 -3.92755 -1.1049733 
-582.2962 178.89879 43.449482 37.381264 14.624553 18.677942 -7.1144238 15.752155 -5.5770907 3.811002 -8.50816 -6.5926447 -8.857718 -1.7807255 -5.979452 7.167376 -5.6897173 -0.5429222 -7.0575633 -1.1452805 
-573.3876 176.36478 41.250565 38.23326 16.001549 20.186197 -6.9060607 9.699404 -11.216984 1.3663129 -11.120544 -7.566988 -7.959341 -3.5937662 -8.460634 4.5020576 -2.8394856 1.9579103 -4.2069397 0.12922877 
-499.28433 179.85907 4.6593513 41.15017 4.9946485 25.24043 -7.1926694 -11.018182 -13.475803 10.737523 4.647399 -8.968706 -11.936859 8.19217 -6.170431 -0.6321267 -10.699456 -4.855288 -1.9518026 -8.207421 
-459.8683 138.35037 49.4949 48.58588 -14.125218 32.330025 -3.4850821 -14.44802 -23.135468 3.324345 -4.9521894 -4.14454 -7.0180664 5.9332957 -15.929838 4.6207314 -1.7450464 -7.307668 -11.612865 -4.406904 
-514.3103 186.66415 37.24115 33.083412 -4.5551844 10.543437 1.6399288 5.021776 -7.754012 5.215861 -15.518043 -6.4164367 -12.775788 -5.1104555 -12.696444 4.20533 -7.420964 -5.5214915 -6.351227 -5.470847 
-520.6365 178.97218 33.11268 29.56621 -0.0763056 18.576323 7.8010907 7.083113 -4.564096 -0.47379753 -15.6276245 -7.139462 -7.1820354 -4.4570494 -7.9851127 2.418851 -4.3957815 -3.6662114 -6.200575 -0.3089579 
-556.89575 174.56593 43.610474 38.8703 16.047283 17.694483 -4.424406 8.469152 -7.7418494 1.062984 -10.025372 -3.3362455 -7.9085608 -6.366328 -7.059665 3.3850608 -3.8285375 1.5005757 -5.2047954 -1.8340923 
-355.97556 68.52001 41.77419 43.72065 1.7057474 26.848278 -12.440129 -22.782383 -34.18861 21.253067 -15.582943 -16.4403 -12.02706 8.332449 -13.821047 6.5834627 -5.384373 -2.5270913 -16.422909 -2.1825147 
-352.47314 113.5639 -0.16780843 63.113613 1.3096178 19.749874 -4.243524 -35.809273 -24.266201 14.617159 -14.660514 -21.40699 -15.540202 19.839022 -6.4634385 -0.9226577 4.1419697 -4.7229667 -5.755905 -3.8072743 
-402.16675 147.00797 8.154114 61.939926 0.82536983 3.7264302 -3.079143 -39.443108 -11.699919 2.1022165 -20.558514 -14.630938 -16.327908 11.952114 -9.385501 -9.415941 -2.0495965 -5.5384893 -2.337264 -8.973316 
-483.78195 150.98856 29.894125 32.61081 3.6810048 15.683031 -6.694964 -1.924063 -8.25797 8.46935 -13.655865 -4.3166275 1.1240758 2.446945 -5.10755 -1.1884665 -11.605302 -5.59924 -10.887495 -3.2592428 
-300.4554 102.27086 -0.7846708 41.98613 14.797869 19.3864 -15.881771 -24.08094 -33.31291 11.861795 -19.692944 -15.903678 -8.57041 12.755622 1.445482 -10.181263 -3.293607 2.553378 -9.991486 -1.7317165 
-295.49344 153.59293 -21.071243 37.86477 1.9621778 0.3480598 -8.253068 -29.55157 -30.704262 9.216231 -9.590235 -3.7609644 -11.960815 9.588159 -9.106787 -7.2577996 -4.417305 -11.069851 -7.8168216 -6.591687 
-329.5723 123.25216 16.527779 30.211605 3.5329013 20.109674 -11.28655 -17.748247 -31.039696 3.1428378 -1.0703123 -6.016071 -10.552258 13.782787 -8.679781 -1.1423141 -7.628808 -6.4088535 -10.310093 -6.24988 
-371.914 156.76556 3.0608692 33.86299 -1.7091558 14.853246 -5.100238 -25.936249 -9.378684 29.376274 -4.9150667 -10.401581 -17.802635 2.3824472 -20.23612 -2.908202 -9.133266 -16.28836 -1.3152596 7.8756223 
-434.96252 165.44675 36.180283 45.82151 -15.983043 1.5611038 -3.0076613 -15.690862 -16.609459 3.371479 -12.965402 -10.579488 -11.930204 4.68314 -13.940195 9.503649 2.7339373 -2.012651 -2.3239849 -3.965173 
-391.29498 156.26747 14.849607 2.4765906 -10.897017 12.73425 0.103195615 -3.3050961 -24.41299 6.6383495 -2.0112178 4.363081 -6.492739 3.4001474 -17.253973 -1.5631905 -7.3422537 5.7093143 -9.071937 0.17932568 
-351.40918 104.91541 8.813035 28.956078 5.769741 19.674334 -15.003335 -4.043817 -19.723295 9.193359 -2.8214931 3.7082477 -14.376125 10.84701 -6.18384 -5.654352 -7.4765377 3.4816034 -10.605663 0.9183288 
-433.8067 104.25174 63.811794 22.808622 13.970409 23.550795 -14.857426 7.024453 -21.597471 4.701844 -9.284293 -3.2513332 -18.017332 9.376296 -14.17777 -0.6328656 -10.758455 5.3923655 -8.885576 5.187223 
-435.6344 137.5787 40.350533 22.092485 -5.8568726 18.85955 -1.9769372 -1.0005126 -19.797537 12.234516 -10.951776 -0.8371692 -10.214508 -4.7837214 -19.053001 3.9729996 -16.448374 -5.870069 -8.693835 0.4688133 
-445.427 145.92859 38.782063 48.098892 -3.7431657 8.608471 -9.160398 4.61862 -21.18108 0.7044655 -6.9680986 -8.68379 -16.166975 1.6985097 -17.072752 2.9584432 -6.654669 -5.336319 1.9654363 -5.195071 
-421.22983 132.9328 23.928877 38.906197 5.856662 23.59648 -16.174255 -22.053328 -18.473114 15.096395 -1.8343688 -12.637281 -10.32365 9.691056 -19.460789 -5.571339 -13.304402 -17.098684 -0.49412605 -5.068904 
-416.01562 158.17374 14.855621 44.833015 6.117416 4.304228 -13.270261 -11.195306 -29.191406 3.4057531 -0.8469039 -5.767933 -9.689532 14.498927 -13.999967 2.8271878 -5.3521976 -8.421604 -4.8179145 -10.644208 
-374.27136 115.96516 19.161926 46.69589 36.681377 -1.041363 -13.230396 6.1449356 -23.931877 9.188955 -8.959529 -2.4160504 -11.464216 10.986746 -16.647139 9.1434765 -4.057161 8.406451 -1.0886741 0.13177234 
-411.08444 105.65593 38.36447 48.75125 14.240531 -1.6633505 -12.468212 8.682348 -30.375523 4.126957 -13.056932 3.2180803 -10.0403 20.395208 -7.549543 8.163702 -9.40337 7.335351 -6.366973 -4.0506153 
-497.81558 175.25095 37.291878 48.42243 0.27112028 14.154032 2.1637924 -3.655117 -15.702321 -2.7341487 -10.140844 -7.502883 -3.4177325 9.151662 -15.0490465 4.465861 -6.750063 -3.0323584 -0.10687658 -5.4009743 
-510.2073 176.39474 42.462143 32.7949 -5.5609446 8.847692 -9.304359 0.38604292 -13.1572 -3.8755586 -6.1618943 -4.2827463 -5.438152 3.300631 -21.52033 0.6733252 -6.476263 -8.68303 -1.6936855 -4.431895 
-464.4548 147.836 39.190998 9.140022 6.883963 9.930235 1.1589715 2.516578 -20.641842 7.346756 -5.654103 10.056211 -9.016308 2.673396 -16.580574 8.689556 -6.7949805 1.8330712 -11.084682 0.19209146 
-514.14526 184.98477 19.15281 49.95198 18.906952 14.844518 -16.061403 -14.099619 -18.745575 -2.3826838 -13.572002 -13.006099 -7.8967743 1.8699911 -6.3579454 3.7141805 -5.327087 -0.84436375 -4.8473434 -4.6721783 
-497.5858 156.5991 30.877743 46.898335 10.073732 19.81367 -16.449852 -7.92109 -18.489693 8.731233 -8.285885 -8.260345 -4.1503696 8.910167 -13.957496 6.4885883 1.5664506 -4.6263027 -2.9434366 -7.9469333 
-538.4244 184.83629 43.056503 39.37174 1.47102 13.329917 -10.889777 -8.296589 -18.772259 -6.991756 -8.695596 0.22447316 -4.75162 -0.09562821 -8.675224 6.990071 -5.9087515 -5.1123753 1.9650402 -2.7042797 
-455.58063 138.82497 21.483961 51.22969 23.941769 9.297408 -15.639957 -4.4054127 -18.150581 2.0430408 -13.829838 -7.1891894 -9.689211 9.299469 -10.7272 10.945248 -2.390707 -3.1592903 3.0222802 -6.70655 
-460.3578 139.8497 51.476513 27.062906 17.185976 16.245314 -9.370665 0.8370789 -16.76429 8.405597 -4.023319 -6.6097775 -12.742069 3.0426052 -7.0359344 -1.4588227 -10.000462 -7.295143 -13.09727 -3.140227 
-491.13336 138.73288 45.639526 40.64766 26.037224 18.947374 -10.488772 6.008034 -16.546795 12.059124 -3.4497726 -3.0302596 -6.851731 8.544523 -8.687502 1.354361 -2.6917577 6.176483 -7.312817 0.9602196 
-562.2151 171.98927 42.092407 43.049675 8.817706 15.096069 -2.349841 15.729409 -8.850834 -3.6981723 -7.949218 -0.73208207 -9.754481 0.17666394 -9.746554 3.4045725 -6.6897798 -0.8083145 -3.8965008 -1.6201575 
-580.8984 172.42891 44.391846 39.739044 15.052186 17.946035 -4.433823 15.39273 -9.188487 -1.4935719 -3.6358192 -4.1495595 -7.7020493 -8.983792 -12.230611 9.426792 -2.5624707 0.4394822 -0.6817501 -0.3969605 
