-334.98032 169.94171 17.603228 11.559966 0.9862512 14.651847 -5.6432295 -7.151023 -37.366478 5.964346 -4.14257 14.594223 8.789165 -6.187284 -9.342615 -5.9890695 -7.7445045 7.256412 -15.624178 -5.0118074 
-347.06 166.1534 29.947723 28.432203 17.002552 9.283451 -12.610462 -8.829787 -30.309048 -6.649236 -5.2678127 3.1136882 -7.656478 -5.806317 -5.5280833 -2.3494883 -5.6160603 3.7384825 -10.590297 -3.7555532 
-283.08246 94.72553 35.418377 14.113861 -3.0104754 28.955654 -16.367805 -4.2261395 -30.815002 3.7765512 -10.722926 9.310287 -7.1174417 -2.1703641 -3.7500043 -5.7083693 -5.7105503 5.741308 -13.799137 1.5290582 
-286.14072 161.96371 24.799643 20.522799 -25.251776 -12.960961 -3.293117 2.9174025 -40.739132 6.740884 -16.0225 -2.5786066 7.046245 7.2838473 -4.2018604 -4.4044924 -4.3165407 1.4413071 -19.644527 -2.692081 
-276.84906 51.98079 15.683382 57.18139 -2.1246464 10.134687 -16.912985 19.093754 -34.21737 20.408772 -16.55436 -3.303401 -1.0025525 15.084614 -12.412594 -2.0834897 -4.855512 6.4866934 -9.43925 -5.022183 
-272.39166 41.52122 14.696374 63.836956 10.04903 10.935283 -31.90091 24.147047 -29.011559 14.5512 -17.97651 -2.4835773 -0.07089867 11.177011 -13.689728 -5.17551 -8.52325 12.926665 -9.967595 -9.694783 
-333.0819 150.46028 11.518348 48.858994 33.501026 2.6555345 -22.97242 -3.867836 -18.972002 -0.4416389 -28.696629 -11.948116 2.13084 -1.4280248 -17.131361 -2.879734 -4.5241466 -0.7620404 -9.822436 -8.930321 
-382.78433 130.84523 18.56882 48.345554 13.560905 7.5418496 -4.521945 5.1035185 -17.468622 4.267665 -20.983482 -2.3953066 -6.6485844 -1.416821 -8.828293 0.78565603 -6.837088 8.988096 -9.42546 -5.2472177 
-421.838 136.0621 10.343618 34.64989 14.661167 9.455516 -6.288607 15.022624 -10.814903 6.604406 -13.574014 4.0442796 -6.548277 4.1464496 -8.062068 1.9674394 -9.026505 1.0442399 -11.909354 -2.7378871 
-389.0778 94.15257 31.624763 28.506453 10.682094 16.737766 -15.421082 18.940344 -13.785404 10.937482 -12.036341 6.7013316 -7.076585 4.025774 -11.114841 4.1522226 -12.219339 4.762971 -12.403084 -3.5738704 
-292.9098 162.52928 -8.589796 1.0633284 -3.7525494 19.176466 -25.562445 1.7636915 -29.605507 7.6029663 -0.3733579 0.38312402 5.8346186 -10.4076605 -7.6052265 -3.0521402 -10.905922 0.86707366 -9.4757595 -4.143788 
-335.48038 126.48549 37.885796 22.246702 12.283637 7.171067 -17.861355 1.4395986 -32.438164 8.619476 -14.974794 2.1594472 -5.559843 -4.1550465 -10.25784 -1.8304607 -2.034531 4.761576 -5.4834137 -0.7857812 
-285.83365 115.644165 40.281086 12.383043 4.7686925 25.193789 -27.14903 -16.823435 -29.241848 6.7599406 -9.529068 5.014016 -8.269717 5.554946 0.19501792 -1.8686324 -10.298063 5.0134063 -7.820539 -2.3635862 
-295.82217 53.803703 56.290184 32.259293 6.93268 31.216105 -20.63098 2.3855734 -24.888905 8.432399 -16.543795 -0.80138767 -16.61148 10.0105295 -6.948674 -1.76603 -6.3878217 9.927052 -9.273128 -0.030538771 
-308.72528 133.49295 15.775584 47.21432 22.927439 10.18207 -28.421892 -16.85948 -26.01438 8.220709 -14.644828 0.90648913 -6.334211 7.2844553 -4.027175 -7.5465207 -6.1879992 9.752317 -10.546246 -4.4814816 
-308.0412 116.24517 40.08644 33.609875 -1.2009021 11.0443325 -3.3904536 -15.193248 -28.339241 -1.7456897 -20.367334 5.573465 -2.9842923 -0.050288305 -7.529162 5.3977075 -6.441179 6.9327755 -6.335629 0.8288632 
-311.44043 171.86157 4.1379504 14.867275 -6.996348 -0.77239823 1.7320604 -11.3898735 -35.077477 0.44499853 -7.3513074 12.498065 9.897883 -0.5949177 -8.8109 -3.42634 -10.747413 0.27900222 -6.698403 -4.5733385 
-314.82812 175.39505 1.6752731 24.746471 3.6058934 -0.3451579 -3.767642 -21.340687 -33.242016 4.589824 -10.697008 4.143444 -1.0304341 2.0019677 0.2935802 2.4018855 -10.241862 -2.7094367 -8.629643 -0.38134086 
-290.89233 170.22 -0.6786038 14.109595 -8.346473 4.146723 -3.0838058 3.006711 -27.279055 14.030986 -4.3955812 11.762368 7.2258224 -2.9103703 -3.1213477 -6.93911 -10.996905 11.130143 -9.506311 -0.0006386704 
-322.6974 126.04797 13.009834 51.36007 16.54481 11.559226 -14.268682 -23.196047 -14.349224 2.9185748 -27.478703 3.5384073 -2.024514 0.37664577 -6.438851 -0.27877408 -5.5850916 13.865002 -8.947813 -1.2500033 
-316.83112 173.77057 13.935392 33.116177 -6.9189663 -6.635681 1.4530604 -20.303276 -37.088287 -10.149052 -14.266978 10.840841 7.1434216 -3.4378211 -4.870447 -1.4930876 -5.6869454 10.964427 -5.499515 -3.3644838 
-346.50662 158.99506 10.104112 31.49919 12.956168 8.549534 -14.128799 -20.43846 -28.004354 -2.948882 -15.6962805 4.7552114 -8.416316 -6.0323734 0.7831121 1.011465 -9.989938 2.1368535 -8.667054 -1.0575509 
-336.33755 130.37485 19.429916 47.836533 7.9874506 16.99891 -20.839096 -15.229072 -28.375206 4.9239044 -13.35368 3.8589702 -8.183698 4.073231 4.323287 2.6059759 -12.709805 5.8578687 -8.675391 -3.9204493 
-303.22665 134.84238 11.1374235 30.781609 -18.253107 5.8912907 -5.6716022 -13.046582 -24.458387 7.721647 -17.110676 10.63402 -3.1372287 0.38223138 -3.537282 1.1654009 -11.502797 5.823373 -15.415892 -1.7411512 
-316.53577 157.36127 30.210306 40.53373 -22.794197 -14.043896 -1.1220345 -9.4983015 -30.913109 4.1162796 -22.561506 1.2944479 4.572511 7.2015524 -1.1731995 5.146105 -7.4612875 4.769097 -15.7809105 1.410982 
-301.06015 162.50075 -9.832786 30.635925 -1.313683 8.336323 -19.100088 -28.213627 -26.2314 14.932636 -9.352131 6.7830734 -4.9034224 -0.47045147 -1.5499476 -0.11729591 -9.595638 7.013045 -13.543894 -4.8042645 
-326.49207 103.94332 24.192274 43.011356 5.2321053 27.637934 -27.556623 -11.612301 -14.829571 10.17153 -18.561258 -0.78478074 -6.422797 6.8005524 -3.1228 1.6043172 -9.605365 10.106597 -6.2449775 -2.9326417 
-355.46442 151.2481 19.221561 40.16478 12.749796 7.6997223 -16.009499 -12.185488 -27.72878 4.226684 -17.837584 1.3573744 -4.968389 -2.628631 -6.4648967 4.2570825 -11.561901 3.9904273 -10.88419 -0.9922252 
-343.66156 180.68823 3.7352812 39.031155 6.686809 -0.8935016 -11.823471 -16.72388 -28.156782 1.639811 -21.986242 3.3156862 3.6933813 -4.8026867 -0.4966846 1.9791251 -9.02012 6.977175 -5.940203 -1.6311561 
-333.6785 133.47531 27.72477 35.460167 8.989732 22.529331 -18.324524 -14.350117 -27.93045 0.08528923 -12.051478 7.2764683 -7.9278107 -2.0024793 -0.86957765 11.289862 -5.202758 10.304774 -7.811085 -3.119051 
-318.6167 127.0177 28.427036 20.883718 9.126201 21.180754 -20.103973 -15.491377 -26.379349 12.860508 -13.515637 8.95945 -11.289968 -2.7287695 -1.8557925 0.68294865 -15.98145 3.6874695 -12.487331 2.0070848 
-323.70602 158.79924 -6.424289 38.14734 19.880266 1.6444175 -23.707249 -31.716026 -16.624985 12.084357 -15.89689 2.9245076 0.49591044 5.1888003 3.7729313 -3.389582 -10.935795 8.997442 -9.885601 -4.2360897 
-376.28116 127.923615 17.065777 37.037003 11.316104 5.666361 -11.036645 1.1958491 -10.448399 1.2442155 -18.224854 3.777487 -3.6853578 3.0637655 -5.5955048 3.1950932 -3.3517885 9.743505 -7.41356 -0.67064583 
-388.20956 148.487 9.80437 34.56727 12.444569 14.467784 -10.488666 -2.529755 -13.539462 2.2783954 -13.270656 7.42658 -4.9919887 2.5437708 -2.0868998 -1.737915 -9.753338 3.216415 -10.551545 1.623041 
-367.26144 168.98465 6.6168613 45.20893 11.071161 7.8054056 -18.136427 -21.452074 -22.813313 6.555253 -10.899932 11.499775 -0.98563534 -0.6949823 2.807839 5.0804625 -8.471414 0.44537005 -12.768704 2.470108 
-365.9906 158.66083 8.323963 20.619007 2.440997 10.343701 -13.283793 -18.043623 -32.0365 4.734399 -1.9402457 25.562109 -2.8781836 -3.7370334 -2.1405153 4.108647 -10.860056 -0.5139268 -20.869024 -4.7979717 
-337.95706 103.55486 4.928031 46.75777 11.89568 6.9667363 -13.396273 1.5480417 -16.733845 9.569891 -11.214214 0.6918756 -3.540767 5.6808186 -5.7837343 -1.2546403 -2.5954797 2.2760556 -17.515804 -3.5902736 
-340.19867 159.01001 5.222002 32.136482 8.630926 0.8469598 -13.881059 -12.084703 -19.18023 4.316168 -11.201466 5.395713 2.9677389 0.20831162 -2.0954084 -3.7322094 -11.222762 6.115783 -7.839637 -6.1079884 
-359.995 157.93915 1.7744708 44.565666 12.989582 6.058462 -7.4346466 -17.057743 -29.975216 0.6409976 -15.536462 4.3979707 -0.45858923 -7.017566 -2.8473465 6.1368084 -6.4431643 6.6909456 -12.859991 -4.712865 
-369.1156 144.01807 15.623276 55.578167 18.871243 -2.9449067 -8.043093 -6.3414655 -15.878747 1.3461728 -20.6931 4.4119387 -3.599333 1.6964145 -7.2049737 4.843405 -8.022316 7.8828835 -11.261857 1.2327965 
-399.28342 142.37431 18.807133 38.032078 17.1431 6.211874 -9.748395 6.319358 -10.915189 0.9169343 -14.071797 3.2324147 -4.289572 2.509414 -3.652243 1.077355 -10.685838 2.5645072 -8.376752 -0.7925781 
-344.58517 101.227135 38.980183 36.088333 -3.5672455 9.901144 -4.557699 -4.983277 -14.998934 1.728525 -19.767576 1.1617656 -3.9908524 -1.4827702 -5.353149 3.153925 -4.155271 6.559618 -8.739208 -0.525344 
-350.8336 166.31174 36.18229 44.61358 -11.1513605 -23.207325 -12.131914 -15.461432 -24.414242 7.068472 -15.522058 3.155588 4.891738 2.7124097 -0.18802388 6.2088366 -2.6555643 7.54515 -10.990114 5.006775 
-387.26074 165.53253 14.041145 32.71085 -6.233976 -3.0202405 -11.578091 -4.933195 -20.053514 -4.3528476 -23.461737 7.3124137 3.1473732 5.55908 2.4574428 1.9569783 -11.823851 1.0413544 -12.447361 -4.637174 
-351.44473 148.6248 29.619228 30.252663 -5.709674 -2.6755838 -9.440045 0.43967724 -27.024757 6.2217555 -17.51146 7.3219943 -0.07493183 1.2444434 -7.7193623 2.1150987 -11.943958 3.2968063 -11.812832 -2.326024 
-330.8079 140.02124 40.39449 20.870283 -0.042194366 -6.5834823 -12.314908 5.8572564 -34.23451 13.756426 -17.595268 9.286913 -2.197748 2.9825826 -6.7630053 -1.7141434 -4.191976 10.677733 -6.6779513 -0.3805885 
-382.21207 147.53262 11.601292 23.819931 5.384404 15.441691 -8.249605 3.9205136 -19.766182 4.543776 -5.945464 11.429565 -5.3408437 -1.790177 -10.762471 -0.7805139 -6.978942 2.4783764 -9.454028 -2.4061902 
-364.3334 110.90832 -1.8797964 30.020256 13.353466 27.075554 -19.034065 -7.621388 -15.860472 17.931139 -12.370979 3.4156065 0.45107377 10.686756 -9.092996 -1.509178 -9.2962885 7.3743777 -11.662833 -9.716639 
-387.28967 119.91219 12.700792 33.163494 14.69858 18.529043 -11.072507 5.503628 -13.409678 10.276814 -13.138515 2.7163653 -0.7773063 7.3781195 -7.4589624 -2.0869439 -12.269901 5.165413 -7.8505096 -0.7659432 
-305.77478 128.88287 20.676651 24.603323 11.498768 22.022621 -23.022682 -16.799385 -26.851255 12.832057 -5.859315 -1.1645349 -9.239058 8.314319 -0.6304321 -9.513201 -11.857229 4.7157693 -7.9212246 -0.123288475 
-294.39453 71.05158 21.295893 58.020412 -0.4037876 21.081644 -15.976334 -0.84474456 -19.105385 10.801923 -14.345971 -7.299395 -9.329058 8.264162 -10.013011 -6.4036117 -4.5965056 10.358275 -14.318556 1.805737 
-274.36948 174.63168 -11.97632 8.290241 10.890434 14.20532 -12.080365 -17.943342 -32.226368 13.371753 1.851911 5.4829683 -4.73434 -10.4927 4.519199 -10.493372 -10.532105 1.0845689 -13.859287 -1.570595 
-307.72324 166.87685 1.008425 29.492903 4.7956567 1.9219157 -14.152671 -17.843359 -26.863436 5.0174003 -5.9851923 8.072235 3.394157 0.49167988 1.7429469 -15.105606 -11.50485 9.454534 -10.488621 -5.372595 
-315.80615 134.81857 13.057575 44.99633 18.991877 12.697052 -23.145187 -20.129827 -17.86451 5.0128145 -20.619865 -0.94980896 -7.2040133 2.8262193 -1.4062642 -7.245005 -8.889928 13.851544 -5.872094 -4.090933 
-323.24033 54.360664 53.376175 40.825787 -0.6469672 36.752518 -25.965494 -0.6472775 -13.313098 6.3187084 -15.340603 0.5351435 -15.186427 6.7301135 -9.350618 -1.578853 -10.519749 11.476002 -8.016075 -4.8550324 
-325.42297 115.25066 18.292868 59.953167 9.339467 13.284483 -14.682037 -11.380829 -23.996897 6.328512 -21.398481 -8.471486 -4.515441 2.8189325 -7.1399603 -5.0659738 -6.031969 14.314687 -10.033544 -7.9483967 
-364.91882 165.3161 18.658548 43.059097 23.091972 1.9757028 -14.681156 -9.151169 -14.625904 -0.04142348 -13.7187805 1.6152769 -11.774678 -2.627261 1.7744813 -2.8982713 -12.624215 8.702724 -10.457776 -4.230486 
-418.32904 143.51047 18.217888 41.15439 19.964798 9.700581 -3.1845434 12.12893 -11.147533 0.9923856 -13.207415 -0.9145836 -7.1949844 -1.9526452 -10.794048 -2.225803 -11.021737 3.1846223 -8.577623 1.0391304 
-305.28455 121.863106 19.478615 17.90249 9.027077 14.247206 -20.356981 -9.956242 -28.070604 14.818142 -4.074065 4.085186 -4.9836335 2.7608266 -3.8539762 -1.6170782 -10.062941 2.91141 -11.052105 0.46396446 
-311.37878 184.35715 6.8655477 21.102972 -3.3214211 -2.322538 -6.5254292 -15.049452 -30.020378 -1.494988 -7.2519126 4.7210283 5.0373497 -6.2200274 -1.766182 2.1805859 -9.995698 0.55537057 -7.5476937 -3.2006078 
-339.6343 152.72452 4.677413 55.891563 20.544779 -8.818454 -17.244308 -10.770335 -18.50638 3.736807 -24.652054 4.448995 7.331158 -6.318044 -7.364274 2.7051218 -10.2164545 7.0479307 -16.24168 0.3596159 
-302.7386 149.67125 -18.800407 45.903637 11.649756 5.0044985 -23.798674 -24.220871 -10.35326 15.965946 -17.454098 2.1641705 6.7695084 3.2138731 -7.5911713 -5.805399 -9.446327 3.5116432 -14.467085 0.123905696 
-356.5357 144.18764 5.7792287 33.912186 18.125584 16.412846 -22.59734 -16.308163 -10.265769 5.4488187 -17.201355 3.8934164 -3.497604 4.4181113 -4.2588797 -5.8225474 -12.501636 4.7994194 -15.9603 3.3464148 
-342.6333 94.311615 33.479393 51.48912 2.1167057 25.44269 -16.523846 2.9297695 -19.2388 3.5351744 -17.294191 -2.4570284 -12.222215 1.9189409 -8.806611 1.5228931 -10.460815 9.878093 -5.06368 -5.3202934 
-348.83963 146.25339 34.749496 41.567646 4.5781803 3.3429618 -9.042882 4.499077 -31.776194 0.048699804 -24.533892 -2.8692827 -5.887658 -2.180041 -4.3153396 0.068203844 -3.6794348 7.293118 -2.1674502 -3.344037 
-316.2496 153.73935 0.95882523 24.109392 6.562285 18.3378 -9.4804535 -17.437973 -30.942657 9.291461 -3.7113087 8.164514 -8.067387 -2.6046875 3.5523376 2.209498 -10.841045 3.678421 -8.605815 2.4230857 
-313.21103 162.20636 5.2870398 38.70608 17.772532 5.410421 -16.150324 -23.520973 -32.693806 12.252073 -13.746509 -4.8212514 -7.942154 -3.404416 6.49394 -1.9393164 -8.739214 9.594822 -1.0062476 -3.3316412 
-358.97726 148.68985 14.999593 45.62738 13.703529 15.473046 -20.23112 -12.103889 -25.06707 9.404578 -15.404631 3.6149378 -8.06806 3.721625 4.56004 -5.391918 -15.8463545 7.3060555 -11.039982 0.74631846 
-317.34088 123.53784 6.713744 39.779167 0.098290235 16.440584 -12.5554085 -8.135525 -22.23944 7.3914585 -6.49813 12.083933 -5.3589272 0.24541824 2.306656 -4.346226 -12.399678 10.536248 -12.841465 -4.425759 
-350.05246 144.8999 20.104256 42.910103 14.781368 6.928518 -18.030645 -13.824095 -19.57593 0.82352394 -17.632395 8.642826 -6.746238 -0.65257615 -2.4329853 1.5939713 -11.933514 8.624259 -7.9791126 2.9345818 
-338.9185 164.14032 10.276938 34.472115 10.068327 7.574502 -22.233604 -29.018171 -31.030266 10.70705 -6.3819976 13.397515 -4.88655 1.6459969 7.315789 6.3662066 -16.217987 4.37678 -10.710997 -2.4521427 
-290.47034 82.66253 11.312017 53.00734 -18.543098 18.911816 -11.800644 -5.036838 -22.778166 14.44005 -12.50204 5.156584 -0.71664387 4.648649 -2.6437213 -0.24623807 -15.475782 8.984241 -11.946522 -12.519407 
-283.70267 76.6224 20.107677 54.26202 -18.03115 11.086303 -1.9324046 0.16670142 -26.657082 15.6465 -17.548676 3.4352808 2.3645582 6.1333065 -4.4963207 -1.9522176 -16.308846 9.37048 -6.0914416 -10.440599 
-345.1176 113.68765 32.657703 59.068466 2.6431956 13.570216 -16.713947 -2.7674897 -22.521156 1.9031805 -17.359365 0.40424857 -7.6663675 0.2993679 -3.1857944 1.6207352 -11.996645 11.146517 -7.2068295 -3.5964258 
-317.20575 172.45361 -6.0222263 40.734776 13.566108 4.665624 -12.512346 -33.70546 -26.15847 15.749714 -18.191786 3.9108038 -0.7381383 1.1881613 10.644998 -0.8219472 -25.291992 10.513554 -10.193209 -11.377354 
-315.5584 71.05129 24.924967 70.423065 -8.504115 24.06915 -16.089195 0.8283918 -8.895474 9.996368 -23.117733 2.067983 -5.207426 3.519256 -5.253918 1.3718371 -12.492829 12.201006 -8.330609 -11.681862 
-336.6077 133.5903 35.05164 54.17949 13.444986 0.9024694 -16.600603 -7.329449 -19.423801 -6.806362 -22.840553 4.2071223 -7.2329874 -4.462598 -5.845908 5.926441 -9.259126 11.020559 -9.634127 0.56675124 
-318.82156 77.323975 19.561745 62.16392 11.76997 -0.3736774 -13.548462 3.076148 -20.816704 10.052527 -24.47205 1.8563219 -9.727376 -0.53507763 -8.515216 6.8416877 -13.748492 10.258274 -9.01216 -8.641041 
-342.9599 109.77491 17.65448 48.886414 21.098064 7.2697506 -16.946934 2.1481323 -21.344904 3.9223485 -21.16142 1.0834043 -7.4620075 -0.9347674 -6.9021244 3.4605145 -14.285224 6.751517 -2.1822777 -10.770905 
-325.85828 182.25029 3.124071 11.205882 -15.505635 13.68518 -7.225614 -5.819853 -24.470242 -7.5420585 -16.288866 26.609697 10.189274 -10.910132 0.24193703 -9.406161 -24.649725 8.331799 -9.194326 -1.3542873 
-381.23114 112.57361 31.395926 25.09497 10.59579 18.096632 -15.201115 10.603031 -15.3932495 8.608603 -16.736029 6.7068934 -4.6255875 0.5672939 -6.26739 5.503717 -11.462398 4.5705357 -9.213634 -0.059412878 
-328.737 159.22537 16.191233 25.576616 -13.17461 9.892891 -10.185361 -0.7819425 -31.499468 1.1906632 -3.8897429 11.023282 2.353792 -4.280546 -6.843234 -2.1746721 -12.188183 7.666581 -10.970687 -1.5396317 
-312.92395 150.96716 -1.542911 10.75518 -3.7401128 19.532352 -17.765064 -0.68900216 -21.241611 7.772476 1.135227 8.183721 -2.8788195 -7.4704456 -8.921024 -0.14415434 -11.8527 -2.302335 -4.8171525 0.066601485 
-328.56876 165.38449 -8.388559 19.189283 6.7407284 18.4007 -31.30546 -22.41738 -13.194017 18.380058 -6.4326096 5.2346196 3.1578436 -2.4570708 -3.5670183 0.22572654 -18.78317 0.12629843 -7.096551 2.6653154 
-341.19724 145.06775 8.160343 53.101067 26.979134 1.247721 -22.64692 -16.02751 -19.596384 5.3996124 -35.022602 -3.7325761 5.2217946 -4.052502 -4.118012 3.8085184 -8.003595 12.206526 -8.299546 -10.324836 
-326.0641 41.843952 70.41487 10.665709 15.4302635 25.602226 -25.255114 17.352875 -22.008326 16.237446 -19.774248 6.6618743 -12.901527 9.4442 -15.476737 7.0234804 -10.965244 7.3050895 -6.2167478 -1.970059 
-337.4813 142.35345 38.498352 46.586655 15.29456 9.09896 -14.862858 -9.094151 -25.43175 1.726553 -22.278814 0.40336058 -3.5830922 -4.6065216 -3.3630633 9.246662 -14.691463 12.973568 -6.799873 -4.512229 
-314.60806 158.77814 20.653816 36.37312 15.56349 3.8897264 -7.7276535 -12.694867 -33.29518 -2.5231113 -26.02771 6.156964 -2.0505056 1.1048477 -1.3419452 4.8561063 -13.17998 1.842711 0.46042845 -3.9579146 
-354.97522 153.34286 7.420009 41.76051 10.11925 5.873549 -10.918896 -14.489968 -20.450195 3.5845718 -15.38622 5.571225 -0.9438201 -4.5361185 7.531881 7.1861877 -12.393448 3.9416423 -4.204001 -3.3645284 
-402.86465 149.5701 14.059855 38.97859 13.638902 7.897605 -10.531049 1.8354759 -12.558376 2.1843243 -17.609884 3.8275647 -4.289455 -0.26743537 -7.705441 2.748054 -9.260707 5.606197 -10.032307 0.18516153 
-287.33063 132.44841 23.631248 31.03318 -1.7842053 6.8170724 -14.292455 -12.701546 -27.051224 -0.38647768 -24.383904 16.710663 3.1204412 -0.2419175 0.5876168 -1.396667 -14.893685 5.0807366 -17.808973 -3.6311073 
-282.3133 125.56358 -7.0276284 3.764418 -11.354247 30.25923 -11.320905 1.0615618 -24.160479 6.311778 2.7021806 10.541803 -7.537531 1.2002091 -8.645171 -2.4802454 -13.425334 4.373776 -14.554613 -4.3121414 
-300.3949 162.32745 14.354945 13.16342 -28.809746 3.887783 -4.262541 3.3793135 -19.467813 2.4067264 -7.86346 7.9005356 7.039182 -3.415545 -3.8718839 -11.092675 -14.999108 2.7842321 -12.013405 1.448653 
-311.6639 154.50873 1.7169547 22.913675 6.995859 15.508257 -15.35289 -19.493984 -21.435265 13.5503645 -13.731329 9.861745 -1.4630053 -3.4605606 4.24108 -4.4392104 -15.12478 7.5864816 -12.048308 -2.4325476 
-372.37653 147.07089 26.19603 32.11747 6.529252 7.3547344 -10.759969 2.440652 -18.75953 -1.7262744 -17.883743 10.978539 -5.547139 2.3151348 -3.5671387 0.64717245 -9.718395 6.591517 -10.548692 4.0348897 
-403.89062 157.73618 20.927595 37.827457 7.6612787 5.8485465 -13.107741 5.6531 -15.86733 1.068428 -10.312934 7.6680527 -3.7759197 0.4026645 -3.7497244 1.7199731 -7.9501777 7.452967 -7.250595 2.8291261 
-387.794 140.35944 17.547977 33.93448 10.536398 16.375326 -15.490326 -4.5581207 -20.530704 7.827919 -11.743951 6.258237 -5.3367906 -1.4249389 -1.8584476 3.4889238 -11.218375 2.4682322 -8.102934 -0.23545748 
-419.04205 138.94714 11.128361 34.500668 15.269627 9.00927 -6.59382 11.743236 -7.5027714 1.9621577 -13.587437 6.022704 -2.3156514 1.2712411 -7.84828 0.8955237 -9.158593 4.537471 -10.536793 -5.090922 
-386.81525 118.167885 7.230863 38.45538 10.952662 17.529274 -16.70521 6.2866526 -7.0279465 6.913331 -15.151586 6.2006397 0.28061974 7.951014 -8.939153 0.47753218 -11.461378 6.4873867 -11.227841 -8.157787 
-396.48044 130.4843 6.035579 34.747696 10.263345 18.310818 -13.299369 6.6872277 -7.198672 8.120108 -15.993184 -0.7967777 -4.189418 6.8928375 -7.314158 3.4505668 -8.895763 6.6595154 -10.662584 -5.550724 
-426.46533 137.29097 13.242917 35.01781 10.228154 10.271634 -8.886934 8.627053 -8.373969 12.022247 -8.674255 5.5586987 -8.268302 -0.59356165 -10.7796135 4.2880692 -10.20894 3.0810301 -7.3296256 0.78534347 
