-421.31158 148.12312 12.300245 35.121502 8.265862 13.270365 -10.618977 12.76661 -8.923551 4.8671384 -14.385917 2.4918714 -5.4166746 5.9149985 -7.592704 -2.8372493 -17.630033 4.6940575 -6.7296185 0.4108771 
-382.5484 150.59627 12.5352545 36.706795 8.244106 8.246467 -11.890348 14.987985 -10.870106 -4.814913 -12.976766 -1.7633722 -7.639803 4.0115757 -9.149719 2.785697 -21.6394 -0.22231637 -2.6197567 -5.036368 
-388.15115 141.0845 20.82203 33.979885 15.381005 10.262623 -9.744976 10.857309 -14.2297735 0.5457942 -13.5019045 -3.3330438 -10.018502 3.3484437 -9.96761 0.6178779 -15.520538 2.3038511 -0.2324484 -6.1139355 
-389.94446 135.97154 24.352425 25.851799 8.018946 11.719642 -4.180625 6.1958466 -12.783668 1.3756129 -7.9699197 5.2747684 -10.129339 1.6863347 -12.894703 0.003010538 -8.692356 3.6498125 -8.11286 -2.3680851 
-338.63953 86.42574 36.327335 51.3934 3.685847 7.4935794 -21.86042 5.1992273 -17.155272 1.8842871 -16.975534 11.166239 -4.831944 0.32038847 -1.0825483 -1.5288266 -5.7168894 -3.74129 -12.342163 6.9079514 
-357.11182 97.05172 32.452087 42.717266 0.3101529 16.792988 -17.821102 12.784924 -26.051636 8.621311 -9.161691 1.6726147 -8.865191 -0.18444909 -3.3440485 -3.5351846 -10.911634 6.758385 -13.382287 6.9982853 
-344.27454 137.88913 -6.0077267 20.57222 9.249257 7.1653833 -24.219522 12.987653 -9.84274 16.402067 -9.472882 -6.0665607 -2.4125774 -8.074677 -7.5492454 -4.8318977 -13.151974 10.807705 -12.843993 6.2550063 
-366.48895 130.89873 17.445341 40.552902 1.467436 11.703696 -24.717688 1.8575698 -13.299767 12.214346 -11.733404 -5.8763275 3.2844336 1.8429074 -3.1055498 -7.5771046 -4.6696186 5.212128 -14.871168 4.440196 
-363.17584 79.6889 49.557083 36.50415 2.529682 28.689789 -18.922586 8.766342 -13.463326 1.9634944 -21.160751 1.1939992 -6.6229687 9.611972 -11.581261 3.1340137 -3.2726202 1.2897258 -15.527695 4.4316664 
-366.94974 119.97651 21.536299 44.382988 6.66842 6.1489434 -15.536031 -7.063163 -11.017466 1.0106839 -17.02611 -3.1328375 2.295315 10.649272 -9.192975 -2.7443562 -2.005414 4.721257 -14.157715 3.575591 
-406.68903 132.88672 13.948267 32.360336 9.84484 11.012324 -10.062061 8.215176 -12.582197 6.930485 -15.560835 1.1627959 -2.5858126 3.1513014 -9.547306 4.825979 -11.871027 6.4997005 -9.680437 -2.063064 
-424.83176 131.63605 12.155063 37.39981 10.065962 12.458147 -12.741062 8.074687 -12.089413 11.329025 -15.23025 1.50983 -6.650499 5.5048776 -9.988965 2.4193563 -16.673595 2.000546 -8.19619 -1.5042701 
-417.1801 135.19937 13.876326 27.060354 10.739894 19.204788 -6.0843616 12.538393 -11.425185 9.925418 -10.005548 6.186068 -6.0779433 0.081574865 -10.6724205 3.7015715 -8.197547 3.4973102 -8.239339 -1.5348337 
-376.4889 151.68536 27.756033 22.575294 -11.217255 4.1016765 -18.774315 9.383139 -12.753939 6.1468434 -12.078561 5.2635098 -4.9742856 -2.139022 -5.549399 -4.279002 -3.6415355 6.942318 -14.099315 1.4150548 
-389.91306 126.79286 18.04075 58.328598 -4.3731785 11.172764 -4.1043396 -2.070979 -16.20744 -1.7668763 -15.017238 0.36683714 -7.836415 5.055286 -3.6744745 -3.5631027 0.97238594 5.1967535 -13.480414 9.2715645 
-379.34454 117.16995 17.9687 36.271164 10.126187 16.645872 -7.3343167 0.39521176 -17.077236 7.5030375 -11.257003 -1.7825775 -7.6267614 8.87188 -10.169428 -1.385384 -9.280337 5.0379887 -7.251786 6.9542904 
-363.42 125.319824 26.69992 23.695183 14.22132 13.841707 -28.54691 -4.1033883 -24.894888 7.891062 -11.242374 2.6188364 -7.047776 13.710471 -5.543748 4.137274 -13.394091 6.1617966 -11.697006 4.3068056 
-409.195 127.58553 27.237467 30.260838 8.385672 13.097889 -13.659742 8.592095 -15.382117 7.3133183 -17.615625 5.0924406 -3.715021 9.415573 -8.478024 3.7825453 -12.711811 4.96506 -7.884903 -1.8891277 
-421.6373 131.40958 16.472897 32.993404 10.092488 12.403135 -10.54376 11.146055 -10.066508 7.6699734 -14.258061 3.7059412 -4.1223354 2.35672 -9.501561 3.9544652 -13.750844 4.1590548 -7.437267 2.8969803 
-392.69803 135.19609 22.861513 43.051105 1.4329716 5.4150357 -9.744553 7.6324368 -14.0386915 8.28927 -8.417217 -2.8332791 -6.383256 -1.4687301 -4.0018907 -1.4933257 -6.7847233 7.278417 -14.1303425 2.9339933 
-353.8697 127.75108 16.644367 46.714645 9.22469 3.7272305 -21.451138 4.847097 -20.179531 3.4054387 -5.622385 -1.0862613 3.2307627 -8.46253 -1.3986627 -4.5004735 -8.955259 8.754481 -18.64835 12.064884 
-374.77786 105.88134 32.196743 37.57577 6.2592835 15.9758 -12.937795 1.6941806 -13.21076 7.4382772 -12.387209 -0.32147205 -4.496109 4.919601 0.015981039 -1.4045669 -14.261876 5.25638 -16.642431 5.883946 
-353.97192 72.61246 57.89827 33.608494 3.411828 27.242071 -16.733294 8.950247 -4.3576193 4.039838 -18.792824 4.824172 -13.794607 7.582623 -7.6531034 2.0910614 -5.9493475 4.434328 -15.3932495 8.462791 
-396.79596 136.78372 21.90204 38.98627 9.635693 9.828556 -12.769924 1.005162 -13.634023 1.6797175 -20.255028 0.82443357 -3.6182323 6.001769 -8.414981 3.0543761 -8.86282 -1.105885 -9.750538 -2.2505653 
-427.71426 138.00534 13.313699 36.094223 11.730604 11.446579 -8.54614 14.356469 -9.142913 7.7339993 -10.746625 3.0352166 -1.7882538 5.744421 -8.19623 5.8463264 -12.607828 4.1669154 -7.162435 0.5000401 
-351.751 131.67259 -2.8333604 38.032623 19.811125 5.2530875 -18.719963 11.283197 -13.939884 8.8250265 -13.760765 -1.5183398 -0.7328942 -9.487642 -10.411775 -5.796633 -10.405973 7.65566 -12.3336935 5.439782 
-333.02243 134.88947 1.8036283 21.127562 1.01076 8.693307 -10.188557 10.859355 -14.665414 16.285583 -4.2300262 1.032334 -1.3946958 -9.8796015 -7.5141764 -3.0571427 -9.17087 9.917229 -14.399639 7.984142 
-333.31976 113.548676 8.068594 21.560478 -4.7650633 13.75428 -15.527559 16.145824 -23.928284 15.181749 -3.692298 2.2681973 -8.495236 -2.2072399 -9.762758 1.1004391 -12.0144415 12.098393 -9.972838 3.6671116 
-357.43524 123.350555 14.4354725 28.111107 8.819972 6.970041 -27.571001 13.422941 -20.790257 11.388241 -7.430303 0.49959388 -1.5551455 1.1880325 -10.925873 -1.948765 -6.969622 6.5821137 -14.641216 13.667424 
-355.53262 91.793495 32.47587 39.762688 -7.9011164 13.725009 -28.070543 25.689142 -19.805416 10.369675 -11.056968 -4.094581 -3.3410184 -5.4805627 -8.128949 1.6788164 -13.34651 5.144693 -12.167939 11.04802 
-347.36365 82.499374 42.182266 46.941826 -5.6377735 9.674618 -23.65509 14.315779 -25.757961 9.646893 -11.493985 1.2070562 -7.675382 6.4321074 -3.2076116 0.07922835 -7.952884 7.594829 -13.296162 3.1264794 
-379.0625 137.50287 15.070545 49.164364 1.7746053 -3.0000887 -16.45659 9.651025 -19.24965 1.3349555 -4.256889 -7.9168906 1.8008524 0.083074346 -7.8517346 -0.6460548 -11.657569 8.691462 -15.070377 5.4741592 
-347.5551 129.37909 5.8112006 44.387257 4.7358932 -4.8206425 -11.058703 8.014642 -18.708 6.8390574 -8.001502 -6.067984 0.93604267 -9.627916 -5.8986993 -2.5690153 -9.15974 7.4687304 -18.381227 3.7921038 
-404.61505 128.2734 6.085293 38.504704 5.9395843 13.196477 -10.716454 8.693345 -12.94225 10.507823 -14.237739 2.94766 -2.590254 1.0477002 -6.4663577 1.5022774 -11.415099 3.8455913 -8.693591 -1.4972627 
-399.20886 120.93884 16.513023 35.281296 5.074568 9.249444 -10.841102 9.875036 -9.395949 8.668941 -10.171917 4.620821 -2.7703104 1.0668378 -5.340216 0.43876064 -12.027768 2.3984537 -8.686876 1.2561784 
-354.7959 119.70969 25.736748 32.66803 8.187752 16.963705 -15.831487 -4.6527514 -15.884955 7.2078266 -14.039529 -7.2810464 -0.050540607 -6.8322315 0.7883095 -7.3736277 -9.441227 4.8418856 -11.665991 4.9768367 
-326.07892 130.63643 -7.763043 18.646812 21.040182 11.582745 -31.220085 17.628334 -12.29324 12.203596 -6.3361583 -1.6791282 -2.5235517 -5.3630986 -7.8298087 -8.739573 -9.504299 11.391301 -9.501323 2.1715584 
-320.97342 100.07899 19.0299 28.806875 2.638968 12.259684 -31.81009 22.228449 -10.671932 12.827015 -7.8425055 2.134054 -4.9950833 -7.4209976 -8.42194 -9.814669 -7.9249744 4.417806 -12.319682 8.722777 
-369.9414 132.1163 15.373164 36.049446 1.6085739 2.0975204 -12.440391 12.91381 -16.34978 8.841071 -13.371246 -1.0514499 -4.323866 -0.6706094 -5.480627 -4.1399984 -7.5772433 5.87113 -14.164694 7.313601 
-371.71985 102.96795 24.699314 47.990135 2.4932377 4.0547295 -10.628688 13.731667 -17.86151 10.129626 -10.42452 -2.937226 -0.5780644 0.2709899 -4.627432 -3.7841268 -9.027386 3.4969506 -12.615943 2.4113362 
-370.2996 131.75461 20.532524 32.098713 7.526819 3.7224622 -14.174829 7.8017316 -12.168662 7.043153 -9.732321 -3.232541 -1.3163942 0.57053596 -7.878998 1.6337047 -8.885666 1.1716737 -11.187046 0.43365055 
-281.42346 154.78804 -33.95878 -2.8727968 -7.0823665 14.810047 -17.990547 12.127746 -23.067692 9.971353 6.7533455 -10.370042 -8.2988205 -7.4618335 -9.375441 2.6744285 -8.040259 12.605862 -11.467493 2.6448102 
-396.129 132.91064 13.799269 21.643318 7.5302973 17.443884 -6.686949 15.301061 -12.224622 7.4654517 -12.012743 2.1784053 -6.4902062 0.50135446 -8.215135 3.0368423 -10.033521 5.922838 -8.9452915 -2.0835023 
-405.66766 129.07703 11.249472 29.837498 13.299222 9.83704 -7.585701 13.3165655 -12.224119 6.2681103 -12.513432 5.172148 -2.256109 2.5594435 -8.218136 3.6995764 -14.534066 1.5272697 -6.2940955 1.2151004 
-324.6022 131.10825 -9.30418 11.393826 13.787961 20.660042 -24.53767 14.211448 -19.17321 8.146343 -5.0322204 -4.5689964 -1.7942984 -5.2328296 -5.936533 -6.038843 -6.718684 10.196714 -8.542484 3.8561473 
-374.41605 155.32603 17.020298 24.891226 6.0280266 2.7634783 -17.635075 0.793369 -17.913612 1.4836372 -7.2320623 0.9118684 -6.396887 -1.3966318 -6.8027077 2.9135232 -6.1176 7.3620477 -7.8118887 -2.4629424 
-365.43094 141.13808 -2.3830252 28.209179 15.258428 15.899835 -29.097212 10.861368 -11.637122 0.8932521 -1.3322752 -8.088465 -5.7787147 -0.28326356 -6.0190372 2.3837755 -9.8666725 14.264489 -7.269554 -3.783644 
-380.9082 133.00641 21.565697 32.488655 9.045762 4.002541 -16.321844 8.731591 -14.975386 2.2051768 -9.993941 -0.92001176 -5.5484324 2.4942884 -4.995675 -0.23879941 -12.054009 5.0943947 -11.310629 -0.5597531 
-365.6046 143.6504 3.1615362 14.299486 4.8649864 15.97113 -14.256297 12.804047 -14.213459 3.8140497 1.3242923 -1.4521546 -12.256059 -2.2725384 -7.779093 4.9013925 -10.927105 11.080939 -6.2666454 -2.129445 
-359.70755 137.53168 -1.8309939 16.713125 12.3279915 12.977909 -20.27699 21.014473 -8.369142 5.0181756 -7.916188 0.5865466 -5.0145082 2.1781847 -10.461581 -3.0937836 -10.727188 10.09358 -4.546125 1.6810188 
-378.56714 128.72783 19.797274 51.772842 -1.9683965 3.502066 -8.756901 6.4680147 -19.805618 5.1573606 -14.524538 -8.51714 0.44912466 0.06761321 -3.6553879 1.5206723 -14.195454 6.4248295 -13.450227 7.0115757 
-369.85022 95.891266 38.23883 32.433807 5.153629 16.001772 -20.318474 15.167106 -14.2001915 4.933386 -12.6492195 2.7969227 -1.501708 -0.50899905 -13.519302 3.0670729 -8.622226 4.377497 -14.2504835 5.8671513 
-411.33267 125.17543 23.637093 36.130787 7.744178 12.36703 -13.457981 12.790935 -12.398653 3.5574548 -11.751777 1.3699088 -6.4028087 1.6236778 -5.0052876 2.8245254 -12.106873 5.2219944 -7.394232 -0.76585114 
-377.13754 122.89448 29.415365 36.708855 0.62536174 7.9182334 -10.091564 6.464805 -15.898777 7.3016596 -11.173201 10.883225 -5.787401 0.7848193 -7.566836 -3.2084022 -11.368229 6.7781734 -11.177975 0.50773144 
-418.9909 147.93248 17.158407 34.151974 9.844813 10.106933 -9.742352 11.031227 -13.934756 5.4507523 -12.418758 4.1793585 -0.85818124 0.20360576 -4.849551 0.9507704 -11.098818 3.9763777 -8.734027 -4.9864154 
-414.80725 130.45522 20.669565 32.151043 8.774235 11.822642 -8.25722 11.041148 -9.024964 5.8586364 -14.720625 -1.6488775 -4.6207485 2.2964923 -9.151893 3.1463165 -13.47605 3.379043 -7.922251 -2.9857514 
-392.25677 124.32761 20.277037 33.595272 7.919102 10.787449 -13.71624 2.2086372 -12.996479 3.7686815 -15.027819 -1.4662535 -7.5852857 1.8909831 -6.337179 -0.052902117 -10.899025 3.3796523 -8.651655 -1.2418152 
-369.44043 92.14446 43.153107 25.107052 3.979833 22.985176 -23.019684 11.8290415 -13.486123 4.8651466 -10.810023 -0.6367414 -7.6710105 5.7596107 -6.1450343 5.034258 -11.283661 5.8330383 -8.815035 3.85215 
-404.5445 126.31052 21.465925 30.727531 11.2235565 14.609056 -7.83819 11.118465 -10.901501 7.3346763 -14.327537 2.3616858 -3.6866667 1.5902758 -7.981209 1.3520055 -13.085987 0.7867115 -7.9114685 -2.9521072 
-372.06967 138.70866 1.1575737 43.028378 11.227087 -0.27368844 -13.909255 15.46858 -16.253075 6.17239 -6.561578 -1.055667 -3.5354452 -3.1535125 -10.73325 1.2759879 -16.603336 8.032868 -11.616181 1.100716 
-356.18842 125.598755 12.667294 35.828552 -1.946846 10.412086 -15.967817 12.268624 -15.507594 12.674724 -6.014168 0.6159615 1.0204377 -4.0836864 -9.511986 4.1641483 -18.663445 12.558607 -16.807487 6.1879253 
-369.04657 123.39366 18.905426 30.615902 6.3867044 9.608215 -19.977274 13.516657 -19.113678 7.5612826 -9.948894 1.6931901 -4.832692 -1.4943776 -7.221104 -4.4539585 -13.840063 7.541788 -13.161253 3.8022134 
-359.16742 140.22914 8.760856 36.11602 8.12811 1.3336508 -28.877415 12.716807 -11.420957 8.425083 -10.38024 -0.5624656 1.1906033 -4.757517 -8.472286 -7.809454 -8.150857 10.597637 -15.841472 7.1452994 
-380.79922 150.07777 -3.1330776 34.561245 12.434399 16.567116 -19.362888 8.658279 -14.199606 7.8330746 -7.757809 -1.1226641 -8.391914 -2.4277108 -2.4985127 0.72164947 -14.82819 13.970426 -3.9741642 -3.0640457 
-387.22095 129.86145 12.992988 31.826904 -3.9035006 17.614624 -8.70377 12.043621 -13.950244 7.228882 -6.5395956 4.970754 -1.8736905 -0.5244111 -9.145006 2.7739182 -9.703569 9.6529875 -8.321462 -0.5191447 
-391.0755 143.42226 10.304172 29.32727 3.058127 11.477654 -9.145832 6.5392003 -11.760332 7.174046 -7.651157 3.1148238 -2.8692007 -2.6388626 -8.209701 -2.4387662 -15.458132 10.425367 -9.180999 -2.910074 
-417.03915 133.61313 18.141949 34.349995 12.89822 13.263602 -3.276785 13.408066 -6.6114182 6.2516866 -12.115162 3.4674911 -2.203774 4.0383067 -6.8085995 0.044247046 -14.235633 3.0694582 -7.8372364 -1.6548343 
-422.14417 133.25452 18.631573 32.25901 11.080504 10.34872 -6.1372104 11.124867 -12.749233 5.781882 -14.856449 0.7725524 -2.0168104 5.388919 -6.7311645 1.1770115 -12.61666 3.280078 -10.82551 -1.8630854 
-438.62268 138.68872 14.939466 32.829712 10.416771 5.8935804 -8.2990465 10.138934 -8.988201 8.241058 -7.8809237 5.353656 -0.9384807 2.414906 -4.546789 2.7063212 -12.400674 3.414845 -4.808166 -0.31430888 
