-521.2678 157.54193 17.52857 35.055298 3.0424728 21.388405 -16.648315 11.233013 -3.716084 -0.58315665 -9.868569 -4.175349 -2.456118 3.151153 -7.368972 1.3405423 -4.794048 1.2355161 -12.072194 0.10604893 
-469.0051 159.24738 20.695452 25.965809 9.031818 7.8233743 -12.306463 2.0623417 -7.3772507 -2.4444277 -3.0463042 -4.0961704 -4.9842105 -6.666691 -4.627724 1.5692998 -4.601181 -7.342962 -8.749926 -5.2746434 
-253.32576 142.83063 4.635803 22.766668 2.5355651 -27.484201 -4.898058 -13.30442 -28.995216 -8.030884 -3.7084842 17.205368 -3.961719 -6.2328253 -8.714726 3.1031194 -8.573276 -3.8077638 -9.303774 -6.4412537 
-341.31766 181.1309 11.916774 24.593132 -3.0498018 -32.67199 -5.5665765 -2.2680147 -16.341005 -12.070038 -7.3054667 -2.523714 -4.4658275 -9.354987 -6.944399 0.828982 -10.154134 -6.1345143 1.133763 -2.7343097 
-369.68298 172.54425 47.765686 33.075405 -1.6128736 -34.364944 -9.997394 -9.803546 -15.798804 -8.994934 -4.992113 -8.016827 -9.585041 1.9323035 4.9334664 7.30023 -5.9450717 1.7677504 -7.390675 -6.9300885 
-487.2922 161.33073 28.05378 29.639336 -0.9640052 9.910574 -11.548247 8.970415 -8.687803 -6.531157 -9.236607 -5.5967827 -2.2090085 2.080623 1.5215536 0.73673654 -1.4297124 -0.85648656 -4.8131 1.7115235 
-496.5133 139.50493 25.25573 28.116032 5.806293 23.377163 -10.4423 10.260069 -5.3514686 0.9236181 -11.66015 0.13687944 -4.398162 0.019180868 -5.340578 -0.16128942 -5.146934 1.0008297 -7.9366574 -1.5850005 
-408.11588 164.00659 13.788396 33.336006 8.209321 -7.6638694 -4.0361986 -2.275447 -12.472874 -9.8130665 -2.9713552 4.487477 -4.734749 -5.63747 -0.91112113 -0.6169558 -1.567783 -0.21266286 -8.922436 -7.442895 
-335.82538 147.62178 15.167779 37.24447 24.318794 -2.9026318 -11.110723 -5.8663754 -6.267884 -8.052113 -6.846011 5.0166054 -13.015049 -9.14846 2.3600874 3.870725 -5.3587184 -5.4779835 -7.6208615 -4.774845 
-363.83234 184.65002 22.963303 16.985733 5.1412044 -19.715214 -6.6625385 -7.7129264 -16.761272 -20.666203 -10.1598015 0.14688206 -4.7725163 -7.6361856 -2.10207 2.9697838 -5.6776986 -2.9323924 -11.021178 -3.839076 
-376.36676 118.49927 66.90805 26.733662 12.362046 8.847267 -9.499478 -10.18572 -13.348753 -19.404392 -13.350685 0.3869471 -13.592019 -8.206677 -2.3906262 9.321575 -8.038899 1.4232905 -8.448681 3.0225668 
-410.94733 128.21783 48.915546 39.006332 19.353882 20.836672 -14.915894 -3.8608856 -14.721152 -7.7712 -2.6051917 -3.9524524 -14.607448 -5.3879943 -7.1335635 7.046007 -11.9199915 -6.819889 -2.8947992 2.7780013 
-390.44803 133.42877 56.670696 37.645916 0.28241423 -19.998962 -7.250485 -6.1068645 -11.870241 0.23895004 -16.531902 -2.8682737 -15.702918 -3.4553926 -3.34359 4.538022 -9.96983 5.690083 -4.7994757 0.88017154 
-387.42865 188.54967 24.518688 39.648804 -4.110802 -29.169119 -7.685897 12.229453 -10.542443 -5.3588595 -1.5990446 -6.5882416 -8.433315 -1.2679666 -2.147043 -4.309314 -8.608364 -3.8525848 -5.8195724 -3.6110377 
-363.2474 193.09677 14.469149 28.082216 -18.547691 -42.136288 -7.077533 14.387687 -6.686108 2.811616 5.926958 -2.0966094 -0.9127767 -2.3482256 0.9987657 -2.1576407 -10.535289 -10.251547 -10.407688 -5.4741807 
-321.71432 123.116005 17.987461 27.847557 -14.352025 -15.816896 -15.332526 -7.4219074 -11.295749 -2.8706584 0.17231232 16.20732 -6.411501 -2.4350667 2.168483 -4.953436 -15.242449 -2.5264454 -8.566808 -2.1104143 
-433.85376 165.32697 30.375902 28.666138 0.70655054 -1.0650179 -14.140407 5.179046 -4.8794785 -0.5770767 -0.8343004 -0.001401133 -6.9816637 -6.9641085 -1.3972154 4.7460175 -6.581067 -5.8300495 -6.61304 -0.31435278 
-438.48154 160.22661 17.847305 35.58056 6.596514 9.077261 -10.025499 -3.9605129 -13.908816 0.13604683 7.166965 12.77199 0.08938278 -9.28098 -4.7006817 1.3363986 -6.102217 -13.475366 -12.591619 -4.188716 
-397.62115 164.41595 11.389326 24.291265 10.032039 -13.559254 -9.1619835 -3.0825224 -12.276463 -1.6542304 3.4238317 4.9667826 -3.6816168 -5.7317715 -3.5994508 2.2846003 -6.492274 -9.089259 -9.804728 -6.044029 
-374.90424 168.20294 32.94072 31.340654 -1.7146373 -22.022335 -1.6816398 5.5581703 -18.71102 -9.004681 -3.4796827 -3.5347626 -6.260304 -2.0640218 -6.560398 4.309415 -6.492657 -0.23256081 -4.553977 -0.1303496 
-407.32065 129.77875 25.558912 77.34891 21.175215 -7.7582135 -0.2296149 -8.65496 -10.447856 -0.3029751 -14.802111 -17.098572 -3.2612057 0.65376586 -9.407448 -8.398329 1.0871388 -5.0257382 -9.755305 -6.0582848 
-490.30545 141.023 29.892212 42.25188 2.7444425 19.135553 -4.8786798 1.6316721 0.9019462 -1.3904934 -9.771313 -4.3289394 -3.272662 -3.6467433 -6.348643 -3.0999157 -0.42109028 -1.1072326 -8.969098 -4.163126 
-370.36298 117.37671 3.7272196 66.81436 27.07502 -18.582438 -0.075537734 -10.993915 -7.02742 -3.481389 -11.364846 -13.755938 -8.8052635 1.2887338 -13.069908 -0.039012857 -0.33828095 0.001813809 -12.231434 -3.097738 
-348.26132 152.16939 -15.273551 69.496086 54.684647 -19.455122 -16.113594 -9.976592 -10.545385 -9.557046 -11.079366 -18.979286 -6.0465016 -3.6508183 -9.966432 -5.4499364 -3.5186746 -1.0568423 -6.408925 -0.3760661 
-355.97156 107.89642 57.172688 40.261658 4.0371647 2.2846034 -7.025634 -7.5833707 -16.762972 -4.21996 -14.373013 4.9398685 -12.2921 4.992828 2.1381326 9.156666 -6.963335 4.349437 -5.807456 0.37121072 
-375.2517 179.93756 29.84559 51.430466 -21.883202 -43.50134 -9.350887 -4.1227574 -13.834304 8.110273 3.5207047 -5.156763 -1.7432872 -4.746498 6.315016 5.833669 -2.0280821 5.653459 -8.384 -11.170173 
-415.02606 166.79199 36.40793 39.095318 -3.4503357 -11.150326 -19.085741 0.7151296 -11.30051 -12.955763 -6.1225805 -4.938506 -1.4945647 -4.6395926 5.250017 -0.07186422 -5.038975 -1.285526 -2.177758 -1.8092084 
-469.68958 158.4151 30.688965 34.41937 -6.279096 10.418599 -12.014031 4.6792946 -10.29514 -5.6701274 -10.031944 -6.7838736 2.2168622 -1.8149482 4.9960723 1.4449773 -2.084519 -3.1086867 -10.361352 -2.0929213 
-513.50165 151.26015 23.035366 34.321037 4.76855 25.13961 -9.299021 15.182977 -4.1046934 3.6650255 -10.835886 -4.723667 -2.6651397 -1.7502851 -7.486129 -1.9714627 -3.072039 -2.7628183 -11.7127495 -1.4223722 
-410.7019 133.65814 42.604183 38.961685 -10.964788 -7.065567 -13.823809 -3.1950412 -7.494244 3.9076216 -0.5505953 -0.873273 -8.959348 0.9296932 -4.5775347 2.7413466 -7.3562145 2.7414126 -1.8286585 -2.1614103 
-393.4612 124.50339 75.95126 24.005974 13.379179 3.353393 -7.092625 -5.213681 -11.77054 -8.414645 -7.739435 -3.7962422 -8.010686 -2.4104793 -8.678383 3.8107364 -6.388275 1.5406535 -3.6449041 -2.58912 
-332.85532 51.49204 64.008896 47.044964 3.7124503 21.774315 -9.303522 -12.496611 -9.624683 0.2996531 -13.8607235 -1.866172 -14.473284 2.431744 -3.419348 2.295574 -14.254473 1.3389941 -3.030988 -2.330667 
-370.04382 95.01674 43.58842 68.770355 12.3118 7.010293 -15.255485 -1.9626833 -11.769887 -6.8673606 -14.609597 -4.975414 -13.736941 -3.938811 -7.820003 -3.8384862 -9.792057 -0.4153937 -7.752181 -8.151694 
-382.40997 141.64905 36.06518 45.418213 22.201881 -6.333586 -2.0576034 -3.4679065 -13.270833 -4.394315 -16.18474 -7.3535748 -4.32841 -2.5598683 -11.047574 1.1867806 -6.4166594 1.680468 -5.8961263 -7.820304 
-295.11066 172.36945 -25.909563 33.107304 8.719208 -26.901535 -20.381449 -24.365421 -10.912079 9.774832 14.849531 2.9441304 -4.3017936 0.59134346 1.2617936 4.143674 -14.941769 -8.042271 -3.7604268 -1.7223352 
-482.0985 148.62181 21.380045 34.613747 10.624898 13.837036 -12.284889 6.748944 -3.7841094 2.684022 -3.7903268 -1.7111542 -2.211385 2.5856688 -0.21523857 -0.8381514 -4.0438943 -0.9855329 -9.954181 1.4449686 
-519.1883 156.20454 25.008755 31.068443 9.588845 24.719372 -9.106993 12.691506 -1.4045603 4.003388 -5.6696277 -4.9239783 -3.5795717 -1.8399239 -1.6061796 0.4319546 -4.170375 2.523422 -7.23217 0.6137539 
-445.13263 102.15191 50.435204 44.85296 9.54364 20.189768 0.7813516 0.33333784 -9.036426 -2.0172932 -9.195653 -3.9486263 -11.716352 3.0802696 -6.134329 6.7925572 -6.0907383 2.9969928 -6.5332847 0.7452067 
-419.2659 114.77682 55.75597 42.740555 24.154083 19.883621 -10.331248 -0.81574535 -7.9297442 -6.4332294 -3.5876732 -9.261122 -18.791811 -2.4527185 -4.348482 2.4352403 -16.129814 -0.68434995 -0.19481458 -2.3489523 
-452.84082 78.32835 63.10418 26.181475 9.326415 27.993263 -8.905238 10.492891 2.554003 0.21902654 -8.904606 -0.968677 -7.9364448 2.2559972 -7.860769 3.3882668 -5.0449877 3.96781 -5.4045544 3.082601 
-508.12097 141.97017 35.25598 29.601898 5.78353 25.453667 -11.2775345 17.933424 -4.381557 6.4854374 -5.952761 0.20555912 -6.8764324 5.0036883 -9.199808 1.8639747 -3.694338 0.993565 -8.855869 0.22908695 
-510.4855 149.51254 22.914564 38.472057 6.6062455 27.848488 -4.12882 12.144992 -2.325592 5.074129 -7.411205 -2.2664938 -2.65558 -2.075942 -2.871248 0.34276104 -4.24072 -0.45076677 -9.403112 1.9203742 
-404.7115 64.43545 55.291817 22.046339 0.28592828 21.706785 -8.246928 8.502094 -0.06308397 4.4499683 -9.833813 9.0065 -11.661278 1.6304458 -8.599199 5.5489497 -7.5946603 4.1939154 -8.379276 3.8652759 
-376.52722 71.17742 43.200832 41.800674 12.554619 13.240157 -12.430543 1.2514896 -3.932561 -1.3482423 -13.833245 -1.3441746 -3.4323382 -2.0410955 -12.592771 2.2142787 0.28237092 1.0183328 -6.1790824 -4.626503 
-310.89084 123.580444 34.91531 74.388275 8.746094 -18.891579 -7.545939 1.9456533 -27.439442 -10.765434 -19.146402 -6.9241505 -1.1851007 -11.150297 -9.420744 10.205019 -24.840523 -3.5027907 0.75555867 -11.382976 
-331.14148 137.6349 19.24703 54.848484 41.690655 -8.757433 -27.901396 -19.218275 -16.67315 2.107735 -20.968971 -9.276028 1.187579 -10.010514 -6.1264668 12.601363 -21.192535 -0.38624826 1.601456 -16.849785 
-298.13788 73.17209 40.494015 64.13795 9.736932 8.712113 -13.650733 -10.367879 -12.49781 -7.9651117 -13.46807 -14.492344 -9.152302 2.6317549 -10.0354805 -0.11282465 -8.916508 7.083132 -3.2512064 -7.888926 
-360.3386 107.28144 32.16092 46.59846 32.988983 2.0594296 -2.2927153 6.0318503 -8.6581745 -6.0756435 -10.823689 -9.41142 -8.082622 0.5654819 -7.100722 1.1543286 -11.791037 -3.190381 -5.676004 -3.322296 
-342.62604 133.77287 28.450108 28.638126 12.713271 -3.9237943 -12.458283 -6.062887 -13.396831 3.8254633 2.4115474 4.892051 -7.972399 -4.702018 -7.3999753 8.3147335 -11.140756 3.1618457 -7.971406 -2.9200847 
-472.75815 158.45358 21.64241 27.180382 8.747959 15.038537 -6.9417896 9.212188 -0.43424898 6.6640797 0.7188752 4.5124216 -3.0001612 -6.459954 -4.1783895 -1.2323499 -4.8209443 -5.508505 -7.505155 -1.1743597 
-508.95593 148.5197 18.756577 45.273407 2.7820559 29.470293 -11.059056 9.7546215 1.5561566 8.763072 -15.503581 -0.3406131 -6.949488 -1.9302946 -0.873944 -0.5391549 -4.434202 0.31028542 -5.8779974 1.8561274 
-512.41516 149.97289 18.716867 38.308743 5.2478504 24.553032 -9.885781 14.58257 0.256451 4.4597197 -7.662634 1.2318507 -4.3259606 -3.2618673 -5.0176177 1.4010686 -2.640467 3.0358975 -7.6211634 0.6728449 
-505.01892 132.50482 35.29472 31.008919 8.324154 25.529778 -5.472279 11.0828705 2.9633298 5.2489557 -10.219177 2.1519208 -5.5237436 1.7996793 -6.8545113 -1.6224164 -5.0036845 2.1117275 -8.99353 3.1626117 
-291.94693 118.49338 24.62371 48.278496 28.37306 -7.172878 -19.602545 -28.115534 -20.416752 -5.319966 -15.771094 -1.1111112 -22.198648 -4.01389 -1.4699869 7.609762 -11.151371 4.8819804 -2.0427911 -0.83720917 
-321.88852 150.99242 15.233263 39.401627 15.488125 -10.756457 -9.206649 -14.280262 -20.536253 -5.839193 -12.787207 -2.130617 -16.64521 -10.686721 1.1218973 10.283566 -9.610035 -0.8040225 0.83314556 -2.7767062 
-320.74985 159.53241 36.305347 28.158892 -2.721694 -18.7165 -12.106352 -14.319735 -24.074875 -12.643268 -5.8287497 0.75654984 -7.6268616 -4.12973 0.18251075 4.6684666 -4.231623 -1.5922318 -5.480471 -4.556646 
-255.21655 176.66742 -58.66373 24.498238 -1.1378398 -33.063103 -15.422733 -26.232828 0.52133626 8.591183 13.067466 7.0570383 -10.488706 -17.111391 -9.608786 3.4299974 -9.572078 -13.76506 -2.6470191 4.1145153 
-328.297 137.90096 -3.0955286 53.217182 29.237923 -13.713963 -13.2044735 -11.31201 -11.833104 1.9021999 -5.4159584 -6.580492 -6.5481024 3.3593075 -3.9641266 0.21833403 -10.204942 -3.9715564 -3.9368956 -0.8722 
-320.82245 122.23692 31.11808 41.94722 18.727491 -5.0309854 -22.76815 -14.2696905 -11.852849 1.3644099 -3.900092 -1.5426382 -12.657729 -1.9596323 0.52750957 4.29505 -11.422679 -0.34359318 -2.4636424 -5.7143226 
-388.54282 177.40459 14.2485695 25.491447 5.3493433 1.632245 -6.4514527 4.034474 -5.682029 -4.102776 0.97973526 5.8738775 -4.3993416 -14.833225 -3.1402547 -0.47484997 -8.708852 -8.766628 -7.1494293 -1.4845564 
-401.79117 86.36321 70.44371 44.537613 9.952827 21.924498 -9.425583 -1.3535836 -9.37391 -2.099277 -10.565218 -1.6361288 -15.828696 -5.4595957 -4.724461 13.878414 -10.020362 1.7532486 -8.896149 3.781843 
-428.3887 139.06065 49.87983 41.415657 22.608429 18.95728 -10.189685 0.7913889 -12.909231 -5.680857 -7.575738 -2.6606035 -17.305826 -4.511976 -3.695563 2.2530277 -17.52182 -1.6483347 -2.0967677 -1.9176055 
-457.6181 123.51634 44.09098 33.105244 10.18223 25.300152 -6.2997527 10.062275 3.2096262 0.9306151 -12.086639 -0.0038261148 -10.718266 -0.8979619 -7.1621366 -0.4409904 -9.32332 1.9176208 -4.9270515 2.3845253 
-344.2566 93.640884 25.792952 62.116318 12.044159 -0.33473164 -21.889965 -6.017164 -8.309254 -2.2251692 -15.23547 1.0882522 -8.857668 -0.54491925 1.0226862 1.050986 -8.146946 7.102805 -5.0331664 -4.79988 
-361.7934 131.39192 40.318375 35.353516 31.3044 7.582693 -12.9838915 -8.208191 -17.692528 -7.9619327 -7.0821834 -0.9006536 -18.506966 -13.033548 0.38048056 13.387745 -14.216033 0.00052759383 -2.7571182 0.44589403 
-423.85678 127.93302 59.352886 28.81097 34.503376 15.433131 -9.19025 3.5190327 -7.8395777 -5.9739323 -7.9729986 0.4266294 -12.193238 -4.614386 -2.4064476 6.9467535 -16.638077 -1.7194574 -6.449614 -2.0292819 
-455.19934 124.07699 36.78669 41.03717 7.738024 22.458666 -5.621713 2.5067 -2.821894 -3.1164007 -9.475918 -3.4081433 -12.981414 2.1230874 -0.0020258161 2.5632963 -8.685513 1.9106301 -3.3928146 -0.40366757 
-312.09686 81.191826 18.587307 55.951923 31.238712 -3.3788075 -24.38564 0.060381994 -18.191341 -0.012904167 -13.428447 -6.717918 -5.4454465 -2.2882485 -5.3973446 2.2038105 -6.742972 4.658334 -6.811662 -1.8316332 
-349.1264 148.44727 12.427581 67.289185 29.375328 -21.786352 -17.361446 -9.85214 -10.679818 1.722239 -8.857876 -11.8106985 -5.643498 7.291398 -5.235 -3.202836 -4.3165503 -0.30931303 -8.638217 -4.618273 
-403.94482 149.29617 35.958008 41.142635 7.7186136 0.61549354 -12.184811 -14.080617 -12.134612 -4.6467743 -3.272751 -2.27653 -6.582796 0.3516375 2.7611904 6.4160275 -7.9214435 2.9196944 -1.8929724 -4.2238855 
-398.88867 179.56126 26.632486 40.535263 -20.94798 -35.94081 -7.1496983 0.30098146 -8.808882 1.3185241 0.9433162 -7.560995 -0.18605877 1.4812713 9.9667845 9.159914 1.1683317 -1.9804159 -10.222902 -11.257368 
-512.70514 155.41702 17.83657 37.419083 6.082865 19.357243 -7.165308 12.456056 -2.1577618 3.0603151 -9.526233 -2.533735 -2.4702678 -0.16154988 -3.6646173 2.0635626 -4.1796083 -2.2431552 -8.3670845 1.7051756 
-488.19336 151.90549 27.296566 33.34109 14.962553 14.377297 -12.814392 6.8633766 -2.2847383 -3.2238226 -7.5403857 -3.1341052 -1.2946277 -2.1677945 -0.2347996 -0.53463733 -2.4431353 0.0072373813 -4.3973637 0.38683704 
-394.7717 189.10866 36.610687 37.673283 17.290466 -1.841248 -17.622173 -10.850427 -8.813575 -11.286852 -9.328927 -3.786549 -1.6532301 -13.702752 -2.9145212 6.924483 -3.970815 -5.4159436 -3.7982326 2.3338344 
-417.4033 180.41095 49.94724 44.265087 19.984793 -5.5890865 -12.35075 -3.015407 -13.802332 -13.926301 -8.197923 -4.42013 -5.6487885 -12.403351 -0.54390466 -0.5938772 -11.504665 -6.623101 -2.136036 -6.9634776 
-300.14395 194.69398 -20.919012 34.431015 19.647722 -28.885506 -10.448095 -24.32088 -25.575706 -5.081992 1.4843354 1.299684 -4.330921 -3.07241 -4.367707 5.9260774 -10.389088 -0.2499563 -8.049802 -0.8179922 
-323.73758 151.86774 31.77709 27.647722 2.2505352 -1.5953687 -6.0900135 -4.395323 -22.661175 -13.30124 -3.612192 -0.68681186 -8.409259 -1.2873993 -6.4592385 8.447822 -7.5192814 0.953525 -3.3384538 -4.2847652 
-340.53152 183.36424 19.271324 46.82671 -13.346664 -52.906742 -10.608323 -2.8790202 -18.365862 4.8730726 6.086981 -0.06629039 -4.4213195 -2.0424123 4.5822163 4.2076664 -4.675774 -1.7757413 -5.3245606 -10.765779 
-299.4467 114.37664 41.809994 13.787917 -12.736958 -16.226397 -2.9437597 -4.9456706 -5.5843077 2.4040644 -7.826151 6.2620344 -11.376977 6.8545575 -6.4810505 5.818005 -11.406196 -2.2479155 -10.314076 -0.017793681 
-342.94836 168.72948 9.242821 33.13142 27.640533 -20.251198 -23.639595 -22.706553 -2.898137 -4.1214633 -15.141286 4.1399374 -5.9218674 -0.9436192 -6.554283 5.040012 -9.032546 -0.77805793 -10.133203 3.7143512 
-477.24622 144.32 25.310026 33.39502 18.671638 24.441736 -6.469265 -1.8750534 -7.5603256 -0.7629845 -9.021268 1.8186156 -6.384348 -0.47816426 -3.3308084 9.061982 -2.3924513 -0.41624138 -7.732024 4.8097277 
-513.4425 143.07544 22.099985 31.19236 5.436979 24.902266 -2.1194391 12.57915 -3.2713044 2.616359 -10.379709 1.2389159 -3.16508 2.126908 -5.124783 3.5887468 -4.967436 2.0790188 -7.92257 1.5189673 
-360.7846 146.82526 15.962154 26.785822 23.107452 -12.325629 -0.48541132 -15.190328 -22.916607 -3.2821774 -0.9123847 4.865055 -7.8176947 -7.4800014 -4.4855866 9.216954 -9.699238 0.1260749 -5.331841 -5.640834 
-334.16675 115.69838 34.4918 31.264523 2.2582014 -19.133303 2.7933562 -4.992886 -17.774874 -2.0382862 -2.0354338 -3.0842965 -7.1972027 -1.518895 -3.1754715 7.6126013 -8.000713 3.2989237 -5.824622 -6.549131 
-377.88516 162.48141 8.831179 30.585693 -2.8239124 -9.849285 9.973026 -1.6425254 -23.767017 -3.8620687 -0.99105865 -1.121069 2.4549289 -5.162539 -5.598623 -3.384962 -10.9365425 -4.9237924 -6.7252655 -4.25873 
-520.89685 151.80597 18.902004 34.191402 5.093625 28.756474 -7.9368296 12.012185 -3.2839465 2.9445014 -10.929632 -2.674538 -3.3694816 1.7809252 -5.2993436 2.723387 -1.7875371 -0.6195708 -8.620952 0.5187752 
-520.7611 144.92294 25.413445 28.637869 10.233967 27.716925 -5.5884175 13.301739 -1.8013622 1.7549695 -12.377765 -5.3747125 -8.074176 4.7011333 -7.5952625 1.7245514 -0.35033453 -0.10130914 -9.4998255 3.207843 
-410.36258 172.99242 10.525603 22.17373 11.287886 -8.506605 -6.044611 -0.9504888 -11.449919 3.9479475 4.1055775 5.6339817 -9.5754385 -8.127206 -8.2015 -4.7947593 -6.0327244 2.1159298 -11.970173 -3.7182317 
-314.9787 152.40776 18.213171 29.082266 24.21851 -18.312042 -14.535599 -24.43557 -21.128477 -4.5509453 -8.776407 6.968881 -11.784267 -11.699788 -0.30597103 10.484119 -5.9118204 -3.617992 -7.5919952 -0.8202515 
-366.2202 148.29193 35.1931 33.45171 17.603088 -2.9914582 -13.050564 -7.701053 -17.489655 -4.7864656 -1.089781 9.686183 -10.48118 -5.899563 -1.0854294 10.104153 -9.10351 -5.32749 -6.3502207 -7.608917 
-362.14795 141.60591 34.764664 39.866478 13.1323595 3.9552934 -4.591754 -14.775053 -20.284014 -3.3329065 -5.351922 0.6701014 -16.471275 -3.9996185 -0.06775523 7.137182 -8.696508 -0.7474355 -3.511328 -1.8037875 
-375.29547 116.90137 21.143745 43.799168 32.19864 12.09936 -23.895443 -11.203979 0.7839315 3.0777006 -18.742884 -0.15250438 -11.008395 -7.3693075 -4.028114 4.5479603 -4.483358 -2.202379 -4.1860604 2.9725976 
-408.53665 164.63026 22.525398 48.81272 15.257328 2.440914 -24.479303 -18.918386 -12.140313 -0.54175454 -8.039399 3.067842 -10.125766 -6.2681785 9.407053 4.888425 -9.95161 -8.282203 -5.7508087 -1.0962654 
-473.61783 153.8721 27.823044 48.539364 10.99449 17.93255 -6.742523 5.466351 -9.292901 -3.4100204 -13.725144 -0.6085294 -3.6074305 -5.185638 6.111553 -2.3441775 -7.3393726 -4.2942266 -4.719417 -4.0615263 
-514.2483 150.21138 25.669554 31.056206 6.91201 25.544611 -7.56049 12.250977 -1.8892863 1.876837 -7.7223673 -1.4694991 -6.260301 -5.1154046 -6.639289 0.18736985 -0.113367826 0.32940447 -11.96511 0.05552681 
-517.9424 148.24164 23.388315 26.23222 10.027131 24.868628 -9.022888 15.576915 -0.5910937 0.62997043 -9.291902 -2.6100826 -3.4342875 -5.624935 -6.0980053 1.0099833 -3.7762082 0.29331523 -12.051857 -2.9186344 
-390.31082 103.88114 46.001415 44.119415 17.234184 9.155631 -6.2380624 -7.543941 -19.584465 -9.956867 -11.983507 1.3434243 -17.128975 -6.1472564 -4.0208645 11.581528 -0.89572215 1.4628243 -6.0130363 -0.25351498 
-393.28906 130.82487 41.656925 47.510593 25.558132 17.517895 -8.804468 -15.632412 -15.058297 -12.311424 -10.930629 -0.17403094 -25.034857 -12.055349 2.0787477 8.824733 -8.335258 1.3105425 -0.819321 -1.0404221 
-440.16653 150.96857 23.881575 44.5716 23.17739 16.87783 -2.4776545 -6.557557 -12.787362 -8.167335 -5.347675 -6.029033 -11.569725 -9.55666 2.4076216 0.23196135 -7.8710117 -1.8749496 -1.5370684 1.9397945 
-511.15247 146.60072 22.134247 29.600868 6.2709584 27.137068 -6.81151 16.078888 -1.5872141 1.1345048 -7.1226416 -0.65537 -7.5842175 -0.9629008 -5.3932934 1.5812203 -0.044756837 0.27336037 -7.5425262 0.87464094 
-341.3083 191.6695 13.034001 41.692898 -17.755741 -71.13099 -16.150692 -4.593867 -14.996321 8.329576 0.8001453 -6.6014285 -5.718002 -17.290655 0.06588396 9.072813 -7.845216 3.3505907 -4.782925 -14.028387 
-337.70502 183.36543 9.231444 25.656912 -17.236794 -52.190567 -14.313797 3.1537988 -5.2992754 3.4842086 -3.704099 -6.74539 2.4367697 -16.629288 1.9811072 10.523653 -17.057207 -6.8496037 -7.930933 -3.6948683 
-285.54092 151.82137 -1.9253387 39.907654 16.651323 -23.193878 -15.364024 -14.95125 -31.458296 -4.361218 -6.561121 -10.47907 -11.126956 -5.133592 -2.7079167 12.392289 -8.124355 -4.7739215 -2.8876703 -0.86356074 
-279.59845 170.34738 -30.699272 44.586514 22.091705 -40.20977 -13.693409 -21.35472 -23.064964 12.597148 2.2062461 -9.821598 -5.2452765 -7.743988 -15.710545 7.934923 -11.032868 -0.78801197 -2.3151965 -8.709347 
-330.2768 165.11835 10.521738 25.098503 -2.1633623 -37.54198 -1.8484508 5.689197 -12.785581 1.7991316 -9.845005 -1.3915223 -3.4798923 -1.8956583 -1.3614299 10.496133 -19.560743 -9.912418 -8.109577 -4.6045737 
-328.83636 164.5264 -11.09457 48.124046 30.724545 -33.2738 -16.814575 -9.659512 -12.062812 6.056405 -0.34525046 -7.908415 -5.581171 -7.6129093 -11.42903 3.1326103 -6.19385 -2.0848513 -10.140988 -4.6877084 
-370.2045 167.40558 -0.8780347 51.6234 21.919085 -19.342196 -14.083955 -16.556812 -9.136666 -0.12895128 -5.982191 -2.1897545 -5.729381 -9.158863 -4.3223867 0.20303853 -1.4469452 1.1358358 -7.202072 0.5433556 
-353.7936 114.892265 39.799374 37.023132 13.914695 11.3689 -13.945545 -18.831879 -18.393377 -3.1872284 -9.739126 -2.5361109 -19.732933 -7.2926464 -1.3629563 14.846222 -13.886658 -0.22768413 -4.7674212 -1.5128245 
-339.4437 136.31036 4.5273643 33.342327 18.387627 -4.632152 -11.433125 -12.936169 -14.895708 -5.5522428 -20.69336 -4.0358357 -8.393819 -7.1959286 -6.9841824 9.8481245 -6.2100954 2.053612 -8.592716 -2.1813354 
-365.79742 137.98111 18.072418 66.55874 30.050056 -13.465179 -20.899113 -11.587346 -13.859783 -3.0149515 -18.018486 -12.84422 -12.232894 -0.11504878 -3.715289 1.9952066 -8.243684 3.3430147 -7.210071 -10.885115 
-317.6791 201.79579 -16.585686 11.618028 -9.125781 -29.660593 -17.19677 -5.8234396 -4.2431793 5.562167 5.6176243 15.120324 -3.1933422 -13.9910345 -14.895185 3.5255692 -7.3374 0.5444152 -11.071847 1.0994254 
-403.7717 199.02165 13.334046 11.324848 -3.0659997 -12.440017 -10.196483 6.8387046 -1.9782372 -0.61118454 0.9901135 7.400965 4.930006 -14.3082075 -15.282741 -0.5741193 -7.3877997 -4.866337 -4.8837614 2.4270217 
-420.12936 197.77585 34.804024 38.61384 -23.36228 -45.592133 -26.871962 1.7098212 -3.628459 8.270062 12.478954 -2.5488243 -6.8404274 -5.980643 2.5322669 2.058046 -1.0678151 -1.6482306 -10.06579 -10.947462 
-495.51834 148.73283 21.262651 29.886604 3.4308474 16.599129 -4.822904 12.7822485 1.2620984 2.261346 -4.9119287 -0.4199045 -2.6405482 0.24758445 -2.4874043 -0.8243838 -6.4991465 -0.94693905 -9.050356 -0.70313674 
-501.86957 133.79965 24.443254 33.947014 10.51211 23.814949 -11.951557 8.918572 0.84047115 4.783792 -11.459787 -5.0286775 -8.669838 0.9361199 -6.113261 1.2245195 -6.7324276 -2.677154 -4.7600017 -0.83853287 
-405.4593 146.89029 26.261444 51.58818 23.506113 -4.88645 -10.292998 -14.161466 -12.715672 -6.9354706 -19.905865 -13.677433 -8.531072 -2.501975 -11.893586 -2.048604 -6.3988276 -2.4743829 -7.4156775 -2.7109566 
-351.87567 169.75189 7.1822476 37.224625 33.121357 1.4275899 -21.751549 -28.129387 -17.34079 -2.7385616 -7.346427 -0.37819213 -16.646063 -4.2209415 2.466382 8.600736 1.3033221 -4.7145443 -5.985506 7.498458 
-422.28845 127.05926 56.822525 28.612902 23.565704 13.334864 -15.090685 -2.8498142 -13.309222 -1.4059796 -7.081047 -3.864396 -7.9414053 -3.4376106 0.26510504 9.380589 -9.240403 0.1300072 -3.655966 -1.1909091 
-414.30652 146.76361 30.695927 40.558876 28.9869 14.866468 -10.871046 -7.8233786 -19.764038 -4.1141324 -6.820848 -10.131771 -12.18556 -7.0676303 2.704981 7.915774 -17.896027 -2.6324267 -0.7807108 -2.725217 
-449.06165 146.76566 21.609125 51.53256 24.392996 1.932443 -1.7462312 -0.36873117 -2.6029146 -5.268013 -9.792802 -13.260014 -6.11302 -3.6865087 -9.43795 -4.4751306 -4.4281254 2.3218117 -7.175999 -6.8715153 
-270.8547 125.84592 8.386676 42.47187 21.1011 -17.564837 -18.94985 -21.378603 -23.088764 0.11754627 -2.8868027 1.0861198 -15.077412 -0.94634926 1.5847088 11.605253 -10.480341 3.8284793 -7.243393 -5.6469603 
-337.77322 110.99901 39.346207 27.583076 11.223915 5.356158 -6.379171 -14.158311 -16.619036 0.32349384 -11.109394 1.7998611 -13.640787 -0.39362037 -1.2108755 10.369749 -11.756779 1.6731554 -4.590897 -4.2139964 
-335.2237 125.989136 16.814304 55.048954 17.099365 -5.3516154 -4.977605 -19.244442 -22.412718 4.4594097 -23.943964 -0.91865945 -6.1765633 -3.6111746 -9.895804 3.775922 -6.0941257 4.5114355 -12.88596 -1.1338471 
-392.51944 142.66937 7.588184 58.872726 25.116936 -7.4440365 -14.894453 -9.156015 -13.862122 -0.8437464 -16.570564 -10.784222 0.8533167 1.3571621 -5.357233 3.727362 -1.0539154 2.8001692 -3.7044253 -7.5318975 
-376.9128 160.93492 17.309687 36.209087 30.670061 0.20350116 -15.625758 -30.273634 -25.039932 1.9614046 -7.464229 -10.220664 -14.200276 -10.826489 0.58098847 15.10212 -14.319173 -4.1958857 5.923015 -2.02091 
-360.67526 164.79236 6.659895 50.305614 35.71116 -12.808711 -17.978884 -26.095366 -27.199547 -1.1086684 -5.2402325 -12.767902 -7.090221 -2.4974039 -0.57283676 5.8862457 -14.271471 -4.486166 -6.5999813 -1.5238775 
-338.76306 186.41202 -10.074416 36.207844 7.2027926 -15.594153 -10.302619 -21.915062 -23.253616 1.6424875 4.776252 4.036073 -5.1531982 -12.869936 -0.53652745 9.13256 -10.898712 -5.592615 -6.937009 -3.9027584 
-386.63107 112.09873 66.98636 15.374793 20.457233 15.025726 -8.753391 -7.446758 -16.34379 -3.3750346 -5.6950026 -2.772996 -7.7789207 -4.292329 -4.2452006 7.131458 -18.788269 -2.0926807 -7.692266 -2.3484023 
-468.6589 156.93149 31.1409 34.3265 15.142811 13.707188 -4.881357 -2.4191592 -9.682716 -3.5491788 -8.676272 -10.740738 -6.991213 -3.1603637 -1.0897701 -2.2913694 -9.114304 -1.2516801 -1.9691857 -3.2048657 
-505.5504 141.2986 24.308537 30.714596 6.902424 20.53494 -13.7980995 10.372398 -6.3781567 3.6345758 -8.842274 -2.3032956 -5.3851347 0.8149322 -7.569636 1.9102101 -6.103909 2.957323 -6.7658644 3.552515 
-435.48416 72.3949 43.426105 40.291344 -2.8504121 17.436222 -6.5881443 5.4911065 -0.33418402 -0.21460612 -11.512127 3.3267064 -5.3444724 0.61762303 -5.5151725 1.9423964 -10.454316 0.36417088 -10.875361 -3.6712134 
-319.0066 72.61373 43.270367 62.34131 19.2911 11.699552 -24.19329 -9.041715 -13.220551 -6.7911024 -19.27619 -5.4964123 -5.7313213 -9.469982 -19.651287 2.5751677 -6.891053 -5.2503424 -14.587513 -2.355821 
-288.91077 161.36073 6.597433 15.725667 7.345904 -24.817703 -4.0373282 -22.893768 -14.380576 4.5857677 -9.064988 14.19235 -1.3660213 -13.875629 -13.304096 6.816309 -18.08112 -3.796057 -5.536848 -5.296234 
-351.55457 153.99934 25.784557 32.153904 16.380793 -4.7392917 -2.7525206 -17.587774 -18.755917 -7.56731 -14.019418 1.8475418 -8.015994 -8.0873375 -8.174358 6.1803427 -10.119221 -2.1897078 -1.2390213 -2.2537563 
-325.2476 143.65845 1.6 63.94226 38.238583 -25.223366 -17.545649 -16.563015 -16.011904 0.17963958 -20.311005 -10.893093 -3.4090772 0.50493115 -12.099308 4.3335795 -12.59905 5.3688345 -5.706106 -5.4652042 
-384.5128 170.02254 -10.989951 53.77777 27.403456 -11.176833 -23.893671 -13.535005 -6.4106874 4.5368166 -5.3939285 -5.4000688 0.72630227 -3.4894779 2.5960116 -0.45952764 -6.631679 -10.410946 -11.74724 1.1769807 
-433.0301 153.9571 15.492192 59.55037 28.895905 -1.5480312 -15.541543 -0.9327578 -16.68805 -8.396085 -3.0443327 -9.25071 -14.738726 -0.32020405 8.679825 4.005781 -6.9545536 1.7269573 -2.3634005 -3.606211 
-338.97684 165.36945 20.839182 34.412117 -4.1919956 -35.08481 -9.663093 3.3010952 -19.12041 -0.38778538 1.3000427 2.1688578 -1.7162367 -3.6585672 -1.477932 13.1002445 -14.99213 -2.616995 -5.933426 -12.293425 
-374.13965 194.07669 27.88106 37.224747 -4.6699624 -38.489372 -7.927839 -4.728294 -17.29142 -1.1767632 2.5885963 -10.898531 -10.343622 -7.196154 -2.4396434 4.2564383 -0.14405006 3.1777406 -5.4089727 -4.844126 
-404.53635 177.98553 43.82823 36.080383 10.134281 -14.346315 -10.339032 -3.9385965 -13.752815 -13.225905 -3.6342418 -6.415989 -8.847539 -8.3749895 -1.4361625 1.7552919 -6.3909063 -3.575537 -3.9060876 -1.396364 
-415.90408 129.08377 64.54007 35.23215 6.692869 11.239475 -7.906389 -0.6141261 -9.021799 -9.922667 -8.494488 -4.1510463 -6.7917566 -3.2462506 -7.5125275 2.0100899 -7.7322063 -3.8329494 -8.820764 -3.3013453 
-460.77594 165.1297 19.369934 26.169931 -0.4853359 0.24231847 -7.0206037 7.040851 -6.0282693 3.0024035 -2.2050214 0.28651184 -2.2568734 1.4928131 -1.0207305 -1.8671767 -1.3072139 -3.646298 -9.41129 -2.0198605 
-501.78064 140.15659 14.005836 31.82666 9.484871 22.258484 -7.1450186 7.8635473 -3.987526 1.8927817 -9.741875 -4.3023324 -2.183465 -4.3061557 -4.4608746 1.2142291 -8.553349 0.032342218 -7.1268606 -0.7476548 
-321.726 12.689148 58.681755 60.95893 -5.8383656 18.34162 -9.028645 -5.818342 -5.7989306 1.1545113 -19.75322 -1.6268286 -11.939556 1.9795473 -9.507001 -3.3268573 -9.830337 2.5872889 -12.154264 -2.1758795 
-308.6319 129.1413 26.385426 44.711327 12.753335 -9.265423 -17.372189 -20.857735 -22.469107 4.8718185 -8.641903 -9.490165 -6.2817364 -3.2540603 -3.1201751 1.9113337 -13.579938 -2.7381396 -8.633297 -10.105545 
-327.56503 145.88379 22.8189 44.504692 6.4230905 -7.369027 -9.821298 -12.8766 -35.24321 -3.412752 2.8091202 -2.2229986 -11.907739 -5.076879 1.1620927 6.8932543 -7.8031793 -1.931449 -9.046357 -9.215412 
-396.51187 149.11041 36.302715 35.5571 1.9443126 1.7941022 -10.447052 1.0207822 -20.332176 -5.8939786 1.2636616 4.506807 -0.23582214 -0.5034807 -2.2556143 0.14988688 -4.985777 -2.5432117 -10.367285 -9.471421 
-399.78702 153.71526 20.75065 45.677032 10.632951 2.0899878 -13.109628 -6.1589737 -19.257181 -4.389963 -0.12676318 0.7659876 -14.191219 -4.0279493 6.7662106 2.1113102 -10.08979 -2.837555 -7.486362 -6.015856 
-365.89423 168.51901 -6.790075 52.45043 8.63181 -15.718225 -16.179125 -15.249719 -32.295002 -5.9571114 8.54648 5.3581877 -12.268474 -3.8775702 14.487233 11.786036 -1.3560362 -1.4724222 -9.6071825 -9.507047 
-496.21017 139.25154 19.214968 34.580063 10.214709 24.816154 -8.944759 14.098757 -6.6207347 0.95746875 -10.361937 0.270179 -7.7689395 -0.12533283 -6.1412725 4.319072 -3.6659174 -0.62330484 -11.63075 1.1016517 
-499.49094 144.85973 23.10872 23.252735 7.009022 31.332546 -6.689935 13.947696 -4.233759 -1.8292342 -9.598899 2.1416929 -9.882392 1.1525865 -8.233504 -0.24196216 -4.105154 -1.3566402 -10.2687235 -1.4481239 
-334.2335 197.30995 -4.383529 41.925316 -21.005571 -51.694935 -6.3926287 -4.0418134 -7.3739414 3.8234422 1.1102798 1.0611356 -9.102814 -17.721355 7.3563747 4.613108 -8.588567 1.8332725 -7.053558 -10.828594 
-368.0627 144.531 4.0206623 45.775993 31.065918 -11.435557 -20.302177 1.1563059 -12.957299 -8.369622 -10.39595 1.4169555 -7.3775764 1.5846318 2.1333296 -1.298635 -6.1574907 0.21161896 -4.980356 -0.8008862 
-450.79352 153.9939 9.730136 49.764206 23.78771 5.977228 -13.551617 10.073973 -11.281932 -9.316707 -14.149556 -7.027806 -10.615104 7.7896447 -2.2727883 -0.5694575 4.164179 0.99467784 -10.247313 1.7693783 
-371.67667 162.54318 1.1573911 30.003 -1.4777982 -15.485168 -20.181948 -8.509459 -9.21323 3.7654026 3.427137 11.538872 -12.081752 -6.806768 1.6927603 2.9792764 -8.56066 -4.414592 -9.743012 -2.6873844 
-373.04404 182.18018 -17.51527 34.165585 2.9299104 -19.44985 -26.836103 -11.950382 -7.6616364 8.568238 10.881457 4.6732483 -9.290569 -9.13053 0.1915546 4.0908403 -1.999564 -1.5363536 -12.651638 -0.6086967 
-486.25717 152.88972 19.833096 20.164463 3.3660827 16.828026 -7.1494393 10.536983 -0.04948542 6.6028385 -6.8294306 2.8555975 -8.810065 -7.079242 -11.797893 2.4027991 -3.3615696 0.9281938 -9.036633 -0.9718501 
-443.77795 161.7982 33.282608 27.323122 3.0359569 -4.2936153 -13.917417 -0.36634743 -11.973385 -9.691605 -5.125135 -7.46098 -7.588258 -6.4697227 2.4781065 5.5802703 1.8238599 -1.0968105 -7.6022 -2.434848 
-337.14774 134.48312 19.813051 42.34749 35.283432 2.1494966 -11.473063 -24.10939 -13.901163 -5.9574633 -14.273209 -5.3996716 -15.825985 -8.644525 -4.1400657 6.115881 -8.012516 -2.5706635 -1.7533667 4.693762 
-390.17297 170.08766 5.228803 49.60703 22.491186 -4.72848 -15.624333 -22.975418 -11.48372 1.8687009 0.09314135 1.5161184 -13.520894 -3.8678153 13.530849 8.477683 -8.46058 -5.697969 -5.4166555 -1.1885413 
-460.34222 165.03827 26.345606 44.91177 14.881965 9.166318 -10.450191 -0.76696646 -12.466417 -8.451351 -9.435587 -3.9250958 -6.8992367 -8.183584 4.2213907 0.31001705 -7.1216073 -3.6939764 -4.02753 -1.6708908 
-415.34598 112.281815 37.96054 39.545784 25.429384 2.8997393 -1.0390152 -3.064367 -16.038206 -4.3302555 -6.9833546 -0.86040664 -14.499227 -5.555643 -3.1556642 8.644108 -3.943117 0.93890655 -6.6723404 -0.7873692 
-405.6683 125.4872 48.115784 38.406494 22.635147 15.724546 -4.1060867 -7.190472 -15.679203 -9.760474 -3.9520373 -8.555467 -17.082315 -6.2945976 -3.7054586 9.535444 -8.426169 -2.7735846 -2.9833355 -2.6875446 
-485.40125 137.42377 30.977121 34.820133 13.71397 21.83269 -1.8150153 12.726223 -4.534598 -2.332326 -11.88498 -2.981379 -5.862647 -1.2126931 -4.3832135 1.0526283 -3.1740842 -2.3240447 -9.784049 -2.590122 
-335.23712 153.63159 -2.9837625 25.324467 11.651023 -16.08944 -17.482195 -22.952038 -5.9463983 11.358907 3.5848236 2.9612799 -13.081362 -12.784527 0.07204003 3.9615872 -8.891757 -6.1118197 -12.611635 -6.841974 
-333.6305 116.970024 39.256355 32.261765 17.185696 -1.0188146 -10.966208 -14.3029785 -23.328745 0.13093191 -1.094082 2.4932647 -14.540538 0.06666054 -3.76702 8.484033 -9.250486 -0.07975948 -9.414459 -4.0481052 
-414.95474 144.51016 31.873281 51.467815 22.226295 4.9644613 -3.0210538 -1.821 -31.320143 -1.0250516 -6.1426816 -3.1627398 -16.068575 -1.0633248 0.065772325 7.164671 -8.728856 -0.19899109 -4.6832294 -1.4330351 
-424.31992 111.83492 37.399124 31.853546 10.782739 12.687024 -2.195867 -0.036183886 -5.4825916 2.9660676 -12.064434 -0.2645613 -10.591354 -2.031398 -4.664945 3.4415908 -6.413256 -0.5599071 -9.904158 -3.5517893 
-441.20786 123.828705 44.632034 33.18752 9.147551 0.9860592 -1.4470332 -4.5132666 -9.423464 0.4307146 -17.234348 -1.5447141 -7.1086826 -2.5623236 -5.8126407 8.121754 -6.58114 1.0713959 -12.391933 -4.991676 
-404.17166 121.704254 27.463478 40.499565 28.013582 6.3864694 -8.163545 -6.3881254 -9.235807 -0.32317436 -10.408828 -5.7501445 -2.488266 0.73543334 -6.8374095 4.3664412 -3.555469 2.318615 -11.07684 -2.1223884 
-441.1745 138.51534 44.4662 41.183258 7.969489 -11.257241 -1.6233237 1.7264013 -12.69327 -0.5317116 -6.887736 -5.4365063 -11.069757 -2.6980696 -10.257008 5.963172 -4.454364 1.5983047 -6.805081 -0.7602222 
-403.85266 146.27562 34.17207 30.026009 11.716155 4.5535116 -10.598637 -10.726432 -10.332139 -3.3989868 -8.448349 -0.27834633 -7.4388776 -1.0443592 -2.1682477 6.459175 -2.4547548 -0.6642911 -11.277277 0.899962 
-409.9061 112.29218 37.851425 46.158073 10.638347 12.548436 -8.96693 4.069521 -0.63104606 -5.141382 -10.676703 3.3420854 -6.0836377 3.1117787 -4.6347294 -2.6040952 -2.0622003 5.260304 -10.88332 -2.4105992 
-460.76465 154.561 14.9708185 43.717697 19.118307 20.508507 -14.127963 3.4170187 -6.628797 -3.4313138 -12.840657 -5.22254 -4.819056 5.1889935 2.5884447 -1.5995013 -5.4324265 -0.026916662 -4.423027 -2.9396088 
-515.9616 151.89381 18.619057 29.99602 1.9117609 25.967325 -8.378056 13.285947 1.2820643 1.716139 -9.857005 0.18304165 -3.3441715 2.4269598 0.49363855 1.1694907 -6.649139 -0.0050329366 -13.484256 -1.4752831 
