-376.87003 138.96289 2.0805173 25.08384 15.08875 21.621416 -6.5731697 6.747368 -12.801479 12.0093 -16.597145 3.0960736 -6.37314 8.20382 -9.622085 1.199113 -15.378087 5.064572 -8.683151 -1.3468132 
-379.3783 138.8042 6.8695927 20.691734 11.4602375 21.500378 -0.8598048 14.203809 -16.91435 3.8976924 -15.465398 4.6396675 -3.6498554 0.8019404 -14.023487 0.62681645 -10.052756 6.200571 -8.509726 -1.4980994 
-372.0321 149.05229 25.72564 31.976871 8.584644 1.2198577 -10.415032 5.578954 -11.369328 3.5633333 -13.762506 0.42893738 -3.7779093 1.7619671 -6.244285 6.532247 -7.468954 1.8121548 -8.254314 -3.5772777 
-290.61172 156.56233 25.762926 15.900096 -20.768908 -13.770533 -1.323679 -1.1502926 -22.411154 1.8856559 -19.457277 -7.1057806 3.9537735 12.720849 -10.867534 10.309224 -7.490559 -18.113506 -4.535034 -7.865621 
-283.5156 148.90192 14.089074 13.54977 -8.8974495 13.243214 -7.1641746 -18.582733 -28.987047 7.8450885 -11.20066 1.0480573 0.19694898 8.563195 -7.882892 5.0871186 -8.374845 -12.924437 0.3075802 -9.345553 
-281.7854 148.44098 0.40553746 12.874905 -8.612802 17.219446 -12.964367 -15.034081 -29.632498 14.814204 -0.11037646 0.8056908 -9.670055 7.9193344 -7.711949 -1.0288053 -15.362985 -13.731895 2.2100854 0.16693364 
-280.53586 112.48066 27.162874 17.686201 0.4080241 18.280903 -22.184238 -7.0165753 -23.563698 14.1345825 -9.737824 4.951973 -4.228748 9.87656 -11.517762 -4.647132 -17.369999 -1.1815063 -6.240794 -2.2676513 
-259.02338 60.608643 52.915485 29.439615 2.6076438 20.388018 -23.037325 11.375786 -27.446726 5.485377 -22.18 2.323788 -4.9694233 7.4515476 -20.46226 5.552597 -8.16016 1.3555319 -13.088396 -1.0017955 
-285.07312 64.13843 56.274403 33.197525 4.7939854 16.678633 -16.42734 18.282053 -25.389355 1.1150686 -15.845267 5.677923 -7.694129 -2.4118352 -13.509894 3.0767622 -19.350426 -1.2659779 -9.702748 -5.932094 
-245.23563 114.349556 -27.198402 34.505665 5.119514 -7.800582 -12.214948 11.496011 -12.8953705 4.5229516 -20.050419 5.510229 -11.868953 3.3619928 -16.583702 5.0378947 -11.263396 -6.607205 -6.5188775 -16.2631 
-237.96889 133.73091 -49.359024 20.306784 5.134574 5.3358555 -4.01298 1.6220021 -14.334386 3.2082899 -16.422413 -1.1619933 -7.321401 4.327008 -12.802318 -2.520729 -8.930297 0.9198884 -9.4693775 -13.095196 
-188.24908 107.06671 -81.57532 16.43012 0.511819 30.43866 5.446724 -6.6974087 -21.214804 6.0258546 -22.688906 -3.7138536 -13.712212 21.157288 -10.537781 -17.520153 -3.1627524 -0.86893916 -6.2009735 -0.27327812 
-277.5067 75.800575 25.445274 43.97535 -1.1024475 12.246016 -8.290334 6.1104207 -28.227669 15.214996 -28.0995 5.9659433 -9.078381 4.181391 -9.583988 1.1247716 -3.114938 2.0803115 -8.407108 2.2807899 
-278.14212 117.76779 12.767688 46.410522 2.3147314 -3.4147635 -19.462196 -0.28979003 -25.255714 2.6182458 -30.304081 16.204576 4.46709 1.3845825 -2.7222981 -3.4292562 -2.8690147 -4.659397 -18.535513 2.01181 
-302.50665 67.09445 61.64715 21.16496 14.82932 12.236984 -19.038727 14.701647 -21.075706 8.32797 -22.05124 3.77722 -8.162495 5.1019306 -17.1979 4.238287 -8.62715 3.8702905 -14.719433 5.368905 
-281.5072 65.087715 44.113457 53.92087 -2.324613 10.553883 -11.204682 13.812442 -34.292194 0.59903896 -17.175835 2.8236227 -3.2479453 0.47661558 -7.1150937 4.173982 -14.729263 1.0484734 -1.8270164 2.2479572 
-287.071 112.10446 38.2336 12.417732 12.149493 11.583415 -19.780033 -1.2693882 -29.374315 7.195287 -14.084506 -3.5262265 2.467303 4.6845074 -7.1887774 3.6335645 -9.921152 1.2031268 -13.445175 -3.2327812 
-284.0487 155.26898 11.550109 5.0484715 -22.005806 4.663442 7.7197385 9.475185 -25.0758 10.265912 -13.361454 -4.695588 0.32314518 0.8428705 -7.833263 1.1946232 -6.1236935 -4.406506 -12.079947 -1.5226176 
-302.96417 143.06638 25.245775 9.799733 -8.498386 2.0439699 -4.835476 -0.6817883 -26.763287 4.0276613 -9.541264 2.560669 1.9717609 11.0277195 -8.231554 -3.4802191 -5.8287935 -1.9180284 -10.151433 -0.32271338 
-219.89734 131.70047 -46.01317 11.568653 2.840199 -0.3204811 -19.752401 19.949091 -17.348595 8.921411 -18.540125 -3.1279075 -8.905352 2.0382318 -1.3700049 -7.8947864 -6.213368 19.177431 -26.04521 -4.771703 
-224.9915 123.30233 -37.251907 51.77237 -12.249211 -25.65232 -9.533022 17.179756 -24.51948 3.7870636 -9.835998 10.375303 -7.711441 -7.5008664 -5.680987 -2.2124724 -7.133144 -1.9297311 -3.9679048 5.987734 
-282.03333 74.5291 53.204327 17.2688 17.186205 10.985173 -17.828205 12.9029665 -25.485014 0.5418713 -12.992683 11.587333 -11.826653 0.30973434 -13.463441 2.82573 -18.657583 1.0674917 -13.702987 5.219123 
-286.3782 175.86383 15.650886 -5.2993655 -30.299582 3.554657 2.4527152 22.93148 -20.435623 1.6060048 -22.08716 -9.25512 3.9679327 -0.34090748 -6.8891153 3.6614265 -23.610891 -2.255141 -5.5738316 -2.8426945 
-357.3136 153.28558 14.763513 16.231184 -0.88114715 14.6113825 -0.41384357 13.091526 -15.069654 2.8871527 -15.402737 2.6720865 -4.6309595 5.166909 -9.162276 -4.727793 -14.203453 1.9451804 -9.437353 -2.3563812 
-288.6326 150.96878 8.064223 27.392363 -8.206945 1.2836022 -0.7501515 9.6711035 -30.269857 6.82819 -15.307246 0.68138665 0.24072684 -4.793783 -2.5574808 -5.9163136 -16.89602 -0.084842734 -8.567398 -5.9644794 
-281.93802 76.09891 44.35222 27.967062 14.475876 13.425035 -14.828569 5.973006 -23.889679 10.067658 -24.920206 -0.6818798 -3.196988 -0.07469608 -11.599261 -10.055018 -7.5991797 2.9320788 -17.97345 3.450255 
-295.79727 112.42277 25.539162 39.009724 1.648159 0.49396378 3.7053936 -2.8793018 -27.133038 7.262658 -27.828146 -1.8945947 -0.1441519 -0.8787331 -6.0945406 -2.7508838 -3.7313724 -1.8027071 -11.891754 6.431356 
-259.61624 161.44643 18.760666 1.264192 -38.1554 -8.722187 6.047022 3.5304163 -28.910147 7.226556 -18.264652 1.0385758 13.525369 2.4087267 -7.783321 1.7806053 -13.609539 -5.5888386 -10.825178 -1.9087096 
-260.3911 97.02048 1.666328 53.774876 -3.7708523 -5.764673 -20.11245 14.059751 -29.289938 3.223799 -15.228046 13.581568 -3.410949 -5.8695936 -4.1100354 -4.671683 -12.090099 3.2135997 -13.622694 4.3227415 
-240.01544 145.13132 -33.84171 4.114427 -8.452601 15.818741 2.4963636 0.11324617 -39.246323 16.83318 -11.044423 -8.955695 -5.4127474 0.55646276 6.5883784 -0.9424748 -19.533318 6.8272195 -11.116506 -5.007035 
-273.66687 156.17145 -7.188213 10.187431 -5.733649 15.502186 -20.090425 -16.066034 -22.335602 18.867876 -6.192047 -3.8556263 -6.679223 8.028049 -4.911702 -12.608729 -11.522615 -1.0301266 -4.2909336 3.1322293 
-281.6079 92.70244 32.516724 15.381536 1.6979622 24.544659 -22.135864 0.41786277 -23.414917 13.235976 -7.3134546 7.769991 -7.618926 11.135682 -3.846116 -6.3401847 -9.980297 -2.8318193 -8.959672 5.429985 
-296.28885 84.52645 44.675262 31.657204 5.3089685 22.272905 -20.412748 16.295134 -27.185738 6.748653 -27.177727 2.0335898 -2.465817 -0.33025718 -14.8788805 -2.2095757 -5.1958456 -0.29244363 -12.428044 3.9018135 
-305.9568 80.05796 39.002872 56.921997 0.26534525 14.332393 -10.258735 14.63258 -29.206913 3.621521 -19.27045 3.8653166 -11.320173 -3.8695722 -6.3458514 -0.5228498 -12.323027 1.3384335 -8.593597 1.0978193 
-259.5701 111.75948 10.0730095 20.447725 5.7955523 11.181883 -22.242552 -0.8576366 -26.252401 25.390995 -24.68945 -2.291983 4.1902924 10.343114 -12.723275 -1.5147724 -12.567864 1.5223142 -10.550856 -3.671594 
-357.92725 135.19576 13.468044 28.052528 15.369912 9.436522 -11.998817 7.4245367 -7.2691627 5.30804 -12.624243 2.4795086 -2.5793283 1.9005659 -8.417599 -1.0822111 -9.226007 0.71938443 -10.0165615 -5.79337 
-342.235 121.70871 -9.459049 37.369877 21.612587 9.856968 -3.2113428 3.0924866 -7.948422 11.983341 -24.088287 4.533809 -4.355738 6.815749 -6.032336 -4.27656 -19.116423 5.8736534 -3.2054691 -10.177541 
-361.08676 139.89197 0.48221916 28.386621 15.113539 15.317637 -9.908627 4.7651744 -10.711853 6.8606534 -18.923668 -4.799251 0.6433023 6.5734563 -6.7934947 -4.7358465 -14.572918 3.8312275 -8.396999 -4.3594484 
-260.29166 174.24753 -27.606907 -22.563972 -21.27619 39.189346 12.342597 -0.15554206 -22.237894 6.794607 -13.175542 -3.3612025 -7.813347 0.53758603 -2.825488 3.1779573 -15.69996 1.6392081 -6.588564 -8.774553 
-217.31163 150.74089 -68.06886 1.2067201 -5.398123 15.325583 16.858429 -12.186687 -16.592562 7.2839684 -22.291733 -0.94502777 -8.654789 7.450335 1.8678603 -11.720272 -9.4916935 3.921674 -10.281528 -18.997547 
-277.697 136.33965 -9.699055 -4.0754786 3.678279 16.83379 0.6507094 -3.6733692 -24.011639 12.821648 -9.661723 -3.6233919 -8.267429 5.3397045 -15.610348 2.0315664 -20.211508 -0.8504395 -14.916302 -15.057002 
-281.64087 129.90956 -0.3715566 28.793556 1.4112973 11.094435 -12.444295 -2.3945577 -18.516232 14.840007 -25.799904 -1.9184003 0.32508639 -4.3133574 -6.615878 0.049955342 -12.098984 -4.4272285 -7.6584744 -15.0658 
-276.61053 97.35092 24.016361 32.897556 -4.8954577 15.974653 -10.264173 -11.832586 -31.176195 19.992037 -20.544035 5.940492 -2.698411 5.944228 -5.8059697 -3.635097 -11.227846 -6.67093 -11.583954 -5.0619793 
-255.8343 85.01351 18.36031 35.914894 -2.9576097 9.29537 -11.119168 -10.612307 -16.125877 8.777117 -28.7354 7.994795 -10.245876 17.466618 -17.075596 -6.0306983 0.3931853 -9.18995 -15.097446 -2.5221603 
-240.30511 105.25671 -2.4571202 53.41472 -8.950983 4.4373674 -15.063187 -23.507425 -13.192267 3.4678538 -37.784317 14.124078 -2.3471713 20.465513 -12.848663 -4.733835 19.675396 -17.292988 -6.287527 -4.039496 
-280.6026 142.34164 -0.29908392 28.039518 -2.7080262 -7.927546 -4.8172665 -10.827038 -25.086752 -1.9051871 -24.046322 5.921159 -2.5627015 4.877028 -2.3087146 -0.39385474 -3.0794969 -11.605465 -9.005953 -6.955066 
-277.29922 148.41805 0.4044289 29.175018 11.188758 -4.4542704 -10.17745 -1.2089745 -31.6303 0.7923554 -8.754179 7.1205773 -4.5506024 -0.4797569 1.1502694 -5.547896 -5.80956 1.1419628 -10.304251 -2.9371872 
-276.39487 114.759735 9.864192 57.723267 4.7485437 -12.4080925 -9.9918585 -3.390358 -24.656435 0.9923221 -14.002767 17.85621 -4.5960217 4.7107368 1.2653394 -4.722632 -16.127329 -2.400589 -10.754366 -3.0627527 
-243.31432 151.4873 -36.53984 -1.176101 -1.998221 23.391113 -4.675769 6.51973 -25.842567 8.2271385 -10.443145 -8.638203 -9.701325 2.657952 -3.495501 -0.26739898 -27.656275 3.3352635 -2.929473 -10.216134 
-318.12872 151.99078 8.347993 13.340233 -12.870972 12.489319 -1.9786881 12.237232 -21.931845 0.38903916 -11.956281 2.6659298 0.31646812 5.3908305 -4.1081614 1.7249006 -18.480064 -0.5139063 -9.902939 -6.2713733 
-304.62256 154.70123 -1.3086234 1.9141146 1.2792195 27.783491 -7.7186303 11.096347 -32.880817 3.9142892 -5.4044065 1.9792262 0.8393526 4.3654995 -2.4367228 -8.066799 -19.169891 0.77622914 -9.209949 -4.3409786 
-241.9414 125.55382 -42.528988 3.6730871 6.4437585 35.70287 4.977379 10.470753 -30.705624 5.5357904 -14.8302355 -17.61476 2.5341709 11.061629 -3.9304056 0.8574777 -25.779934 5.425222 -10.787266 -10.829232 
-299.5706 135.35788 19.515158 6.716262 4.883024 17.213219 -5.4332223 -10.391414 -34.35669 9.040907 -19.159039 -2.3341103 -5.885977 9.009698 -6.573537 1.031811 -4.489481 -4.4019246 -5.3331995 -2.1417756 
-250.55206 134.92104 -24.070068 38.56176 2.8410058 -6.800974 -22.341965 7.6136026 -20.174232 3.9266875 -17.38717 6.271536 -2.92986 -0.29887196 -3.0761364 -6.680325 -3.4399078 7.4397626 -17.985535 -1.5984656 
-333.10178 131.0069 23.235104 56.456856 7.482277 -2.999855 -11.124847 2.465719 -27.93552 2.4080303 -18.515461 3.0733678 -5.472011 4.187914 -7.6131268 -2.6814802 -5.8751354 7.2416253 -13.976292 -0.336851 
-335.80624 108.06261 43.00567 41.024803 6.643855 14.998791 -13.668407 11.386463 -28.341204 3.7098932 -16.761183 4.7325006 -9.206772 2.8060408 -9.480196 0.7504138 -16.346151 4.2230587 -10.684247 -3.1313457 
-299.89368 67.06905 63.773647 21.78069 14.2998085 18.606483 -22.78202 22.270239 -29.532938 2.1312437 -22.079893 2.064356 -12.117208 2.778805 -16.874367 7.483946 -14.085606 8.280423 -7.1411495 2.5039296 
-285.2087 78.99691 55.47248 31.199219 11.89564 14.105148 -21.733847 15.956351 -28.66169 4.093339 -18.021336 -3.3849936 -7.8782477 -1.2527403 -9.316354 6.6589184 -12.445561 7.409546 -3.418188 -0.1288852 
-290.4018 143.70909 5.075348 18.777037 26.07956 -2.217245 -28.381752 8.244394 -22.840267 12.973013 -21.98144 2.6974282 4.850259 10.412853 -11.844814 -3.2236714 -14.517724 4.471774 -9.944707 -12.547658 
-274.9275 163.93008 -21.93135 -1.2617612 -3.459083 12.355632 9.602245 15.4522295 -31.890938 6.294101 -17.423018 -6.927913 -5.974059 1.5860311 -0.005351358 -0.7882161 -15.868066 -0.3888159 -9.66341 -10.468425 
-282.7989 89.35819 56.71382 7.4897766 0.40432104 22.912317 -11.614605 4.300226 -20.651407 0.20553991 -13.075096 11.289219 -12.339893 8.8719 -12.174649 -2.2387276 -13.868137 1.953155 -12.1143675 2.0690494 
-275.21155 100.753624 44.8916 11.693032 -18.703945 17.035088 -15.438032 5.1967144 -27.738062 6.550792 -12.013013 6.939594 -3.813348 8.281709 -13.698022 3.4881544 -10.460109 -3.2393425 -6.528713 3.9726093 
-295.83392 92.47925 20.053806 73.70674 -10.578849 -3.904185 2.1068094 3.6046028 -31.4121 3.5688443 -23.136395 1.6412978 -9.359109 -4.1180606 3.8477767 -4.588974 -8.147994 1.459036 -11.575386 -0.37096792 
-356.6222 114.217896 6.7238517 41.08209 14.634776 9.452723 -5.8928137 10.065087 -12.690077 2.1853476 -12.741154 2.9888966 -10.090981 5.9909644 -8.560636 -0.4784451 -7.757599 6.7833033 -9.8270035 0.14519724 
-365.8828 125.8889 2.6484613 42.70113 14.240511 8.02866 -2.8328695 13.736237 -16.614851 5.567809 -11.850224 6.2132235 -3.3373356 4.491708 -10.451047 -2.0510936 -15.179925 9.659771 -9.471266 -0.65779525 
-221.6561 84.1875 10.687583 52.509445 -7.7749143 -7.48491 -14.33769 2.759948 -31.138018 -1.8710374 -18.08379 9.239235 -2.0604677 4.6285224 -3.6106715 0.89201 -15.098733 -2.0116014 -10.642099 -4.4765687 
-177.19725 128.97757 -53.511265 10.976168 -7.7340527 8.786243 -8.355491 8.553455 -22.320831 7.9517264 -18.068924 3.7067494 -8.825011 2.5921285 3.9909062 -6.544779 -17.520746 5.108123 -10.0462 -7.9919486 
-233.41211 72.61809 -4.818033 63.832676 -3.0713127 -3.720348 -14.335002 18.033995 -29.325064 -3.484892 -14.182551 10.89617 -8.315409 3.4395924 -0.07989928 -4.038767 -2.9679883 1.0684534 -5.36148 0.5857547 
-269.25543 77.489296 28.355848 48.09088 -1.0887184 -0.8142339 -9.734187 11.383275 -29.575752 -2.755193 -17.412966 5.2831683 -11.7405205 0.42987803 -5.27573 3.402361 -11.734551 0.19411737 -4.9954233 1.4762397 
-233.3877 129.35724 2.7927022 33.24874 1.2492778 -3.8086314 -15.532039 -12.027603 -36.34238 7.513397 -18.34507 -5.2526226 1.643524 5.252402 -7.9363885 -5.461668 -7.7099805 -7.5166025 -9.096228 -5.4485564 
-282.91513 107.50617 23.935339 60.144794 -5.593981 -9.85207 4.0590076 -6.920659 -24.089043 8.765013 -20.020563 6.769558 -10.500118 -1.2559134 -2.028626 -2.7659466 -9.461688 5.2111835 -11.195824 -2.8336537 
-239.29538 119.76115 3.1032488 57.64609 -5.30081 -25.005318 1.4641978 -3.6940851 -43.313015 -2.147687 -17.708628 12.06423 0.61369044 2.936263 11.893119 -6.17544 -7.0973015 4.952083 -8.168174 -5.223535 
-312.79977 153.16283 48.093273 22.181034 -1.5038797 -6.5595717 -23.767216 -0.8893848 -27.712774 0.7226478 -19.243689 -0.094257675 -6.1351905 -4.5433273 -0.5609775 -2.141942 -5.001075 5.448706 -5.5735307 -0.13622801 
-288.7367 155.7477 3.1004126 4.709723 5.1907787 16.543316 -13.297759 5.1655903 -34.631577 -5.293142 -9.46659 -1.9304278 -4.616934 5.884774 1.9094546 -0.96548545 -14.495073 -0.28803492 -5.87826 -7.803311 
-250.50038 137.47018 -32.041775 -8.115866 -8.851275 35.704147 17.97514 10.102378 -30.673685 3.7116954 -20.721058 -7.1238937 1.612368 -1.7628561 -5.6893787 -2.4159498 -19.901384 1.7078074 -6.7915397 -13.985681 
-240.16238 118.914635 -9.392117 20.383537 8.016488 7.372683 -24.129202 12.066873 -20.707804 6.838267 -18.97158 -2.809459 -8.2844095 5.1128793 -0.20584424 -12.253321 -10.551026 12.566029 -11.433755 -14.418795 
-256.66452 63.556133 35.972137 56.237347 -2.0481365 1.8346721 -18.4524 9.416559 -34.03252 -3.7317576 -19.717617 3.411281 -9.423397 -3.2158406 -2.4185045 -0.7993877 -14.409147 7.949478 -4.940627 0.8286704 
-296.39804 135.91585 32.231014 13.935696 -5.46291 3.4673781 5.1322646 -5.465648 -33.185074 2.8357003 -20.229378 -0.7115977 -1.0462074 -0.85533386 -2.2342122 3.025774 -8.61227 -1.7085283 -10.603594 2.7708917 
-321.63464 126.291855 32.95505 20.572233 11.981231 11.660566 -15.706432 7.376531 -28.920664 9.518172 -23.487932 -0.7181421 -3.9917848 3.4744933 -6.4991975 -0.9816066 -7.1288867 -0.6076219 -4.5399313 -8.042829 
-261.67493 104.33603 25.831577 23.812843 -5.0576844 9.675323 -8.131937 0.6637103 -40.88634 4.2508183 -19.012474 3.8752048 -3.3220925 2.940791 -3.4413283 -1.4706138 -9.86086 -3.6939192 -9.098583 -4.936437 
-289.1899 114.16166 15.526669 31.226023 4.457315 10.228724 -21.218962 9.616866 -29.693089 1.8618274 -12.853672 2.1101313 -8.528873 4.8846264 -3.154362 2.762943 -11.007346 4.1647053 -10.321775 -3.9384778 
-229.85973 118.955795 -32.02881 36.34101 13.930266 -12.695134 2.7100363 13.853337 -29.700823 13.865353 -19.322931 -3.4669428 -2.4386377 -1.1479337 5.7049417 -10.591665 -16.108467 7.1290536 -19.536915 -2.3758075 
-278.80655 85.25992 33.694614 52.14894 -0.19400626 9.151435 -17.511742 21.788374 -30.669865 0.52368206 -11.757407 2.3762538 -7.3592777 -2.150468 -2.3542929 0.022764524 -16.641758 1.0158975 -10.018839 -1.7805331 
-279.7079 131.37231 -9.089588 55.426903 7.3638186 -21.372389 -16.318188 15.223894 -32.597893 5.993794 -20.14028 14.285956 -0.9458667 -10.060844 8.664102 -8.278973 -14.795467 -1.4210238 -17.893883 -1.6226486 
-358.24066 131.14015 0.6700313 34.682518 16.760342 7.8246984 -6.89507 7.5599995 -9.324123 7.3796377 -19.305489 4.8446827 -4.901761 4.575095 -2.2909021 -2.2736406 -14.916094 4.9925394 -8.190304 -6.672596 
-377.37424 138.23477 4.371974 26.783438 16.77319 18.845707 -4.5041003 10.847151 -11.756318 8.721932 -12.813562 3.325495 -6.7173233 4.7844286 -7.8666058 -1.1093863 -16.673307 5.5878773 -5.665873 -1.1514724 
-344.84012 146.45697 8.343532 15.893041 6.247768 18.05141 -0.45936808 4.287524 -26.52115 7.5056067 -6.3849797 5.949491 -5.6334896 -4.784997 -7.516595 4.42708 -5.9912553 -0.60088354 -8.285754 -3.1509418 
-297.05054 143.98387 6.552679 14.849511 11.33857 19.466944 -9.681791 -11.67194 -25.53373 9.590292 -10.572703 4.4830604 -2.0954351 5.819353 -3.80299 -5.1617346 -11.427319 -0.01913815 -8.391476 -6.432334 
-322.5503 137.7512 29.53074 28.61635 16.675097 9.842561 -18.226639 -0.539032 -23.717724 6.221483 -20.461515 0.37235695 -0.39414847 7.323789 -6.6391525 -6.7313137 -8.79614 3.5434551 -11.594824 -10.663222 
-249.80734 128.41718 14.071741 25.350014 -0.11542744 3.3001177 -16.621426 -13.014647 -28.960642 13.532078 -27.908308 -6.0511765 7.306683 9.791717 -9.689738 -4.0050926 1.7001846 -5.3961687 -5.443527 -9.524288 
-271.61365 108.0287 36.041702 26.482872 8.506009 1.4249341 -20.866522 -4.8538623 -21.643929 5.963862 -13.624659 -1.3362689 -3.9291983 5.987939 -8.49957 -6.335129 -8.82908 -4.353046 -6.8259377 -4.2249813 
-267.46753 101.90243 25.113071 16.646757 9.062464 5.3758984 -10.513789 -11.047487 -25.030342 14.353025 -23.887085 -1.5214852 -0.09221438 7.2836742 -15.019782 -5.622404 -12.455427 -0.6256044 -13.727668 -8.47299 
-258.28052 135.13046 22.342405 5.6406436 -4.7001038 8.660756 -8.8161955 -16.445107 -46.659805 14.538461 -14.103014 2.13236 -4.4096007 3.1963222 -5.1485505 -0.8725149 -15.079919 -2.977721 -13.234783 -1.5813966 
-238.15193 151.09357 -39.471867 13.6266575 -4.820997 14.030317 -7.8457522 2.9023979 -26.755058 13.249239 -6.6126785 -10.747869 -5.691823 3.6116855 -2.4058313 -5.4447007 -12.552499 5.7439637 -11.84015 -7.648947 
-318.19077 139.49014 15.771713 21.61461 0.29909313 15.0544195 -10.458313 -2.47734 -30.034172 8.21458 -7.240404 2.5473933 -1.6777081 0.8472368 -3.5437748 0.69429755 -17.815245 1.4138122 -8.726142 -2.5488758 
-359.70593 156.43973 26.0243 28.527262 -0.67060685 5.3864894 -13.999386 -0.7175916 -23.717857 -6.754447 -15.598616 6.6533804 1.1452463 1.7150538 -10.097493 2.4060893 -9.193473 5.00527 -2.8611658 -2.2787373 
-308.63535 158.07458 25.890327 25.356417 -17.604094 4.967301 -7.6691065 -5.076515 -28.4265 5.1776857 -14.07693 7.895851 -1.0683081 -3.440876 -5.833232 4.6464434 -10.795129 -1.7173753 -1.749122 -10.026501 
-338.58353 151.2589 14.712045 20.675528 4.4569035 23.189213 -21.629854 -10.9733305 -39.05384 12.925773 -0.7588166 7.4345584 -0.93959594 5.5142555 0.45361105 5.536409 -23.29482 -5.14604 -11.7735405 1.7618343 
-363.63672 140.60074 26.146275 25.04047 15.251105 12.970402 -14.20037 5.556176 -13.46375 8.881772 -11.503934 0.8594291 -3.8671477 2.06982 -8.587531 -3.2228618 -18.11646 -2.500832 -10.792595 -1.1581482 
-378.6251 128.96062 23.845057 30.989695 17.489342 15.227825 -3.8745792 7.4224014 -8.939282 5.535798 -14.078205 0.48452446 -6.826608 2.1881099 -7.8067408 2.137298 -9.727459 2.4131372 -11.987387 -5.4091883 
-354.67432 123.87485 22.333183 19.650421 4.677385 19.494806 -10.485555 11.365514 -16.293924 4.01425 -8.671369 3.7629864 -2.5979397 0.3299889 -11.216985 -0.7490753 -17.242235 2.1681507 -11.789056 -3.5819697 
-313.85193 113.55361 47.285812 23.772057 4.6695275 18.672419 -14.125243 17.898222 -23.318228 0.16274112 -10.628813 6.6031976 -0.59779036 -0.6283834 -7.446836 4.8918085 -19.04365 2.8960898 -5.847828 -0.82445186 
-328.6807 86.37304 45.246254 44.27524 9.371236 21.550215 -21.27665 22.585133 -27.086378 1.918176 -12.268916 0.11917845 -6.03718 -0.43804067 -4.090971 8.584787 -18.366459 8.826191 -6.719407 -4.6426663 
-386.58313 132.48212 19.90145 30.533522 17.25729 15.056237 -8.5117 8.705898 -13.237093 3.4892406 -15.627567 2.2341077 -6.888935 -3.4775245 -8.199406 4.4061375 -5.892411 3.9675555 -8.842531 0.6827328 
-389.78406 138.29291 18.605452 34.654408 15.731245 10.362767 -8.447641 10.738361 -11.165991 5.4205 -11.308994 6.0684695 -3.290568 3.3531873 -7.652331 3.5312474 -9.814913 2.5499766 -7.856056 0.28363186 
-396.6162 140.81093 15.775767 35.22646 13.293655 13.12639 -7.843991 10.855388 -10.898148 5.56954 -14.685223 3.8758135 -6.68092 4.446091 -9.382252 2.091106 -9.868677 5.898519 -12.000802 -1.5887347 
-413.68796 138.65892 14.041443 37.004536 16.177986 14.825126 -4.903684 11.881686 -2.602803 8.288487 -5.0233974 6.5975966 -10.3945875 -8.754919 -13.215854 -2.1364539 -13.019184 2.8899727 -11.409255 -0.9529255 
