-262.52106 29.086649 32.863693 68.99551 -11.935828 23.728111 -21.122622 3.6883595 -13.720527 12.473072 -23.344082 5.009409 -4.474025 -2.093557 -18.082623 6.4373727 -8.986303 7.4507046 -17.16439 -3.508669 
-190.98012 107.66633 -18.762295 42.675617 -1.3231837 16.47234 -23.765821 -9.048142 -33.634117 18.717123 -19.522484 3.152976 -2.0090208 -8.363201 -18.077282 2.5103521 -16.111595 7.9446716 -11.533081 1.4006368 
-229.54279 142.6839 -7.3409305 27.090155 0.104481064 2.459565 -3.520528 -15.661555 -42.698845 3.6577404 -20.04428 9.715232 3.3414755 -27.389229 1.1122652 3.0106895 -11.499678 12.796438 -14.278629 -4.9833684 
-222.9299 75.8356 38.74881 28.234262 -2.6014798 33.62532 -36.37819 -16.027035 -29.209944 6.3861365 -14.847012 9.141666 -7.422104 -6.27531 -0.24074714 13.808787 -13.633175 7.255226 -6.121413 -3.1367188 
-318.65192 155.71866 32.332256 40.3123 0.5379764 -5.918665 -16.021498 -10.418797 -19.121254 -1.4442712 -20.589497 12.6006155 2.61419 -14.3101635 -5.041704 2.4810061 -17.469086 3.4154534 -3.7947345 -5.770113 
-305.62708 152.3492 -0.36749777 36.6409 23.763393 11.69829 -2.0274727 -13.111991 -17.340723 1.72741 -12.878959 6.716155 -3.406106 -10.729649 -6.9909487 2.3392906 -9.238097 1.3748032 -4.4616833 -0.5939448 
-297.83432 149.58844 10.639474 44.123394 13.650763 -2.523353 -10.68389 -20.373505 -22.15905 5.443121 -25.452005 14.896473 10.217892 -12.442066 -8.704379 5.3812356 -8.734654 4.1988883 -11.7795925 -2.287341 
-348.30887 135.70706 19.617365 27.966057 5.460951 17.57677 -16.177568 -12.259356 -20.751001 2.4532545 -14.531348 7.5161614 3.1832335 -1.7675623 -5.382048 6.341481 -9.439716 9.329605 -7.380305 -3.7244513 
-269.05533 161.5376 -0.19294824 39.457775 4.818151 1.8971744 -10.701272 -31.054823 -47.49938 8.567929 -24.581255 23.290684 5.785914 -20.884918 -0.356324 8.618432 -11.408148 10.581085 -16.34086 -5.4957523 
-337.93076 125.4356 5.7833447 61.88139 28.880894 -6.903406 -9.597729 -1.297882 -18.426914 1.8633122 -32.659737 2.316889 -0.0060363347 -10.188189 -11.562932 6.7623367 -9.261357 7.9586062 -7.636894 -3.0993536 
-299.13034 66.46604 18.327555 54.34191 18.114613 5.4110746 -17.794249 11.956876 -15.378348 5.350023 -27.115852 0.80063087 -6.2435017 -1.1899486 -18.491335 7.246158 -8.606756 8.581169 -8.066212 -5.3113346 
-290.6844 51.379074 19.085949 76.98619 10.015831 9.164246 -18.894096 17.020733 -23.196234 14.429769 -28.563148 2.8205783 -0.23109405 -5.1029267 -15.831406 4.0818615 -10.433875 6.119478 -11.3332815 -6.7583475 
-308.5968 125.9995 10.705331 42.90071 5.5982 14.257253 -16.642088 -14.609907 -31.307915 3.2484143 -27.858093 9.14508 11.177548 -4.453821 -3.9348564 8.982268 -11.683805 6.383001 -4.026251 -3.0802035 
-353.1126 125.98375 13.46532 63.857162 14.96795 -7.4117303 -2.745305 3.718836 -18.503101 2.5593214 -32.47963 6.908709 -5.0298433 -9.460978 -8.730838 1.8165368 -8.813788 2.447354 -12.857341 4.9908905 
-358.60037 142.41542 11.333727 35.847744 23.124857 17.767529 -1.6550806 -5.9744062 -15.6116905 1.9202048 -15.618325 11.139618 -6.1981936 -7.923548 -7.3890862 4.8199434 -14.944378 3.6953413 -5.886902 0.093936175 
-369.40768 127.13454 15.91943 26.508003 13.272797 24.506685 -8.1012 -1.7015767 -16.918333 5.462475 -15.372236 10.991616 -5.4177465 -4.5268936 -4.23572 3.4887195 -8.617635 7.8981576 -11.663949 -2.421117 
-318.64658 138.53816 7.282113 46.75287 6.155996 15.784415 -20.028728 -24.694954 -26.976748 7.3790283 -20.482836 12.794017 0.8323537 -5.581638 -3.2328932 11.362448 -13.665293 7.9068613 -12.319255 -3.6236446 
-321.17462 125.634735 26.496483 40.11122 -2.2948852 20.223783 -14.074261 -20.273504 -16.845991 -2.7526336 -17.797842 17.802214 -0.30250666 -6.4814963 -3.114462 8.5612335 -11.028595 3.7586737 -8.695629 -4.235079 
-305.035 88.25876 49.87266 27.835066 0.102922864 12.658528 -18.03182 -8.968817 -14.3998375 0.22601265 -22.835194 8.673429 4.0815167 -1.5112097 -3.743741 10.446926 -19.515087 7.7488947 -10.684793 -4.482252 
-240.0836 100.7 14.813641 12.680437 15.628418 5.822553 -18.759956 -7.417828 -29.819489 9.453506 -6.310385 10.235339 -10.875442 -9.693055 -16.742516 11.870612 -11.4963665 9.750075 -8.999895 2.6937664 
-267.4268 136.0823 9.354437 16.70555 -1.823197 -7.4086185 -4.0926275 -5.78781 -22.634495 9.467276 -11.305126 8.643273 3.116762 -9.715175 -21.058527 8.52515 -12.861533 1.2377274 -4.087366 -4.6891937 
-369.37943 136.65694 25.770039 51.778854 26.162416 4.1434946 -8.504714 9.256659 -10.6920595 1.5240045 -33.112045 4.445307 -5.8645544 -7.576617 -15.239521 3.5267498 -9.926258 0.5834909 -12.088242 -2.5366492 
-367.30682 116.15819 10.681569 54.99276 17.863207 7.1846204 -15.765447 -6.068571 -6.1352267 0.9958898 -22.199484 8.579897 -7.6845713 6.42653 -9.769424 4.776346 -8.823888 10.621974 -9.0242405 -3.044397 
-420.3655 129.27179 15.637419 31.82298 15.663666 12.568893 -8.064193 10.490598 -7.9244404 9.057752 -13.134215 3.5581152 -4.558424 0.13837953 -6.594367 0.87604684 -10.9242325 4.5755067 -12.66752 -1.3066648 
-418.57004 135.50816 11.01166 36.86893 15.390265 8.527622 -7.8499165 9.547022 -8.358902 8.352055 -10.437026 0.40336567 -2.178084 1.2024055 -7.2378354 0.66247755 -8.889842 3.476605 -11.211226 -3.2772276 
-317.1462 145.31108 -13.048177 30.304619 13.797123 8.43635 -3.6348224 -13.844305 -18.19471 17.204317 -6.6145844 2.455159 -4.4439006 -12.554025 -11.117787 5.060648 -7.944386 3.2400527 -7.2056327 0.87195426 
-279.84152 137.97604 -4.2533 15.442906 -7.9993405 18.237507 2.601243 -6.429293 -15.994137 13.657648 -3.4160223 6.1237783 -4.9072075 -16.625504 -16.901995 3.0043602 -6.958966 7.3839207 -5.5928016 -0.9258137 
-258.2829 72.154335 27.479671 17.515734 12.152866 12.348503 -16.400288 -9.453094 -24.678576 17.327126 -9.484379 10.623485 -8.396189 -8.273615 -13.396783 7.0957775 -13.961506 8.746814 -14.796051 6.1654363 
-274.12646 144.50584 4.8147235 27.243816 -3.9636056 -4.8258815 -0.36559793 -6.348065 -23.886604 6.628515 -19.236065 9.651997 6.0266643 -11.129502 -16.390781 5.179058 -12.166507 5.5149417 -2.345685 3.5733898 
-310.21646 134.52988 9.882193 56.291817 36.094913 3.442574 -9.915226 -13.707649 -11.113781 1.811796 -44.73809 5.2367105 1.1135309 -17.65582 -15.758643 6.688891 -6.806676 -2.108964 -7.757408 -0.80212235 
-313.4142 154.84796 6.8479295 42.533466 15.665302 -6.4252577 -16.20136 -19.959362 -14.488748 3.2464964 -16.138739 10.133678 4.0612016 -4.8336864 -7.8399353 4.654392 -15.890575 1.8309481 -2.0114028 -3.3229785 
-332.79498 119.93785 38.99094 25.656975 5.472929 8.868663 -11.474461 -7.6816983 -17.18083 -3.3511333 -15.992231 7.3425827 -1.5488379 -6.268305 -10.225615 12.098157 -11.689146 4.5813084 -8.1026 -2.9983575 
-285.74377 74.71191 26.872 68.43706 22.907358 5.5295367 -16.693197 2.1032877 -18.670597 8.278699 -40.24025 0.8860704 -6.8803616 -10.617781 -19.308855 -0.8175574 -13.500648 5.517944 -18.555319 -2.5348737 
-350.93884 129.99005 13.316317 42.042313 17.494448 19.06519 -14.345978 -10.6468315 -17.083563 5.912143 -17.89404 3.2451913 -3.4861634 1.655077 -3.5481174 6.1172233 -16.199127 3.0687666 -9.76005 -4.159665 
-298.26938 98.98367 20.202656 49.9524 11.122777 25.644066 -24.697102 -7.943239 -17.927351 12.629427 -23.578995 5.343691 -2.5235536 2.8843641 -3.7953596 6.9097505 -17.060877 5.8742647 -6.080581 -7.7843957 
-316.10974 137.28542 -4.1661854 61.220833 43.236553 -2.4357219 -12.54345 -18.768356 -12.861179 7.7505627 -38.451073 -2.402716 2.6245458 -3.977436 -13.664821 12.262219 -7.369395 7.2464075 -0.9631383 0.36385283 
-286.36984 139.75243 -8.871681 48.656807 22.620428 1.095853 -17.29829 -30.299082 -25.055166 7.0622454 -30.852129 4.644848 3.8962352 -6.801403 4.2272677 17.55387 -13.138647 3.604282 2.0344043 -0.8422591 
-363.53964 140.91046 9.533469 51.91817 20.49623 -3.338408 -11.73789 -1.7373762 -7.086172 1.7957802 -26.277534 0.1562584 5.003704 -2.4835596 -7.785553 3.7212 -4.1738186 6.3191996 -3.9757013 -2.70091 
-406.32312 125.65972 12.360403 36.068687 14.008825 7.0144773 -9.883706 10.981646 -5.2771697 7.9756417 -19.400368 4.082751 -4.2744536 0.00064322684 -13.663528 3.0012214 -8.113757 4.550246 -9.255441 -3.1433582 
-411.21548 124.58998 22.544199 34.57313 17.222084 11.976626 -8.172753 9.27734 -7.7769375 8.247046 -13.397272 5.85077 -8.47683 5.0007014 -11.11285 2.3059065 -9.294731 3.6783519 -11.659042 -2.7785628 
-413.42648 119.82206 21.941723 31.905056 13.672571 12.781625 -8.904315 10.859845 -9.918294 5.782323 -14.370276 1.9977556 -6.936948 0.041841168 -10.110966 8.482584 -7.620732 3.9665468 -12.164748 -0.9690467 
-237.896 32.928432 46.825294 38.044434 -0.5859311 42.0211 -32.373627 -9.571 -22.04219 10.04616 -27.959383 1.8153017 -12.702024 0.25831679 -13.560484 8.450292 -17.641727 6.0996103 -7.293106 2.6276855 
-246.94193 71.33078 25.094471 46.40867 13.901752 35.712444 -32.280674 -10.576026 -25.390274 8.413939 -21.809393 1.1288954 -17.975986 0.49009773 -0.903368 5.1958323 -18.732912 2.105047 -2.9800255 1.6926311 
-305.70422 105.68286 22.611116 37.285633 22.83901 20.388844 -25.435812 -1.0720711 -13.9542055 8.347023 -17.914347 -2.3301892 -12.298797 0.3074229 -0.17887057 4.206414 -13.605271 5.5297847 -4.242647 -5.795316 
-163.48907 143.7005 -35.61017 19.030226 5.062074 -2.1988218 -8.766726 -18.956686 -38.40751 14.661182 -18.291664 5.819786 4.178899 -22.107279 -10.871639 2.880261 -17.982391 1.886067 -8.685908 -2.1713336 
-274.8329 128.47289 5.520538 40.609184 18.752954 5.3275623 -9.027145 -25.408363 -23.151312 11.476413 -26.424896 0.28891113 -11.369854 -11.557189 9.533189 5.9774837 -21.440163 7.600636 -6.904911 2.8713787 
-260.5791 132.78032 -8.836857 23.541847 11.806327 11.83749 -4.102128 -2.7564633 -25.537525 -3.2526531 -17.058113 7.101202 2.3767767 -5.968097 -9.51804 -1.7654618 -12.907605 8.197181 -7.152397 -2.9696531 
-269.71384 128.95296 13.442895 51.382866 35.750942 3.3552437 -22.766624 -19.02922 -18.38836 4.938817 -37.81102 6.4043064 -8.24107 -7.191062 -2.8609457 5.7236567 -15.043901 2.0823395 -9.222707 -3.1707494 
-289.8404 108.021866 26.102564 59.857212 23.534874 14.535387 -19.654335 2.2013729 -12.330184 3.2180157 -31.385735 -1.314242 -2.5059054 -1.2113351 -12.535843 2.6964295 -8.44875 6.9789658 -3.0056446 -6.707645 
-287.35522 145.13695 11.252051 55.238537 14.06033 -1.7838694 -13.92061 -16.119001 -21.295095 -4.7431583 -41.459694 7.996313 4.4947476 -14.496633 -5.73733 10.284054 -10.7321005 5.399449 -4.2874 -7.145145 
-298.57016 152.78496 -3.7808828 36.617165 5.785374 -6.488142 -14.805813 -17.3825 -18.889008 8.406213 -18.298052 10.217333 14.018848 -6.7094126 -15.40797 5.7029424 -13.841109 -3.6979163 -6.5162673 1.3785098 
-310.72943 101.47168 35.366158 23.61071 11.538504 10.85929 -16.16516 -2.0496993 -17.554396 4.317637 -18.778793 10.480659 0.18096416 -4.7612267 -14.157633 1.33282 -20.212442 4.8547516 -12.453518 -0.65589356 
-309.95203 96.07141 26.852198 11.488639 8.76498 22.437464 -24.497074 -2.8321066 -14.784849 12.224223 -7.0654235 21.675438 -12.496029 -10.999522 -10.104508 4.296194 -12.797858 5.760515 -5.0881515 2.1775143 
-355.69724 143.51071 0.80183625 30.787794 12.248372 11.51723 -4.818751 -4.475274 -18.067501 10.472809 -9.507896 7.211623 -8.728168 -14.337828 -10.109925 7.2164025 -10.924763 3.0261374 -6.100112 1.2475687 
-338.1551 149.08362 -6.445439 20.611818 -0.05513456 12.447258 6.4387646 6.0243006 -19.133917 8.268438 -12.496363 6.5570374 -5.017172 -12.091996 -14.509144 0.8041163 -9.179009 6.2352734 -7.0775595 -0.4793343 
-409.53915 134.5586 21.526764 33.2211 11.900365 10.529256 -9.273613 10.323504 -11.611274 7.531505 -13.774902 2.974095 -5.363516 -1.9967971 -9.582821 1.195308 -7.951563 4.3534985 -8.719471 -2.8357732 
-241.11469 148.38235 -29.106066 34.82921 17.750582 -2.555968 -5.2538705 -15.998496 -20.751228 6.893057 -31.625814 6.43055 7.6306653 -13.781207 -15.307519 -1.3255163 -20.696281 6.1300197 -4.206273 2.8777957 
-270.1295 120.27893 29.124115 25.409698 9.434514 21.469461 -14.850098 -2.3347545 -28.68301 -2.5629203 -16.28406 9.429609 -0.026207395 -13.917618 -11.260742 10.430851 -20.521757 1.5027444 -2.4778223 -2.591029 
-296.36673 155.60783 14.600603 33.626858 -11.493242 -6.125008 4.6000433 -6.8558416 -20.750244 -2.1676729 -22.303223 16.245567 11.121232 -6.3914075 -4.9709063 -2.0373948 -20.656572 -0.7727973 -1.8780289 -6.4335985 
-301.1036 136.56549 38.47161 33.406967 2.6200132 0.19514507 -10.427275 -2.2558343 -25.93185 -5.436025 -29.786648 7.0181413 7.3879447 -3.7151897 -7.8991175 10.033566 -15.004818 3.6720624 -3.6104593 -3.8749912 
-326.4474 112.35062 29.119389 41.92153 31.008911 9.605435 -20.325684 6.1719646 -13.342608 8.677038 -31.235046 -0.044786215 -6.6733994 -2.9555264 -12.722709 4.144701 -18.260582 4.0844035 -6.8428416 -2.5973563 
-350.037 125.550934 20.258383 43.37115 21.257927 6.7266693 -10.894741 -1.3311725 -5.9107647 5.0148263 -27.836031 3.6561627 0.00274335 -0.8973149 -7.3849616 0.77106833 -16.342993 5.404172 -6.1578116 -7.7632227 
-299.33566 125.77847 7.5814056 51.191 25.670263 20.471664 -13.138754 -25.570318 -23.434202 2.9294436 -28.135292 0.06980928 -5.2133465 -13.351203 -0.8644655 13.9616 -17.329763 2.554809 -4.620888 0.8025626 
-303.32434 155.58072 7.088384 33.954494 -7.054335 -6.323969 -3.255198 -7.170957 -18.305244 -1.5519792 -9.178491 9.219381 4.4820676 -0.2118313 -12.295227 1.9724854 -17.081976 1.277729 -1.8372313 -0.22255792 
-325.92297 151.07962 16.403217 49.232895 21.283255 3.3756783 -4.72561 -6.604257 -15.036735 0.6317359 -25.573483 2.1090384 -2.1084049 -7.222737 -9.711813 3.9626703 -14.341801 8.034297 4.9821267 -5.3726845 
-307.67322 154.0223 -15.189128 53.037083 22.21778 5.655315 -16.01472 -22.517899 -12.25102 14.500939 -15.82394 5.11231 -4.8383703 -11.916569 -12.426028 3.700259 -18.783787 0.7173509 1.2238195 0.3428491 
-378.39502 142.79024 1.0572515 44.463215 10.442235 11.656666 -14.340999 -8.254756 -11.687997 11.005476 -12.221702 8.530829 -8.415828 -5.195414 -6.401525 2.5601454 -20.93754 5.875425 -7.540775 -1.4303771 
-307.5812 179.94109 -20.972431 27.528044 -6.5520153 -2.9265788 -3.2126346 -4.403473 -15.026378 4.8631387 -9.895679 17.788288 3.0327742 -12.987072 -14.457526 -1.9661318 -14.047291 5.1201243 -4.3789973 10.414387 
-332.1007 147.58032 11.965916 33.622692 20.261436 4.3868213 -17.990723 -3.0192533 -17.591747 6.296614 -14.338115 8.211877 2.105222 -8.998223 -6.784813 6.475697 -20.084797 -1.5151566 -3.9454389 -0.41787866 
-333.27863 152.23082 -3.541754 42.053146 16.124023 -0.55963326 -21.184713 -19.988075 -6.6181917 15.964161 -14.854416 4.457339 3.4170573 2.498097 -4.252627 -0.6380176 -14.148929 0.29004478 -2.201756 -7.690969 
-405.7621 126.69107 12.327601 42.50112 11.523815 12.774389 -10.602817 7.723322 -6.4978347 13.51003 -22.987011 7.849519 -0.8782752 -0.6164889 -10.46547 4.824804 -10.183674 3.365608 -11.85269 -3.65662 
-417.93298 135.306 11.729639 36.965446 11.240975 9.210668 -11.925265 7.5735636 -6.7517986 10.425651 -16.305931 5.572949 -3.9187977 1.7623816 -6.253129 5.033204 -5.4223514 5.303419 -9.2696495 -1.1555607 
-429.0923 134.18561 19.37343 36.196762 13.385689 11.396869 -8.729459 12.563934 -11.979023 10.065676 -13.787252 3.0003119 -3.6601334 1.645239 -7.467224 3.9495747 -10.424398 5.053856 -8.565796 -0.6420153 
-420.72635 128.94502 20.287796 33.764202 10.709134 10.454815 -7.771275 11.53924 -10.370966 5.7847896 -13.533818 1.6535121 -1.9958711 1.027986 -6.3990555 0.41608068 -10.318559 3.2126036 -9.16044 -1.7514457 
-307.95093 81.48673 39.47962 34.219666 4.853289 28.862997 -20.384022 -6.119689 -14.671763 5.551124 -18.624826 3.8357425 -11.855172 -2.5659552 -6.735685 7.275526 -16.124939 3.722823 -5.5920644 -3.7881079 
-187.85164 147.45354 -30.059082 37.27667 12.943421 -14.088192 -28.875265 -41.81307 -23.356827 26.290977 -16.544462 7.566158 5.410177 -7.0131545 -6.5576115 -2.8686914 -22.718464 0.48691452 0.78750396 -3.3247306 
-214.66461 122.99156 1.8747163 43.42629 3.8862932 0.026514266 -27.98946 -24.046818 -24.359642 7.6390915 -24.798265 5.279043 4.2932496 -14.720206 -18.69966 7.7398214 -6.5445056 3.5215127 -9.353772 -9.135027 
-267.27502 165.732 -9.104291 26.09867 2.4024954 7.0143027 -10.972019 -13.811143 -16.172325 0.07033454 -11.148811 10.774448 4.461468 -6.182284 -13.201004 2.6795282 -11.354298 1.6305292 0.88285184 -4.201651 
-294.11984 161.80988 -8.255322 43.77321 14.383713 13.620443 -11.425448 -38.939384 -16.809792 6.4489264 -8.567146 22.023092 -0.7324468 -19.607948 -6.791132 10.748859 -20.46826 -5.137546 -12.604554 -1.9242549 
-365.93445 135.78122 21.468987 36.85708 12.296993 9.195142 -6.724989 -6.663427 -11.545634 4.8662724 -19.88555 0.48051363 -9.186668 -11.033317 -4.813753 4.947855 -10.948484 5.088301 -6.897144 -3.6009665 
-258.57855 53.11348 46.224777 59.712387 3.3945258 22.269083 -19.301456 4.8496203 -17.33327 4.2107177 -26.769762 -2.7026136 -7.8973794 -6.1607103 -16.34551 4.326469 -11.750961 5.7498674 -8.0553 -5.233618 
-296.75717 145.67517 16.185242 20.528969 9.442633 18.550144 -20.743444 -3.2881079 -24.802738 1.6969585 -10.579105 17.68871 -0.7282542 -3.921039 -15.7379 -0.43242493 -12.945717 -0.37343612 -2.75968 3.4254475 
-309.05896 142.08482 20.302925 37.906483 19.443752 14.535601 -6.801658 -16.775364 -18.7786 0.38646704 -15.6741295 5.7333198 -2.3137696 -5.683672 -6.996798 8.55616 -16.904285 1.8681188 -7.0820484 -2.3792334 
-292.2311 109.85792 17.317669 55.699265 29.290989 9.183744 -15.11356 -14.252441 -17.805063 11.504278 -30.475468 -4.30612 -7.5254245 2.308502 -9.313145 9.681722 -11.8399725 9.160597 1.3432937 -3.086009 
-301.87146 151.64665 -4.724217 48.738544 13.401902 9.8768425 -18.818892 -41.149956 -20.482399 7.129704 -11.358605 14.900953 -0.5364953 -5.3562956 2.2565522 12.61582 -19.07652 -5.0407505 0.90797573 -5.179019 
-392.45786 136.14287 18.676775 33.56446 15.485243 10.892936 -6.002358 3.1861062 -9.139657 1.6887612 -10.691764 4.1084003 -5.8278 -2.8022933 -5.1767554 1.7720218 -7.3118396 0.49195474 -8.740337 -6.30624 
-299.1686 111.977905 46.26845 32.452602 7.611852 25.759789 -19.801292 4.520823 -19.751453 -9.994377 -14.595603 7.928844 -1.1807688 -6.031904 -8.660091 3.918227 -12.279974 5.7606244 -3.7935321 -1.9688123 
-293.73886 133.80522 30.257772 34.576942 -1.6180996 22.333921 -6.2662487 -9.587395 -26.007378 -11.9339075 -23.71724 9.168545 2.2330098 -4.4113946 -2.9547546 0.37979195 -11.945044 0.89945436 -2.4227324 -3.4958966 
-233.32146 100.36156 18.506844 25.956516 7.334224 23.873756 -30.82166 -13.169554 -34.47848 9.990336 -11.669488 7.5687137 -10.439042 -10.162709 -3.6462774 3.2850487 -18.56535 2.9205048 -3.3643086 -0.62752104 
-280.23892 127.09002 11.388765 33.17073 9.416564 21.296942 -22.153385 -0.9953308 -15.314214 12.41711 -9.218592 -1.4344554 -11.018116 -10.722009 -3.759503 3.8624103 -23.726793 3.921566 2.5047553 -6.0903387 
-309.30524 153.45796 14.031551 39.701866 12.931296 9.571057 -7.726483 -18.882265 -23.081072 1.8799528 -12.156984 7.1479273 -0.6519919 -3.9317448 -1.1786802 4.699653 -18.881193 3.6753378 -0.49299636 -3.446142 
-306.57416 110.49493 33.204483 45.00522 26.785257 24.233177 -26.693174 -7.387969 -17.920137 5.4786463 -32.178314 0.89360344 -7.2486854 -4.8443394 -6.556944 7.706553 -13.809755 9.105062 2.0956278 -4.004221 
-299.7543 92.42133 20.914803 57.649956 6.9476767 21.425638 -12.359529 -8.816492 -20.363092 0.533003 -32.01435 6.0346365 1.9385351 -2.500748 -6.4925776 8.078228 -9.483733 8.46014 -7.7749195 -3.2097042 
-324.75034 140.06862 6.748123 47.566547 25.1084 2.630134 -17.15395 -9.517111 -16.786865 -1.9566941 -32.59343 3.4993489 7.8220606 -3.9693544 -8.826791 7.3147717 -7.3302927 6.5284634 -5.142575 -7.499254 
-326.46582 140.52632 13.083767 44.793278 31.257076 7.746146 -29.787235 -8.59688 -24.064955 -5.232824 -31.069767 3.959134 6.4555182 -6.067836 -9.084993 12.796653 -8.852386 8.140687 -11.418184 -3.8946664 
-342.61533 92.41034 46.196884 31.485588 21.69444 26.682474 -28.697605 5.843932 -18.81999 7.6838946 -27.372362 4.183691 -8.031067 -1.3071938 -6.7089095 5.7552075 -13.498966 10.7294855 -5.3851614 -6.485811 
-344.99832 125.520424 12.250784 53.629654 24.298014 11.595065 -20.526451 -10.537914 -13.696765 7.8931484 -30.15737 -0.47673225 2.623863 -1.5237976 -3.3028252 12.319857 -13.042053 5.2497253 -2.8304155 -4.399065 
-358.01245 111.12357 34.182907 46.26196 12.459593 37.75708 -24.747797 1.6240232 -21.199188 7.783541 -15.322183 -7.6309 -11.595035 -4.4869013 -7.678121 9.02905 -16.076103 -0.7005664 -7.19692 -0.5932882 
-415.467 131.6286 19.822365 37.687927 11.152565 16.397528 -7.8549466 11.488887 -8.997531 9.936739 -12.825207 1.653918 -7.6989765 3.9337888 -8.353361 3.8465397 -6.7520123 5.8972874 -8.174236 0.38419828 
-380.74576 120.93304 18.596022 30.234928 11.450399 9.988287 -10.780033 3.0503805 -10.718867 5.0640316 -13.344257 -2.3436556 -2.704148 -0.4070167 -7.9117637 0.8779211 -11.077583 1.5545315 -7.0447254 -4.2286344 
-209.23517 121.31318 -13.829448 33.287464 23.208115 -1.6853775 -20.079056 -25.430685 -33.303707 13.897033 -24.486902 -0.5933952 -0.23260869 -8.620777 0.31494915 3.3420599 -24.529076 3.6213384 -5.009982 -4.035391 
-323.88174 155.62653 35.538616 42.21457 6.7588396 -8.689425 -8.372102 -4.0265627 -24.507149 0.11338297 -16.739462 2.1788187 -4.0632763 -7.861185 -11.495019 0.17944553 -11.395908 7.391343 1.2986954 -2.6636744 
-285.69785 164.04424 -8.567504 27.701225 -10.982532 -9.778077 -0.5410491 -3.698569 -20.631865 8.109867 -18.960266 4.8174057 14.462117 -4.6158466 -19.63422 0.7791923 -15.685408 -1.6622144 -0.3059433 3.972251 
-296.68518 116.45407 12.435959 43.479336 7.84213 14.785546 -11.644276 -14.584337 -24.554007 6.100058 -22.164251 3.7981305 4.745324 -7.568135 -12.766181 4.8841467 -11.172048 -3.7135391 -7.760393 -4.315227 
-321.98547 65.1276 28.958553 61.60581 -6.0581503 23.857079 -13.813615 0.43923104 -8.819234 6.647439 -29.328016 6.230957 -2.4531217 -5.1932173 -9.975661 2.3660288 -14.398536 4.2479153 -10.937471 0.11508354 
-316.6922 102.81911 27.689354 26.757637 -1.7702785 27.618372 -7.359564 -9.186273 -12.785676 10.3277645 -12.283308 10.992325 -2.075832 -11.925176 -12.398706 6.4437385 -16.041168 2.9065077 -3.9816644 2.7815065 
-309.63004 128.94737 10.943523 58.579292 25.711264 12.174959 -21.227175 -23.633142 -18.438059 2.5078871 -31.184366 -6.8178306 0.48909792 -6.7007694 -5.5487328 8.955213 -15.974862 6.81445 6.4942102 -6.0834026 
-332.0557 160.59377 2.3517227 35.84743 14.849528 13.836987 -11.797677 -11.78072 -19.577538 1.0282868 -17.77379 8.077113 3.8500469 -5.541433 -6.237339 4.3699603 -12.736541 4.8163934 -0.4104343 -4.593857 
-399.09332 150.0711 10.426613 40.159504 19.862898 19.232464 -8.306767 0.32035288 -16.880222 5.582621 -14.262739 4.0648136 -3.4149904 -9.987907 -5.156527 6.033814 -12.980466 0.2656932 -9.1329 -1.4597304 
-421.60437 135.92796 15.4715185 37.231613 8.085214 11.859082 -8.6692505 8.642608 -11.362281 7.0437613 -14.08498 -1.3924394 -3.8545427 3.3290522 -8.223167 3.8760922 -11.540544 5.9743795 -8.486951 -3.1123266 
-368.3733 130.3725 5.2311473 24.229416 6.863069 19.43214 -7.424406 -5.7474327 -21.46888 8.287854 -15.48488 6.8594623 -5.9577184 -6.0438976 -4.7333393 3.0659177 -11.321781 7.170083 -13.561813 -1.5800918 
-286.42926 119.90067 29.97155 30.40761 3.7068143 17.350334 -22.4813 -16.273325 -26.982788 9.2804 -18.8184 9.489447 -5.8695226 -9.290918 -0.96743774 9.410438 -17.277864 10.786978 -13.107656 -9.242959 
-344.6817 129.62654 12.310878 49.55684 14.887943 13.325778 -9.315943 -8.361847 -23.209885 3.444383 -21.32895 -2.6369019 5.4795804 -3.9795659 -13.613796 4.569108 -12.829931 1.8199003 -4.122094 -0.27525473 
-329.55002 133.71576 -8.869719 42.700264 10.490443 -1.7086835 -12.71536 -3.690595 -29.41455 16.904581 -2.720753 6.874437 4.8650503 1.9410591 -13.835764 1.4250888 -12.81738 0.088293724 -9.962011 -1.2927941 
-391.02307 141.00302 10.879939 39.052124 -4.315431 10.661795 -6.136484 6.1953945 -18.276842 6.1838007 -12.868504 3.7468855 4.9295554 -0.1851539 -12.819629 10.071304 -18.852497 12.663447 -6.1218863 1.938073 
-416.78983 144.33795 2.90668 31.703285 6.9888763 12.47064 -9.542735 15.956221 -10.632984 9.507747 -12.784392 2.859229 -4.2611666 0.83046067 -5.549703 3.2768328 -12.061321 7.198422 -11.169598 -0.07633681 
-421.55344 135.98935 13.510499 34.207718 7.734268 10.825206 -7.4809093 10.269849 -9.150082 8.369394 -12.172905 4.6132903 -3.9267612 0.17656022 -5.1541147 3.2106714 -15.223301 0.4367878 -12.537854 -3.0694952 
-297.35538 165.72574 -22.806911 32.025223 16.374903 10.102191 -11.3300295 -15.162711 -22.506392 6.8923206 1.5092542 10.393275 -1.0201846 -17.66718 -19.029945 0.743992 -13.232204 -2.8919415 -3.8629582 7.083563 
-225.62811 102.61935 8.286589 26.795671 12.74184 14.52946 -24.562551 -13.34436 -29.668295 19.862722 -15.12466 12.132498 -4.7610803 -7.267126 -6.732476 7.353785 -19.313107 6.64071 -1.4714385 0.07710086 
-319.99875 149.99167 6.5495124 47.700623 22.185768 -2.1029162 -20.328526 -5.8141413 -11.740167 11.293438 -24.970505 2.8334603 -3.0949354 -8.715083 -7.3459024 6.1547804 -11.16592 5.6613374 -2.0190911 -3.3206282 
-284.38165 149.25058 -12.259457 43.570057 16.096107 -1.2750372 -20.20293 -16.346226 -13.932721 4.81437 -11.635284 8.320223 -3.2175312 -3.0196302 -13.92108 4.680825 -8.789749 5.7628746 -4.725382 0.80351573 
-392.8023 136.16006 9.595186 30.475664 2.3693998 16.522068 -13.734296 6.3623786 -14.651354 16.2649 -5.7746515 8.3533945 -7.4967594 -8.32741 -10.536759 3.5115292 -10.22882 5.5083933 -10.726911 0.83721155 
-365.32443 132.10442 9.310607 26.641788 15.800671 19.148262 -8.10525 -3.8203757 -14.895931 9.880352 -7.094248 6.743307 -10.80638 -5.689815 -13.2643795 4.410859 -18.49399 1.7899871 -8.85032 -0.37479514 
-406.02145 109.972725 32.565716 24.096006 18.412483 12.721456 -7.7493076 16.782698 -14.839379 10.90023 -15.022485 3.044777 -4.6364098 0.79475427 -9.943889 4.4969764 -13.215122 7.1354837 -10.309893 1.5521175 
-427.1264 136.68802 12.157951 35.981068 11.050972 10.189148 -7.6429877 7.785213 -7.3296366 8.292851 -11.681109 1.6942071 -4.442521 2.8334372 -6.1573424 4.908483 -9.609399 5.478829 -7.0265117 0.719928 
-398.35263 117.869576 11.692621 35.71081 12.290745 16.582556 -10.720288 -0.5571714 -9.071164 13.268857 -12.719208 -1.6127303 -7.0661535 0.73827374 -8.432498 7.853834 -13.787419 5.5859876 -8.823738 -5.1871047 
-418.6776 126.98935 13.219651 32.9408 18.39226 24.070345 -8.540831 -0.61229867 -12.693344 14.696012 -5.89542 4.6613736 -2.455432 5.9315066 -7.9568067 2.9432538 -14.685879 4.2254066 -4.277683 -2.7495708 
