-400.71628 132.9376 15.141741 28.338232 6.607356 5.0761814 -8.051139 11.542348 -11.903008 2.4481585 -9.823531 -0.99185085 -2.7676313 2.260885 -7.1152725 5.589049 -12.408939 2.819726 -10.9162445 -3.1504924 
-311.72028 155.18791 36.66081 26.249273 1.252291 -10.65149 -2.3387125 6.875466 -20.908308 -5.426557 -11.754036 -12.725978 -12.446291 1.1733727 4.7332993 12.804454 -6.6228986 1.6597981 -19.35073 -6.9293003 
-282.29916 133.65651 56.436157 32.162857 -16.09682 -5.1866837 -4.6040998 16.210999 -39.86478 1.9275606 -23.312449 -15.492625 -8.74398 -3.4043505 -0.436656 8.436164 -6.932132 9.221109 -7.92396 -6.9159484 
-238.95575 76.71585 40.265392 38.14081 11.232627 10.897516 -19.66177 11.2372675 -50.03463 -0.5972381 -19.548023 -5.982338 -19.791447 -1.6519146 -0.34953964 2.0911884 -5.3717294 3.4986856 -5.686219 1.5857912 
-254.00708 102.17062 54.920395 28.405525 -20.613934 14.817289 -2.8268251 11.462303 -26.809017 -7.5959573 -19.823872 0.38250616 -7.027808 16.123167 4.15814 4.0700617 -5.2624183 0.58055305 -15.4318 -0.4561978 
-313.7948 138.80394 34.85227 38.70318 27.59532 -4.7230897 -12.501413 5.1092205 -27.461164 -5.351318 -13.429595 -12.05239 -11.983471 7.4591937 -2.668007 8.475188 -11.683999 8.106281 -11.417685 -5.3794513 
-282.01395 114.91436 49.704582 12.496332 -6.9288077 11.034218 -1.0049828 14.942961 -28.124693 -8.241813 -10.142302 -3.5623016 -6.1352024 12.556576 -8.153284 4.906431 -9.6075735 0.6760446 -8.599872 -0.85160035 
-319.28113 134.43207 43.01901 21.084272 -4.4675083 12.682565 -2.8466997 11.105423 -21.860022 -1.6403526 -16.240763 -8.4612665 -10.643124 5.7716646 1.3843623 12.161334 -9.262565 -0.25069845 -14.469747 1.5355303 
-318.61603 91.716255 32.558205 41.930824 2.7847657 22.739067 -10.773874 4.490304 -28.29388 5.903423 -21.260586 3.2353966 -17.92389 6.946177 1.2218237 6.4878683 -9.10045 5.0618877 -11.469356 4.1518817 
-290.2945 132.33217 -1.8685423 7.267524 -1.1333809 34.40248 -8.268124 1.296861 -31.931038 8.076984 -1.4664817 -7.287882 -3.1530619 8.768299 -2.0865984 10.463084 -11.200143 -3.9574568 -7.856046 -0.7464733 
-356.42743 149.3065 31.129982 22.826057 10.265498 11.3580265 -4.509487 10.608207 -23.642841 -6.542868 -20.851862 -7.7966743 -6.9017715 2.2125437 3.2344382 11.851581 -4.813606 4.910114 -6.773316 -0.6196533 
-352.28333 168.05054 15.338398 15.837718 -5.7431574 3.9490933 -1.6118242 18.530155 -23.426426 -3.7620392 -12.1732645 -6.581543 -1.2520345 4.145491 2.6773105 10.823019 -11.912352 1.4643103 -15.04725 -3.2423575 
-338.29517 138.02089 30.683167 27.568064 3.9103885 13.627918 -1.6540152 4.2470756 -23.92967 -6.035468 -10.59987 -2.4938154 -5.715497 -0.8517689 -3.1417177 8.792926 -7.2677517 4.722175 -12.4010935 -2.841735 
-328.8702 83.67004 58.504753 33.943123 -10.666587 16.510216 -9.968472 12.427087 -11.515583 6.988156 -18.172384 1.4484376 -9.713179 5.1186414 -0.008824792 10.033892 -0.60989314 1.2938797 -15.951111 1.7383875 
-318.41165 96.29655 45.664845 35.346485 -9.488547 28.728245 -0.988618 7.818754 -25.564095 3.340733 -21.665648 2.5154493 -15.954832 1.4944488 -1.7960646 4.329881 -4.9643655 1.5667322 -14.845223 3.2173948 
-348.16464 169.67987 11.380947 26.415487 -0.4676128 -4.688088 -1.5278717 18.526117 -34.697144 -8.933269 -13.652841 -9.480382 -6.22755 8.57195 1.520497 12.263859 -4.447687 4.3537035 -15.65938 -6.507141 
-317.50342 87.08611 47.51511 45.401356 -3.492229 11.672213 -4.4356155 13.185557 -36.201706 15.15819 -23.752516 -8.524467 -9.135563 4.2317963 -3.5347548 10.228461 -1.7633138 -2.8559237 -7.5170016 -0.23016326 
-364.4045 159.15526 25.147741 32.233154 -1.0258261 -4.7117653 -4.247475 14.097597 -28.810753 -4.9877872 -24.472328 -14.4984455 -6.851153 8.671139 1.1917546 12.360847 2.4592168 3.6045065 -12.747872 -3.7368839 
-417.0461 141.02936 15.839907 40.836376 15.605541 4.176426 -11.949281 5.0440435 -15.932362 7.511307 -10.964581 -0.39891678 -7.2194376 1.75565 -6.1521444 7.596606 -7.472664 4.4809046 -7.867335 -3.7961676 
-357.83682 146.211 13.164824 22.262978 9.538454 12.016422 0.07484235 5.6721444 -33.201263 0.26608372 -9.455443 2.496353 -6.513761 -2.3830993 -7.6141806 8.553376 -5.514867 2.8140132 -11.574298 -4.072 
-371.6778 162.15532 33.320694 34.841213 8.8620825 1.6710616 -7.8683743 3.965216 -23.392792 -3.8867443 -15.953596 -5.8435807 -8.779517 -1.0146481 -3.0068414 9.271003 -2.8219147 5.798647 -10.254932 -1.5439372 
-297.3197 87.84361 57.329067 35.349533 -2.1311643 26.501175 -11.77497 -0.19125631 -30.565605 -7.9292145 -16.258623 4.318213 -18.40369 4.933813 -3.9123378 8.379419 -3.4235997 4.6976643 -10.4728775 3.5316434 
-338.95398 149.8425 1.4963226 37.04693 16.175287 1.1072513 -2.373668 6.8364224 -32.692112 -6.8871493 -18.66206 -8.134978 -6.2226543 4.0733843 -11.500054 2.8008435 -5.5548434 4.6991267 -9.13809 -0.26611403 
-315.91284 164.23065 -10.411943 22.18681 6.76066 2.7868886 1.2685642 3.7075577 -44.941753 -3.1578505 -5.4898486 -4.213889 -4.323477 12.105095 -4.7470965 7.27388 -10.752204 -0.32521883 -11.137844 0.9297833 
-303.09027 81.356544 63.058567 33.610104 -10.594579 10.3709955 3.8102694 17.808136 -34.538864 4.866987 -36.08938 -7.5954123 -11.751417 10.532078 -4.4990525 8.576474 1.1453133 2.353143 -14.764138 8.18809 
-296.80103 30.390038 67.45071 49.576946 -14.02097 33.427807 -11.785763 3.8987515 -28.427252 13.631915 -19.143248 8.267037 -19.608627 0.52470016 -6.4630146 -0.9701173 -8.426965 5.4470196 -15.794146 9.203358 
-349.35773 119.12222 32.48932 37.259197 3.7154515 14.595366 -13.577505 10.074602 -22.25442 4.9056473 -21.28378 -6.4231415 -14.97147 1.5563874 2.5983896 11.205026 -6.1114035 6.0000353 -8.928958 -1.1587386 
-305.37463 109.097786 46.57572 20.847374 -5.902675 21.249401 1.0756422 9.202584 -42.269356 -11.540412 -23.62418 7.2730355 -6.8350377 10.622508 -4.2632694 4.1708126 -1.0800756 12.068371 -11.814237 -1.1285166 
-384.78345 114.3591 6.871829 30.05738 9.191221 22.810835 -11.058875 6.563029 -22.276154 14.372432 -6.0425153 1.1999735 -10.029021 4.9563665 -5.5584297 3.770732 -10.784307 0.08639891 -11.598579 3.6155832 
-340.22656 79.051414 38.12862 28.083054 2.2537816 29.427294 -14.058514 9.768747 -21.299389 6.094988 -10.992299 -0.14025837 -15.951194 8.307057 -4.770832 2.8575037 -9.380653 0.98659146 -11.94843 4.0768113 
-256.86816 101.922905 62.9985 -7.2092547 1.4163933 24.804924 -9.487925 4.082731 -37.62003 -8.513272 -8.181463 5.9691157 -15.098989 3.5717435 -4.716571 7.908577 -11.252366 4.273769 -10.012669 -6.3797684 
-333.86765 115.31942 40.129505 43.409885 20.51025 -0.34585708 -10.001873 10.092441 -19.908884 -0.7497022 -11.861324 -5.1158214 -8.553032 5.2478127 -5.858795 1.5609932 -7.26312 11.408345 -10.841418 -2.560095 
-363.69278 162.24352 26.951403 25.913275 10.573923 2.245006 4.004198 12.806785 -22.049435 -6.734189 -19.032663 -6.3128333 -4.362415 12.120453 -2.010249 8.1417885 -8.748902 -0.94199574 -13.496133 -0.9124148 
-333.30603 100.83322 50.83273 33.29838 -7.3385105 10.800001 -1.827273 7.5151725 -21.693974 4.5726986 -23.38772 3.0209756 -7.873752 12.309964 -4.0294895 8.808575 -4.424822 0.057490613 -11.062707 5.4124537 
-371.3734 123.76215 21.442194 47.415096 19.18519 6.361501 -10.0872755 4.7773056 -21.916983 -0.09039399 -13.906056 -3.294724 -10.234565 4.794174 -6.0428605 3.387733 -7.567325 8.032304 -9.716662 -1.993455 
-334.2089 132.17264 19.82108 22.055191 3.090466 14.362858 1.2115158 10.644335 -40.985264 -7.6428494 -8.747127 7.8818316 -3.2923286 10.814821 -7.6921864 3.229549 -10.660518 6.9124527 -12.62458 -1.7523365 
-316.79633 65.84179 49.91653 58.014297 -5.778489 22.599524 -18.26061 11.274192 -18.447624 3.61999 -20.73205 5.4500585 -15.399031 1.7623307 -7.026713 1.196003 -4.3132067 7.8842063 -7.253989 2.222289 
-314.71158 65.92362 46.074757 56.184837 -4.7696667 23.189812 -4.612363 10.853076 -27.353441 9.108682 -20.164919 0.6643932 -9.04546 2.2260523 -7.1412253 0.40724564 -6.8913856 2.7681208 -12.977033 5.6323743 
-326.03485 146.94354 30.754835 16.325283 -4.6709595 7.1628385 -1.9070437 15.879442 -32.495754 -6.7153573 -18.42866 -3.344162 0.07813326 7.6728573 1.2449423 5.2462406 -8.183316 -0.5370254 -10.350903 -6.198333 
-331.25616 129.56203 -1.9441621 23.063658 7.1080127 9.905557 -0.63796955 11.531913 -28.89001 2.471652 -10.0053215 3.4678173 -12.584889 10.320285 -0.38020822 8.097416 -12.180935 -1.1234052 -6.4162183 3.5150862 
-325.8737 74.34558 54.38365 31.398943 13.922153 19.991533 -18.567696 7.486667 -21.240562 -3.7786865 -14.618892 -2.8082304 -14.014567 8.743312 -6.1611423 5.8921795 -11.525652 6.951373 -6.153851 2.4643621 
-377.21878 96.71665 30.649214 27.376701 9.138513 21.57638 -12.548535 10.129635 -10.462467 9.855751 -10.180817 2.7205799 -12.327309 6.721481 -4.1963673 3.462185 -7.8076725 2.4612615 -10.986156 2.7429345 
-358.75656 159.41238 24.099789 16.535511 -1.7129139 3.2350574 -1.3932445 15.178365 -20.662762 -1.9715317 -7.040128 -8.404923 -2.4413395 7.1525345 -2.7253945 9.706837 -8.928313 0.2457381 -14.472216 -6.7975445 
-350.397 164.61368 29.851109 18.504095 9.093148 5.48617 -5.4456716 3.0504367 -27.494453 -6.0410767 -15.089176 -3.5479088 -8.146805 3.8589694 -3.7691982 9.092251 -10.45246 1.8501434 -13.119437 -6.2817097 
-320.62985 141.95071 18.15258 19.76763 17.869621 10.237258 -7.513815 -4.024264 -32.778778 -5.3964143 -6.310935 0.6031915 -15.410938 3.9450498 2.9674869 11.842974 -10.43167 1.7307595 -9.6367 -0.2752339 
-343.2029 125.31528 36.149117 27.003164 -1.1786282 12.5422325 -6.9017816 11.188029 -12.120853 -1.1969441 -17.191404 0.9557033 -9.255038 6.609915 2.265156 9.141278 -4.627583 4.6712356 -12.782254 0.29465634 
-305.7366 47.179512 67.87741 45.340546 -7.7941303 33.087906 -20.81161 5.409795 -17.96528 6.2886477 -23.247126 4.9090066 -21.83387 -0.70880383 -2.727294 5.321024 -8.764163 3.7330034 -9.547777 8.901076 
-325.06702 101.822174 32.917236 33.28639 14.091862 20.392693 -2.5279138 10.004335 -40.649998 7.1141033 -12.363015 6.691531 -14.586399 0.68869615 -1.4266644 13.044145 -7.1837726 2.5337744 -11.909412 1.8562709 
-350.45013 134.60097 37.7116 27.5945 -0.35913432 8.495165 -6.9812994 23.11372 -28.558645 1.2519338 -25.714653 -4.9617414 -6.7747893 7.877004 -0.73328215 7.874915 -4.98331 -0.5054084 -13.070472 -5.2497 
-351.7777 139.38524 16.750156 16.040245 -7.367423 9.358653 1.4801946 15.530514 -19.65233 -4.5137234 -13.37669 -5.0227876 -1.1878117 5.1214614 -0.27814376 5.22362 -9.987785 -1.1748936 -16.836931 -2.7256842 
-365.49207 154.59058 16.456812 27.673483 9.240139 3.2931714 2.867067 7.6418033 -32.357956 -9.202824 -10.960841 -3.6671016 -7.634914 3.8501654 -1.376257 7.311376 -6.8491936 5.5999274 -6.9329085 0.26829538 
-338.64435 142.54211 1.9997675 22.547428 14.238826 18.402523 -13.973476 -1.3003927 -28.104591 3.4229214 -7.4019794 -0.55722755 -11.260365 6.5279355 -2.677311 8.672152 -13.548312 -0.11306424 -9.980497 0.42341718 
-354.5924 162.25938 26.321238 21.741302 13.313309 7.332731 -9.759776 3.314346 -25.392452 -0.32428467 -19.30368 -14.68454 -8.925066 5.8937755 -2.4371881 10.428769 -4.022943 5.4421134 -12.304725 -1.9825388 
-350.25134 140.37282 31.827131 17.304901 1.8028611 4.5834074 -2.6719475 18.885464 -22.29232 -8.902273 -19.854631 -7.722674 0.608932 8.984943 4.182588 5.780407 -11.038723 3.501874 -12.275291 -0.40290827 
-356.51242 157.0747 22.561123 18.587862 3.1334019 3.9024506 -0.9790878 10.015405 -20.903053 -11.249562 -17.258558 1.8708348 -3.2565703 2.746491 1.248315 9.337011 -6.716544 1.3428179 -6.533503 -5.8323593 
-355.4237 126.36705 30.844042 38.12173 11.852485 5.3569083 -11.085703 10.289023 -19.119572 3.4340067 -15.818958 -1.9002298 -7.7290497 5.141316 -9.655546 5.1683493 -4.3738675 3.4764698 -7.691614 2.7558947 
-332.6787 55.481674 56.790615 42.038155 -0.3009654 25.060225 -13.5211115 14.210613 -17.33913 8.134846 -15.116496 2.5541399 -15.049642 5.55504 -12.085782 2.503843 -7.818851 2.2206955 -16.167595 2.841176 
-360.06082 123.64783 42.009922 18.315857 8.24009 12.197515 -3.5238605 13.487486 -23.509848 -5.747167 -17.457003 5.7635527 -4.3516397 8.977837 -5.9719396 8.2890215 -9.116647 9.460872 -10.768192 -2.7544787 
-326.1262 70.15128 74.15742 23.480818 3.9256608 4.1091704 -7.1037235 9.701422 -24.039473 9.092286 -30.948526 1.454531 -15.569195 7.9313107 -7.5129123 10.8827915 -3.6903238 8.537976 -14.394311 5.485065 
-403.15375 122.70417 14.110275 26.991547 14.019016 17.970432 -3.9333086 11.084769 -17.24115 10.729255 -7.891798 7.3179526 -10.446662 -1.3015016 -9.5656595 6.9175644 -10.101338 1.394753 -11.264438 -1.0912293 
-405.36557 121.18906 10.915412 35.26326 12.39346 20.003878 -8.561184 7.407387 -16.020962 12.528683 -8.867973 2.2642033 -10.921251 -0.4352032 -7.042863 6.40513 -9.514403 1.0640582 -10.520219 4.2547073 
-341.06653 160.9993 24.049412 16.938545 -7.940506 3.367117 5.848153 22.181986 -29.598825 -2.4192007 -11.314996 -8.257906 -1.886016 14.366496 -4.6619844 12.189924 -15.294344 1.5036161 -17.922663 -5.621243 
-344.1766 178.41791 35.631577 31.29041 -15.702269 -27.360155 -13.275243 12.136384 -23.307037 5.0816345 -6.704998 -14.391232 -7.7144938 15.013594 -9.563027 13.716744 -3.3501103 3.4580116 -19.123661 -4.395926 
-416.72733 150.98155 16.687326 37.7245 9.182812 5.676569 -9.165643 7.0776844 -16.048048 5.4883876 -7.2815247 4.1944447 0.14505026 0.5652769 -8.576344 6.0120077 -9.563404 2.6167765 -9.739529 -4.2590785 
-343.28122 144.36766 12.537165 21.662594 4.9238358 8.889991 2.1905544 14.688202 -40.08368 -2.6645615 -1.8284789 7.4228024 2.3460402 6.7120953 -8.939315 8.430099 -20.21959 5.811812 -12.2165785 -11.842935 
-311.9299 98.03102 44.468994 42.45093 6.7774134 17.098074 -11.58762 4.7773843 -25.285393 0.23439959 -13.07906 1.2932938 -16.0711 2.9203482 -5.837948 6.7533627 -8.612152 2.708569 -11.692577 3.1219826 
-285.6437 53.582703 60.596672 49.73611 0.112961136 21.014246 -8.709883 6.048816 -38.55902 12.820936 -28.022457 2.3219175 -13.210435 7.0144854 -5.56472 6.303954 -10.010292 5.874821 -4.520933 2.3636882 
-238.25269 52.693985 49.83592 11.150188 -25.467188 25.566875 -7.842405 7.615713 -27.529724 -1.1373729 -18.438787 10.742477 -12.888633 9.83317 -6.1474423 0.7404131 -16.99775 0.162181 -11.136197 1.2980555 
-290.17468 162.41843 16.007202 10.995502 -6.9489126 10.409524 -3.2102861 8.689022 -18.904875 -8.839863 -4.1851673 6.0268416 -5.7758193 2.8080244 -9.807936 5.090527 -12.409649 -6.7876115 -2.7170105 -5.6748266 
-382.11255 142.65515 25.540892 34.247665 15.562947 8.590036 -3.5507236 5.2379713 -15.984528 1.1836022 -6.591199 1.87743 -3.4072988 1.9331084 -8.202032 7.1069355 -3.7885845 1.7783122 -4.564652 2.9410067 
-311.50412 107.65417 23.735725 41.74721 14.122445 6.754228 -15.511868 4.181938 -29.813215 -0.7917094 -10.71259 -7.3745084 -10.02425 15.959939 -3.0431056 7.2929864 -15.220272 6.747625 -3.547329 -10.230972 
-199.57643 82.835625 16.970625 21.45917 -25.900652 23.409613 -8.2815895 5.509784 -32.909874 -4.5905566 -12.947741 5.62269 -15.326684 8.334517 -2.8539646 -6.126791 -12.732158 2.4895594 -10.725606 -1.2502763 
-252.10805 114.47545 26.964312 22.198082 -11.2089405 16.87815 -8.409181 3.2232642 -29.18934 -5.726682 -5.5617776 2.3761683 -3.1144044 6.59692 -6.7787623 0.45503536 -11.407358 -1.7866101 -8.859613 -1.1697849 
-305.77667 97.97943 50.981266 45.726562 -4.3153176 24.430454 -14.147914 3.711234 -29.834639 1.2934997 -21.705044 2.514219 -12.845822 10.850353 2.7101576 4.5625014 -10.183696 8.948948 -10.779227 -1.5139683 
-340.08652 162.48402 40.326122 23.780098 -1.9284524 6.76512 -5.181287 15.70338 -28.948395 -9.085043 -24.135899 -4.3636317 -5.9462748 11.08265 1.0288935 11.228963 -6.3134327 2.8348632 -10.639309 -1.4085122 
-324.33444 108.69715 41.21801 37.867435 10.714958 12.039779 -2.0065968 6.964167 -39.210896 1.284316 -16.567535 -4.498157 -10.98167 5.5518475 -1.368299 8.98988 -3.5027924 4.969344 -7.9525504 1.8592573 
-341.08823 140.80008 33.180595 21.77004 5.2840075 12.1750145 -3.1748075 12.835387 -26.820473 0.19004059 -18.61917 -0.8773699 -5.048933 10.369198 -6.4276066 5.226405 -5.312416 1.3048203 -10.016877 -0.28548568 
-338.03177 143.76921 18.878374 24.440575 -10.680525 8.602877 1.2518129 24.868864 -19.065546 -4.3297706 -16.003061 -10.145297 -7.5274105 12.163609 -1.3693824 10.351627 -6.5397463 3.0331087 -10.8929405 -1.2980349 
-332.95566 101.891815 29.528873 37.539463 2.6288035 15.392873 0.29481474 8.120327 -35.89554 7.2960377 -17.855753 1.641277 -6.178807 4.5375996 -9.977208 7.4830985 -1.8164853 4.6666903 -8.461131 2.0593104 
-316.88818 97.59039 45.982742 44.70425 -5.2282696 14.845864 -6.0820117 14.062642 -34.368942 2.8368046 -29.551195 -2.9957209 -7.4625072 6.933553 -6.0517206 3.8148947 -6.790747 8.080756 -5.600789 2.3390684 
-354.04163 159.01251 13.587154 30.681282 15.938241 11.660947 -5.415099 8.55915 -33.712517 -10.572058 -17.123777 6.358179 -6.9823465 4.1828637 1.7607787 6.551295 -8.957218 3.319363 -8.084293 -2.5016582 
-349.01434 150.63213 19.68388 33.829697 17.00319 4.4722266 -3.902192 6.8903637 -28.285046 -6.227096 -15.844927 -5.8757935 -8.3766 7.1526794 -9.761745 4.3025827 -10.394287 6.0242147 -12.596761 0.62627435 
-342.84576 85.81307 48.800236 38.035892 -5.5892944 11.43829 -4.0150867 5.0984516 -9.8699255 8.891206 -21.173601 4.063694 -11.660583 5.4392815 -3.4619675 6.0653567 -8.2764225 4.719765 -12.713309 1.0315048 
-379.02863 160.23566 30.985182 32.92222 9.682468 7.6045303 -5.5173326 10.668669 -28.980639 -12.603695 -22.535728 -9.529642 -6.394799 2.641378 -2.7843168 10.305945 -6.32153 6.9779034 -9.5327215 -0.056536514 
-379.3847 99.37265 32.607967 43.773827 5.9974875 16.232985 -8.87337 15.360081 -20.11126 9.450795 -11.588199 4.281427 -9.539125 5.3386383 -16.688652 3.8083868 -6.489641 5.5186934 -13.551661 -0.027621878 
-375.19006 163.2625 13.235384 14.311909 -8.61707 9.56209 -1.4326992 22.460785 -23.423262 0.9115588 -10.086402 -0.42543623 -1.35186 12.395984 -3.890637 6.013609 -15.759884 2.369599 -14.712487 -0.8151446 
-382.32675 164.92122 24.590303 24.193157 0.6334553 4.695282 -8.302042 15.7983055 -17.122044 -2.4520085 -24.226505 -11.215552 -6.1314793 5.937077 4.871816 15.118191 -5.1404862 6.123438 -10.176041 -1.0315975 
-359.20648 142.15602 10.302012 25.221395 5.794512 25.201258 -10.953866 -3.8523548 -24.553566 6.8853254 -18.614183 -1.5590327 -8.55178 6.931247 2.9881322 8.994945 -13.086482 -0.827581 -10.304947 8.684017 
-331.53802 69.09244 38.357834 37.14241 -17.878222 33.59683 -13.37387 9.052772 -23.736181 9.657914 -11.314022 5.6319695 -13.375258 8.194813 -7.2200174 4.5516796 -4.429883 0.10637466 -18.800545 5.605139 
-414.54736 123.36038 21.203325 30.699106 7.689153 16.297375 -5.8474617 15.068992 -12.1544 10.324094 -15.562341 3.5508673 -6.368179 3.2499373 -11.241311 2.6873991 -9.143119 5.8046393 -13.364029 -1.6298686 
-424.14288 131.68631 15.524174 36.772434 15.029499 9.124841 -5.88901 14.375541 -12.138676 7.1896687 -14.490151 2.3478959 -6.1886673 3.265369 -8.186969 7.790583 -8.083968 6.874721 -9.963374 0.94247943 
-425.8602 141.33173 12.178772 38.924618 15.407878 9.787854 -9.910909 9.682458 -14.0526285 6.251865 -11.270731 5.417802 -5.7646804 1.8922228 -6.3726635 4.5461526 -7.8222427 2.5172825 -12.238617 1.1186756 
-429.8757 137.3119 11.55635 39.325657 12.185528 10.823905 -10.410354 13.602634 -11.541025 7.4344416 -10.160718 3.1223576 -3.8743074 4.3112392 -8.0197315 4.7153225 -10.261021 0.12922306 -10.574146 -3.8479211 
-422.61526 155.85355 7.5781236 37.35076 5.8452644 7.41625 0.13996442 14.912876 -15.864091 12.107452 -5.628613 8.168006 6.0787473 1.3923246 -10.651794 4.363664 -10.005088 -1.499746 -8.512904 -3.2014914 
