-308.5518 150.42998 -13.301901 30.504404 5.040423 6.243598 8.397076 -17.176758 -29.862387 14.022409 -10.776082 23.545555 2.6487765 -27.621948 -3.4793146 4.932819 -21.18048 1.5352284 -10.207729 -1.5511785 
-297.14246 163.86667 6.6265006 30.187614 3.834811 -5.351151 6.2993293 -17.280954 -26.875902 -2.3743045 -19.115074 16.826265 10.912547 -17.731049 0.6224284 8.315503 -18.807634 6.8248773 -6.9157867 -1.9090996 
-264.66342 139.99966 -12.301455 51.078224 36.574352 -13.704515 -12.354792 -9.4916115 -27.767029 -0.2007387 -32.775238 3.4190419 8.6669235 -17.855385 -4.7830024 4.809319 -21.728615 4.8116856 -1.2804418 -0.014377515 
-212.95642 146.99844 -18.500353 39.78792 27.967354 -10.881373 -1.5003681 -34.738045 -40.768383 13.50623 -29.155937 11.65991 -1.5174743 -18.61219 -1.6452012 9.138377 -26.699867 3.0132508 -3.910533 1.4859709 
-247.72507 135.21675 -2.6239424 24.68568 12.723933 15.483425 -5.6493316 -24.29197 -31.329712 3.7429488 -15.560183 9.343937 -3.4518085 -21.139805 6.6997876 -0.2108451 -16.714851 11.982177 -8.053687 0.97298664 
-216.93777 130.32697 -5.2300615 34.59025 -3.2239473 -4.0518208 -11.05176 -20.481361 -43.2407 10.156121 -21.843838 14.620512 15.577894 -23.322697 -0.8478 7.3903265 -26.454687 14.093318 -9.961375 0.89289445 
-263.66367 124.58554 33.005333 45.142033 -16.613222 -17.064245 -4.3788514 -4.8521166 -40.004375 7.4151974 -28.316448 0.8125737 15.078696 -15.914707 4.9032154 9.063266 -20.780474 10.703669 -0.7322499 -6.63095 
-247.5987 157.92982 11.298699 34.42789 -23.584047 -25.012945 0.2716477 -4.219338 -27.429413 6.2042675 -19.390886 2.5348687 18.052422 -12.3751955 12.009072 4.9378595 -17.315828 0.39951155 -6.8512115 -11.259942 
-345.07544 133.66586 24.882313 30.375584 3.6365912 7.3948007 -3.9221067 3.4155574 -15.912972 -2.451644 -11.322868 7.471299 -2.172946 -1.9311254 -3.2000575 3.2077384 -7.6229763 -0.52760154 -5.573164 -1.8669516 
-414.90918 122.741486 19.245264 29.49081 10.873789 11.138195 -5.148886 11.008068 -12.5071535 5.8228445 -10.384506 3.269212 -5.249745 -0.6051376 -7.8582177 3.514523 -12.093957 3.0344882 -8.447237 0.010024256 
-425.42078 139.22499 16.088087 35.21764 11.828878 11.362143 -5.3159595 12.663278 -6.594478 6.3465576 -11.444775 4.0418634 -3.1022403 0.9788904 -5.558531 0.72589356 -11.699231 4.7527165 -9.417755 2.28199 
-432.41266 140.98492 12.813773 36.26224 10.187861 9.765477 -9.383852 14.013277 -13.03984 5.508944 -15.12847 2.2615073 -3.0453448 4.9010935 -9.360097 1.3522468 -11.038082 6.000868 -10.287934 -0.05695916 
-423.7839 136.794 14.8998 37.33214 12.837553 10.010848 -7.8286996 14.386887 -9.468097 7.064081 -13.383883 6.1678286 -4.797179 4.2989454 -7.744373 5.315106 -13.637571 4.4175906 -14.011313 -0.2801348 
-265.0295 147.07971 -22.537374 35.124165 -7.001741 -4.8967648 12.996253 -23.774618 -28.45057 3.5586827 -1.7752395 33.18873 -2.7915668 -16.031342 -8.4339695 0.5429975 -19.762482 5.229609 -10.101346 -8.303856 
-250.55336 161.85498 -19.380678 40.576736 -4.0337186 -13.426548 20.929811 -25.959589 -34.996258 14.571483 -13.196334 39.865913 12.065052 -34.572838 5.80823 -8.704889 -19.112062 9.341597 -10.193088 -6.4709034 
-288.553 156.03207 0.24694082 28.87165 4.7001405 -0.10888619 8.439611 -22.232515 -31.87346 12.134874 -8.616238 30.213121 5.526692 -21.16762 -3.2474053 -2.0685916 -21.888939 6.8699193 -9.570904 -5.715465 
-402.1974 123.689926 22.120066 34.288193 12.537495 14.795142 -5.6376753 10.050051 -6.6724157 10.911158 -11.391908 5.9615517 -2.0172472 -0.83108425 -2.0534487 4.6903205 -10.0918865 5.271316 -9.12391 -5.1717877 
-273.69916 -10.106413 41.494175 61.033066 -17.764984 30.330881 -10.2416725 10.55341 -16.79026 12.617168 -17.997232 10.230617 -3.1353734 -2.354663 -7.6773434 5.431728 -18.26746 10.523995 -15.613417 -3.4851213 
-223.31625 72.2398 6.71312 74.836266 4.4100604 0.365626 -11.610689 -5.50255 -36.092766 14.34967 -28.161491 -1.5055981 -4.9526668 -15.553801 -8.463871 1.4865029 -18.829132 6.580706 -8.344801 -5.0690107 
-201.69424 184.28703 -20.028074 6.115493 -22.58036 -24.819057 1.330214 -11.6697645 -26.440643 9.867167 -21.277235 2.4732113 12.463684 -23.654335 -17.775787 8.641706 -14.780109 10.51165 -3.8505397 2.1279476 
-295.68832 154.82951 18.519142 37.043743 -8.72099 -18.760712 -1.8477331 2.467328 -17.681608 2.4742448 -13.07718 12.149348 2.5936267 -7.506339 -12.877993 0.50257546 -18.47394 0.9519814 1.2639211 3.9067671 
-249.8597 79.66617 26.835707 23.684387 -28.276985 18.208344 0.6364138 9.357068 -9.574231 11.39733 -10.560207 0.9813716 -3.4195704 -3.6285074 -16.24067 2.4823027 -14.984258 2.8648405 1.6405839 -0.77792984 
-337.43073 41.148426 49.477783 40.714268 -14.058923 31.00392 -22.837572 10.805093 -10.383854 14.594823 -14.398773 4.7703066 -3.6996765 3.4275827 -10.073959 5.818289 -12.030091 4.9582224 -8.602569 -2.7892995 
-414.9596 126.91021 18.882444 33.651386 11.442377 13.875408 -7.024233 12.795637 -11.104191 5.835349 -11.558637 5.2425857 -4.258936 1.3838701 -7.4650593 0.9467547 -8.866821 2.4286706 -9.024175 -2.8439987 
-346.952 139.461 -6.9520054 31.141226 8.276352 9.01444 0.21642262 -3.1586885 -24.839083 6.930679 -13.387328 1.6182476 2.3172479 -13.748811 -5.5361767 3.363332 -20.01908 2.512351 -10.227844 0.06278285 
-226.92482 131.72435 26.348932 23.092384 -12.856557 -4.1651626 1.549806 -9.864358 -25.555162 6.777273 -29.407318 6.1156783 4.5411034 -16.134375 -0.17174904 10.178639 -22.632011 1.5490502 1.1957269 -2.616075 
-184.36295 105.93899 -3.4065893 48.09071 3.946824 2.3029575 -21.18685 -17.951805 -44.096474 13.552715 -15.252045 1.8873754 1.3754592 -4.820242 -6.458597 7.6779785 -14.210543 -2.788651 2.4360964 -3.1990054 
-258.06348 111.196075 26.70754 35.6696 16.695076 14.451321 -9.122852 -13.132533 -31.490282 6.851914 -21.645271 9.040346 -8.73673 -13.800704 2.5982544 10.772635 -17.636963 3.72894 -0.49457482 -1.9857684 
-283.36798 158.85954 1.9643555 41.31699 7.265609 2.4045568 -2.5425305 -30.240295 -42.606716 9.621045 -21.149881 20.558716 11.359831 -28.340574 3.7722821 7.5183663 -10.532254 8.030674 -10.69365 -8.534438 
-410.94888 130.36931 12.715692 34.09182 14.984904 15.872616 -4.2937565 5.291447 -12.429653 9.6786785 -11.838304 2.3432589 -4.0089192 2.8584976 -7.213891 3.5702918 -12.064614 4.581951 -8.627547 -0.46164572 
-414.5941 131.08902 12.878579 34.715427 17.030947 13.915058 -7.752238 5.1459103 -5.1324286 13.370958 -13.240034 4.343439 -3.5401697 2.4929538 -7.329421 4.1037645 -13.159255 9.922994 -10.557775 0.43518004 
-414.69342 126.92106 15.094289 32.065952 13.289283 10.835825 -8.412755 9.881421 -6.923654 13.058277 -11.710798 3.1517816 -4.3722634 3.2070405 -7.4149323 0.40296882 -15.079546 4.6695504 -8.927545 -1.8914694 
-431.78558 143.44977 11.7272215 35.79789 13.608028 12.267238 -7.4129696 11.28942 -9.616844 9.511377 -13.924098 -0.7809012 -3.8908637 -1.6203741 -8.209053 3.560026 -9.141211 4.681594 -10.21021 -2.7651825 
-430.43515 141.90332 12.098324 36.725838 9.404744 11.40189 -9.872761 9.260097 -13.579235 8.511085 -10.414322 2.467209 -4.4841685 2.8293574 -6.1388245 2.1174073 -13.918696 6.3952975 -7.0964303 -1.3571696 
-431.38803 142.07973 12.201709 38.548183 11.130369 12.1926985 -10.097464 10.924425 -10.65554 8.95908 -8.262641 3.7086208 -5.676049 2.4025013 -9.497589 6.0565658 -10.00296 3.1921248 -7.755345 0.08946192 
-376.2367 134.27649 11.806132 58.156086 26.629705 -4.7015324 -4.661572 9.151627 -15.896212 11.795742 -20.64547 -0.06350878 -1.5522453 -6.3684583 -13.630372 1.5180748 -8.137782 -6.311573 -9.52271 -0.5466765 
-274.90042 135.74385 1.6173502 61.17823 42.417923 -2.908414 -20.57829 -19.050453 -15.472177 6.4173737 -33.831154 1.7050737 -2.2876172 -2.8844156 -6.233753 -2.5161269 -3.5460215 4.0380144 -6.855896 0.06810983 
-295.2013 150.35226 10.257423 39.981712 18.08168 11.473032 -20.221691 -23.164179 -21.100252 7.647726 -12.922829 5.9906826 -2.2550285 -15.841054 7.1286335 6.503403 -12.886192 -0.4814123 -12.683246 2.8556926 
-234.4518 116.57162 16.53121 21.915339 -5.722365 24.602753 -19.134714 -21.54764 -44.950474 8.881729 -17.798538 14.736469 1.4266152 -17.577606 2.9788322 4.900159 -11.356317 13.021595 -15.899983 3.256341 
-283.31885 97.29862 33.969543 39.94834 10.239607 34.11064 -30.733852 -14.546581 -14.032896 14.902054 -22.406668 5.5253925 -10.150445 -0.029323181 6.67969 -1.6473144 -20.232882 5.8060455 -7.209432 3.4219775 
-303.87866 70.60823 49.315613 54.996128 3.3443632 29.175066 -24.51288 10.473094 -18.43714 2.6004076 -28.544945 7.4410915 -3.7297974 -9.520015 -10.98231 2.9896252 -14.068399 12.473318 -10.455632 -4.572706 
-301.65863 155.68211 5.757929 34.719826 20.567394 3.7422214 -13.594717 -19.189613 -21.235714 7.122235 -28.051964 7.085589 4.499764 -5.4732685 -5.6885743 8.388697 -12.57464 3.5697992 -8.665107 1.3906599 
-218.99948 121.98005 -23.833597 24.692963 -7.302258 10.790998 -15.7627125 -9.547477 -25.662745 25.323843 -3.826834 4.9790545 2.2487628 -20.158253 -6.9426336 2.3518732 -13.288441 18.210213 -12.54352 -0.27127212 
-244.30089 35.888 44.03687 41.928757 -3.8554027 39.27716 -26.803352 -7.539683 -21.676529 11.705557 -16.905924 5.9891562 -6.828556 -4.0439463 0.20925586 0.3836616 -19.212437 12.111365 -6.3609242 0.5053962 
-294.8224 110.15425 19.36699 72.78846 11.924212 9.418824 -11.71235 -7.961407 -19.359152 10.417871 -29.707615 -0.55753475 -2.2228918 -13.227103 -0.09475374 -2.6037822 -11.216299 8.441053 -13.426226 -5.9747424 
-313.48907 167.16637 29.85195 27.485682 -8.525358 -11.505225 -9.262501 -11.833385 -28.090004 0.33442995 -19.152 7.180761 18.387033 -7.9793973 -9.169691 6.1187105 -12.555278 0.64557934 -1.2141433 4.3444753 
-273.9216 143.10684 -6.902773 51.99754 16.605633 -13.391808 -6.3795147 -8.313523 -22.168331 13.51124 -21.34565 13.747355 -3.8616567 -18.722984 -14.58835 3.222379 -5.6620984 -0.99179584 -7.6577215 3.148225 
-281.48135 69.46564 31.353067 81.604805 10.761687 12.415097 -8.678574 -1.8146863 -23.182295 5.6136565 -32.553898 -0.07053741 -7.698069 -12.946067 -5.0990324 0.9079257 -14.669811 9.032391 -10.040566 -7.50688 
-299.0123 139.37915 -0.5358783 59.67388 27.448206 -2.8785248 -15.872196 -23.34863 -16.374405 6.0479774 -31.051884 0.7560601 -0.74549943 -3.8069737 4.5710707 -0.50636536 -10.644471 14.292659 -3.4520493 -12.022127 
-333.37848 139.47417 -1.8002248 29.276419 7.349032 11.600524 -11.43282 -5.418418 -15.627043 8.892742 -12.660804 0.5905692 1.122204 -10.606915 1.0128615 -3.1737368 -12.921188 7.2836432 -8.849409 1.0845951 
-190.04173 136.84442 -27.115551 25.362589 -2.4480832 -2.1597235 -11.20961 -20.412842 -26.422733 13.029453 -14.643452 4.538107 5.9674273 -24.801706 -4.3868065 5.2769046 -15.995065 6.0512424 -9.627441 -2.3687592 
-212.12845 108.31223 -6.7682543 51.46181 -0.06072087 0.7227463 -9.208214 -13.685551 -21.654608 15.362429 -15.455334 3.438452 -3.0700743 -12.815464 -13.252687 9.083532 -13.321603 -2.2350864 -5.2274556 -1.9867439 
-254.27406 59.49277 24.382568 72.30414 -2.3114786 15.679308 -21.694326 -8.063034 -19.958097 1.445454 -29.59127 -1.0750852 -5.755511 -4.730472 -10.021084 3.4387207 -4.8902497 11.206766 -13.717501 -3.5317721 
-324.29007 38.932003 34.595833 62.404827 -16.345316 21.654652 -14.424015 9.7375965 -14.582016 8.049086 -13.006308 5.734311 -6.317053 -2.2867491 -10.661198 4.195978 -9.583756 5.971752 -11.578707 -2.8836172 
-216.13737 130.53418 -19.259962 37.650635 2.7141457 -0.65674824 -19.212276 -8.789393 -28.645945 9.959945 -17.872213 4.9342084 2.1550524 -14.352751 -15.054833 7.8121586 -15.647664 2.197331 -6.506334 -1.6691773 
-268.24374 78.82136 43.166607 31.964237 -11.138249 30.373772 -25.542532 1.4961065 -23.285109 13.369027 -14.2103 16.766712 -1.9394842 -8.374693 -9.791977 19.613459 -14.070901 9.560313 -2.4351697 -3.0296676 
-350.98007 160.32376 13.156924 28.559736 -14.171553 -11.140908 -7.1303253 2.2478883 -20.487898 3.4108832 -16.416538 10.98698 12.353129 -2.1601872 -8.464064 3.002908 -19.78324 0.26944387 -2.60143 1.8537674 
-283.78476 155.90764 -25.139584 28.834572 0.19606453 1.7384086 -3.324193 -14.387341 -29.736979 13.025384 -11.457193 5.920249 5.0928855 -25.472162 -2.6480124 11.8301325 -25.216522 7.313509 -10.79402 -2.7636983 
-276.09015 78.556046 28.382538 47.062687 -3.795015 28.123846 -15.064555 -7.23507 -22.771305 9.091451 -21.938046 5.7946477 -1.8630204 -8.128856 -10.170353 13.617534 -12.351253 10.2439375 -0.77194554 -5.0797796 
-305.54596 101.97344 48.055416 39.662197 16.348791 10.766002 -9.063346 -1.9208328 -20.616478 -0.3122869 -30.82977 2.3268712 3.1908505 -10.5243225 -14.623803 13.910535 -15.179646 2.4466908 -9.564007 -8.088033 
-347.5304 114.33055 23.623024 53.1344 27.940506 4.770728 -10.153397 2.7725933 -12.885223 6.8051133 -37.280346 3.3581424 -2.0664935 -13.609796 -12.385591 2.4409723 -14.140522 2.5053608 -6.0427547 -6.87959 
-348.94702 143.33191 18.685505 40.596867 19.205265 17.226038 -12.526828 -12.998284 -12.515403 8.000515 -20.475319 5.1489825 -8.629465 -7.5839167 2.475367 8.148055 -26.292252 1.3535382 -9.702547 0.17969094 
-325.84647 145.92343 12.419926 53.591267 34.139496 5.252802 -11.900509 -22.227943 -22.405575 2.2400627 -29.582603 0.092450246 -1.9921455 -15.321608 -4.140698 18.186272 -14.994831 0.4367659 2.4963655 -3.3787382 
-287.21497 84.128716 20.555658 76.39114 13.337911 9.827277 -20.80739 -5.1259885 -18.058058 -0.6989643 -38.441353 -1.215225 -2.5021107 -12.174193 -10.431614 6.6742973 -13.977183 13.914209 -6.2672567 -10.050126 
-356.679 134.75034 2.0140219 51.08113 24.577614 -0.20585796 -11.100831 -12.56982 -13.248674 9.057723 -29.502895 -1.190037 0.49934113 -3.9936948 -3.7640047 5.4689426 -16.399906 11.979506 -1.5237694 -8.810139 
-341.84705 65.482285 24.818571 53.300995 -5.330908 18.967875 -9.59315 11.259935 -12.722429 11.732235 -20.331753 6.569118 -3.7107344 0.14227732 -8.047473 10.957179 -16.004059 4.6387453 -8.285676 -2.1585379 
-274.5378 156.9473 1.2506945 27.208323 6.892946 7.2988186 -10.638154 -5.648749 -27.342018 0.63337624 -24.633656 9.014721 17.343529 -11.672556 -21.642437 5.736773 -10.388635 -4.362467 -4.4587927 5.9755054 
-305.68362 86.89501 51.140434 42.733074 -5.715109 21.49141 -14.065728 -4.7966995 -22.921946 8.817061 -23.511864 0.1636492 -4.9006205 -8.405815 -12.852792 11.779331 -16.499294 8.608427 -7.4143696 -2.1794903 
-291.44693 107.04262 35.78016 35.393055 13.453225 35.76221 -21.80567 -3.7950542 -29.409101 -4.1714735 -22.596582 9.629867 -8.570333 -8.676238 -14.129837 14.610951 -15.912764 0.33245584 -7.066775 2.589705 
-313.20917 128.7155 -1.4729598 30.58119 0.61061245 17.138756 1.4875238 -7.141488 -21.216486 9.352967 -16.896202 12.776386 7.9245996 -13.907512 -23.060198 6.024945 -14.708533 3.9287007 -1.8902664 -2.1406016 
-341.81018 82.301414 29.978468 61.928467 12.121881 13.199657 -13.113493 13.4762125 -15.418754 6.2804384 -26.736227 -0.61039406 -1.8432587 -4.2147064 -12.350173 10.311077 -13.258079 7.524194 -7.314102 -5.088808 
-342.35657 108.795906 8.892394 55.903507 28.884823 -1.7505516 -16.773863 -1.5989842 -23.81097 7.6649976 -26.469704 -5.4565635 -2.7974648 -6.4923325 -14.615668 8.082724 -16.050003 4.7723823 -1.5030776 -2.6188755 
-320.1531 138.35931 -16.011047 35.407272 10.259246 12.720387 -4.7588177 -7.814962 -27.439741 11.916943 -8.992853 3.9938326 -2.2605917 -17.373497 -10.937532 8.794323 -19.217186 9.502766 -9.1376295 0.7099347 
-382.66113 138.33765 1.0790467 30.479034 8.541711 12.33817 2.0418756 -0.19911337 -16.220734 13.005955 -8.690533 5.064888 -7.3299627 -9.036457 -10.2462435 5.1759024 -10.058494 3.0934963 -6.22212 -3.2624645 
-401.93567 124.37861 13.079122 37.302696 14.385949 12.100838 -7.1820984 0.90689266 -9.643689 13.339456 -18.037125 5.5962563 -4.275767 2.0606706 -4.572164 2.724166 -14.821498 2.4611437 -8.216077 -8.875137 
-370.67816 114.90256 19.60301 41.811554 13.221264 10.83387 -6.5489697 5.982919 -14.894329 7.744749 -18.246859 -0.09080516 -1.9599661 -3.2367117 -5.7990894 9.107936 -13.097589 4.4353237 -1.481195 -3.5600696 
-262.11646 152.89145 -2.296168 31.8719 9.216368 8.8050785 2.0815918 -13.90167 -27.856083 3.8947961 -14.675651 7.7612796 -3.642921 -18.286415 -9.099229 4.5851016 -19.73861 9.605127 -1.1068616 -2.7859082 
-268.8419 96.64657 36.823532 33.17178 3.5176742 30.067905 -17.497278 -13.311912 -24.064566 1.0191655 -13.19161 13.180794 -3.7728937 -8.527872 -5.383454 5.337421 -20.086168 7.342816 -6.362337 -4.6510835 
-250.58876 122.2119 6.3157296 42.578842 22.338776 4.911424 -27.651026 -27.279533 -25.072935 18.622044 -10.065456 4.4760566 -1.6934643 -4.116895 -4.9709783 8.812505 -24.191748 10.862295 -2.1040235 -4.315251 
-288.13092 150.77826 6.510049 28.270243 14.382424 18.916422 0.66906154 -21.082563 -31.989689 5.9950137 -12.945343 17.630257 0.92954254 -15.023017 -2.7599595 7.5673904 -15.093377 7.6664453 -8.62891 -4.5074763 
-272.56308 107.25215 36.712997 32.823635 -9.284182 22.094044 -15.385708 -16.336897 -34.49507 5.1387067 -18.52802 22.94181 9.165178 -1.2568971 -5.8873806 10.105038 -19.819847 2.5258265 -8.222706 -6.678992 
-293.72025 115.36506 30.423605 24.565125 -16.536745 4.38808 -9.613005 4.474497 -27.414124 7.937356 -16.97525 18.964426 6.2970586 -4.6633024 -17.545046 0.5688821 -21.937239 8.40806 0.59105366 1.3228567 
-296.9018 105.95827 33.659664 53.87556 11.173585 20.311327 -18.656258 -10.601456 -33.03287 6.5817556 -30.64222 -1.4457994 1.1051576 -4.53518 -10.703717 6.628268 -19.720499 5.867896 -3.6183445 -3.753413 
-354.80502 154.39879 16.986143 34.656433 5.9684567 8.313099 -1.7537504 -10.458793 -24.724367 -4.618633 -25.827124 7.0671487 11.642967 -4.2924013 -6.603071 9.0177 -12.62018 4.0042987 -3.7094088 -4.250301 
-317.5306 140.68077 16.943087 28.011694 -2.88939 8.337458 -7.658077 -2.7992656 -29.730543 2.4964998 -17.323156 4.684067 3.752745 -5.6220875 -4.0722547 7.532379 -16.659267 10.19957 -8.620443 0.8837421 
-303.3827 140.60498 21.336922 51.241837 10.322982 0.30307367 -5.7077165 -16.918657 -27.734226 4.5051327 -35.85591 4.199173 5.9458966 -13.234133 -10.453529 12.951129 -11.808279 12.235423 -2.2134032 -5.7584934 
-269.59686 80.20291 17.627716 77.59883 14.749235 4.452248 -20.881495 -9.736773 -15.562352 4.0526114 -35.54444 0.31548226 0.22254695 -2.340225 -8.359333 3.744241 -9.982856 18.685549 -8.141852 -13.772511 
-368.37442 135.57501 12.307242 49.58338 18.418146 2.884913 -8.423484 -1.1510472 -6.574944 0.2896159 -23.122274 -0.32112688 2.6198835 1.8109877 -1.1461198 4.6893597 -7.163244 10.95595 -6.513702 -8.789125 
-417.64807 132.89859 10.00113 45.40821 11.544212 13.142895 -7.888749 6.7734404 -8.59493 10.611997 -18.253588 5.7805533 -0.56427044 0.034892347 -8.468082 2.8497934 -13.673863 1.3053052 -11.08896 -8.414617 
-308.87314 91.820984 26.788118 50.04237 16.034397 17.278555 -26.484692 3.5733736 -19.557913 -4.6899543 -19.471344 -3.6479824 -7.011742 -0.34519556 -12.294915 3.839036 -11.752783 13.638276 -9.857426 -6.4311695 
-201.86578 152.75165 -43.756897 32.997852 18.648611 -3.742116 -3.318137 -31.844584 -25.909996 21.713694 -6.0022674 -4.093152 -10.214504 -3.95126 -14.259977 6.763978 -23.872002 5.347686 0.5316981 -2.362337 
-280.3297 74.70467 50.372627 50.499554 24.33987 -3.4668095 -11.07282 5.793724 -23.3931 11.737416 -28.395111 -0.39731947 -8.490994 -4.255493 -13.965084 11.396908 -25.09153 9.992593 -6.396662 -6.1130466 
-334.21164 136.70454 20.468712 18.591515 12.866955 14.187271 -3.1622648 1.4375783 -24.366264 7.7811193 -14.929455 12.408567 -2.542293 -5.5685124 -10.259731 4.9833384 -20.774153 4.4318037 -6.1937904 3.9620001 
-301.30994 132.67943 31.606628 38.63302 9.672022 0.24686411 -5.7149997 -9.831725 -24.723204 7.678579 -30.625254 4.6684895 0.65462416 -9.719703 -11.05585 13.4553795 -15.422643 14.30329 -0.21018907 -5.5452266 
-315.18845 95.122925 27.25071 65.745544 18.973003 2.3768768 -13.004404 -4.3179693 -20.205345 -1.5121537 -37.37102 2.0768085 -10.51354 -8.833457 -15.689626 10.056259 -10.865744 8.04965 -9.2787285 -1.0105703 
-353.6797 117.59823 13.223534 53.44736 18.830082 0.31954405 -5.6581335 2.9069695 -16.229929 -1.333994 -20.428734 1.3553025 -7.9779224 -1.912383 -4.8627386 8.901982 -13.07202 7.1189337 -8.6388855 -0.28561845 
-316.43793 137.87769 -0.0490267 50.014435 21.704151 1.5957562 -11.509386 -19.849789 -14.414139 9.62086 -16.21658 6.63391 -1.5446372 -2.7727656 -9.064987 5.338103 -17.059177 5.4492083 -6.471421 -2.4792833 
-241.37817 147.54251 -24.664253 40.03565 19.603407 -11.018494 -4.8419237 -28.283087 -26.508677 20.087074 -19.110561 15.274421 2.503419 -10.446478 -22.831394 14.059287 -18.146145 5.4432354 -3.5996907 0.7709821 
-290.18884 151.4152 7.427485 46.173756 16.965532 -5.0710106 -1.4347807 -19.11053 -38.926506 1.0415266 -33.25333 15.63875 5.0382757 -10.695453 -16.636843 14.647609 -12.627692 6.836995 -4.229429 -3.4955208 
-241.73936 161.40735 -21.023516 22.873621 -12.0296135 -7.485272 -10.486576 -15.097325 -28.189306 12.934053 -5.4026775 9.652145 14.700068 -13.60699 -15.7534075 7.7134485 -24.246788 -1.4614114 -6.3279448 8.287758 
-363.77692 152.31833 5.2973404 30.8798 11.369341 12.245012 -0.83167845 -3.3937101 -14.10954 7.5553303 -10.648382 6.5437856 -5.1844635 -12.273718 -4.720784 8.749609 -20.815325 -2.6765702 -4.8778934 -0.74283224 
-421.37122 135.10924 15.345943 41.88156 11.687036 11.48293 -12.104319 11.963525 -7.9838367 8.111159 -12.387921 5.3235297 -2.7990503 1.5157025 -6.3126984 3.2323582 -11.1077175 6.1286488 -9.834003 1.9346415 
-422.33853 130.47101 14.500807 37.184647 11.99695 13.3002405 -12.338572 10.90216 -10.462746 11.477192 -12.928418 2.5074964 -3.533388 1.5919316 -6.587762 2.1566985 -9.770949 5.250371 -11.8711405 -2.404988 
-298.51028 43.916367 65.870575 38.33591 4.788989 42.875923 -26.475948 5.0280404 -16.12596 6.3012877 -21.759804 -2.2157235 -8.405744 2.742091 -7.9137287 10.916084 -22.651724 13.294627 -8.165663 -2.0578692 
-300.3447 104.10395 28.848175 23.419102 18.072075 36.98338 -22.452877 -16.1003 -22.413256 15.250798 -16.014656 4.339223 -11.912392 -9.272137 -0.31954682 4.288888 -20.32156 6.964941 -6.3402386 4.939338 
-332.57718 129.99277 16.96534 43.001965 22.211967 18.070498 -10.367118 -9.569398 -15.735448 8.59382 -17.033316 4.8075366 -2.2347941 -6.1126156 -1.3123984 8.368297 -17.039429 -0.3485452 -8.688117 1.6074874 
-313.64734 74.04165 31.490417 67.333595 17.439812 3.0955293 -8.838743 10.4457855 -20.875265 10.43279 -30.475681 -0.17128904 -1.8367563 -6.147146 -16.64945 9.498412 -16.317518 1.8214202 -10.212304 -2.1822097 
-295.20596 83.66296 30.793203 78.45913 12.3638315 6.9588223 -11.691873 -5.473101 -21.989124 0.76416147 -35.521988 0.722644 -2.636721 -6.276169 -15.317224 3.1837132 -10.41484 4.201743 -9.212914 -2.6897402 
-280.3117 23.174349 48.79828 63.117588 -9.537358 24.196983 -14.109075 9.4365635 -18.795029 8.228303 -23.895332 2.1801507 -11.690466 -5.070071 -18.23168 9.261052 -21.62873 7.186775 -19.47028 1.1143144 
-284.0957 90.20414 36.217598 49.037647 23.970695 18.550688 -34.552532 -4.537967 -22.750408 4.3869476 -28.315922 -0.4811517 -8.833097 -1.1694925 -4.875018 0.42042089 -15.450002 17.62659 -3.7231226 -9.857054 
-333.87903 143.29753 7.8287463 41.274788 24.03778 5.963984 -17.495852 -16.545359 -11.457575 -0.240378 -15.182329 -0.28076553 -6.957813 0.86491525 4.3081126 1.5569894 -13.634996 7.175219 -0.31817594 -5.694303 
-304.61874 168.85532 -21.9886 21.280083 14.421406 9.463061 -10.7744465 2.1031163 -32.852192 6.100083 9.825184 7.1229534 -1.9921504 -16.882505 -13.437862 3.3208797 -12.40205 7.802175 -5.534503 6.567364 
-317.40182 170.59886 -15.493694 29.105835 19.70475 -2.732808 -5.8648014 11.559235 -25.663034 1.2989434 2.6340075 2.613365 -3.6843212 -12.102013 -18.208586 -2.0429049 -11.161005 2.40154 -4.7232146 7.056864 
-310.91174 144.03104 -1.3035821 30.635094 14.18941 10.319358 -12.176186 -18.747034 -23.707758 8.710926 -11.476064 11.291441 8.125171 -9.664636 -14.600218 5.940436 -12.968505 1.022311 -13.451764 -0.88679725 
-338.8672 115.18963 3.5389235 73.16245 22.273634 1.9466684 -11.874562 -6.273671 -16.559093 1.3909801 -32.18411 -0.40624103 -1.5014727 -7.3397174 -4.7521915 10.681229 -18.377392 16.257942 -5.550128 -9.101656 
-429.62146 139.94049 11.444714 40.077072 7.732313 9.768475 -9.856032 10.505242 -10.024265 5.216588 -12.859539 3.7384462 -4.5886116 -2.1980655 -6.2107773 0.8957886 -11.497909 6.54543 -9.047006 -3.4311163 
-364.65515 129.28024 15.213411 26.349876 15.1242285 9.460418 -9.557439 -5.275352 -13.987129 1.8534834 -11.886257 3.0355322 1.9943632 -5.4446363 -0.29177728 2.4721897 -14.436462 2.4759588 -5.542364 1.3487619 
-283.40808 142.76642 24.062435 45.78266 12.735471 1.8138204 -12.864961 -16.243082 -30.464094 -6.214696 -28.958122 1.8787321 -6.4644656 -10.1212225 0.619922 13.293488 -20.482079 3.1429813 5.386446 -12.056683 
-263.57178 65.726006 33.362476 58.33815 -11.282632 15.3919935 -7.9007397 -7.680254 -26.882526 5.130503 -24.173569 7.2300196 1.5310729 -7.0455523 -3.9181633 16.757317 -20.45533 13.7277565 -6.6528025 -7.1769257 
-267.41916 147.72453 -10.66631 43.42363 4.143019 1.2864649 -22.825392 -7.13802 -31.187513 10.245524 -8.440206 12.8782 -3.6978688 -14.030071 -14.464737 2.4968965 -14.978282 5.96937 -6.609396 6.051462 
-383.00937 156.21567 26.44177 38.17617 9.745286 3.1114817 -4.720233 -1.1015652 -17.35485 5.6928525 -15.09531 1.9490609 -3.312314 -5.8912716 -6.4122224 6.931828 -9.454025 4.6498394 -2.8339987 0.48397243 
-341.33334 172.81953 1.4373926 30.506966 -1.3087934 -3.2422125 -5.659493 -6.4719896 -24.519087 6.8452344 -5.024377 17.597002 5.805496 -9.265553 -7.932277 4.011093 -21.313536 -3.1762338 -4.5045357 3.8303251 
-391.4965 139.29886 20.32954 40.61737 10.174394 12.452805 -8.637675 3.830505 -13.766082 3.8252246 -12.637493 8.458342 -2.1686087 -4.462914 -8.640727 4.890726 -19.093462 6.030185 -14.181922 -6.0345125 
-329.6988 38.4662 41.85801 57.865803 -13.2492895 25.500725 -13.93023 12.589821 -7.8575034 12.583372 -26.117933 10.599883 -9.705066 -5.8607388 -8.837346 7.6800976 -21.451105 14.874495 -18.447958 -0.8752948 
-424.2025 130.47412 16.310928 37.121784 5.8214655 15.415273 -8.3404255 13.140733 -13.678863 6.623972 -13.634883 4.778506 -5.4753776 -0.17412096 -9.541622 0.9574621 -11.443449 6.655494 -12.475279 -2.4328647 
-426.95163 141.03798 13.296659 39.80545 13.485646 12.682315 -7.8229885 14.23959 -11.257043 7.1212254 -11.798056 0.366769 -2.3519025 0.44498813 -5.6063013 4.9252295 -10.750085 3.4609878 -11.009962 -1.6758438 
-426.96783 141.1612 7.229922 40.854458 11.464988 10.813328 -9.495787 11.629393 -7.9407907 7.960728 -10.016764 3.9981842 -1.4583457 -4.729081 -9.133114 4.7892866 -6.8973904 6.1434345 -10.463872 -9.233368 
-416.55872 140.06612 19.951323 45.554962 15.670282 11.347459 -6.4819217 5.937786 -10.34791 2.855554 -9.911407 3.0769172 -0.7381917 -4.1966248 -8.12021 1.5298703 -10.349192 0.2503016 -11.904535 -8.13362 
