-200.0173 118.21997 8.141373 21.765535 20.012085 13.93542 3.9776993 -4.5681586 -29.496817 1.1594241 -9.469461 -12.5554695 -10.817525 -8.948695 -6.084113 -1.1740003 -15.574612 5.41164 -22.706215 1.9031656 
-232.62521 118.33012 9.428646 37.279552 25.55402 12.574269 -5.572687 -5.7873273 -32.49795 -0.011113379 -23.608297 -15.364615 -9.133152 -9.398985 2.7756844 3.7306607 -18.547203 10.802235 -12.23293 -3.018601 
-209.53679 89.591644 1.4121938 57.760044 -0.6562819 8.0095005 -5.73468 8.490984 -32.180134 0.07581062 -17.21817 -18.41375 -4.6972556 -4.114542 -3.5393915 -7.7695026 -11.176559 8.916938 -18.239668 -9.486286 
-203.43686 104.97691 3.692985 16.708181 1.0077394 20.103605 -9.988835 5.0643625 -39.81801 -1.6624849 -16.710503 -7.583189 -13.56383 -2.783735 2.3335235 4.738001 -14.31439 7.5556717 -13.834087 -2.8497124 
-240.42104 139.98773 -4.305681 24.5631 16.132784 13.835432 -7.6162806 1.7415153 -44.330776 -3.4158735 -25.435917 -11.971821 -8.993913 -13.087148 10.396725 5.245379 -10.772249 4.7397823 -14.144167 -4.6804285 
-288.94254 162.89366 7.55592 23.689144 14.155751 13.495145 5.418807 -9.136013 -31.864498 -4.540449 -16.423683 -7.541457 -6.616831 -2.6034935 -6.5649805 8.255209 0.06037128 2.4062705 -12.375225 0.5874296 
-339.1804 160.49217 19.834618 13.898105 -8.811305 -2.1231642 8.884594 6.4626837 -12.299018 -8.0298605 -13.427387 2.380464 6.3229685 8.447173 -3.7481203 -0.457147 -13.368914 -3.989892 -10.342232 -1.1813382 
-410.1065 127.24984 24.496717 31.18688 11.420223 10.23449 -6.46943 10.625009 -12.871043 5.3058734 -13.555259 2.4663756 -6.340334 3.6687741 -6.5627365 6.123971 -9.487366 -0.25388503 -10.613698 -2.7590115 
-230.68045 133.30566 -26.71486 26.548225 13.564582 -1.9529122 2.7952843 -8.92226 -36.119724 4.393614 -17.18085 -7.8234262 -15.750017 -1.6680875 3.3314145 1.7082268 -9.920147 3.0416083 -17.70869 0.6721455 
-332.55945 130.49323 23.445957 32.59584 19.136662 9.149791 -8.333932 0.14784367 -24.246225 3.2655194 -13.209622 -6.0024514 -8.488364 -8.512882 0.116677076 -1.6198344 -13.927697 2.2221327 -12.724388 1.4833162 
-263.381 147.8905 9.313766 31.973698 25.146034 -3.0507944 -4.194624 9.160206 -46.953346 -14.661475 -29.701576 -27.023228 -4.766164 -3.807613 -5.0693874 2.3375711 1.4379488 13.627299 -13.235676 2.155519 
-176.64522 101.40975 -1.4694799 37.602097 5.1944137 7.804969 -3.1906095 1.8182752 -31.412575 -0.41386762 -17.266197 -14.742759 -15.787759 -0.76850486 -3.6115124 -2.08279 -12.583795 7.68442 -11.449427 -6.725312 
-295.1947 140.10811 18.306955 15.964142 20.401123 14.18514 1.6907861 0.52566063 -21.583122 0.4663744 -13.4762335 0.28414884 -7.9514565 -6.293398 -5.865896 4.712522 -9.8526945 6.3244567 -8.223637 -1.8557044 
-252.79855 172.0652 -9.336145 -4.2594824 -2.1247015 -7.046194 2.7363527 13.606693 -30.33772 -2.779009 -21.19184 -12.106066 -2.8119583 11.551203 -7.3909845 4.234298 -7.450533 4.899847 -25.276134 -0.045975182 
-286.85992 138.86705 4.84347 43.36658 30.781162 6.0989437 -13.188373 5.319999 -32.910267 2.2584696 -17.077354 -17.828054 -24.637 2.9367838 3.565828 -1.2504553 -9.602806 4.8179264 -7.5160847 7.0205255 
-249.82733 71.38587 43.511883 34.915825 8.47214 21.073189 -5.4875083 -3.6090317 -22.935865 -2.4343467 -10.704266 -9.471007 -27.87224 5.082831 -0.14119418 -0.85655606 -7.849667 4.0209184 -16.545403 7.0986342 
-292.4631 124.84452 24.595863 45.82259 31.215933 10.669408 -9.960764 -0.31243515 -23.304565 0.67684776 -12.312834 -21.812967 -22.837126 -0.44354922 4.2168865 -2.2431529 -20.5789 12.074731 -5.8980107 2.6660771 
-370.1621 102.502815 11.099996 41.009327 10.205106 11.237714 -3.2173846 15.040617 -14.267467 6.6264143 -9.299973 4.1129513 -9.680668 -3.1428516 -6.1250486 2.215602 -11.373884 10.737189 -14.620543 -5.3992558 
-232.27452 88.64194 11.296275 46.291183 18.143118 13.692481 -23.429071 7.3244 -30.59603 -0.91885185 -18.663218 -29.184841 -19.832289 7.3418994 -7.654078 -7.389352 -12.212104 10.634184 -5.0681386 -2.6835089 
-378.55667 145.0738 23.946468 45.161674 24.39814 9.425384 -5.8994355 5.85806 -15.999505 0.104267016 -16.058441 -4.1692505 -8.945097 0.29135868 -8.122503 -2.9971209 -17.18994 8.461133 -0.8612031 -7.1574783 
-212.18024 117.0496 -2.3186297 31.215431 43.181023 6.430509 -17.71847 11.359746 -31.266785 3.2249854 -12.911556 -20.776737 -30.206491 -9.597996 12.862486 -18.44193 -18.369658 21.155552 -23.49492 4.100106 
-232.44012 113.66324 0.14446115 47.914333 37.260227 -4.377493 -11.697275 12.302768 -37.896793 -2.2622397 -19.620815 -18.424019 -12.955538 -8.79527 -9.473872 -5.401242 -13.4337635 14.446489 -15.084703 -2.3179402 
-216.60313 118.48378 -20.528557 46.77859 35.964737 -17.604443 -11.8563795 13.878789 -39.634033 4.7206554 -25.808481 -24.430689 2.2768123 -8.643764 -5.111652 -8.514673 -10.494402 16.132898 -10.756262 -4.4757514 
-254.78822 144.95619 -10.747666 21.668917 6.122935 6.144312 1.9568354 -4.6601653 -32.37763 -2.3758075 -23.06323 -8.150245 -2.0961297 -4.0771923 -3.383489 2.4895945 -18.266829 6.268012 -8.951227 -6.2328706 
-240.0197 152.85701 4.6498847 12.4684105 -3.1591594 2.9205134 -0.16295178 -1.6255088 -34.248493 0.560559 -13.283767 1.1031063 -2.4768274 -6.5787525 -0.09455713 5.128961 -13.847809 1.5982969 -14.722402 -2.7079494 
-331.31195 106.56608 25.255362 44.16981 10.766296 7.6525626 -3.784094 9.819196 -21.024376 1.4740685 -10.993748 -2.9639225 -6.4808903 4.2125783 -8.078027 -6.699042 -10.374395 4.2040215 -18.40109 0.40516272 
-255.68085 170.68796 -6.085007 14.687938 -6.807797 -13.230975 17.794506 11.241612 -38.094048 -9.877553 -5.14311 -5.0314074 -10.825472 6.6637597 -1.0192609 0.39566967 -9.116352 5.8003407 -17.529093 1.3216248 
-261.16232 79.45974 31.889479 51.750618 6.164745 16.911686 -2.7516923 9.650115 -39.26937 15.49525 -14.89379 -6.760947 -29.68868 7.2310486 1.9756751 -0.017362488 -13.828919 3.7945874 -10.123338 -2.2879655 
-339.48996 128.99683 15.3628 48.89065 31.971968 3.3368158 -5.8159285 6.9063687 -21.278284 9.024225 -11.335412 -18.52731 -18.352571 -2.3046052 -0.0123848915 -4.947154 -17.301868 7.8399563 -2.912966 -1.3183486 
-398.44666 118.69774 11.674543 40.18509 13.070592 15.161896 -7.4575634 12.284634 -19.092003 5.06172 -10.380602 6.7151933 -8.609121 0.8341078 -7.8575964 5.932428 -12.296168 10.280472 -12.349469 -3.0298128 
-365.21072 151.29454 18.001337 22.995077 6.859976 1.8066992 -4.837372 1.6709123 -25.397133 -5.4195027 -12.494654 -0.419492 -2.2966385 2.5071135 -4.0694003 5.9887795 -10.468271 5.68923 -17.066557 -3.7817442 
-358.10712 134.85788 21.91135 27.476374 25.369097 3.2740626 -6.4684873 14.063694 -29.042498 -3.6858504 -19.381227 -12.960468 -1.9315649 1.6724995 -8.438118 2.9478705 -5.172041 9.84571 -18.043545 2.0499778 
-198.94014 96.22557 -3.6963696 54.579674 14.139046 6.0303316 -14.971782 1.2404888 -41.554916 0.70038617 -23.529442 -21.724297 -16.10293 4.418005 5.1225266 -8.071119 -5.2556133 15.681133 -12.464947 -2.7373867 
-239.051 127.93776 -4.881464 28.868025 20.338612 13.129612 -12.359019 -5.605768 -34.41223 -3.1623027 -20.778069 -16.577435 -6.083035 -0.81000817 2.9270604 2.027895 -5.2637386 2.4580908 -10.385564 -2.5674508 
-249.99704 138.3034 15.04019 25.397324 14.562542 21.754158 -5.7150464 -8.86305 -37.499634 -4.0745444 -22.18688 -11.1624565 -13.182484 -7.5125556 -2.5902913 17.587564 -7.386099 -0.10841023 -7.6616626 6.8839197 
-306.2099 106.49727 21.026897 47.50639 20.39822 22.29052 -14.400909 -0.12800704 -20.11275 3.6062024 -16.262197 -16.465261 -18.80616 -1.0942794 -1.181618 1.7011263 -12.891811 1.8836594 -7.7821207 8.407551 
-264.67615 130.63747 9.767856 33.57218 28.89975 6.371548 -12.716671 -4.4573708 -41.110264 -4.0575247 -14.568024 -16.62165 -15.929128 0.43136108 6.8875856 10.549825 -9.126933 1.4503316 -14.13384 5.9270573 
-238.86084 79.27036 29.315321 33.43465 4.491471 25.757875 -13.613181 2.213276 -36.239582 -3.2765772 -20.174648 -13.223273 -27.216393 4.539735 0.8060866 2.6348555 -6.5389214 4.475993 -11.096655 6.782572 
-286.25955 93.747505 21.886326 61.91884 18.688118 9.1258135 -13.795375 12.599788 -20.672361 7.0940166 -19.349636 -15.623226 -11.835114 2.5803828 -5.9580884 -6.9407654 -9.676946 8.564769 -12.016905 -8.488155 
-366.28726 129.12085 20.063395 62.583523 27.759014 -9.559562 -2.0959616 25.537941 -20.036922 3.506293 -7.144626 -9.551859 -7.045937 2.3800268 -10.822168 -8.208683 -8.588695 -1.4476508 -25.775486 -3.3568106 
-311.71396 128.81657 -12.8340845 73.71259 44.104862 -17.635294 -15.541038 13.115726 -24.52383 -3.1027977 -14.43132 -26.545416 -8.085291 4.9095936 -7.73201 -9.739408 -3.7863426 17.982573 -20.54213 -4.255759 
-337.03278 142.55586 -0.67893004 59.437065 37.1064 -9.148243 -14.823086 6.0491138 -24.768879 -4.8567476 -24.72988 -19.44305 -4.1907864 1.8447614 -3.1576586 -1.7479172 -4.1931586 13.82125 -14.981625 -4.5568366 
-362.85852 151.16829 32.014023 22.367708 2.6364546 -4.556587 -5.501052 11.183875 -14.17197 -1.5553403 -24.05771 -8.090617 -3.8115468 2.0682504 -4.5718694 9.733965 -4.8147645 4.251163 -11.828583 0.92055154 
-323.9441 145.50067 -0.11046489 22.324875 18.847282 14.344221 0.17784923 0.61290836 -31.697554 9.722905 -11.926274 -2.7448041 -1.7852132 -2.8968287 -8.791078 12.334967 -4.8276753 -2.6680896 -18.751884 2.8497405 
-330.4674 135.63927 11.333837 12.524642 8.825137 24.999245 -1.365284 1.3020868 -38.889282 -0.42277274 -18.719284 -2.0256817 -11.321306 -1.9231237 -6.0785656 7.787217 -0.8278034 6.7942734 -16.371244 10.495465 
-313.26236 81.89 29.432709 29.929495 -2.7129278 29.517164 -12.546818 7.33919 -27.483482 5.8690686 -7.1941442 -2.0380144 -16.838905 10.212421 -1.4783893 10.981175 -9.731152 2.2316225 -12.200506 1.6682801 
-381.24713 141.2731 10.183897 21.502062 -8.012133 4.6223416 8.216078 14.654633 -11.912055 2.0731788 -17.619179 1.1859281 -2.2465053 2.588788 -6.4312077 1.3767586 -13.695008 -2.0586934 -7.9623623 2.051381 
-353.40723 99.690445 2.4620888 30.743435 1.720711 21.527523 -2.6581123 7.9604797 -17.708641 10.688187 -2.1388497 -0.36295572 -14.24535 1.5155578 -3.0875823 5.122328 -4.6209044 3.6459444 -17.123096 7.796802 
-302.26486 164.63153 -8.709912 8.8061285 1.8881005 0.009686576 15.994036 4.0248904 -41.273315 -8.826895 -14.866657 -7.221112 -6.730223 0.26605573 -8.6403675 -2.4921095 -12.040376 8.34117 -16.564537 -6.7183166 
-309.28363 148.60735 4.4843225 13.610256 -12.146577 -4.2124577 17.305058 6.9361343 -26.237999 6.37691 -10.425212 4.3962946 -0.9801434 -3.2461717 -14.075784 -6.156855 -14.642437 9.496927 -15.102397 0.674145 
-219.0528 110.46805 11.339381 26.426672 38.844486 9.403036 -16.361044 11.041326 -29.392296 3.314148 -13.140922 -12.357604 -27.431326 -5.1770515 4.582317 -14.274022 -10.838091 15.192498 -22.39158 0.45286357 
-295.61807 120.241806 17.587349 35.985954 35.99316 8.733421 -7.8501306 8.939013 -21.524342 4.5593915 -11.583983 -6.806345 -17.012732 -4.8069334 3.7076619 -6.0937862 -13.739515 9.239448 -13.675441 -5.2539515 
-357.50262 93.58287 5.9288526 37.032505 4.7480273 17.71717 -3.0895925 7.003805 -18.834314 11.896216 -12.646633 -2.6516988 -8.92815 2.8225942 -5.6190267 3.1338701 -10.91256 5.391862 -15.59639 -0.3645183 
-331.80206 167.25977 10.99121 21.760263 -8.61268 -6.50541 2.0181856 8.41015 -34.46317 -9.838747 -16.206972 0.8647374 14.08609 8.125652 -0.41326195 0.852326 -19.58204 -1.6235929 -11.686344 -3.423422 
-326.3082 158.13995 13.379976 24.77398 2.1851013 3.964879 3.9928937 10.078342 -36.600742 -1.8497266 -24.652 3.2160337 15.128597 -1.0132165 -4.205201 11.711889 -18.998657 1.4371641 -3.0038497 -4.560781 
-417.71127 129.28526 17.069984 37.436752 15.193185 13.017523 -5.8213124 14.957642 -10.163186 5.765465 -10.216136 2.5440068 -1.3322935 2.5237844 -9.886803 4.1154547 -9.544754 4.627287 -6.2016783 -0.58639354 
-286.42966 152.34174 3.093248 31.946281 42.23804 14.660202 -18.650831 0.6144068 -34.957542 -8.472196 -20.622389 -23.247658 -11.569864 -2.9011965 -1.2794881 -2.2262375 -1.5909181 3.4590752 -16.888819 1.1348913 
-222.67328 156.66052 -10.527535 14.24136 10.434208 -6.2162757 -8.992995 6.057698 -53.02356 -12.570515 -8.222416 -11.179952 4.5681806 4.5114417 5.1481433 4.4673247 -7.6212006 0.34966898 -13.758362 -5.8712792 
-231.82942 136.59293 -20.319721 9.375181 16.879835 0.19243124 -2.2792614 2.3589633 -35.09929 -0.17383374 -7.34661 -6.3882413 -7.026196 5.165331 -1.8531098 1.395352 -11.607139 2.7226877 -14.008794 -1.3857911 
-251.03798 147.45135 -2.4456415 8.3922615 1.0086967 -10.224281 7.4076657 13.2084055 -22.888472 -13.019521 -15.708435 -9.950269 -7.215638 3.6226425 -1.7229294 2.0427861 -13.663619 2.507043 -17.026257 -0.27554744 
-264.41577 152.8316 -0.098959714 27.533976 30.560316 6.0789433 -13.714282 -2.5303302 -41.28339 -1.2198969 -9.855959 -17.217203 -22.008232 1.1464899 5.416798 0.03813161 -14.123052 -3.4736574 -7.461876 -2.7982478 
-225.33728 62.71678 35.660896 30.388475 14.641125 22.4936 -12.054368 0.6666791 -29.202095 7.288973 -18.65923 -8.519494 -31.677992 0.7200832 0.5743341 0.66502994 -22.238 1.1155868 -7.123884 8.095097 
-322.14685 124.34257 20.598942 36.021805 20.008928 10.599031 -8.755187 2.9901521 -17.629395 -0.4401585 -15.245412 -12.596995 -15.03242 -4.149909 0.32854503 2.4091878 -16.235792 7.271654 1.1977537 -1.1951729 
-373.40918 108.666595 -2.8237305 41.98265 4.8705287 10.946005 0.9517964 17.138575 -18.630377 11.912769 -8.30637 -0.87497455 -9.870323 2.7179215 -4.328011 5.0256076 -11.704503 1.8342065 -10.540788 1.0206789 
-222.17897 157.56909 -50.659237 13.828944 7.357957 -9.959347 17.142128 -2.241219 -37.393517 13.231384 -9.470695 -16.600687 -4.4906387 -1.8967963 -5.8781595 -4.172474 -17.10244 13.096382 -19.15219 -1.8511293 
-212.59163 169.81404 -26.980433 14.417086 -2.0206766 -20.185564 2.4594846 1.0883512 -41.86225 2.892602 -13.317492 -13.788219 4.738195 2.4945226 -0.9124934 -2.9307873 -10.791514 4.5737906 -11.975372 -4.1673512 
-274.66934 172.42564 21.68123 18.466513 -3.5179546 -13.348972 -1.7970575 -1.3814939 -26.391228 -6.638378 -20.762268 -10.638463 6.552431 5.5002465 -0.34292963 -3.3494532 -9.841026 -0.09814562 -11.120293 -0.49007422 
-244.02702 128.14113 31.103586 16.599024 1.6160395 0.9394955 -9.022457 6.6714587 -28.497921 -3.8762813 -25.59582 -2.6147923 -5.044389 -4.3037543 0.20674764 7.0234985 -13.335143 8.812351 -5.9343624 0.46895334 
-251.20595 95.78748 9.081943 60.236748 34.145824 2.5963964 -26.53992 8.677278 -21.538303 5.7402005 -15.756114 -23.584007 -11.15218 11.662165 -6.0173135 -5.9771194 -8.9098835 8.459686 -10.580436 -7.299893 
-232.07834 174.0957 -27.464281 3.1918063 16.259481 1.4894611 0.31347752 -9.254769 -22.692514 13.487283 -3.3669612 -3.6593857 -6.066544 -4.276907 -2.2725859 9.734791 -10.801719 -0.7042197 -11.368232 -1.8878059 
-251.63292 75.68071 19.907654 44.055283 25.601652 11.7651415 -19.304033 8.43531 -24.355572 11.3965435 -23.805521 -16.785284 -21.575027 10.053997 -9.199826 -2.7353406 -11.307931 3.356483 -12.033767 3.466192 
-230.02032 96.02775 17.220211 30.36673 12.090527 26.896515 -15.46521 2.9206533 -44.222893 -4.0809 -14.56379 -18.505297 -25.9713 5.344701 -5.8596272 10.353494 -7.6884155 0.6316098 -12.311039 5.062742 
-290.48312 109.94339 2.809062 76.77141 31.863813 -3.4480836 -11.486583 9.154488 -28.290642 8.664965 -20.29533 -28.389019 -8.839236 0.20445946 -7.0988827 -9.810139 -8.765542 6.0385075 -17.237175 -11.150354 
-287.81067 87.08091 11.846603 56.178288 12.757704 19.989 -10.580618 -2.6178656 -27.266907 11.987953 -23.7954 -18.983171 -6.120035 1.196462 -2.0055149 -2.0984905 -2.1997097 3.3168433 -12.56606 6.563485 
-278.31702 143.10107 -2.6702583 15.595435 0.009228176 18.533714 -7.5783777 -1.9889175 -34.751724 1.7855399 -17.641733 -3.591782 0.59799075 7.4551907 -3.2467299 5.5407257 -6.159353 2.9716406 -16.206806 1.5767912 
-310.64075 89.402435 25.20315 42.623512 -4.596227 15.778103 3.7478762 2.7311087 -26.501427 8.277813 -26.612585 -6.9897466 3.2615917 12.1623955 -5.2881727 2.0544453 -4.995002 4.9583035 -9.618907 7.1052284 
-261.59317 124.03453 -3.6575305 39.966038 22.857058 3.3628545 -9.293217 -7.8726773 -27.793282 4.965378 -22.0973 -12.243268 -10.3710785 0.41735023 0.6087791 -1.0411321 -11.50831 4.681736 -11.685124 -5.3176003 
-275.83536 151.96039 -0.85927325 23.681896 27.668861 4.7709208 -5.488932 -8.121358 -26.515707 5.1891274 -21.663614 -1.2811508 -10.730585 -11.974019 3.336942 6.8394046 -24.329325 -1.2148225 -0.30815038 -7.768053 
-355.6938 99.54908 3.883199 40.791485 7.991721 9.261154 0.7818605 14.763923 -21.209797 11.5415535 -10.941175 -0.33715874 -7.8443866 1.6856607 -8.604866 1.5838647 -9.025979 11.140487 -14.7158985 0.277358 
-245.32526 76.77246 18.930906 25.583824 -5.5746803 15.899634 9.993863 -6.1452107 -28.246284 5.870986 -20.816189 -2.7243834 -7.3103714 2.3075278 -9.051322 6.444833 -3.6092901 4.838335 -11.999338 -0.7329897 
-197.09393 112.591805 13.33007 16.301908 3.3245118 10.5485115 -0.42214668 -14.383674 -35.103237 0.20746507 -22.162594 -4.4059024 -7.460483 -3.7328262 -10.654397 7.559882 -12.542719 -2.8983197 -5.871715 3.7408495 
-256.96423 151.22102 12.775112 18.487947 -2.0162845 -18.88018 5.7964435 4.396653 -31.507956 -9.878858 -32.747486 -23.221676 -5.7951765 -0.12013009 0.74043155 8.829051 -6.5308847 5.4379864 -15.943612 -3.3265004 
-379.04205 134.4016 7.039644 30.610365 9.908851 -1.2787364 -8.928343 12.371254 -19.480896 4.072961 -9.984753 0.07014656 -2.2297657 6.8362346 2.96863 3.4191775 -2.820065 11.742911 -7.967397 -2.4636738 
-173.33194 111.34659 -9.770573 25.36394 45.51646 7.6319485 -16.415672 14.066828 -45.381496 5.5062866 -20.143764 -24.865643 -31.67497 -7.808114 -3.0388594 -13.004812 -21.428211 20.701637 -21.033195 -4.044862 
-224.56073 57.11712 31.504795 32.128586 13.963313 28.35094 -16.897474 0.3919184 -21.40664 -1.6962278 -18.90532 -4.6851816 -23.285313 2.6076512 -1.1084446 1.0141824 -18.838291 6.1166053 -6.265703 2.4555652 
-240.50652 117.54202 -3.5241382 40.797836 29.45382 3.6285417 -6.3349524 -7.8730907 -32.092228 10.139192 -10.683686 -27.02244 -23.20427 -2.770388 -5.559966 -6.303213 -31.14512 -3.1658251 0.82797784 -0.8293367 
-206.32364 64.108315 26.276068 35.355404 2.266875 27.78374 -13.062704 -0.8598446 -36.04619 2.3220491 -14.629567 -18.742287 -23.139284 4.789161 -8.563816 6.2895436 -9.121638 -1.6140995 -8.68585 5.6965494 
-213.82957 85.0464 1.8257213 59.04515 22.545813 8.295861 -14.7965765 -1.726577 -32.8634 9.868549 -17.5364 -24.420937 -10.591145 8.401059 -5.0190086 -8.248164 -11.187847 3.059832 -9.629893 0.354409 
-328.98932 129.38666 18.812088 63.12766 28.533806 -8.232247 -3.580392 10.444675 -20.359518 3.5600314 -15.402021 -23.12927 -2.7253394 -1.5526888 -12.53945 -7.5086727 -4.988971 1.7103051 -14.370884 -10.5788 
-402.86618 120.940796 3.1565595 39.665478 9.905408 12.028115 -5.713253 15.368866 -17.902489 9.736178 -13.225664 0.9266345 -7.004492 -1.827748 -7.3178787 5.8740506 -9.586826 4.5511327 -15.400135 4.0138664 
-403.2312 130.18694 5.4413505 32.781807 4.4392056 11.731456 -3.5211115 14.738334 -16.333603 7.2540045 -8.637441 1.1916863 -3.4423513 3.1900172 -5.8287916 5.448275 -8.91809 4.548132 -14.477729 3.7473483 
-331.97144 141.43968 10.775626 22.354483 -5.0466833 14.61978 -1.6975657 15.086683 -29.874596 -1.1674451 -2.6707215 2.3936684 3.3403325 3.8352613 -8.195606 2.87929 -11.592964 4.798399 -11.077294 2.3521414 
-232.17299 84.92011 3.6648245 23.388374 2.0151317 7.3451385 2.8379312 -7.4130445 -31.745016 7.779469 -16.2382 -4.854091 -10.299157 -3.8732698 4.7586126 4.9259033 -9.204861 8.618271 -20.020706 4.5423865 
-209.17702 117.62401 2.221425 25.88499 -0.6038098 8.31801 4.907991 -7.4787564 -33.718143 -5.223826 -14.750449 -4.972363 -10.566197 -5.062086 -4.4512386 8.49134 -14.165157 6.3206334 -15.085737 0.8460086 
-321.82773 146.89288 22.533201 21.506453 1.7904363 1.926415 -5.880027 -5.8958197 -27.880877 -4.8007717 -2.616016 -8.71826 -4.3299327 -8.435078 -3.6744068 6.9205403 -11.86611 6.8584375 -16.486824 -4.6915827 
-300.121 175.07422 19.355913 25.503977 20.136293 1.6100856 -10.290549 -2.8528311 -36.486458 -18.730696 -13.235301 -7.7145987 -0.89767987 -7.784801 -7.8628135 3.2139237 -11.675259 -0.8005418 -8.755566 -2.8222766 
-332.53964 58.406693 49.406567 38.118 10.564312 7.1790137 9.627462 6.5248914 -16.235504 15.103361 -18.916319 3.5240102 -6.037442 6.153316 -9.211888 11.99808 -10.889568 7.3115625 -13.4804735 5.279223 
-409.08026 132.60011 20.45509 36.523075 16.953102 15.05366 0.33105168 14.724267 -9.187703 8.246118 -9.982441 2.6163359 -4.1477933 3.7330284 -10.597619 3.6913664 -11.034037 2.9559426 -9.424843 1.7218868 
-407.72208 117.25263 23.877872 35.544495 14.90111 11.507418 -7.744919 17.7295 -16.260872 10.058312 -8.687389 0.6586988 -3.7657416 0.3994515 -7.813591 -0.3719247 -6.8117948 2.9283998 -9.775895 2.6353114 
-325.67825 149.87335 8.98116 13.32706 1.4824882 3.7384348 4.227397 5.0787106 -30.361582 -2.2389498 -11.095375 3.084584 9.344667 -2.1589766 -10.074332 6.012779 -9.987568 0.46819365 -10.921087 -6.4785366 
-321.82205 158.04582 20.277056 17.172626 8.534533 13.781901 -7.502421 -4.839269 -34.974155 -6.8967133 -11.485223 -4.2511945 -0.47300994 -1.9881003 -4.420083 10.656049 -8.48189 0.6929514 -8.582333 -3.793069 
-401.8756 129.78813 32.076294 34.784103 18.461914 8.987583 -6.032134 8.963613 -13.58762 4.1995935 -12.715549 -1.8162218 -9.33939 -0.07520047 -11.886135 1.3061551 -10.732029 3.376989 -9.519017 0.735743 
-318.44397 46.91507 26.726322 49.88145 -1.0398344 11.24966 0.41637796 20.17012 -26.929832 21.384176 -17.543198 -3.971345 -1.4104419 9.916697 -14.648219 6.2268314 -11.482065 1.6752187 -6.215288 1.9993663 
-248.84483 70.82758 11.828169 67.119064 11.614254 19.952446 -17.124533 3.8321915 -23.011452 3.8685925 -30.698269 -20.853828 -5.943492 4.450361 -7.9246335 -5.7105083 -7.008599 7.9259315 -7.530592 -14.172642 
-317.999 144.279 2.9153895 62.95608 40.10806 -1.3615197 -17.485504 -7.866082 -24.305002 3.7693455 -27.533405 -25.191677 -1.47483 -0.39037356 -1.5895771 -2.1497798 -5.759006 17.486235 3.616781 -9.712169 
-283.27036 47.28471 51.908882 28.54418 14.439385 20.948612 -15.699214 18.101683 -24.430595 11.9668455 -19.113108 -9.041926 -3.9724126 2.7849977 -11.838697 2.7458034 -11.189067 7.3426294 -6.684066 -6.9046993 
-229.49767 135.20915 -28.525408 45.094826 28.638344 -11.189003 -14.75884 -2.617534 -33.12462 4.420671 -15.858178 -23.4033 -2.533569 3.8372204 -8.416778 -2.7255487 -15.97115 -1.8421385 -10.400017 -7.942397 
-245.7079 188.1076 -21.205288 2.4076555 5.833013 -6.911376 -4.551571 -13.365278 -31.763746 4.6717606 -4.151603 -4.811243 -3.0261297 0.36488682 -0.87637186 7.984981 -23.769686 -2.1246042 -10.262347 -6.4888387 
-297.86462 161.73798 34.635654 30.666887 20.55967 -3.57718 -13.451205 4.5390673 -29.749376 -19.827631 -14.239583 -6.7245755 -4.4537563 -9.111945 -0.5356122 0.088103205 -17.499218 0.34466365 -7.924631 -6.944844 
-279.87234 114.010895 21.455256 58.94063 26.414864 -4.7082257 -4.731564 18.087141 -23.325848 -5.6286783 -16.185411 -21.663282 -3.8088896 2.8731444 -19.732801 -2.4805932 -9.265737 -4.7544274 -12.885732 -2.528838 
-265.6468 57.95329 48.20027 40.361477 12.668937 33.01934 -29.942596 11.7797 -18.73839 3.1086626 -15.784083 -16.77943 -12.306299 14.54689 -6.295694 -2.5946224 -13.4416895 6.081902 -8.805239 -6.3479605 
-244.74644 145.9872 1.7686013 14.937127 -2.3609743 -4.2684536 -0.38571846 5.270269 -35.3307 0.3998698 -10.213581 -3.1881704 -3.3401914 5.9666247 -9.003668 7.184449 -13.618047 0.09149313 -16.228426 1.4994706 
-281.01236 114.89802 -1.8884311 56.08881 43.321537 -4.004683 -22.201035 14.394163 -32.189926 8.234609 -15.446331 -20.876196 -19.29686 11.23532 -6.0953164 -6.6283865 -12.179587 8.000028 -7.9027157 -9.163839 
-360.00232 121.17074 13.622673 48.409622 21.062973 8.311922 -4.39092 12.359915 -16.442593 7.1240063 -10.425457 -5.919274 -8.985493 -1.6419958 -8.617299 0.8428906 -10.97315 9.30436 -11.236677 -3.2146142 
-400.92984 121.01955 19.680046 37.161083 21.551687 10.343147 -0.8885997 16.204918 -14.4957075 6.949066 -10.899495 0.11110507 -9.672877 -2.1940577 -11.378194 3.5770035 -8.536451 4.5956516 -13.095013 -0.75679594 
-315.3648 127.03426 19.964352 60.08848 30.016659 0.021889793 -11.146416 8.185015 -24.121315 4.4820585 -22.253912 -17.610872 -2.5619066 -0.7111156 -6.913063 -3.825483 -8.142799 11.00589 -11.473003 -5.6609344 
-219.8308 125.40564 8.199703 29.577711 13.457384 -3.3060472 -5.7352076 6.155946 -40.506836 -2.7461984 -26.106989 -21.317095 -9.058107 8.69104 -1.0386119 2.6042688 -0.20478398 2.0526183 -12.145983 2.7877123 
-318.41278 132.06602 25.962767 46.041306 15.996623 -1.1572509 -3.02994 10.019935 -24.864252 -3.6965845 -18.930622 -10.943584 -1.3975834 -4.255347 -6.3452024 -1.093079 -8.776118 5.232081 -21.933077 -1.9598675 
-313.78656 127.54529 7.9605355 60.93682 26.721718 0.85405266 -9.060725 10.7139 -21.023394 -1.5715855 -21.643593 -19.748837 -3.4823158 3.263187 -9.184345 -3.0508974 -6.2763844 8.44721 -20.606548 -1.4441603 
-273.411 122.80325 14.980096 30.642097 1.0384389 17.306847 -12.3742485 0.5272159 -23.478956 10.6712 -15.159151 -5.899346 -3.495165 4.5129004 -2.3584993 11.430832 -9.726374 -0.67125577 -7.7848716 1.4907901 
-303.96558 128.86458 22.525497 23.897745 1.6203494 18.839804 -10.366412 0.27471268 -24.101723 5.6180935 -16.522383 -3.762154 0.48379093 4.733468 -6.0198565 7.9212832 -15.564259 -1.0598794 -15.429396 4.9421954 
-318.43515 78.369354 43.099636 38.858765 3.7645504 34.806206 -22.831707 4.80936 -16.58059 4.799776 -13.307445 -9.75806 -15.309536 7.847132 -3.9450586 9.514095 -8.496728 5.381387 -6.541734 8.082674 
-331.82538 117.525444 40.817524 44.995815 12.05721 26.667461 -12.35611 5.284384 -21.71942 -2.3035786 -14.9986925 -16.276514 -18.607582 1.6447701 -3.0917747 2.401327 -9.021259 0.38742653 -3.6470501 0.47227457 
-278.93625 151.19263 39.400738 21.458834 -3.9881847 -11.828541 -6.178675 12.699507 -29.71803 -5.97925 -14.623123 -24.628395 -5.084669 -4.1723194 -0.5702024 9.519588 -1.7243333 12.239501 -9.015261 -3.5886743 
-335.42908 126.5568 11.819783 27.389536 7.4519567 0.33506298 -11.179818 12.283841 -20.75423 5.046889 -12.821796 -3.119925 -3.5604925 1.7012749 0.2313492 1.2279592 -4.489904 8.417727 -9.285562 -1.2896272 
-181.16232 127.980156 2.878245 26.309435 43.37227 19.100174 -23.616812 7.3821335 -33.528324 -0.11842486 -21.397352 -18.354404 -21.717749 -11.149278 7.557278 -16.652925 -20.507332 20.57125 -27.934862 1.1651695 
-257.28293 159.53217 21.32513 12.846123 -17.47181 -0.7719375 0.26926246 11.082077 -27.76009 -1.6898812 -15.499354 -0.074673384 4.471081 0.58546287 -7.0576477 3.7605476 -10.300219 -0.6790921 -10.424572 -0.017317666 
-226.35913 54.337833 16.898783 46.84622 14.244483 15.815748 -17.163382 7.4683585 -33.16014 15.1877575 -12.091788 -16.372776 -23.65373 14.516161 -3.9682736 -7.44403 -11.791157 -0.88512963 -11.609402 1.3682673 
-211.33981 90.04602 -5.56776 42.11055 25.449106 15.517894 -20.491344 1.5838835 -39.19788 8.316588 -20.982841 -25.6502 -19.008116 7.6322894 -2.6673083 -1.0663438 -12.692532 -1.90836 -2.06346 4.603139 
-232.4819 84.44495 3.3464785 53.0027 11.226781 18.607542 -18.324718 -2.039323 -29.871473 8.267839 -16.843605 -20.15026 -21.353453 7.5002584 -2.4376237 -8.315619 -22.224771 5.619051 -1.127273 -3.809138 
-222.68744 62.480583 11.676228 56.564587 0.9064327 19.214415 -8.407257 7.214208 -29.415867 5.775999 -24.974613 -12.786841 -5.752809 13.318095 -7.217806 -5.872523 -5.3186493 4.360728 -13.0739975 -1.2272421 
-272.30435 177.21295 7.360305 22.933134 -3.5100636 -21.269302 1.2933402 15.868122 -24.599804 -7.688178 -14.446411 -5.8543825 -5.6699767 3.3300622 0.40233898 0.2799877 -17.094707 5.4703174 -13.080733 -3.6895103 
-308.10175 95.81729 7.8650885 42.34702 19.791754 3.8966455 -1.4893899 11.651241 -32.298264 8.898429 -14.543514 -6.258754 -8.374374 9.858736 -11.264167 3.4836032 -5.4088616 4.199689 -16.005943 1.9537206 
-319.88397 140.94957 0.28722593 58.420933 45.554226 -5.982126 -19.126368 9.819288 -23.900404 3.8320334 -25.06669 -27.506832 -13.709925 3.6205363 -9.705872 -9.479859 -10.036737 7.552003 -11.926418 -11.384305 
-378.39392 111.093094 10.2515 39.421394 10.425897 12.554528 -6.2804728 15.4247265 -20.666693 5.3028727 -10.843158 2.6761382 -7.851519 0.79447013 -8.191064 1.0362127 -11.00162 8.743221 -12.702312 -1.1121348 
-329.34317 147.31766 5.8507 28.085846 -2.9995105 -1.5367693 5.368174 15.924803 -29.223734 -6.4981956 -8.421355 6.9946785 2.4490862 7.837944 -8.886123 -0.65762806 -13.785983 3.6898642 -16.914644 -0.6624043 
-328.3022 157.93858 -1.5783219 21.43937 4.8937016 1.4491267 2.702847 9.359122 -35.345966 -4.8770823 -11.854661 7.914361 10.948884 2.5376263 -6.1159053 12.134322 -15.63816 4.582839 -20.48106 -2.926184 
-408.28137 131.3594 20.828308 32.590137 16.341614 7.7876773 -4.535628 12.764696 -12.920809 2.818452 -13.851982 -2.5066 -6.783951 0.49749935 -9.053148 2.533953 -8.83605 -2.561347 -11.634227 -3.038064 
-243.70378 164.9094 4.201086 25.72419 8.258776 -21.072586 -5.8771515 7.254498 -37.387394 -11.647021 -20.450733 -10.456212 -0.55458736 0.6917362 -4.4637423 3.5252101 -8.885815 6.6376996 -11.164791 -6.2735324 
-375.5193 139.54399 10.906148 42.200832 24.732048 7.183913 -2.952506 6.074152 -16.099434 2.2324567 -10.6517935 0.90757203 -7.844111 -7.342309 -2.6161394 4.9439626 -10.76414 6.5996976 -3.7272093 -5.605014 
-417.49875 126.988785 12.853554 32.17328 10.795841 6.715854 -3.0982828 14.29442 -9.868273 5.7958755 -9.214814 1.5061479 -4.7238207 0.89476085 -11.248249 2.8203795 -11.0086975 2.660695 -10.503979 -0.42614284 
-238.76375 128.73851 -36.212093 18.359133 13.838535 -3.5589726 -7.4769573 -1.297414 -29.788866 17.499712 -6.52757 -14.127772 -0.7628282 9.320594 -0.46981272 8.935267 -5.5355062 -3.8366365 -11.206299 -5.7708497 
-215.45488 166.88239 -17.568417 0.5716517 4.7527742 -5.558376 1.4749632 3.9399786 -32.775208 4.473009 -11.897739 -7.6335354 -5.8356686 5.7436914 -7.0294437 0.39072102 -11.918455 5.284262 -8.516585 -3.045296 
-286.45047 144.73737 16.523247 36.056396 19.44113 1.2805494 -4.1836205 12.616918 -31.427238 -5.332491 -26.112747 -17.04216 -6.493756 3.5295286 -9.152581 -2.1549635 -2.2905307 8.966432 -15.971534 2.7675717 
-261.80258 54.560043 23.36069 65.25302 12.359179 9.315084 -12.148738 7.8811274 -28.29388 11.075688 -27.428862 -13.179631 -9.73139 13.149505 -11.949925 -7.9744425 -2.9520667 10.190829 -16.040815 1.1899996 
-289.1589 157.27092 -15.3761635 19.867273 11.283111 1.6481922 -3.083794 -9.677199 -28.577751 15.797109 -7.74159 -5.895728 4.1989136 4.3512244 -10.083936 6.3683243 -11.123665 -9.023284 -13.864613 2.4911652 
-311.73502 118.287895 36.206448 32.331 -0.6620109 4.099385 4.2617664 8.527557 -16.406637 -4.7846355 -21.949825 -2.7753751 -8.526546 2.0086465 -5.5189686 2.7154949 -9.681173 3.794287 -9.882657 2.0062265 
-335.5506 131.04015 10.976157 49.253933 20.981773 2.3495915 -1.0312135 9.176434 -28.650204 -3.3824255 -17.615095 -8.354601 -6.4370527 1.0188165 -8.068516 -3.970918 -8.3772135 9.209615 -16.428837 -0.61068916 
-319.6928 143.1481 0.40003967 27.406319 16.441301 18.738413 -4.340025 -5.554218 -38.59059 2.7548451 -22.493961 -3.2473922 -4.2889767 5.876873 -5.5339184 14.244622 3.8897943 9.842762 -26.781202 -0.9597627 
-306.4149 149.73596 -11.668096 13.640439 13.336964 2.6285799 -2.932967 -3.4416173 -26.210167 12.336949 -7.2488775 -4.5606074 1.4541608 3.417877 -8.404473 5.2466683 -9.528189 -1.5302632 -18.622131 -0.54249644 
-345.38632 148.90282 16.496098 15.081807 4.886739 1.7815105 -1.3820624 11.868668 -14.1875305 -5.092077 -19.16883 -6.505021 2.4455843 1.3098111 -2.5940237 5.9678526 -12.450176 0.0055703055 -15.889491 -2.4084947 
-335.614 137.15324 11.270365 28.797066 15.661606 13.834416 -2.3294084 1.6043569 -33.27031 3.6856852 -20.408384 -3.914477 -2.877585 2.6120439 -7.919098 4.5890474 -1.1313261 9.647763 -14.448525 -2.447017 
-347.6243 149.13708 -10.106816 44.333538 28.03431 16.122486 -1.36193 -11.235697 -31.311195 13.663296 -18.608606 -15.752653 -5.353124 -1.8699504 -4.348236 16.948055 -9.710706 1.9579405 -3.0367348 7.9596896 
-310.15332 113.43735 40.24508 26.692198 10.387173 19.626905 -10.632719 -4.2770715 -38.137905 3.2815144 -13.920371 -7.4543896 -12.381467 0.7530282 -1.1058211 15.581911 -6.431101 2.5080092 -16.86515 -0.5081347 
-366.61166 148.80109 12.376901 29.845089 7.9158697 11.128329 -0.61146694 3.8180761 -25.60418 -4.8717346 -15.978697 0.01736164 2.458144 -1.6308382 -8.69916 9.956261 -7.449306 3.610304 -9.8121 -4.5034275 
-293.25287 156.13596 -11.119905 29.060555 19.167717 -7.440156 -1.0037323 5.849751 -34.367226 7.123057 -9.848461 -12.136963 -5.8617954 1.1665742 -8.189294 4.325592 -7.3433313 7.577752 -17.596367 1.1041328 
-289.151 63.66211 16.8412 43.90507 3.9808638 8.351842 -15.360955 26.136234 -32.913403 9.481807 -14.271421 -9.7483 -8.065987 9.841023 -0.7860899 -0.8685343 -2.861776 10.7193985 -12.973591 3.0864172 
-317.87717 136.79652 6.6169624 46.007515 38.499954 18.308777 -22.641872 0.037180014 -30.671448 6.6696525 -21.10293 -21.67314 -12.395477 -2.813446 4.5573874 3.89914 -8.0734825 3.332647 -4.208895 1.0774941 
-199.09744 151.0721 -31.987663 21.67119 5.120042 -7.1830425 -0.6266838 4.7992444 -51.37561 8.888375 -7.6431785 -15.473644 -4.477534 -8.442352 -12.576155 6.62303 -16.763994 4.296789 -13.4221735 -10.680993 
-268.21722 140.76297 6.6514115 61.83966 32.328415 -12.663563 -6.821914 7.1002398 -37.40432 -1.8686528 -21.75069 -18.993938 -6.351531 -0.9777561 -11.187286 -2.2716315 -2.0509267 12.475869 -17.000563 -5.888466 
-256.41132 149.05154 -10.400828 14.042967 33.704983 3.5867052 -12.807412 -3.0920184 -28.041183 -1.2714759 -23.769426 -14.103517 -7.6649494 -4.4310713 4.088025 2.8727455 -10.257096 5.0351467 -3.171998 -12.072752 
-226.87534 64.51332 33.275894 31.333082 11.919376 29.529799 -25.562859 5.297372 -25.685898 3.2944643 -13.464294 -20.162079 -20.33084 6.22521 -6.945427 -4.8512063 -19.342066 5.4684772 0.9570838 -1.7831064 
-333.23538 133.22849 18.569105 33.53711 23.968063 11.154603 -10.064602 1.3272533 -18.764206 0.5008687 -15.606783 -17.58868 -13.51136 -3.9161813 3.2974703 1.4403518 -14.631185 3.1682453 0.751126 -5.2248216 
-331.37146 149.27872 -2.333692 25.569439 -0.9461994 -2.3371801 9.21353 13.101018 -23.221516 5.182553 -8.949207 -3.3008718 -0.81644905 0.4186797 -11.836628 6.087776 -4.483315 -4.4295783 -10.583544 -2.0594816 
-262.0099 95.6055 48.058834 19.476372 -0.79231536 13.205136 -15.522908 8.606264 -15.83746 0.6319663 -4.7031465 -9.521664 -16.531439 8.366879 -4.8799114 -0.6283898 -14.974847 -3.5993042 -8.79215 3.2312906 
-227.49745 126.046036 21.24877 10.309406 13.56302 12.271051 -17.342125 -0.30826294 -32.61275 0.98738986 -13.559577 -12.162618 -9.158335 9.347795 -1.6779331 3.5868154 -18.696432 4.6296372 -8.235134 -6.785475 
-258.22693 90.26723 47.40771 26.357132 4.760387 35.359997 -20.824501 10.6216135 -31.641981 -1.1756829 -8.34824 -14.341975 -22.716234 5.7331767 -7.5189614 8.525013 -15.679291 2.58921 -3.3158581 -1.8786409 
-288.38098 128.78555 30.817627 37.447002 18.453606 17.657625 -12.06228 -0.1835663 -26.189756 6.5437574 -11.893417 -12.929792 -9.887745 4.6184216 -3.8076756 -2.2985904 -8.793266 -0.5464499 -11.077097 -5.6950507 
-297.16763 151.29495 12.612364 12.841304 4.383216 5.7574368 1.7745256 7.2053394 -20.643148 1.8614411 -7.6384144 -0.9590101 -6.24785 0.78478867 -5.107562 4.0914974 -7.1955395 -3.2558048 -15.70886 1.2655559 
-332.44113 156.2763 0.96394664 26.67788 14.213872 2.7448664 -1.5291518 0.753258 -13.699146 12.458371 -14.429516 -9.826773 -1.3644246 1.1884041 -6.974165 7.2416363 -9.501503 -1.7411194 -13.324308 3.185213 
-321.26443 158.2469 3.7739563 12.667163 4.867591 7.746923 0.40097424 6.277649 -25.3127 1.9530256 -16.92669 -9.010746 9.967768 5.3316917 -9.787805 2.6613474 -8.084133 2.637553 -16.602806 -0.38070607 
-308.7491 92.168335 23.175903 34.349857 10.860663 15.504353 -8.975954 -1.2902516 -29.446615 11.411778 -13.4640255 -9.843637 -7.781216 2.2429934 -9.739177 12.985021 -9.050586 -4.155252 -6.32776 10.876962 
-299.15582 161.17108 -0.80712676 33.788006 20.27761 -3.8750753 -13.836523 -12.027179 -34.60461 14.588776 -17.816833 -18.455498 -2.2299356 10.486184 -6.0122814 6.598844 -9.141158 0.21566428 -10.038648 -3.588375 
-274.53268 184.69594 11.309161 14.292629 -7.101041 -13.903852 -0.3052713 3.4446418 -34.282364 -4.714034 -14.149454 -8.034018 -3.322997 2.0431798 -3.844407 1.1201535 -8.067767 4.0383096 -12.52185 -2.6205027 
-345.3447 143.80266 31.54497 35.46557 3.8721287 1.7220415 -0.7140872 6.1565027 -26.934208 -2.4139228 -17.627882 -9.980682 -6.0546627 -3.5299494 -3.1931643 5.060274 -5.632411 9.850582 -7.531879 2.7642171 
-290.82288 60.103237 47.799488 42.333313 1.1774178 30.348497 -13.882065 4.1095066 -26.64196 12.543196 -17.809523 -10.587422 -20.221687 14.077383 -8.082875 2.955762 -8.743064 0.010965811 -7.61558 9.089143 
-341.72385 127.78155 30.36384 44.901253 21.456585 19.679068 -9.759132 0.8414623 -16.337175 2.6048086 -14.685664 -12.16367 -15.693902 0.33064577 -4.005293 -0.6276381 -14.66326 2.3819954 -1.2449018 -1.8621949 
-322.35184 74.043884 13.740821 32.36652 6.8295965 18.749495 -3.6293128 13.631971 -20.06522 9.2854805 -9.30493 -0.6745441 -11.12013 2.64211 -5.6663685 -1.6658727 -11.001853 9.172909 -14.084713 3.0544348 
-328.27014 110.77519 8.340228 37.448135 18.77234 12.793683 -7.0732317 6.9251423 -26.835756 11.698107 -11.270438 -3.936264 -9.963205 9.899908 -4.497987 1.9540524 -9.166014 1.9475089 -14.430889 -0.124398656 
-218.99132 130.63506 -4.657118 19.718487 0.7851292 0.4533143 -16.153782 6.6165442 -32.817986 4.000723 -13.999509 -5.737202 -10.247487 11.426792 -3.0218816 -5.983756 -14.182927 -3.602096 -14.846944 3.0782213 
-251.55487 163.1093 18.422249 15.139779 11.693661 -7.751681 -13.769413 0.08855799 -39.2794 -4.6343317 -21.984552 -23.362724 2.4279594 -9.649953 -2.047546 3.9488268 -10.932189 2.1357112 -9.363346 1.2812257 
-245.84152 117.26747 0.19290607 44.827946 38.876022 1.6617684 -18.127031 -4.058321 -33.641052 7.622177 -27.444077 -27.56373 -12.450622 11.081667 -7.8511133 2.8212128 -8.673229 5.369528 -7.844267 -0.22885042 
-291.56458 143.82568 11.358619 32.134438 34.445713 11.166522 -11.840461 -14.106197 -33.75808 7.9515896 -21.075504 -22.492214 -16.34275 -2.2830942 8.632574 13.336285 -13.004765 2.6376894 -2.177091 3.5729005 
-270.32275 114.60826 5.0906034 30.021097 32.684624 9.957026 -11.048758 9.325923 -25.671324 1.457112 -10.065046 -10.596258 -24.573854 -7.3772793 6.401602 -8.410421 -9.223812 16.417547 -15.333036 0.90855855 
-226.17412 78.63256 29.854248 25.329475 30.971697 21.4397 -18.146988 15.549881 -32.688522 -1.2430946 -12.641887 -14.369481 -21.245 -3.8319 -0.51584464 0.75079715 -17.45863 10.300671 -8.949383 -3.340963 
-206.1523 94.60975 -8.714639 56.05632 32.479885 -0.27481937 -22.044746 3.4984355 -28.030165 5.07543 -18.43544 -25.582508 -13.410588 9.858715 -1.1166468 -9.655376 -12.513246 11.157057 -13.963862 -10.726074 
-210.16034 140.24605 -13.593948 2.616334 8.068203 5.9818325 -6.14281 -3.2138493 -21.179209 16.11164 -2.626015 -0.20488268 -5.6380157 -4.940586 -6.316941 9.834117 -14.401106 -3.8695908 -15.453917 1.3689018 
-281.41843 107.3153 12.989636 52.731953 29.310326 9.712999 -19.962486 16.64225 -26.755547 6.8361416 -21.922642 -16.735226 -6.9617786 0.4486174 -10.527192 -4.1618357 -9.659153 5.566986 -8.62931 -6.824726 
-295.65683 157.38687 -13.54018 30.53245 32.556644 13.789188 -9.96155 -13.903311 -41.046227 5.213887 -23.587484 -8.846447 3.6071875 -4.400873 -2.1259909 10.893597 3.4659052 3.4723406 -24.122627 -2.7142744 
-411.88522 129.21097 12.550068 32.878628 9.0857 11.017323 -6.4683948 9.358376 -19.460924 7.7635784 -7.820659 -0.74630165 -3.7462459 1.4678311 -7.049829 6.952307 -7.834705 3.8547664 -12.925856 -1.9684988 
-330.35764 153.68204 -0.63342834 29.653463 26.192331 15.308271 -11.164429 -8.699375 -27.175877 7.171642 -9.86211 3.86448 -2.1302443 -7.8842554 0.66087586 14.29129 -11.366163 -0.09909786 -16.1381 -3.8346012 
-394.4069 132.33466 22.732412 23.40878 8.351394 12.854954 -5.728913 13.332535 -16.404058 6.628896 -13.577549 -0.16179858 -7.972788 1.3529035 -5.083906 3.344003 -8.166145 1.7600895 -8.495124 -0.07975801 
-326.68488 141.94984 45.896782 22.363285 10.95607 11.493483 -11.666914 11.191899 -30.24688 -1.7225852 -22.038008 -12.423653 -12.67644 0.55657065 -9.078384 1.362044 -6.523018 2.266643 -11.27976 2.0431273 
-245.67142 133.57428 29.527811 -3.8939602 -13.087532 3.3898332 -10.795317 17.167873 -37.389896 9.873187 -19.54617 -3.3294532 -0.7773349 1.6643263 -10.779832 8.975342 -12.235355 -3.5294828 -12.394073 -8.164759 
-296.15305 152.45132 5.5153403 0.30677626 -11.743238 -7.664129 16.455603 17.191452 -21.123602 11.521541 -17.508823 -2.054093 5.542097 7.786461 -15.581658 9.462313 -9.484319 -3.9889314 -5.3466 3.7358618 
-320.8097 144.75896 15.205098 33.881348 18.256361 3.0214128 -9.359958 6.285751 -17.861752 6.125902 -28.909447 -13.5182295 1.820795 1.9592192 -3.829234 3.9865816 -0.0401799 5.161033 -13.05344 3.6754942 
-325.5293 144.9314 -4.775462 31.101292 26.469475 14.900774 -8.167195 -6.278884 -31.53577 8.345814 -22.001728 -7.976884 0.5991476 0.67540294 -3.8574104 17.506416 3.4345899 4.8887043 -18.924147 4.3551764 
-398.68494 134.82147 14.003991 37.425735 13.565802 10.222753 -6.3986254 6.369231 -13.207361 3.3438814 -8.4884205 3.517618 -6.2737184 2.2186527 -5.632407 7.137229 -4.367662 3.8142827 -15.130602 0.7110173 
-413.36523 124.412895 14.407408 39.731354 15.849583 8.566677 -7.549624 12.947056 -11.365254 7.415363 -8.264745 0.8262632 -2.5954998 5.017852 -8.051828 4.110812 -10.093845 7.1692142 -8.004922 -0.08182491 
-404.4311 126.19461 20.944424 37.45574 19.673515 9.610962 -5.67842 14.033593 -8.284242 6.0279045 -13.580343 -6.792337 -6.955141 2.9359903 -15.480124 -0.5290148 -10.743919 -0.746487 -16.683617 -5.308363 
-344.30215 134.3792 5.331092 62.958252 38.627586 -2.906433 -11.43147 14.910777 -9.04077 4.905448 -18.236988 -12.065779 -9.541057 2.5927484 -12.191397 -12.379402 -10.628242 9.172911 -18.294447 -12.197875 
-342.75043 135.2592 -7.833231 54.583084 36.477314 0.9532086 -10.405308 -1.2690784 -19.197716 7.5737534 -19.236362 -13.841357 -6.2220707 2.9597013 0.027245786 6.050944 -10.7690935 11.387905 0.9001367 -0.47690862 
-353.94434 132.39119 19.052914 29.026049 23.160776 14.465321 -10.658369 1.3534225 -22.340279 9.7199335 -14.980876 -5.0908847 -5.691804 5.274708 -4.9219337 12.746205 -11.019488 1.8944645 -6.6812057 1.2660165 
-421.0055 141.59018 12.881717 38.180294 18.733913 9.043269 -4.691546 15.473323 -11.719733 9.145309 -11.130148 4.3023386 -2.4129229 3.451076 -6.326214 5.524706 -8.023777 5.4110107 -8.30331 -1.7893018 
-424.69232 131.5895 14.247026 34.002205 14.602637 9.9499855 -6.626589 14.759064 -10.569914 11.215529 -9.37599 1.0108452 -1.5581862 1.2376505 -15.29211 4.6268787 -8.373977 5.0106044 -9.654124 -2.7587688 
-439.68008 139.01477 13.925957 38.366325 12.889917 8.451731 -7.91573 12.54349 -12.29856 9.095405 -14.873576 3.5506299 -1.1952354 4.6443024 -8.839557 5.8332705 -8.441317 2.6967843 -7.8789215 -1.5560395 
