-310.69727 173.41795 37.328125 16.602829 -22.14446 -2.6935976 -13.9551735 -6.6019173 -32.453545 -4.865064 -22.016123 4.1222153 0.5753021 -15.34737 1.1795968 -15.502836 3.7700446 6.777342 -2.5256925 3.2719576 
-246.1244 107.335205 16.31166 39.73334 10.192792 7.7726235 -16.325466 -9.694088 -51.925934 4.0665154 -14.715419 -9.161477 -4.446064 -6.554014 -6.1489587 4.611568 2.6621 5.2387695 -6.8343787 2.7052104 
-342.29498 154.55861 51.73843 35.08985 1.0841749 -2.3171716 -20.974403 -6.1821346 -26.927864 -4.220518 -21.584145 -7.127693 -6.6917877 -19.263279 2.115834 -1.6848061 -0.6210587 10.651683 -7.489275 4.946993 
-322.94983 147.2177 37.940456 26.650585 -8.710283 -1.8154494 -21.389324 -4.338257 -22.314095 5.458573 -18.003748 -6.9960504 -3.900361 -16.800982 1.9991968 -0.8387416 3.3047771 10.575694 -9.348366 -0.76766616 
-314.9059 92.186806 36.726772 53.069344 10.191679 11.686482 -10.938158 3.900414 -30.183004 10.282824 -24.521914 -9.97357 -4.2615104 -1.1941553 -16.628792 -0.91684955 -6.2479925 1.7757328 -7.6382785 0.90394187 
-319.05118 134.77235 0.68520695 44.931404 20.3572 13.072953 -6.5968647 -9.048998 -25.814857 -1.8870177 -29.59507 -0.018849902 -8.10819 -6.8746777 -7.4254684 -3.5837588 -1.1613556 6.717507 -17.039288 -5.8736453 
-287.8263 161.33415 -7.8448544 10.899771 -8.959514 16.381462 3.367755 -11.740134 -28.320896 12.127248 -15.98204 10.316555 -6.743778 -4.855458 -5.477383 -11.762516 -5.3865933 7.5479145 -12.461574 4.008951 
-300.22678 127.27197 4.778627 37.97701 12.622165 15.616508 -10.3328 -9.852062 -43.10715 13.27606 -18.183905 -0.6486505 3.7817883 -9.052563 -10.222111 14.407678 5.9984574 0.17531437 -18.546843 10.537218 
-322.10895 141.70361 29.244015 35.789436 10.535282 8.721114 -21.093437 -5.9242525 -36.047104 6.7729473 -26.025635 -9.110798 0.35885668 -14.420985 -2.9262645 10.687862 3.4742196 3.832428 -15.269333 11.377757 
-298.88828 166.6102 33.024715 38.707985 -26.175453 -5.750864 -11.167271 0.25152907 -38.422222 -1.7084095 -26.66799 -5.9156284 5.34597 -20.213892 13.569609 -5.0048294 2.8339376 12.649458 -14.861751 2.652814 
-274.50403 95.19273 31.844177 47.92437 -7.423139 23.033958 -12.83281 -4.129625 -37.9331 6.680197 -16.102924 1.6262258 -5.1318717 -3.6930761 -2.6436043 2.3774147 -5.4393263 12.5204315 -18.593216 -2.1892061 
-315.44742 91.67924 24.713005 66.08575 14.816772 7.0192266 -16.147646 7.5679693 -31.273085 9.425786 -37.35028 -6.5328298 -3.4805155 -5.0205965 -18.129044 -0.8731165 -1.3904996 9.27535 -23.427622 -1.4563533 
-345.35248 130.14401 17.857185 47.00577 24.764458 8.65664 -12.65149 3.1210413 -25.60839 2.8473468 -32.180946 -1.2033713 -6.6920013 -2.9994383 -13.850586 -0.6528525 -1.20911 4.9379325 -10.855634 -3.3641672 
-355.3084 93.3813 9.475441 46.21188 34.202736 -5.028625 -17.305176 19.820791 -21.891193 5.797758 -21.03326 -4.1838555 -15.349586 3.8342295 -16.540627 3.8702419 -12.071647 1.9751841 -16.114677 5.3211117 
-397.98694 150.70699 9.987492 42.482834 20.996128 17.654366 -14.952724 -6.7383184 -20.779533 0.26501969 -18.53064 -7.0280786 -11.783151 0.3972743 -6.6961164 2.7416885 -3.9762201 1.5927323 -6.7804875 4.9154944 
-379.77728 151.18246 27.034412 32.155197 10.798302 8.598672 -13.53727 -0.027484788 -21.77978 -4.1191273 -15.056643 -7.6097794 -8.109849 -2.4189556 -7.0502653 -9.325978 -8.493187 5.64637 -12.938318 -6.8042493 
-241.02303 91.98471 25.452555 54.105385 10.591301 2.5177548 -20.134027 -7.6451163 -34.66433 10.553829 -24.44919 -8.053522 -1.8040528 1.1917417 -14.645924 1.6885914 -3.9772203 6.9389076 -16.138176 -2.1519594 
-308.47876 162.19249 19.09803 20.442894 -5.496046 6.7418633 -15.712642 -7.793535 -33.129307 3.3166265 -14.335942 4.7286186 -3.2751164 -12.333225 7.1099873 -11.78899 -6.693032 14.373028 -20.013504 -3.2508907 
-315.0712 165.38008 13.749901 27.759914 3.2408376 19.019102 -6.7723002 -4.834842 -28.874783 1.8696687 -11.76701 5.785954 -5.537843 -11.330236 2.3305824 -0.669272 -5.123169 6.6337056 -17.63347 -2.380496 
-371.03076 159.50014 31.862772 37.0132 18.849632 24.195503 -2.8985972 -2.9855871 -17.279383 -1.6617624 -13.374988 3.930483 -5.7007337 -11.004559 -4.5040035 1.4765009 -4.8829613 8.98553 -14.3261 -3.2703905 
-405.87625 144.01189 15.402786 34.628616 10.674246 13.528372 -6.2725925 3.6469913 -13.091209 1.1863575 -11.286573 1.754689 -4.2356443 1.0895705 -5.435997 6.172995 -10.014123 -1.7670962 -9.636272 0.5244005 
-304.78076 163.4022 26.176558 19.355675 -15.82774 5.8393598 -6.4604316 -4.768813 -30.327288 -7.250573 -17.58571 3.19087 5.330154 -16.072802 2.139204 -3.425175 3.8805783 7.337454 -14.692379 2.5768993 
-280.74896 145.03038 23.567085 25.05183 -7.541651 12.069583 -4.180237 -9.44072 -42.802063 -10.246106 -17.633041 -0.85048175 -5.8909583 -16.3915 12.807102 1.4793317 5.7579064 12.656943 -21.902262 -0.17751037 
-263.4599 107.72238 26.674372 37.998886 3.858187 13.47841 -22.094025 -16.605375 -41.038437 4.14142 -13.707939 -8.171696 -13.022695 -7.7540336 2.73716 3.4533696 0.9029559 4.1748233 -14.222863 1.4603068 
-273.2447 111.150154 26.864367 32.475765 -6.761633 15.335851 -13.696349 -13.481628 -36.486084 0.94402736 -8.8581915 6.5567107 -7.7204413 -6.9565215 -3.0060768 -1.7467271 0.177548 1.550167 -18.751696 -1.4336586 
-201.83595 154.30768 -2.9992342 9.557155 -14.234355 -1.0451913 -13.307938 -15.088789 -40.785965 0.8521142 -10.546398 2.9739356 -5.637647 -2.5043316 -1.8300787 -9.940338 -0.5019512 2.0071707 -13.60785 5.9918766 
-210.52963 124.921524 16.123537 11.748526 -17.33831 4.5595675 -6.8008537 -6.087263 -45.78833 -6.8071537 -17.681017 6.7870398 1.594031 1.1717318 -1.9720323 -2.9831538 -3.79596 4.4983892 -12.626005 3.5199556 
-239.92097 131.09099 -2.504897 35.287064 14.603633 13.436345 -23.508108 -23.827295 -33.172222 3.1880445 -21.799131 4.2701855 -10.6409855 3.9253676 2.1450143 -3.7107697 -4.2325687 2.556494 -8.047199 -0.84296083 
-232.20013 163.84679 -23.765717 5.8156896 6.1087003 10.725863 -23.390476 -28.006958 -32.293434 6.8687267 -6.3410563 7.0239697 -4.9237003 -13.713912 -0.29518476 -0.4399463 -3.0346036 -3.5607944 -15.858919 9.255951 
-339.4867 175.78284 24.079935 37.937294 7.8734164 12.209414 -15.127646 -12.454902 -28.698408 -4.570544 -15.828173 -2.6704297 -12.759075 -10.205649 -1.4659685 5.001374 3.0534875 3.3599513 -5.0810385 7.1483746 
-318.40756 160.40924 19.216307 35.482746 3.5164592 20.102308 -20.47167 -26.64554 -50.769283 -6.1483593 -6.2618127 5.0020733 -4.143037 -12.219265 8.733692 7.867208 9.5854225 0.52735835 -16.219177 4.6186304 
-334.5259 166.47168 12.1261 35.4679 -4.75425 15.649441 -12.433641 -15.115014 -48.410637 -6.9055057 -8.698299 14.941708 3.8155234 -8.988927 3.2707248 1.4277769 9.15321 6.4801464 -15.596442 -3.5484476 
-347.94073 149.61578 15.899684 40.608604 13.117757 7.965632 -17.190878 -10.43286 -31.175795 -9.931683 -20.470434 1.0300093 -7.1111517 -4.120794 -6.16247 -0.61387527 4.3320017 7.132162 -14.7444725 -2.740635 
-338.79352 138.5704 21.235868 42.552967 33.47967 7.529608 -14.265269 -5.5449457 -4.3950257 -7.6165957 -28.494602 -9.042646 -5.6129284 -3.4402819 -19.318233 -0.4287848 2.6628764 -0.4831861 -14.851567 0.5121896 
-340.41812 132.34766 24.712969 42.636955 36.571083 3.5335436 -16.924238 -4.8750205 -6.077934 -8.854645 -34.66975 -9.509281 -6.7745695 -1.173454 -26.474907 -2.5817177 0.4928114 -0.62418664 -18.121223 8.648037 
-385.9101 99.13071 27.150385 42.36516 2.983873 18.782074 -1.8011044 12.4965105 -14.884996 12.756469 -16.31812 -2.2127054 -1.8573347 -1.9629629 -8.21542 4.8681226 -11.130449 3.8248143 -11.181664 2.0005255 
-313.64935 101.488556 29.165087 43.904747 -6.377253 28.525822 -13.871572 -6.042236 -41.234646 5.593702 -16.564728 -5.9462156 -11.368874 -12.559709 -2.3602855 9.421558 -5.7682953 7.772605 -13.685526 2.9650862 
-265.8813 156.82071 -5.376168 13.742691 6.38133 -1.9031364 -10.862981 -12.828952 -26.491398 2.1273034 -26.650887 6.7428393 -2.1516864 -5.5429597 -11.938884 -7.6228976 2.9028668 0.90773517 -18.05991 7.4962616 
-280.36713 112.5116 -4.9559717 67.82062 44.267387 -11.044216 -12.433946 -5.0417223 -21.569159 4.4373155 -32.70644 -9.11141 -1.0446457 3.100252 -17.074717 -2.4208133 3.0509691 10.423538 -28.288261 5.161879 
-297.282 73.66858 29.098223 60.7338 8.208208 18.605333 -16.362799 7.5915365 -25.933872 4.5569887 -30.09266 -2.2266436 -5.9861927 -4.2986608 -9.683905 1.7690092 -7.720569 9.347399 -15.578934 -1.5207626 
-319.44873 93.59372 17.562891 70.0912 25.251917 -9.963863 -8.148733 8.612825 -35.119682 12.180013 -32.300636 -1.5140119 -10.361406 -0.88563985 -20.06455 -0.95092815 -2.338284 3.9864683 -25.860386 10.136989 
-315.76062 123.33366 8.802257 48.707985 40.064487 4.0467753 -24.839521 -10.872273 -30.902466 0.76942074 -25.622284 -14.64001 -11.163494 3.3869383 -9.789305 -1.2759451 -0.3186243 8.903979 -12.291624 11.881546 
-300.13812 158.10527 3.0534391 23.264917 2.195906 14.626997 -11.30842 -13.391067 -24.711191 4.0394893 -9.610204 0.75225043 -12.156287 -4.770772 0.634534 -8.111101 -6.707361 -1.7531642 -11.309959 6.1711097 
-313.90076 163.37042 27.23248 22.447441 -20.914118 -4.7055326 -10.57287 1.4486454 -14.060267 13.0717125 -13.762893 -1.8077685 -3.9849997 -11.367046 -2.0065353 -8.315459 -3.4630997 4.0527897 -13.142449 -5.1370783 
-241.13417 160.05762 0.9074048 11.595289 -18.84257 -5.8708267 -20.814537 -7.7197943 -23.65662 8.732622 -11.332954 -1.7240138 -0.33896604 -8.435652 4.2581167 -2.1587727 -2.958497 1.6402394 -20.432455 0.08822738 
-314.51526 162.88849 10.341503 31.960794 12.871811 18.323477 -21.182749 -15.73164 -37.83052 1.1086212 -23.101202 1.8425285 0.15407175 -12.467762 5.068575 -0.58355564 2.0664601 4.8510046 -16.519333 0.65736485 
-267.95544 95.49235 11.6863985 52.367744 11.0657015 16.596506 -23.860664 -12.592626 -29.366503 10.23977 -25.226921 -6.696967 -8.34226 -2.723005 -4.9751225 1.7049613 6.375799 3.1451464 -19.207125 2.0843277 
-277.65967 157.78041 33.6167 26.279716 -11.211992 5.6248574 -3.545446 -10.948805 -37.845886 -9.901874 -27.20099 10.744932 3.6911554 -13.273643 3.4210155 -3.579714 2.7886 18.153185 -11.878138 6.6387644 
-287.59515 162.90578 27.593536 18.843086 -9.704937 1.2535605 -3.3221376 -5.0898094 -36.150288 -10.087033 -17.76602 6.459547 7.9156103 -5.405963 1.8472819 -0.5165293 2.698376 10.750577 -9.769665 3.7509258 
-318.4917 138.91382 27.718496 47.159378 14.079205 1.8603853 -9.467208 -3.6497927 -29.107273 -7.6718335 -24.87541 -3.1971393 -8.854534 -3.7553024 -7.8831387 1.6740394 1.10822 4.0118065 -14.469243 1.3804768 
-265.20352 58.184258 20.603554 67.23459 7.1730556 12.029536 -14.673213 0.78834176 -29.386833 10.215483 -25.684782 -10.198432 -3.2245708 -1.0803366 -10.667986 -3.2572565 3.3743258 6.7150564 -18.06143 2.9144573 
-265.7539 123.248375 -9.1219 61.537544 20.831896 -8.147022 -24.71325 -13.988033 -25.170486 -2.1604633 -24.754633 -12.912688 6.6188483 -7.5934896 1.9524053 -6.7654095 7.725404 16.16875 -20.128279 5.014697 
-298.90073 137.39255 3.5444925 54.86783 26.478542 -2.0823178 -24.200754 -18.078957 -27.722052 3.5877113 -28.133026 -15.876751 3.962888 -6.8238544 8.107409 -2.621522 -0.023472415 17.485958 -11.900526 -2.5170949 
-413.1903 142.57486 17.99787 38.839874 13.691123 3.2403529 -11.189446 7.9251633 -12.549346 6.8462424 -17.904238 -5.345446 -7.005337 2.7618082 -5.9878592 4.3269057 -4.543246 8.036546 -11.41323 -3.3163426 
-425.12326 134.79388 16.787964 35.928883 5.720002 10.200245 -6.643828 13.19036 -13.500913 8.109386 -8.088962 3.40841 -2.3403926 4.6612973 -7.67129 5.4639444 -11.57825 3.7245839 -10.47406 -0.019463824 
-418.5755 132.38324 15.804455 35.423878 5.7394776 15.928233 -11.414943 11.412284 -16.94756 8.493917 -11.304029 0.34890875 -8.365674 4.783022 -9.4354315 5.2373896 -6.7512693 5.610548 -12.377868 1.8689848 
-312.18713 163.19545 42.59158 29.82384 -4.4600015 -1.6563467 -13.702239 -12.481752 -40.633057 -3.508534 -26.825026 -1.8682885 -10.794732 -13.888014 -9.4740925 -12.4651575 -5.8039265 12.93195 -10.017683 -4.9991927 
-300.36078 170.87126 16.639248 25.196268 -4.502211 6.9636 -7.4283524 5.65413 -37.165245 -5.3536434 -19.466087 3.026618 -4.730779 -2.317252 -3.5524144 -10.496723 3.1662314 9.172041 -19.581505 -4.5520926 
-316.95648 95.26847 37.91294 57.666912 -4.720047 32.687687 -12.676274 -0.41382068 -31.471199 4.859359 -16.345348 -8.072118 -18.4849 -3.1525605 -3.4476047 -6.93651 -6.108651 7.8751154 -24.153233 6.8623996 
-313.331 71.479294 35.237778 63.235428 -9.412202 27.076675 -8.68298 -4.9727793 -40.038807 10.474119 -11.844596 -9.043524 -8.689518 -0.94658047 -6.3587317 5.965408 -5.5860844 8.796258 -14.522376 4.779571 
-370.64893 134.30934 23.858202 42.993603 8.961277 19.02771 -17.26531 -1.6308122 -23.09258 -2.2290845 -24.570856 -7.8599863 -10.513084 -3.9957721 -10.420605 -0.16297548 -2.3117986 3.4595406 -12.104363 -0.2385246 
-413.703 136.77023 20.706526 30.982239 13.093765 8.566112 -5.724083 12.211336 -16.069424 4.3132586 -13.84728 -0.56936145 -10.126936 0.68868583 -7.9088287 3.2981365 -9.2101145 2.793305 -11.070995 -1.8983659 
-426.29395 134.54697 13.6546 39.71687 12.448995 9.691547 -7.119934 11.139293 -15.724688 7.4397116 -9.805935 -0.4722812 -5.9811015 5.0088186 -9.050354 8.858965 -6.1597805 0.01890495 -13.460891 -0.49030167 
-423.59262 134.09978 15.501402 30.496208 11.40562 7.606413 -5.3813896 10.102908 -12.977968 7.3946195 -10.064678 -0.8545365 -4.576132 6.824631 -9.684628 5.180171 -7.2649994 2.0330215 -12.147664 -2.740694 
-425.64743 122.13219 23.445442 33.740128 11.833359 9.5537 -6.3296976 9.430845 -11.204107 7.3865595 -9.96542 0.43541268 -1.0041466 4.2630463 -10.187887 6.8076525 -2.1942616 6.2285023 -6.8636007 0.61023504 
