-378.4339 130.56783 11.769806 34.93843 12.731359 11.758951 -7.8195257 9.286075 -10.552606 10.588593 -18.395973 0.5644762 -3.9585958 9.770795 -8.778999 -1.0443382 -13.395596 9.854276 -11.01215 -2.0641973 
-310.34113 126.89748 -0.24618149 49.579807 8.65871 -8.543074 -5.4896364 -3.7430239 -20.4535 -2.1697204 -15.583588 6.733074 -13.513267 3.2232196 -2.532263 -1.740966 -13.134418 3.5892725 -13.008894 -4.500555 
-284.92133 107.47725 13.617387 60.17177 -1.9048018 -9.161182 -2.058992 0.21252282 -27.256294 -8.215923 -11.957653 5.852201 -9.523853 -0.86415577 -3.3669808 1.1087761 -19.172356 -0.019317785 -11.693265 -14.224437 
-258.6813 145.49426 -10.258548 23.199558 -4.9345207 9.417726 -12.168959 -21.888096 -13.452125 1.181718 -19.231386 -4.0415473 -8.014927 -0.5091059 -7.0728755 1.2622647 -18.039011 0.35336778 -5.710351 -13.067449 
-305.5918 151.6147 10.055782 18.311378 -10.875865 -2.3550577 -1.9179494 -9.306168 -20.398556 -1.2598997 -14.118446 3.3141446 -3.5569632 -1.3902106 -7.599601 -5.3754063 -20.005638 -2.7424655 -5.5769253 -10.981443 
-256.62482 137.18413 -10.993782 20.26029 -17.508812 10.871831 14.809032 -20.610733 -36.205986 7.8203845 -9.481234 8.991277 -7.3391213 6.7736154 -11.901858 0.44654667 -9.841692 -3.2293794 -12.985651 -15.670781 
-251.03386 141.07121 -16.024754 26.299866 -25.385551 8.990899 13.316489 -27.518826 -35.31459 12.013237 -19.735802 16.86435 -5.458502 12.0963125 -3.838893 -10.833444 -3.8161414 -6.6280613 -1.1979177 -10.6164055 
-250.47223 97.58843 17.073658 8.039921 -0.39155865 17.440014 -8.724819 3.294564 -23.441847 16.48265 -14.211912 0.9593899 -5.0713325 4.884142 -4.6429234 -4.875506 -18.703268 3.912501 -9.360317 -4.986202 
-264.1319 144.3659 -17.831738 18.701002 6.3683968 20.18141 -11.02347 -12.479867 -24.605152 22.659384 -18.993315 2.6094353 -8.348226 1.8343282 5.2598414 -7.44506 -27.294025 3.7048764 -4.062745 -10.119436 
-299.8528 141.47504 10.6823015 23.662998 -2.228126 15.884969 -1.460549 -0.48593807 -21.485054 -0.6369126 -19.420753 2.4712758 -6.3768497 5.370846 -3.0240424 0.44814143 -16.378248 -4.5250015 -8.346541 -10.687667 
-266.19696 116.02909 15.801456 10.75058 6.4015417 12.954466 -4.7044806 1.9148309 -24.204689 1.0631963 -15.896986 -0.5083388 -5.7881184 1.6616521 -2.7491407 -5.8860083 -17.808655 -0.90909225 -10.182268 -6.9528494 
-253.16772 155.30838 -30.978115 -10.353637 -4.8582864 22.563133 12.898904 7.145162 -32.560333 3.0862255 -15.156811 -1.1663003 -8.759746 -4.007893 -0.7328751 -1.6995193 -19.861305 -0.13845454 -8.236962 -7.2833233 
-331.1416 162.58098 17.184801 21.16912 8.64769 7.6952724 -15.702633 1.492684 -24.618269 4.1341267 -10.922195 -0.70917845 -8.193188 2.4666438 -8.472932 -2.4969797 -14.3768835 -2.0501556 -8.291429 -8.099292 
-257.72873 138.97609 3.697888 -4.614236 -4.878145 14.630283 1.5876571 7.3486886 -28.100163 4.1553507 -10.060496 -0.4632953 -7.0290527 1.7798525 -7.056176 -0.99584866 -18.699947 11.93808 -11.590214 -7.392116 
-243.15598 115.477455 3.2062552 -5.618906 -6.7469096 22.038048 -7.839045 -1.3621385 -25.586908 9.449158 -14.197979 6.729223 -9.226552 5.377556 -5.465513 -7.345287 -15.323732 4.556267 -11.312524 -6.4862804 
-268.4561 145.60999 -11.55992 6.6263905 5.515806 21.090824 -5.42512 -7.724933 -27.6738 10.934309 -17.850655 4.7061753 -9.128105 1.9518002 0.22127639 -5.438255 -16.687935 1.5383896 -9.835902 -4.2112103 
-314.51996 156.09212 18.28329 8.986893 9.381483 16.032309 -5.177236 -0.8469692 -29.503 3.8110495 -16.967754 2.5789316 -4.2480617 2.2960887 -3.980641 -1.4176483 -19.06453 -1.4558845 -5.807656 -8.029594 
-253.94366 89.73959 5.989869 56.167614 3.638971 -2.302831 -12.070118 11.145273 -32.031204 4.744099 -19.224136 7.8268714 -2.1359415 -1.6080933 0.25825086 -8.1072 -10.076715 6.0728283 -10.272464 -2.0465784 
-221.58371 72.66489 3.6383798 56.012886 1.3292773 -3.0474277 -18.807709 15.381763 -36.061775 5.3275824 -18.242786 13.040856 -4.113195 -3.1983008 4.589564 -3.588445 -11.516957 6.1571083 -13.792347 -1.2522833 
-282.30026 119.102325 -5.937148 48.211124 10.550076 -1.6545889 -13.086567 8.561192 -27.082127 6.212726 -24.785921 7.784379 -4.599847 -7.311335 -0.29081327 -6.678202 -8.294397 -6.9841313 -16.874985 4.3831577 
-361.36166 132.26248 17.863155 34.7567 15.394686 6.97204 -8.465574 6.726766 -10.215695 5.9613853 -14.310776 2.2593513 -4.399981 3.1759791 -7.0914025 0.91161376 -10.427242 1.804711 -10.572768 -5.213365 
-371.80768 134.20135 4.5898504 29.302101 19.017712 19.056578 -7.2529874 0.90880895 -10.562458 11.370075 -17.4106 0.35283065 -5.596678 6.1755333 -7.473058 -2.5668585 -20.001146 5.588474 -6.0815907 -7.204508 
-323.83188 76.180374 31.976807 37.39504 5.637175 12.93145 -6.229891 16.413279 -29.572954 16.163858 -16.991396 4.4204426 -6.6556206 1.5301133 -9.271636 -0.99192894 -16.499437 4.6551995 -11.288218 -2.3407373 
-250.90012 101.95703 4.27204 59.39493 8.785375 -22.324581 -9.071994 14.665295 -41.23423 -4.8068495 -23.99581 19.238256 -16.844164 -8.405906 8.588778 -3.8058887 -12.427559 -1.6907998 -0.6651733 -8.188442 
-189.65393 84.94084 -0.57668686 -4.4820757 1.9130843 20.66264 0.023580763 -2.3026936 -28.17866 4.616079 -21.419077 5.635595 -14.606796 3.6955519 1.903584 -2.7006419 -16.296028 9.313824 -18.252995 6.030019 
-246.9834 109.88224 12.234653 36.920727 -1.6197705 6.5485764 -13.933235 10.262612 -32.269554 -3.056931 -10.776806 9.378148 -12.7260475 -2.4109209 3.097658 -2.8181372 -17.740534 -3.2945106 -11.735737 0.58447516 
-257.64072 118.39045 -4.005241 28.600761 15.964028 5.3754416 -12.5126915 -4.7560287 -25.42237 7.5349755 -12.18021 12.18409 -6.92422 7.4933734 3.528007 -10.368616 -12.695368 0.63130444 -17.795616 -0.19941108 
-235.00008 145.27592 5.127227 1.481875 -16.254751 3.1735106 -7.8063464 -14.189101 -52.630478 15.582991 1.0665859 5.215089 1.5332955 5.694258 -7.3153477 -0.10318097 -7.818209 -12.850594 -12.433582 0.38443807 
-311.1609 96.889595 40.190277 35.769093 1.0644318 13.246649 -19.397774 0.8688315 -27.492378 7.7015285 -29.124233 9.022304 -9.781381 5.626528 -8.424763 -1.0568376 -5.9261055 5.3250937 -12.979636 -5.425159 
-290.343 121.20059 10.49884 45.984673 5.2709646 3.4743385 -15.650184 -9.961941 -25.980408 7.087377 -37.088818 12.803074 -7.6978507 14.008253 -5.215198 -5.5639353 9.27821 -1.0649047 -19.334496 4.0026255 
-365.82654 125.47987 24.525396 41.04982 7.2581153 6.0943027 -13.32225 6.703607 -17.158745 4.429836 -19.086416 5.4860005 -8.118567 4.991339 -8.455693 -0.24561371 -9.476263 1.89427 -9.954286 -2.3048158 
-263.74426 84.61871 17.525364 51.108788 3.933901 -3.5562565 -21.055779 7.487476 -35.054 2.9868379 -21.62936 11.5059595 -10.395537 4.689244 0.35586226 -0.5152533 -6.7534547 3.6291263 -9.160662 -3.9206831 
-284.4197 147.86047 6.093302 19.872444 -10.895672 1.2089896 -1.6989627 10.334482 -36.717896 4.3567905 -21.155275 7.3285108 3.0997057 -0.8761061 -4.0054145 -8.942115 -15.2163 1.213053 -8.326239 -1.1114584 
-295.1533 84.26586 45.76198 22.515024 16.32818 11.619723 -11.933668 7.0779934 -22.77381 3.9312308 -19.800362 1.1488835 -5.977484 9.637783 -12.112347 -2.1800206 -11.249615 7.323011 -10.596977 1.6757293 
-246.91689 147.74518 -25.06411 11.691485 -2.4828868 1.8876822 3.5681098 -5.8507643 -35.134308 11.061484 -25.887825 17.217333 -11.50537 0.47237888 4.086948 -10.758822 -11.695672 4.786997 -9.984787 -9.370688 
-285.2445 117.87184 27.257944 8.92301 -2.8029613 9.954788 0.18774435 10.519314 -31.453909 -0.9420083 -19.500374 2.3755245 -2.9801257 1.7199931 -6.2964664 -5.8037243 -15.315928 2.4893177 -11.410045 -5.7301874 
-283.25165 116.72967 14.600706 49.827072 18.924324 -11.419122 -10.842681 7.584832 -32.633 -5.264619 -17.698824 5.664139 -1.9810185 0.56539696 0.46978515 0.5846908 -12.524784 5.6659436 -17.438625 -2.222043 
-316.50027 156.88046 11.212814 24.17713 4.0063343 0.010828654 -9.326567 2.4313505 -38.357166 -5.689317 -5.020872 -3.041026 -7.994049 4.626818 -0.45878178 6.4924426 -12.30221 -3.282162 -12.389988 -7.4160366 
-269.44565 134.95174 1.9856368 7.2266583 3.9276488 22.231672 -8.944965 -14.752234 -40.088596 18.062292 -10.100617 0.40116394 -6.999818 8.690243 1.0926981 1.7469454 -10.577444 -4.3623996 -10.423178 -4.2534976 
-271.4179 96.31699 33.167377 11.730517 6.5895495 7.1177998 -19.199118 -0.5303459 -23.105278 10.058019 -9.070806 4.4353967 -2.1914377 10.602008 -8.77612 3.9233813 -15.367469 2.0192118 -14.144449 -1.2495236 
-309.0647 121.021935 31.955221 23.87143 4.2773304 19.274221 -26.058676 2.065856 -27.379587 7.717927 -20.238407 5.9569316 -2.5368605 9.608466 -10.477506 -3.535684 -18.631983 7.575155 -12.286968 -0.95568687 
-260.9674 122.12847 1.0245607 1.8899591 11.723054 21.181437 -12.16127 9.758549 -19.388226 9.302188 -22.918505 6.7141895 -11.662533 3.2842233 -4.5345488 -1.7423469 -15.86678 9.564776 -16.040565 -5.0021005 
-275.22073 107.64056 22.306839 26.166372 14.42875 4.966818 -22.522558 -3.417336 -24.337059 10.348931 -33.39004 3.6806788 -5.016008 11.681931 -7.9548287 -9.567908 1.1090319 11.258964 -17.65158 -0.7258637 
-346.56534 124.56512 -1.7480215 30.194323 19.467518 20.402449 -6.3464375 4.3718305 -14.452342 10.995236 -18.48282 7.122713 -7.0436687 4.711162 -1.9897295 -0.575039 -23.251007 6.64929 -7.1657586 -12.149334 
-377.3236 130.16302 17.111607 27.664558 13.473795 18.142878 -4.2937226 11.736905 -16.167107 4.248011 -13.278788 3.614274 -4.8780284 3.53291 -7.949952 2.7011085 -11.0647745 5.9208302 -11.459776 -0.90907645 
-319.83313 155.62431 23.775282 27.188164 4.7999988 4.941338 -12.18579 2.0860236 -31.595741 -1.4812677 -8.804478 -0.7108724 -4.8248262 -0.15025939 -3.359203 -0.07811652 -12.737971 -3.6597154 -11.220332 -5.479439 
-312.4174 157.95917 7.862742 20.610252 16.043633 11.81467 -15.662395 -7.7624683 -27.61066 4.8205166 -13.501486 -0.69462115 -7.5557766 1.3647635 -0.503026 -2.3155353 -17.940697 0.4242064 -5.2679653 -2.5680609 
-292.3626 151.89946 4.307549 19.702135 -4.35245 7.575933 0.34652022 -1.2982559 -33.967632 2.7881403 -16.058243 9.890064 -1.1721762 2.757809 2.18971 -6.0896077 -14.957338 3.2606807 -11.355663 -11.02664 
-270.9054 84.88768 51.03318 14.494251 16.515587 12.53371 -15.982265 1.8425655 -21.783232 -4.772478 -13.421899 0.68978953 -4.7813153 1.3208363 -7.905788 -4.1673884 -3.991193 2.140363 -9.601935 -0.81386065 
-242.21405 99.13236 -1.6036665 52.74217 3.30496 -2.914483 -9.60606 -6.5336294 -30.759068 17.709291 -35.177025 4.878738 6.455256 2.8539977 -10.464721 -6.625887 4.086865 -5.738445 -7.178087 -1.3652017 
-230.919 133.39375 -13.929427 18.178566 -18.942131 19.907286 -18.251074 -16.734222 -34.611866 32.480297 -22.315628 0.8980468 1.4213424 6.5288167 -10.416926 -11.164397 -8.77945 -12.133262 2.2561407 -4.7830143 
-287.99298 155.31688 7.712471 10.105691 -7.5311823 12.761795 -15.754955 -18.844683 -34.14897 19.687178 0.6301429 6.4546485 -4.0382895 3.3481011 -6.898955 -4.070925 -11.325112 -13.837758 2.8995562 1.227629 
-273.51703 47.353725 56.23082 29.99366 -2.842478 24.693205 -26.094223 16.66751 -26.615337 -0.03858132 -16.10791 14.792969 -11.90101 6.595292 -10.087571 4.0046167 -12.746175 -2.4690619 -4.271736 1.10679 
-276.84375 112.60617 33.03599 32.764233 10.71587 -2.1035674 -19.820116 6.436596 -37.57143 -4.2105503 -12.690362 -0.9205957 -13.047841 0.47377715 -8.114112 -5.164035 -16.144772 1.4994 -11.4989605 -0.6497349 
-181.93353 101.14589 -14.018467 13.792419 -12.104926 16.142778 -19.934076 -24.602318 -13.788489 14.676366 -33.395405 7.2279096 -9.11421 5.8803906 -12.316567 -0.96588856 -22.005756 -2.339993 -5.8091 -15.042535 
-292.14398 135.2374 20.276833 26.664856 10.937016 13.776966 -23.798815 -7.108981 -23.290354 11.153725 -22.94811 -3.9231143 -0.7300942 7.0722713 -9.196529 -2.3414764 -10.861517 4.3137217 -9.080503 -13.241737 
-248.28204 87.9418 20.235207 16.629137 3.3103955 19.728418 -20.956326 5.8556867 -28.425062 15.523802 -18.387596 -0.6249102 3.2491033 10.539697 -14.775005 0.8206479 -16.683996 3.1115823 -7.959575 -10.929813 
-262.82062 73.859856 34.7308 43.747646 -10.097462 19.454277 -10.755498 11.78347 -33.392483 14.027317 -21.778494 -0.7042247 4.0426006 -1.5574551 -5.8465495 1.0983495 -12.026851 -6.245135 -8.016046 1.0382066 
-195.99767 123.7095 -50.806858 31.402046 -14.498188 2.5628119 2.0261896 0.19462936 -30.784203 10.40929 -20.88718 2.4490411 -6.4241414 -2.044669 8.864621 -3.9737544 -11.483541 0.95641 -0.846617 -8.679651 
-262.66113 115.61117 13.257923 1.5073708 -4.222995 20.91754 -1.7700102 -3.961728 -21.006927 6.4269333 -19.759434 -2.1266763 -9.530751 7.481783 -2.2540555 6.3490973 -17.046743 3.448422 -14.952099 -5.6032014 
-301.76385 148.0982 22.783264 8.290279 -8.613545 4.3327365 -3.5200384 -1.9148831 -33.82523 -1.2974449 -16.65286 4.0561895 -2.3191082 0.89670724 -8.720713 5.060992 -13.61301 1.3175026 -11.128419 -7.3044424 
-286.77853 143.99948 -23.122366 -2.434699 -16.206875 27.682465 25.130703 15.048277 -33.531513 6.707998 -13.743092 -7.018334 5.020197 -1.285565 -3.706247 -7.1568627 -18.091166 13.470943 -11.13405 -6.5056086 
-296.5111 141.04575 6.181032 2.640705 -9.96469 19.123003 -5.363279 3.943943 -25.01381 14.057249 -8.684112 1.2609681 -8.527355 -0.9152408 -6.963663 -5.6090536 -13.854549 8.296661 -10.703198 -3.4353507 
-250.05661 128.0919 -54.778282 12.396107 -5.5794635 33.976048 13.0579405 -0.35175365 -36.610466 20.68262 -18.528767 -12.781967 2.2217588 -2.9521575 5.158272 -11.807496 -23.08381 12.942848 -7.3970847 -4.54673 
-236.113 144.99414 -43.00715 22.67556 -3.4575903 -7.1824536 -7.37803 12.007717 -29.656385 8.927639 -12.586582 9.785453 -10.711612 -1.8580987 -3.1194863 -15.38747 -5.973637 3.3636136 -11.337481 -5.8119354 
-356.81555 132.29938 0.7829132 30.78541 18.550276 15.86578 -13.442599 11.87221 -21.632574 9.363425 -7.5920835 -2.132111 -9.034675 6.697116 -10.556195 -6.486228 -21.492243 6.8210216 -8.200833 -1.0100542 
-314.72986 145.53323 7.99528 35.073883 26.913363 5.39954 -27.43766 -1.8396384 -25.300444 5.29908 -25.766058 -5.5982766 4.55669 -1.2500939 -2.349621 -1.1996394 -11.51058 2.0309896 -11.700294 -13.162353 
-273.46298 78.76889 41.203056 32.92014 7.7776895 12.598738 -10.104699 7.3501644 -26.516502 6.6808724 -22.385017 0.45290554 -2.0589125 -0.39272255 -12.295771 6.6523075 -12.935832 1.6005511 -8.311186 2.3097734 
-225.38336 98.77927 -17.073874 34.296032 -6.122854 21.033566 -4.274126 5.322031 -39.943638 18.151922 -15.149227 -0.15765317 -6.545161 -5.3089876 3.0080187 -2.0138273 -11.78333 6.36197 -7.7373886 -4.044259 
-266.6826 113.962105 20.601412 12.2587595 1.6315392 14.903676 -7.3565826 -10.464397 -25.650795 11.681101 -19.946196 3.2316518 -10.292914 3.1751332 -8.022545 1.7740705 -3.7273636 5.1051264 -11.039041 -1.9107699 
-226.90254 125.69833 -30.381395 30.190468 -6.3441997 11.970463 -15.447523 2.1301143 -19.805803 18.339617 -14.9529915 5.280128 -11.264183 2.0982833 2.5178819 -9.597478 -11.663273 10.886833 -7.6855197 -6.289838 
-296.431 95.947525 24.032967 50.80281 2.9239142 3.0210252 -22.12653 15.260993 -28.77675 1.9392172 -10.995959 4.6556845 -10.341124 3.4055893 -6.0666556 0.9494581 -13.411447 1.889998 -13.060686 -1.1750058 
-303.1523 107.00822 24.267681 49.300884 -0.79254174 13.563345 -17.144173 6.6311502 -28.986437 1.0954723 -18.790413 4.1659484 -8.818657 -4.5913954 -5.7472568 3.182135 -14.795522 4.352744 -6.519526 2.7756963 
-334.66617 108.479866 43.40245 23.794975 12.882526 13.082175 -22.729206 7.5485325 -17.991625 8.578029 -15.500992 3.311182 -6.1527233 4.8752937 -13.696164 1.6817861 -10.031911 4.4078426 -15.475204 -4.9862475 
-311.06766 83.07291 53.862385 18.780361 13.478159 15.475911 -16.460215 11.611744 -21.689253 6.6425123 -18.13985 4.9941235 -9.039472 3.017499 -19.12764 0.71383804 -13.544818 5.0414824 -10.45496 2.245241 
-300.96323 68.812454 57.38659 16.268745 15.331563 14.973884 -15.080821 11.422783 -19.415348 6.13205 -19.473114 4.601727 -9.672153 7.732918 -16.973888 3.3494809 -10.943803 5.6352005 -13.188291 3.2595773 
-317.73932 92.37161 31.125021 31.701958 7.603899 24.758095 -14.83199 12.177016 -20.962402 10.849072 -20.245054 4.5377793 -10.959572 3.2319136 -14.086925 2.6266856 -7.5857186 3.1831622 -12.266633 0.7977313 
-225.78323 43.936375 38.237442 47.51069 -12.275783 31.503906 -26.076607 14.109301 -31.6681 6.8297415 -25.258799 8.1150465 -4.8011227 4.6282797 -9.091533 0.9907786 -3.7509716 1.6394594 -15.159977 -1.2487869 
-248.05814 89.33669 28.647268 45.74095 -7.7479444 19.189686 -29.281694 -1.7773643 -32.061203 4.5331745 -32.53422 -0.17650005 -5.282255 6.8207154 -7.3889184 -8.839415 4.4009824 5.6433945 -17.053623 2.0835161 
-367.60266 131.37164 8.174542 35.630283 18.063087 15.019802 -10.52201 8.66074 -10.455967 7.78788 -14.108591 0.7033347 -6.805606 2.8834155 -10.139111 -6.464739 -9.928669 3.0575366 -14.066461 -1.4827985 
-381.75037 146.4456 -6.737501 37.093155 21.02501 17.058174 -15.786216 7.82843 -12.606547 7.8732815 -13.572827 0.4366635 -3.006938 8.429068 -6.242719 -5.705423 -13.974697 9.09596 -7.1913967 -4.292692 
-201.52155 154.17639 -46.211086 -5.6697726 1.3510385 19.097822 3.6034071 8.088585 -36.069656 23.644222 -20.946344 -0.46530575 -3.0676668 -1.4069209 5.38283 1.2295657 -17.283756 10.536714 -7.444073 -13.645397 
-190.6988 82.23718 -9.9612665 10.67456 -6.3914757 18.408386 -15.785378 15.328136 -19.26193 3.9642377 -17.227798 7.7338004 -12.766131 -2.5021622 -10.088887 4.2643037 -18.221321 4.938821 -3.8105078 -4.380006 
-213.63232 151.17839 -15.235821 -3.671221 -11.162967 6.8702245 2.9511845 -3.6295602 -31.583574 3.272104 -19.891157 4.6980987 -3.8089392 2.811576 -13.161793 -6.0705924 -15.89114 7.8345194 -0.54870516 2.1896377 
-277.20227 150.74579 -2.1579318 18.376305 8.0825 14.113186 -6.01221 -21.371199 -33.920784 15.94548 -11.888738 0.7783048 -3.607213 5.1288443 -2.983941 2.2779121 -9.532446 -8.716235 -1.7385027 -13.627819 
-246.00618 105.844734 10.284045 40.258736 2.2381258 2.1742108 -18.181562 -6.1131973 -29.61129 15.568235 -24.789314 5.149358 -5.7471004 2.6389575 -2.2567415 -3.457221 -7.3705063 4.835432 -6.5477157 -10.104359 
-244.79565 65.319305 30.067518 39.913334 6.6677876 1.0587984 -8.31096 0.322592 -26.201668 11.851203 -25.503489 14.205893 -2.578165 0.5005678 -10.570164 1.1784713 -8.297141 0.97894925 -4.2081485 1.0830697 
-288.85574 125.26468 26.780495 33.61451 4.483707 0.38196775 -1.5349952 6.652344 -40.19084 0.42530215 -22.951328 4.255525 -7.7991843 4.8592763 -4.3419943 1.9834936 -13.832992 4.8493805 -7.1443515 -4.817964 
-300.2431 111.84384 22.569914 75.111374 -3.2766142 -14.530143 13.220343 -1.8986969 -35.902134 6.723457 -21.369293 -5.371156 -9.298424 -5.049807 -2.9812002 -3.3869474 -10.883685 11.103324 -12.759191 -1.9236404 
-372.21402 134.12445 21.04055 33.743065 17.28675 14.1628 -3.026539 7.615244 -12.207848 3.5288343 -14.772258 -1.6066359 -7.574456 1.803736 -8.91772 0.1368525 -8.20741 3.4084768 -9.360912 -3.0398414 
-364.76062 151.38867 27.380384 35.44567 9.892288 5.2347302 -13.735645 5.5419064 -20.34066 2.885458 -9.438793 -0.17898607 -6.979516 3.619907 -8.207095 0.44979456 -8.050201 3.535529 -6.75645 -1.3017308 
-322.60086 167.11327 11.329853 23.125198 16.579891 11.900767 -13.61001 -3.372579 -30.790121 4.452751 -9.093144 -1.7032361 -8.160571 2.0330076 -6.564949 -4.6463313 -13.586088 0.31571802 -4.389415 -3.7872593 
-361.3025 144.01534 30.273294 35.52381 14.977546 1.9994855 -12.459514 3.3079736 -18.969795 2.455594 -11.675925 -3.6523247 -9.561704 -1.3583852 -10.893963 -3.6311162 -11.046739 1.4225864 -4.5885653 -0.23548296 
-306.9717 127.21927 5.7248416 34.295795 13.805645 10.260641 -10.267089 -10.995702 -26.717482 9.45271 -22.892647 3.9435093 -2.9380774 -1.2397609 2.1948078 -13.210109 -12.309796 10.407874 -15.172104 -8.023581 
-269.28262 159.10764 6.5782905 6.9910903 -9.18522 7.065878 -4.845238 -15.506433 -44.288383 14.127323 4.3823667 9.622136 -4.6833806 -1.6177907 -5.47015 -3.462696 -6.923273 -7.2521048 -13.024421 -4.3191366 
-274.5321 146.44089 -10.030228 31.791588 11.823445 2.6020994 -12.536581 -9.226777 -35.519062 3.7754004 -9.378776 2.1046329 -11.02217 -0.2508957 2.1347542 -8.238687 -9.752735 -0.19717264 -9.183751 3.9434347 
-243.46906 128.50905 -6.034167 41.291473 1.7252917 -1.9745587 -8.323639 0.86461174 -28.727749 5.785592 -18.949493 2.0474913 -2.440914 -0.586241 -9.089671 -3.8917491 -6.677259 -9.801561 -3.2124739 -0.76339257 
-218.44635 121.979576 5.2441707 20.680641 -2.8027396 4.2261605 -29.140987 -8.344619 -28.26055 13.258532 -12.390579 -1.7307949 -2.397849 8.527477 -2.272159 -7.1622553 -13.599472 1.3557812 -10.136202 -2.904867 
-245.31706 141.29483 -18.094204 24.300615 -4.144903 3.1969385 -2.9990404 -9.0706005 -32.527355 11.4901085 -17.161568 7.553386 -8.230129 11.057087 6.613496 -14.460441 -7.4839215 -0.4528363 -12.401203 -4.372697 
-345.73322 169.17365 24.488197 28.27921 4.0978737 0.50077724 -17.269728 -4.6146436 -29.042503 -1.2669322 -11.351035 -2.933873 -6.463313 0.69535327 -1.026517 -0.0053245225 -9.572832 -1.8355374 -9.447369 -4.5834174 
-330.3368 160.51872 19.110222 20.66766 0.94323224 9.607198 -10.047004 -3.3669608 -26.917244 4.027199 -15.388753 2.0926676 0.9360399 5.55233 -7.35969 -6.2816367 -15.611394 -0.7362052 -4.4333334 -5.222704 
-296.9362 129.12138 25.564917 29.16722 7.3424997 -2.9395425 -9.05738 7.1268682 -26.754143 4.710952 -10.13797 2.5823731 -6.5290422 -1.795635 -6.0206857 -3.9849157 -17.858469 2.3530881 -9.828322 -3.218109 
-292.69846 124.46338 46.919384 15.822133 -10.037059 -14.291447 -1.5339807 -6.4853015 -34.2285 4.7371974 -23.84227 -0.8443736 8.038706 6.010525 -7.4400296 7.9153247 -8.666225 1.9379272 -4.047583 -3.246202 
-384.94916 128.76096 20.382524 33.717033 13.193895 8.286716 -7.5792704 11.690355 -10.431957 6.235062 -12.484867 4.876503 -8.171361 1.6646023 -10.847212 2.0812528 -9.629691 5.6614056 -7.80091 -0.4252597 
-375.6361 127.10711 24.826744 35.85759 8.237297 20.269596 -9.082601 9.267785 -13.105144 2.8551674 -15.39609 -0.5109479 -6.150201 5.8643317 -10.3835535 4.497516 -9.084666 7.799784 -8.541368 4.3214173 
-321.90646 136.9842 2.1526997 20.035093 16.212685 8.636185 -16.204914 5.993153 -14.29788 4.2811003 -14.986596 4.1733413 -3.508478 1.4006078 -2.462009 -2.5775685 -15.730401 9.937432 -11.211579 -8.8176775 
-353.34875 114.01327 31.464993 19.930624 15.69417 7.880816 -17.602987 11.180061 -15.006673 7.8534765 -10.238691 3.3874245 -7.977668 0.04142793 -9.383688 -1.1820352 -12.399399 1.610081 -12.48878 -2.1218004 
-378.08636 129.6566 26.81424 28.143778 16.20326 9.285655 -10.433734 6.9708295 -16.497398 3.490011 -16.343967 1.850019 -4.85818 2.8610833 -9.596615 1.0997605 -9.07196 6.649708 -8.680917 -1.0272557 
-384.68582 132.0025 23.876549 34.758926 12.073444 12.287415 -7.209126 11.534156 -11.802554 0.8789635 -16.933928 3.3284664 -5.4196568 1.3181891 -9.489369 3.5648067 -10.269634 6.180492 -7.250184 -2.7121484 
-401.04092 127.14526 32.508568 35.12427 19.520157 18.186747 -4.778333 6.3149123 -17.317648 8.885783 -8.943662 4.1919656 -6.227224 5.413283 -9.631157 2.1917722 -10.493228 5.433513 -8.004691 -1.383617 
