-320.49963 122.86198 17.452263 30.725054 -0.28370202 14.627845 -13.344009 -7.2784367 -45.35967 3.55179 -10.008595 2.5290096 -2.9792109 -9.761995 -6.5490746 6.5758543 -1.6584055 -3.1817136 -19.876753 1.4582225 
-248.89203 94.19618 29.477264 43.790257 -0.7720282 17.975578 -11.663525 -11.131756 -57.585117 2.558864 -22.755106 -8.526883 0.3294889 -3.8690372 -11.482029 8.064616 4.8283854 3.2110257 -8.248009 0.3929617 
-294.7979 133.4886 7.052494 43.649406 16.601799 -2.57292 -9.803223 -10.380981 -35.55995 2.0601027 -22.311686 -16.737726 -8.468689 0.026955446 -0.9082986 -3.0362785 7.009901 9.748921 -5.9246316 -0.669337 
-266.99277 98.486626 23.612877 57.942585 16.471634 5.182269 -17.217438 -13.901642 -40.518894 4.1268506 -28.948189 -13.661854 -12.6217375 -1.946239 -11.834987 0.46302816 -2.2633984 7.1590858 -9.769611 4.059511 
-249.58838 81.56552 19.527046 67.71212 17.557089 1.7511228 -13.580452 -5.695056 -30.972137 -2.428993 -31.341274 -18.148865 -3.2973828 -5.682096 -15.010186 1.2269173 3.1094887 1.8910375 -14.17404 2.3401835 
-278.48254 82.278 34.47271 56.540066 9.243123 12.189648 -17.647863 -4.9519978 -29.61554 5.630267 -25.99628 -12.668304 -5.465507 -1.9092116 -11.68579 -3.4918485 -2.2639103 7.797616 -10.597881 2.953292 
-311.945 147.49147 8.194552 40.41329 23.551577 14.437527 -13.378227 -19.91898 -32.927895 6.827007 -14.9692955 -2.3656037 -15.625759 -6.75792 -6.4761276 5.837052 -8.98873 5.3282566 -13.22893 1.9390765 
-297.5851 103.4432 34.024418 56.028095 4.8227344 20.658188 -13.370487 -12.626061 -34.344215 10.559546 -18.060163 -8.610704 -6.553751 1.2843649 -6.3787184 7.012497 -5.362318 2.3411698 -11.66061 6.2407894 
-326.68085 135.31648 12.198757 50.44038 22.432941 7.931247 -8.414909 -1.947309 -28.069784 -0.27772003 -30.989628 1.2403601 -5.916589 -4.005288 -11.430688 3.0438318 -0.6408314 6.8070555 -14.83559 -2.4198787 
-312.1005 103.93384 29.824348 28.726797 -8.039944 20.315514 -9.293354 0.1112309 -26.527914 9.219608 -17.358528 6.184395 -10.278097 -1.6591091 -14.974004 -0.6330218 -8.985837 5.343004 -11.682369 0.53849554 
-307.77692 84.439026 42.690334 44.656544 -1.506059 29.07313 -1.6634955 -5.4121375 -31.221209 6.2474537 -18.182793 -3.0314996 -11.560509 -1.7187399 -4.5662446 -3.454052 -5.126064 2.4394746 -14.423774 1.8256086 
-278.44293 161.621 7.7012973 10.018139 -13.990836 13.55382 -0.39657 -13.876732 -34.251892 8.004525 -9.813951 2.7943144 -8.887424 -8.466955 -2.2065783 -12.8654 -2.3739994 4.294041 -17.64745 6.0158525 
-241.07478 159.90674 -13.692599 16.770784 4.112694 2.697486 -21.00429 -21.854774 -36.07719 16.771214 -17.338575 -0.93697846 0.5269306 -12.397551 -2.2789536 0.4711559 -5.013102 6.435925 -18.21473 11.224843 
-292.37216 120.018364 19.875208 62.69935 24.792303 7.9410596 -17.930962 -13.8505745 -34.10486 -0.029063119 -29.943743 -13.276431 -4.7583423 -6.8038874 -7.205763 3.8752832 -0.33120695 3.2303472 -17.914242 3.5863338 
-261.63242 81.47649 5.7630897 63.63737 11.671903 7.6326785 -16.749987 -16.440159 -33.33272 8.1412 -27.55812 -17.794691 -3.448012 -1.5714606 -6.371858 -4.6439176 1.4728402 7.3964887 -13.425098 2.0107088 
-265.29465 69.85941 34.966965 44.162148 -6.7366514 18.866695 -7.5095224 -13.6684 -36.47323 6.083299 -16.02463 -10.535816 -16.354963 -4.7573314 -2.3970108 -0.011548466 -5.202819 2.6667802 -12.011939 6.7398944 
-304.38837 146.294 15.191895 45.545097 16.595833 14.350606 -10.188446 -22.20031 -36.02562 1.4319034 -15.920469 -5.137604 -15.532252 -2.4976664 9.061153 -4.1987414 -10.00739 6.8643713 -13.860408 1.23893 
-279.52573 85.82282 28.215197 47.471306 0.7944186 24.571371 -10.113983 -17.146067 -44.281498 9.275287 -14.377291 -5.408352 -9.667773 -3.4966993 5.239505 6.5442147 -3.4342213 4.3666816 -15.187173 6.780093 
-297.318 133.4901 12.591088 41.260025 6.8858814 12.356019 -8.560435 -14.353283 -45.777824 3.67156 -22.031656 1.3985574 -12.383953 -9.766567 -3.3859754 -7.891522 2.7148862 7.4741 -24.484304 -3.7121708 
-286.7141 147.28088 12.409799 41.79492 11.839242 6.833967 -11.074472 -17.83893 -36.591064 3.9353757 -25.11067 0.033157773 -3.0207722 -8.707343 -6.8957715 -4.1663227 6.553824 -1.8757087 -19.947975 7.8542347 
-343.56818 136.71552 38.153576 29.456186 -1.2777892 14.628261 -9.839181 -2.3147974 -29.089499 -1.2197175 -19.987526 8.805215 -12.431697 -1.96627 -8.288501 1.8281229 -0.17955685 14.986167 -14.302996 0.87433624 
-353.29016 155.6734 20.9683 20.750038 10.719651 15.077491 -11.7509775 -11.91379 -25.707909 -1.8815316 -18.70695 -2.5554533 -3.1850934 -7.313929 -2.1004384 0.525392 -5.7658467 1.9787688 -13.501827 0.7120013 
-316.02466 142.69539 19.192112 38.919163 10.934186 13.984602 -7.785902 -24.489658 -19.728745 5.6659107 -26.247183 -1.8734128 -5.971282 -6.1855373 6.542749 0.7218895 -10.905549 12.922915 -14.616767 -2.445131 
-329.87558 70.23546 50.80372 60.55536 -12.542693 26.084888 -12.516857 5.2028656 -19.61001 8.93008 -18.402811 -2.5491495 -4.8856606 -3.6414964 -0.7604139 0.13699065 -6.4739413 6.5290947 -13.832445 3.6639476 
-397.91595 118.677925 25.739311 41.741695 8.427277 16.024534 -8.826067 6.3910937 -18.612913 7.6322064 -16.868511 -3.6438913 -8.751988 -2.127004 -7.0030384 2.8194406 -8.293104 4.6804037 -10.674528 -1.0708773 
-300.90808 79.34436 31.510935 58.287067 3.2321453 15.8671875 -13.585626 -2.75035 -22.959246 2.230318 -26.150143 -1.9070108 1.2642639 -7.175944 -9.362367 -0.63379693 -3.6125484 5.7897754 -15.004725 -1.1499538 
-315.56418 124.74954 24.462902 57.49606 21.076439 2.0919807 -9.563385 -8.423702 -28.414852 1.0786111 -27.093603 -10.666093 -8.374636 -3.1160312 -9.65347 -0.09989974 -1.1727017 0.48819616 -18.067776 2.002635 
-311.14493 164.96768 20.65211 25.902313 8.403495 20.97451 -19.675396 -22.87448 -45.736835 -9.354332 -10.248573 7.0051417 0.48082626 -16.793148 3.7017305 12.01437 6.3634267 0.16770236 -19.179434 6.0653954 
-367.50735 148.32108 16.770351 36.740517 8.182689 17.045322 -17.774967 -18.926165 -35.596184 -4.215445 -12.478133 0.3431741 -12.381455 -5.8740764 4.4912314 15.483843 5.329885 -0.675377 -16.439043 2.7766356 
-395.5028 152.8399 23.293777 37.41594 1.8810819 8.136967 -14.421707 -9.396717 -26.267889 -11.494557 -17.312342 7.7968793 -2.8338177 4.9376507 -0.6508274 4.7215 8.10619 6.7372694 -11.86453 -3.361501 
-415.0012 144.57387 19.40865 35.30106 8.473473 5.516678 -9.369968 3.8207407 -16.890451 -3.086737 -14.058933 1.5316752 -6.0491185 3.109992 -3.9591892 7.8089123 -2.9081264 6.8945594 -10.574825 -2.2477183 
-433.66742 141.47906 11.620761 37.693375 9.382998 10.882358 -6.9368577 13.945412 -13.850642 5.3950176 -13.586599 3.6712146 -4.52983 4.2432804 -8.640896 4.3738804 -10.0256405 5.132493 -10.164881 0.9406717 
-372.8704 138.20749 46.82833 39.68057 10.96351 9.59954 -16.963575 4.710934 -26.351162 0.4909668 -17.2368 -6.5478992 -8.178889 -5.732703 -11.433063 -1.3364339 -10.483095 7.88739 -11.60494 1.1577159 
-318.54016 161.80576 18.854994 24.117683 -14.47935 2.721169 -5.5396338 -7.5322876 -26.450518 0.21098453 -17.291742 10.573448 -6.3784847 -2.619104 -4.347054 -9.577654 -1.7903938 4.7521896 -15.522561 1.1238027 
-334.0632 142.82564 7.6189356 34.285038 1.8255081 8.096708 -7.386818 -4.091711 -25.478867 13.846945 -13.116987 1.8553587 -7.432288 -4.4939475 -12.345038 -4.5953903 -8.325653 0.6798368 -12.83926 -0.93565625 
-297.76486 113.37231 31.360725 42.951984 -10.11106 26.040956 -8.243804 -13.622661 -37.653793 1.6059394 -12.902454 -2.1345115 -16.668222 -12.092756 0.47361863 -5.1866484 -2.0641937 4.7442775 -20.520624 4.832796 
-266.9386 161.80147 2.7895672 2.4536872 -12.021431 14.892249 -7.8903165 -20.627665 -29.184578 7.134384 -6.977379 9.447729 -12.137314 -8.913646 -10.636917 -10.288057 0.0035173628 4.304067 -19.399145 7.8069324 
-341.30692 181.81744 27.641657 15.131214 -12.016834 6.146053 -0.9675648 -1.863408 -21.97941 -3.8489904 -11.724425 6.4013705 -1.1465825 0.8453677 -10.798774 -7.0509267 -4.815357 6.2443066 -9.420351 5.197382 
-359.30322 143.03824 28.675327 47.09691 25.318342 12.230344 -8.984028 -9.728077 -20.122988 -3.4404562 -27.223953 -5.4411745 -8.205944 1.7575545 -10.822761 -2.3970284 -1.021304 3.1825752 -16.72788 0.80032676 
-318.44876 98.918365 50.071186 42.177902 4.556002 25.185596 -11.192827 -1.1373476 -24.539852 -0.47205606 -19.93391 -2.786702 -11.332808 -2.9101758 -3.8615177 -0.24973382 -4.5160637 4.373104 -16.751316 -0.06768175 
-273.7135 129.85109 0.7466263 47.647415 19.639235 4.031537 -17.149712 -26.70327 -38.18089 3.1602654 -17.242754 -17.418915 -2.6655622 -3.2573047 6.8121567 -3.0595922 -1.8023839 11.268319 -18.046843 2.1693192 
-319.15253 136.92488 18.119377 58.806267 34.807068 1.073819 -17.493126 -15.406398 -21.867348 -7.634821 -33.79147 -16.122475 -7.27176 4.851497 -11.067857 1.5621732 5.16712 13.386771 -17.445295 4.387415 
-328.1758 139.70984 9.319282 38.11037 25.247244 4.915366 -10.445101 -13.131712 -26.10912 0.09193536 -17.733658 -15.657305 -2.8735075 -5.60577 -6.258112 4.8043604 0.5859452 4.61027 -6.6921897 4.7248383 
-278.52304 91.8913 21.494896 57.801716 25.6165 0.6311455 -14.156389 -0.19627084 -28.94102 8.071325 -31.38914 -9.612188 -0.06478819 4.274088 -18.938206 4.7244205 7.272047 0.6479915 -15.430021 7.923816 
-305.45166 134.84857 15.103405 47.185463 17.828796 15.842579 -24.955223 -9.735729 -25.71059 7.9114075 -28.17314 1.2589725 -4.6503887 -4.8304315 -9.284903 -5.4534063 0.5352527 3.342346 -16.247505 2.3851674 
-339.70425 148.11365 23.476067 35.786167 18.13843 15.992122 -16.701296 -16.128391 -26.524784 -2.7422063 -10.810057 -2.1229508 -15.642968 -4.6264577 3.730696 4.175346 -5.397087 1.081819 -12.50764 5.8607965 
-349.82385 146.3023 17.751997 44.47188 14.514145 15.557512 -14.706157 -15.686622 -35.6536 -3.6780405 -13.945455 -5.751043 -11.264378 -5.6559095 5.5078583 8.405871 1.2670989 3.890521 -14.098457 7.340377 
-328.86298 102.71757 35.348312 65.245575 9.428302 14.947547 -11.055715 4.771301 -21.029121 1.6229912 -25.392965 -7.9582477 -12.160649 -3.286335 -13.120253 -1.5445365 0.6560779 6.3280864 -14.197276 3.3561466 
-356.82043 116.81058 34.446426 51.956627 12.993478 24.190733 -19.774729 -3.4402547 -24.978899 -1.6800617 -25.557472 -2.7455356 -18.206705 1.9168218 -4.135885 2.6440046 -4.915243 11.395041 -15.641181 6.634352 
-385.27927 143.10495 17.478476 49.034973 16.005836 16.522896 -16.599632 -5.8530283 -26.56364 1.6631154 -23.446836 -8.403705 -9.524312 0.32679695 1.4997308 1.2964329 -4.0619373 4.0380907 -17.140572 6.5206866 
-419.15863 131.91107 19.390318 34.215347 12.005756 9.668025 -7.0169754 9.876362 -16.995922 7.9765515 -10.018291 2.5494144 -5.432159 3.6548572 -6.8782797 4.9803715 -13.775724 -1.5088509 -16.454319 -0.93627876 
-422.22736 130.4013 16.527243 35.388 11.662395 9.26687 -4.7413893 9.2210655 -18.824867 6.663032 -10.61739 -0.8034358 -4.0294747 3.7875896 -11.928605 4.693764 -12.393939 2.731488 -10.7650795 1.4281085 
-427.0364 130.16232 15.813716 31.851892 9.4231615 6.986186 -1.1825392 15.427373 -10.80523 6.997762 -11.350111 -1.8011926 -5.910826 4.6244965 -6.8974566 4.9684997 -12.507756 1.0733982 -11.387621 0.82491827 
