-497.28174 168.79604 17.445265 33.350414 4.3246374 28.117178 -6.1442814 19.772636 -8.64169 7.304015 -8.96206 -1.9037808 -12.539407 -0.24009636 -7.5177646 0.49326992 -9.219282 1.9420509 -3.234933 1.8653624 
-365.1263 100.4175 34.01457 52.68445 7.35357 17.075645 -6.725001 -1.8454213 -29.891031 13.227042 -26.483917 10.3267 2.57748 -3.8682323 -1.2077781 4.462159 -15.507433 6.202513 -17.280739 1.9294183 
-264.6346 103.16479 18.429182 42.392284 10.45761 14.505251 -23.268799 -8.799847 -25.557726 23.575737 -16.885448 -2.5132391 -6.269048 -0.7113231 -10.310207 -3.1046436 -10.702056 12.321746 -9.72545 0.2449928 
-254.56805 133.75093 8.883904 30.606712 -2.8677042 -13.400698 -7.8616366 -18.472616 -44.94858 22.03955 -5.7268577 -3.7244883 0.039992757 -10.248132 -5.7042365 6.0092645 -10.60165 5.6931915 -10.0441265 8.732334 
-292.19513 55.986473 52.815155 49.604305 -3.2262204 22.410063 -19.105103 -3.0063224 -10.758709 8.241907 -23.1989 1.8966242 -9.31457 -3.5142975 -1.8172164 2.6153088 -12.784035 10.809128 -15.5283575 10.468878 
-281.8688 85.286026 32.131554 57.012554 13.539876 7.9936557 -25.410095 -3.2233078 -21.470055 5.7440014 -30.833727 -5.570589 -8.194195 2.0385191 -7.2287655 -4.879838 -13.093838 15.071201 -11.919509 -2.4033098 
-264.03168 141.83487 4.9726844 41.71431 20.061806 -22.994913 -14.2486315 -14.561329 -56.00925 2.4852843 -7.4018574 3.2422981 -8.358158 -11.196178 2.3874583 0.6258451 -14.331079 7.59775 -12.491762 -4.5993567 
-294.09708 110.62076 60.0598 33.250862 -26.464361 -6.2767024 -15.170268 -6.3714414 -13.2445 10.841122 -15.27441 7.735298 -4.3379955 0.4491227 -6.16411 -6.4199142 -3.6940825 0.81953824 -10.220302 5.6162796 
-295.80338 20.77834 67.51541 39.29506 5.3214016 37.232727 -23.612656 3.165658 -10.4709015 8.227451 -22.932674 -0.23316257 -11.688254 6.1312437 -5.7969975 -2.543966 -17.623362 13.84908 -14.277088 5.0933924 
-231.48009 135.50014 -0.2709591 26.483881 -5.489739 -10.925828 -14.761091 -16.155039 -27.019718 24.333336 -2.6176877 5.0634117 -8.397667 -4.325656 -6.7516794 -6.7201734 -2.723453 2.2649493 -11.012433 4.942087 
-314.3938 131.01704 18.67257 54.671 16.352913 -8.576409 -18.843199 -16.740675 -25.47592 12.955683 -7.9988284 -3.85975 -6.970929 4.612187 5.478716 -6.4890995 -8.042418 5.42045 -11.789846 2.0309741 
-244.67958 99.59517 23.50248 43.53802 -4.0686893 -4.4222126 -12.451749 -13.273015 -45.436993 6.3688865 -15.065792 18.41335 -1.7818288 5.5555124 -0.27165994 -4.6281333 -13.630524 13.547994 -19.74336 3.5586896 
-324.76013 107.24932 26.121336 49.970123 26.355644 6.8880715 -22.415026 0.8373845 -31.016567 12.804836 -27.16528 0.35479853 -6.413715 3.2370353 -1.2817802 4.071334 -11.877033 10.17702 -8.598069 -2.1522849 
-357.1165 153.78993 37.178276 49.79222 7.505827 -12.844628 -6.603142 -0.034443166 -17.942636 3.6842837 -22.17118 2.7939348 -10.166906 -7.751732 2.814749 6.390486 -10.992357 6.87448 -15.736888 -4.4905567 
-356.1649 148.78947 21.260431 52.399128 16.899887 8.841422 -4.895375 -14.774711 -30.583448 -6.9464836 -14.643422 10.320087 -16.911512 -1.576906 -6.3639355 0.74963623 -1.4677378 9.570141 -8.056917 0.96281093 
-354.65295 103.01088 42.610607 63.729813 9.930798 26.610378 -8.63459 -14.251545 -20.264153 11.099489 -25.601048 2.2539015 -13.77299 -1.4906135 5.513567 -0.22850016 -14.706249 11.787238 -15.913343 7.89231 
-359.95847 114.337524 27.43864 77.367485 16.626467 18.735064 -14.140822 -11.384464 -18.540836 9.40067 -25.85449 -7.0114007 -11.338268 3.4926977 -2.5873368 -6.234255 -12.817957 11.969082 -4.735551 -5.9383984 
-301.717 141.96371 -2.846389 16.787682 -6.311086 -0.18312486 -13.633159 1.1252632 -21.661942 22.761042 -7.7590604 10.903857 -7.706358 -9.789895 -3.4897258 -14.077763 -3.4086714 4.023123 -16.261213 6.498705 
-293.80286 44.861713 47.86358 58.236313 -6.635372 20.287634 -23.755093 10.884487 -12.4955635 2.3187232 -28.301693 22.184828 -17.921644 -2.6263096 -6.0238466 -1.147902 -2.761159 3.89286 -19.271603 10.389034 
-331.00916 118.44626 23.998846 57.926662 19.465677 14.454882 -15.50974 -3.319188 -16.713285 -0.124870725 -19.749556 -5.368973 -19.0435 9.162594 -3.9910889 -12.963044 -4.749025 10.267575 -9.105677 -3.2619143 
-387.1302 159.49828 10.66284 42.56922 8.876298 8.133104 -0.016909493 -0.47562143 -13.828282 6.293964 -18.75993 -10.3438 -11.048872 -7.0721393 -0.20385194 -3.5536265 -7.9703116 9.427647 0.5260843 -7.795009 
-258.81488 122.620026 -1.1852129 54.21336 17.665323 -27.601646 -12.836133 2.7378795 -35.62991 0.3624927 -17.318184 14.890248 -6.2908354 -2.9803724 -3.5391948 -8.876324 -5.638141 0.7836361 -18.453978 -0.97726375 
-259.85318 82.07329 57.587463 28.542385 -21.831608 0.5395148 -23.771355 -2.9959958 -19.96199 14.671256 -23.07947 15.613078 -1.9807534 8.478435 -5.629452 -3.8747683 -10.12984 10.36126 -19.043798 6.9122024 
-299.8235 114.533516 29.042885 47.279125 12.919409 -7.2094216 -23.92618 -12.594125 -19.249962 8.059788 -9.737469 8.234701 -1.927749 6.721761 0.8070278 -5.6881433 -4.8386426 7.262426 -16.16596 1.5449522 
-397.6711 88.11857 56.137363 33.074665 23.434204 16.14127 -16.760103 8.73157 -10.942125 5.881782 -14.31909 -0.6496176 -9.842765 9.3884 -5.8674693 -0.72480845 -5.4893165 11.0691805 -18.875647 4.1863337 
-308.0715 104.54286 4.9204845 43.09349 11.85728 2.219022 -32.97 -0.31515428 -16.820766 12.466255 -3.680773 20.577644 -13.039578 -5.7094965 -7.6381063 -10.473311 -12.014915 8.888996 -15.886734 4.394054 
-399.68625 146.40918 20.24636 25.073164 10.880319 19.581509 -15.0942335 5.0776567 -11.624561 2.9127274 -9.994403 0.5067661 -14.210785 -1.2589444 -6.572415 -2.8105001 -11.897834 3.5971425 -6.0667195 5.5278187 
-329.92432 149.00465 32.828293 33.95714 1.6335356 9.195831 -11.081811 -10.023805 -29.121788 -7.1057916 -20.87359 6.992521 -7.7028403 -1.244276 -0.3711308 -4.4052978 -13.128879 8.375721 -12.182731 1.7661113 
-346.09534 168.20459 6.1431165 43.12433 -5.745512 -4.860964 0.0457734 -10.090326 -24.072716 3.7693431 -0.2990186 18.150354 -8.293691 -13.373629 -18.159197 -13.311013 -10.068389 -0.5649946 -12.889507 2.575607 
-357.3595 138.65332 -5.456226 102.123276 34.30797 -29.549967 -10.862285 0.576263 -20.672693 -14.925668 -19.838118 2.858429 -4.7674465 -8.233281 -6.2257376 -3.1417 -4.7891355 -7.506727 -9.0490055 2.9189627 
-417.28116 170.77606 15.367474 56.868492 12.056309 -7.846717 -12.831726 -4.3623633 -25.20847 -0.46938747 -17.625679 7.2335052 0.7140002 -4.8134236 -6.074181 4.9566956 -14.175867 0.33318403 -7.74559 -8.444593 
-382.57578 130.09872 24.521194 55.761482 21.832058 4.3950367 -13.188717 7.1674914 -25.488726 4.176659 -15.5265465 -0.9648635 -7.21292 -5.250598 1.9532282 -1.3471583 -7.8931756 1.8092008 -7.2311316 0.7450262 
-330.95914 174.88893 2.9664001 29.83701 -11.907952 -6.610547 -0.2846839 -1.0504278 -23.650505 13.483943 -1.3734409 19.998938 -9.129698 -4.585657 -8.85281 -6.9718604 -2.6461008 5.916374 -15.729614 4.0749664 
-367.45892 161.4613 14.839654 60.600594 10.486113 4.0194883 -14.668904 -5.3494625 -20.206205 7.390189 -14.947741 -2.0685935 -8.48649 3.8095796 0.70978004 -6.1978025 -6.093579 3.350088 -10.033866 1.9080768 
-374.52545 149.26407 16.49569 50.6165 12.878527 6.5413227 -3.9818895 7.9193897 -20.86963 13.879896 -22.260946 -13.83812 -15.724575 -3.3616168 1.0314658 -0.47035265 -12.767779 3.3446283 -5.2988563 0.28056177 
-314.20612 126.574234 -5.7100296 63.64302 9.043328 -14.110622 -29.943 -3.1650941 -21.017841 21.356209 -16.732464 15.903561 -5.8312163 -5.671187 -1.4832338 -5.501487 -23.502438 11.203442 -14.207745 -1.7956042 
-348.13608 129.63885 17.390589 50.97735 10.872074 2.12956 -24.913795 -1.5449133 -23.580086 13.599396 -6.950436 14.8820915 -7.417087 -1.3709818 -7.148846 -7.803238 -16.268375 8.663232 -14.98696 -1.1497519 
-361.90594 107.70928 60.136612 36.927925 -7.543441 14.401154 -8.369205 -0.92356807 -21.68038 4.2986393 -17.035683 10.423504 -0.8933347 -0.03444629 1.6282974 -0.28860897 -8.697432 4.0958676 -14.198329 4.5399976 
-366.92523 162.80196 11.976114 33.772217 -20.49597 4.0960236 -3.1525483 -0.7329254 -16.533852 21.28503 -11.05425 17.74816 -3.240922 -4.864785 -7.739942 -14.712614 -9.65061 5.123272 -12.508913 8.172238 
-374.836 146.67638 20.913795 49.556374 18.461893 4.6858935 -11.194873 -4.842636 -36.179607 6.454495 -22.799904 0.61068505 -0.37069425 1.125916 -1.2954872 1.8191051 -10.375527 9.224229 -3.9396346 -5.441596 
-365.0282 148.94432 -2.5215023 72.35981 27.009737 -22.497686 -6.5087194 4.016506 -16.408327 -6.927073 -27.411448 -3.3341937 0.618218 -16.387999 -3.7707655 11.041637 -7.841552 5.164351 1.7130435 -3.4810953 
-413.401 117.05698 2.5179417 50.949482 16.404152 17.865778 -16.26738 15.53104 0.5444866 2.303492 -20.256233 8.907397 -8.551762 -4.154656 -5.0931444 3.6311946 -8.426729 10.751048 -18.15601 4.9168596 
-460.1146 136.67657 -1.6781766 49.74753 13.373943 22.305183 -23.453196 17.43361 0.67125344 12.62351 -19.739923 7.906406 -6.915444 -0.6606009 -3.0237622 3.0914855 -9.428932 2.832059 -16.251791 -3.4497366 
-297.1878 116.92866 -13.657632 59.2641 34.315594 -20.86433 -45.62049 2.5953166 -7.6051044 12.888487 -14.942703 14.724794 0.45264763 -1.5526505 -9.58028 -5.734497 -4.618433 10.251012 -17.183697 2.4831097 
-352.39343 92.12875 47.83225 56.5143 22.026762 16.939077 -27.692886 0.02946557 -14.69278 6.961089 -17.077827 -1.8982421 -9.956229 6.92368 -6.3000646 -7.343717 -9.174801 10.864719 -15.842198 2.4416354 
-382.29572 160.46362 22.729696 39.953938 3.4371352 8.238437 -11.646306 -8.962217 -26.581047 7.704729 -1.6346543 7.4204264 -12.572636 -3.500456 -0.49367782 -1.402068 -3.505712 4.503462 -13.27954 -0.6945578 
-296.61023 116.270874 -20.551445 25.362247 4.871664 21.29253 -22.229912 8.7355995 -16.286913 18.68951 -6.3386526 5.629883 -18.218712 -5.2258716 -0.36617726 -5.8606286 -5.216303 12.90606 -13.230132 5.6801686 
-285.98734 136.33676 -25.16757 69.601875 21.43083 -31.781996 -15.544662 8.330589 -15.008739 -1.4705642 -18.01436 6.016271 -9.444718 -5.6365814 -2.3962657 -0.024919987 -7.842065 -2.6463585 -8.663475 6.2389035 
-393.56018 165.92519 8.225161 62.66135 24.072552 -6.1941123 -8.490574 -21.537048 -29.491219 0.79434854 -11.5836525 -3.6984727 -10.406032 3.484048 4.2073426 5.3479486 -8.93561 3.5481675 0.7044091 -3.778842 
-438.54385 144.77924 7.195721 37.52983 17.205732 12.466751 -11.99672 9.512657 -7.6013556 9.329344 -6.8136606 -6.7520623 -4.715479 -1.8765308 -1.7207513 0.4643862 -8.82281 1.4766103 -8.485596 -3.1824746 
-289.13174 105.122894 1.7045738 64.47968 29.447733 -19.795322 -39.477978 1.9631983 -13.818145 18.534678 -13.235188 9.912837 6.379534 -1.4969008 -5.853236 -2.9249277 -11.5166 11.175564 -17.963022 -0.1599332 
-343.53244 161.28117 16.576733 38.538315 11.516793 -0.9005808 -15.565931 0.49982628 -30.3639 14.173778 3.943234 4.54612 -4.185864 -9.567129 -9.65873 0.58985686 -10.59992 1.8846889 -10.460219 -3.483807 
-369.5892 83.307915 55.863777 32.045383 23.881575 10.100925 -7.037189 19.356106 -12.147099 5.385463 -17.811924 0.08666621 -5.731006 -11.54649 -6.362524 3.215372 -12.566433 1.3187059 -11.225732 11.469615 
-393.22623 138.27922 20.963043 65.168304 14.436837 0.05502902 8.248217 1.334707 -18.481222 6.8973455 -19.694342 -5.687486 -7.685402 -15.437114 -6.0553455 6.295693 -19.29129 -2.6469939 4.391136 -3.0073864 
-342.65204 109.05723 19.186428 70.08659 11.181952 -0.7691138 -3.3301077 1.5092176 -10.020365 -3.3889885 -27.878544 3.450004 -11.803494 -11.324633 -1.8999451 3.2276087 -10.857215 8.707629 -7.155609 5.501978 
-328.60468 57.70996 38.054947 75.451805 9.294664 8.759938 -20.353754 4.518058 -10.064723 -7.5406275 -28.606058 3.8111775 -5.1036882 -6.023187 -8.927203 6.287419 -0.4046718 1.1416992 -18.178755 12.9235115 
-357.03827 139.18573 0.9331559 78.92745 35.449657 -15.511948 -12.964389 -6.20289 -9.418531 -9.967832 -28.667545 -1.4819597 2.8721578 0.6200501 -7.298851 3.8195627 6.136908 5.407169 -9.731281 0.6853651 
-456.61383 149.23143 19.036295 47.86008 17.479612 14.814584 -3.3344507 9.543975 -7.6774807 4.4885116 -15.245339 -9.510377 -5.433242 1.3618463 -11.23111 6.158721 -4.4478054 4.8918643 -5.518133 -1.9681159 
-440.68893 113.8309 37.363625 43.876564 8.888303 30.21445 -7.1674805 8.736851 -8.181501 8.666233 -15.939205 4.273044 -8.772954 -0.42026553 -5.560672 2.6142726 -10.63208 6.1501803 -10.172391 1.366233 
-276.72595 -10.307846 55.04804 56.590923 -9.112218 27.620703 -7.777381 10.110958 -2.7017584 22.38652 -35.818253 16.01783 -0.6334223 -5.942816 -1.1545668 -3.3740005 -14.922014 13.654353 -21.388533 7.838145 
-354.7901 124.34786 43.649185 52.09294 15.407466 12.778532 -4.2650123 -2.990062 -28.009235 11.468251 -23.456888 -3.2829278 -12.070633 -3.9992862 -6.961772 0.21915072 -13.926137 9.943765 -5.2746644 -2.7990212 
-305.35895 110.785286 24.574654 45.744656 6.0969944 3.10076 -11.495421 -7.745191 -26.717737 15.792518 -10.507293 19.872791 -6.4521317 -6.161955 -8.180756 -1.8067025 -20.33596 6.5771847 -15.432543 -2.1430573 
-373.94666 72.263214 51.488495 52.661373 4.3915477 28.603415 -13.237295 9.007938 -6.7099004 10.795025 -19.727955 10.401878 -13.498529 -2.642012 -1.0704598 -0.057799023 -10.636977 10.084371 -12.755427 6.1004696 
-356.2512 107.69859 32.082672 91.406624 19.600945 1.8325361 -8.542168 12.174378 -29.224802 -8.271541 -19.822306 2.1109972 -12.192608 -6.87353 -6.380348 7.1158686 -18.608843 -3.9355817 -5.2314396 -1.4351349 
-371.0164 130.74312 16.905418 82.51148 24.001402 -2.6558313 -9.431507 4.1216807 -17.627398 -8.45863 -25.887089 -7.974906 -8.11741 -7.7367687 -12.905079 4.5005293 -4.229109 -0.142283 -7.272537 2.5814188 
-378.83453 80.70994 48.652164 57.644897 0.8615716 30.37513 -23.134314 6.2294836 -17.231802 7.959826 -25.763786 1.6339272 -10.404656 4.806116 -5.0518756 -0.19009495 -11.283996 14.055943 -11.253542 -0.08325619 
-361.30923 160.8244 -7.327128 74.30337 29.375166 -19.445272 -18.26456 -13.41338 -18.055578 -1.680203 -28.097305 -2.3815734 3.2096367 1.4481701 -0.12611464 6.8679757 -1.5615137 10.367393 -5.2598376 -10.640478 
-389.81787 173.24524 9.745799 46.62094 -20.045998 -1.357019 6.931641 -8.558514 -12.162283 13.084532 -10.065937 11.093334 -5.2193847 -8.8948 -10.738739 -5.050719 -7.341061 3.4189577 -7.9606805 1.8999647 
-337.987 104.14179 60.75845 35.625965 -21.459377 9.653266 -8.3208685 -5.0103283 -3.2008166 13.023677 -26.517464 15.908391 0.2234505 -3.9626453 2.025082 2.0437882 -13.504555 8.750466 -19.365175 5.042968 
-300.25903 93.41893 11.745335 83.653336 28.65758 -15.314974 -16.044397 3.3549647 -35.297916 3.4575815 -35.176086 1.6672633 2.391421 -9.117352 -5.85501 9.870922 -15.4947405 7.0205016 -8.592265 0.39576265 
-300.7136 46.870674 48.27245 70.0516 12.1628685 13.553447 -17.381958 8.310524 -15.443767 1.7074623 -28.908657 3.3126745 -3.1019275 -5.3369694 -9.445995 3.0459547 -9.179992 7.594076 -17.510826 5.2087965 
-295.95566 169.43489 -12.178291 51.638653 17.39686 -23.373802 -4.4996405 -6.730276 -27.259813 14.328798 -9.623882 3.41315 -4.9226356 -14.473377 -4.0404253 -11.61942 -18.314777 -2.9166784 -13.693817 -2.190435 
-328.4714 134.18478 9.731644 39.44887 20.684965 10.907142 -20.407265 -4.883625 -23.10627 0.29724905 -15.019581 10.048933 -10.7704935 -3.027405 0.38056448 -4.684911 -1.5607344 3.2074966 -9.045834 0.7184683 
-354.30664 132.66907 14.403054 47.538162 13.083195 -3.4637284 -5.8051624 -6.606037 -20.63437 3.3295228 -11.40174 3.6872149 -6.3416653 -4.1687393 -2.5162344 -1.951441 -10.440398 3.438664 -10.691795 -2.3014917 
-291.16595 99.19156 30.705915 46.170235 -0.6031579 7.4169955 -23.235172 -11.665712 -20.078701 18.388542 -10.426563 18.626678 -5.040047 2.0017889 -1.861741 -8.155148 -14.896595 5.5810556 -17.442411 0.39629304 
-347.79523 97.018684 37.91768 59.17271 3.1509712 13.529815 -14.796068 2.557125 -15.5178 13.8714905 -21.47122 11.294704 -13.697409 -7.875907 -3.735097 -5.216558 -17.51553 7.5261707 -11.999638 -1.5788999 
-346.92856 79.22949 37.828724 75.65121 4.060344 25.63278 -13.467745 -2.8130102 -12.216108 12.421899 -34.037327 0.24018553 -6.381957 1.1466782 -1.4813201 -8.798022 -10.009405 14.2079115 -10.508578 -2.8251753 
-381.36478 110.2664 19.076925 65.86427 15.657866 17.898829 -11.258567 6.9714255 -2.5300188 6.620129 -19.636349 1.2918723 -10.756958 0.62099046 -4.245844 -1.0935217 -4.949423 6.345316 -7.0077066 0.7646652 
-362.26047 98.04037 16.941566 40.40138 -1.0311449 22.55273 -13.1618 11.872696 -2.5312767 14.147513 -13.096671 11.012631 -6.5850353 3.1601143 -6.4945297 3.0051253 -13.41962 6.020452 -11.626896 6.691532 
-346.0621 129.1449 42.277416 42.812405 -10.274235 15.948739 -11.250529 -0.08162562 -15.3808 -3.8023164 -14.601756 3.4693372 -12.108138 0.5640842 -3.5437975 -0.011746619 -4.681074 0.75109005 -5.2335563 3.5880334 
-324.12585 79.39576 49.93736 31.408983 -1.2936765 27.56962 -4.6496835 7.154989 -2.709426 -5.784232 -13.273268 -3.2552457 -17.309086 -7.111496 -7.389847 -0.9748666 -8.757242 1.815418 -9.438227 1.5401717 
-277.9882 96.90139 -1.7271676 82.498405 35.901325 -17.8239 -28.155512 2.573315 -21.860853 -8.861513 -25.432953 14.031353 0.68961346 -9.837672 -3.8799465 15.451174 -10.978934 3.7697988 -9.133955 2.7677429 
-302.7743 71.00014 53.94481 34.032852 -1.1632152 5.4000463 -16.533937 1.2708647 -16.682854 12.086807 -14.929338 7.522611 -3.5081706 1.2217137 -7.771711 4.2634573 -15.460759 -0.104161896 -16.486752 3.5177217 
-311.23242 134.1867 26.72713 29.010735 -3.7525227 1.3122114 -3.529044 8.359598 -21.244133 7.854925 -7.6370335 6.895998 -8.300182 -11.438691 -15.252958 -4.931322 -10.705775 4.2781544 -8.425594 -0.9292781 
-273.2032 138.36078 13.735008 37.757763 -0.6129964 -7.63842 -2.326645 -15.560355 -40.950985 4.8985205 -3.0983446 10.971385 -7.1974216 -5.2772045 -1.7315087 6.121805 -1.9524922 0.04814406 -13.345282 -3.448878 
-368.1709 119.39373 48.08706 29.480185 -4.197257 15.580719 -6.813464 11.226703 -12.479568 5.554543 -13.689082 -1.5567415 -8.870755 -0.1407432 -6.184445 -0.08656764 -6.9835067 3.155583 -1.6171091 3.065267 
-308.38785 69.50229 66.71711 28.617924 2.901538 27.033096 -3.510249 3.2228253 -2.17316 4.480485 -23.36874 3.328114 -12.061536 -9.195432 -2.699479 2.2028425 -10.643594 8.882447 -11.890622 8.184366 
-324.3681 80.60572 48.052357 68.12259 18.353346 9.045468 -9.363538 3.83081 -17.085503 1.967671 -29.640764 -0.8085895 -11.88172 -7.314526 -6.567547 3.0615911 -13.6989975 4.2364955 -7.358659 2.6177392 
-313.46082 119.035126 15.657179 75.27449 32.69437 -13.2128315 -14.479778 7.420008 -18.010159 -8.276427 -24.832798 4.1995945 1.5858184 -7.9726715 -8.348153 5.1987224 -9.640621 -0.15940063 -7.182358 -7.9329953 
-349.24722 91.66519 36.71999 47.787006 11.465969 14.443928 -15.797511 12.000513 -9.097408 1.9351546 -19.047304 -0.15581056 -2.373105 -8.422781 -8.265071 1.9951085 -9.945257 2.5949526 -9.4743395 7.9590063 
-334.6303 139.21188 21.686012 71.79856 17.405663 -7.570816 -4.8139596 -1.7712566 -30.29479 -8.580558 -6.5567665 -0.633685 -9.569226 -7.6860394 -8.532608 -2.1828861 -14.015301 -1.3889893 -7.5632334 -3.1505756 
-315.00644 159.08128 29.473904 34.817303 -33.629826 -16.386827 5.5685897 -8.800803 -25.511385 14.351583 -8.86264 9.250225 3.5655947 0.7331998 -12.6425295 -4.88613 -7.2115684 -1.9952799 -16.946697 7.9251733 
-380.9846 139.1786 43.427174 31.125309 1.142941 19.15843 -10.916659 1.1776117 -18.991026 5.304564 -16.03755 -4.8011084 -14.569332 -0.7768604 -5.6680527 -0.8078816 -6.3028336 1.509966 -10.095661 8.5002 
-372.14288 131.65126 52.02035 40.906662 -5.2256126 10.6091795 -11.070002 -0.30858272 -17.748108 0.59848595 -18.974035 2.6995804 -8.391134 -5.0476346 -3.5394208 1.153019 -8.297027 6.173148 -5.7534637 5.7028346 
-355.5379 137.43901 53.518238 40.44533 -9.3799 13.083674 -6.123651 -5.5885057 -20.843851 -3.024244 -22.183918 3.3714144 -9.756805 -2.735698 -5.601986 3.4239645 -3.9360623 7.5552835 -8.932412 4.065073 
-353.18863 145.04123 36.886353 46.45966 -3.9574215 9.228822 -4.389049 -17.143583 -40.729572 -12.424095 -15.949293 13.449436 -3.2105894 3.5561209 -4.917453 1.3145776 6.637211 11.090404 -11.60445 -0.7814436 
-391.6206 106.93811 34.71049 37.817154 9.412159 24.090094 -2.743955 10.636325 -11.408445 1.9656863 -14.264367 2.046485 -8.358103 1.8499894 -6.10476 6.44817 -6.3782673 4.31149 -6.5574775 4.2255116 
-354.0016 125.10208 26.894003 67.866104 18.26127 5.0295405 -12.476162 4.321587 -18.138372 -4.3443394 -26.055325 -0.86975765 -7.7835464 -6.0157905 -11.650484 5.0795155 -7.691062 -1.6013885 -3.782819 2.350526 
-340.42316 152.23102 12.513385 40.819946 3.1419005 6.1021023 -12.947365 -0.16496022 -19.32463 10.056425 -9.234894 4.520319 -10.011127 -0.097901635 -11.335263 0.08962318 -13.562587 -4.114524 -7.7214212 -1.8266928 
-355.4268 139.68663 11.394006 68.0329 17.26418 4.9431977 -13.672213 -10.346047 -22.334911 0.29531908 -27.160286 0.92694366 -11.513779 -4.0918427 -3.695215 10.473999 -6.473051 6.983003 -5.6116676 0.9201584 
-317.8219 56.787304 45.82585 66.86561 1.0610499 20.074503 -18.424 16.793344 -17.609432 5.632182 -34.618107 7.153968 -2.7537608 -9.815477 -6.917965 9.128708 -8.256167 9.472543 -17.298597 11.400379 
-292.58115 -3.880182 68.70543 55.37942 -12.09409 35.208145 -19.688812 8.57081 -3.9082341 23.002068 -36.466354 10.819936 0.6489202 -10.049513 -4.0672164 -3.1722429 -9.63971 13.96525 -18.49291 0.09775458 
-332.69055 44.402515 43.248363 68.36621 -5.4648433 33.063526 -12.807378 9.505805 -10.204922 17.074839 -39.68118 7.9102306 -0.32029969 -8.937156 -7.41065 -2.3823442 -5.904685 7.905849 -22.167776 4.5320063 
-401.04495 109.644585 33.245815 70.87608 14.889587 13.617957 -11.538114 15.0098915 -18.971363 -1.8123444 -20.59585 6.53375 -10.292381 -7.3881454 -3.5565672 7.0944963 -10.854345 4.001054 -9.830608 4.5602627 
-369.07648 117.41287 16.19023 63.193047 34.633057 3.479726 -13.898991 2.527681 -24.877668 13.046774 -30.593832 -6.719415 -1.1890268 1.064916 -7.600294 -0.14452097 -11.971045 13.625805 -5.4179263 -6.908324 
-327.26953 137.07239 11.92997 52.497463 15.87459 -1.6953545 -2.8603694 -2.1199389 -37.52407 9.802658 -14.367983 1.9032339 -1.5192642 3.0479467 -3.0320761 -2.1162314 -8.706269 5.5332813 -13.529176 0.03014628 
-299.98346 92.82958 44.606148 43.107483 7.990375 16.347067 -4.882442 -10.375813 -25.264301 4.859207 -25.232052 13.63679 -14.164562 -8.588694 -0.05144975 -4.9013805 -14.973702 10.886145 -17.094578 4.748701 
-348.88312 138.41156 41.5795 21.153263 -1.4613746 16.101183 -15.619764 2.9835417 -16.310946 8.426876 -17.630428 11.859637 -14.3122015 0.82871926 -6.046524 0.068323985 -13.074579 6.0872655 -10.103921 3.3295848 
-351.0553 145.951 25.047659 38.769325 9.504982 10.133421 -14.082293 -11.742859 -29.87775 -8.4973135 -16.807203 9.86435 -9.243926 2.2280831 1.0496482 -2.4410923 -4.743426 4.603188 -15.428516 2.9847016 
-331.2473 102.44676 45.547638 39.016865 -1.3714089 16.134426 -17.977177 -5.9402337 -18.211817 10.932641 -4.272767 11.848385 -9.102486 -0.2846508 -10.53615 -2.8139307 -13.865747 1.6401026 -17.699581 5.0250926 
-368.59384 115.794136 35.703915 60.793106 14.030594 8.844241 -14.077183 17.023321 -23.476 7.7464542 -24.288305 -2.8043234 -4.2863255 -6.9575467 -9.214689 -2.864535 -8.36005 6.6736736 -15.249525 -4.664894 
-322.59238 28.886393 36.582993 59.115005 8.246832 14.340731 -20.892996 33.506958 -27.149008 16.71238 -32.003403 9.19396 -1.5309522 -7.457479 -9.411026 0.9006973 -7.682824 8.677212 -21.259499 5.2551136 
-379.5575 140.88086 12.296659 54.28046 15.312526 -1.5032088 -11.483473 4.5666265 -22.285622 6.7395473 -16.372984 5.020226 -1.7793432 -3.382806 -8.226192 -1.1262536 -4.2941046 2.549345 -10.255486 1.7566602 
-371.7129 155.45921 30.660292 31.59249 -29.800406 -5.932966 1.6158142 -0.11645481 -16.953474 11.218578 -11.976856 11.118223 -1.6748314 3.9713085 -9.970683 -4.0498495 -8.557402 -6.9961023 -10.436496 10.56933 
-406.2087 139.47931 17.265902 24.43446 0.14330228 19.146568 -14.698068 9.367751 -1.1603488 10.89475 -12.884543 1.0298364 -7.5236163 -3.2193573 -4.274736 1.2386812 -8.509047 6.4366856 -8.451647 6.263921 
-403.2463 109.54733 26.945045 38.525833 6.415815 19.886484 -4.1192985 7.1065893 -8.961033 12.013042 -14.134862 2.7760248 -6.529127 -2.16514 -12.849014 14.761671 -13.4771385 5.3682194 -4.104816 1.8819253 
-461.97858 124.63246 29.265669 42.69323 5.396603 23.500957 -3.6405737 11.314606 -10.57211 9.330052 -10.991508 -1.3883533 -14.510561 3.98954 -9.323121 5.3631306 -3.9936676 3.8556776 -8.223197 -0.13776144 
-437.44406 91.05233 38.612797 40.387375 11.2008295 21.738462 -2.1561496 17.280716 -6.938518 8.896754 -14.535129 4.3256626 -12.224125 2.5441685 -8.12921 6.395066 -5.4354873 1.1303582 -8.111763 7.061949 
