-467.5134 105.244 35.91522 34.80647 2.1843503 20.21441 -9.4350815 8.259558 -9.565454 -1.5428011 -6.8589916 1.0274338 -7.312395 0.027570724 -7.910731 5.8028736 -8.813655 2.6123931 -7.1999435 -0.3345942 
-408.88422 127.22784 39.076824 40.713924 31.3483 14.970317 -17.88154 -5.4602213 -10.94902 -13.96165 -13.473539 -5.73775 -6.975457 -1.3335046 -7.088579 4.46896 -4.0420747 -2.1135685 -2.7147777 1.3994306 
-356.25336 132.64008 36.68682 36.759686 18.61725 5.8881254 -12.430225 -22.810154 -21.590363 -3.761529 -4.956678 -8.863314 -6.2921944 -3.5867856 -0.97918755 6.930898 -11.923672 -8.8644905 -0.28938028 3.4370673 
-326.3756 169.17499 21.487322 21.269741 10.247983 1.4030437 -23.624464 -17.336054 -26.723412 0.82142437 5.948366 -4.8891807 -10.231567 -6.1525116 -4.122201 5.9795322 -9.743183 -3.1752203 1.7672999 -3.7607853 
-316.7779 128.91978 31.881386 -0.80624306 -7.0422854 8.968941 -23.20774 5.5680294 -20.896568 0.11556307 4.5338426 -1.7981786 -11.599089 -6.671542 -11.408763 -2.3890169 -8.767673 3.8637152 -1.2058951 -5.7911525 
-374.63168 148.3639 37.18705 41.050037 19.592491 2.3184183 -27.19069 -9.944038 -5.569888 2.4291961 -4.903246 1.1738979 -8.839692 -4.5552263 -13.7490425 -4.018294 -6.749655 -3.5628853 -2.1587484 1.1472287 
-367.29324 115.83493 37.767654 29.091722 26.256098 25.000017 -26.11123 -11.699734 -13.813378 -0.8168744 -4.861607 0.2994478 -8.102337 0.4553867 -1.9495667 4.5594616 -7.407448 -5.5246186 -1.63112 4.4066396 
-425.79736 120.39383 44.091812 34.40109 21.730898 19.992699 -9.796597 3.6195364 -9.334187 -0.052218437 -10.836395 -2.859186 -9.794204 -2.501537 -9.6622925 0.05833859 -7.9462314 -3.5898044 -9.765743 -5.770747 
-402.89844 163.30562 40.96098 27.216572 20.707687 9.99094 -28.117395 -11.140538 -24.141592 -11.336874 -9.833168 7.2300243 -3.2054868 2.8497734 -4.2353945 6.969078 6.76046 -0.57213396 -9.333865 -0.7252595 
-412.54953 86.63187 59.311436 15.781337 13.60902 29.58861 -14.849699 7.3309503 -6.581478 -2.108367 -3.4959435 -0.44868258 -5.9830675 2.403731 -6.989531 5.2477674 -3.957303 -1.6259087 -4.692313 4.7092743 
-388.17624 113.827446 60.65972 45.52261 21.244064 27.191704 -13.37578 -4.751887 -12.544704 -10.391778 -10.850887 -6.4329143 -19.58567 -5.511745 -7.1603656 1.9435853 -9.858127 -8.7472725 0.94484735 5.4682884 
-397.6185 145.0917 37.847702 43.115158 36.5974 14.771244 -14.527683 -3.93922 -7.7970715 -8.516736 -16.192392 -10.277368 -10.880199 -3.0117083 -6.439824 -3.1856458 -2.2014906 2.4176102 -2.326327 -0.7545655 
-397.71872 82.320335 40.996414 56.902805 6.8313084 14.705739 -2.8069086 11.614283 -5.2130246 2.3276572 -12.971972 -4.454673 -9.585142 -0.28918302 -9.452344 0.97562873 -4.1230774 -4.934797 -1.3869021 -0.5988539 
-382.60046 153.31627 13.5648155 19.117163 16.115858 20.122646 -18.070543 -0.83980614 -1.5868763 8.877622 6.365944 0.816452 -14.330172 -9.99926 -7.4683685 3.151151 -7.529214 -8.050284 -8.689461 0.014859809 
-411.0581 170.17413 42.35358 21.172293 29.40018 5.6504765 -20.92387 -17.019924 -15.062465 -1.2140247 -4.7100925 -1.8982301 -5.444949 1.3691068 -7.7044134 2.7241564 -4.225291 -3.4682193 -9.318138 0.12584752 
-400.61725 171.45656 37.05671 24.73928 25.279453 9.980751 -8.638233 0.89543426 -0.64667207 -6.712009 -8.397915 -4.6102734 -9.640494 -9.750256 -10.621204 -5.0356503 -6.1010876 -4.126264 -5.407943 -0.4362881 
-420.6729 147.78288 46.362442 36.36205 37.441082 9.31581 -18.402763 -5.347596 -10.804493 -3.1961732 -14.835344 -2.4139853 -4.71296 3.329105 -2.4787304 3.0769854 -3.8498476 4.638834 -3.7038875 -9.196178 
-374.37073 154.44757 51.011806 30.283651 12.77868 4.2025995 -15.087193 -2.276629 -11.267137 -9.746699 -2.3402367 2.7360983 -3.9182315 -1.5639184 -3.6447246 4.0602126 -6.9709005 -5.5247455 -6.3690214 -3.0115595 
-351.27682 174.31952 22.496162 -0.42682055 -7.001894 -5.981522 -19.140514 10.18541 -11.594347 6.774634 12.902331 10.507194 -6.0492325 -6.8121634 -6.704053 0.40886667 -10.276397 -0.596279 -2.2322476 2.7864778 
-408.72775 142.64767 53.119873 20.28829 -0.71200806 12.729801 -21.939749 5.433056 -5.0191483 0.70177585 -0.60043746 0.81315625 -0.08765444 -0.5617832 -7.2548513 1.5157617 -6.288908 -2.2811193 -7.8327637 -1.158206 
-368.09644 67.39905 41.75847 40.900394 1.1794531 10.616019 -7.505977 2.0580149 -6.259082 2.7322955 -10.554597 1.0703273 -4.1469274 3.847594 -10.015659 3.426784 -4.3435826 -6.481487 -5.10148 3.571657 
-407.47156 95.55901 45.15244 31.100756 13.235577 17.458626 -4.565617 -0.50461173 -2.057591 7.349188 -3.4841645 -2.9213865 -12.000778 2.4727974 -10.821933 -0.5528214 -7.194953 -4.344782 -6.339803 5.9945903 
-412.42712 146.0613 31.729082 15.07967 7.4388113 14.125827 -7.1776648 3.2426581 4.0496545 8.096849 -4.7341247 0.98126537 -9.940367 -7.802645 -16.877045 -1.269695 -4.3357615 -1.897204 -7.61973 1.2270126 
-364.67487 109.046524 25.048836 19.28062 17.119942 2.438905 -14.258545 5.47698 3.2603908 3.862846 -5.8557034 6.885437 -3.585495 0.4045996 -14.762745 0.82055676 -3.3274834 -6.558573 -6.3061366 9.716164 
-440.26022 133.93239 38.782913 38.0915 23.729494 19.044704 -6.6796994 9.065504 -3.697257 -2.9417753 -10.526572 0.26136643 -9.733772 2.5108483 -10.684597 1.1931723 -5.726084 2.8110464 -8.44113 -0.16976303 
-453.72266 135.88531 33.133186 39.151134 19.517752 16.407675 -16.44441 0.7606524 1.7039962 -2.288221 -10.438023 -0.34775388 -8.382046 5.524004 -4.622122 1.030119 -6.690112 1.1413591 -1.001193 0.32404253 
-423.10635 110.47923 45.97215 41.34981 11.4866295 18.64821 -13.635142 -1.7976202 -6.777768 1.7379785 -5.398502 -2.4629865 -7.4620724 3.6603537 -5.4544806 1.7356324 -3.9367855 1.2512128 -1.764655 -3.4459004 
-354.00418 80.20919 69.58409 36.26666 17.596321 29.991966 -21.085608 1.9835542 -8.458525 -4.705843 -9.250391 -9.730015 -13.389921 5.485282 -8.697159 0.916537 -6.675034 -0.5823849 -0.74440366 -4.367182 
-401.86996 105.38187 45.973038 39.38988 22.111458 24.132195 -1.7817216 -6.416088 -4.726374 1.9738562 -9.268265 -4.1639166 -13.699913 -1.9115999 -4.0337696 1.3234026 -2.0815616 -3.5265498 2.4915483 6.599822 
-381.44522 101.33991 64.729065 38.86164 16.083735 31.093374 -6.772144 -11.935453 -3.4082003 -6.148769 -9.209597 -5.194444 -22.009586 2.5567076 -4.864893 0.18342791 -2.1396995 -4.3495 -0.9027507 8.176956 
-455.94818 130.99565 43.678455 32.746235 18.268751 22.928133 0.22905476 4.617182 -0.21711186 5.294882 -10.102222 -3.5624444 -5.9252744 0.78160733 -4.852772 1.2697682 -1.3536649 2.847417 -1.585838 0.017757429 
-418.35532 128.67482 54.892742 29.919064 8.056825 10.560505 -11.908895 -3.3593538 -6.001867 -0.4070314 -8.828029 -1.8864212 -3.7001114 2.6821322 -4.516328 4.840053 2.3684096 -0.48871782 -6.6199684 1.7108083 
-337.46094 148.18303 23.392178 30.228634 32.421055 -1.9790047 -25.451103 -9.980037 -2.6452487 -1.9093127 -10.839169 -1.1754233 2.0914419 1.3774724 -8.54795 1.9705764 -3.8033316 -1.8585881 -2.9665685 -2.616261 
-355.14746 156.38487 28.325186 18.772686 29.429806 16.424038 -17.07006 -24.11758 -22.01951 1.4665805 -3.1709907 4.817303 -4.266061 -4.9649296 -4.912427 9.806549 -3.3006887 -10.626315 -6.7629175 6.1130276 
-417.0287 177.68813 30.080946 27.848122 35.130257 4.9333577 -25.03105 -9.445175 -15.621699 0.8620556 -4.6085806 -1.0076617 -3.7873535 2.4669957 -5.070594 2.2604892 -8.393249 -4.298462 -6.575324 -1.6683176 
-346.26642 177.47458 15.005086 6.6156383 16.089485 -1.8053828 -18.68559 -16.689293 -17.495731 8.536338 8.947941 9.466288 0.23975515 -9.568356 -17.749739 0.5923049 6.54624 -6.0678473 -10.758527 3.5304182 
-340.60208 147.92084 36.337177 21.288916 -9.104179 -0.5884845 -11.478628 -2.3253434 -5.494546 2.1366217 2.2330425 11.488047 -5.5856304 0.5728661 -8.170115 -2.9390223 -8.341373 0.004527145 -8.394471 -0.95375663 
-369.88382 173.00702 38.82391 11.121 -3.2669919 -8.927715 -8.874348 -2.3056817 -9.284149 -1.1900516 -7.5884953 4.933382 8.441479 8.154676 -6.1407647 -2.6390805 -1.9338888 -6.421808 -9.925891 4.531609 
-406.90103 186.2352 33.01645 7.283311 4.67338 5.5123377 -17.595354 -4.77886 -8.522598 0.38550228 5.6561093 15.4009285 3.560435 -10.193294 -19.276459 -4.1534405 -6.102271 -3.8368754 -2.7981155 3.1533637 
-425.8954 126.334404 40.16112 17.149734 6.3385897 24.576515 -5.2588477 3.9824939 -2.6102262 4.0643477 -5.4517674 8.838535 -6.3459406 -1.5137869 -13.788625 2.891696 -2.8122082 1.1272625 -6.5078397 1.341659 
-450.29074 165.15565 52.711704 18.888758 3.105416 7.183716 -14.540741 3.95769 -4.8232594 4.1696844 -3.613831 6.726282 -2.3541338 -3.242538 -8.696424 3.614095 -4.0134473 -4.582857 -8.93111 4.138756 
-479.2047 142.19244 22.935415 25.58149 10.667259 23.541595 -9.538525 5.6865234 0.013463338 8.321891 -8.062694 -2.115207 -2.2267907 -0.7956262 -10.556848 0.9301551 -5.832455 -1.165014 -6.763985 -0.61867553 
-398.02014 73.581894 66.7072 24.93821 14.306166 29.014418 -17.401001 -1.277724 -3.8013034 -1.5834416 -12.686758 0.3290435 -20.357292 6.092149 -7.62409 8.332417 -8.4081955 -1.4722236 1.6800141 4.1556163 
-461.39633 147.23055 48.743324 38.318295 25.424686 27.35493 -4.8710246 0.5152772 -4.406335 -5.363745 -14.108261 -9.40111 -14.41362 -8.354423 -7.2554083 1.6073642 -8.235683 -3.7158504 -1.948822 0.13760348 
-484.75745 134.1313 19.201382 26.826574 17.84293 26.368856 -3.369283 3.36256 -3.487908 9.214207 -2.3820066 -2.8556218 -6.671006 1.812984 -5.3160915 3.934324 -7.8502164 -3.5761337 -4.925198 -2.8560221 
-447.22107 140.21928 31.78659 24.639435 11.5824995 10.842353 -7.3360443 -0.1727455 -9.329973 -2.9278123 1.8634267 8.009946 -1.0826709 1.7244047 -3.4503224 -2.2028856 -4.9703236 -2.9952543 -8.227831 0.32836092 
-393.5991 175.41045 37.629044 19.618233 13.467887 0.9110454 -7.543081 -3.7062883 -24.291664 -14.660389 -1.2376546 10.293184 6.302061 3.729437 -3.3470383 3.3704147 0.28532422 -0.16525634 -4.1837916 2.097886 
-388.6577 161.81483 36.409275 19.204948 28.136253 14.827659 -20.485558 -20.118109 -15.444273 -2.4053316 -2.4235835 6.030031 -2.1885862 -2.4686716 -5.4430313 5.254957 -2.436164 -8.736694 -8.057223 3.5595639 
-376.37427 198.74663 40.393173 4.3768477 -13.9855995 -22.822031 -22.396858 11.489307 -8.987499 -3.0068903 6.679075 5.474394 2.4172559 -1.7300892 -5.337133 -4.69591 -15.976924 1.3372939 -2.4650047 1.1740049 
-425.14355 166.03445 49.637493 42.32106 31.889587 -2.7980525 -8.940111 -3.644686 -14.86416 -6.6779222 -6.010238 -8.28831 -7.9000683 3.7801065 -7.858924 -0.87246776 1.7938559 1.877327 -9.982212 -1.7214761 
-371.73013 174.38365 29.949642 18.185467 35.697353 4.6238656 -29.767784 -17.928465 -19.484375 0.28830338 0.3764506 3.1077828 -7.7657905 -5.906889 -7.9514365 5.72774 -6.1940274 -2.9919276 -2.7983649 3.7009876 
-360.39215 148.4317 64.50447 4.7894764 7.8340735 2.9195905 -22.344536 -0.20930097 -19.498537 -4.094442 6.948972 11.392577 -2.6056988 -0.99919075 -13.091236 -2.311119 -12.383381 -3.3405156 -1.6793108 0.81276935 
-359.3201 152.301 37.65948 -5.2358875 -3.7126303 18.936354 -14.994254 -3.0537872 -5.9887 6.7686887 7.622212 11.876842 -3.9159992 -8.092275 -14.179691 -3.5301244 -8.399502 -1.2744181 -5.3184333 4.190398 
-388.6448 110.15531 60.16952 18.265587 15.749061 26.048058 -31.850145 -0.90059066 -2.9192166 5.5848064 -0.4924503 -3.1220293 -10.514282 1.3028264 -9.200357 9.765705 -5.6428804 -9.043322 -2.0469866 1.4119468 
-423.3056 156.09515 23.71113 32.135864 21.34675 14.054091 -19.349623 -6.9007087 -7.2572656 1.309573 2.070051 -0.2716001 -5.272895 -3.3168075 -16.376066 -0.6841191 -4.8422623 -6.4110327 -4.825797 1.4072863 
-437.08432 177.39331 41.609844 32.24864 24.912794 14.556878 -16.047651 -12.57728 -13.135513 -3.1811295 -8.573595 -6.601509 -0.21156144 1.1966987 -5.9806495 -2.2510195 -2.548747 -2.0076246 -4.0417457 2.117489 
-423.6152 167.73932 41.438473 26.219841 21.218987 9.832019 -12.282048 -6.537157 -9.697025 0.13918996 -2.1712692 2.5991936 -4.9479723 -8.369328 -11.913689 1.1031642 -7.2205462 0.31155142 -1.9734298 2.2254686 
-374.8697 60.213215 43.585167 49.1194 8.446555 17.741405 -9.26004 5.174165 -10.770363 -0.09217053 -5.9655013 -2.0553412 -7.867146 5.220458 -8.473774 11.099298 -3.7705069 -3.9774196 -1.5570743 0.69443524 
-398.32983 122.86874 18.975914 28.83953 32.66771 13.342136 -30.580837 -10.423559 -6.085253 6.2030888 0.82882607 5.4165196 -4.7912426 5.664143 -8.971318 8.438236 -4.9455476 -13.651094 -9.674243 8.005722 
-452.20917 131.32175 36.91194 32.512966 35.232925 19.913258 -12.213887 5.124589 3.8462355 -2.7327127 -18.890827 -4.773282 -3.768523 3.149502 -16.505285 -3.2644446 -6.3379917 -0.08344516 -9.73035 -0.99119705 
-465.20996 102.25117 50.362167 19.8602 13.079015 20.345467 -3.6354463 11.917774 2.2354834 2.834588 -9.57385 -0.54001087 -10.701783 5.8155627 -7.7747216 1.5179057 -3.4459865 2.4782379 -5.778445 2.0500615 
-384.64993 112.39833 51.278717 16.135826 13.822972 29.119087 -22.618471 -7.528646 -13.552876 -1.5172734 -3.7550268 3.9771473 -9.03793 1.0171525 -10.771497 8.409133 -3.1898298 -6.5808725 -5.700093 1.3060927 
-378.83786 159.3133 26.564568 7.2069235 -7.723783 -2.3662155 -15.54347 10.0143585 -9.591549 6.243667 4.0111604 9.157653 -3.8063939 1.4627527 -8.161933 6.5399985 -6.7402225 -1.1978621 -5.4923587 5.3702397 
-365.0047 88.908264 34.788315 25.3424 13.488218 14.654085 -10.798596 -3.2225065 -1.1026529 -1.6065688 -8.459376 0.06299528 -12.434092 6.0458694 -7.104295 2.6538455 -3.7144127 -5.4512286 -4.8233852 6.2896495 
-400.21237 116.12186 33.57515 36.958855 15.760162 13.136937 -7.7041035 -0.14425363 -7.0584297 2.0094259 -5.350868 1.8881735 -12.152219 -0.7999359 -6.0973034 6.885011 -6.27011 -5.9464765 -7.785185 2.6951702 
-396.5079 90.78375 30.89486 34.44256 29.062805 17.727343 -14.104535 9.878201 -1.2216965 1.6956546 -16.669838 -4.2119617 -8.2908325 0.6087549 -10.666948 6.667071 -6.992322 -0.6447909 -6.688501 5.6426654 
-456.41125 122.08411 19.829355 30.01168 19.028984 21.36948 -13.236103 -0.18917686 0.072031684 14.1437645 -8.098566 -5.9016066 -4.547972 5.89852 -11.470771 2.9790645 -7.5149364 3.1245952 -3.9550755 -2.3023539 
-459.7232 125.81894 20.481068 24.935375 12.1632185 20.852146 -11.477742 4.922268 -3.0807498 8.212796 -5.7197704 0.079930514 -7.371861 -0.5649105 -11.299784 -0.78763753 -8.103304 4.8036084 -3.4284701 2.949493 
-391.439 169.84149 38.152058 5.832657 -8.060617 -2.8670824 -13.426446 6.8837914 0.85233325 5.02162 3.639745 7.2485285 -11.531595 -7.7145176 -14.574716 -2.2589912 -7.2008276 2.3748522 4.2915344e-05 2.4489331 
-402.49158 155.66852 40.740074 36.11152 21.025974 2.0311687 -16.227734 0.5985981 -9.5142145 -7.252512 -8.048238 -1.5832716 -8.453902 -1.5581962 0.396357 7.952761 -3.254474 -5.268112 -9.921675 -0.5700348 
-395.4167 131.14716 44.574627 34.065876 17.778366 24.801304 -8.274227 -8.966998 -7.3753986 -2.9787016 -3.293094 -8.098158 -19.468145 0.8759687 1.4315366 2.7487574 -3.0588396 -5.46432 -1.2769226 6.4337277 
-460.89273 124.39837 35.39168 33.270016 25.427681 22.776886 -5.942198 2.7758799 -7.2164135 -0.88277674 -9.101185 -6.1832814 -13.160343 0.4769551 -3.9005415 0.3440257 -6.742632 -1.3012127 -1.8387375 2.33525 
-438.12137 141.28387 18.001484 14.40095 3.6164198 17.720222 -12.537815 5.12993 -4.1545467 9.451225 -0.98143715 4.2384424 -8.953545 0.28510877 -9.810059 -0.118746676 -12.593432 -1.6648844 -3.819505 -0.28920382 
-341.82172 139.05527 20.540665 7.346234 -1.9763925 9.480639 -5.4453745 -2.449666 -5.5709863 4.8742757 -3.567676 6.4837 -5.930989 -8.032234 -16.963543 -0.69500554 -8.611616 -3.9461484 -8.707884 0.40429258 
-361.202 87.9147 46.91085 33.724075 11.550335 27.687109 -9.352769 -0.34758452 -6.1305637 -0.7840835 -9.539678 -4.4542003 -10.781751 0.9344739 -8.515822 3.513159 -6.142312 -4.8917046 -0.04542017 1.8779689 
-408.63852 112.27475 43.043602 45.57039 16.102007 20.080599 -3.3929758 4.8809195 -4.8557377 -2.1033986 -13.343664 -6.6188073 -14.897051 0.29685062 -7.9123197 -0.113569945 -7.519308 -5.8703375 -8.365137 -0.36997384 
-380.60327 77.135284 63.633274 29.248936 15.777791 33.238777 -9.72354 8.266857 -7.864721 -6.893231 -6.375921 -6.208364 -16.56869 2.5195453 -7.182684 2.4084852 -6.07945 -0.18634966 -3.4497023 0.6060946 
-357.18866 166.66652 47.726727 22.314846 -4.913729 -8.042127 -21.927107 1.0340072 -20.885267 -2.5543978 8.008887 4.520469 -9.002218 -2.3788352 -5.125728 1.572844 -11.118441 -1.033841 -9.254175 -5.484371 
-358.821 141.46758 48.16191 27.307276 -0.15440157 11.636062 -14.084126 -5.9265404 -3.143976 -4.1649027 -3.5097873 2.7711287 -3.8953264 4.57314 -2.2861042 6.5425644 1.4531097 -2.2201316 -4.17507 -2.651359 
-409.52747 128.10652 61.72917 29.821604 5.9298296 19.07266 -9.723523 -2.5577028 -4.188814 -0.2740593 -6.1383877 -1.1149026 -7.236218 8.020237 -4.8363113 7.6710095 -1.1370009 -2.973272 -7.346673 -4.0084143 
-452.9661 123.46091 31.57887 24.318966 6.6388984 22.050797 -7.0016994 -0.38482237 -4.9384265 8.12846 -4.5085163 1.128803 -10.654232 0.5599525 -10.29215 1.8281072 -6.931551 -0.69413686 -6.675835 0.7135102 
-454.21732 116.24348 27.647863 18.421791 3.2586932 20.529976 -1.7479113 3.8156602 -6.8379774 6.4291887 -8.52674 1.0111433 -10.548823 0.26488745 -11.6211815 2.5167804 -8.7974205 0.6169305 -9.866486 1.9689276 
-446.25803 139.1175 35.120773 24.617186 13.433262 7.3927712 -13.972869 0.8201331 -13.69039 -7.514634 -0.75353837 9.838497 -2.6881783 -0.6929247 -4.2993217 0.5418552 -3.0803208 -1.118506 -7.2929873 -0.8192981 
-397.35303 161.72198 43.78669 27.969896 8.748882 -3.999382 -19.316458 -6.001663 -20.31862 -14.798292 -2.906169 9.698638 2.9466195 4.0810413 -1.1810793 1.2653177 -1.4794459 1.1454601 -3.3044915 -5.8560047 
-449.97473 164.49214 36.61495 31.818163 9.587595 9.3475275 -17.204441 -6.703998 -15.190022 -7.4610577 -4.495472 4.280004 2.522727 0.7219552 -0.44018725 7.3625946 -0.678389 -4.4591966 -8.879069 -3.4847858 
-463.83774 111.97884 36.24678 26.481544 1.4632719 24.202341 -8.648502 10.123649 -7.6103077 1.660472 -11.096992 -3.5630999 -13.423463 -0.65670085 -11.424786 3.4557822 -9.831916 -1.1841117 -9.789246 1.809917 
-450.0971 98.18088 32.574867 31.064938 4.5911946 23.473063 -7.269115 8.882096 -9.236737 3.57876 -8.231396 1.9728991 -9.813065 2.4969404 -6.8839793 3.3415408 -6.9362607 1.1489121 -7.6826367 3.9769669 
-469.05286 117.64151 30.945631 27.211386 7.463794 24.670036 -4.398261 10.203198 -5.8102245 4.321596 -7.7487597 -0.1156093 -7.5700436 1.0367684 -10.284271 3.7012503 -3.4995956 1.7874715 -11.257243 3.1870322 
-332.9071 96.1475 42.61378 42.254025 29.5353 26.48836 -39.13711 -16.148191 -20.664522 -3.9800808 -13.334354 -3.5861943 -16.255806 1.4249998 -5.028139 0.76680833 -12.724514 -0.46262422 6.0328183 -5.1619883 
-324.56998 98.56256 55.336155 35.109215 21.710644 28.943153 -33.25076 -7.575262 -13.18908 -4.086057 -12.330091 -9.171221 -18.873638 0.04604084 -6.2192683 -1.7106181 -15.138256 -0.759071 8.309811 -10.249634 
-373.46857 85.95663 49.119156 59.30568 16.732908 15.321974 -7.5794272 -0.1126982 -11.486286 -2.472811 -18.725826 -3.2345805 -11.541976 -0.706305 -7.9321136 -2.1369119 -11.991772 6.509552 -6.998475 -0.024621274 
-395.52097 117.16755 49.287582 40.111057 24.7378 28.9595 -14.2713585 -8.592386 -13.158301 -6.168139 -5.6155972 -7.6170416 -15.330473 0.47755685 -3.6353312 5.2706165 -4.8094397 -4.558325 3.811245 5.7550025 
-440.25818 151.69069 42.683002 41.299316 36.41279 18.796135 -8.662598 -0.5421997 -8.690849 -4.8553357 -11.176398 -9.781569 -12.122021 -3.9474077 -4.9339733 -2.874069 -10.490898 -3.2457209 -2.7955396 -3.1294107 
-483.59494 127.62753 35.131218 20.582214 15.840892 20.409492 -6.0000567 10.701636 -7.926483 3.397742 -11.824085 3.1853292 -11.242691 0.2442752 -9.246456 2.6592124 -9.945038 0.06363853 -10.714928 6.0058446 
-488.1552 126.79051 35.574726 31.503517 5.923391 24.210152 -12.198906 13.40057 -9.230066 4.223362 -9.65393 0.57861936 -4.2555413 -0.5593694 -6.1978884 4.1705084 -5.5873632 1.8723335 -6.7155814 1.853657 
-500.9987 132.40245 25.29757 35.55697 5.6406784 26.925665 -5.2791576 13.893191 -8.571215 3.290475 -8.893577 -6.26479 -1.7149434 -2.8288388 -8.424197 1.0228263 -5.4511943 4.5171237 -8.613184 0.91425663 
-476.6811 111.521126 27.038166 34.544334 12.373312 19.500395 -10.553401 13.197925 -6.78364 5.922679 -8.123133 0.57666653 -1.7437773 -0.8438349 -8.89526 2.8850827 -7.0890374 -0.86953914 -8.44465 0.92517513 
-314.53003 173.47273 11.565023 9.842794 19.018639 -6.657822 -24.02216 -12.251143 -29.496304 -7.867495 3.7998369 3.9957602 -2.3136895 -10.718768 -13.122713 4.6889744 -7.7482123 -7.4058642 -5.063035 -0.11700331 
-383.85022 185.23299 50.275425 14.37226 1.2900867 -5.8613057 -20.81628 -1.0098115 -8.599906 -7.2504435 -3.848203 5.2592835 4.986129 -4.5792146 -11.063327 -4.0471964 -7.636271 -6.855849 -5.924845 -0.8842951 
-391.67084 155.6168 18.78567 29.457323 51.24567 11.109981 -41.03866 -19.743845 -12.112891 2.0795372 -10.88348 -5.406663 -8.820833 2.7491512 -0.8459223 -0.39752376 -6.3463955 3.8663614 -6.5885577 -1.2780886 
-429.87772 157.06271 31.797201 43.393017 38.11628 8.479328 -23.469902 -2.3732173 -15.404041 -7.796118 -11.862247 -13.421288 -10.224315 1.8050009 -4.852251 -1.9748535 -5.536015 -0.28779432 -3.1338944 -3.3447192 
-407.62756 147.30566 41.353775 30.379696 32.649876 17.875217 -29.131426 -13.832221 -11.56967 2.1251867 -12.666043 -5.6195645 -4.6854105 3.5169332 -4.39156 2.874361 -8.045063 -5.559409 -7.679183 2.0011597 
-394.8198 137.93358 34.03784 45.238068 33.01341 13.991014 -24.285574 -7.389033 -17.345043 2.981561 -4.7525706 -2.527463 -8.1805525 0.83186936 -5.9250064 0.73019284 -9.577015 -5.9243097 -3.9453108 1.0574561 
-411.844 179.309 36.788265 22.104908 17.390741 0.22552422 -30.395576 -19.76 -22.698578 -5.4035254 1.8073012 10.125686 -4.214477 -6.5367785 -2.0142221 14.063407 -0.014580912 -8.91872 -9.751535 -0.5397929 
-440.76672 122.47028 50.15027 16.380323 16.674244 20.84739 -16.315218 -0.6856113 -10.257925 -1.1547588 -7.34674 -4.4980087 -7.5476923 -2.7686357 -6.890024 5.132186 -5.0909142 -1.7634894 -6.4106903 0.81124604 
-415.0415 104.67369 61.784992 37.81462 19.064898 31.31315 -19.77694 -1.456509 -10.821829 -7.17058 -8.894735 -4.755514 -19.653028 -0.16247098 -8.44606 -1.5402182 -9.115914 -9.574039 -2.4700525 0.23218282 
-468.7525 139.34854 29.72396 39.793095 29.540493 20.670963 -4.1127014 11.654346 -4.2670827 -2.982623 -11.188937 -8.844802 -9.011234 -1.8267719 -11.484739 -6.9802666 -5.1460094 -1.0887122 -10.18626 2.6685615 
-374.83875 128.37418 13.91037 6.5967546 6.1421385 11.238575 -10.481228 16.081743 -0.83606213 5.551839 -2.428599 5.4704604 -14.735657 -8.805819 -10.483173 0.7242981 -6.579132 2.155317 -4.968679 5.958234 
-390.72592 183.33269 51.149303 20.279276 -8.865093 -26.842276 -24.178759 -6.570921 -0.7577358 -0.122015 4.056655 6.2610874 -2.8218331 -1.6162258 -3.9873128 4.6134896 -2.340041 3.830464 -10.689655 -0.579417 
-453.9364 132.83295 44.46169 22.16145 6.996987 18.352423 -13.337966 0.87908053 -9.505804 3.8173306 -6.934027 5.140975 -3.706348 4.4196873 -6.8661666 4.5534225 -4.235238 -0.07839182 -7.407871 2.2736678 
-479.11676 128.86319 33.696712 28.095379 6.261624 18.296022 -4.4483566 3.3424666 -5.7013836 3.682167 -11.037427 -0.82095116 -6.198289 0.9572093 -6.2102184 3.7108252 -8.473218 -0.673813 -5.4786463 3.5440226 
-384.83362 111.43253 51.12767 28.424244 14.307397 32.7524 -12.947917 -2.0427651 -7.085484 -8.841931 -14.137428 -5.0312324 -15.358985 0.49009126 -5.6387935 0.036227807 -4.2637634 -7.7304697 2.0458362 2.0840874 
-354.685 174.8278 22.863474 14.314053 10.732674 1.4171247 -19.018654 -4.7808642 -19.223639 -5.1192913 -0.4029895 13.338279 -1.2719195 -1.0135201 -3.2247803 3.9061399 -8.25578 0.40206134 -7.4509377 -1.0017997 
-362.81427 181.9538 32.868206 13.6318445 21.901207 7.0142584 -35.666916 -15.660276 -17.25464 -2.1027913 -3.909304 3.5241961 -0.8585146 -2.948596 -7.6079755 1.596909 6.3153605 2.0296395 -13.927015 1.2382594 
-373.10193 195.84343 50.646652 -0.14153671 -29.524448 -16.453442 -22.976812 13.503981 -1.1708045 6.26361 6.050863 4.5116644 -1.4636292 -3.3232899 -6.5952864 0.55089974 -14.988776 1.9786911 -3.2774103 0.85901093 
-401.17035 136.00064 48.58113 36.94377 13.76144 15.004946 -19.509148 0.547713 -8.116536 -9.345737 -14.928892 -2.411869 -7.3693295 -2.790961 -6.658351 3.6101074 -4.091443 1.1307791 1.8965198 -3.3158956 
-369.5611 88.17646 64.75489 25.05661 11.01118 28.124075 -19.768063 3.3511848 -10.405873 -3.4518325 -9.34092 -3.8609107 -10.186239 3.2315502 -10.790826 0.688802 -5.3202085 -1.6566358 0.12616211 -2.3137949 
-424.54016 124.28544 38.168518 47.555523 20.135082 15.246009 -15.782608 2.5632532 -14.76927 -0.14380938 -13.316234 -7.8320312 -13.366947 -1.8693131 -5.4079227 1.4205525 -8.724087 -0.7659163 3.0713336 1.3083436 
-334.86285 157.32222 29.651598 21.166704 -6.0492744 -8.792637 -26.107225 -2.357447 -15.961657 0.2981835 5.432883 9.2152195 -7.400126 3.2995574 -4.5787554 -5.5780807 -15.534553 -2.4287293 -2.4513156 -4.494695 
-394.71082 181.33981 59.325535 27.190403 -3.5480547 -18.296474 -13.001458 -1.0747248 -20.393871 -11.997638 -7.727512 -6.122448 -5.7658114 0.18122455 -6.6820774 -1.019774 2.4981103 -3.4483697 -5.4748883 -1.4740455 
-488.70898 138.38358 37.439693 31.336185 2.0840616 22.274979 -9.658114 4.9950385 -0.8581434 -1.243917 -7.1617837 -2.1394963 -8.117817 3.242362 -8.0433445 4.7706947 -1.5359149 -4.8842087 -7.080215 -0.715168 
-494.48523 134.77194 37.584625 16.321545 17.029907 18.173983 -0.42736265 8.954678 -1.2503313 1.7894162 -6.384774 -3.5950296 -8.082358 0.66393036 -8.1535845 3.6420255 -5.7649827 4.369421 -8.43166 7.4800014 
-379.85815 116.784424 41.192886 40.86061 8.95944 14.774577 -12.662488 0.85026836 -13.457552 -8.207843 -10.577546 -0.4830022 -8.716995 -3.6329494 -6.953573 5.317246 -2.8478863 -0.083306156 0.26554605 -0.11116436 
-299.05222 130.78848 13.694155 36.903416 25.213032 9.791264 -23.853046 -10.8978615 -14.030772 -13.535072 -17.480642 -8.827289 -12.983765 -1.9521594 -9.434645 -0.0073755053 -7.3902326 2.630002 -9.368054 -8.41311 
-315.49496 135.68185 4.3038273 33.335377 31.795519 10.295814 -19.294899 -9.290736 -13.3334465 -9.799598 -16.176222 -11.20158 -14.030914 -2.141101 -10.015934 -0.86682063 -11.562656 5.5603023 -2.4987814 -4.388315 
-276.31677 117.57724 -1.0584636 21.120771 6.9922476 18.337418 -12.346002 -5.366392 -12.94153 -5.2268343 -9.748869 -4.3295503 -12.565815 0.10424495 -6.9404826 5.2926455 -6.5890446 -2.7851253 -8.445599 -0.4546297 
-304.5004 131.80498 2.2374258 14.554925 0.9391984 12.387175 -6.105285 -1.01591 -9.100989 -1.302627 -12.699619 -1.6681595 -5.9235654 5.393038 -8.435638 -2.6370783 -10.367029 -2.5561965 -8.362213 -2.3779423 
-411.95517 130.07806 15.017818 4.01619 -2.8798265 18.461687 1.5031466 11.016262 -6.617811 -3.9167955 -15.809406 -0.6632472 -8.365727 7.3197165 -9.200746 1.3631425 -13.058701 -1.3877923 -5.7662525 2.151121 
-352.08722 143.32796 6.17846 -0.61057156 20.76435 11.157961 -4.8038716 -4.4483123 -0.33886135 -3.8611298 -16.547995 -6.0175896 -4.2171435 3.6910324 -11.289849 -3.9117754 -9.070226 -5.4723225 -6.915321 -0.7409043 
-286.39954 187.54828 18.282522 1.2728812 -9.476029 -20.81466 -13.091741 3.4124846 -13.968826 -9.820876 3.3380747 6.563243 -3.760685 -5.752725 -11.916866 -5.6590023 -13.688128 -5.031477 -3.3936777 0.27412698 
-320.68695 96.11979 56.51094 10.156429 0.00098398 18.837921 -22.555084 3.0108593 -4.1072545 4.360983 1.8451023 4.781199 -8.905681 1.0211502 -9.356629 -2.9684718 -11.3829975 0.20158498 1.6432282 -3.605005 
-340.5531 163.18292 31.916286 16.774767 18.878855 4.4199195 -16.61796 -21.54222 -9.433429 -6.2988667 -7.626223 1.8198812 -1.7792838 1.0203824 -14.889668 -0.9835416 -0.87562346 1.7184453 -11.109715 -1.7353861 
-315.66577 174.56407 21.436317 -3.1963165 -14.807894 -6.8803926 -16.872185 9.41943 -9.287866 3.1367908 4.3978186 5.8816776 0.2273299 -7.432885 -7.563419 1.0019923 -20.092064 1.7150737 0.5670391 5.364929 
-374.38123 148.4975 34.658646 8.030748 -18.168755 4.31756 -12.512569 8.331193 -8.032143 1.0017674 2.1438167 5.079792 -11.452252 1.4673762 -9.308297 3.0629277 -8.401449 1.0026282 -5.3573275 -2.3498774 
-371.18533 148.2746 39.51111 27.887321 21.727007 24.965004 -16.169167 -20.414316 -17.745611 -9.36434 -2.1956017 -0.13041528 -7.1692557 -9.565174 -9.647918 9.221473 -3.6410103 -14.88271 -4.6724043 4.792406 
-400.76477 123.16214 57.927124 39.859455 15.128774 22.816011 -5.8168197 -19.011724 -12.281244 -6.2940555 -19.508318 -5.0594425 -7.3697453 -0.5106981 -9.890806 -1.1200997 -1.580694 -1.6030297 -4.943685 2.8113074 
-398.7458 158.08046 52.089584 31.80618 9.1693325 15.228275 -12.435723 -5.244323 -10.930635 -14.290654 -8.655069 3.0239604 -5.094798 4.469094 -5.00136 0.7825807 -2.3004382 -8.043915 -6.3401136 1.7452329 
-388.00772 177.32425 41.5127 6.1003556 -2.2023513 0.4560517 -18.760824 0.15980141 -7.765723 -1.9643555 -5.277805 5.518489 2.8505602 4.317189 -8.504933 -1.3785591 -9.824573 -1.0733602 -4.7829075 3.9974203 
-431.2331 175.94608 44.549572 12.389286 -4.163909 3.8375707 -22.285467 7.579661 -5.771712 2.6163213 -3.179164 4.849394 -1.1516423 -3.086901 -11.752956 -0.32623187 -9.924986 -4.437894 -5.048922 -1.9218725 
-461.05942 123.25157 33.70126 18.721016 7.3023105 20.475044 -5.520805 5.451202 1.5202128 2.8979867 -8.214174 1.2372733 -6.98538 2.901352 -9.531229 2.9658656 -9.743031 -1.5070107 -10.090665 1.7075076 
-390.53912 133.22638 49.90187 37.673748 29.288347 17.519606 -16.092766 -15.72377 -15.493417 -6.8859806 -6.4682817 -8.633922 -17.949947 0.10343085 -3.6697235 5.394466 -14.7640295 -10.483995 2.6890864 4.716372 
-381.8699 147.70969 61.206413 29.910149 10.890057 13.17622 -17.490194 -18.274645 -18.264734 -9.074875 -4.74156 -1.2903559 -12.773711 1.824037 -4.4655366 6.5466714 -5.445474 -3.8214123 2.0135403 4.6241174 
-377.22668 144.25284 42.96192 21.962824 11.686984 19.348787 -26.985924 -16.421288 -17.27398 -2.3224547 -7.6060934 2.181989 -4.23542 -0.5628202 -0.6002979 10.417685 1.3257713 -1.8994784 -9.126874 -1.3306038 
-338.25803 89.60828 40.739357 18.161028 4.958535 28.844841 -6.829431 7.242763 -8.708982 -7.314504 -10.471401 -3.163596 -13.11096 0.71905714 -10.103706 6.166399 -2.296619 -2.8727076 -4.407986 -1.9539865 
-375.6692 180.78137 32.08388 22.275478 16.621964 0.059086904 -15.276125 -12.289701 -12.838352 -2.3328846 -10.162434 -1.0914109 -2.0815418 3.4041185 -9.377415 1.5127103 -7.177068 -7.318319 -11.595164 0.70814174 
-399.85703 189.17668 46.082428 5.7325754 -8.022649 -8.253432 -11.406361 3.7683694 -5.567773 3.3979552 -5.430672 8.776005 1.585031 2.2333615 -4.665637 4.9537587 -16.593737 -1.8969023 -8.45706 5.5672207 
-396.28833 193.36922 35.460526 -0.18330681 8.16398 7.4685974 -18.13109 -15.64357 -16.12372 -0.074205965 -8.040054 -4.2654867 1.8984485 4.613393 -8.172198 -2.1943407 1.3889097 5.4286995 -5.0416684 -3.1531668 
-390.42642 163.8367 31.283121 13.729362 -11.463406 -7.8361874 -15.974503 9.410707 -4.878935 0.27463806 2.263461 2.945092 3.2195957 -0.72082996 -6.5843115 -2.7434545 -7.6038733 0.31547368 -3.752363 2.7661371 
-393.72006 144.94542 25.269373 19.140572 -9.708169 4.546831 -10.807652 10.583188 -8.244996 4.2630596 -2.4967368 0.649483 -9.306257 -2.5487611 -7.010543 5.79357 -7.7043185 2.3252056 -2.4629717 -2.8713129 
-352.61108 103.1016 -2.8509662 18.111917 -0.33207235 15.363122 -4.2974567 9.052839 -2.921513 6.0355835 -7.1301327 5.0596457 -10.621207 3.5965114 -6.8569837 6.195742 -6.482542 0.16157246 -8.789125 -1.0336925 
-401.7412 120.164825 6.7952976 22.80088 9.868849 25.177876 -4.516729 3.3227806 -5.5262027 7.414116 -7.492376 2.3458736 -8.046892 3.06705 -5.793741 3.2315173 -7.244169 1.3381009 -4.9685583 3.028972 
-418.4797 138.61993 13.1964245 17.883314 -1.9860674 17.291456 3.0952528 4.928392 -10.447644 2.62416 -11.123617 3.1071503 -7.681547 -3.337088 -13.449267 0.18284526 -9.91194 -0.45503813 -7.43357 2.6784296 
-363.7031 120.71121 17.357243 5.6610208 -6.7129865 9.44455 3.6200578 8.972299 -6.4858418 -1.1097293 -8.622313 8.306187 -6.483052 5.561146 -10.2386 0.19694392 -9.795304 2.0284498 -4.4805164 3.1702344 
-310.03622 167.45671 25.893654 -3.0201185 -13.883711 -13.045693 -12.224377 3.6338263 -9.762741 5.37516 6.419714 1.5134063 -9.997495 -4.296819 -11.108915 -2.9872446 -10.0931225 2.666274 -7.467669 -3.4658232 
-364.4427 158.01108 32.62996 21.076105 -2.4631991 -5.230978 -14.631374 -3.8746092 -5.5848827 -0.81474465 -9.0730715 -4.9760227 -5.6277084 3.0947666 -2.8622446 2.7057061 -1.7778677 0.8878378 -7.0626845 -1.4454049 
-357.0596 158.09225 33.61294 5.5751944 -8.031924 -6.6281986 -16.254227 7.427402 -7.3082504 -5.184522 4.9575706 3.077906 -5.8412166 6.336595 -4.7376513 1.5197959 -8.574848 0.84090185 -10.1681 -4.7325172 
-285.5302 103.35589 41.304237 18.604273 6.05705 12.592589 -18.387552 7.4957952 -8.99722 -7.90841 -10.161012 -7.074104 -11.1480255 -0.80592334 -6.7236624 4.644928 -4.359992 -0.58470833 -6.008956 3.8086123 
-384.8528 174.73932 55.897343 32.811306 3.8775716 -3.4289744 -21.172676 -6.074064 -15.089057 -1.4285779 -4.9694643 2.0610766 -0.77984685 1.163184 -7.9554825 1.1023053 0.18893637 4.4421854 -1.3948673 -1.2216607 
-392.3654 172.05022 37.073166 16.91579 25.896608 16.932817 -27.150837 -11.069976 -14.675564 0.9142383 -1.201951 1.5575892 -4.810382 -4.4595885 -7.2810855 9.748015 -4.403962 -11.915176 -10.210771 0.90459275 
-343.32846 173.56084 24.521143 5.4561863 -5.7631183 0.21839894 -20.46588 7.215076 -3.7510576 0.5309268 5.789866 9.815324 -1.4193755 -5.61387 -15.941393 -4.3985624 -16.10163 -5.7505026 -5.605542 -0.4311249 
-327.16794 96.54947 30.703972 34.123596 37.209824 19.879372 -19.406914 -5.5556912 -4.914273 -0.53540134 -14.540584 -6.340932 -8.579008 2.6336908 -12.486514 1.4195232 -8.256039 -0.11954869 -4.1085224 -0.3471739 
-309.95148 117.98825 37.057034 22.032875 18.768824 15.160579 -12.424476 -1.577745 -3.8131626 -3.6270921 -8.31761 0.13825141 -3.970872 5.6885347 -1.5990306 3.075902 -6.829636 -4.8150263 -6.624009 -6.97209 
-222.26666 146.45662 8.541612 18.50006 4.8182383 10.261118 -10.373766 -4.403701 -9.003375 -0.056809172 -8.84761 3.5979242 -2.2873235 4.9878607 1.6220536 2.3175392 0.0123558305 1.7502056 -8.523228 -3.0460703 
-369.81873 123.54332 39.66364 23.399153 2.1316557 6.1379337 -11.270802 -2.6955676 -7.7929783 -1.9336747 -4.312956 5.2140217 -4.417575 6.8014493 -4.432224 4.221697 -3.8840256 2.0489926 -4.380127 -1.2171317 
-415.6824 166.39272 45.641212 15.120172 -1.5396519 3.279112 -14.551495 1.7058239 -5.656832 -0.7798134 -4.24697 3.8907378 -4.5680923 -3.0558958 -6.778246 2.2317753 -5.7265573 -4.361185 -10.05216 -0.0054137707 
-462.6135 151.7733 32.948864 16.71993 1.3773941 17.002811 -6.673047 8.876214 -1.9568422 2.8828201 -8.057118 1.2583961 -5.016894 1.8008099 -6.268324 3.6635568 -6.36004 -1.3782593 -8.590933 4.4339104 
-339.88052 146.11609 8.061426 20.689772 -8.148907 12.754889 -7.717031 8.452488 2.8441133 1.3197172 -1.0063676 6.4822683 -2.5562057 -4.613062 -11.541687 -4.3053503 -14.446555 -5.8489156 -10.925501 -4.537114 
-433.63574 153.65562 17.14665 27.852634 11.3654175 21.367544 -10.599447 -3.6472445 -12.953631 -6.726309 -7.020847 0.4791887 -7.04256 1.0419958 -5.6733627 4.7649593 -0.18321896 -1.2135882 -9.09641 0.52321225 
-473.37396 135.33803 21.806896 30.210009 9.463514 15.538371 -11.576722 2.1506388 -6.519114 3.3927372 -4.8642573 2.2930193 -7.2217746 0.91003144 -7.396661 6.013476 -0.44337523 2.2409256 -12.419126 0.24559501 
-465.4159 120.245255 29.743221 24.17626 7.1414456 19.961952 -1.4082009 10.10207 -8.492639 3.4294302 -9.316614 -2.7052834 -10.397927 -0.87232095 -12.023448 1.8961978 -7.7844324 1.9851174 -7.745662 9.046751 
-445.63736 106.97815 46.71456 21.834211 7.754692 17.099077 -7.8928037 3.6591704 -4.3437963 1.8012308 -6.781292 3.8537548 -4.1858864 4.6787863 -9.113439 0.39532125 -3.0362377 2.4801898 -7.9498878 0.36371097 
-329.9738 187.6272 35.70286 20.150513 12.202909 -0.64878124 -15.671648 -3.1301641 -14.451817 -12.110092 -11.561156 -2.8267617 -6.671254 1.5020521 -4.6616483 3.0254319 -3.8610258 -1.8239683 -6.573363 0.9405847 
-351.72302 169.47412 15.884755 19.287413 35.076992 9.81566 -21.992792 -22.331505 -27.220829 -6.3056774 -5.8245306 -0.26998636 -4.106937 0.59052455 -7.6427317 7.1354465 3.2179058 -5.964334 -9.400644 1.4670452 
-406.35483 146.52097 23.335869 44.44804 21.738111 2.0640166 -19.107359 -9.479183 -8.420518 -11.837837 -14.058727 -10.367693 -3.9288423 0.8223109 -4.7476535 -0.4116582 1.3130538 1.0287683 -6.788211 0.03362224 
-486.26965 143.57631 29.688938 26.681353 6.1034727 14.147333 -9.076717 9.602743 -4.6137686 5.3187547 -5.1378736 1.7066158 -6.8848658 -2.6257434 -10.916468 -3.530507 -7.251586 -1.2464066 -11.015408 2.2450492 
-430.53284 103.07722 33.91563 32.437527 10.39622 14.635315 -5.0401487 7.375996 -9.9888315 0.28337085 -9.138719 -0.5906083 -7.0312676 1.7659231 -5.975034 3.065956 -4.870131 0.42613056 -10.746922 -1.5338465 
-344.28528 125.45824 49.982513 37.262962 11.532227 13.056781 -20.179482 -9.665004 -19.585228 -13.11054 -9.803872 -1.2871513 -10.456348 -0.35371175 -7.474032 3.0666506 -2.2625766 -3.3515794 -2.6868734 -2.4734828 
-319.63568 180.7151 15.220788 1.955897 24.90566 3.1177788 -28.132917 -17.82256 -5.054576 3.1271868 -1.2574003 8.42006 -9.737901 -15.786533 -12.820411 -2.8616824 -15.143516 -10.80735 -6.7261696 4.3924503 
-346.5348 91.888885 54.581158 46.375034 14.417025 17.193148 -14.029145 0.2274206 -10.399159 0.31970617 -12.877393 -10.802551 -13.385632 -5.0733204 -11.663463 -5.157245 -8.271111 -2.060322 -4.0544343 -3.4487047 
-357.09332 104.82764 60.554497 28.267586 27.936754 20.327185 -17.33451 -1.4965475 -14.820441 -6.602223 -7.202895 -8.560007 -10.13541 -0.40159592 -11.636118 0.86552304 -6.849921 -7.9328494 -1.0879446 0.85271835 
-376.17773 183.15117 50.3523 27.736898 -0.3924228 -17.79219 -22.816166 -3.5479746 -18.840122 -1.9584258 4.6424184 5.206903 -6.1652007 1.2015665 -6.5489964 4.499064 -7.0211287 3.6786673 -2.960607 -1.1404054 
-370.2222 151.76346 34.38715 28.229784 25.978397 8.930063 -24.190409 -13.769316 -16.437218 -8.8008795 -6.758843 -4.172177 -5.6900635 -2.4234805 -0.57962203 10.961936 -1.5295775 -7.278401 -4.6481304 5.7912493 
-363.04224 168.79369 27.91191 30.49871 40.76132 5.374052 -27.191484 -23.986135 -25.225481 -0.5555509 -15.059152 -10.51689 -3.5203464 5.11149 -3.5551078 3.9345 1.9780328 -4.482698 -6.9643 2.9117587 
-397.19473 107.90321 54.991554 51.858353 20.282328 26.949593 -8.796512 0.7037787 -6.705951 -8.500525 -11.203129 -7.832162 -12.118893 -0.9200633 -6.461754 0.7403276 -5.5103106 -3.4694457 -4.8342524 -4.264714 
-407.42407 110.00357 61.961346 40.465687 18.432867 24.924383 -8.952167 10.577051 -9.368701 -7.268257 -12.496113 -5.7617536 -14.548244 -3.5596843 -10.148241 -1.5001318 -3.1139731 -0.105135284 -6.6804867 -4.792786 
-397.19635 110.75108 49.89275 43.849632 27.82623 18.058224 -13.499881 -1.0244092 -5.2311225 -6.707908 -13.550624 -4.476556 -13.10013 0.5245297 -8.41925 -0.63158536 -6.1725874 -1.1773891 -5.3626485 -0.80471826 
-394.6785 156.44496 50.14468 29.891808 9.98328 4.6825976 -15.470797 -13.5299425 -12.617275 -11.808635 -11.219557 0.11853213 -3.835749 -1.4054055 1.9341482 6.955717 -0.46494496 -3.2468824 -10.401045 2.2147574 
-369.5622 179.03566 48.05259 10.130317 -5.9790583 -9.725405 -16.632475 1.4088311 -8.923302 -5.389982 3.1333706 4.482327 -0.867797 -2.961851 -11.128895 -1.8741231 -4.516008 -0.8504106 -8.775433 -3.3160846 
-448.65744 146.35553 36.750927 24.88339 8.932468 14.153934 -9.786953 -5.2560287 -9.248092 -2.0768936 -9.996295 -4.301702 -7.5436993 6.932552 -1.7754855 8.475057 0.7676713 3.4035528 -4.1596794 1.6547933 
-495.08725 137.74606 21.009987 28.83419 11.200802 19.552145 -4.6893826 7.6120605 -5.5215816 6.4728694 -8.4178915 -4.3553295 -10.837712 0.29352728 -5.9383388 4.4802217 -8.790721 -2.4722404 -10.89191 2.771679 
-433.62387 134.75136 40.49095 24.571682 9.34576 13.916368 -5.748555 -1.9521294 -7.655477 -4.0164623 -6.3855925 1.1069238 -8.216375 -2.8002656 -5.8144975 2.378901 -3.4044957 2.8633864 -8.503129 6.358774 
-349.65686 131.77802 67.83226 27.63896 -3.489023 -4.8351336 -11.930867 -14.769313 -14.282018 -7.4863653 -9.275559 -0.37876913 -5.876433 2.5983286 -3.1865058 5.052393 3.4892125 -0.8408353 -5.364099 0.48144162 
-399.13538 169.09853 50.022694 28.792158 16.690989 -0.69117993 -14.256402 -6.407698 -10.052273 -5.900488 -4.49645 6.1296296 2.610232 -4.0362053 -6.9031873 0.9486636 -8.769677 -7.459345 -0.21375333 0.70485324 
-403.48233 145.35902 58.748318 37.450027 12.814602 4.172482 -11.791947 -8.480502 -9.990352 -7.621339 -4.0061264 1.1620615 -7.329119 1.8772386 -1.6776632 5.415591 -1.4253502 2.3314786 -3.2945876 0.7176978 
-373.84143 187.63957 39.138676 18.431303 2.413516 -12.628029 -18.971922 -0.18050088 -14.155992 -10.278147 4.8443537 11.817264 -0.63514864 -0.32836172 -2.3521068 -0.23134263 -9.453997 -0.29021046 -8.471189 -3.4041421 
-327.0685 85.155975 50.827133 13.464034 10.8743725 20.518131 -31.797974 -3.6072752 -9.129802 2.6912503 2.161273 4.169986 -4.8776455 5.51127 -3.9696681 4.828899 -5.1097426 -6.528852 -2.361125 -0.5861307 
-405.47147 143.1019 45.117897 41.364872 21.814407 14.80267 -23.445868 -4.327916 -15.635801 -8.816662 -13.2784605 -4.045827 -4.618971 4.3977785 -3.1748774 7.9393234 -3.4697068 0.8827399 -2.4043124 0.6276976 
-398.67236 100.49667 63.940823 31.39148 15.176159 27.379805 -10.6523905 11.42729 -3.5597544 1.1796706 -6.674308 -3.5242162 -12.725474 1.2154737 -9.966417 2.5882902 -7.040711 -8.53971 -5.0135603 -0.4531696 
-407.84457 127.0234 23.38188 47.53223 20.751324 15.033527 -16.461117 -0.4805289 -6.434435 -2.5896301 -10.667377 1.2949883 -1.242269 6.275434 -4.969696 2.4701035 -5.533112 -1.1983016 -7.881508 -0.6553576 
-446.57266 162.63094 34.32082 15.394581 24.278643 15.994003 -15.316547 -10.077117 -9.375197 7.209392 -8.30553 -4.294038 0.39559516 -1.9971491 -2.1798413 4.9314346 -6.755953 -8.967109 -11.884489 -1.0268877 
-345.36194 121.58282 55.523033 28.102705 11.251031 9.420458 -16.614647 -11.806196 -7.8168926 -5.4910765 -10.426838 -1.409473 -6.685729 0.893955 -7.0341654 1.4592991 -6.5053887 -3.479907 -8.003879 1.5173305 
-366.3431 145.70798 6.169814 19.422812 12.387284 8.345699 -19.40409 -5.943047 -5.989832 1.9069953 -7.3783016 5.188948 -3.9007916 3.308871 -7.9154377 0.8146628 -7.0779605 -0.75447917 -8.221598 -0.6755452 
-442.73578 118.91703 22.331438 29.81903 9.922553 16.52604 -6.3590145 6.937301 -9.259107 2.5850317 -8.195282 -0.40027168 -5.9675436 -0.4897805 -9.823149 6.8545623 -5.6892223 -0.90259224 -6.479343 1.4182739 
-362.66672 165.53404 43.320217 14.805242 -4.766012 -0.6905293 -19.693542 -6.0596895 -2.669365 -0.62642056 0.83023906 4.1286545 -0.5984974 -5.846439 -15.269099 -0.12503041 -8.777941 -3.9450595 -4.80556 6.822513 
-382.36572 192.39441 34.142365 7.190179 -7.4252667 -11.016224 -19.696026 4.6706553 -4.750887 -1.9983275 5.022609 8.266999 -6.6991863 -1.8760831 -7.3769836 -3.6688635 -15.294817 -1.7810533 -6.169977 2.3163497 
-381.46216 190.38426 24.941795 6.497503 3.9779346 -3.9991672 -16.100735 3.7044764 -6.442577 -2.0270872 4.320465 11.272547 3.5689745 -2.4932418 -8.701883 0.3334555 -12.631777 -5.3388925 -6.144546 1.4626034 
-398.62784 139.8193 45.64786 28.591194 11.087503 18.632166 -18.672396 -17.957197 -11.131771 -2.9969392 -6.813453 4.683253 -2.5136702 3.6241672 -5.3758545 2.3885028 3.903394 -3.1542864 -9.628292 0.747948 
-426.32593 153.6732 50.516205 36.562565 15.296641 13.910943 -6.763122 -7.049588 -8.878177 -4.6158805 -9.081322 -0.35006604 -0.8935382 -2.7457857 -9.0513115 -0.1798371 -3.4170384 -1.9708816 -7.707589 1.8243741 
-372.7818 122.63204 40.67693 30.154985 17.252289 17.259832 -9.880169 -19.4023 -13.900289 0.64154416 -9.569292 2.6630397 -7.7605405 -1.6495937 -7.943547 8.636037 1.7163339 -4.174114 -9.332821 6.1564994 
-446.50833 152.72925 38.161236 40.895462 18.432467 23.451021 -13.434161 -0.47996277 -13.416162 -1.0778179 -13.183784 -5.95404 -2.6999583 -0.6509665 -9.35577 -2.7711241 -8.2625065 -2.1591978 -9.067664 0.31137034 
-385.55026 149.8626 20.762865 14.293047 11.699348 12.827571 -8.125467 -2.1009874 -5.1505027 6.1285205 4.960497 8.844876 -8.22944 -8.974293 -15.401394 -1.5032946 -7.0191627 -2.4354653 -8.139426 5.3246317 
-369.85648 138.03816 28.206234 39.738583 23.749954 16.363201 -17.459297 -16.298342 -13.92532 -6.0315776 -13.623804 -0.9457694 -4.7358317 7.14699 -4.451509 0.9405162 -0.45988125 4.070427 -5.5406017 0.13694376 
-408.45657 115.0961 26.232496 45.3532 38.06389 15.685654 -13.581036 0.03252925 1.8284255 -1.3741387 -12.73109 -1.3202125 -7.18406 -0.86960065 -8.943876 1.8055867 -4.8491993 -1.6942588 -8.828968 2.3100884 
-421.59262 128.38834 34.268116 36.2653 18.593948 25.405201 -6.0001044 -1.9731772 -7.9894967 -2.3295643 -4.691884 2.253192 -8.399819 0.13713339 -7.6343284 2.6385202 -6.3354373 -3.602828 -8.616833 1.5260918 
-431.78854 171.8277 31.728645 19.426056 11.456175 18.00958 -18.740465 -9.02766 -11.9731865 0.025607798 -8.009133 1.8914558 3.9969182 4.0894885 -6.392584 2.1225839 -0.3002979 2.55266 -6.1851497 -1.4871621 
-487.9469 142.59006 30.505697 31.128408 13.576413 23.87166 -11.675045 0.69451076 -2.5837607 -1.0293162 -12.688101 -6.278246 -7.1415153 2.3222392 -6.879569 3.0369453 -0.63333035 0.16405974 -7.729294 2.9318132 
-417.7687 107.89472 48.28981 33.625046 13.348047 24.506596 -5.2071934 -13.502553 -6.857426 -3.8771124 -12.40616 -1.6137491 -11.684594 -1.2468176 -8.329408 4.091834 -0.046974234 -4.800617 -7.0060415 6.796784 
-474.16992 141.05803 38.010807 35.73798 14.223507 20.151096 -1.71911 8.485541 2.2156198 0.042573318 -9.9992285 -2.6409707 -5.82948 -1.3027117 -11.500503 1.5351537 -3.1662812 -2.9095638 -7.3330503 -0.8606129 
-450.4657 131.68694 24.117641 29.943333 11.51595 25.054342 -15.098957 -0.67786413 -0.7804238 6.634622 -4.872112 -5.2004523 -4.2224264 -0.92207485 -11.172169 1.0326428 -6.6822925 -7.436298 -4.2644367 5.083377 
-468.75537 117.27646 43.742844 21.851494 8.054321 29.280813 -9.264485 12.88517 -5.6203365 1.9359101 -8.474067 -0.3818548 -5.830812 0.88073725 -8.729896 6.109564 -4.5335207 -2.3629627 -4.568239 1.638763 
-499.33386 139.35355 21.343058 33.672626 9.312931 25.873075 -11.969414 12.111747 0.9638589 3.115643 -6.554077 -2.8805058 -9.74474 -2.2606702 -6.350304 5.5371027 -3.802856 -1.4868174 -1.6155657 3.4429178 
-604.50433 145.62352 31.3867 9.635169 9.015293 19.973763 -8.649899 16.91275 -4.4521422 2.147428 3.3142424 9.5928 -6.4517045 -11.634483 6.331013 -8.405369 -1.6540694 -16.25149 -4.71848 5.00745 
