-343.75262 155.96645 22.975288 46.822308 16.5804 1.1510727 -2.9553604 -13.149545 -27.685863 -1.7382175 -18.75814 1.6321214 -0.07813067 -8.628474 -0.21976635 8.425912 -6.4172597 -3.1015918 -1.8752558 -5.903597 
-250.5037 116.890625 27.153301 34.96252 1.731515 3.0954874 0.057171397 -12.478514 -37.56611 -0.6074889 -26.85923 0.25992653 0.6767047 -6.593591 -0.66472584 8.594301 -12.831686 4.5258727 -3.3216558 -9.815649 
-305.1397 134.41245 39.278427 38.57066 -8.912815 4.5591364 -0.5351575 -5.087978 -27.37532 3.2864304 -28.449724 -2.376615 5.010955 -9.778636 -0.78453404 7.4337616 -6.8084326 9.93859 -4.9220366 -7.4262567 
-286.83728 99.884575 12.123112 79.04316 15.155385 -4.85347 -9.811481 -5.6658363 -17.920689 9.453893 -32.917347 -9.733826 6.685747 -8.456541 -20.574812 6.9163437 -8.111383 6.191608 -19.72509 -5.195661 
-308.2064 102.43446 30.725595 41.748566 18.373697 13.343124 -27.788998 3.5821517 -16.863562 -0.31654242 -19.017488 -3.8377805 5.9619026 3.126008 -5.590637 6.285667 -19.089714 13.183884 -11.679866 -12.581795 
-335.83545 149.65579 24.191942 38.90862 13.790538 6.256254 -1.8475996 -4.0752664 -33.994106 -4.799991 -23.406044 -5.284975 -3.8136759 -12.436954 -3.6863294 13.970334 -11.589429 4.60284 -2.1861057 -5.3510423 
-372.0756 154.9517 9.157786 40.188614 22.744623 8.589132 -3.9499037 -5.5110474 -15.116165 9.802311 -19.1062 1.2327933 -0.755872 -4.779511 -5.387449 5.852522 -18.250782 -0.9560208 -7.4268885 -7.9918866 
-365.8083 97.394806 28.641245 53.64189 9.249465 12.110715 -0.26491687 14.1759405 -26.60772 15.669189 -22.402046 1.4630284 -1.5840714 -0.56561184 -12.304484 12.338289 -15.754482 4.038975 -5.1027694 -2.9096518 
-322.06723 79.86371 27.136232 61.595474 7.9075513 10.895609 -12.889829 0.84812725 -26.286415 14.497554 -35.639362 -6.976313 -1.9842409 -2.267118 -9.664385 11.651788 -19.211082 13.643222 -4.638571 -9.400585 
-238.05884 162.8005 -10.575307 23.03502 -7.0423226 -22.77642 -4.3667603 -5.4286838 -26.287054 7.455172 -16.554808 8.024029 9.632473 -3.9192548 -1.2055484 6.3701878 -24.371382 0.4234743 -7.0137067 -1.9616454 
-359.8883 135.59479 25.42017 26.031178 1.5587051 4.8983164 -9.303105 5.8343143 -15.870899 1.9354968 -12.111933 4.9499416 0.3499173 3.1936908 -4.9211206 3.644466 -12.642474 1.9012411 -9.299402 -4.3064604 
-331.4654 146.33453 7.221271 34.076508 15.322147 12.977568 -14.77126 -14.48655 -36.07059 0.10476321 -10.662788 11.295701 3.7540708 -2.7869794 -7.05285 19.232037 -8.570728 -3.6795511 -11.005291 -4.96685 
-396.76233 127.69244 17.311455 33.401657 10.940792 12.9467 -14.622478 2.3523529 -12.169132 6.1382556 -12.784832 2.8088548 -5.677297 0.5670757 -4.5767584 6.90856 -7.9291763 7.2898617 -7.4024897 0.55165285 
-357.33127 143.29266 25.375683 41.557175 16.064173 9.107471 -11.787323 3.699155 -12.939492 -0.8960612 -13.168734 -1.659776 -0.4313594 2.3745334 -10.900057 -0.71748173 -11.613048 -0.7498124 -9.673477 -3.3035522 
-393.7847 146.65042 31.651768 31.348873 8.069458 4.491377 -11.870332 7.684944 -15.759644 5.466177 -13.724138 8.885991 3.2170515 5.660181 -7.576044 5.4801493 -8.232542 -0.8581911 -13.367885 -4.5503445 
-392.20175 142.97835 11.398315 36.593704 19.051647 10.071516 -15.996321 5.3328204 -17.395002 7.4480534 -16.674515 4.6883893 -0.5804092 3.360547 -6.3756847 11.193446 -7.259178 4.208765 -11.972391 -1.0073862 
-263.78455 164.003 -18.782515 36.09893 29.0218 -13.681836 -9.251326 -0.3429502 -35.284897 5.336764 -24.841743 0.13219349 12.47241 0.65425783 -2.8868353 5.117087 -5.535856 -3.8839312 -10.33444 -3.8468733 
-268.88644 118.42749 14.331136 38.820232 12.14983 7.204138 -9.702169 -5.33407 -36.692703 9.820667 -18.257788 2.8414938 5.416737 -2.2229168 -8.84313 15.645416 -16.383661 -4.3472652 -4.224715 -3.2119508 
-294.52258 172.09303 4.1192713 33.281723 -14.0037365 -16.794825 9.73067 -5.319096 -27.500645 3.0713346 -20.677433 0.71306604 11.725921 -3.7287836 -5.4780374 5.6841016 -15.68072 1.7109503 -6.816659 -1.5584992 
-320.48132 101.92636 18.700724 53.34455 -1.5342746 14.711389 -3.3092928 -8.209159 -28.918922 12.440187 -20.646982 4.2242947 0.0073470143 -5.3881598 -3.9113371 19.232801 -23.266895 5.206512 -3.5853229 -12.692429 
-243.04774 118.95695 11.846226 38.10817 -21.37979 -3.1781726 -3.83353 -6.187247 -32.387142 11.339648 -15.773417 6.6347632 4.3265014 -1.2505641 -6.847967 8.392334 -23.586847 9.86757 -11.767655 -5.087388 
-341.4685 119.652016 22.744453 47.483627 5.234375 16.912529 -10.569646 -2.792051 -15.085262 6.4497304 -23.850592 1.1495976 2.7225919 -4.24258 -8.467958 4.4526663 -15.99743 8.766979 -13.6333 -5.853692 
-331.6806 128.52147 22.542513 27.254843 -5.3986077 16.203457 -5.0166388 1.6952032 -18.316257 4.1228466 -9.985627 10.544908 2.6082182 -6.6961727 -7.299035 3.115147 -13.022578 10.123153 -16.194244 -5.85355 
-376.21802 149.11722 13.630125 36.543976 14.819683 11.853878 -6.975582 -3.7179527 -20.093529 -0.7277826 -14.927092 6.642964 3.8680887 -1.1877475 -6.470103 9.650434 -8.695833 1.3688331 -6.7842994 0.35084978 
-356.62488 155.39264 16.744164 33.00244 2.9140213 -2.0586832 1.1920571 6.279279 -8.867617 11.169245 -19.141005 0.21276392 5.437553 -0.68311393 -10.063643 5.3874655 -12.323959 -6.043604 -9.913053 -3.387861 
-397.56354 144.69994 25.858555 41.034386 19.653957 3.4363365 -9.095519 5.382985 -12.342024 7.034739 -19.440948 4.980498 -1.0544988 1.3402339 -4.0813193 10.286739 -9.931574 0.9608397 -8.773693 -3.332251 
-399.48584 159.95285 25.690071 39.681656 10.766349 4.0788245 -10.93195 1.2626928 -19.736021 -2.5659664 -18.117825 1.3801209 0.055750106 3.5942938 -2.4841807 8.994939 -4.26257 6.1322165 -6.4007244 -1.8272616 
-364.01584 163.07642 5.4383464 24.385595 -7.4953885 -0.8715921 7.034589 4.9667625 -14.02978 8.310757 -15.333623 5.5837016 8.044518 -5.481463 -10.896224 -0.5257634 -14.001217 1.6551518 -5.8171244 -4.317231 
-348.76367 174.38638 29.44656 32.732956 -10.881123 -31.070944 -11.909509 -2.3059895 -9.154876 11.525181 -7.804306 -4.8353972 -3.5197227 -0.81079876 -2.3138938 3.8809843 -5.2034197 3.4710498 -11.774173 -4.5769234 
-406.42047 150.63272 22.429626 35.703697 12.098066 4.5972385 -11.530862 4.533341 -9.356907 8.089776 -12.479727 4.4238744 -2.0916345 -0.10522064 -7.66894 3.71841 -5.9241414 3.4556544 -9.3641405 -4.222022 
-389.17557 155.75804 11.121786 28.472548 4.5803547 -0.40242386 -5.735016 9.4273615 -7.1385736 7.728313 -8.681183 -0.38776684 2.2667067 -0.70613617 -7.285715 2.015164 -5.9570603 -3.0856783 -7.989044 -3.3623266 
-262.69394 150.9903 -14.917667 52.868015 22.98608 -16.7612 -4.0307226 -5.608791 -15.708666 0.71042466 -27.004538 13.64286 8.54529 -10.107273 0.33814377 8.250073 -12.92194 -1.2776396 -6.517046 -5.3420315 
-323.07092 136.77298 32.79941 32.56047 -4.1694813 4.7790895 -6.3446217 6.901446 -24.01726 -4.2402806 -17.31024 2.3751593 6.862176 4.2475333 -7.409098 4.934463 -9.590837 1.5623841 -8.657444 -9.140509 
-318.6554 168.03857 15.241832 31.53414 1.728959 -12.3016615 -7.374705 -1.0507283 -24.556564 1.7441883 -21.859076 1.9720486 4.688457 -1.3721986 -3.9383006 8.20576 -2.6295528 0.46181256 -3.967349 -3.1184285 
-344.3363 160.23149 6.945092 44.91963 22.186863 -3.61189 -11.336597 -11.81478 -21.821632 -4.349476 -26.65023 -3.303067 2.6683743 -4.5612197 -7.171957 7.873593 -5.235025 3.0194082 -3.0823941 -4.135184 
-419.8107 159.30597 17.167316 37.663612 9.807835 9.525704 -11.992611 6.1438546 -14.108539 -1.5924222 -13.124156 0.35255998 -4.0775995 0.5037128 -7.088528 3.152105 -4.0448475 6.664167 -8.834583 -1.7731602 
-320.39215 57.29451 33.67116 62.59721 -1.4916782 13.801657 -8.41278 8.03812 -15.391166 12.054097 -26.412466 8.013281 -2.8216581 3.701859 -9.9554 10.99305 -16.734924 6.9214077 -15.127945 -1.7972755 
-305.3005 90.77425 28.402466 64.09946 10.696731 11.546891 -14.475435 0.974338 -17.416754 4.5952015 -35.044655 -1.8129392 0.3238041 -4.0554285 -11.546696 10.057089 -13.039517 10.098776 -9.87358 -5.535596 
-327.43515 139.68048 0.48925188 28.610996 15.384918 14.783249 -7.6257553 -8.157293 -22.253885 1.3355347 -12.115333 6.3364906 -0.5838125 -5.801878 -7.2727084 9.849733 -3.7701879 -1.3872863 -3.956762 -3.6435742 
-333.89368 117.66886 42.98701 32.482765 2.6632211 12.29024 -19.47762 -1.2326102 -19.343214 -0.2896766 -10.576528 3.4185207 -2.028833 2.702079 -6.8285475 15.99501 -6.1579614 7.615594 -11.910976 -0.34995958 
-392.17053 150.65244 13.834103 30.395926 12.355637 2.0633473 -16.17408 -2.2150862 -15.769752 9.414219 -5.499937 5.2385197 -2.1748354 3.4525077 -4.3906574 6.9075985 -11.174326 3.944909 -4.9326262 0.38918984 
-369.3495 159.45111 -3.6002698 40.14426 26.30416 3.5737965 -24.589714 0.98075897 -14.641486 0.55085754 -20.248077 5.440093 8.202346 5.2547317 -9.2395115 9.74539 -8.862643 -0.07670258 -5.557017 2.0681474 
-384.02966 150.4162 11.894077 38.00555 12.666987 -0.14058802 -5.061 6.9112473 -17.997068 4.4931087 -19.656546 -1.1037961 2.4176416 5.256054 -9.169158 6.927836 -7.229464 0.9567532 -9.224701 -0.8055668 
-380.48523 159.63026 16.955317 17.661827 2.6833885 11.429664 -4.0122666 6.415822 -13.854877 1.9063522 -10.777911 6.839098 -0.61606556 -1.4476478 -16.859324 1.55732 -9.914944 4.9172297 -7.06107 -5.9487476 
-316.9572 156.16013 -15.151108 24.003597 29.97386 5.1587124 -19.552881 -8.095018 -21.527191 8.909303 -8.711801 7.797105 8.413451 -1.4539742 -10.254038 6.624925 -16.01338 -7.34445 -3.4851165 -3.7225354 
-351.498 128.76 26.715364 32.63335 4.0394635 13.137311 -8.324657 9.835942 -28.133934 0.098438896 -16.565208 0.7724854 3.6522489 6.256812 -10.311091 7.7499433 -12.631716 6.0902286 -6.998556 -3.8392198 
-344.72495 81.89901 43.088787 36.65586 3.0435896 32.535725 -20.032093 6.9583364 -19.212807 7.454351 -19.687183 -3.732897 -5.157737 -1.0055833 -13.076885 13.77986 -20.564997 9.459533 -10.314383 0.23631209 
-333.255 143.06126 14.130241 25.119165 0.36244705 7.7214794 -7.0893292 3.6559236 -25.576504 6.43031 -13.907008 -1.434381 2.7152386 -2.458755 -10.282766 6.7423916 -18.710367 2.0854316 -3.772425 -3.953373 
-318.66467 123.78437 3.8520596 30.03894 6.218643 7.3615212 -3.000174 1.5123278 -17.057579 16.065794 -14.212547 0.82693845 -3.9660635 -3.9724896 -12.856027 7.7643137 -15.481618 1.9307199 -4.695766 -5.371522 
-346.04422 146.29376 12.107748 38.379013 -1.3853406 -1.4771764 -10.656316 -3.285929 -21.407389 11.28426 -20.202261 6.294687 -1.840983 1.4203776 -4.6280923 6.9688272 -20.095613 4.7607594 -7.077444 -3.4272485 
-323.37628 95.28923 50.24168 25.496637 1.9996839 17.94798 -11.967251 5.2873363 -26.233952 -0.45301926 -19.24339 4.3085537 -0.14441234 -0.22495985 -10.605409 13.799649 -14.79607 15.4029255 -9.730708 -4.9682255 
-386.8978 153.01419 23.71858 31.740685 5.726386 13.79896 -4.045728 1.537235 -16.343327 7.155233 -9.192588 11.69331 -2.9009743 -3.0481467 -9.77092 4.272691 -12.846729 5.4567294 -13.702618 -2.4372513 
-399.80463 153.39157 13.390067 37.543335 15.607113 12.384854 -11.160149 3.3916159 -8.882961 3.8361588 -18.206968 3.9476345 -2.0658882 3.0227606 -7.7764716 1.725657 -10.067321 2.753068 -6.912168 -0.13348082 
-388.63254 156.19493 9.433483 35.699722 18.871311 3.8572536 -22.762003 0.13436365 -16.204615 1.7691131 -19.160622 4.810358 3.565161 0.6333989 -11.556432 7.071777 -11.615697 2.6865637 -6.453911 0.41061062 
-389.35693 146.50925 13.310099 48.064045 21.070915 1.1179873 -14.258977 2.2595885 -13.852749 4.1568832 -20.317863 2.644 1.4786801 -1.388834 -10.394047 8.307156 -8.811942 3.9911778 -9.152652 -6.8066664 
-372.31723 162.73254 20.544142 29.029575 -8.158649 -12.804973 -1.129998 10.669857 -7.382771 6.0623894 -13.073401 -0.38492334 2.410757 2.823889 -5.361106 -0.51297337 -12.562671 -1.9494667 -11.182734 -0.3066095 
-398.0749 149.495 17.363468 33.041626 7.627826 -0.7877424 -12.348592 4.0146937 -9.371838 8.918876 -7.2610836 1.7316424 -3.6280458 -1.9062358 -5.0660653 6.637758 -6.549395 2.2982647 -11.67909 -6.734576 
-400.10107 127.8046 -3.665106 45.31891 12.599213 15.619511 -12.029138 5.520976 -9.432719 16.074373 -19.390484 -0.9872161 -1.9606328 2.6039064 -10.507206 2.712819 -16.250332 3.945137 -8.3109455 -4.7520547 
-415.92892 149.20204 7.4597726 33.43016 8.107269 11.938917 -8.263967 3.5205393 -16.588884 7.966273 -6.094875 10.06864 -0.57400364 0.8714447 -9.2573 1.7387133 -8.874037 5.4572263 -7.864564 -3.1149588 
-362.44418 167.1192 6.935028 28.11683 3.2608137 -1.0577801 -2.6264696 2.532173 -31.05146 -6.988661 -3.2154124 18.067755 7.678628 -2.1811874 -12.93541 -3.179494 -9.109597 6.4215374 -3.762227 -2.8238282 
-425.52618 139.08905 17.91175 33.21205 14.350764 12.633953 -5.489731 12.0708065 -12.732923 7.4462414 -9.196304 5.808056 -3.092592 -0.18106572 -9.249568 2.2841 -9.99745 4.288269 -9.781768 -1.7624182 
-426.14563 133.64781 16.934278 33.806538 11.639425 10.340858 -6.983497 12.734842 -7.6643643 7.0368514 -9.283544 2.2885885 -8.035007 -0.058090422 -6.6936073 5.312484 -7.721027 1.8107924 -10.975064 -4.1606655 
-375.22107 111.18797 21.849281 41.088284 10.8653145 9.78981 -10.97517 10.340082 -17.200205 12.054195 -16.318478 -0.967762 -1.103427 -1.3611568 -6.3670006 9.474282 -11.457596 5.3406496 -4.620044 -0.3237131 
-274.39438 104.32292 34.532433 44.668552 9.375131 21.98519 -7.314326 -12.084136 -36.114067 5.972693 -22.210289 -5.4323835 -9.635607 -9.817206 3.5367856 11.460371 -14.173637 9.217266 -15.759327 -4.5740614 
-298.89056 166.29756 20.573277 45.638866 5.836947 -19.68965 -3.496721 -14.232341 -36.654144 0.1255925 -17.437832 -2.6854477 -1.390707 -9.524019 -0.42325407 9.480194 -2.3807464 7.22823 -4.7936573 -2.3394597 
-339.45132 165.41449 11.9014845 27.625189 21.453789 5.2554784 -6.955987 1.353093 -18.295477 7.0778174 -15.436083 5.70018 -0.66870236 -11.063991 -4.6603804 6.628706 -9.068867 -1.2594075 -6.3489313 -5.960864 
-298.3615 150.79825 -0.098968506 21.34201 7.9824414 4.844183 -10.434032 1.7896886 -13.106608 7.8973794 -3.3337612 3.8494153 0.9676842 -7.35888 -10.706577 0.4888914 -13.980507 6.1233115 -11.010877 -0.22556506 
-287.85367 69.006004 65.41321 24.155117 0.52643234 32.82917 -20.96005 16.58805 -15.11832 11.725868 -11.570525 2.6498485 0.30519247 -2.7174532 -10.754536 7.51549 -14.513328 10.422703 -14.481547 -2.5285008 
-310.81924 78.034004 60.634712 27.647081 7.857412 37.78431 -22.936287 8.612743 -29.503723 10.191912 -18.531338 -5.633593 -6.612692 -3.2366028 -8.185109 13.668877 -18.249746 9.827397 -12.2728815 -2.6336455 
-342.4696 131.58119 20.238888 42.06847 21.745554 17.708336 -7.6853275 -5.3278723 -32.580242 9.224403 -22.769142 -17.081696 -9.415515 -6.1548853 0.75746834 11.799589 -14.790505 9.933026 -5.0610023 -3.0838895 
-420.3055 130.99782 8.557115 36.2731 11.013467 14.127911 -9.522235 5.1617937 -10.785412 9.923486 -11.069565 0.12810649 -2.8631115 -1.2449316 -7.0399227 3.6725867 -12.733666 5.847572 -8.422367 -3.1253893 
-408.8813 121.75065 19.66744 34.568752 10.047476 9.733647 -6.5011845 10.617586 -7.376538 8.607243 -12.636418 2.7330616 -4.1787295 1.0235804 -5.319853 5.511599 -12.516375 5.295498 -8.621093 2.7227626 
-308.59546 140.43814 1.7024833 26.576977 12.922998 4.6760254 4.0283084 -12.62921 -35.913895 -0.35874388 -15.447074 6.981747 4.6246076 -8.684558 -3.7565587 4.2160373 -6.8979454 2.84582 -1.5635083 -7.6089444 
-257.84235 121.23581 48.24028 36.653835 -13.656648 -3.717368 -21.201025 0.49330413 -27.707376 -1.4534711 -18.670921 -7.1571307 -3.5296273 5.7273917 -9.467106 12.604843 -7.7313747 10.448208 -13.488093 -3.7503345 
-286.1161 156.40446 -17.925518 16.086958 11.620377 -3.6198642 -6.536678 -4.5080543 -28.20266 6.951405 -12.352913 15.343953 7.647341 -11.263836 -14.422657 11.457863 -17.345356 -3.270868 -9.814422 -1.3324254 
-354.4041 159.71725 17.548496 25.014261 7.9003787 5.3515224 -5.2441945 3.8892682 -19.320793 6.153173 -11.399113 5.901117 -0.60637605 -3.485376 -5.4393787 4.2259283 -10.707646 -1.5323967 -10.805604 -2.5498416 
-340.7265 122.98828 40.108147 27.168936 5.4987216 6.033754 -4.3836994 9.524511 -35.21614 -4.1022763 -13.620756 -0.9951797 3.3326635 3.747587 -12.133455 11.124718 -17.788588 8.622834 -13.068836 -1.9905529 
-366.43518 161.53168 18.864159 32.480892 16.60268 -2.2668836 -14.249232 1.2973698 -25.825905 -5.3527226 -21.56189 4.343613 0.0068615805 -1.6222359 -5.574004 8.5524 -7.6662345 1.9787878 -9.835269 -3.2885408 
-408.37573 146.69704 25.786217 40.973515 12.986301 2.5540094 -14.95568 2.549382 -15.702711 3.3120432 -13.012497 -0.67383224 -5.1123056 1.5215937 -6.8329573 6.619534 -6.319701 7.7343655 -9.356907 -1.4108882 
-336.9619 119.7934 41.672745 27.521406 15.637043 26.717737 -14.841143 0.6498716 -23.473335 -3.3193414 -12.326431 -0.6121693 -3.8064592 -5.308775 -8.291467 14.862705 -14.843548 6.505644 -8.854197 -5.7293344 
-343.215 117.52576 17.70939 48.31859 13.6162195 -1.8762828 0.2990626 4.2896595 -18.258904 11.235942 -24.791986 -5.540286 3.7255952 -10.743009 -16.618618 12.973896 -12.558893 0.70929503 -10.897789 -3.8280613 
-333.87885 89.939415 39.73735 32.461586 22.309902 9.686454 -17.670609 10.131683 -20.07035 6.781608 -19.894804 -4.701946 -1.0379611 -0.45695278 -20.00112 10.7926445 -11.469609 7.027872 -8.941776 -1.3820043 
-322.0388 108.798065 24.086702 21.6421 1.8845637 20.509918 -7.6460257 1.2004136 -16.69834 14.478577 -17.483854 11.484797 2.4185205 -7.346977 -13.107731 4.987152 -20.084139 7.684955 -13.649894 -7.454214 
-378.9857 142.61661 6.2720895 43.32449 25.947975 8.373659 -12.045416 3.8821335 -15.092097 0.92495877 -24.137465 -4.959487 -3.318406 -2.9307373 -11.723736 3.9248679 -11.36793 2.3716788 -5.1611743 -3.9040713 
-367.79303 162.65622 6.924654 33.508995 21.36316 -2.4192245 -19.00157 -3.2361557 -18.29672 1.6659743 -13.931376 5.9337106 2.3350143 1.6206388 -8.239811 6.2172756 -7.901646 2.5580435 -5.6443677 -0.2937073 
-417.0588 142.60834 15.876458 37.547283 16.985655 10.414387 -10.178738 5.5817876 -13.677891 5.030002 -11.701925 3.0573282 -2.5389209 1.7151953 -5.6435537 1.2893584 -7.8507767 5.670753 -11.375182 -2.4321191 
-301.89465 168.21207 3.588075 24.395119 -18.767338 -14.072998 5.108743 -6.1862555 -15.188884 9.868381 -10.607563 5.0994725 3.868774 -4.3319044 -10.61959 1.1392292 -15.147312 5.274921 -15.196369 -2.79205 
-409.31335 134.67612 19.402174 32.50872 9.168182 7.873859 -8.213037 10.785064 -7.027422 8.348079 -10.390781 0.3030084 -4.9996967 0.74028146 -7.757052 3.575864 -9.439347 1.6993738 -10.078271 -1.5301197 
-425.5194 133.1685 9.317411 34.766884 12.092294 11.337487 -6.68572 13.525916 -8.482775 5.2535324 -11.549884 -0.5932232 -8.793116 -1.3085428 -10.290249 5.010371 -8.951855 2.452164 -10.3577585 -2.5855632 
-372.78577 140.78972 -4.1419826 54.10254 23.480366 -7.1799264 -4.621642 5.5150204 -12.464863 2.4616673 -19.159403 -4.919222 5.0034595 -0.73961014 -6.084934 5.628513 -5.9700623 0.19337586 -8.365589 -3.3573503 
-231.82254 151.35349 -20.44735 28.587128 11.572273 -3.050099 -13.381629 -12.317191 -17.385386 6.389913 -10.268567 5.152418 2.4900026 -7.766699 -3.329023 2.0926123 -18.019833 8.328951 -6.6911263 -4.4399266 
-208.83601 153.69524 -26.343884 25.633327 1.0246838 2.0402038 -22.199745 -15.855255 -16.791481 4.8202167 -6.9258366 14.196067 -4.5363684 -5.6590915 -7.133506 1.385074 -22.294092 9.740681 -12.530287 0.9204238 
-273.11353 155.57916 5.2571106 25.981031 8.738783 -6.8601704 -2.6914244 -4.860588 -30.017326 -4.060597 -22.774866 1.3295841 3.079823 -7.1740046 -2.9784973 10.594425 -13.033869 3.0875082 -3.7368927 -1.8713104 
-284.43 120.68218 9.511295 35.919796 10.245808 10.602576 -9.650964 -6.8170285 -17.186632 18.105742 -14.050697 4.96137 -4.3561687 -4.082552 -7.2167563 9.547993 -21.465334 6.0864716 -6.0270653 -4.5631857 
-312.00534 143.17735 -13.200653 27.550354 18.775696 13.376371 -10.865036 -9.137948 -11.283405 13.685929 -17.794931 15.55983 -1.132202 -11.87371 2.3957024 5.990014 -22.886608 0.30911118 -8.876891 1.8630778 
-312.1809 123.43005 10.805299 30.207863 19.845488 15.529602 -12.201 -10.185113 -30.029839 6.7380276 -12.613941 3.7695465 -1.7747227 -8.170576 -3.533263 15.367811 -9.68961 6.0205646 -3.7572763 -3.426069 
-310.61053 135.94023 15.96118 21.882061 1.5154874 7.417136 -8.415518 2.7304215 -22.567177 1.7314744 -18.711569 7.0639095 1.4500618 -6.628319 1.0026076 12.61453 -14.415785 1.4941369 -11.214425 -3.740298 
-316.1959 149.09628 -2.375805 29.348785 11.156199 5.4694505 -3.4285479 -7.8953485 -20.78768 14.502553 -11.189466 6.366208 -1.2251402 -11.296698 -7.1886487 9.839687 -16.278788 0.67047244 -5.608318 -7.564704 
-287.42767 77.058 47.736973 13.293251 13.840341 20.027433 -24.4262 -0.17745791 -21.715492 10.466167 -8.662282 0.76813996 -3.3329475 -6.8604 -7.8463135 9.230325 -21.011002 7.3322854 -16.020437 0.2664388 
-353.23972 139.28679 0.1264499 25.06425 24.854916 7.4882855 -23.828758 -0.4954497 -0.875309 15.882917 -13.6762295 8.861581 -1.7961845 -3.2953353 -3.7862794 4.8295374 -13.227733 1.8584412 -9.040971 -0.21754792 
-329.85162 155.7658 -13.629826 29.669138 8.264313 0.25711665 -4.359799 -5.4935784 -8.861512 10.475982 -11.759783 8.280467 3.4939387 -3.9219844 -3.9146738 1.9458957 -11.557296 1.4155409 -6.474856 -1.5385938 
-356.64774 160.17102 22.353956 28.470076 -17.370895 -13.629691 -4.4979134 7.254787 -0.35792038 13.486852 -11.505833 -2.8958974 -0.3260287 2.9186685 -9.166991 4.5719366 -14.316633 -0.31962764 -9.430614 -4.750785 
-341.88147 146.30617 20.49081 27.383091 16.518894 11.819624 -9.005157 -8.944506 -24.476717 -1.9612615 -15.342996 5.7523646 -2.1421342 -1.2139516 -4.776334 4.222147 -13.99177 2.2975657 -16.230186 -2.5561008 
-262.226 152.70258 -2.0196788 20.274025 -6.952073 -8.10529 -6.888899 -13.948186 -21.494669 2.5802176 -9.542304 10.329998 3.082443 -6.020112 -9.495089 -0.41958952 -16.913616 11.027515 -11.769271 -0.105931245 
-274.55942 153.73097 -18.065191 19.178717 4.4512014 6.500844 -17.620653 -14.975438 -6.7466974 6.3349113 -11.218646 11.155208 -9.619274 -10.814404 2.4817183 -0.79740125 -19.99648 9.135931 -13.323679 -3.6664057 
-378.39233 139.1143 -0.066096514 24.621342 8.763994 15.368236 -5.582696 6.612033 -5.6211963 12.072771 -13.930607 2.8478239 -9.794941 -4.469893 -5.680702 5.587249 -12.186621 3.1194801 -8.480093 -5.6651764 
-370.3589 147.20023 3.8136601 29.420061 19.276905 13.48376 -8.552785 -10.271127 -11.187424 15.297006 -8.068007 8.087341 -5.9819283 -3.5927892 -0.731387 5.830495 -15.779216 -0.30953884 -11.443209 -6.176388 
-268.72913 158.28998 -27.114084 21.434591 22.619522 -2.3010855 -12.115745 -20.690924 -6.988974 23.783169 -17.19886 13.940396 -5.313402 -9.078539 0.63039887 1.1519324 -22.78521 1.1036025 -9.718304 -3.2894 
-324.1277 67.84781 45.296467 25.767508 3.0036683 31.99659 -23.869392 8.999124 -8.762801 11.596923 -13.241188 1.0249304 -7.2827506 -0.21214372 -8.126121 12.884473 -20.92932 10.263755 -14.811059 0.31516373 
-272.43915 123.12043 1.583614 44.269333 15.308616 2.6043098 -18.950226 -14.9050255 -18.830883 13.257164 -24.19381 0.24700874 1.9853401 2.4937232 -3.2514317 2.937255 -16.18484 6.947823 -12.166256 -6.808712 
-358.15915 168.13873 29.088253 31.036777 10.004713 -9.539254 -10.842757 6.4116855 -14.56811 -2.3004553 -17.881847 -4.0110445 -7.3909082 -2.4126158 -2.1116812 9.505329 -4.2265925 6.0958853 -3.8579893 -3.648284 
-333.81583 123.75357 24.351627 36.70614 12.724872 6.4419203 -10.254482 2.1926737 -28.842258 2.710187 -19.715378 1.3275416 0.9452708 -1.3756766 -7.967381 14.604965 -9.316541 5.1902523 -6.765861 1.0527849 
-382.6256 156.444 30.026829 33.752098 5.417003 3.9684932 -15.721002 5.2860513 -17.291275 2.4058442 -11.716118 2.163601 0.3908824 0.9883425 -4.593752 12.432346 -7.4017997 7.107168 -14.532146 -4.495446 
-299.51898 158.33307 -13.811726 22.195072 3.4999766 -3.5997975 6.985179 -11.807212 -18.833054 14.521657 -12.117607 11.096749 0.119488135 -14.643382 -5.154401 5.9396 -17.376282 7.404524 -11.007533 -6.1894236 
-334.43875 150.13446 -3.3523145 25.522535 13.510326 4.7543826 -2.0714245 -3.463252 -10.926153 13.371775 -10.052821 4.499975 -4.586076 -12.498809 -8.680635 1.7846843 -15.365136 1.414617 -2.2474873 -7.8227234 
-318.1961 158.8545 -7.878701 31.820534 28.242903 -9.726928 -11.131202 -5.702182 -16.151108 5.363068 -18.849936 3.840382 5.734708 1.3651905 -8.712428 5.3122463 -16.634577 -3.505983 -10.850631 -6.1420937 
-256.23843 84.020706 36.621002 7.1737084 11.921821 11.081189 -22.615538 3.4075062 -19.083057 14.437962 -7.7831554 8.397576 -6.3882775 -1.4901426 -7.4195194 3.073686 -20.369879 8.313864 -20.114725 1.9612222 
-357.51508 150.9792 9.190776 32.461918 22.088602 10.187628 -12.09177 -8.109528 -16.759626 7.7941074 -10.114544 5.0997734 -6.4890695 -1.8364089 3.0443888 9.8251915 -13.880851 -0.1139088 -5.7038364 -2.8368225 
-366.03885 135.05125 -5.4387283 26.547731 16.02134 17.385653 -10.287519 -8.430961 -9.14369 11.337234 -16.912651 10.450352 1.0232625 -1.8536377 -3.52083 2.7449787 -13.801456 -1.0500166 -13.342549 -0.50539863 
-327.92313 114.10544 16.83541 37.03027 26.767464 12.902418 -30.285444 -3.0631006 -9.699162 11.167742 -21.974064 0.2382198 -4.885093 0.5055736 -8.03246 10.036121 -13.327671 13.822765 -4.747544 -4.72117 
-336.57217 140.09895 11.039784 42.341045 20.030205 4.0861535 -11.15641 -2.2793422 -22.821632 3.3105752 -27.028618 -5.2269845 -4.065349 6.4943266 -8.473164 11.185289 -8.649164 1.725903 -9.2668 1.1260762 
-420.24567 136.53262 18.04761 36.385113 15.17882 12.973616 -8.23196 11.833274 -11.448111 6.554221 -13.258763 -0.23632404 -5.625402 4.5589743 -5.6649914 6.5440235 -9.431782 0.9985977 -9.415225 2.239553 
-429.49435 137.7816 10.113055 34.567898 10.487921 12.717293 -11.3808975 11.42962 -10.694682 9.682167 -7.32485 2.4291468 -6.9466434 -0.83896536 -9.596306 3.621037 -7.235394 5.676694 -11.476686 -1.919402 
-364.8309 155.55142 11.454189 38.11055 10.919381 2.0498016 -4.9922547 4.1563716 -15.864931 -1.9540013 -10.492301 2.461533 -0.4883319 -4.0863323 -5.4850826 -2.318729 -10.851889 3.1360717 -7.5504017 -3.3420877 
-278.9032 170.04547 -9.481725 18.141193 -1.6990021 -3.0356302 -0.05514505 2.0447636 -15.231151 11.661732 -12.307068 6.626295 -2.3873794 -6.608985 -14.649458 -4.7383304 -12.764121 1.6170703 -12.22227 -3.359562 
-338.46365 154.19762 12.607838 32.92146 13.1979265 8.331087 -12.728474 -3.0401955 -10.769154 5.234888 -15.691435 -1.1931338 -6.1641083 -0.9099689 -3.1829345 2.3609493 -16.690414 0.3487359 -9.582791 -3.1792505 
-324.68665 114.65606 23.929792 45.23568 9.011542 5.9582453 -8.945911 10.019111 -30.295982 5.0614276 -25.880482 -7.080798 -2.2535558 -0.8718143 -4.750317 14.828681 -8.600644 4.662035 0.9415669 -1.0866401 
-288.08313 121.14753 10.567995 40.83357 2.4873786 8.131899 -13.842931 -3.130289 -26.05061 12.277171 -22.124659 1.898131 2.2571142 -0.111530066 -5.155086 13.357527 -24.49748 5.159599 -4.81699 -3.2110548 
-349.76678 143.37988 24.26844 28.39649 8.422229 5.6288667 -10.534659 6.743221 -26.928032 2.631466 -13.649282 9.0906515 0.10531966 3.1814032 -3.4664679 3.114315 -13.791891 1.3082983 -11.550879 -1.5774596 
-353.73563 133.85973 8.427976 33.492874 10.15737 4.279854 -11.032328 4.5196376 -12.962413 7.638983 -13.82614 2.601821 4.060052 1.4229926 -12.136824 6.3373923 -14.414366 3.475999 -8.463677 -5.210159 
-405.57202 156.90494 20.614725 36.270008 20.90985 12.812599 -8.882449 10.155775 -9.096249 0.88044727 -11.799214 -0.0700637 -5.549818 -2.645207 -6.732981 5.3223 -5.886278 1.1876125 -11.07183 -2.0819838 
-392.9057 149.05803 8.875362 37.522488 21.853142 7.600792 -14.986881 4.8902044 -12.371928 4.9248333 -14.552311 3.4514825 0.93349075 0.77456033 -8.129572 3.5377133 -10.967311 1.4531214 -7.487894 1.2222356 
-385.28668 147.95993 13.806499 34.62269 24.07615 13.733812 -14.258861 0.117503166 -16.157438 2.860086 -17.46534 0.3665801 -0.8734927 4.2505374 -5.011564 7.124042 -6.2563324 0.71158737 -10.146625 -2.3429518 
-348.3076 117.05907 11.561053 48.775036 23.624756 8.562044 -14.4607935 -2.5267541 -19.061346 12.641354 -26.594078 -5.607257 -3.9366908 1.4952438 -8.724696 9.9400835 -16.40128 2.0776715 -0.017727746 1.4136574 
-376.15076 157.35713 11.158037 32.405586 17.58482 11.6984825 -11.546147 -2.6374302 -16.039564 6.5559716 -12.152425 5.7638392 -2.1738508 -3.3569708 -5.59368 8.873074 -11.329558 -3.409161 -5.079134 0.9227386 
-365.51248 138.73367 -8.404576 30.870836 23.922861 15.839992 -20.528395 -2.6334436 1.5534148 16.407856 -15.675783 8.683033 1.3461491 -2.057062 -7.7427573 2.037444 -14.001652 -1.983478 -5.112664 -1.3088584 
-345.691 94.661804 28.166677 61.698975 2.5091202 14.761634 -13.247828 2.4314451 -11.598167 12.7664795 -24.398907 -0.0078771375 0.80437297 -2.2696652 -16.32888 7.298712 -13.924635 8.577824 -10.700168 -3.9585576 
-394.63052 137.95236 23.894403 45.643818 8.267209 16.93284 -12.83588 4.1490073 -13.701318 8.525355 -17.76745 -0.9999324 -6.677217 3.7833922 -4.2696695 1.9250001 -10.127461 6.756007 -6.570585 -1.1316742 
-418.68958 134.92427 14.264477 34.778854 16.814667 12.389222 -10.923809 9.359577 -9.747059 11.947941 -12.212421 1.2716047 -4.437833 3.927586 -7.5276814 5.1865997 -9.858115 5.46166 -7.568975 0.1430712 
-404.25598 122.72279 18.182837 33.56923 11.442227 19.591581 -10.186481 12.781982 -10.977429 11.323441 -11.16013 -0.21138233 -4.5393696 1.1519759 -9.945339 8.420808 -12.828038 5.81525 -7.35888 -1.078892 
-360.18326 91.98886 40.66449 22.87814 21.572977 18.134315 -15.548482 10.50904 -16.712208 9.960262 -18.464714 -4.5793247 -5.445038 0.35841078 -11.304324 14.496924 -17.258755 7.724192 -11.929517 -3.1885326 
-318.98163 116.34888 26.880932 31.231934 10.000797 19.745703 -10.611002 -8.902933 -25.073576 10.787229 -13.04134 4.465395 -3.463962 -0.13457057 -6.9876256 6.100839 -11.445057 1.8260759 -14.508953 -1.1329056 
-298.70105 163.05328 -8.841966 25.39934 -0.013740963 -6.9955235 -7.1701374 -5.2786293 -20.706581 12.055773 -19.372295 2.6842363 7.5117245 0.6777955 -18.286362 6.92721 -13.7851305 -1.8053557 -6.593336 -1.2255698 
-379.07794 154.64185 0.61626816 39.17363 29.073595 15.194636 -14.0175085 -4.2081547 -16.380253 5.436825 -21.619362 -1.6394973 3.7286787 2.1146452 -6.3017483 11.893986 -5.0088496 -1.083809 -4.5916634 0.8542442 
-369.2874 168.01862 -8.131729 36.289124 27.145966 5.5030437 -25.229252 -8.321613 -12.5195 7.4479547 -19.893974 3.5129128 5.7185864 1.041839 -12.03813 7.1356144 -7.334566 1.8193889 -2.6769376 1.3981009 
-405.56458 151.81763 15.317352 48.46405 25.489431 8.000358 -15.21269 1.6967424 -17.10962 0.4327659 -22.645872 -2.0603821 -0.65446985 2.500352 -7.099268 7.7510595 -7.626464 5.2884984 -8.55265 0.119594574 
-383.525 96.70638 26.561563 47.170376 -4.270296 20.446203 -8.403919 10.770182 -9.225947 9.131698 -17.5279 1.7374581 -5.057823 -1.2411993 -8.898605 8.468254 -10.049671 6.739645 -10.678719 0.704934 
-381.5011 146.2636 10.311505 34.103565 21.20164 12.927907 -12.196498 0.92223656 -19.067358 -2.049549 -20.641064 -0.9594748 -0.0029412375 3.6380587 -6.2815022 8.060836 -4.7351174 5.305275 -6.3301983 2.2424045 
-385.99158 131.73172 17.478172 33.398434 23.160858 10.68975 -16.079994 2.8707309 -13.019644 5.819334 -16.338308 -3.552675 -2.4313757 2.5549839 -6.95492 6.1097846 -10.892782 5.8706646 -8.241134 -0.8589509 
-397.12772 126.10761 22.389912 25.64113 11.129913 9.75271 -8.130103 11.819027 -13.292533 6.41356 -12.585107 5.7932525 -3.7819486 3.0798519 -10.656019 0.14713277 -8.853091 2.5353858 -10.272765 -3.486802 
-406.12915 118.97599 25.340277 31.462084 11.658657 8.044574 -6.8225856 12.351287 -10.3860035 9.398118 -14.685874 4.5552554 -5.248294 2.400826 -7.19211 5.0858784 -10.479126 3.922143 -11.952293 -0.3628106 
-417.42935 124.9669 13.977646 35.724686 13.160647 10.5005865 -9.0203705 7.8313046 -10.009628 5.3688297 -10.368837 3.1475022 -4.9500165 1.0223305 -8.93622 3.5646422 -7.828341 0.9200671 -8.43337 -3.8288383 
-428.63617 132.88449 13.809581 36.700005 14.258615 10.262028 -7.0996346 9.902943 -6.3731647 7.6743536 -12.321105 3.3104134 -5.659821 2.4620132 -7.618236 4.5257473 -8.348676 5.236561 -9.166266 -1.4629085 
