-263.63202 120.05922 -10.169956 4.3177814 -6.2986693 16.810404 15.527813 2.2092996 -28.751076 16.781633 -23.7515 8.733865 -22.673561 1.6103969 -6.260924 -0.33504978 -1.257747 -0.73472637 -8.166847 -4.0683727 
-237.04248 120.71891 -13.126842 15.834498 -0.5070252 13.02111 10.820224 -9.886096 -23.98037 18.199957 -20.920326 9.38607 -22.869036 1.1166229 -7.5728326 -8.908668 -5.3138676 -2.4987862 -6.069453 1.2219623 
-249.79018 110.59828 1.1599189 17.928368 17.324265 -0.98286426 -22.954523 6.796297 -4.82461 7.4155293 -23.074326 -0.90637904 -17.184776 -3.50646 -15.4740715 -10.576051 5.9868345 25.517849 3.2829466 13.476844 
-281.0055 74.47141 53.223526 26.616852 4.3323917 12.761299 -32.623535 13.752729 -24.699268 3.6873758 -18.643597 -2.782817 -7.541177 8.251771 -13.347938 -2.7919977 -8.796465 9.153868 -17.694603 -1.1980685 
-235.24847 98.2009 -3.5379214 16.640701 9.058757 10.495185 -8.501939 -0.746611 -14.641353 12.535959 -20.786789 -8.043395 -20.719246 9.560268 -10.375799 -17.98105 6.686952 20.609083 12.418054 20.815285 
-183.06415 128.20746 -59.429245 -2.1528618 10.364077 19.644438 4.84144 13.732754 -26.108923 4.6882215 -12.817278 -11.4886 -22.817755 18.053068 0.7126052 -13.394431 -6.786249 5.972369 -8.428813 -14.38998 
-283.29803 103.96469 27.975845 30.671837 9.483584 23.826164 -28.144123 10.245064 -16.176231 -4.7416363 -14.148275 -8.608884 -11.465114 13.659455 0.40739524 -8.252855 -6.776653 13.431405 -9.548089 -9.058575 
-270.39563 108.05303 5.5285654 41.69954 -0.83259785 13.275706 -3.7036417 -9.293526 -29.29344 10.500574 -9.1664095 -3.4936118 -20.156757 11.396178 8.6494465 -12.51937 -5.378995 3.716287 -15.989554 -1.6834106 
-205.65141 123.29555 -36.326138 24.646664 12.067802 -5.057105 -15.055775 6.5295568 -14.140543 6.606281 -12.881452 -3.1372008 -19.051348 11.094222 -2.7117834 -10.286024 -6.822312 10.631053 -10.498917 -7.3601065 
-241.46552 152.93742 -25.916832 22.302853 2.2772844 6.517536 -7.1838784 -2.9126782 -29.129656 4.2301373 -10.591688 7.1603656 -14.07525 1.9980825 6.792379 -8.066463 -4.4313436 4.40928 -2.3873708 -2.3460064 
-312.37878 129.34897 16.417063 15.891371 -4.218093 8.644808 4.978329 16.455252 -21.576515 5.8567176 -15.64597 7.0576544 -10.336639 5.2966022 -7.7637577 2.0137825 -13.25397 10.703279 -14.121302 -4.1866355 
-286.57983 148.06688 19.633957 21.638937 -3.1553106 -9.169003 -3.3125293 16.732231 -17.68754 10.331044 -15.5074835 0.56680655 -20.284348 3.1989987 1.4358951 -10.97769 -10.428631 2.5798655 -15.498066 -7.6829123 
-272.2441 167.68509 -20.776821 6.4167047 -8.32597 9.457277 16.004438 7.9446936 -30.112331 3.800707 -13.500103 4.6646795 -9.780162 6.6203594 3.6929796 -11.654995 -16.040394 5.095833 -11.366403 -3.5403419 
-351.54272 136.90689 14.129448 32.098415 12.079028 7.8812475 -8.404003 -0.4521793 -16.583382 10.992878 -12.329862 -0.59945166 -9.016738 5.7696347 2.920629 1.6155022 -13.892252 3.482977 -8.367004 -0.043113045 
-255.40265 127.82659 -2.378121 13.6618 -11.503816 16.601286 -11.172199 14.157532 -25.656395 7.571311 -9.835722 -10.338276 -7.2369046 7.10642 1.4310838 -1.9583223 -7.149535 6.823787 -13.11051 -1.1967574 
-227.08415 168.39857 -31.58329 -1.0589099 -11.625193 -9.199092 -0.3469446 20.34121 -33.83384 17.855865 -10.407734 -12.628073 -2.8766108 -1.6680632 -0.74290615 -1.7092319 -15.249122 8.777546 -2.0497885 -6.112641 
-280.99823 156.97838 -20.861242 -3.3786983 6.0033855 23.780056 3.5910382 10.602834 -24.566446 4.379041 -9.773671 -4.4863825 -6.9228787 -1.5069886 -9.186056 -0.7503649 -18.020414 1.9642165 -5.500474 -5.3587623 
-366.52957 139.8282 11.24457 25.084467 9.695642 21.191673 -4.7306657 15.093545 -11.769339 5.78457 -11.876834 -1.8745806 -10.017706 4.403327 -5.447278 -0.16692594 -15.627977 0.104627766 -9.591109 -1.1569544 
-294.3481 124.096695 -0.0011944241 17.465523 -2.0725706 15.949785 6.0676265 14.20728 -19.009455 11.316803 -19.264332 -2.3699145 -13.05297 2.2127652 -4.4577847 -10.517734 -11.5461855 0.8627245 -9.854168 -3.7012837 
-264.01935 168.88129 -12.505628 -0.95697564 -4.021796 5.757841 8.700405 8.457231 -29.992697 5.73099 -12.021854 -0.96052957 -6.6069555 -1.7133662 -8.274159 -4.225271 -11.890957 -3.501456 -8.567435 -5.0833063 
-196.40605 124.97274 -39.939384 11.269862 1.8279258 5.6638007 -16.946693 14.863819 -21.603447 12.530299 -4.700375 -18.60461 -11.262998 6.281458 2.9077556 -4.2357793 -19.080797 11.37668 -13.579671 -4.772122 
-235.27716 43.306168 42.874958 32.815216 -8.188532 22.257841 -24.259682 13.277275 -17.16353 9.939442 -14.301106 -6.5040693 -16.245049 10.96564 -3.8702557 -10.787014 -6.9341283 15.140508 -17.966154 0.65077674 
-273.9571 114.45578 -4.957329 31.120535 25.216862 3.9588056 -13.058396 12.4763775 -27.25174 7.1288357 -14.906148 -12.008955 -14.504879 7.524536 -3.783432 -10.528826 -11.74587 11.577992 -8.234439 -7.7365375 
-278.34152 156.45459 -14.960026 16.724094 10.357027 4.3155637 -14.141826 2.4933963 -29.076138 2.3953004 -19.13619 -7.533625 -3.9748437 2.0600178 4.268999 -5.0913935 -14.47556 6.3030906 -11.426807 -5.5499387 
-334.3334 121.450226 11.302975 42.316948 22.761795 8.623644 -14.035169 7.1139874 -11.479341 8.114086 -19.217903 -8.415403 -12.361609 8.919601 -0.20911969 -7.03652 -13.65611 8.36309 -9.185299 -9.630974 
-315.6081 87.91675 -0.81724954 39.426407 15.40272 17.357002 -3.2151783 5.9111342 -12.427193 19.584679 -12.099073 -5.718485 -17.270117 10.198766 -5.419819 0.17360646 -19.899902 -0.017275373 -6.659305 -3.4702148 
-269.7208 112.30436 -2.7391553 36.278397 2.6374388 8.973385 -6.2213473 -3.1361763 -35.526886 13.916547 -13.365056 -4.95372 -10.720657 11.557778 14.676217 -13.54133 -11.342739 -2.5130491 -10.382571 -12.355201 
-240.27647 84.52827 28.113945 15.840186 -7.8174033 24.646002 -15.609798 10.562172 -33.27461 10.979061 -6.868106 -4.973649 -13.480152 6.805995 1.739099 -6.9144516 -14.05068 2.0583878 -19.628017 -8.3269615 
-270.24313 109.8599 10.893467 50.83787 14.309673 7.434334 -25.771889 -1.7464156 -31.424412 9.810317 -20.487545 -7.8395557 -7.994036 8.431465 15.109266 -25.01604 5.2351904 14.310859 -16.31083 -11.092475 
-371.789 115.901085 26.386452 31.089352 13.209576 14.9402075 -6.5989666 13.78175 -9.158347 8.005469 -13.867293 1.0885768 -4.1978965 5.0926876 -4.4835796 4.8885584 -10.362684 4.4875503 -11.204284 -3.5489876 
-221.32112 99.69568 -10.451571 31.25879 1.8294741 19.274332 -13.759264 -3.9161808 -29.984993 10.27101 -14.640452 -5.6950784 -11.967363 0.8308858 9.123547 -14.284481 -15.647084 6.8486233 -13.877347 -9.414373 
-228.55775 130.37631 -28.966217 14.814297 -2.299167 20.838326 -4.069157 8.101978 -23.91904 9.374667 -11.00266 -10.392585 -20.498394 4.2181168 4.1183987 -15.949385 -9.375825 2.5530195 -11.239853 -2.332487 
-273.81375 118.20733 5.6593733 37.645035 0.31853437 5.344664 -8.291023 -5.982773 -33.135612 11.059156 -13.891622 -8.085101 -10.457145 8.922061 8.266983 -15.4569435 -7.362952 0.39261013 -14.6333275 -3.4880736 
-275.4827 117.87008 2.4797914 33.940197 13.28873 1.4758173 -22.885231 6.2451067 -9.400292 8.242626 -16.094286 -2.579132 -0.09816424 2.4866045 -4.512258 -7.959866 -14.735426 2.0090866 -10.017232 -4.777793 
-275.92087 103.93356 19.299767 20.9645 -6.38769 24.321892 -2.197783 14.733193 -29.037245 7.9209237 -11.987265 -13.413911 -11.631357 9.007396 -1.2473836 -2.8306322 -9.672452 2.1876864 -15.014814 -4.669115 
-210.22398 112.09591 -12.489522 27.427704 -2.1534078 -0.45087358 -11.089762 7.554948 -27.242638 -1.8798858 -14.16932 -4.6588917 -14.653873 7.008921 10.506178 -6.8095365 -6.3064475 7.911611 -15.964213 -6.375372 
-270.01648 132.93903 -8.254294 34.071896 14.355554 -2.7589374 -14.628965 -2.9576347 -13.615557 7.784778 -19.01041 -3.1169176 -5.573753 2.820051 6.32437 -18.996056 -11.232576 11.213919 -11.809673 -11.417393 
-258.20374 95.62486 22.56625 25.957533 2.8034418 27.066584 -23.840242 3.4642842 -17.72925 8.91688 -10.813405 -6.7159333 -13.405562 8.409702 -3.1738274 -8.65172 -14.470913 5.4878592 -10.950825 -5.569062 
-277.82202 138.32913 -7.28317 28.835426 24.331295 5.772315 -25.79786 5.5977397 -16.983072 6.2463346 -10.9767885 -7.2517614 -7.8701553 4.9464025 10.18262 -10.902052 -22.747007 9.072575 -13.818752 -10.009943 
-247.67474 137.17407 -41.02611 25.77217 22.163353 7.684649 -19.153555 19.20659 -20.307795 12.139227 -9.976834 -21.969067 -3.6772864 -1.0385331 3.8561893 -8.710055 -14.0386305 15.538698 -8.137956 -13.193369 
-259.76004 132.1413 -7.809615 33.17807 17.992994 -4.7603793 -20.894157 -5.9218554 -21.892052 6.970518 -22.027092 4.6114063 -11.213715 4.090259 10.681501 -10.781781 -15.291782 12.551978 -13.614708 -12.822772 
-312.79605 134.62453 14.158432 28.80259 6.858518 8.712114 -8.506889 -0.7877795 -27.12487 7.4016027 -11.88168 -1.5116545 -12.345349 1.6045246 8.631621 3.0725992 -9.959125 7.905059 -10.487983 -4.0540833 
-246.50415 121.21677 -2.996976 13.101574 -15.847614 15.837788 -6.9426994 15.454607 -33.95461 3.967414 -10.654812 -7.7077737 -6.061197 2.1310742 5.152318 -5.7607546 -17.313696 9.06072 -14.647973 -5.6741247 
-250.07697 80.33621 30.217508 28.922506 -1.4077091 2.2004385 -15.728099 21.20814 -28.487196 8.991245 -12.728207 -1.9661653 -7.9836087 8.651211 -4.9726725 -6.453477 -11.369109 11.608475 -6.322765 -3.447609 
-284.70212 143.49883 1.9917428 26.16444 18.343977 4.6376286 -18.45961 -10.020222 -23.3703 6.302878 -14.228367 -11.743434 -0.34150198 4.1466246 3.4850562 3.5080338 -8.602158 1.7475096 -4.308363 -4.774934 
-360.22098 134.65494 30.783867 33.5683 9.269872 8.747344 -14.930967 0.8339408 -14.662633 0.80734515 -17.989468 -5.4530344 -7.9132514 3.1768794 -1.4770751 2.953968 -8.565028 4.1072025 -6.418469 -1.1330428 
-239.24721 112.696335 -7.8563604 23.559835 -13.601588 3.8704822 -7.0064754 22.538532 -41.6303 8.352158 -1.3392855 -10.446467 -5.3886228 4.7084703 -5.1426883 -7.7577972 -15.458627 10.116795 -11.397371 -4.253163 
-307.23624 141.58589 -1.4589372 33.59006 19.75556 6.434075 -26.77561 0.15983772 -20.648457 12.497022 -12.645196 -11.318504 -7.4228263 7.1535473 3.1715422 -2.782808 -18.04423 5.3118715 -6.347414 -11.479182 
-315.21964 107.87232 22.130972 59.593925 8.066589 -4.695797 -7.1741834 11.731931 -33.480026 4.321189 -20.753155 -6.7967405 -11.191029 1.5018218 -8.074958 0.05861399 -15.574088 7.2601166 -11.743693 0.8056959 
-310.73712 156.00938 -7.640093 -0.9077346 -0.626789 18.289644 -4.4873238 15.324763 -25.578362 -0.26309744 -15.382222 -5.081834 -11.426287 -7.6113443 -6.9301434 -2.4797354 -10.029549 4.207188 -11.292305 -5.1668153 
-327.05984 99.92516 -7.405341 43.700306 21.845732 14.813839 -4.2396297 2.3921864 -4.397708 14.699258 -13.972045 -9.307026 -9.621453 17.675024 -9.939594 0.52356833 -17.772652 4.225274 -3.9679346 -2.4358623 
-309.17188 142.55867 -19.712042 19.775213 8.72105 9.811904 1.7537886 12.913007 -21.350716 9.294837 -12.55438 -10.373933 -13.333049 4.6974463 1.6545303 -2.0756774 -9.329799 12.287981 -9.8822155 -6.735218 
-208.41342 147.41165 -43.451527 13.070319 -11.126408 2.3644953 -4.9141684 17.989677 -34.611774 17.473976 -4.8116684 -9.681952 -13.530244 6.1271405 11.948485 -14.197739 0.9935927 10.503472 -21.296804 -1.1175537 
-211.91489 129.98337 -44.046745 33.4178 14.768219 -18.728275 -7.451028 11.543792 -33.54785 12.426224 -12.891714 -13.979191 -4.988985 8.765682 3.6305788 -8.247013 -5.492203 7.0022964 -20.586712 -10.703625 
-214.67244 147.58734 -19.594324 3.5204532 -20.102995 5.3235574 3.9452488 2.5267313 -49.738846 20.607983 -12.346256 -1.5920174 -3.4850063 4.0171814 2.8378444 -7.630004 -1.3223177 8.900353 -20.622915 1.085243 
-240.60016 147.45186 -22.691883 7.2217007 -20.385206 10.5583 4.426426 18.962873 -44.32374 7.0408916 -9.354894 -5.961902 5.839546 -5.2593956 -0.4434265 -6.0168447 -15.436279 6.560756 -13.307723 -4.611924 
-290.85184 89.49894 39.366573 28.48499 0.91140556 11.674337 -10.318846 12.049736 -24.778343 14.601539 -20.212685 -0.7727792 -12.21184 2.251797 -4.819356 -3.777286 -7.4675403 9.988799 -14.917984 1.8348279 
-305.26483 143.21 0.81389743 32.163143 7.2999063 0.1192244 -2.6568973 -3.3559046 -23.480965 8.503557 -8.588365 1.8329877 -13.780627 5.678979 7.87299 -6.9844155 -15.040968 5.8000646 -15.488669 -4.1776943 
-379.63342 136.90872 17.905416 37.640163 14.426215 8.15102 -7.308258 8.924715 -8.636818 7.946473 -11.948554 -1.6983867 -11.709336 0.06808175 -8.461404 1.4901447 -10.717554 4.7155175 -8.738845 -4.809101 
-313.84808 149.53969 -21.656685 14.935726 11.615643 16.198235 1.4426019 13.105105 -20.853088 6.664289 -11.202183 -10.953777 -10.755765 -1.3122833 -6.682886 -1.2937331 -10.601588 6.05065 -7.2939005 -3.4084196 
-196.99294 141.64343 -42.18175 -7.962205 -1.5485439 18.308758 0.08951637 19.783857 -30.94891 7.8359747 -6.0928826 -18.156832 -8.702684 3.2215908 2.0989237 -7.7657566 -7.865363 4.9992523 -15.117352 -4.382138 
-258.41336 98.65953 18.554586 21.028467 2.718522 27.729004 -13.223685 16.926153 -17.438639 8.073378 -9.515078 -14.9567 -13.386346 13.491634 -4.1218843 -12.476343 -11.363347 4.289568 -11.671502 -5.9458976 
-265.13934 144.06622 -9.676746 -1.7516632 6.0353136 26.383776 1.0174034 16.896969 -33.128986 1.372161 -4.2241497 -5.310252 -12.509754 -2.8209493 -2.2061348 -6.476124 -10.463793 6.866634 -9.420688 -10.522373 
-282.47803 115.89816 3.1729438 17.517263 1.0748916 24.625572 -0.81815445 10.347492 -28.215982 3.9070272 -10.348421 -6.2738767 -5.4741964 7.928904 -3.60986 -6.008967 -11.8861685 4.1002088 -12.5660095 -7.394735 
-270.97968 75.05591 43.437218 28.07938 -1.7568427 29.38796 -22.380379 4.5191684 -19.685589 5.387112 -5.1399817 -8.874047 -12.469996 9.153448 -8.143497 -3.0347168 -8.883071 5.478108 -11.64938 -0.48900637 
-270.226 120.1755 -10.328899 35.989677 14.478817 9.305742 -10.929028 -2.3386981 -24.524118 11.710126 -15.4221 -11.584693 -8.964366 2.6333466 5.372432 -10.891475 -17.356028 9.118851 -5.785524 -7.4832926 
-257.3038 82.42173 31.019135 30.093187 4.406005 25.901049 -11.521625 6.320751 -26.18808 11.690015 -13.74989 -11.522143 -15.982876 7.4291763 -5.7144456 0.10858599 -11.474007 4.3024273 -18.282236 -1.7367332 
-270.31125 138.332 0.012044483 21.379473 -9.572451 12.49159 1.5446905 -0.37214893 -42.382065 8.997309 -9.350292 -1.8981686 -2.1518755 7.831907 0.9913051 -3.023903 -6.241717 2.03594 -16.438103 -9.558761 
-336.7988 147.8675 11.622555 24.912361 6.6965623 8.018551 -6.6703563 -0.17052248 -25.464468 4.8115635 -6.8250265 1.5557303 -5.890201 -0.595141 -2.3412488 0.4963533 -6.2697525 2.3953648 -12.636448 -11.008881 
-254.92014 149.68484 -31.014824 9.840119 -2.7251048 7.9748316 5.801322 10.88811 -26.837704 15.567339 -12.04357 -3.5098774 -8.719994 2.139318 5.3059807 -3.0068617 -3.3170488 6.32698 -14.057184 -3.8391294 
-287.9073 149.4279 2.49869 11.470374 -12.734763 6.293607 8.51475 10.395905 -24.020195 5.216185 -16.349094 2.843095 -7.0411396 -1.2147092 1.402454 -4.4574504 -5.363308 8.106627 -15.305579 -6.306178 
-285.32602 105.82817 17.877207 37.683372 20.165405 0.08879142 -28.136003 8.762955 -25.505833 -3.0249867 -22.320543 -4.7856727 -7.5702906 -0.4799148 2.961359 -6.742397 -9.699219 15.257119 -17.091003 -4.857948 
-306.2464 118.21353 29.881287 19.672018 14.418344 14.668015 -25.137682 7.9703665 -26.32301 13.498521 -15.341119 -7.250044 -12.354848 10.901284 5.2433467 -5.294999 -6.8017545 6.351976 -13.990009 -1.9153993 
-248.3976 133.86703 -10.5824175 -0.37585562 -16.213604 13.716503 2.312462 21.630436 -35.95722 17.213032 -11.757814 -7.065737 -6.2701297 2.8807054 -3.5750775 -5.257917 -8.445075 2.4885983 -16.484114 1.2368987 
-225.7899 113.61845 0.34923977 -14.853397 -10.515394 31.941793 -9.910566 23.680216 -24.217602 5.743737 -9.246341 -8.988537 -13.196412 11.714359 -7.972775 0.64860606 -12.416464 3.076246 -13.448176 2.63016 
-270.28607 147.58401 -0.7007262 12.1392565 -11.39006 2.3929307 16.44291 10.445791 -24.407211 12.844608 -22.366657 4.852282 -10.440441 -0.0980483 7.3098164 -1.1432712 -8.042278 1.192435 -14.384206 -1.3835874 
-307.60608 137.48134 12.347875 24.614183 11.853551 4.502845 -7.2597513 -4.21703 -20.35484 11.188527 -9.920868 -6.0192537 -9.788867 4.6035867 5.2269316 4.657345 -12.186054 9.273603 -8.123332 -4.207238 
-307.08362 125.59177 11.831539 50.654034 10.10013 -2.4327114 -6.2916684 3.7629635 -30.646114 8.094865 -20.481174 -5.3240733 -4.1526575 0.5032282 -1.0757574 -4.0960684 -11.128788 8.983132 -14.963765 1.1253688 
-252.64816 154.83298 -48.993393 8.126029 3.0031645 16.79113 -15.627184 22.738615 -14.047443 19.172852 -23.56162 -11.787199 -8.3732 -3.552474 13.159466 -3.9019759 -14.885466 10.56108 -12.741931 -3.7644627 
-357.37033 118.17224 -5.4361377 46.520966 13.027924 8.292583 -2.7972155 13.587238 -5.542158 11.827221 -17.311054 -5.6326737 -13.349874 8.259547 -14.690148 4.825028 -11.076481 3.6632962 -8.361019 3.172858 
-354.14105 125.36217 4.6370835 29.421108 18.800219 14.100272 -5.086146 3.6117563 -10.13361 9.270509 -12.27306 -7.6256275 -10.075173 10.126416 -9.950999 -2.2020824 -13.012835 5.4915047 -1.3866801 0.9510216 
-211.36188 133.25691 -26.389427 -4.162165 -23.294744 7.743827 12.614026 27.973072 -42.622726 10.402881 -13.496123 -9.3310585 -5.876445 -2.906499 4.4849944 -14.529402 -10.349925 11.187092 -10.632615 -5.7273464 
-307.03082 139.89545 10.047923 19.011288 -5.530283 3.2533393 5.308195 4.1288095 -25.04694 5.843957 -13.316605 6.0178123 -8.364455 -0.09589439 1.992261 -10.101584 -5.938613 3.650572 -11.887758 -5.4955735 
-360.41483 121.338135 19.774693 27.06071 10.819847 12.341839 -7.068514 12.2113 -16.45504 9.352841 -9.242723 -0.039581724 -10.249381 3.0141823 -7.909502 2.537394 -10.509745 6.304327 -13.888904 -2.4341455 
-266.65823 147.01775 -4.216532 1.0201836 -25.274124 5.9597006 5.9248767 21.82467 -29.305555 11.916015 -11.7693615 -0.8766478 -6.96358 -4.048838 -1.744421 -7.404224 -6.5856233 14.766566 -10.121319 -1.0798069 
-231.11217 141.9554 -20.888496 5.1846223 -19.414934 9.415298 3.3393598 13.272544 -43.36148 13.203201 -7.1193085 -0.28614298 -15.441005 1.9955313 4.833673 -10.296533 -8.101358 9.333464 -14.217854 -7.2061276 
-251.6094 140.6102 -4.4729047 16.744253 -3.450681 2.7062438 -1.6333604 -7.819898 -30.235252 4.9052515 -6.0710077 6.3556213 -16.989664 -1.2390696 5.9061575 -10.788188 -14.93682 3.279755 -10.454123 -3.91767 
-223.84529 126.00216 -7.121219 3.0885572 -9.3255205 21.269453 -12.084815 9.417141 -25.662771 2.0362356 -4.7498975 -12.335843 -20.330105 9.03244 -6.3182445 -7.397271 -7.150706 1.8344072 -12.993171 -4.7626324 
-247.13971 156.93436 -35.644947 1.6167268 -15.841607 16.03095 19.297642 6.8547006 -25.268005 2.0183876 -12.834552 0.9142693 -17.53758 2.116636 3.715458 -12.37317 -5.554232 1.0205265 -13.01752 -1.3463382 
-290.0738 132.40785 5.3090806 23.62318 16.839882 5.723013 -9.002223 3.226884 -26.299982 10.607284 -11.260975 -4.7300916 -15.184771 7.5189066 -2.4631395 -8.721315 -8.725385 -3.784706 -7.272075 -6.314833 
-258.4136 152.68262 -8.004711 -12.051466 -9.99678 7.079373 9.520174 14.8073225 -25.99357 0.9195277 -17.122446 5.8943386 -10.890786 3.850235 -1.429856 -6.251179 -8.377099 -2.911246 -8.745075 -7.321896 
-236.55157 133.56589 -20.734941 37.270752 4.957044 -14.858148 -2.7214155 0.062004462 -24.418238 -3.0955982 -19.287256 -5.821002 -14.532078 -1.5207356 8.754856 1.2165653 -6.825489 6.8090706 -12.257114 -0.49167717 
-247.80705 108.94238 -7.847595 27.506208 12.594171 7.9425845 -5.40022 -7.774062 -18.217543 17.42505 -18.062698 -2.8920844 -10.908909 5.5234833 1.8297049 -11.039226 -12.376139 6.6658893 -9.375624 -1.3391354 
-293.4267 71.35369 47.12229 32.540142 2.0219078 31.16982 -28.105415 11.210843 -15.949936 4.126889 -12.496401 -6.464225 -8.823174 9.251829 -11.909128 1.6880567 -11.012463 5.43162 -13.380515 2.632089 
-246.12158 139.65366 -27.880077 24.133472 15.092992 5.0160646 -12.466466 2.9774656 -17.96615 9.317605 -14.575748 -7.210978 -2.0444584 5.684526 4.495818 -9.935124 -11.663853 8.562162 -15.513458 -9.287074 
-294.23163 147.8814 9.025223 15.335567 -6.087457 -0.6440375 3.5557718 12.0441065 -14.873045 3.1793284 -13.261131 -5.0039806 -16.19136 0.48728454 0.21843213 -1.1085218 -3.0209882 5.882726 -11.835785 -5.518614 
-281.3148 154.46487 -13.537179 9.556902 3.1493158 3.655092 3.1362634 5.4745483 -33.252968 2.3385231 -11.159073 -0.50491476 5.586753 7.5432415 -1.5917878 0.8533013 -12.0652685 -2.4315805 -9.558115 -2.3716588 
-280.89978 146.50777 -23.917366 18.062874 9.118832 10.04501 -5.0173717 0.314497 -15.09062 8.676876 -13.810483 -6.286063 -12.924976 -1.6574355 4.280003 -1.7504431 -21.28247 11.242978 -3.2480676 -7.7387643 
-291.18198 138.67693 3.388467 26.776512 15.235253 6.485899 -20.12084 -7.3312354 -25.898865 6.1666164 -9.347431 0.36682978 -7.1362457 4.695894 12.187786 -5.3201966 -16.40239 5.514473 -10.646993 -5.5956564 
-315.63187 95.39554 51.13459 24.722954 20.603262 17.418121 -25.257406 22.048958 -21.563908 5.2871404 -14.790255 -1.5197453 -13.414361 3.43598 -11.104281 2.0904899 -9.792771 7.244968 -15.299055 2.609377 
-306.18475 117.103546 2.3093703 18.378222 18.96414 27.707415 -13.907884 12.288383 -22.283028 9.206271 -20.312902 -9.2671175 -10.208956 11.917283 1.0163095 -7.466239 -19.082178 8.380406 -5.891009 -2.7242708 
-283.31287 165.43288 -19.40076 -5.577448 -15.909 16.380486 7.4660015 28.102413 -31.15745 1.1583033 -13.35804 -6.467839 2.5077276 -4.0096107 2.3580766 0.6100991 -18.346453 4.637597 -3.8909383 -8.414939 
-279.93967 156.6846 -25.51569 10.034837 10.21964 14.172967 -1.044559 8.074978 -22.48862 7.970486 -15.13582 -7.522909 -10.559684 4.226216 4.5213284 -15.300549 -11.86627 3.2536573 -8.228031 -3.4919717 
-285.67053 80.14817 51.66559 29.965214 2.3442507 27.665314 -27.713808 12.51584 -18.307695 3.097781 -13.329914 -10.336613 -13.882075 13.706806 -7.095709 -1.9960799 -10.493202 5.471242 -7.8635864 6.4227157 
-314.17023 131.04796 11.741894 36.18998 11.100864 8.775005 -21.385923 -2.7920146 -22.497244 6.0962644 -15.509709 -12.598503 -16.341942 3.8983715 8.71175 -17.255901 -2.0016282 12.7879 -4.84894 -3.5193365 
-389.89963 137.5887 13.899667 35.11166 12.703157 13.016861 -4.174326 11.124863 -10.781559 3.9958317 -16.187273 -5.2678037 -12.6895685 -3.846575 -10.186379 2.3089895 -9.677082 1.23564 -10.7418785 -3.526762 
-249.42812 126.82198 -11.414415 2.9332287 -0.06663683 11.34982 -2.5921316 12.492031 -35.581238 4.013829 -11.345547 -4.1544137 -8.665902 5.2188587 4.471214 0.036518496 -8.434923 7.3166766 -19.606867 -5.3610163 
-239.91846 143.32 -34.75985 32.50139 12.840188 -2.8389983 -4.934408 -0.95524406 -18.067238 5.1776123 -23.7985 0.5118852 -13.202204 0.5249369 1.2612462 -14.359874 -6.2403703 -5.6160173 -9.655987 -10.705777 
-234.71432 137.4948 -55.809708 12.465763 9.735943 21.970638 -7.8564157 14.043804 -20.09421 12.984399 -15.466824 -5.9310927 -8.854481 12.448066 -4.274507 -22.334 -14.846241 2.9754605 -4.7425346 -1.8980317 
-249.44604 154.62033 -40.694294 13.275679 2.034147 9.273571 -2.9129205 -1.1830218 -24.534014 13.064365 -3.4001431 -5.588437 -16.62047 12.037125 7.7080364 -17.621803 -7.2108316 10.22777 -10.884146 0.41921166 
-235.03857 129.70958 -12.400393 18.233715 -9.047963 -6.311968 6.0892615 -8.710314 -31.337334 14.469486 -8.128444 -4.3430505 -9.033069 8.9868965 11.167777 -14.100806 -6.147922 1.9035797 -17.325203 -0.21112397 
-239.05344 161.82878 -33.401436 3.6161966 -2.8580966 -4.360204 -8.357116 2.9355643 -14.414717 0.8517611 -16.775154 -2.9825191 -6.5825634 3.4639118 3.1339645 -5.307386 -4.4734735 6.30806 -11.635093 -4.597296 
-281.2289 159.7748 -9.603361 3.2132566 0.34333378 -2.1375675 1.7903181 9.37616 -18.713535 -2.337088 -23.97155 5.6664867 -0.74698097 3.7927115 0.64647126 -4.3031697 -11.287289 -2.041808 -5.5627303 -1.0744281 
-261.18057 155.04988 -40.429123 -3.762505 9.894186 16.7168 -2.1063495 6.335125 -18.653269 10.470207 -13.702489 -5.8483925 -16.639757 9.417777 0.11709091 -18.473751 -2.9595044 -1.530123 -15.540549 1.0288047 
-260.90042 154.75464 -9.893561 11.241886 -5.497229 0.3873359 -2.413548 3.090373 -36.14549 13.0197 -7.7892966 -8.547153 -5.9821367 4.70293 -4.3456144 -8.279224 -2.2517323 5.4088693 -13.979394 4.2735786 
-284.82712 124.72879 2.3147767 54.117775 11.374222 -24.419462 -6.5114055 12.305484 -31.577675 7.1521626 -18.534431 -3.8064146 -12.0213175 -3.6533992 3.0256548 -11.866462 -7.6395493 11.591585 -14.363059 1.816036 
-288.92892 141.51962 -7.623618 36.997074 11.5890255 -6.28822 -6.8612375 -2.4379787 -19.33436 11.12342 -12.744381 -1.336236 -13.837332 10.972366 3.105968 -17.121986 -3.8801851 4.5851307 -17.505276 -4.6240177 
-295.23804 130.46432 4.1581717 26.335875 -0.8803766 4.517517 6.6622305 -6.4779706 -29.818808 8.857371 -11.920221 9.8596735 -7.9703403 3.7463412 1.8555491 -8.967937 0.96230954 -0.38137543 -16.405212 -6.619293 
-351.9114 121.17269 2.4796565 37.604477 14.6359825 18.849735 -8.294202 2.362399 -9.013068 14.177939 -16.082548 -8.501788 -12.4925165 12.343932 -10.154675 2.3149998 -17.33419 6.220519 -2.9233363 -0.22575511 
-369.96725 141.54077 10.424742 35.14489 7.4376264 11.053714 -9.104438 8.53587 -11.151603 9.70957 -11.485921 -5.6070094 -5.823182 8.804947 -2.3335607 5.887375 -10.953754 0.4358629 -7.965597 -1.7511475 
-272.0021 140.49763 6.252667 23.188713 0.91597813 -7.3389993 1.9300562 10.49692 -28.987967 4.1474323 -21.906113 -0.6570411 -7.778217 -0.40736178 5.7598286 -14.78171 -9.362331 4.687923 -14.332672 -5.5945625 
-204.21477 107.01556 -41.1402 57.143005 12.888607 -19.780622 -12.694856 9.972579 -21.368605 -2.6678145 -21.868814 -0.78973967 -9.909723 12.170756 -6.6089373 -2.8091562 -3.4028416 -3.7046518 -4.346628 -7.6904516 
-249.85777 78.57156 -2.5441806 39.742325 18.45929 16.020748 -26.323427 11.930519 -21.189772 9.666346 -21.48671 -1.8890398 -3.1841576 10.964233 -6.378148 -7.44069 -9.903201 -0.34831852 -11.651371 -2.923059 
-243.23573 147.6839 -21.906765 23.209898 7.5417805 8.744864 -8.898522 -3.8246727 -23.101206 5.741813 -11.291645 -11.568987 -14.965574 9.883137 -1.8826836 -17.240664 -7.283832 3.0305777 -5.501822 -5.980875 
-256.91083 93.97885 17.919819 49.201942 16.526333 -2.0981321 -25.107924 8.248493 -24.969902 -3.6369183 -25.253166 -5.828642 -3.1914892 9.128792 1.5875156 0.53744763 -1.6348226 13.666079 -13.795435 2.4960785 
-255.08928 100.8407 3.0057402 46.042046 6.102401 12.630489 -28.443733 1.8481568 -20.985703 2.3838868 -16.053568 -6.1946673 -9.443405 18.35955 -1.2323068 -14.505924 -1.0322757 12.835519 -16.721495 -6.410981 
-245.12175 126.91336 -27.047874 38.315872 10.520863 -2.0473714 -19.18861 -7.1288013 -25.007559 16.829844 -15.986021 -0.94097847 -7.989279 12.2559185 18.792337 -27.777601 -6.052511 6.4089127 -10.284014 -12.520583 
-326.95654 131.57513 2.4207423 33.40127 15.323805 6.4405804 -15.677484 -0.0003385014 -12.535687 10.791007 -11.590066 -4.2074003 -12.311391 9.886246 2.4332952 -10.41175 -13.314525 2.1807876 -8.314282 -8.88088 
-374.6909 126.59131 17.372047 33.963547 11.869055 17.105556 -8.144674 12.484496 -9.442997 8.420366 -9.673138 -1.9356583 -7.8636594 7.4081554 -7.551484 -2.857259 -9.326937 4.0923495 -10.865187 -1.4361368 
-259.47702 138.74033 -2.3399315 4.436763 -13.539324 12.662641 6.3227196 0.23453967 -45.725605 11.643611 -11.21146 15.280574 -19.368923 7.865582 3.270966 -17.055876 -0.24802701 7.697547 -25.561049 -2.8525326 
-278.53876 130.90564 -8.97565 13.298578 -0.032838926 20.79975 -4.8050165 6.855415 -30.89778 0.33305374 -15.65332 5.4848504 -13.071487 10.556513 5.3260484 -13.153303 -3.8420215 5.7302384 -20.370945 -2.4648726 
-234.3819 141.86908 -40.9708 16.392698 0.01687516 19.386662 -0.011071033 -1.0452336 -24.496952 6.2247806 -14.340785 -5.874045 -23.300446 13.868371 4.362272 -19.176128 -3.0498426 -5.6420383 -10.7517185 -3.86454 
-243.40506 113.35911 10.177397 -0.6422622 -1.9951291 34.26954 -13.386922 16.389668 -29.21263 1.5955232 -8.070406 -5.701146 -15.546184 7.877155 -1.0622317 -11.741049 -10.2295065 1.1186663 -15.942507 -2.884043 
-211.67747 133.65964 -40.426437 13.198353 -3.474732 11.294143 7.537759 -3.45504 -29.63208 12.187653 -8.2936535 -2.1445026 -27.213762 16.846642 13.220569 -21.076218 -0.020609485 -1.1441503 -15.6669855 5.532575 
-251.75809 119.93985 -2.9504921 18.155985 -6.2602024 10.427103 1.0869982 -9.45107 -35.33435 14.271038 -8.746386 16.490108 -24.634071 6.8450146 11.566535 -16.934559 3.2999697 -0.43927872 -19.719824 2.5436726 
-295.4652 124.241 2.6162236 40.512764 16.486486 -3.2031186 -10.674482 8.823059 -13.873086 -3.525141 -14.763853 -1.3666046 -7.221176 7.352976 -2.2606597 -3.0465064 -4.908519 2.678797 -14.556179 -0.5208036 
-225.63806 131.46956 -14.105714 7.7396336 8.736916 9.807629 -8.403695 5.6395664 -25.425606 7.750936 -17.104927 -2.205409 -15.047191 13.441845 0.6424912 -14.121702 -7.6290827 4.3529425 -15.916177 0.6820109 
-306.11197 147.19037 12.322973 32.227715 12.100603 -0.3835771 -6.968458 6.440359 -14.686713 -7.7941065 -18.906649 -2.142066 -14.085051 6.524394 -1.5374514 -7.2851324 -9.87847 1.402758 -10.142728 -5.4924955 
-277.46204 111.26821 33.965862 10.755123 -1.6523292 20.804306 -13.761779 8.653431 -27.29134 0.16394703 -9.822247 -2.7313766 -8.189143 9.216597 -4.7764554 -3.108537 -8.9048395 -0.29368564 -8.225425 0.39654186 
-279.15002 120.046074 13.329821 35.06548 14.70736 10.9318495 -13.811576 -5.7499704 -26.718412 6.1321473 -14.324927 -11.24734 -14.696221 9.459569 13.751911 -16.912518 1.3524278 11.934588 -8.733062 3.5617971 
-361.86652 122.37089 13.221796 35.24244 16.721111 16.25681 -8.684344 9.085842 -12.496245 8.168644 -14.127256 -8.491994 -14.431835 6.6799216 -8.572654 -0.4822171 -9.424769 5.0581636 -9.457818 -2.5646677 
-309.1737 133.19846 -3.9589224 14.265791 15.954001 18.546577 -4.841654 3.354741 -13.025817 7.7249475 -14.123541 -5.11456 -15.642303 3.524982 -1.9922175 -12.642181 -8.321358 0.92564654 -7.4667916 -1.1009454 
-253.43617 154.63416 -26.555542 9.609042 10.108355 6.8544254 -4.6988964 -2.454112 -22.35189 11.128277 -9.53467 -10.013137 -15.035643 -2.5923438 5.6485085 -5.247323 -14.424113 3.799772 -9.229674 -4.6890726 
-189.24286 141.38625 -75.90174 19.395567 5.0149107 0.17667788 1.3663535 11.194729 -19.276459 27.998583 -27.176388 -11.146793 -12.741263 1.5770365 13.765179 -23.654737 -0.37442982 9.466288 -12.037188 -3.9403746 
-247.39201 130.73598 -22.408163 45.7607 18.503014 -9.945501 -4.429242 -14.262231 -25.417728 18.084583 -17.50599 -0.9012059 -11.860024 7.21311 6.862639 -25.94839 -5.5008597 1.0321664 -13.302682 -5.9770565 
-234.06114 134.02826 -16.773582 15.357906 -6.5994616 1.8275032 0.5928263 -15.021975 -46.892506 21.926273 -9.026155 3.3849313 -15.330444 7.0736375 13.159275 -18.93135 -5.1338425 -0.85503304 -22.415916 -0.74015754 
-295.22696 82.10793 27.56639 37.38021 0.64759773 8.674559 -13.567049 21.476244 -33.845257 16.691462 -8.911898 -1.3441653 -13.619615 5.211867 -3.754582 -8.385972 -11.3055935 6.9245706 -14.91519 0.73730767 
-310.43854 71.83847 28.028656 42.651207 8.214652 8.248773 -9.462392 35.24608 -29.872318 16.643827 -14.856401 -2.1830328 -11.156532 11.787757 -8.183638 -3.7240186 -7.435758 7.962046 -12.77407 2.387091 
-202.71251 82.44444 -11.834864 37.738007 17.97955 4.162833 -25.553476 11.175622 -41.550373 16.189287 -22.756355 -4.4575515 -3.0260048 14.455355 2.6470006 -6.914738 -8.244082 2.201911 -11.496488 -6.4033546 
-322.81824 147.32294 9.327238 38.0633 18.866083 1.7228856 -18.138641 -4.756034 -18.8929 5.879082 -18.602596 3.3383722 -10.819934 5.569056 5.694292 -0.34044042 -7.5367975 -1.6530035 -7.8070426 -6.110262 
-272.1607 154.86275 -4.83299 23.410217 8.852573 2.475436 -6.739117 -9.492054 -35.441086 1.1494511 -16.644617 2.687708 -13.129715 -4.3570976 10.341324 -13.665551 -15.999003 8.167281 -11.402684 -13.53333 
-283.4661 115.51983 33.28134 33.33335 12.47207 -1.653792 -24.800879 12.154629 -35.64972 0.24074523 -11.252435 1.5196109 -16.473763 7.4103265 3.590696 -6.6601605 -8.605091 10.360443 -13.395007 -9.915693 
-246.53055 124.94137 -10.395115 29.170082 21.603271 4.9140315 -27.367943 -4.274093 -38.964386 6.4853115 -16.314177 -7.16527 -6.1476307 13.671408 7.8697314 -1.3235157 -11.218343 7.25738 -14.271425 -4.4415708 
-334.93884 156.97679 26.429007 27.913486 5.6104527 -3.1319988 -9.655231 -7.725152 -28.251278 -4.3558993 -14.73131 -0.8513022 -6.6484017 1.8994344 0.34438664 2.9314618 -8.423131 2.3365374 -10.096296 -4.223743 
-289.22272 135.44656 10.497597 16.853018 6.2419105 8.617245 -5.604925 -0.41402328 -39.47031 2.7985234 -8.405231 10.246963 -9.32524 4.8737135 2.343349 -0.43031487 -15.367203 10.999271 -16.555931 -8.218651 
-368.6819 127.26728 23.403873 34.248257 12.228289 11.157589 -7.563336 12.461 -14.507477 5.27927 -14.784988 -0.82069373 -12.553256 3.318465 -3.9373882 1.4159616 -10.548658 4.4610677 -13.830364 -2.4258814 
-359.9916 119.59766 13.051383 35.50566 15.348858 21.60374 -3.6428273 13.339169 -2.729085 8.081399 -10.018381 -6.4507194 -9.637683 2.9366875 -9.455677 2.37366 -12.442895 5.7493362 -6.1328254 -2.1559362 
-369.12653 118.54801 20.948751 37.427177 7.0418897 22.966484 -11.048348 14.766276 -6.952715 7.6205683 -12.472293 -0.9222251 -9.701078 5.5592575 -4.975529 4.6510572 -14.188875 5.332426 -9.693391 2.149301 
-309.2691 146.6398 11.038415 27.93641 10.951917 11.282121 -21.809988 -9.891201 -29.884586 1.4718115 -20.941803 6.5249076 -12.915203 13.154163 13.996754 -0.39441884 -12.960445 3.6129582 -6.0678253 -7.653494 
-328.11826 98.90018 27.197735 30.148262 5.1055183 24.354366 -18.178257 12.386439 -16.36776 2.8990548 -13.149419 -3.950372 -10.307377 8.726575 -3.773903 1.9825037 -9.157971 4.4841104 -13.567263 -0.1753583 
-227.77376 100.92877 -15.402113 38.898643 15.514433 8.114699 -24.716696 0.60314125 -25.911718 9.272847 -19.498068 -0.89949965 -15.985389 16.774092 -4.97908 -23.752634 -8.812001 0.28416088 -25.16372 -17.278715 
-221.00433 134.41959 -25.811983 15.328327 5.2248964 18.000084 -3.1754854 -4.0299892 -29.0639 5.4447603 -14.93681 0.8175757 -19.747887 1.1204398 12.524699 -10.624571 -13.868698 -5.2121997 -11.631338 -5.924246 
-208.8106 118.87804 -22.206543 19.26421 -4.536198 3.4931707 14.293638 -3.1768303 -37.559322 10.569275 -17.463867 2.9407196 -18.029762 6.533627 8.268509 -7.0336857 -4.81357 -8.819029 -13.679164 -7.450519 
-320.06555 131.91902 17.51076 18.499947 -3.0658731 2.6474009 -0.21288936 9.31343 -17.78767 -0.009031773 -18.28868 5.2125354 -4.906606 -0.26503503 -3.311693 -2.3550785 -6.3398495 9.412616 -5.338535 -7.1175985 
-309.33734 105.871994 16.777243 43.751156 13.690149 -3.2286654 -13.30627 14.299294 -16.849758 2.7188435 -8.539666 -3.0099967 -7.7986507 7.509857 -2.7198217 -2.8251543 -6.5745125 6.0780206 -15.841948 1.9121282 
-174.75085 131.13283 -44.910934 21.8426 10.370296 -10.106574 -6.590257 -14.2167015 -22.971632 5.879753 -15.728114 -2.9922762 -17.471077 12.155132 6.798295 -20.158197 -12.6530695 1.632131 -14.912957 -6.9374304 
-200.59648 136.3424 -47.901005 8.580749 -14.486631 10.861019 5.585535 2.4707696 -27.386623 6.5582623 -9.455279 -11.606666 -13.995681 17.256165 -1.0002506 -14.629255 -16.06771 -9.06786 -16.732689 -9.671774 
-218.84125 57.704197 39.338463 14.671391 -18.510508 26.285639 -14.712856 14.709904 -26.303055 0.8368598 -14.540897 -3.0748217 -9.675884 12.075232 -12.653276 -5.771139 -12.053444 6.712044 -16.104834 2.9647753 
-254.63058 112.2615 0.19664341 45.76939 16.212189 -5.406399 -15.822835 8.84756 -31.657175 2.4938757 -17.7752 -6.768082 -8.946461 2.896867 3.4083524 -16.178568 -6.2335644 4.487512 -18.665932 -8.71512 
-273.9047 131.91885 -21.929628 42.024857 16.813124 -6.8399916 -17.88498 7.614413 -17.089775 1.3523914 -18.9403 -3.7011843 -10.71215 7.7020874 2.4732907 -11.149908 -6.7747326 4.3655224 -16.254244 -13.252283 
-255.374 95.91566 5.3853283 31.435493 11.011562 -1.3100219 -12.93752 15.4285145 -21.449497 10.371942 -10.453581 -7.83175 -12.827579 13.718599 -2.19236 -9.638163 -12.928212 9.745676 -13.109383 -10.8972435 
-272.39105 138.14534 -17.158104 28.346474 30.4231 8.185291 -20.986519 -14.293647 -21.905737 6.261359 -31.244755 -8.236083 3.802249 7.7985764 2.1861596 -1.8663281 -2.4645817 5.1811223 -0.42951742 -7.0659313 
-223.57555 140.49881 -62.401787 10.314572 11.06488 14.903144 -3.9912806 9.7909975 -21.82467 9.570688 -18.113869 -6.85043 -13.768193 5.633604 3.8406498 -15.300469 -14.710096 5.1814737 -11.465303 -1.7251717 
-305.53476 82.36291 33.257977 34.847523 3.2139556 19.916502 -15.641844 13.859201 -15.798126 3.8688211 -10.766049 -7.2892 -17.231688 6.25178 -6.5272913 -1.1367761 -10.278525 8.2490835 -14.305407 -0.38564718 
-239.399 137.90988 -41.30209 1.1675236 11.015743 30.396585 -5.295478 20.249838 -29.206625 -3.7797008 -12.603994 -13.109072 -9.972177 9.578557 9.2484455 -13.378707 -17.240107 8.407048 -18.38611 -5.070875 
-285.46426 149.00687 5.5308304 17.61939 -7.2501655 3.484376 1.4476433 12.528095 -30.188162 2.946818 -16.1417 2.4076893 -10.1757345 4.291603 6.347405 -12.246219 -12.248453 4.3200803 -12.785365 -5.313692 
-297.39008 82.1571 33.943996 41.06903 3.286081 18.552147 -17.268034 14.38402 -19.229212 -4.828354 -10.4118185 -6.734037 -10.441659 10.297649 -11.870039 -5.1142673 -7.779791 4.700666 -15.844223 -2.377983 
-306.56726 131.42325 4.4445357 37.82891 10.547731 7.5372477 -10.560787 -3.5166478 -28.807304 8.54638 -13.804842 -7.4507275 -15.373708 3.9103267 13.620441 -8.2601385 -11.073539 8.286619 -10.282756 -5.8145614 
-383.0871 133.17036 15.140449 31.998854 14.302153 9.207749 -4.279041 10.9059515 -12.971649 6.4678955 -15.524344 -5.8965893 -13.155833 -2.300504 -7.6813374 0.72000146 -10.784976 3.6397362 -10.402796 -0.48294735 
-289.207 134.97575 -11.554148 10.288472 -8.132771 11.670503 14.524558 29.397163 -32.42438 7.3775516 -10.352343 -13.049011 -2.3740432 7.970598 -4.287954 -4.797656 -2.291662 5.697412 -15.014455 -3.4101918 
-202.74669 117.267426 -9.19724 20.278313 7.6226773 -7.353181 -17.763124 10.909771 -35.8611 13.385696 -25.690636 -6.388042 -9.560787 4.9200716 5.4660916 -11.765447 -4.213647 13.500572 -18.643452 -4.729814 
-263.14597 130.70682 -5.496237 25.555428 20.61747 -0.2819799 -12.64824 -0.72915065 -21.95435 3.9728343 -17.11247 -9.210662 -12.401295 1.9852206 7.501008 -14.980781 -18.762426 13.5656395 -13.702474 -13.195873 
-261.96988 86.89947 29.116892 26.306812 10.027291 17.673054 -29.038204 10.316555 -23.3177 7.4252524 -17.853428 -9.216541 -10.643795 2.9732323 -0.13858138 -10.0128145 -18.312275 15.630936 -18.381145 -6.523438 
-283.46707 131.22383 -14.568719 33.23755 22.131687 1.8531032 -15.092014 3.8586693 -15.890995 8.631382 -9.635018 -3.1843193 -8.661321 2.0530384 9.966424 -14.22163 -18.551725 16.580605 -7.4694424 -13.286804 
-247.71745 134.40578 -36.759388 24.115536 23.888891 2.5722036 -22.11715 14.063794 -23.31535 13.835924 -17.774532 -7.4282193 -3.6294599 4.529078 -0.04760705 -17.551317 -15.339929 11.193712 -9.98204 -9.257961 
-314.70236 136.12674 19.104725 27.099026 27.147015 2.2282171 -18.628845 11.161976 -16.321632 0.5614268 -14.020961 -1.5912483 -11.989643 2.0070214 -1.2428308 -8.163375 -15.285458 9.169082 -9.789094 -8.4494705 
-333.29016 114.12151 31.729662 27.537136 19.008665 7.493465 -15.007558 8.630566 -18.188704 4.0214553 -16.240389 -4.07458 -12.161605 8.52684 -2.3877566 0.051212948 -14.817015 10.316988 -12.24804 -2.485425 
-321.47275 131.68707 -19.279158 11.871168 7.244813 41.669144 -1.4621714 19.547417 -16.340801 -2.0398538 -11.44845 -4.784726 -8.580312 7.750995 0.66240203 -4.599136 -20.071857 5.57637 -10.747297 5.7032003 
-394.43344 141.73228 13.012992 37.764126 13.880095 14.076801 -5.1606236 12.9192915 -12.403463 6.2505803 -12.535814 2.3140528 -5.2025743 2.9854424 -6.5775514 6.6606693 -8.64179 3.8835974 -7.2248178 -0.90929115 
-372.1786 122.62424 20.59247 35.454697 14.437963 10.558324 -3.4326553 12.083684 -10.45207 10.211418 -12.65449 -2.6048217 -9.226445 1.8047398 -10.081787 5.1012526 -6.232389 2.623574 -10.064391 -0.75020343 
