-315.3459 139.88869 15.959549 52.17979 37.94959 -10.346717 -11.372892 -7.0972104 -22.250393 11.190409 -35.635162 -4.5163302 4.0208344 -3.323204 -7.258978 2.2043145 -7.621371 8.492941 -5.652545 -15.7725 
-312.64423 75.11741 49.962837 53.855618 3.4021935 21.797194 -18.969877 5.3176203 -15.949805 2.631042 -19.693377 -5.415003 -3.4261105 2.6573172 -13.0852785 6.504815 -9.457961 5.866664 -8.462809 -8.626058 
-283.0015 154.4545 -19.980284 15.108266 3.7813387 13.376611 2.0122368 -0.3758692 -22.04873 5.748328 -1.6311146 5.614625 4.5133524 -8.926716 -12.412239 7.239818 -18.058233 -0.49186823 -4.7036037 -7.033008 
-340.11685 158.86829 24.953016 22.279556 8.340582 6.457266 -6.2240896 -1.6842612 -32.697285 4.562436 -20.438566 5.3496785 -1.4219751 -8.751095 -0.8464793 8.793592 -5.1958184 0.92620426 -3.8995705 -6.7487707 
-344.42252 139.802 8.872058 37.673294 21.164402 10.090176 -9.676376 -8.860124 -18.136993 14.786345 -16.018213 5.2124944 -1.0152383 -5.408939 -2.9046085 3.4720774 -21.925037 -2.135371 -6.6634717 -8.782932 
-375.66275 148.0723 21.340738 40.88673 16.463352 -0.71214783 -16.611961 -2.3341358 -19.363964 2.9912 -20.310421 -1.0213312 -2.9289153 -0.22920534 -9.518741 9.326887 -8.044268 1.7292197 -11.765362 -5.0152545 
-337.0632 145.55775 22.535015 35.710743 3.5583293 -11.063258 -0.6628469 1.3534309 -25.929241 -0.20106708 -16.656015 -7.8503766 -1.3476458 0.13820094 -9.009932 7.479027 -5.3100386 3.1424103 -4.0148606 -5.206509 
-292.5605 149.11414 4.6756015 38.33388 23.645164 9.416844 -14.601405 -21.971275 -28.011423 1.2561009 -18.745611 -7.762786 -0.6577108 -2.4410257 -2.1373153 15.846202 -11.756893 -2.852059 5.616149 -6.5036583 
-273.9574 156.33937 -11.710062 23.58144 14.012804 -4.588004 -10.42325 -11.130449 -36.571976 -4.8432617 -7.001398 9.38 9.882896 -1.9195633 -15.887914 10.053619 -2.321274 -10.53973 -1.100674 -5.6968784 
-378.2953 140.35295 12.708464 25.43711 12.757223 9.253374 -5.1920567 1.0188173 -21.821102 0.8528554 -6.7111306 8.3678465 -2.4512026 -4.285673 -11.577785 7.010885 -8.721273 2.853368 -4.4754725 -2.9278708 
-416.2669 129.9682 16.40894 31.748627 14.356578 15.1940565 -8.077902 10.090487 -6.908467 10.366732 -8.270381 5.1683445 -5.4403753 2.3762164 -8.286089 5.507955 -13.916331 2.709087 -8.787619 -0.11630268 
-373.70963 146.09706 1.9612187 50.584343 24.393656 -5.814165 -5.16807 -0.16895443 -18.844856 4.23294 -16.11753 -2.5786726 3.354668 -3.5042439 -10.649316 3.5033567 -8.772516 3.9902468 -4.9611044 -6.953025 
-285.86246 119.97647 10.451183 49.603054 28.42835 -6.588079 -10.07169 -15.892879 -28.976383 19.946774 -34.869232 3.8743236 -0.9854945 -5.059964 1.1087886 3.9606972 -21.456636 8.33633 -1.5905662 -15.147581 
-328.68994 108.4054 50.534748 35.301044 10.933644 17.447031 -15.575753 1.264935 -28.76978 6.9274883 -29.201887 3.3446188 0.04406786 -6.0918174 -9.999331 7.0857906 -14.491252 4.818628 -10.324863 -4.36154 
-321.9359 61.57986 35.192245 60.77394 -2.6828759 14.902503 -2.546147 4.024046 -13.763776 13.630839 -29.897804 6.267688 -3.2100384 -5.261144 -19.437162 11.131881 -15.232692 8.657154 -12.101416 0.2857715 
-319.05417 153.48363 5.1773334 30.880533 12.208401 -6.3830347 -7.0961003 -8.250942 -23.441048 3.4906855 -14.023062 7.261245 6.7618837 1.4498252 -3.5883641 5.0704722 -15.4710865 1.6575754 -1.7499547 -6.393187 
-276.2754 166.10023 -11.536384 9.002679 -14.448256 -17.86692 16.976427 0.7595351 -4.7122145 -0.11492842 -13.120144 13.822219 3.2004101 -8.9819145 -3.411969 1.5792997 -25.095694 12.893475 -4.6174603 -0.9222618 
-296.25314 162.10316 -15.672725 14.586838 -3.4901114 0.31700897 2.2310503 -1.9469187 -10.112333 5.1840997 -13.1809025 12.305219 -8.182118 -13.785742 -4.5147142 6.2040806 -15.157505 3.913389 1.5047213 -4.0936565 
-362.64594 165.19348 36.063248 27.682941 -5.7294555 -11.65144 -13.362366 -2.7001178 -6.770523 5.4476724 -10.175986 -1.0474627 -6.1201982 -3.3217635 -2.9968574 6.099964 -8.544588 4.566666 -12.106206 -4.5667644 
-416.41922 135.97401 14.373252 33.492172 12.783899 12.214691 -8.39436 12.390106 -7.726836 7.7412043 -11.890049 2.8853636 -8.1353035 0.13336857 -8.557874 1.3218646 -7.911042 5.069409 -10.203896 -2.107092 
-420.5365 131.12018 18.944115 37.03864 11.896783 9.063132 -7.9675565 10.544285 -13.584712 7.499671 -16.69318 3.8951979 -5.2960687 1.5886045 -9.716816 1.096741 -10.274484 1.548783 -12.539741 -2.3273804 
-311.56335 152.7962 29.675716 26.95165 -17.154772 -25.920238 -5.8547153 -6.2636833 -2.3151364 7.1845255 -8.697461 -0.13025016 -4.0377684 -0.8224111 -2.6476543 -1.3970908 -13.6758995 9.274885 -15.048418 -0.8983822 
-289.73795 135.98312 2.3121567 22.312874 -5.5210376 0.054248545 -8.743725 -3.0358548 -5.16351 8.138136 -9.547932 8.114276 -3.7356818 -11.297375 -0.5529691 1.6487988 -19.13749 11.460691 -8.420074 -5.886433 
-388.1483 156.16245 11.940967 39.6866 20.081219 4.848307 -9.452858 5.156851 -16.139992 2.2858272 -20.652077 3.4773703 -1.8173972 -0.1334452 -7.9454193 7.349715 -8.854072 3.1899145 -7.8661904 -1.310074 
-368.38297 161.94298 6.4339924 26.059013 13.521809 9.8297 -11.118773 2.187565 -15.750303 8.07913 -12.084844 11.909384 -6.3272576 -8.874473 -6.461031 1.7728736 -14.313519 3.0345411 -5.225683 -5.6298013 
-379.4054 150.2801 29.46738 40.912086 8.797683 5.906988 -11.24562 -0.89155746 -17.521347 -1.3338708 -17.682152 1.7724305 -0.5249365 2.1533594 -2.9911397 3.6676075 -8.8227825 6.5368104 -9.140693 -2.3458161 
-386.18848 160.63069 31.75258 39.147324 5.914757 -7.5319996 -16.399017 0.4153922 -19.441235 -1.2069874 -17.987566 -3.6532369 -3.206583 2.4675815 -6.0059986 5.906754 -3.9586825 5.1278915 -9.530568 -5.7022133 
-417.98798 138.29495 10.5535555 34.01346 11.288469 12.212589 -3.63066 10.156708 -9.868188 6.1833487 -10.55599 2.7316983 -3.902001 1.080087 -7.2552547 4.6557236 -6.7651944 5.447447 -7.9378467 -2.5052054 
-421.76956 141.31058 14.914775 35.81834 15.338104 11.394119 -6.1830683 8.865253 -11.343543 7.2459006 -11.616746 1.5578742 -1.4341846 -0.45304585 -8.060963 4.9403515 -9.748669 6.5510564 -9.025853 -1.0731055 
-365.4687 163.61655 9.717292 30.959263 3.7045856 0.7701221 -2.1495519 2.4030318 -34.801315 -6.1202908 -10.550148 18.859829 11.834515 4.8456345 -11.415986 2.9794493 -14.761302 3.7684946 -4.057291 -3.017264 
-413.6857 140.24539 18.939346 35.01867 11.492443 11.508259 -7.08864 9.990022 -12.774013 8.49784 -13.024515 7.574268 -3.1665716 2.2544186 -6.038835 4.076353 -8.788388 2.1226957 -10.563439 1.208761 
-417.4806 126.16629 15.52173 37.17981 14.142593 13.6095915 -4.114938 13.731191 -6.61418 9.104229 -13.662081 7.099072 -3.9497423 0.21168725 -10.322651 5.2337523 -8.233662 5.1625023 -10.059514 -1.7928435 
-356.05197 145.38264 46.31688 39.45466 9.240417 -2.3768446 -19.136349 -2.414973 -31.100206 2.7515783 -13.959716 -0.18636163 -0.3072816 -1.1136221 -3.8249638 -2.0764527 -5.211767 4.8472624 -6.939286 -2.1139555 
-340.67578 162.16612 31.187906 30.500349 12.7671795 -2.646521 -9.664682 -1.0695127 -20.209267 -4.3818197 -13.374256 4.154926 0.85850346 -3.417449 -6.319766 2.8883896 -5.17053 0.38807303 -7.5036917 -4.4700146 
-362.57257 155.3214 9.728462 30.845926 26.038017 15.163851 -12.643188 -7.6308594 -22.686058 1.6599654 -13.184291 5.5078673 -0.8874692 -3.2495546 -3.6598692 11.730381 -8.180421 -4.6384745 -5.3601866 -2.5313678 
-323.36157 167.22156 -21.17553 34.359776 27.006405 0.42251524 -11.268299 -17.240965 -34.764816 8.229828 -15.121715 12.844552 4.753559 -6.4199424 -4.8469024 19.0521 -7.7536383 -12.829938 -2.3147628 -7.323374 
-407.88446 145.52814 23.008654 43.499886 19.435768 12.44219 -3.36868 7.7770596 -12.777587 6.580631 -10.894061 3.2273462 -5.43842 -3.5595949 -10.132834 3.2893398 -11.024663 -1.4027648 -9.12553 -3.6765437 
-325.7709 70.44858 42.988197 56.630295 -0.00019963582 18.829733 -7.578925 6.3578634 -15.360563 5.080149 -23.098534 0.8043773 -7.9821677 -1.3888911 -12.286639 8.04182 -10.703946 11.011631 -14.93301 -3.4125 
-350.52625 138.15427 -0.8081898 62.379192 29.23764 -4.410708 -14.162306 -8.345096 -13.575227 1.2402091 -37.144974 -1.1879725 2.2526913 1.5653412 -6.0060334 4.877557 -8.424882 12.412079 -5.086165 -17.88265 
-423.4162 139.88332 13.170027 37.553223 11.314599 11.546658 -6.3522706 11.400753 -7.8578057 9.904196 -10.85538 4.262947 -5.386065 1.4011931 -5.8512325 7.9525876 -7.317232 5.721216 -9.176893 -0.9158189 
-428.1302 139.6888 12.045349 33.543552 13.497373 13.943462 -8.314925 13.609852 -12.581318 9.402208 -12.23756 3.1850705 -4.9208393 3.1685026 -7.45926 1.7295603 -9.800901 3.8674028 -12.811893 -1.1975676 
-426.99057 140.74257 11.400835 34.366425 13.444358 8.199204 -7.627075 15.55103 -9.692812 6.126801 -15.304162 2.381881 -5.882628 1.1391197 -8.8773775 1.8012888 -12.863416 2.0342457 -9.828076 -2.6129005 
-304.4575 79.069916 63.742573 15.415643 0.5605047 6.4798565 -23.008135 14.1302595 -18.567705 6.864073 -13.412785 -3.7289276 1.573723 1.730861 -13.5519285 11.442364 -18.471601 7.6385617 -11.750846 -1.9414291 
-316.83353 163.27243 41.624474 33.54761 -11.206819 -18.180487 -9.800377 1.4000555 -25.15866 8.300557 -24.589457 -9.3942375 -0.07752465 4.389074 -3.2958007 8.491648 -2.0550842 -0.9760249 -4.4981885 -9.054241 
-381.63422 138.844 26.029863 36.545273 13.015596 15.172276 -6.6727085 1.2847304 -19.370882 0.73933005 -14.041198 -1.1426461 -4.983434 -0.66695225 -5.9228926 10.235887 -7.4052744 4.0982146 -6.519302 -3.7478 
-314.11996 66.98255 34.579876 59.89919 -5.8178163 22.843943 -13.22179 8.856178 -19.46802 15.441257 -28.184427 0.5051067 -3.081033 -3.1821308 -17.046274 7.388918 -16.50332 8.032734 -16.761292 -5.8765855 
-371.40707 143.48576 10.682739 26.75695 0.21534327 7.367728 -5.0886154 7.421442 -17.376621 6.3343987 -11.278553 10.062092 4.374214 3.3182464 -10.613852 2.3889072 -13.338604 1.1553102 -6.037857 -1.4027534 
-384.1997 151.62138 12.60449 36.839294 16.772835 8.071789 -9.051479 -5.560483 -18.930017 8.991455 -15.938731 0.38565582 -1.1659257 4.1724973 -2.816391 4.401504 -15.865543 1.6609828 -9.915584 -7.6279078 
-389.73187 125.81318 26.779861 37.677536 11.338033 15.930095 -14.453983 8.267434 -10.562386 5.263413 -16.60645 -5.1996803 -2.203821 -0.07818615 -8.825016 8.425671 -14.351757 8.786729 -8.734743 -6.2207704 
-383.5501 157.23454 16.796663 36.39617 14.487874 10.685574 -10.763302 -2.6058314 -27.859102 -4.004038 -17.088346 0.22690423 -5.3108854 -4.3020787 -8.934021 10.757434 -6.915137 0.72922885 -3.2551994 2.4347825 
-392.41498 140.52528 13.073364 48.909203 16.232439 8.841307 -8.3232155 1.8481898 -16.603348 6.5765877 -20.252851 -6.6013217 -2.716484 0.72676665 -5.662797 10.998835 -11.411295 4.7279553 0.5259063 1.0030303 
-373.36462 163.20465 12.427117 31.31825 13.55267 5.1649365 -12.052807 0.49617258 -18.970676 -4.1799207 -15.973463 2.2069979 0.5503802 -1.0387552 -4.2961984 12.603399 -6.000114 0.20018408 -6.6356235 -4.0851827 
-371.18427 160.1717 -6.0285306 45.932774 33.13435 3.9536226 -18.877438 -10.3226 -12.205237 0.13741115 -24.035332 -5.5157337 3.5852678 -1.4411297 -8.507391 11.656309 -4.515895 2.3198695 -6.7261276 -6.2420673 
-418.35306 135.21098 10.093471 31.97532 15.665573 13.549221 -9.508198 11.416416 -6.282575 7.718483 -13.484135 3.204362 -2.1407003 -1.7883734 -10.092998 4.6388927 -11.126923 1.0954342 -10.083991 -5.4006186 
-422.76276 134.92625 12.62484 31.371864 15.134029 10.608425 -6.1980557 10.936727 -6.5819254 10.306094 -11.494518 6.526846 -4.176134 1.5209846 -7.683558 2.2097864 -10.1371155 4.704239 -8.795471 -1.2855061 
-426.31827 136.23454 11.351328 38.12022 11.808575 9.878367 -5.003487 10.24652 -8.512829 8.629379 -9.743271 3.9578743 -6.705082 -1.3148466 -10.822134 1.9581522 -10.178036 5.3016253 -9.713199 -0.93226963 
-306.8035 160.13177 4.8242207 29.084782 -0.968789 -13.289848 -12.821026 -6.8679266 -24.132833 7.456132 -14.75048 12.951839 -0.4164184 -6.5815034 -3.799336 6.1324654 -20.712475 4.9741955 -7.8178635 -5.6988635 
-326.17114 154.7126 15.194758 19.826403 -14.379552 -10.306353 1.7015433 9.827494 -12.176546 14.508274 -18.950422 7.3333883 -0.81520844 -4.5128746 -2.715954 0.11853695 -15.991472 6.6445575 -8.142591 -1.1856123 
-362.0267 146.20103 23.114826 28.445496 11.014095 13.459446 -5.0284233 5.632592 -16.854916 -1.9675988 -14.994694 1.7814958 -2.8328376 -0.5452308 -4.142318 8.020022 -11.895009 1.6578252 -9.624472 -4.419894 
-319.87762 94.916534 40.37671 33.64963 8.492164 23.513784 -22.394112 1.6504455 -23.554405 1.395102 -19.463837 -2.2594757 5.059155 1.883198 -6.0340896 12.698972 -15.5795355 8.61364 -5.0437484 -7.072369 
-360.88223 119.92114 26.080048 53.246704 24.15815 8.6114235 -14.431325 3.458195 -15.827855 3.7766614 -23.87953 -4.9890003 2.2153592 0.46700191 -8.759262 7.8309226 -16.388496 8.06596 -7.5278506 -7.3199353 
-342.33304 131.12984 17.561983 60.867607 28.845297 -8.175353 -6.89214 -1.3394675 -20.01223 2.2276883 -30.53533 -5.3241615 0.21251017 -4.494887 -14.439289 7.4863315 -8.012028 4.4139705 -8.877828 -7.0600724 
-340.44717 60.412796 39.848934 57.18599 -10.7589 25.384085 -12.533924 8.8516445 -18.258545 11.973831 -23.177849 0.8107018 -3.1120358 -0.4552111 -15.0172615 9.887592 -14.870248 6.739787 -16.889349 -5.661908 
-332.55423 154.9519 10.619844 34.393814 -4.811303 -6.914486 -5.521864 1.3011665 -24.489641 16.527695 -16.007484 1.1440177 -0.69351834 1.5050311 -10.624652 1.8181899 -18.249418 0.31473908 -4.8484316 -3.2032268 
-386.36084 161.78343 16.928574 33.31548 -6.1709695 -10.911191 -8.095713 7.211779 -11.415655 12.125492 -11.534679 -1.8609614 -5.468244 -1.3099762 -5.428902 8.683829 -9.701086 2.2084763 -10.146542 -5.5278554 
-414.7822 141.1343 1.5426428 35.72377 14.38473 13.296397 -11.21432 4.8625507 -10.165537 13.838918 -12.612526 -1.0039163 -1.1267701 0.241531 -7.7479086 6.589132 -12.137979 1.495009 -6.986163 -1.7025905 
-394.57153 156.1403 1.1463764 27.467262 9.80204 6.0489383 -8.759348 5.7967186 -21.430346 6.948042 -5.8387055 14.132127 2.1236768 -0.600955 -11.0782795 3.7835765 -9.656506 4.1211257 -9.0354185 -2.830635 
-338.2434 174.08821 -4.6097226 29.539543 9.33248 1.0884957 -5.719049 -8.6641865 -38.52671 0.021609094 -5.819014 18.112917 7.1302547 -2.79737 -12.428744 9.234529 -9.691898 -4.755383 -8.167721 -9.111758 
-247.24275 81.22686 19.937641 41.042496 -12.465186 6.510298 -12.521321 -8.17269 -21.77036 9.704984 -22.272457 7.724835 7.3216314 -2.4908116 -4.474428 10.378755 -20.67559 7.9553657 -7.4733944 -8.429645 
-342.4735 175.86482 31.438728 28.327822 -4.2129865 -16.890606 -12.61095 1.1623834 -14.298131 -2.7544127 -12.628026 0.77398574 -4.0845594 -6.5906816 -0.4128091 7.5891104 -4.722602 4.335947 -5.587376 -7.824135 
-305.74527 42.679886 45.044403 54.397903 -4.5502367 16.980896 -10.227642 8.321659 -12.925878 14.492194 -22.306664 5.730939 -0.42191184 -2.2255332 -9.73608 10.270051 -18.686861 9.867216 -12.65054 -5.318217 
-350.244 133.14157 25.560158 53.079605 15.944098 3.4141278 -4.6299906 -1.7390424 -15.942985 3.7674637 -30.412926 -2.5940738 2.1068895 -7.226487 -13.035148 11.328808 -11.355245 -2.6154215 -7.7332687 2.887012 
-341.88425 111.74515 41.657658 28.51528 8.366988 13.874167 -12.002931 10.885293 -28.263914 -0.39694446 -19.195395 -0.88397384 2.4188113 0.8101675 -9.918132 9.826514 -16.453459 5.903532 -8.287078 -1.1499089 
-357.2075 132.46954 27.388624 41.16891 21.119387 18.535967 -13.66616 1.1552676 -23.310581 6.414403 -19.684025 -11.025257 -10.101982 -7.345133 -5.3517528 5.8607244 -18.142107 8.231305 -1.8060284 -5.1208243 
-378.99304 140.63773 17.563362 43.727448 23.239952 15.008534 -8.753412 -1.8617384 -15.712895 7.916708 -21.255867 -8.235722 -7.7091618 -1.1763133 -4.3028164 3.5823576 -15.631763 8.3791685 -3.2668524 -8.154515 
-412.9664 130.22067 18.627842 33.057697 15.689041 13.030612 -7.919053 8.586631 -11.597119 7.1188006 -8.58601 3.2863722 -3.2855687 3.7082808 -9.068711 2.0662427 -9.507379 2.8149378 -11.67729 -1.8681049 
-404.986 122.01215 19.94611 31.513834 14.536965 13.634493 -8.728199 8.189747 -13.54198 10.054607 -9.012405 6.991071 -5.7786984 -2.303827 -10.38242 8.788438 -8.838668 0.93671334 -12.2137785 -0.5583783 
-354.24573 165.93121 9.522505 19.810568 6.5825877 2.0874486 -5.1807113 -2.4056673 -32.629063 1.391167 0.45358324 21.860117 3.6805704 -2.2474356 -16.437017 1.5313046 -7.851944 2.4076316 -3.1419525 -7.545824 
-383.93134 149.4367 9.9317665 28.17217 5.007888 5.882123 -2.691497 6.765853 -23.05635 -1.4776058 -8.392401 15.304075 2.7304285 2.1971743 -9.794789 1.0032848 -7.3795724 5.527607 -5.8615193 -6.5611234 
-311.88458 129.02159 11.869534 42.94985 7.8922873 15.398919 -7.890974 -11.796623 -30.511166 1.4949148 -20.56808 10.195173 5.221819 -4.903682 -6.7748294 11.76726 -10.7195215 6.51442 -4.780611 -7.236096 
-343.9103 111.50043 21.95365 53.519882 15.192169 15.371889 -21.057055 -1.7402124 -8.87065 1.7935526 -27.412588 3.376366 -2.0673475 3.3979447 0.18051764 5.363611 -16.291674 10.7204 -14.100586 -8.594212 
-357.25314 145.66359 8.927463 43.984924 31.543797 5.3596597 -15.076839 -8.067296 -10.953598 8.089993 -22.32744 2.1603205 -1.0228126 4.3672676 2.6041644 5.0372205 -20.567028 8.3689575 -2.7997763 -10.013051 
-320.3049 78.50189 37.604416 60.635098 -3.1326451 24.686317 -17.758295 -3.157813 -14.0907545 2.8833835 -27.211208 2.2509897 -1.9060525 -1.9093088 -6.1844287 3.7060063 -12.17047 14.97151 -8.761203 -6.0471478 
-340.60117 139.21246 -0.68217385 54.138107 19.042072 -1.1752704 -15.560244 -4.4922123 -18.075537 4.897988 -25.898329 1.5913395 6.126893 -1.7111843 -9.548332 5.660252 -10.682626 8.069961 -6.269506 -6.401849 
-368.28867 151.05403 21.889421 28.73621 -1.4057631 2.1246777 -14.327286 6.274966 -16.553219 9.927676 -12.807493 6.1411653 2.634669 2.0384223 -7.711916 4.4610395 -17.669342 5.7971134 -7.4789023 -1.6920567 
-347.0827 152.15459 7.4593115 32.3082 23.596588 9.837752 -13.059247 -10.547938 -32.218887 -0.8261667 -16.463682 4.542862 -3.1269307 -8.409468 -1.8853359 13.435543 -11.553717 -0.36987796 -5.2730308 -3.2306468 
-346.53357 151.31139 -3.4213114 48.551945 26.045465 -1.8910624 -21.206247 -12.065252 -21.476046 9.443073 -26.537025 -0.5499191 -1.9400063 1.1849933 0.52670544 8.734217 -17.703323 9.169214 -3.0856433 -10.50711 
-362.19037 109.61138 19.866882 52.879803 24.049553 6.8798757 -15.213469 6.890529 -19.875526 9.213318 -25.154488 -2.1677957 -2.688487 -1.291562 -13.139683 10.834061 -17.72845 4.9695477 -2.5112288 -0.31482995 
-321.19122 93.442604 6.771444 41.837772 1.2395062 2.2779253 -16.208153 17.000114 -12.140713 5.84841 -18.425331 10.930035 -1.0812681 0.5395938 -13.829445 6.464915 -14.607001 10.942768 -9.02921 2.654468 
-344.89636 141.56451 12.874928 41.827904 13.821302 0.13878901 -9.512713 0.6429809 -17.023567 7.2383018 -23.910753 -7.360575 1.9741296 -6.3762 -11.50782 10.4075365 -6.9906306 -3.08238 -9.119227 3.7191021 
-348.84305 119.907524 18.111721 26.598783 11.147236 11.219936 -6.427296 7.2629147 -13.743311 6.9786816 -10.410725 -2.0643318 -1.4405017 -1.3155749 -10.4442835 1.1006112 -15.706901 -0.012197971 -14.444447 -5.7976885 
-349.32358 128.56097 19.433851 33.144726 7.211624 2.6355062 -18.624464 8.763031 -13.534396 6.217737 -15.842222 3.3752387 0.2502453 4.320204 -5.7030344 5.972311 -16.740662 7.1671677 -10.678088 -2.5825262 
-375.55487 152.81702 34.817753 32.306305 3.3797636 -5.5484753 -14.182379 4.0838375 -13.799115 5.3365116 -15.219783 3.2423308 -1.0420243 0.8423236 -4.3436074 8.287511 -9.537513 2.7290344 -11.943941 -5.5243483 
-399.07477 144.97722 16.423435 32.28821 7.0590262 5.530356 -7.208153 8.825197 -17.328924 0.9236503 -13.5254965 3.1668596 -1.6104814 2.513447 -8.537757 3.851671 -8.451168 2.1893253 -12.434253 -2.427062 
-377.43686 132.99751 26.017363 39.214027 17.231926 0.622429 -8.819359 5.2443895 -12.648219 6.2952604 -17.975725 0.8089433 -2.3641539 -2.2535062 -15.731362 5.785239 -8.984909 -1.5701287 -11.1885805 -0.512799 
-294.28574 156.64342 -20.010838 21.246328 23.240458 -1.8164859 -10.473484 -0.76588017 -10.714565 12.173519 -20.239729 9.469066 -0.101291925 -9.63583 -8.141305 3.4785304 -17.051828 0.84884053 -2.3730004 -7.27583 
-331.1481 176.83298 7.518087 29.20605 8.765344 -6.3768625 -7.3729725 0.17265368 -17.893486 -1.8899477 -18.885502 -0.34796777 0.60879385 -5.747289 -2.9902225 12.543671 -7.815867 0.36064932 -0.651874 -5.207449 
-338.65146 108.572754 40.969902 36.994854 11.23741 27.107735 -21.010218 8.510059 -25.034662 5.5634174 -14.34836 -9.870327 -8.156667 -6.1981335 -2.9627366 10.295683 -18.651157 8.190763 -5.871088 -0.28588003 
-346.4202 59.913364 63.2961 17.613333 22.913923 21.792206 -22.681684 17.058037 -18.082924 11.143514 -17.649456 1.2649094 -4.422899 1.19948 -12.642673 8.52531 -16.865404 10.64116 -15.95612 -0.8767675 
-372.89072 114.16572 23.67049 47.380257 12.448261 4.631474 -0.89663345 5.235135 -16.356255 14.970603 -23.725252 -0.2914789 -0.71920216 -7.8599877 -14.75807 7.25835 -10.632656 -1.8370272 -8.5597725 -0.32392755 
-302.1679 136.39319 5.8200817 33.51009 14.278076 -1.3562045 -20.143192 1.1115584 -19.023611 1.6449904 -16.016212 0.6859052 2.5501807 2.6283338 -9.981488 12.100239 -12.565582 2.0114398 -4.140291 -3.3212674 
-372.43027 93.65898 45.072983 21.7381 12.934279 17.256144 -21.289017 17.431608 -18.583008 12.508496 -10.796922 0.39913613 -8.463623 3.5869365 -9.102336 10.727094 -16.227009 9.202072 -11.060419 1.249496 
-361.23822 144.10199 12.871172 42.614807 28.470839 7.7968597 -22.340902 -4.1020517 -16.976784 2.5519273 -28.112673 -10.257377 -3.1473837 6.320739 -2.7971 8.939426 -11.015326 11.420435 1.3053567 -8.035229 
-398.1504 139.0456 13.409466 35.957596 19.515133 11.737614 -14.425757 1.7927079 -14.04307 11.367964 -12.5302515 -0.29381686 -2.7005148 4.042321 -7.6838126 7.406808 -13.691384 2.5017455 -6.370151 -3.9941342 
-413.2216 131.6094 5.4203844 37.097088 13.200201 15.345936 -12.468089 10.475155 -5.869662 17.034067 -14.026974 -0.62985516 -4.6624026 1.8354852 -8.419095 4.6733985 -13.225475 5.3725643 -10.524511 -4.3073144 
-344.6211 146.41266 -4.532947 42.35153 26.542835 10.302003 -21.152355 -7.4232297 -19.221554 1.5211554 -22.655954 -7.8254952 -0.18682045 3.6776059 -3.9625735 9.499699 -16.020164 5.71548 0.7093731 -10.668409 
-348.9882 133.5481 5.5780406 56.177864 23.894062 1.6792327 -14.886015 -7.5831127 -14.991652 4.1016407 -28.900368 -5.1479063 4.024165 -1.53769 -4.8151383 10.529017 -15.033412 8.208904 -2.568568 -9.287792 
-305.71384 115.837265 36.979233 35.527664 13.231915 16.390236 -10.233784 -5.331362 -33.485886 -3.0060194 -17.19972 -6.255728 -3.479028 -5.2111387 -11.194355 18.42115 -11.819526 8.156806 -5.9160748 -2.7849667 
-303.47763 167.24644 -2.2540102 32.531506 17.098345 -4.648947 -2.1594408 -11.975112 -32.25911 -6.06332 -22.723877 0.040472798 4.040765 -7.820478 -0.4383222 14.457816 -4.537333 -3.0035732 -0.16651024 -2.328977 
-313.70853 162.59898 -6.573798 31.95263 20.633223 -5.037241 -12.514088 -8.716579 -22.052164 2.0096366 -26.327805 -0.41881263 7.102709 -0.79749566 -4.5052533 10.337692 -8.750865 -4.4061666 -5.9538517 1.6992469 
-378.38086 146.84514 19.88699 36.4579 14.041824 13.473683 -7.140601 4.9086437 -15.816637 -0.52746326 -14.004868 4.034159 0.27756086 -3.046878 -5.8274937 9.443116 -10.535807 1.8403819 -8.29771 -2.846353 
-354.6538 132.9837 20.567106 35.318863 10.828194 4.7466316 -4.0340157 2.039262 -29.389505 0.57928383 -18.315178 1.2980559 0.84877247 3.9353664 -8.1058855 9.582546 -13.597393 1.9634111 -5.558966 0.9354617 
-361.50125 164.21869 19.467884 37.217255 6.480568 -2.0028307 -3.4014297 3.6195974 -22.567213 3.5884073 -22.069874 6.6437325 3.8788939 1.2205048 -8.186751 6.214532 -14.138765 3.0666838 -6.341182 -2.7467399 
-368.5263 111.74645 28.037783 36.903084 13.856004 17.225542 -13.736534 4.460712 -10.098615 5.400339 -21.629005 -7.594126 -6.5145893 -4.5282354 -14.958638 6.8891306 -12.706201 6.617214 -8.486714 -2.5934641 
-385.61 144.27014 25.145676 47.27421 17.982986 5.636823 -4.86868 7.333202 -13.999074 -1.5993913 -21.772272 -3.6524098 -4.9065886 -6.604331 -13.7038765 7.6557226 -11.671988 -2.5510724 -5.7206645 3.260153 
-406.53445 149.50497 16.050184 39.387115 17.629484 9.857169 -12.920437 3.7296033 -19.054691 4.461901 -16.582676 1.3006816 -3.9353418 0.18307583 -8.415363 5.648871 -10.280488 5.148482 -9.858861 -4.215352 
-413.9276 155.50519 24.26305 43.730255 12.906976 7.402771 -17.737123 6.760015 -16.39672 3.9838457 -15.826736 -1.09023 -8.790059 -0.8221886 -10.127447 6.0041122 -9.018232 3.3727393 -8.716654 -0.031904392 
-391.80063 145.59384 16.230833 31.075514 19.110807 6.846015 -7.1054716 4.3895535 -24.380135 4.094491 -15.550134 3.5657272 -4.6819897 1.9693342 -10.3794 11.489746 -9.754578 -2.1282377 -8.403824 -1.5502322 
-405.69272 154.93074 16.825607 34.138546 8.231097 3.7628534 -11.272675 11.24207 -13.07246 3.540463 -10.188272 4.126855 -4.3239155 -0.6624282 -5.78912 7.966173 -6.6498923 0.50347334 -8.960121 -4.263884 
-362.65298 139.6041 15.424789 22.759348 14.569229 2.7215528 -19.878742 3.134965 -14.282512 15.952077 -17.492098 6.2546587 -3.6184163 1.4155854 -8.500461 4.5440125 -13.715236 7.6294284 -4.836354 -1.7694876 
-410.4691 139.05069 17.665562 30.602753 11.001293 12.953854 -5.1435704 10.168989 -12.201699 10.4934225 -9.304276 7.844673 -3.2959428 -4.627329 -14.604316 3.1140819 -12.093449 5.1893215 -11.930181 -1.8955121 
-418.29413 133.54678 16.276945 34.545284 13.248213 12.994205 -8.712367 12.720823 -12.6970415 8.693558 -14.009942 3.9315906 -6.540143 1.6927838 -11.895841 8.787831 -8.162271 5.9876122 -8.4288025 0.39456218 
-412.73584 128.29346 20.7319 35.166733 12.53324 12.393139 -6.2564864 14.764984 -9.015169 8.116303 -14.796742 5.3435183 -3.6480417 1.8591459 -8.723404 9.72217 -7.826767 2.939021 -11.860092 -1.9050952 
-462.20166 130.43877 26.311008 30.467659 9.396116 -2.4308908 -14.388973 2.3915153 -1.8513858 9.054722 0.28138405 -2.3367324 -9.118938 -6.5471597 -10.408498 0.74432456 -6.6228514 -2.0251162 -1.8117517 -8.427435 
