-380.35944 143.80664 -5.482652 25.976055 15.769277 24.519468 -5.1092024 5.3799057 -11.4038925 9.178419 -15.141519 -0.23880656 -6.7194643 7.049387 -7.1901803 -1.4613264 -15.896715 5.2160196 -8.656071 -2.6938372 
-359.41605 111.95383 18.578182 25.400232 9.611144 17.334202 -6.0717316 11.637925 -14.203571 3.776121 -19.441673 1.6802096 -6.471541 2.0043821 -14.158421 0.8262599 -12.924343 5.6855197 -13.203586 -5.1884756 
-239.24495 59.574585 26.423407 44.0468 -3.988013 19.744453 -12.912971 -0.43385124 -26.611143 6.7980704 -32.356598 2.2935781 -10.757052 1.0972211 -19.236925 -3.3343964 -10.506033 15.662952 5.3417077 24.382784 
-227.41115 125.24759 -5.937685 19.442059 -10.515428 3.2511294 -0.7554028 -3.2574167 -32.01198 10.9359 -19.222387 0.17424043 -9.850615 2.741595 -7.103228 -1.5296965 -9.058444 -1.6202645 -11.764319 -16.212666 
-236.27194 91.15134 20.330677 25.805788 -7.6268125 23.96972 -18.813004 2.3401532 -25.79582 4.396638 -27.516727 -8.224404 -12.34681 -0.5380576 -14.542587 -4.2876544 -11.609151 2.43027 -1.5279475 9.33291 
-219.56363 159.3359 -16.604668 1.7089492 -43.91434 9.295946 13.522493 4.496601 -33.467125 10.57505 -26.188906 -6.6365986 7.915696 1.715593 -4.549734 -6.163286 -20.527168 7.291865 -2.63273 -5.2009315 
-219.19048 118.48633 -16.520931 35.110462 -11.430168 -6.863376 -16.233265 11.287732 -19.521242 1.7628099 -18.210213 8.223292 -0.6255007 -2.6029162 -5.2569537 -5.782626 -9.510284 -3.7090464 -10.923462 -4.3783755 
-260.7361 61.047066 35.710068 39.657852 -3.8109152 12.154046 -16.95211 -0.028394487 -19.51536 -1.6597905 -19.700417 2.3203955 -10.094762 4.1103196 -11.146719 -4.4423323 -8.155453 -6.5821543 -12.604816 -3.0248332 
-255.9773 111.86127 28.404337 36.493988 -8.210026 11.287513 -10.582401 8.046729 -37.90279 -2.3187065 -14.374035 2.0894265 0.7624866 -2.9899929 0.45979512 -0.47066036 -11.381858 4.4781537 -9.262471 -3.8879678 
-202.61769 112.89367 -40.060326 20.853323 -19.444387 28.465895 2.966198 0.9414601 -36.178196 19.07308 -27.510843 -4.0699315 -2.334033 -4.542437 4.7687035 -10.319501 -10.06652 5.4292164 -12.531779 -7.4117312 
-339.4469 142.70969 12.006101 40.015 12.495235 1.8794965 -9.965216 4.180699 -21.710356 6.802238 -10.423402 -2.4526298 -7.778875 0.22062209 -7.9987006 -10.5374775 -4.4826813 -0.006330093 -13.275075 -0.043326166 
-395.91522 135.12175 18.91714 33.06076 13.733815 12.426965 -11.6641655 10.793823 -14.201977 6.242773 -11.953091 6.016306 -5.6720443 2.5674522 -12.550064 -2.458251 -14.178972 0.7925507 -8.647238 2.914068 
-393.32092 136.40195 23.350653 31.556877 13.356386 13.608062 -9.685196 12.115018 -9.886703 7.381084 -17.577663 -0.10801768 -8.390729 2.6243076 -12.279808 2.8575559 -12.611644 4.2245674 -8.623259 0.2462164 
-362.92838 108.91763 37.268784 19.746006 15.870494 14.210126 -13.678868 18.9857 -17.37393 8.969952 -13.665989 4.412068 -10.938198 1.2735543 -9.824318 4.589696 -11.715276 5.177043 -6.7940845 2.7380147 
-256.49155 98.71002 10.98172 46.65496 11.850207 1.379963 -21.38603 -1.5655869 -28.279964 6.7628713 -34.72166 -1.9686309 1.2089758 -0.33411187 -8.494718 -5.244258 5.4594994 10.48438 -24.243662 11.499261 
-325.751 133.58919 26.262854 41.698334 12.8661375 1.128865 -15.122377 2.9025028 -19.250029 4.610352 -23.503757 -1.2311473 -0.65104413 -3.3305743 -10.698268 -0.55265826 -3.3693614 -1.2919888 -14.425866 3.3032215 
-315.31146 88.48592 38.384525 49.574986 4.000689 11.609382 -12.893291 17.069464 -22.82974 4.87381 -6.9801226 -0.510352 -9.677408 1.2242701 -11.641764 3.0126603 -16.332474 5.7608237 -7.987455 0.5931316 
-254.84218 106.538414 17.76722 34.017963 1.6691737 11.115812 -9.697311 9.530458 -36.869526 -1.9594561 -18.416271 -3.0232816 -0.5931861 4.603103 -13.083009 5.0445848 -14.943746 -0.16763455 -4.9616523 -1.6073645 
-203.58348 142.80356 -37.095615 7.3978634 -15.858022 12.334265 9.278375 -4.3969088 -28.942024 18.804096 -16.16752 -2.0621784 -11.016765 -5.35494 0.9905976 -3.8686829 -11.483171 0.5707143 -12.3785 -4.8971195 
-299.13965 163.29018 21.24869 20.854395 -11.818838 -3.190147 -0.81807286 -1.8295836 -27.60157 8.118588 -14.584416 -4.9851804 -1.1791493 2.7319818 -4.2896023 1.8168074 -7.402615 -3.8023715 -10.367805 -6.3698697 
-246.0052 149.54199 1.5502857 13.804998 -19.502234 0.4968588 0.18798023 -4.523582 -47.208862 13.394875 -12.753006 4.579035 3.2045617 1.1420572 -2.0658026 -5.300583 -13.799898 -4.517153 -12.273838 -2.6605482 
-299.457 84.490265 48.377148 17.607477 13.599964 12.830248 -23.751244 10.137867 -19.998589 6.149157 -21.182194 2.0407197 -0.3979559 9.2577715 -12.4235 3.0170712 -8.812594 4.6706944 -13.837415 -4.801769 
-279.5516 156.20284 9.452499 3.5957189 -13.653526 5.83301 1.7370546 1.9159067 -35.49799 7.780085 -17.415459 1.0802587 -1.7810786 6.082467 -5.3202963 -8.691706 -14.395664 -1.7898911 -11.156005 0.9858977 
-346.84436 154.9444 11.493095 21.023144 -7.7408624 4.1492305 -3.5756319 10.517619 -11.342596 7.358735 -13.431805 3.2646387 -1.4758984 7.138224 -6.160935 -2.346338 -15.720596 -0.5733288 -8.433963 2.5933201 
-373.9398 129.55792 5.1762214 31.085762 19.296648 18.158682 -7.908259 7.312437 -14.045893 12.647034 -14.389788 0.49526325 -1.5326449 9.492355 -10.717187 -1.3658854 -16.213066 7.045446 -5.829249 -3.6590228 
-285.702 113.913506 -5.898065 51.333084 10.376569 -16.210497 4.41743 -2.6756995 -23.635794 -7.0114307 -15.969196 14.742684 -9.553386 -2.750249 -3.214149 3.560149 -14.034904 1.7628576 -14.756683 -7.383961 
-209.79419 79.619095 3.415874 36.28665 1.5123414 -0.9228289 -12.375392 15.224903 -17.365494 -11.736697 -14.984863 -3.7690065 -13.217831 -2.3287213 -15.6802025 -0.24312592 -13.851859 -5.4943023 -7.2253366 7.231329 
-205.87961 119.71957 -48.79279 22.238579 -1.1513141 13.62111 -2.2209756 -5.3277507 -13.542791 5.2734814 -13.4510975 -1.6558464 -13.873832 2.125637 -11.827256 -6.097018 -7.186939 -15.396772 -8.828527 -7.7074685 
-331.6046 139.55653 6.0836625 35.720863 5.8240037 2.9486103 -10.026213 -2.697133 -22.97955 1.5177193 -11.5143795 2.0288455 -8.52954 6.4590116 -3.8095996 0.09017176 -8.468987 -7.504381 -4.0157943 -3.5470548 
-387.45078 132.17303 22.095589 34.852352 12.579008 12.592757 -8.874355 14.059118 -15.844118 4.943606 -14.336149 1.957791 -8.792895 1.7752575 -10.805383 1.606602 -12.262174 2.8674588 -9.217006 1.1476624 
-375.22845 129.77386 12.770905 30.018541 9.218105 12.729314 -3.940817 10.97532 -14.910427 7.800271 -10.952282 2.560174 -6.1291027 1.8248134 -8.699388 3.104666 -9.86361 3.8244467 -7.165636 -1.554015 
-271.41382 165.89215 -17.879635 0.14994495 -10.776844 8.333298 8.284634 13.424138 -39.46907 6.6952615 -9.733425 0.907767 2.01394 -2.2535825 -2.529933 -7.342611 -16.41703 2.34308 -5.4043407 -5.481118 
-279.3971 130.65985 13.321904 14.096491 6.5453 10.207725 -8.920473 -13.767224 -31.55143 4.5931745 -5.4736524 4.0854163 -8.144237 5.2067394 -4.057951 0.86620486 -12.186191 -1.5900006 -10.519181 -6.7210402 
-259.79663 116.54606 16.87899 28.041742 14.982424 1.2956456 -23.531332 1.6946642 -32.655987 2.840166 -18.428898 -3.734734 3.582651 7.461196 -12.977278 0.10520002 -11.736047 0.27278286 -14.9905615 -6.214933 
-234.26343 56.49424 25.010836 46.01558 6.496894 -2.3902223 -22.899183 16.748787 -37.989086 1.7001882 -19.683716 9.826516 -5.829556 0.21082729 -3.2903526 1.7019686 -8.908204 0.5871751 -8.349497 1.0588899 
-260.9701 42.35281 58.79644 20.916176 9.286713 16.57634 -27.323849 25.788982 -25.88575 5.15547 -16.925362 11.319598 -8.883192 5.3363295 -13.775351 3.3969965 -11.5784025 2.2972617 -13.812523 4.5001974 
-263.09183 109.20489 12.004143 29.0542 7.591314 10.200593 -21.199028 11.889436 -30.379692 0.8053635 -15.98682 0.30610234 -5.9534435 3.750863 -9.0218315 1.685779 -18.207796 1.4563544 -7.6782513 -7.6760983 
-287.6665 134.70801 17.308327 19.530252 2.852976 8.964586 -11.070267 -1.3580661 -33.029346 3.1336277 -6.310233 -10.759373 -7.951199 5.9299088 -7.430301 -1.6574455 -13.701255 -11.430724 -8.593884 -3.941246 
-316.3564 132.91045 25.927542 21.422777 9.7955885 13.157225 -21.682549 -4.358552 -32.984512 5.853473 -11.236246 0.6177251 -2.113048 4.555153 -9.022525 -1.0377227 -15.736836 -2.5001905 -4.0651073 -3.214897 
-301.30978 87.361984 41.56652 38.217617 18.63735 5.6688786 -18.542267 18.146029 -31.734825 6.6261945 -26.817116 4.3192563 -6.6620755 -4.975548 -14.763887 2.1969714 -9.359819 -0.85420823 -11.196552 4.596072 
-287.03976 105.76206 26.984816 33.069107 21.401323 4.894739 -15.5023365 7.8492455 -31.54523 12.172062 -26.777662 -7.574961 1.3094602 0.89842916 -16.195217 -5.376397 2.0298493 4.36977 -10.520708 -0.69465196 
-352.16434 135.86545 20.510159 32.900154 13.763007 8.976681 -12.428388 4.1933355 -11.858985 1.4624124 -16.68491 -5.634754 -4.711274 -2.0293589 -10.518314 -7.3329206 -4.228191 1.6171279 -8.045181 3.0106587 
-350.4931 142.173 22.485252 25.626616 4.4660225 8.339718 -3.2035234 5.112326 -18.618109 0.41389582 -13.979456 -1.8384906 -2.1373663 -0.505137 -6.2452807 -1.8093889 -4.5925655 -0.0018072128 -7.194638 -1.0829388 
-250.66414 115.07205 8.329631 34.96957 5.740871 3.7041578 -8.792213 -13.71314 -29.934628 2.5295424 -16.738892 1.2844081 -5.4320645 -5.2103457 1.2104881 -2.3218951 -6.0165133 7.2366486 -9.8238945 -1.6357695 
-238.90845 130.46982 -17.897818 18.473438 4.1429086 5.6655855 4.4754553 1.4502217 -27.58101 15.799493 -22.877567 -7.2702723 -4.5645094 3.946579 3.042983 1.3776802 -17.665422 1.8643625 -6.9474497 -8.048544 
-330.42984 153.07846 22.798113 20.251091 4.464531 1.3806674 -8.101661 6.2595143 -25.558716 -4.4479685 -12.223743 4.1454215 -2.1247473 1.5247449 -6.9379654 0.70871997 -12.034841 -2.530015 -10.573772 -5.956724 
-190.78574 129.09077 -23.595198 -10.02734 -20.033173 4.911776 21.912855 -2.1374 -40.320507 20.77036 -11.254596 5.398905 -6.1577435 -1.0656857 -2.6765738 -2.5817385 -12.940533 4.0068593 -12.790195 0.0880099 
-265.5415 159.03424 -30.004368 -17.593227 -16.972103 24.43092 22.150164 13.154954 -28.961538 2.0645113 -0.11766492 -3.8405554 -8.7480345 -4.3635635 -4.7150455 1.2458416 -10.646071 -1.0010816 -13.173764 -2.9724908 
-280.27786 145.59259 -5.624105 10.546963 -5.9916153 10.654383 -1.4999957 -4.041779 -21.204344 8.357465 -4.6554956 7.1823707 -4.794372 3.8067877 -15.727818 -6.328884 -8.932476 -2.1065807 -8.777959 -0.040716954 
-237.83835 131.21039 -4.9723926 20.632675 -6.1657815 -2.1425364 -26.875616 -1.6342378 -19.498405 11.535294 -21.895058 0.11796464 -0.2462252 9.291538 -17.568542 -13.497752 -4.5905676 -5.3354244 -19.68859 -3.2609656 
-241.3245 158.43312 -34.551304 3.062445 -13.2902 6.8083134 11.575922 -4.528561 -27.321182 16.534782 -26.246357 -4.8581443 -4.7218227 3.8344164 -4.2045736 -0.6405099 -18.153639 -6.055466 -9.501762 -9.212213 
-235.10623 145.7532 16.877155 2.829322 -38.39894 5.2282696 13.083752 -5.3906918 -37.825977 10.15184 -24.641668 4.2682614 8.286942 -6.5384283 -4.695286 4.230482 -10.480367 -4.589574 -5.7819805 -6.1113696 
-264.1228 110.74759 22.300442 28.809526 -10.980582 1.9260398 -8.84089 0.38503975 -17.714828 5.4869 -20.718536 -1.4414384 -9.813828 0.67990845 -3.975864 0.17059782 -8.286498 -1.8673393 -16.548584 -1.5426638 
-275.3956 95.910225 39.516563 24.550398 8.643627 8.452466 -18.596786 0.065166526 -20.867447 9.0764 -22.051813 -1.0315651 -1.2893208 5.1897993 -7.8419714 -4.634551 -5.8384166 12.409898 -16.42721 -4.932378 
-340.82584 118.766914 3.5129805 36.18982 20.696358 13.448905 -12.532573 9.906116 -14.322227 6.4395237 -21.023346 2.2496805 -2.962904 11.247305 -4.5286727 -8.363965 -15.40402 8.557404 -5.4229074 -6.1940746 
-336.15112 127.47885 20.610043 22.750326 13.738426 7.115814 -4.4336877 4.5687714 -21.531685 1.5735774 -11.22787 0.5703322 -7.0790396 1.0330063 -5.159522 1.9543275 -11.9039 -0.2696875 -7.995103 -8.315941 
-264.15268 134.45457 10.389723 22.570356 14.911207 -0.5184863 -2.784113 7.3448825 -33.847645 -7.8896136 -10.7421665 3.3324368 -8.01813 0.46871075 -6.245599 -2.134839 -11.691395 2.3216732 -8.441884 -8.121162 
-268.2165 114.536705 8.646264 48.887 13.178669 -20.539476 -11.485919 8.559917 -31.270987 -0.938271 -13.404379 13.923617 -3.110188 0.9639385 3.7024775 -2.6798735 -16.183533 1.1600957 -16.077421 -11.811301 
-256.5308 82.13316 19.587496 51.995945 4.982725 -17.41409 -1.9496672 4.9811687 -27.769089 2.1371322 -22.462246 9.497407 -7.506787 -4.6279597 -6.2244635 0.7190925 -12.516931 3.983115 -17.040125 -1.5160084 
-348.9784 132.67255 27.40333 51.66426 13.419451 -4.288672 -5.788997 4.252161 -25.239552 -2.1064076 -15.807397 -0.41745177 -8.248556 -6.8959827 -3.5000064 -5.9488516 -11.6554985 8.239798 -8.816082 0.7917843 
-384.01312 130.94138 22.30772 29.649637 12.711063 11.680202 -11.187639 9.036018 -9.537814 8.15684 -11.430317 2.6302028 -4.53546 1.9934483 -11.722563 2.2901642 -8.595684 3.8509479 -7.191197 -1.5469892 
-394.06122 132.81392 17.010597 30.967855 15.111518 11.2568245 -8.546627 12.532056 -12.650561 2.8711097 -12.621268 3.0248303 -7.303655 0.74659467 -12.591773 -1.7629588 -13.267398 -0.07015048 -9.015566 -1.7161644 
-325.73486 129.86053 6.803528 7.166292 14.906241 12.39486 2.1022515 8.442389 -16.577326 4.1291695 -11.653258 1.6912725 -8.000316 -3.7337122 -6.92851 3.4187274 -17.30432 2.249936 -8.37189 -6.087385 
-206.88959 100.44321 -13.012159 -2.9360104 5.874042 30.857178 -5.8136992 12.859806 -26.898478 3.417627 -17.307053 2.6756995 -1.9973665 1.0256956 -7.0328264 -1.7201304 -17.133139 2.6734657 -8.248572 -3.0869224 
-230.09271 136.11066 -20.272726 15.91943 4.453171 12.397286 -11.881422 3.4595666 -31.0913 14.052821 -24.490498 -8.39789 -1.4177847 6.478136 -1.1386967 -1.9846396 -21.470022 -1.0552015 -12.112691 -12.14427 
-302.4425 167.00876 0.11305947 25.834568 -2.1216583 -0.70563674 7.4015045 -4.412267 -36.269577 1.6319652 -8.479506 1.2039112 0.56887794 3.252407 -1.6657183 -5.296455 -12.782525 -4.761614 -5.9706 -8.39211 
-297.00424 130.84856 20.707224 31.97979 2.4083014 -0.60346985 -0.31649452 -12.08338 -39.410767 -2.0145965 -16.230207 7.3274 -3.6441214 -2.170228 0.18455113 0.6568438 -10.922395 5.605201 -6.6745996 -10.30376 
-250.93561 106.231964 15.08817 23.926195 -0.06085131 -1.1035475 -8.966358 -1.215342 -40.689987 3.7422316 -23.660957 10.228504 -5.1603684 3.3425047 -5.703753 -5.0602093 -8.795101 2.0690682 -14.015082 -6.307883 
-295.76013 160.31848 -2.5201125 0.7224103 -8.1554 11.637476 0.38044104 7.0533795 -29.163761 9.437127 -14.518246 7.060718 1.871496 -0.41402754 -6.674062 -3.6126394 -14.343426 2.825664 -7.910142 -7.223966 
-336.8222 130.29143 32.257584 31.545082 15.929821 9.1582155 -18.039154 12.524664 -20.568014 1.0649924 -14.068695 -3.6232414 -6.814785 -1.6714638 -9.268661 1.0465641 -13.08028 -3.6956334 -8.965018 -1.2621226 
-264.53586 104.1555 18.054134 48.8733 4.107084 -7.563846 -21.28935 15.260642 -39.599705 -2.7761538 -9.740415 2.927564 -7.67177 -3.0448468 -0.03548066 -2.5850542 -16.52339 5.8967175 -8.3313465 -5.669122 
-205.68059 129.65118 -52.30127 0.4829365 -5.9206944 36.7497 -8.157723 15.460436 -24.983894 7.440996 -11.225373 -14.7478285 3.1062675 6.383931 -0.70036596 -9.43092 -16.00698 7.9840326 -5.038839 -5.7143216 
-184.90527 78.0516 24.183706 27.362219 -0.79647213 -16.254824 -26.48849 9.997639 -29.30232 2.0341537 -16.170927 4.967313 -3.1782036 5.157652 -10.6413355 3.1663938 -14.449361 -0.32744682 -9.915712 -5.8422546 
-291.10855 115.84147 -7.045056 51.10464 9.956604 -14.124438 -14.06883 14.034221 -18.997221 5.955417 -14.401845 12.812617 -5.8312497 3.0409606 -1.2874726 -6.423301 -8.513301 -3.8060908 -12.673991 0.24546912 
-385.56784 131.71751 8.526719 38.155373 16.68174 6.1438594 -10.973478 15.279195 -12.772693 6.712654 -12.0803585 3.9348917 -7.645718 4.0856295 -7.640291 0.77761406 -13.559772 3.1174796 -9.525319 -3.1562014 
-402.26703 141.87624 16.856049 37.248505 14.570903 12.191419 -11.51041 14.198771 -10.921943 7.068091 -11.771714 4.3591614 -6.170195 3.3993647 -11.658016 2.5124702 -9.509341 3.3645976 -11.443925 -2.3411875 
-284.31555 117.9254 6.6841245 17.545103 20.412743 2.034105 -8.765701 7.891248 -14.546158 0.4004451 -13.291057 -0.3087793 -3.8933957 8.573308 -12.079825 -1.0270869 -13.339746 2.724067 -13.28589 -7.0665646 
-221.8858 128.78154 -47.409462 35.472385 1.8713619 -16.625467 -8.339655 4.095092 -5.029988 -4.9907126 -14.462317 -1.2874757 -11.189773 7.939948 -14.17269 12.44654 -8.075607 -0.14161618 -9.939889 -21.417158 
-232.45467 166.05829 -27.11103 -9.39131 -14.085417 6.8255816 5.6584344 2.302992 -27.058743 6.267798 -17.763203 -6.6842504 -7.8878307 14.326998 -6.75786 -1.9525948 -12.162533 -3.9959395 -7.6030927 -11.336402 
-211.78943 133.1348 -1.0093626 6.236411 -27.328806 18.311663 12.005327 -15.804118 -42.38093 14.728829 -13.120778 14.505066 3.3736932 0.8012794 -6.2194295 -5.1832037 -2.117532 -8.473011 -1.883351 -3.3552203 
-219.49583 119.047485 -10.653439 6.5680084 -15.579778 26.643938 -0.56276023 -10.174503 -32.66535 14.1283655 -13.833651 12.630073 -14.54684 -4.0118 -2.9280431 -1.0167519 -7.246626 1.2115432 -11.485315 -4.875603 
-226.25104 119.76199 -27.569477 3.934499 -0.69693685 29.734009 -0.15959337 12.051296 -30.47364 7.520489 -25.542868 0.0070463815 -0.8579226 1.6192987 -1.4939016 0.85957265 -24.5948 7.1078925 -11.484863 -10.5062475 
-222.86284 124.559845 -24.039595 19.726803 -3.8843067 2.341348 -9.580324 2.2950037 -27.06741 9.766669 -19.352749 11.068551 -6.959004 5.818394 -7.313674 -13.561137 -5.167456 -6.0651755 -1.3156501 -8.392338 
-262.8606 109.53535 -14.993402 68.96683 4.5430055 -24.439623 -3.7575188 10.180973 -27.868093 -7.806349 -10.480389 12.924019 -16.600588 2.7165816 0.085318774 -20.091805 -2.3058796 -0.25748393 -3.5384617 1.064709 
-230.27533 108.17119 -5.1999707 25.9614 6.8044434 15.6331005 -8.6759 -5.163152 -34.533356 18.256996 -18.934467 -1.1993042 -5.5389667 16.726751 -3.2726114 -7.9819837 -13.781323 0.35990998 -6.093359 -9.497386 
-303.16052 149.00092 29.395695 28.943472 -5.685795 -0.05109363 -8.99229 1.1780431 -34.03096 -0.90414417 -19.214434 -4.888033 1.8809193 6.5118775 -9.065324 -2.1166556 -16.221287 -4.2575116 -3.322803 -5.0166645 
-294.47913 152.57701 25.042807 19.172848 -14.23402 4.974232 3.1677005 3.294177 -30.19341 1.6502333 -23.314568 1.3447942 -0.508004 4.2554607 -6.2729383 -0.5431148 -14.53579 -7.5750427 -7.859217 -6.32428 
-288.0071 156.19563 3.8865023 18.979235 19.543638 9.384743 -25.688354 -8.877253 -34.628834 11.436631 -12.567255 -4.290402 3.204975 7.1063447 -5.4224477 -3.396303 -14.654073 -4.8756576 -0.52934843 -6.0536695 
-297.76926 99.86365 42.703346 38.300606 9.637301 4.880681 -15.933816 11.629276 -26.114628 0.39909756 -12.238678 3.6808908 -7.082452 3.0056226 -10.365734 1.6289439 -10.842285 1.1366551 -5.180456 2.4544683 
-252.81079 84.09663 22.516418 52.62107 4.374274 1.7759209 -12.111804 -0.69982374 -17.784975 -4.4540234 -22.770895 14.423911 -5.016002 1.5390228 -2.3130374 2.2855964 -6.5447726 1.8745215 -13.955634 5.447684 
-282.90775 127.25396 43.650497 18.231667 3.6376143 5.215553 -10.634697 -4.015306 -30.630453 -2.3279123 -29.852623 0.41814613 -10.420584 4.9659104 -8.17178 -0.27515548 -12.983607 2.4901133 -7.55445 -0.49525017 
-383.95227 132.9186 24.062248 27.328701 14.166284 14.696018 -9.412522 12.727101 -15.244771 3.6160595 -17.768274 -0.16513102 -9.088209 2.874142 -8.62527 0.17249407 -7.892505 3.1392736 -11.295186 -0.0399491 
-397.92447 143.25958 13.25804 32.500626 9.480604 12.848104 -10.048276 13.36189 -14.960203 4.727547 -14.059511 4.620747 -6.392184 0.24760665 -8.257522 1.4165368 -11.370499 0.36158568 -8.485065 -0.3800582 
-336.82217 132.38872 22.238949 40.501724 14.134717 4.1942525 -8.544335 5.8792105 -23.889061 3.6751735 -16.025618 -3.5160306 -3.8576617 -0.7418697 -6.398105 -2.400094 -8.053727 -3.9218357 -7.7255597 -4.3601894 
-201.29807 118.63626 -20.969635 43.16033 18.867851 -24.890932 -15.569563 -12.7257 -19.947708 -2.6209319 -27.213497 12.596379 5.310124 2.9994438 -1.1816458 -0.20046213 -6.2096047 1.8488977 -6.5692496 -16.629807 
-252.9722 89.43768 39.910465 16.443308 11.630074 7.125376 -23.981325 -5.3444276 -20.414848 3.8368177 -27.390844 6.1747656 3.0902343 7.520525 -16.544943 1.5766239 -12.684107 0.5647825 -12.426634 -8.393186 
-211.65236 148.10599 -18.736767 -4.250596 -20.258022 16.380043 3.2309113 -5.4949746 -26.373528 20.430609 -19.911812 -2.5644727 -6.8392735 6.397337 -6.705112 -1.623462 -16.459682 0.7008873 -11.157898 -6.237426 
-320.1734 155.0528 25.489855 29.193718 -5.527415 1.7843361 -0.6939155 4.651129 -30.79014 -0.26341718 -20.14703 -2.0881243 4.7543716 6.1352444 -3.8739963 1.6630014 -11.809239 -7.1627207 -2.2035632 -5.2029715 
-314.0443 147.92683 19.574608 22.7928 -10.938501 11.197895 3.9671702 0.5808149 -30.64213 -0.27885076 -20.87604 3.1412857 3.235029 4.058549 -10.081888 -1.0886108 -10.566708 -0.5445434 -9.020949 -7.60248 
-335.62506 150.92816 20.923588 27.703745 19.36604 10.604506 -13.686807 -0.7327435 -19.873941 1.8758066 -15.62019 -11.021975 -4.772865 6.601677 -6.227438 0.15093696 -9.054312 -1.4941216 -10.019946 -1.3700857 
-319.6028 145.99712 31.85259 19.409874 2.318092 2.7580645 -7.464915 -4.0294476 -28.575083 -4.9374666 -21.194895 -1.0307518 1.903641 3.7133472 -10.618222 3.1780589 -12.678498 -3.243613 -5.6569476 -4.1948647 
-247.77113 102.82721 16.944418 36.4778 14.449696 -5.81785 -12.864004 -1.7415631 -24.297276 3.4592297 -30.486464 5.3566904 8.34235 0.42147002 -7.968303 2.5893219 0.39335203 -6.1257153 -13.76395 -0.2885249 
-298.76758 124.58632 21.246359 33.185818 13.648703 -6.5451865 -3.8776731 -2.0601022 -26.020908 -1.4453356 -23.12806 7.002805 -1.7405128 -0.9661653 1.5851485 -1.6312357 -0.854773 -1.3975688 -12.181688 -1.8252157 
-258.443 98.798256 25.346176 19.084778 13.47216 10.266568 -19.07201 -2.4064634 -27.202883 9.697956 -19.596716 3.4145648 -0.48801687 8.037365 -9.330253 0.8454777 -10.320965 -1.2132913 -10.245343 -15.24381 
-277.6859 104.05436 30.847847 28.722368 11.772665 6.9293084 -23.163738 2.976518 -27.382965 4.805229 -33.541435 -3.2673514 3.3258753 2.5688295 -18.186691 0.67750573 0.5259497 2.9560945 -14.838514 5.108874 
-297.59146 134.69089 26.915514 21.257254 11.627653 9.522742 -14.997879 -3.5364683 -27.155891 5.4991083 -14.436537 -5.2031183 -5.6997204 1.5175345 -10.237726 -3.78742 -9.346951 0.6837084 -7.2485833 -8.386592 
-280.07962 141.38037 3.95969 35.544083 16.497345 -15.236019 -20.42736 -1.9324303 -36.79569 -6.108078 -16.340483 -0.2924832 1.7151203 -5.6182294 -2.4458208 0.74141693 -8.553771 11.966928 -7.950269 -4.389208 
-284.6537 59.51182 41.027832 40.592346 -0.76655376 8.221888 -10.295924 9.189477 -34.323917 13.07976 -18.908821 5.6748424 -7.057052 4.0747266 -10.422523 6.7591105 -14.677577 2.832504 -8.042659 1.3552372 
-333.27594 131.7871 32.451107 35.344284 12.166307 2.994272 -19.947786 -0.524942 -29.03502 2.5776849 -18.953066 2.946122 -7.857589 2.557571 -1.2158141 -0.31587544 -12.747638 -1.216759 -4.7439795 -3.1943846 
-369.91812 137.52797 29.486002 30.904259 15.421509 11.346587 -9.706259 7.591239 -15.628994 5.0157156 -7.439365 3.9429958 -7.314391 2.1684217 -10.856868 0.10496484 -10.532741 1.1299921 -8.729443 -4.3702564 
-386.21005 130.19588 22.740095 32.226814 12.280308 15.351427 -6.6172867 11.298677 -13.070792 6.625178 -11.220444 1.601706 -4.859534 2.4044838 -11.758456 -1.9134669 -13.492522 5.7559237 -9.009328 -1.0181502 
-391.59854 131.27121 24.624535 33.91978 15.410146 14.746717 -10.139659 12.251554 -15.351444 7.558364 -11.623395 1.0001569 -4.438276 5.101871 -9.696995 2.236906 -10.280988 5.1822834 -9.742611 -0.8938544 
-397.4543 131.88808 19.701952 28.937412 12.672898 11.813882 -10.146414 13.633459 -15.047936 6.686183 -14.076152 6.560221 -8.042209 4.863033 -10.227275 6.4690394 -11.3743925 8.387551 -10.592631 -1.505746 
