-388.332 126.12796 19.496931 36.21152 13.608643 14.662929 -11.689107 10.038862 -11.952299 7.9211993 -11.792034 7.2179465 -5.338181 4.7343163 -11.491148 4.339391 -9.113804 4.085483 -9.416982 -1.8225719 
-381.93567 128.48166 23.610125 34.069912 8.502603 12.561285 -6.5216484 10.644857 -10.938053 7.737224 -11.972734 2.7481148 -3.4535735 0.59009373 -8.589674 -0.085046925 -12.143191 4.966811 -9.732036 -1.6294255 
-276.78143 149.76427 8.965733 5.4423428 -13.485347 9.9289055 12.22535 -0.8608792 -36.97529 1.6327684 -20.53609 2.1729803 -3.6235552 2.0079432 -5.3780556 5.102739 -6.5838223 3.2415059 -6.2224994 -12.99173 
-269.5964 152.49493 -14.245455 4.485257 -15.249218 17.563274 15.966393 -17.284454 -21.835466 7.96824 -9.5414915 4.468662 -16.467611 -2.2352736 -4.462855 -1.797951 -9.301297 -13.026839 -23.217686 -5.1547747 
-315.49512 153.66222 9.739941 15.177907 -12.7176285 4.510572 5.2850986 -2.3580754 -23.02569 -2.6383476 -14.485051 10.771839 -10.345167 2.078039 -13.280391 -4.6559553 -19.667213 -2.202656 -11.40804 -12.866427 
-278.94684 137.15335 14.699736 10.187999 -13.571272 9.722722 13.423621 -16.683834 -29.45819 0.37918997 -15.301878 9.922192 -7.3348465 -1.6577734 -13.129771 -1.5645692 -14.595468 -5.188831 -17.350908 3.4659636 
-243.23372 151.0774 -11.49828 -1.5544463 -29.351213 11.527287 21.300154 -9.283622 -22.76985 -0.17293644 -14.10854 2.5494325 -4.045348 0.51417047 -13.111618 -0.074945316 -10.73437 -1.8541377 -11.495773 -17.069801 
-171.50137 114.99215 -87.52682 7.911793 -12.836788 40.432255 39.018818 -16.99636 -26.153015 -1.9002223 -15.639781 2.5015967 -17.030155 11.996496 -2.946371 1.0533019 -14.298763 -4.2327623 -5.6174655 -11.668365 
-264.42087 115.66489 -25.801964 14.633676 -1.7393663 33.060787 4.45704 1.1847962 -17.654291 12.973066 -23.376259 8.1862135 -12.191189 8.907124 -1.5449148 -11.229118 -13.255944 2.8048065 -11.066285 2.9967868 
-227.23676 147.03648 -34.8821 1.3651913 -11.078525 12.99088 2.251298 -6.8044653 -16.543455 0.79288757 -19.0614 10.545599 -12.407027 4.518351 -1.3166313 -4.394906 -12.268734 -4.294357 -6.826352 -4.344778 
-265.76672 150.33368 -3.1172993 12.493774 -3.6986177 9.621199 -1.3087065 -6.4622188 -27.743464 6.211133 -16.175325 17.215086 -11.25321 -10.185399 6.6404176 -0.32492054 -13.071758 2.1037533 -7.7325373 -16.082302 
-254.50285 139.90636 -19.301283 13.402887 -14.212862 16.263308 16.146944 -6.948485 -41.40316 14.514075 -25.59615 21.408014 -8.908093 -5.6216145 -3.760053 -5.0135612 -13.680922 3.666177 -3.1433182 -12.111035 
-285.81808 117.21506 21.176258 15.306067 -7.5943856 10.059641 3.6063843 2.836659 -43.478245 8.3030205 -18.679056 11.848002 0.8056584 3.3363874 -6.3991637 -7.8303156 -10.924429 -2.955926 -9.607244 -12.03384 
-284.69696 151.64685 -13.509271 5.4559383 -7.170454 22.475943 9.190174 -3.0441983 -32.787094 4.011359 -15.1765375 14.056712 -9.645523 -2.4799547 -3.8952093 -3.8078537 -10.0936985 1.2311772 -9.872679 -10.981157 
-293.8196 89.60141 40.746372 33.016678 7.998942 19.35328 -22.167429 8.512566 -26.987206 7.817751 -18.329628 2.4702272 -8.636174 12.517355 -14.590919 -6.004363 -6.9588046 6.9792833 -5.231064 -6.7331085 
-278.3237 122.79796 3.515248 44.872707 11.23316 1.2676148 -18.377575 0.6564723 -27.242172 9.337116 -25.47132 0.64966846 -12.142559 12.07079 -5.399639 -15.740116 8.524601 8.0176 -18.97314 -3.1132262 
-370.00867 130.34831 16.399925 34.21883 14.457131 14.013268 -7.6304417 7.5039554 -6.7912645 8.541014 -14.201544 1.2310115 -9.230997 3.3226912 -10.81379 -0.36464465 -7.4963894 5.415785 -9.046636 -5.771661 
-382.50107 134.72665 16.676216 31.173876 16.511862 13.754822 -5.6916075 9.628718 -9.668543 7.984947 -12.5465355 0.54803824 -5.1199746 4.126605 -8.066608 -2.0290735 -12.368259 5.9713497 -6.9427557 0.13375595 
-372.88437 137.16951 26.928947 31.979746 13.904129 8.11306 -11.1579895 3.7058275 -14.58008 4.8427215 -12.107166 -0.944444 -8.088581 1.3014092 -9.019838 0.43590796 -10.104951 1.6861595 -10.772228 -3.6033125 
-292.6475 151.9117 19.484436 22.744858 5.8909564 -5.0787053 -3.9876442 9.175453 -27.975775 -1.352518 -8.89637 -1.0777031 -9.230021 3.4530718 -3.250281 -1.1077126 -13.40929 -6.864914 -7.8450108 -9.967543 
-248.40771 145.73032 -17.549465 26.254189 5.4670577 -1.5742509 -4.3857236 -1.3958565 -26.851837 4.446958 -14.765339 9.108677 -8.657231 8.03394 -5.9799814 -4.140343 -9.085421 0.17492932 -6.857355 -22.24705 
-205.63141 79.10369 -4.1672707 79.87934 -14.427207 -22.070524 12.6958065 -8.853335 -36.1903 -6.9736156 -10.198539 17.732185 -16.875128 9.028312 -7.2812705 -6.8077292 -16.41883 -7.10653 -10.008564 -15.000431 
-252.46278 46.354767 67.832726 50.323345 -1.9012318 11.902472 -20.803652 20.247091 -37.61416 -0.13546878 -10.293419 4.039151 -9.9216585 0.49198067 -5.5077963 2.1878963 -15.179718 7.0830555 -9.27064 -5.010229 
-261.18274 48.44292 43.91624 63.201614 -5.2210903 3.9335217 -11.829984 19.335112 -41.894444 9.8946495 -20.056767 8.314063 -11.845474 -2.473979 -2.6943176 5.7753205 -18.229208 1.3125055 -5.0236 -8.594947 
-227.67201 130.81604 -47.58264 5.389129 -9.6563225 35.62342 17.9746 15.679033 -39.264534 7.640169 -7.1110287 -4.716466 4.2672043 -1.8042234 2.8645978 -1.401278 -27.148212 6.8117313 -9.721774 -13.839172 
-276.5185 153.38005 -33.14479 -2.0861015 -21.737795 24.909372 36.41404 13.17783 -36.415657 2.437133 -17.046396 -1.9650332 6.6005764 -7.8360834 -2.2733586 4.7306833 -25.193672 15.344108 -9.002027 -14.292409 
-376.86584 145.58688 15.129664 22.76971 4.0946307 13.045235 0.39740157 16.669437 -12.896802 3.4004483 -17.423944 6.5286613 -6.074851 3.3244638 -11.093625 1.9522634 -9.923488 7.044347 -7.714323 1.1278809 
-347.8052 136.16257 10.196555 41.752495 15.77306 3.1659708 -8.376255 2.2920046 -14.490847 2.1182551 -15.286763 2.6196663 -5.8848233 2.8849726 -5.9658403 -2.7065206 -7.8888006 3.207775 -7.0740614 -1.6341788 
-281.78952 133.29993 -0.34966236 43.34337 11.377883 -10.583442 -14.384062 -3.8175921 -25.384085 4.83378 -18.88183 9.085982 -3.1343527 8.174822 2.6727047 -7.2466702 -6.4725437 3.1268868 -9.986512 -9.819341 
-301.8014 161.35007 12.223799 21.125536 -4.556526 -0.5229691 -1.7995216 -7.976497 -34.365177 -4.9638715 -11.88182 7.836947 -1.3633256 5.60382 -1.2414527 -1.5654566 -9.914044 -0.021258248 -5.9740095 -4.1804676 
-255.82365 99.268036 24.756271 9.563141 8.4985895 11.799863 -25.221703 -0.90900695 -26.511013 12.4735155 -16.336311 2.282155 -2.363444 9.669724 -10.840646 -6.280582 -18.361702 4.763385 -10.866921 -5.320993 
-236.85858 99.15753 11.399018 21.517021 6.373911 17.11219 -31.506508 11.411928 -22.151339 0.69135284 -21.442657 7.438796 -7.4055405 2.5419486 -3.8711658 -2.4755254 -13.593186 0.651119 -18.52223 -3.809422 
-265.05103 91.968475 31.007315 16.12809 6.9431186 16.501984 -18.977303 9.777429 -23.923529 0.529018 -20.59233 5.4058366 -17.068525 1.1773481 -10.58457 -0.6831701 -11.16492 2.1502771 -11.147829 -2.0996468 
-266.12613 141.92357 5.031912 30.675955 5.9493694 -5.939754 -13.02597 -9.600863 -40.427128 2.8851318 -14.969711 14.254354 -5.811893 -2.9295852 11.5777445 -0.19486332 -10.794628 -0.01484198 -7.265369 -1.7561288 
-273.4356 77.048294 42.964325 48.54238 -7.7884936 17.608244 -24.487785 10.185156 -22.518497 -3.382549 -11.098096 10.162801 -11.513194 2.3785274 -7.8998685 -3.7254343 -13.474864 0.15784365 -10.325377 -3.7677622 
-242.43018 95.66396 17.2947 43.313347 0.3279878 -5.3396955 -9.567698 5.5321827 -31.251974 -3.3695476 -15.506229 10.088325 -6.328628 -3.387702 -3.2456114 -0.84483415 -10.59479 -4.9819603 -11.938343 -7.8964367 
-267.49796 87.39591 28.46544 37.003086 3.1839952 3.0188153 -20.13244 6.6981115 -27.340601 -1.2768954 -23.424084 12.406588 -3.8731554 1.0558172 -7.457072 -0.05235166 -7.949997 -4.0261803 -20.20638 2.9892228 
-230.46732 141.90608 -35.191986 26.243065 2.8138661 -0.16166109 -12.3576765 3.0082788 -29.215725 11.2738285 -25.218641 -1.94034 -5.5626655 2.125488 2.2891035 -10.347569 -13.473438 9.337328 -22.795956 -8.798996 
-296.50272 108.24019 38.332954 18.989628 15.698032 8.0479145 -21.029398 4.2141657 -19.790945 7.7978625 -18.019829 -1.2734569 -1.9027582 8.433672 -11.864102 -0.20793599 -10.173491 4.84894 -17.07705 -2.755505 
-254.05548 146.13074 -1.0454366 -13.291385 -15.09996 16.626274 11.547481 4.0940714 -31.69948 11.470343 -10.99976 -3.2549655 0.54352814 -5.4980907 -6.7592688 -4.2906246 -12.5832 4.0806637 -10.913714 -0.14820518 
-266.02127 136.19293 -1.4038771 0.65360236 -26.047245 11.647142 18.737295 12.71825 -13.780392 3.063178 -17.996645 4.7795844 -8.597038 -6.2488427 -1.4892671 -10.548577 -4.910057 8.948956 -12.159186 4.3709555 
-351.56287 127.363945 0.24526681 23.0671 8.979689 15.618632 6.7525578 11.727146 -20.395578 7.28691 -14.98938 4.5242047 -4.79893 2.8919225 -10.184727 0.6209652 -14.84309 4.137353 -11.498086 -6.8392925 
-285.35056 162.8257 19.55195 8.512685 -25.57456 -19.139551 -4.825722 19.257614 -37.28644 6.573972 -8.875688 -8.474873 4.1663933 14.889686 -10.725317 -4.2418995 -9.475779 -8.081822 -13.541218 -0.039548695 
-317.70862 167.0694 15.874721 26.22406 9.5053 0.220774 -17.865654 -1.4642922 -33.491787 3.6391156 -7.700615 -3.5900395 -6.2747197 8.228071 -7.6635895 -1.0941006 -7.7764935 1.7443954 -6.1420093 -1.0096799 
-297.52664 150.33775 0.6408145 47.04213 17.50778 -13.397821 -26.00575 0.63967705 -36.48413 0.48504502 -11.475422 2.6018443 0.5646606 5.913242 1.3391275 -11.249715 -16.166403 5.902529 -13.782719 -2.1038463 
-305.25012 103.537506 31.57979 38.935623 19.7477 0.7834742 -18.632376 9.018841 -31.532576 2.0748873 -14.256592 2.43914 -0.060991183 8.418787 -6.878107 3.8384035 -9.954006 7.843828 -11.682378 -4.1081333 
-206.1872 109.19192 -36.31319 39.01474 1.2195174 -9.06903 -0.48181576 -11.506909 -22.631866 4.8402824 -22.24109 1.0080613 -6.812943 14.0601845 -9.125874 -5.1234403 -2.0627732 -5.49246 -12.894217 -14.441771 
-185.40137 115.54138 -54.38687 30.69614 -9.0865 -6.6627474 2.579024 -15.166424 -17.649498 9.692732 -14.40694 14.364781 -20.321415 14.046112 -3.4229076 -8.4806595 -8.846189 -9.528371 -7.9273734 -11.745407 
-258.437 81.87236 32.577637 31.596483 -4.636952 12.617201 -7.1861725 4.3648276 -27.153395 12.0216 -23.396135 3.4968746 -6.5127025 -0.09359392 -8.749214 -3.971108 -7.426939 -3.8153725 -13.405003 0.7737576 
-296.3501 127.18907 33.93968 9.17804 -0.5225537 8.167749 -4.924157 4.8863816 -18.3219 0.91270995 -18.620306 3.9343402 -8.720785 2.2822263 -4.563061 0.8485801 -12.440147 -2.657941 -16.34763 -3.254941 
-328.23862 156.72618 18.15378 8.101946 -0.86640805 11.801253 -1.9269466 5.9257708 -23.409807 -5.3842583 -14.067672 7.6742826 1.1777482 2.4202402 -5.1844997 -2.5480928 -14.013432 3.4855988 -10.721149 -3.5932796 
-326.359 145.80832 32.956726 23.494873 -1.2966787 -2.0466042 -14.048008 2.0555732 -26.454105 11.221933 -11.871473 -2.6330862 -3.6509984 -3.1476593 -10.5721035 -0.8215935 -12.088201 -2.0026007 -11.688231 -11.15949 
-275.81573 156.2669 4.1338096 19.84654 1.7699882 10.996845 -11.638294 -13.768378 -33.998417 11.329824 -5.101507 -0.40481976 -3.1753302 4.196433 -5.492128 -2.7248335 -10.666346 2.222215 -7.718326 1.3046551 
-234.84125 144.36499 -58.49156 14.307277 16.58538 27.45353 7.349735 -0.97783536 -38.279934 16.506376 -17.29463 -9.673308 -2.0488214 3.278749 6.688162 -1.9486231 -24.851023 -1.1368817 -11.008764 -9.855801 
-235.97333 137.48941 -39.02853 -1.1738557 -3.5231314 27.449177 -4.8513947 8.931813 -37.946075 15.356228 -11.445935 -15.435368 6.97391 2.1533005 0.15259531 -6.2484283 -24.933708 2.6176708 -12.401301 -8.505284 
-264.73297 142.78477 -11.423905 3.39751 -30.22641 23.045387 22.69258 10.30079 -37.731415 9.624651 -18.338099 2.5902646 6.761099 -4.026106 -4.835388 -5.254582 -15.06612 2.2785425 -9.352173 -4.6632476 
-250.81473 120.46715 -15.492582 28.414288 -2.979226 13.555843 -8.819697 -3.2157316 -19.299452 15.050707 -14.819824 9.009539 -18.428173 2.0864127 -1.0450933 -14.017889 -7.99155 2.6676798 -8.95641 -1.1892447 
-303.59998 46.17182 53.878536 27.70122 -2.2228904 28.620474 -14.558661 16.005898 -17.990389 8.238393 -12.818516 7.1238503 -9.112096 4.4404583 -14.535834 9.891948 -12.747392 6.523622 -7.0809994 -3.53519 
-243.82878 98.09334 42.69994 8.4561615 -19.3811 13.667507 -2.578469 -3.2040365 -45.949425 1.0826405 -21.015606 7.7333755 1.3221669 5.5297275 -4.9456043 4.1478424 -11.405964 -1.0491388 -9.773341 -1.5375947 
-231.77748 91.60952 11.2927475 32.469837 3.9330988 -4.012747 -17.303692 11.309674 -32.891323 2.4663596 -13.198531 4.7249117 -3.7244687 7.031502 -3.6013505 1.4226252 -19.467234 -5.021412 -12.53823 -7.98128 
-237.51611 129.64296 4.72699 12.04884 -8.324663 11.406797 -6.430965 -0.4665221 -47.58693 21.068739 -5.65192 -3.4342864 -3.2460883 1.6296021 0.10442098 -5.171006 -10.761517 -5.4899735 -14.21845 1.7031544 
-223.89471 109.519356 -24.655159 25.257496 -23.789171 21.289822 -4.3731585 2.1455755 -34.664284 17.416111 -9.564826 0.597865 -2.3778186 -6.4405212 -4.89129 2.8056679 -12.442517 4.377004 -5.1398444 -6.371561 
-306.70013 116.78891 30.274742 14.745501 -2.996043 10.433819 2.7478485 -2.8550024 -23.55642 6.4264817 -12.799078 5.534517 -1.9384032 -1.7216096 -6.7843485 2.9606125 -10.987009 6.439197 -8.700254 -1.74209 
-328.22665 131.39188 36.410835 18.118416 3.6038752 15.874003 -8.444124 10.722536 -29.331543 -0.37252086 -13.579246 8.40083 -3.8427985 4.395277 -9.024922 2.2936435 -12.249108 1.6351428 -7.660848 -0.9463238 
-294.96774 112.01087 24.07117 22.97684 6.3826838 19.096178 -20.380745 6.7416873 -27.587242 13.168554 -19.17381 -4.184528 1.8531873 10.595694 -9.397788 -0.8294611 -15.485886 3.226295 -9.571782 -2.5358214 
-247.74596 51.713543 25.717247 57.79065 -10.977352 10.270906 -16.963112 19.510906 -30.498405 2.3043704 -17.389503 5.2217464 6.345556 -11.438729 -4.3308535 4.585845 -12.506964 -3.3172994 -5.878225 1.3345909 
-327.4043 118.18678 11.162045 52.826202 13.263574 2.1892946 -11.495462 8.433801 -14.880303 -3.8483489 -22.954184 4.449781 -6.4053173 -10.782429 -2.480672 1.7567887 -11.8993225 7.400927 -5.886546 -0.62481284 
-364.85748 128.50455 -5.096064 41.412605 23.5794 15.029042 -8.835726 15.994771 -10.399385 7.8041806 -17.476208 3.4340315 -6.6345553 9.69184 -12.947529 -2.4467986 -11.888286 2.7081661 -6.257185 -9.485236 
-375.42386 137.01434 0.77845 32.076584 19.77315 15.711343 -10.378262 8.389017 -12.280328 8.84876 -13.387762 -1.6153592 -7.426371 8.353858 -9.841557 -3.5808809 -11.696387 9.2678795 -5.2284565 -4.251554 
-280.24985 130.35368 -25.21033 13.000515 6.592817 14.662228 0.8316165 -0.10121642 -26.467995 4.036211 -11.24333 -0.93708205 -3.8044739 -5.012635 2.4806683 -1.7208111 -16.390493 2.7840981 -5.8315506 -10.631442 
-193.59018 148.97333 -55.317535 3.1596272 -11.864774 9.927655 8.396905 -6.180746 -19.277203 -0.24678057 -14.6114 -2.6447263 -3.9708667 -4.319315 -10.733996 -4.124604 -16.225155 -9.997983 -14.246499 -11.801503 
-237.78271 125.89983 -10.582236 19.724216 -4.582215 9.556503 -16.867546 -12.424556 -19.715643 8.084163 -12.349182 -5.2535114 -13.841664 0.59171504 -18.881212 -6.1978273 -11.357072 15.943924 8.356847 8.7825985 
-212.23375 93.04372 2.7607486 33.57648 1.4989482 -2.2196054 -23.887384 -5.861903 -22.208141 -3.2668025 -20.85514 11.932842 -3.2114673 7.1228867 -13.243618 1.6785719 -8.465681 -11.959911 -13.929206 -9.050024 
-237.9892 146.29027 12.573944 3.8101513 -18.551685 7.5248623 1.7375735 -7.486787 -41.867638 -0.50711143 -12.481434 6.544684 0.6837566 1.2599463 -0.34980476 -5.5706625 -14.679423 -6.6204014 -11.668995 -6.919137 
-265.29388 135.92581 -7.569909 46.19478 10.625888 -7.3708243 -9.698955 -1.8555102 -32.169613 -0.43307102 -14.923496 3.7486372 -1.3010488 -2.6946483 2.1551888 -8.726589 -12.910756 0.114932165 -17.652765 -1.5204408 
-340.3082 134.3373 24.51339 60.322815 1.7444 -2.7870762 0.58791137 -2.8159456 -28.837599 2.3865793 -18.426077 -3.974635 -5.7337236 -1.79579 -2.7467217 -2.386148 -5.922452 8.025278 -14.953108 -0.27132443 
-327.03864 116.13618 28.019258 46.945114 0.700417 9.065525 0.7802113 -5.9911175 -23.263138 3.8810856 -19.767172 -0.13496764 -3.748315 -1.7386962 -5.191488 -3.5853739 -8.308294 3.33125 -14.205364 3.3281631 
-240.4196 148.21121 -6.2078238 -0.38878864 -20.587606 16.68786 5.4802136 -8.243038 -31.055305 6.862749 -9.331329 9.5341835 -5.861787 -3.6815672 1.0828137 -4.8182807 -8.095436 4.6817365 -8.948508 -4.023583 
-222.86967 102.719376 -5.7756977 62.465317 -3.2250671 -19.180183 2.324057 -5.3087945 -38.497147 6.6976724 -15.032161 4.9415927 -1.930759 -1.0834275 3.5079508 -3.0506587 -8.3093195 3.3852475 -8.1821995 1.2995183 
-212.26114 131.52542 -22.01447 38.64117 -3.0044649 -13.610461 -3.328733 -16.63797 -35.6781 18.366274 -16.846066 6.6686234 4.425322 1.4332286 -1.9914815 -1.7274237 -8.656314 -6.9205203 -6.9754577 -1.7585719 
-237.7514 85.31021 21.878965 13.611202 2.2452252 11.563618 -15.287136 -1.458199 -19.645723 12.324912 -26.77511 3.2270453 -4.393025 4.2037287 -11.528397 6.0059004 -15.003252 -4.0072956 -11.537561 -11.744542 
-237.85077 90.72214 13.543684 45.911964 1.1689656 -6.2461853 -18.860348 2.839676 -24.213219 -0.042855475 -23.194847 16.548775 0.9660797 3.8997922 -8.360495 -0.31627002 -6.365674 -8.963497 -12.341092 0.38454437 
-260.89166 139.25653 3.9090567 21.695005 -18.780754 6.773955 -4.005644 -13.097991 -35.75924 5.16297 -24.610315 12.765595 0.0073662866 0.062594466 -10.042916 -2.887477 -7.690567 -15.231639 -6.141671 -1.2092803 
-245.59674 136.94495 -4.198871 29.886662 5.633204 -6.7482467 -19.189615 -16.27728 -33.376568 -2.3244116 -24.658762 13.113706 -4.0346365 7.4998527 3.5788672 -8.802295 -8.66429 -2.93019 -9.870426 -10.40257 
-233.55135 59.776047 30.491947 46.234577 -2.9827223 1.6230626 -25.594486 14.830543 -33.95404 1.3235618 -16.813076 4.8432236 -6.9229484 0.9275802 -4.5513034 0.16224946 -13.037624 -4.820116 -2.9085536 0.6729612 
-295.93695 135.26154 28.148115 19.94176 -1.3367152 0.94543964 -16.370405 -0.4393959 -27.071266 10.112491 -15.010878 2.1778636 1.4048322 -0.009147717 -5.840699 -0.5927796 -15.18758 0.60825276 -11.354502 3.8474672 
-273.69205 158.4475 16.604744 12.963093 -27.00055 3.2512207 -2.1955671 -7.3808517 -35.962875 3.0180311 -15.408583 8.385232 4.237577 4.3893104 -2.9080975 4.468119 -3.580871 -6.9829264 -10.121323 -9.20294 
-244.49156 136.79277 -0.59660465 30.707085 -26.233871 -2.4881792 3.590621 2.1331434 -36.47939 9.827732 -23.57587 13.352337 -8.280546 -3.0721579 -0.6454901 -9.404724 -9.46705 7.3489084 -2.7431035 1.7254684 
-288.9815 86.09389 59.304764 16.301897 5.404806 12.432163 -16.385063 2.4816656 -30.045336 -2.5457673 -12.171894 2.6262147 -1.5293863 7.784189 -10.835316 8.069735 -7.2944903 2.818177 -2.9519072 -4.7159457 
-317.23352 151.25497 27.727295 18.023489 1.972151 0.042083953 -7.6245966 -0.79245734 -30.038008 5.119219 -12.356281 0.18886805 -2.5940669 1.8173523 -7.944314 5.8198185 -14.754612 -4.9775352 -10.356028 -9.45857 
-314.2132 124.14639 15.537401 46.345566 8.984458 -3.0133996 -13.534626 6.7855253 -27.976547 -2.215321 -9.60759 6.357263 1.5219526 2.0836139 -2.691719 -5.955135 -13.749905 1.5098081 -9.621137 -6.9315047 
-257.0319 99.25282 -8.720599 30.192858 3.529085 5.1763253 -9.58128 5.9710546 -35.30248 10.008199 -17.42198 8.421296 -8.845379 1.5500774 1.5414262 -2.1426733 -18.430977 2.4956653 -2.6442757 -13.103432 
-288.83163 135.74591 -10.3717375 -8.454547 3.4996462 23.577818 6.8783507 7.081556 -31.204742 2.17831 -9.213975 -2.3801727 -12.523342 2.7238622 -4.0252223 2.4597924 -16.516941 -2.560957 -3.4326527 -6.245429 
-281.92957 131.66559 36.516914 3.445068 8.547763 6.990503 -14.895752 -8.990687 -35.997704 3.871558 -14.183628 -2.0840425 -1.2917447 8.895257 -4.602742 2.2737143 -13.513986 -1.846781 -6.585106 -3.789082 
-265.06647 142.74991 1.1203859 13.46165 -5.1868043 11.093994 -11.642021 -10.403286 -43.98249 22.594624 1.6762433 -5.1990976 -1.1513723 9.491198 -3.1123538 -6.2200513 -23.963293 -2.976105 -7.0536375 3.2724292 
-256.8598 125.70304 -39.27189 30.466644 4.989213 5.253977 -5.9533367 16.576042 -19.707527 0.056276534 -13.535164 -6.0399394 -2.6368299 8.322059 -1.2502446 1.2207377 -21.232033 4.9462037 -9.919676 -12.3279705 
-298.1429 96.49034 35.992252 18.382166 -3.9448886 14.081355 -8.913802 16.400795 -21.233131 1.8626256 -14.379055 7.704261 -4.106524 9.190112 -9.458218 -1.3090986 -16.883799 0.41710553 -6.5074177 1.0266232 
-242.63884 154.49074 -17.389225 11.941195 -24.53186 12.334127 3.804542 -0.4778959 -26.165228 15.309568 -15.626572 2.3536458 0.31884658 -3.1776638 1.8325267 -6.600769 -13.337295 6.9930706 -10.838548 -2.600635 
-287.299 153.20782 -19.477806 22.633842 -0.95408386 15.233112 -5.15282 -5.5636463 -19.935293 19.556616 -22.321695 -0.22737469 5.295661 2.855688 -0.5813039 -6.532079 -15.341034 10.558796 -12.427031 0.80046403 
-351.03125 143.69641 7.1335483 24.982714 4.298807 15.434084 -9.271849 2.0405428 -21.760637 17.740284 -3.0186093 6.7441616 -6.6847568 4.4108524 -7.527944 0.15441598 -15.471629 2.1043074 -8.960538 5.8815064 
-363.7367 126.50655 1.9050031 36.701694 18.42365 16.129896 -8.34761 8.267597 -15.015736 9.803829 -15.08842 -1.2780715 -2.4349988 9.706615 -10.647993 -2.5231438 -16.778261 7.25265 -7.038121 -2.607623 
-360.79263 135.95747 7.833581 26.514181 19.78583 11.967547 -15.019053 6.418606 -9.849138 8.403545 -12.759413 2.2118344 -1.1889553 5.957813 -8.848761 -3.267322 -10.355246 6.652033 -7.476147 -4.0272923 
-233.5393 160.85835 -17.657824 -16.686785 -17.439787 10.635498 4.537799 16.444798 -44.743023 7.575982 -16.993202 -5.8680277 5.280791 -3.8470132 -0.6547468 -8.607479 -17.622375 -0.73393315 -11.065227 -9.987442 
-298.15204 157.65887 19.339653 15.875309 -2.4246657 -4.534231 -7.5775323 0.024149418 -24.837465 -0.7132532 -13.33721 -3.2355194 -1.7365981 1.5293413 1.9702549 0.30563375 -8.986525 -3.5781474 -3.375563 -5.381857 
-276.10608 109.713615 24.719475 33.684856 10.578709 -1.2076917 -14.167873 -1.8732667 -28.92903 13.866036 -23.55465 5.034701 -4.3241253 3.0311499 -6.264203 -4.971914 -6.555336 3.120149 -12.268068 -5.0988827 
-219.99977 107.231606 -30.01501 66.650314 -3.681967 -23.789883 -5.6846414 -4.2124248 -18.987402 -1.1442869 -16.314835 21.612047 -12.802748 1.310267 -1.9665627 -10.361996 -1.890391 -8.827822 5.414674 -1.949042 
-257.10217 100.424866 5.268023 57.84035 -1.2071548 -8.428387 -11.604586 5.83484 -28.630209 -10.936178 -15.142567 16.027456 -16.083937 1.1323735 8.990586 -5.7923603 -3.5479507 -2.426445 -5.7073298 1.826146 
-300.96304 66.15977 47.403275 46.512886 3.482508 6.577975 -13.150806 21.313986 -33.01114 3.1373243 -16.410627 -1.4078426 -7.3047733 -8.355901 -4.08049 -0.14776134 -15.089253 7.23545 -5.0961323 -2.4408445 
-268.83582 116.352036 0.8858422 26.830261 10.142361 20.633867 -11.182613 7.441572 -23.634802 5.1191845 -15.289431 5.280266 -7.620647 0.95624566 -4.2671833 0.32735637 -17.48571 5.550267 -7.3578687 -4.825335 
-279.9621 84.234955 49.111523 26.344849 19.854906 14.624263 -18.314926 11.232522 -19.580132 5.3315897 -23.343777 1.7705758 -3.0186749 6.820877 -7.980207 -1.2459736 -4.94675 6.082417 -11.529748 0.054182053 
-275.4199 127.012314 14.131494 43.828938 9.537415 -0.21611945 -16.485584 -6.612997 -22.186438 3.540543 -36.057404 5.7722034 1.4492012 3.1744206 -2.0445569 -10.874283 14.47059 2.565743 -15.418313 4.833835 
-354.36993 126.8472 18.492073 36.596397 7.203019 5.5004635 -4.3980846 2.2125683 -12.994484 2.9641364 -13.924877 3.5925136 -3.1125762 2.9991307 -3.0881 -3.7794673 -8.433817 0.020106157 -9.545479 -2.0864408 
-246.09747 137.80193 -4.2758183 31.920088 -3.6436615 -2.4139404 2.330662 -14.754641 -37.23885 1.1827885 -20.007027 6.656879 -3.7269847 -0.76140285 -3.9094243 -1.3890646 -3.1069965 -4.1317787 -8.794564 -5.4899325 
-212.99464 102.70849 -21.70272 52.813107 -8.220568 -10.329016 3.4411538 -9.539392 -23.7073 -5.0388713 -18.402363 9.832797 -17.843925 2.2875311 -10.5752735 -3.514687 -9.272984 -14.672509 -2.3001404 -6.891739 
-255.05835 73.37235 36.885334 58.72223 -5.9664764 0.16775438 -17.039364 16.931377 -37.278015 -1.1945816 -14.968685 4.3620496 -8.866463 -2.621033 -5.858651 0.13453038 -14.374283 1.5581715 -7.8106265 2.0725923 
-293.7302 82.59223 40.55635 48.708298 -3.717543 8.01518 -8.964695 7.6606803 -23.579535 5.9164796 -29.33709 10.411726 -8.523834 3.4694004 -10.064758 1.0034604 -4.8468432 0.6146197 -14.747962 5.34414 
-258.15445 97.11301 12.118413 44.165485 1.3550801 -3.1877441 -10.67643 -9.835185 -21.337502 8.579029 -34.496456 10.950091 -0.88134253 10.158348 -9.11907 -7.1377892 7.167172 -7.194218 -16.985807 -2.825788 
-327.23117 121.79916 27.67555 26.831211 8.050757 -0.32349947 -8.643419 0.038199954 -18.799992 2.3148887 -17.093588 1.8375678 -3.010184 2.5054233 -9.365295 2.4305687 -5.753184 1.9332333 -7.633215 -4.488793 
-272.09604 74.64302 15.715969 60.32292 3.6321335 -18.308916 2.5081751 15.532052 -36.69424 10.863383 -27.975761 16.182112 -13.607435 -3.1503186 -2.944012 0.1427775 -15.651542 -0.054706916 -14.951198 -1.2944683 
-286.6973 115.80371 0.84881186 68.46796 13.892115 -31.783787 4.1599207 5.6998425 -30.917976 0.4675996 -31.090189 24.361149 -17.436668 -7.2510376 7.4514294 -6.265456 -7.346161 3.0053432 -11.9894905 6.4585886 
-368.5882 124.33447 17.163113 33.590515 15.057392 10.67187 -13.691499 11.67188 -14.395986 9.593832 -17.638866 4.760279 -10.504781 7.7291055 -7.6898685 1.9179988 -11.971099 4.2224636 -11.719715 -0.35106975 
-392.53674 129.12418 17.357038 33.313698 14.3496685 14.487928 -10.252773 12.718892 -12.739262 7.3831778 -16.226334 3.672437 -7.181126 5.681818 -12.264649 0.13845004 -14.32971 2.891485 -9.140299 0.41004223 
-284.35315 81.23762 16.167767 47.50706 8.800925 -9.480565 -8.74605 15.243727 -34.894836 -0.24671534 -22.506641 9.404675 -6.5810165 1.9884586 -8.765356 -1.9313475 -10.696812 -4.570254 -7.551179 -3.5292542 
-246.41656 103.19064 -12.212947 61.792767 18.21582 -37.355484 -4.115691 5.993456 -24.226688 -2.6523466 -28.338924 20.957708 -12.42869 -1.1390055 -3.4901552 -0.7959686 -9.032493 -3.5468843 -3.4098837 -9.222359 
-307.96 136.64284 1.4805522 63.785835 19.897976 -20.080492 -6.675925 3.8423805 -21.790756 -12.222292 -25.251905 11.368083 -9.883402 -4.452353 -3.0177214 5.1306667 -8.879588 1.7224369 -0.54811776 -1.4646643 
-359.50195 132.23671 17.74833 48.667126 18.034924 -1.7455643 -14.383203 4.9994617 -22.955334 -5.1107593 -18.986748 2.2122426 -12.332438 -2.6843646 -8.334159 1.6258136 -9.566587 2.6993783 -3.6813211 2.915838 
-397.30405 143.22821 15.0055275 35.69536 13.203845 12.921809 -12.124178 10.402367 -11.355755 7.4987116 -13.408675 -0.1176495 -6.2908835 -1.0660939 -10.143336 2.7274823 -11.908807 1.3061572 -11.966701 -1.4878064 
-281.90222 115.979164 0.46577018 41.468338 7.2688394 1.94815 -6.3057227 -9.789113 -17.16277 5.0567193 -22.722343 1.7852126 -9.495919 4.5976114 -5.653198 -4.460546 -2.5776122 -8.034023 -18.42873 -7.9756274 
-235.38637 137.84824 -0.54972184 9.375866 -11.35555 -5.4232826 20.628624 -13.534452 -40.60689 13.876363 -20.444008 11.780407 -3.6109555 -4.8870926 -13.530378 0.067269355 -9.991207 -5.8654613 -7.288607 -15.559877 
-218.40778 67.30286 37.860367 26.740166 -4.760245 9.00532 -5.755383 -4.303134 -32.419594 4.7791424 -19.91533 9.374106 -9.91268 2.432238 -7.975687 0.72754264 -10.968731 -6.337085 -10.329938 0.13544792 
-238.89241 77.24121 33.984364 45.874405 0.41169584 0.54144216 -12.927017 4.6218534 -27.183062 10.006965 -39.409866 9.905143 -1.2906508 5.3910084 -15.8345995 3.8468273 -1.5666292 -5.4765663 -13.739142 3.3167372 
-195.62782 111.07852 -16.150333 16.67851 -11.778279 14.078474 -6.044234 7.429813 -27.816154 17.444536 -18.659868 5.2366385 -8.027593 7.9622684 -9.109964 3.9711092 -13.821166 -2.2391748 -11.1672 0.36475542 
-243.74393 139.08661 -9.615623 30.108751 -6.962937 -8.3481865 -3.4757876 -0.6421239 -31.907858 11.534601 -20.912483 7.9368243 -8.381856 4.542298 -2.4353948 -11.18838 -0.3802965 -3.9973955 -12.965542 -0.61303204 
-323.1695 162.81213 24.293486 18.29108 3.0164883 1.1935724 -17.383295 -0.9833581 -22.444601 0.057494447 -14.803804 -2.6524346 -5.2239966 0.346626 -7.6764603 -1.3905939 -11.202601 -0.64556956 -8.174343 -4.1642714 
-321.14746 67.41055 51.243877 33.134872 3.1770537 23.801744 -15.289479 15.346274 -15.195182 12.162446 -21.49665 9.741352 -11.763458 0.42844966 -12.152465 0.7443533 -13.148896 -1.070444 -8.865567 -4.3018947 
-258.19553 76.47537 40.460213 45.385967 2.2855458 12.159979 -18.779255 13.632562 -23.76469 -3.8559232 -19.475422 2.1067228 -9.683907 3.4176617 -10.231658 1.5605788 -8.431903 2.7314994 -10.303629 1.703167 
-282.02374 117.66696 21.992374 38.314686 13.267461 -1.368238 -12.616626 8.9767275 -28.369287 6.074578 -17.393791 0.30062804 -4.430258 -2.1449351 -7.0357094 -1.255891 -8.334443 0.41177788 -7.936978 -5.2440066 
-279.87762 118.00738 31.069302 20.604927 1.7775764 -11.857573 12.715954 -3.6699743 -29.39332 5.0401025 -19.131643 -1.3072832 5.758566 0.38107893 -8.748836 4.173733 -7.714726 -1.7349534 -4.572588 0.27478927 
-263.2885 170.81534 2.2073567 -7.800109 -18.28414 2.142025 -2.8951514 3.7739139 -43.157597 9.277417 -0.57645756 4.8726788 4.0609617 -2.1449997 -8.818069 -3.6548445 -13.021859 -3.029611 -6.0637193 -3.0375488 
-264.5975 170.70769 -9.723217 -12.284653 -14.479946 24.274378 14.530931 16.187136 -34.505497 3.3449342 -4.3918467 1.2246405 5.8338885 -2.0729027 -5.8862834 0.8550859 -13.522902 -2.4359899 -6.7404866 -6.231621 
-285.4373 117.63512 17.346369 41.12724 8.038167 3.5833707 -11.728688 3.7015867 -30.929647 3.1948016 -19.744774 4.6905365 -3.3848228 -1.8151945 -10.151501 -2.7001545 -4.23324 -6.0710397 -2.855904 -1.6949509 
-255.36935 104.54305 -6.7811933 65.7726 4.1578813 -21.995632 -3.0218477 -1.8484571 -28.3546 1.4176049 -24.388157 20.303314 -2.1658907 -5.770019 -0.74688977 -6.577818 -4.143813 -8.39498 -10.822541 4.7215824 
-270.2502 68.54339 33.020844 48.56695 16.216791 -5.4944167 -12.491878 17.616486 -34.72747 3.0604715 -26.234175 13.247899 -7.777906 -3.805888 -10.897437 4.1058674 -12.431016 -3.0191414 -1.3798884 -0.7163248 
-296.04788 134.531 -10.087213 11.996253 -9.850417 17.226997 12.755267 15.882586 -27.381676 -3.9309027 -11.114169 -1.7634845 2.2693248 1.2535967 -7.6434956 1.0355483 -17.630226 5.3822446 -4.9733515 -3.3458843 
-322.74707 144.29332 16.968697 13.373613 -2.0854564 12.651819 5.1850085 8.694581 -26.311134 -4.422878 -16.738358 -3.6820536 0.8757774 -1.1599046 -11.476471 1.1324052 -8.383666 3.782457 -6.5798845 -3.4684825 
-291.03946 163.03827 1.7458894 21.290783 1.2792494 3.5176718 -0.7556681 -15.008955 -48.433884 0.62370956 -6.1584787 5.04273 -0.75731575 2.4499393 -6.328786 0.25319874 -8.843225 -5.3137197 -9.19697 -6.932424 
-293.7279 134.6477 25.08418 12.841451 9.701303 12.285097 -27.029877 -6.6096845 -31.648918 3.343799 -18.313452 0.033386547 2.9257479 7.998315 -12.274624 -1.3198642 -15.059605 -3.015877 -12.1234455 -5.199435 
-260.687 142.64217 -11.67469 -5.2133865 -23.331398 28.276329 1.0924072 13.787242 -38.50355 15.553428 -9.536477 -5.2735443 -3.135315 -1.043942 -8.132836 4.639211 -15.538548 0.15403694 -10.737342 -1.445339 
-285.5121 87.832985 16.95388 63.75891 6.5116243 -17.501171 -3.6559741 20.48876 -43.846313 5.860796 -18.35678 5.561978 -12.515987 1.0691468 -2.8218834 -2.5898018 -13.170423 6.272054 -12.379461 -1.7988764 
-208.4728 78.104546 26.876135 -1.0469246 -8.663954 15.039171 -1.6288007 -0.7154882 -32.914078 15.007924 -12.808111 -0.6372563 -1.6529503 2.1094701 -10.997654 -2.071332 -14.652699 -4.4797516 -7.6396613 1.9778943 
-245.41895 142.41284 -20.088354 -6.5660768 -18.839893 14.35886 19.852152 3.752914 -30.448568 5.8127 -19.290882 -2.6835816 7.273863 -9.366252 -6.546339 -0.010941267 -19.707932 -0.46376488 -8.792932 -5.031688 
-236.16821 97.881424 -9.006596 21.372559 2.7620609 10.588391 -8.056447 9.524518 -21.324303 9.161396 -30.483995 -0.72818685 -5.100931 1.0698631 -3.5301979 -5.3006845 -7.412625 -0.025365869 -14.602434 1.9593749 
-243.59633 79.09381 34.793095 54.177948 7.662774 -5.6307993 -15.265386 18.31372 -31.989096 -0.09545676 -14.967948 10.236713 -1.3701943 -4.056423 -3.0896292 5.3514447 -14.459008 1.5757818 -9.614842 -2.0881827 
-300.49832 149.93814 11.279912 14.832066 2.9867601 -1.5464749 -17.007458 2.771114 -20.228361 6.2026463 -13.897097 -0.5946774 -0.25089976 -1.2268709 -7.5764737 -3.38903 -11.3260145 2.9962049 -7.5574274 -3.8982184 
-309.24625 166.73033 15.713284 16.121117 -17.403883 4.354707 -1.4590232 6.115215 -26.615526 -3.4727936 -18.063366 4.9989376 5.01462 -2.0432923 -8.6247225 3.3935058 -10.249889 2.1102881 -1.191269 -5.9927144 
-291.58902 152.63316 -16.26061 25.400002 -3.409253 3.3038452 -10.42253 -0.55388695 -22.496975 9.114961 -9.420179 7.112369 -6.1991243 -6.73887 -4.1164737 -0.6400055 -15.764387 6.812154 -11.029768 -4.866678 
-294.393 109.37597 41.941345 23.433716 -13.211197 10.44652 -13.009659 11.131676 -32.262554 0.68820024 -23.160671 1.7863193 2.2742624 2.9392824 -11.144213 8.224339 -11.324409 -0.96327615 -12.01688 -0.45444408 
-288.8783 96.559685 42.410435 21.390982 14.120362 9.52591 -25.673326 13.80925 -36.473488 1.3664594 -17.843443 2.5392935 1.6353092 1.224566 -9.918835 6.015361 -9.080448 2.9652689 -12.930045 3.5742912 
-316.35886 95.16539 45.564407 12.482927 11.275251 22.780813 -11.590077 15.142644 -30.467337 5.195673 -14.321472 2.55557 -1.1789746 4.7942944 -7.7167487 4.560289 -10.328147 4.5527973 -14.609409 -1.0948184 
-303.98267 80.03079 58.44542 23.475386 8.597347 22.094048 -26.115501 16.693384 -26.52709 3.3396356 -22.296816 -4.429919 -1.8319844 2.693293 -12.947991 0.20216376 -10.539565 4.659654 -14.360737 1.0477308 
-354.89282 121.63269 21.339539 48.81465 15.504954 0.015318897 -14.192223 12.839404 -24.422943 -0.1299409 -13.779531 4.8774843 -9.404486 1.6640435 -6.930909 -2.7029457 -11.519314 1.1462795 -9.912162 -2.6192503 
-338.79285 120.652916 0.11731402 47.188995 16.27401 -4.2859216 -5.519502 13.844229 -17.700712 4.17013 -13.275694 5.465368 -6.421116 5.020456 -6.7844563 0.2704029 -15.189161 0.83751655 -8.993591 0.93522525 
-239.39153 147.49124 -26.570053 10.692625 -27.132929 13.292671 6.760536 5.1648507 -27.438242 18.455942 -12.854098 10.064779 -0.17157844 -7.1271887 -5.968797 -4.4509616 -13.599616 9.584051 -7.761507 -1.6595681 
-296.2045 126.47302 32.337273 20.429785 -2.7411804 5.954851 -5.6407647 10.861499 -19.771576 -0.23553234 -12.093663 -1.6237733 -9.178766 2.5906026 -10.510957 -2.6272292 -12.5013895 -1.9046378 -12.391314 -1.3307853 
-284.28552 85.27367 38.361618 33.950405 9.387343 13.375167 -13.878039 2.9704866 -30.035452 15.124447 -28.788063 -7.334172 6.4187255 0.5402963 -15.653417 2.0428417 -1.7584096 6.9215174 -16.303959 -1.6380916 
-243.55765 71.95884 19.636978 56.955948 -4.3952627 1.3277338 -17.243465 7.1219187 -30.4741 -6.3545895 -17.83034 5.951731 -1.8696626 -2.5318363 -1.4579258 -0.7548351 -9.280056 -3.0385497 -9.778432 0.40216106 
-281.5847 98.52222 48.774742 12.659932 5.6592484 10.763979 -20.266008 15.63644 -32.95561 2.4718542 -15.785763 9.60156 -8.82793 5.231659 -13.8184595 4.740119 -10.666287 0.57032573 -10.059849 1.5323172 
-333.4734 125.841606 37.937813 21.805916 7.2861567 8.194185 -2.490824 6.5163794 -33.238556 5.8719673 -21.249067 4.9063907 -5.4490542 5.5538464 -15.911482 4.908946 -13.243514 0.89175963 -6.5904193 3.8226268 
-331.5128 152.46822 30.636454 21.580061 -4.714157 0.18343057 -5.8395343 5.072535 -27.194393 1.1670457 -20.43439 -1.4429493 0.09672652 2.8272521 -11.318798 2.2520726 -10.168792 2.6800814 -5.9842434 -1.7419473 
-264.73322 152.44867 -13.031428 -6.003541 -10.058109 13.968984 7.247563 -0.28507343 -23.736366 17.445095 -15.147212 -3.591992 -2.3048542 -0.64699334 -7.400587 -1.3354312 -17.427866 4.5435143 -10.200863 1.2302089 
-305.28006 129.80849 -2.7346344 10.016447 8.638779 27.264612 -0.22562535 3.985259 -27.5643 11.138221 -16.261967 -6.889198 -0.38460943 6.714553 -3.9322078 1.7459624 -19.476646 -2.7188878 -7.204627 1.1976552 
-330.69937 127.34577 7.491794 20.810753 20.170506 8.735828 -9.815691 11.097813 -18.02423 9.467708 -16.486252 -2.690274 -4.6529455 0.88332886 -10.692829 -5.7680755 -10.989831 7.17629 -12.4986925 1.7051599 
-349.03122 119.0549 43.40093 25.624044 20.202759 11.040499 -12.689267 8.630683 -17.408363 6.659704 -17.673704 2.2872279 -3.0562727 7.682163 -9.921715 2.6107013 -10.879155 7.008762 -12.918954 -0.13143273 
-384.75696 133.16316 22.328705 33.379265 14.618454 13.280745 -5.6137877 15.241985 -11.000704 6.793582 -13.471683 4.8046255 -12.071644 -0.51159966 -13.674625 3.0028327 -8.434829 6.508449 -10.724293 0.77566093 
-394.30157 140.36496 17.342487 32.85721 13.451764 16.510963 -10.749382 10.603933 -11.80127 8.840775 -11.554846 4.553538 -7.723431 1.2852763 -10.965911 1.8017213 -14.031509 4.3937654 -9.308483 1.4457746 
-662.0071 109.59169 30.231026 11.871988 -0.025298098 7.073403 -4.798401 -6.201081 -1.7362025 12.32875 -9.194018 -6.433132 7.131565 8.458105 -6.8900366 -6.4682474 5.064177 2.212256 -0.9732684 -1.3984493 
