-482.10828 180.9219 33.694668 40.133377 33.068707 4.700864 -21.146141 -1.0114882 -8.650123 -12.00747 -19.010002 -7.4257975 -20.390638 -14.482742 2.491087 -11.664457 -11.483931 1.301306 1.9948554 -8.654248 
-449.62033 164.38116 47.667046 36.52762 16.556833 -5.15123 -7.1530633 -6.428203 -18.996468 -13.357382 -23.517113 1.577265 -17.700996 -4.4959054 -2.3367128 -10.297196 -13.014737 4.3438635 -5.9750204 -7.0964303 
-364.1347 75.48276 69.36118 38.07228 -1.75745 21.605791 -18.520763 -10.508736 -22.614008 6.6476436 -19.595093 -7.7120495 -9.083289 8.175458 -10.8477 4.263852 -7.304401 0.4558389 -14.432446 -7.4903107 
-358.76294 59.149796 58.313633 65.81883 3.073424 18.050406 -12.622591 0.3396278 -20.661224 1.958477 -25.479313 -2.6115506 -8.358659 5.6656303 -13.546092 5.466115 -4.9026957 0.38954866 -12.74177 -1.813431 
-365.53717 139.94572 1.3031771 33.391018 1.3611566 12.447644 -5.826779 -16.465218 1.3895485 -0.700381 -13.598553 -2.9983346 -15.986877 4.055875 -17.65906 0.78947324 -11.501948 7.4293613 -4.6353216 -11.062723 
-340.32275 149.51007 -1.2974159 60.300556 19.40514 -9.793745 -14.062282 -25.384277 2.2339697 -3.823022 -24.007782 6.805302 -14.0586815 13.674675 -8.213616 7.7167315 -0.70628613 -0.260721 -5.246872 -14.67332 
-348.11508 133.50226 2.2876346 22.85624 8.317598 19.543962 -8.430976 -6.3790903 -13.919216 -0.33289847 -19.78039 -11.917721 -15.915227 -2.9824133 -11.178153 8.251029 -6.0599055 4.767184 -7.7485743 -4.2619267 
-376.3265 139.26718 18.634668 20.01075 8.080845 21.933334 -12.069875 -24.153408 -12.907318 -2.652298 -4.447142 -3.6461525 -16.537636 10.167214 -5.291674 -2.497847 -7.661366 -3.3216937 -9.812442 -10.291012 
-339.99042 130.27948 12.81112 36.516342 0.094624415 8.460479 -19.824451 -20.121468 -7.797941 -1.7521136 -7.9868793 -10.401345 -10.716406 15.939033 -18.622913 3.158063 -8.313759 5.7775927 -11.791064 -12.393298 
-368.1693 137.52525 3.163106 27.666328 -13.393226 4.9913583 6.4733996 -10.561713 -7.3974934 -4.0504675 -11.222329 -1.0888877 -7.5865393 5.0938745 -18.13571 -0.33307996 -7.497469 6.5096793 -0.8690334 -11.827393 
-375.39246 151.38551 12.443883 19.254023 4.6866236 6.133212 -11.269448 1.4455495 -4.7995505 2.3561068 -13.843325 -8.414947 -18.624228 2.501564 -16.42028 0.1853851 -3.455725 8.088522 -5.3040576 -7.929171 
-337.88583 96.51413 32.58035 43.57044 0.9881566 17.927635 -20.541054 -18.359705 -14.131962 4.3749237 -17.90418 -6.514267 -11.152039 17.34699 -7.4236593 7.246242 -4.869368 4.424425 -13.83811 -7.059477 
-374.2976 92.12675 49.93273 62.55249 4.254335 -3.5985527 -22.237629 -2.4517024 -14.587479 -10.557277 -18.677595 -0.116568565 -17.976965 5.1390758 -10.133594 2.7681746 -7.7370243 5.73746 -8.728261 -1.8655741 
-359.89465 62.27192 50.21982 86.04074 -6.403722 -10.332881 -10.418329 3.2154589 -26.909021 1.8222373 -22.214283 -2.8321064 -19.319029 -2.712192 -15.51372 5.141656 -3.085593 0.21019116 -1.421576 -6.341624 
-348.6988 32.231705 46.670914 65.387146 14.512609 -7.4612904 -31.556566 10.38781 -30.330593 12.585461 -25.736809 0.39967135 2.6558251 11.027106 -11.841871 9.595778 -0.5086649 2.9966185 -9.541929 -9.894882 
-370.4989 131.91396 0.89103484 40.670544 11.231097 6.2593946 -15.158047 -17.118845 -12.664723 4.8397927 -25.94785 -6.1368895 -12.839558 11.150985 -13.533019 0.961291 -1.4665575 4.3419294 -8.773706 -2.2896948 
-359.60553 153.18495 -17.059874 14.048965 -3.659044 19.944683 16.470177 -7.1576962 -11.966337 3.9086587 -19.68225 -9.595354 -4.3537383 -3.118991 -21.866474 -1.1071551 -7.432396 10.181769 1.1897572 -8.388419 
-320.30005 145.44273 -45.43594 17.092321 6.672308 18.156898 6.8448095 -15.253553 -9.430649 0.8381488 -21.172949 8.665975 -24.519236 1.3357103 -11.660163 -3.0195682 -12.893027 12.757624 -2.489488 -8.86235 
-373.8587 109.42886 -13.689602 28.646532 11.206 24.919966 -2.8267462 -3.3734186 1.3036675 13.565037 -21.223671 -13.643362 -5.6509395 5.7599335 -15.689085 7.9950113 -15.139341 12.637881 -7.572964 -3.4302325 
-417.51266 89.00879 28.98074 55.58026 10.583825 25.649025 -12.110229 -3.4072025 -4.310704 13.408338 -21.550274 -13.383055 -4.2278957 5.210113 -12.392514 1.8862599 -9.872223 8.403628 -5.388643 -4.861005 
-363.19257 113.45891 28.160545 48.744534 15.730189 10.621738 -15.816735 -18.747118 -9.687329 0.58288276 -20.733276 -11.119968 -9.9538355 17.324497 -9.88432 -3.6083043 -4.4386177 7.5192633 -11.549676 -10.54372 
-350.52792 83.12434 47.060734 42.120087 2.3070977 13.571745 -30.273216 -2.6666021 -13.895115 4.264319 -13.508806 -6.160021 -5.3770313 9.597767 -14.804537 2.0155509 -6.7774754 2.0931554 -16.86699 -4.52702 
-349.09705 153.4299 -9.786145 17.74026 -7.870185 9.340155 1.2178456 -8.964782 -12.942812 -1.9906404 -19.501049 4.2872033 -9.011736 -4.2596555 -12.06965 -0.19388503 -10.776661 11.522216 1.9222673 -13.290677 
-389.80292 131.9528 39.348904 79.43735 -16.871523 -12.270947 -0.5363335 -23.515497 -14.421912 -6.0164437 -20.939959 3.6633632 -25.582987 -0.31148404 -0.55080485 -5.6640415 0.69493663 0.05230506 6.5866737 -15.694323 
-449.37814 132.90767 43.719875 86.4257 -14.670857 -7.675242 -4.1104703 -17.12319 -9.856655 -13.529538 -20.875912 9.240958 -18.647345 -1.3837147 -6.17053 0.6457193 -2.4298458 -4.7061124 2.5671585 -16.215307 
-401.68848 177.24757 3.0483046 33.988113 -10.005885 10.548408 16.325476 -28.113274 -17.052187 -8.758208 -20.83412 11.921624 -6.4058166 -2.1576483 -19.298489 -3.698808 -5.3640423 4.818847 0.17464294 -8.026793 
-425.00375 168.59792 24.336617 27.077917 2.0752285 12.409208 14.524418 -26.702782 -18.039116 -6.2616935 -26.781609 8.087555 -9.395337 -2.4999604 -17.875631 6.114964 -0.3146578 3.8871558 -2.3824024 -8.938509 
-511.75238 139.8043 31.669115 48.797047 5.672904 29.084072 -3.070015 3.7091327 -3.5903368 9.212315 -15.861348 -5.9744687 -9.650513 0.47894552 -12.503324 3.373682 -5.041171 1.3368051 -5.538162 1.4950671 
-460.10437 104.2791 50.073406 54.835236 -0.024729729 22.36005 -8.506272 1.1907065 -10.295963 8.058079 -11.76219 -5.5297565 -8.938696 -2.0327237 -10.732212 6.041256 -5.363073 2.4714615 -5.702924 -4.2642865 
-352.9301 80.980034 55.621002 40.048153 -1.115748 24.07825 -20.879473 -9.68729 -9.636204 -2.0850677 -20.096672 -11.343688 -9.4765215 13.71627 -19.393486 3.1242383 -0.12979442 2.835083 -9.936274 -2.7089627 
-425.4421 156.14073 19.430065 47.730858 18.612312 0.8157126 -7.1781363 -23.061913 -5.6082444 1.1215087 -16.86997 -16.01203 -11.792331 6.0555625 -12.120881 -7.3686395 -3.9678807 7.2645516 -5.425694 -3.296153 
-453.7765 143.43042 26.719591 39.463196 13.528332 15.377668 -5.257131 -9.194175 -9.889652 2.4336581 -15.99901 -3.1279194 -9.349898 -2.8883197 -4.5601244 3.5954485 -12.266399 9.548775 -7.8292212 -5.489513 
-383.66238 127.6859 41.478325 39.524525 -12.515442 13.552701 4.3403845 -15.471634 -26.56529 0.049776927 -22.004955 -0.6825429 -1.3527883 12.385191 -10.567821 3.3194501 -10.790647 1.6509812 -6.248034 -8.116093 
-475.2318 151.02702 49.20928 41.771935 -3.0464656 16.24392 6.952525 0.10003599 -15.314555 -4.81855 -15.474882 1.520935 -9.730465 -1.9044713 -5.7087274 -2.330131 -1.9732547 0.059663348 -7.313368 -1.2598623 
-530.7898 140.40564 45.618816 41.233208 11.627431 20.184608 -1.9591603 9.612203 -7.976862 9.096363 -15.586178 -1.7208549 -2.0174022 -4.368707 -10.616625 10.921087 -5.1960993 1.0011077 -7.6850605 -2.4930537 
-359.2534 71.35861 63.671707 42.558426 -2.99563 27.297462 -14.858525 -17.32382 -17.530071 7.2915344 -20.150272 -12.279697 -13.5511875 12.008915 -15.305928 2.7638102 -9.924359 6.3102436 -7.662797 -2.8716612 
-423.5906 136.88649 30.45925 47.754135 5.707454 19.255894 -8.222494 -23.566868 2.3561313 -3.187752 -9.377842 -12.613094 -19.000462 11.460927 -16.993877 -9.878185 3.7438715 1.218215 -9.632786 4.1134224 
-548.4903 168.01134 34.42952 47.72089 13.135292 18.757812 -5.726338 9.290339 -2.0034235 1.3505228 -12.668496 -0.72869503 -17.385578 -4.0604696 -2.4833305 -1.7568716 0.5155081 -0.16673061 -4.9587865 -1.4283185 
-522.6355 147.32327 30.403229 66.81554 0.49487284 12.248639 0.742356 -0.8168411 -5.5582995 5.819771 -16.44688 4.316515 -9.038947 -3.9190292 -7.8610177 2.0208957 -2.6388676 5.6367717 -7.5328693 -4.9162464 
-363.09216 105.99957 14.785297 25.276634 12.649623 18.130817 -9.620751 -14.443279 -9.611381 3.721823 -17.667274 -9.677031 -9.236368 2.9221392 -7.8592715 2.3575854 -13.848888 3.465928 -8.638775 -10.505693 
-338.61267 112.80305 12.156527 5.358659 17.152197 12.211311 -13.022076 -3.9874132 -19.782066 11.449263 -20.509418 3.3704774 -10.0285 4.9588943 -10.326786 2.9129248 -14.032194 6.9629707 -6.30965 -6.604372 
-349.03552 122.305336 16.458733 29.673471 0.07696109 16.297575 -18.555794 -2.1077356 -8.397434 8.86263 -19.062634 -8.222576 -14.671147 6.326921 -17.36405 -4.09119 -0.19190162 10.906803 -10.486511 2.585364 
-349.0842 60.734478 55.852184 52.62453 9.710079 7.5217657 -19.435225 1.303019 -11.743805 -1.812545 -21.129734 -3.3015947 -7.0989895 7.306078 -13.888377 8.635294 -4.003032 4.669324 -16.02819 4.9541497 
-320.33774 132.72322 12.512767 33.08785 17.251564 5.2518253 -26.9714 -29.544128 -20.206497 1.4911791 -14.329326 -4.2270603 -7.8042426 24.365107 -0.84260154 -1.5111504 -1.2817311 7.2633743 -16.258755 -5.552914 
-344.8919 134.6251 -1.6390256 39.078568 33.37044 -11.688107 -20.301609 -18.740477 -15.491462 12.310213 -18.664328 0.35464123 -8.496069 10.674345 -15.796683 -1.458853 -2.9423103 4.566683 -6.1088734 -7.124305 
-388.2978 138.52817 16.209435 36.343082 19.046936 17.099379 -16.496893 -27.894325 -7.7982035 5.5761876 -17.596031 -11.608132 -14.222911 12.908021 -18.595108 -6.143656 -3.349362 0.90268695 -8.868786 -3.4568224 
-414.69138 162.26704 16.10026 36.436523 19.445137 8.522304 0.40882888 -9.070583 -8.05975 -3.5043092 -14.0772295 -10.142187 -10.96233 7.574045 -16.882767 -6.6981816 -8.102785 6.735935 -3.0709264 -7.1476145 
-395.213 148.92374 29.402151 31.562338 0.14136095 17.61477 -1.7790557 -21.589693 -23.891466 -8.897263 -5.5188975 -3.5486917 -7.1658816 8.901529 -8.061982 -4.4072328 -6.9986444 -1.0546311 -12.620594 1.8327876 
-392.49228 156.14874 17.227085 25.729269 -1.0033536 16.67903 4.8207207 -19.306084 -17.061895 -9.041752 -9.043352 1.3015172 -4.902951 8.443025 -5.0459833 -5.920383 -8.010389 -3.46632 -10.951153 3.0756688 
-375.12708 117.554184 -0.4884559 44.061405 5.728203 20.529135 -2.8465204 -12.1327095 -12.084264 12.321784 -18.270348 -8.520725 -12.087246 0.9622843 -11.237782 0.8305878 -10.139512 4.7932143 -6.5810795 3.6571758 
-355.10028 37.71443 67.577324 62.852722 -2.5941978 19.75761 -22.297377 -0.334699 -15.25793 0.08178827 -18.33918 -6.880949 -0.12469394 0.6745813 -19.404903 18.50036 -11.17657 2.7191293 -8.087406 4.177426 
-366.1335 66.14368 82.560135 58.84601 3.7084978 0.5114314 -24.786453 9.562218 -26.168415 1.5677994 -13.497357 -6.812788 -11.891926 0.44885126 -8.57176 1.5703752 -7.0343275 8.689565 -12.344704 4.8808513 
-428.4603 137.49161 44.892876 69.81252 8.13975 -10.42677 -10.93769 -1.6878937 -20.660826 -3.2693179 -12.821892 -2.378951 -24.707003 3.4578295 -5.779697 -5.738096 -2.514722 2.921486 -10.029209 1.0487198 
-414.1642 70.667915 19.120085 67.92283 1.0342596 15.122528 -8.161243 9.003749 -17.200382 12.562379 -15.800405 -7.324825 -4.0903883 2.7122238 -17.836226 16.278524 -19.520496 7.1259174 -5.436153 -4.581833 
-403.88995 118.75872 26.641571 27.834795 9.10362 16.552935 -8.59196 11.231069 -17.296017 9.959472 -18.655155 -2.4898527 -5.0795646 0.5025253 -5.3623295 9.389271 -11.583234 5.7213387 -7.8272943 -0.8581383 
-516.3005 161.05206 46.144173 24.543556 10.617893 27.944185 -8.557327 13.50593 -9.100173 3.7930532 -12.042389 -1.0229316 -5.1478066 -1.8877555 -5.8671446 3.898304 -9.158338 2.1190302 -5.815027 -1.9104418 
-530.2652 153.05527 40.54553 40.337444 24.693764 15.832035 -5.9340243 13.505691 -6.7118096 5.729323 -7.6397314 -12.332247 -11.229158 -1.196281 -6.707253 7.428288 -10.153158 3.2039883 -12.102138 0.619334 
-378.48468 82.98286 48.012356 24.80204 6.1073256 26.730299 -15.710344 -0.07312605 -10.999425 4.539366 -10.621189 0.71439093 -7.3051825 2.8396196 -14.008708 -3.12883 -8.80611 6.6087255 -12.007465 0.25752175 
-473.75912 164.62614 34.007 33.510838 2.147671 11.513698 -6.4781823 -3.7733557 -23.359116 -4.330576 -17.272663 -2.694883 -4.6356177 6.0090814 -3.0491536 4.2241435 -5.82902 4.764655 -9.907307 -3.9524078 
-543.1664 170.6923 21.661205 51.941093 18.594803 16.416826 2.8212633 4.3779926 -6.588374 12.219614 -13.619532 -7.901423 2.531228 -6.0347176 -2.9842396 7.0622745 -13.13109 6.1658316 -0.5496898 -14.36017 
-539.8931 155.53453 30.107187 43.189682 13.719445 21.484505 -2.8514917 9.087777 -6.688116 10.122852 -14.659397 -8.080226 -4.2433276 -8.624357 -7.992959 5.718791 -6.596322 0.98658156 -2.5784845 -0.48375762 
-539.22504 162.2854 28.128305 42.454887 16.994455 14.539129 -4.8006845 5.86242 -5.7719088 8.378851 -10.367143 -5.242059 -4.2270203 -2.3108895 -2.7912118 9.1136 -2.5842474 0.27996093 -2.2760215 1.356876 
