-382.74496 134.54512 20.313877 32.54253 10.742789 15.5885725 -5.757971 14.087696 -14.20173 4.930337 -17.42168 -0.7884933 -11.372976 1.4882476 -9.174214 4.241347 -14.937219 2.735535 -11.971853 -1.4140695 
-307.52905 151.06091 19.984995 1.2232995 -36.512344 11.416897 -0.87645745 27.129915 -21.608582 5.281371 -11.869563 -1.1054732 -1.5352386 -4.145644 -13.54106 1.9432365 -16.214348 6.9490304 -14.44035 -3.7827616 
-301.14835 141.74565 2.7515173 36.59196 -4.8619895 -2.3579772 -3.1886086 12.817121 -17.625717 1.3601699 -5.104641 10.442696 -8.659611 -4.32526 -0.38621882 -9.417065 -14.411739 -1.0285349 -19.236197 3.1292524 
-266.52625 128.57018 20.36623 22.953838 -30.310059 9.706238 -20.4788 20.41236 -11.031496 -0.65955704 -4.998274 7.466061 -7.423488 2.827969 -0.11360274 -16.98011 -7.8426266 -11.7411175 -6.7488155 -5.0291553 
-313.76526 143.13092 24.605295 19.02372 -14.078405 8.173664 -12.227809 14.285204 -13.153704 0.610917 -9.710291 2.490098 -8.550799 -1.0190547 -4.25769 -0.698091 -5.3068275 -3.7845972 -10.068911 -4.142245 
-273.06537 125.740166 -7.245152 23.322443 -25.612728 36.832233 6.114635 5.974607 -14.829459 -5.7070284 -4.151629 -4.4826965 -7.360137 -4.713875 -9.064396 7.094534 -16.61865 1.4755759 -16.234142 -4.1484766 
-270.50818 109.66462 -13.598774 40.696636 -12.971109 46.61618 -6.239004 4.5490017 -7.357415 -1.0177711 1.3244894 -16.879852 -10.088981 2.9708767 -7.5930076 3.9306924 -19.001925 -0.893255 -12.1309395 -2.3351452 
-379.2378 128.84038 18.462908 37.78981 9.752758 20.087126 -8.979355 14.082333 -6.096334 7.661005 -11.304562 -0.9128526 -12.838942 3.127174 -6.8926997 7.156852 -12.1430855 1.4148338 -7.9292965 -4.1663666 
-348.3951 118.44435 22.344154 28.573378 0.7289378 15.591503 -9.177016 16.103342 -7.3832736 3.1153536 -9.760922 2.5727434 -13.382576 0.6689629 -7.2158985 1.4676474 -9.154051 2.9073808 -9.278366 -5.5823183 
-256.799 122.74686 10.44038 17.673512 -29.898983 13.935752 -3.1667037 13.786729 -17.722025 2.5292053 -14.201737 5.666279 -8.769505 -6.333817 -6.286455 -1.7011293 -15.980379 2.3664262 -15.00638 -3.8432035 
-256.57092 130.06989 -6.9095306 31.053598 -22.873718 12.553002 -2.5229673 2.4513674 -21.924067 11.716213 -4.7172394 -1.1482689 -11.223898 -1.8842714 -2.2979393 -2.7356317 -7.592245 5.365301 -17.224995 1.6175731 
-273.21637 68.290794 38.275974 54.13161 -2.3206346 13.229141 -19.590622 11.708174 -14.78685 -0.4310728 -11.009667 6.2205753 -18.301315 3.250433 1.1430438 -4.019601 -8.893952 4.674613 -12.51235 -0.61154705 
-270.64722 138.64174 -5.984984 29.342503 -30.706797 1.092684 7.6733227 3.9738455 -8.751932 7.0576987 -6.7216496 12.107442 -12.173681 -4.592741 0.350585 -6.6531887 -7.4223175 1.3188311 -22.144802 2.18375 
-344.85126 148.7184 22.69277 27.242695 -7.542622 1.6862496 -4.8221593 3.7687895 -21.474566 3.3892674 -11.328917 10.98197 -6.129152 2.6537666 -7.478483 -9.136144 -11.092024 5.5908794 -16.225601 -1.5933623 
-301.38608 111.990326 3.486928 63.037712 -5.762056 -7.2579837 -13.076033 12.070232 -21.49818 2.774927 -6.0278964 6.0326886 -17.077574 3.112712 0.22111607 -13.237037 -2.6301684 -1.777205 -10.230093 4.69885 
-240.69629 109.549 -36.573723 56.227955 -14.67996 3.6598408 -15.8225355 11.786839 -7.581631 5.8854055 -6.811784 3.6668692 -13.661268 -0.90812045 0.47841275 -7.994339 -11.020774 1.7647902 -22.25482 4.255937 
-297.4114 90.47153 21.395845 62.994026 -3.5881908 5.753975 -21.349476 14.949066 -18.375343 -3.2570822 -10.143055 12.657275 -11.050781 1.0309982 6.5677004 -2.7578824 -10.766216 -2.9852562 -15.0921545 1.9991014 
-331.94736 123.283394 12.038777 67.61345 -5.0250034 -4.152611 -0.79737484 5.493388 -13.261103 -3.301882 -9.634923 6.107774 -15.40736 5.5538063 0.30831465 -5.871654 -5.2808084 -3.6116507 -12.671977 -5.489863 
-295.53934 94.61905 10.573779 67.99724 -5.756331 0.66708225 -22.002626 10.360752 -8.390522 -6.433511 -10.101776 13.380207 -12.0520525 2.939766 7.5275116 -9.211313 -4.45854 2.6635783 -23.535212 4.4849334 
-338.9646 118.69219 33.870636 47.951653 1.6490116 14.124793 -11.17687 5.0745273 -21.5717 -3.0837648 -19.825773 3.935767 -13.489128 1.7356718 2.531311 -0.4332297 -3.4843388 9.048067 -11.454207 2.0423665 
-351.6877 131.51546 5.0518064 45.214462 1.9168527 10.599945 -6.330723 11.4151745 -9.828918 4.072013 -9.539983 7.043997 -16.13537 0.87468725 -7.2231693 -0.78347856 -10.134246 6.354366 -14.179135 -4.642304 
-294.43738 97.57766 16.961386 51.361923 -9.480691 20.797966 -25.312386 11.157628 -14.866085 -0.7435415 -5.08982 3.1487265 -14.916424 7.74943 2.4130278 -10.295209 -10.809176 8.258938 -18.368866 -3.0638378 
-306.57938 121.682045 36.225845 28.179712 -26.592491 16.232876 -13.6506605 4.3544955 -10.20574 -2.7508786 -12.399834 12.900065 -4.9048877 9.863026 -1.3845736 -4.1963162 -11.82557 -1.0729266 -17.278872 -3.0892394 
-344.42352 141.46806 16.737682 21.201317 -9.829884 15.683018 -1.6246109 12.589185 -6.3835416 6.1617947 -14.792443 6.3172064 -6.855579 -1.9339671 -9.222158 -3.1736667 -11.436741 3.2324836 -9.045127 -1.6733966 
-290.8408 116.13782 8.82608 52.847527 -14.216519 12.411992 -16.285872 2.5210195 -23.334623 3.5579424 -13.255741 12.84069 -9.929788 -3.6874144 2.4232848 -16.898367 -4.36598 6.5282493 -23.731337 2.5638986 
-281.79297 107.52001 3.5473607 55.022488 -6.077531 4.492218 -22.364037 5.4790115 -10.956223 4.0112305 -11.89734 9.330617 -3.1653519 3.5004148 1.6470785 -13.348704 -3.135979 9.377005 -22.339094 1.7938796 
-348.02625 130.9221 14.468868 47.001514 7.1487374 5.504424 -10.516482 7.613161 -5.6853113 5.174654 -11.020191 6.9749994 -10.494097 5.220287 -4.637601 -1.6238179 -6.245734 6.7572713 -15.700278 2.1268816 
-291.41617 110.77431 -13.451797 47.036762 8.615465 10.742949 -22.255066 23.16614 -7.9157834 -13.66726 -3.8689723 6.8289237 -14.9571295 1.740539 -11.542725 -2.8327868 -12.072452 2.706328 -15.844374 -3.6472142 
-319.5553 127.22111 12.479163 31.234362 -6.18121 13.083943 -7.8162646 9.552641 -20.781134 6.992461 -9.52167 1.7612118 -14.21581 1.7438443 -7.9360123 7.6845837 -9.423618 5.2800426 -18.023378 -0.004606459 
-294.84338 97.989174 23.346773 47.56111 -9.931057 13.985331 -13.953509 12.736709 -12.190408 0.2502514 -9.478753 13.143941 -13.498189 0.7498009 -5.9386435 1.9478103 -7.077738 -6.116741 -15.938071 -1.6215869 
-318.08096 122.708824 2.310997 51.675438 2.3821049 5.005034 -13.770057 12.675302 -11.641747 0.2933499 -11.060909 6.1281414 -11.275714 1.2640383 -12.900144 3.825902 -8.613004 1.2541147 -17.7972 -2.6004999 
-302.11905 131.6347 -2.199136 45.406082 -8.136459 7.6947784 -12.5389595 7.727438 -13.082366 4.2108355 -3.7768571 9.160115 -9.480026 0.05391269 -10.404397 -2.7371922 -7.8017645 2.0235307 -15.092824 0.035566013 
-287.99197 113.19369 -4.1020746 50.644756 -7.8697424 -0.9494498 -18.337069 1.4688462 -15.811833 11.844584 -1.4465326 5.344276 -9.223478 -2.2008853 -6.0876017 -10.12788 -12.0257 5.249708 -17.288713 -5.0989847 
-337.4668 104.058136 17.986477 52.202698 16.82003 -1.6582764 -14.411087 20.037222 -21.19796 -2.7278585 -7.623157 8.842744 -15.328035 4.637523 3.2602491 -2.7632642 -8.587527 1.3647127 -10.060203 -10.196812 
-363.01083 134.56532 13.235584 35.799824 8.111819 15.068607 -10.779116 12.992399 -12.150334 2.6766517 -5.9937005 1.4775532 -10.764145 4.0956326 -12.097495 7.6652164 -12.185347 -0.26446956 -13.901661 -6.6762104 
-316.45505 77.625336 36.25796 51.266476 -2.9243765 16.198944 -16.327143 16.84694 -19.271744 -3.5967424 -9.127203 4.6832747 -19.526272 2.4065819 -7.095894 2.283547 -14.049946 4.2430077 -8.3790245 -4.0326962 
-364.11633 114.670044 14.473682 45.17927 9.167409 13.7664585 -8.845035 18.147476 -7.5823874 4.4209447 -7.363203 7.3392115 -10.386907 3.2202237 -7.602946 3.0799313 -12.883005 0.012546195 -10.809407 -6.6383166 
-361.01312 117.96969 8.050001 53.549946 5.0560474 14.641927 -8.014133 17.419151 -11.445848 2.3596418 -11.483363 4.593984 -12.298324 3.6556206 -5.6082087 5.90814 -9.794947 7.179064 -8.247972 -4.89546 
-332.85025 135.21825 -1.9397435 26.449335 -1.4741075 28.501017 -4.7719154 10.349603 -8.058874 6.558902 -4.627936 -2.9558992 -5.8909173 1.262672 -9.361166 4.060032 -14.593473 5.742982 -14.720326 -5.225026 
-303.09436 130.4564 16.765297 21.248997 -20.316769 25.981369 -3.7942336 2.063772 -20.891047 2.4582124 -14.826669 9.566837 -3.1849246 -14.185761 -8.771651 -2.0048718 -13.935114 5.6897507 -15.758503 -7.2150245 
-290.00928 101.55871 34.714417 30.166042 -22.503973 22.00328 -6.8967605 1.5665864 -17.590506 -1.6499692 -19.432121 15.715044 -7.550584 -7.2401633 -8.984008 -2.543145 -14.55012 6.1883082 -13.525655 -1.8851653 
-266.8743 92.824776 -10.194343 66.286674 -4.66113 -1.0198507 -17.642208 20.752777 -12.0334425 1.1243759 -8.37253 8.41071 -9.235848 -6.834885 -4.1636276 2.797177 -14.789632 3.7041736 -17.03677 6.145913 
-281.9416 127.00882 -15.038374 27.73256 6.6992893 11.679869 -10.037913 20.03717 -16.838737 9.235739 -5.8128715 0.8784697 -15.226471 4.3279395 -4.3671126 1.0328479 -14.751744 8.684595 -10.035109 -9.513945 
-343.97302 130.05731 8.445269 25.250189 8.239238 14.861501 -7.634113 7.810027 -14.487559 -0.67190105 -5.5901623 7.703537 -17.086359 -0.20541424 -3.7855275 2.1415987 -11.197077 0.9994079 -7.9635715 -5.933296 
-325.5453 112.46924 20.971973 46.457348 0.749241 12.095942 -20.328861 14.049976 -14.635949 -1.4803747 -10.234471 7.391192 -12.125157 7.096795 -6.4698706 0.8325161 -7.3778667 -0.47549295 -14.259899 6.1873956 
-328.63953 118.84862 24.334017 31.96453 1.5725873 10.908805 -21.476704 1.5082946 -13.030136 6.058202 -11.440181 2.9741983 -7.956114 7.932263 -5.1938972 -1.0624801 -8.989653 5.5977573 -15.948179 3.2378273 
-352.68326 109.34295 36.096508 30.932909 5.516832 18.015959 -10.716115 11.017712 -10.309557 3.9808912 -10.789132 2.8321102 -11.466494 3.8241496 -9.218861 2.9855826 -9.932319 2.2794905 -10.085485 -1.1095397 
-338.60318 151.21896 -6.4453874 20.142591 -4.87381 14.715635 1.0537239 13.590894 -15.222933 -2.2985156 2.4254465 4.5813255 -19.722801 1.6948872 -12.445011 1.0304253 -9.991944 5.732471 -9.601024 -5.5000863 
-394.70535 143.43713 18.015131 34.79834 13.589125 11.954235 -6.0711455 14.196345 -7.9298162 9.178646 -15.414944 0.61804277 -6.327808 1.2837096 -6.9425974 6.494854 -9.243132 3.6661263 -8.870888 -2.9056063 
-400.37097 145.77936 16.160076 38.7605 13.572724 13.092195 -5.8705187 11.546428 -7.207721 5.6975346 -12.175583 0.13416153 -10.333582 -2.928773 -8.149082 3.2622597 -7.325747 6.1547236 -6.2672396 -0.755213 
-385.0719 137.0236 22.187143 32.474846 12.529455 7.73973 -6.3165836 14.690822 -8.430599 5.424284 -13.323187 -1.6291442 -7.4264755 0.4871034 -5.9011445 2.2018602 -10.547122 1.7959445 -6.6877837 -4.948098 
-381.38464 132.01395 23.455769 32.9258 15.37956 6.8823056 -8.1731205 10.27184 -9.95174 5.210612 -12.955763 0.46250308 -11.296301 3.6474245 -6.5259204 4.2104015 -9.932522 2.2815084 -8.664198 -5.1141143 
-367.58978 135.57733 24.492414 28.592255 3.0986726 13.840315 -7.51921 17.041609 -8.353093 3.264348 -13.050594 2.576915 -6.579392 3.3086195 -10.652859 5.3268356 -12.613892 3.1572325 -9.777704 -1.8277065 
-350.25543 155.94586 27.534006 25.08742 -11.582247 4.581952 -11.2360325 16.103388 -8.178721 5.2179723 -10.814972 6.3509116 -4.444631 1.5917603 -9.313521 2.38134 -15.174687 -0.46261767 -11.334393 -1.1579598 
-344.01816 116.98078 32.420742 28.946777 0.9047642 17.625034 -7.9165998 10.778859 -8.708502 7.5187106 -11.41103 8.64308 -9.375568 6.1629496 -11.004872 -2.0184605 -12.938507 1.3960406 -11.424061 -3.0198414 
-320.07123 132.8151 11.229729 36.382473 -1.6715227 21.04478 -13.947041 -1.0302796 -13.79207 10.40453 -12.752164 -6.095133 -10.607607 0.5058028 -7.583163 -1.7393909 -10.955897 -3.9535234 -9.362564 -2.6580436 
-240.83757 110.3304 7.0492535 30.693216 -38.023132 21.253569 -10.191822 5.1908793 -27.865416 0.37682003 2.7364469 16.679365 -5.949436 -7.4457254 -10.494812 -9.104449 -10.4065275 -6.619662 -10.443847 -5.6523023 
-303.0484 133.62842 15.2492285 19.88761 -21.862564 23.79297 -6.400154 7.1252465 -24.730095 7.300185 -4.7837925 8.975092 -1.2432717 -8.2698555 -11.695093 -2.3639882 -10.771375 -2.5712962 -8.061575 -3.3028042 
-242.60812 129.39758 -25.281237 8.398251 -36.791687 31.499657 5.9819865 9.7505045 -17.702065 -13.720381 14.443381 0.1486684 -18.574633 3.0176687 -6.1983237 1.9917169 -10.2452755 -1.6489873 -18.658401 -0.8027337 
-317.9778 129.4965 -6.8346353 20.643145 -6.038248 31.945055 4.627294 4.279614 -16.507874 2.3194165 -0.25201356 -3.5899167 -11.954928 3.1273656 -7.6657543 6.988621 -13.98439 -0.90810925 -11.605885 0.9671345 
-363.4997 118.03744 11.368631 40.683983 6.131483 17.716736 -9.2578535 8.768544 -8.539558 0.99644154 -10.679706 1.7053536 -10.77623 4.536776 -4.8604274 1.1905931 -13.221411 2.592864 -11.847697 -5.097958 
-378.26282 124.571236 24.633806 33.114487 14.099972 12.665055 -2.9650831 17.606943 -6.535822 6.5285788 -9.944899 -0.82607037 -11.01288 0.8831927 -7.9965415 4.107911 -11.561596 0.895628 -12.078379 -2.8246975 
-382.04382 123.55289 23.622402 30.668509 12.90186 7.43899 -8.571256 12.253218 -9.701568 5.0796905 -10.321974 0.697737 -11.947065 2.056933 -10.677025 3.2476943 -13.017506 -1.6825987 -9.946083 -1.3889302 
-382.16187 125.73706 18.09505 34.483906 7.72738 14.061636 -7.16173 13.798891 -6.070734 3.8283446 -11.470211 -2.695941 -12.206348 2.3701024 -10.197574 4.1826305 -9.967799 2.246261 -10.365056 -3.041545 
-392.17706 132.2427 21.769829 35.95073 13.466026 14.015404 -5.2985964 18.188608 -5.880172 10.87376 -15.179745 -0.9801468 -12.007285 1.0564404 -11.017661 6.963787 -10.873178 1.7212977 -12.836063 -5.0695047 
-322.03583 122.54077 15.017617 16.980291 -6.436358 29.683767 -6.0046754 16.273521 -13.491976 -1.2856611 -11.623264 -4.776001 -8.951687 1.8435445 -10.187241 0.46704838 -12.473927 -2.958293 -9.669575 -8.953942 
-280.7879 107.24491 14.524126 29.472359 -3.7177827 9.30624 -7.4360266 9.829995 -19.671867 1.1901497 -10.701427 9.553419 -9.729115 0.3556918 -5.790808 0.16098595 -3.6591148 -6.0597763 -14.018056 -14.133839 
-282.918 106.52617 -9.931321 61.728977 27.03738 -15.966807 -18.085552 17.848694 -17.096209 -14.04315 -25.462667 18.980858 -9.329678 -7.2241235 9.3446865 2.9533236 -16.625908 3.0210402 -26.576088 -15.979965 
-336.0284 129.59149 3.1534648 58.111282 18.84546 -6.7428327 -11.859806 6.3598666 -12.131008 -6.827154 -15.964064 12.049654 -11.300798 -8.6581745 4.5959086 2.6740632 -10.753949 9.740529 -12.089111 -7.360282 
-354.14008 122.233185 28.943417 64.19372 -6.257744 15.045924 -2.7995644 -7.3551 -4.924646 2.3154614 -23.352268 7.003682 -20.778309 -0.7802485 0.6208571 -12.414479 0.6463921 7.5156317 -23.128052 9.488313 
-328.38773 131.16252 11.856646 40.89807 0.39508936 8.001911 -1.6519953 -0.33247632 -15.346705 1.8313838 -12.086489 6.7326145 -14.277413 3.1939747 -1.9228202 -6.465413 -7.221576 8.791951 -16.675228 2.7290585 
-248.96002 111.8718 -26.744951 59.19139 1.3256167 1.5097907 -12.920782 -0.00063006085 -12.52817 0.4520197 -13.279659 5.167428 -14.062354 -0.83950555 2.7954762 -11.462348 -8.252581 6.6007447 -17.569197 1.5328133 
-286.35052 101.02156 4.6350923 71.816925 -5.9606714 -5.7107506 -17.305038 10.153553 -6.404057 2.341627 -20.28713 12.745304 -6.512953 -9.335796 -2.3494818 -0.3472414 -12.142124 -5.3724346 -19.548786 10.921064 
-337.64417 130.60039 17.410418 39.09021 1.1708659 9.469346 -17.161884 -0.99904037 -12.051771 6.0666795 -7.7432795 5.7424946 -7.970648 6.777904 -7.090629 -2.9578087 -4.5594935 -2.2198 -16.174833 2.6816134 
-352.01575 101.18041 37.315594 31.201735 14.174472 13.365498 -8.4840975 14.798257 -9.933354 1.9860297 -11.143626 1.7492324 -13.343462 1.7675405 -11.866686 2.8161001 -6.330574 -0.7625631 -8.27698 -7.0988426 
-268.81842 125.77413 -39.101234 29.331932 5.272059 4.5546365 -11.096965 21.92405 -12.652415 3.7625384 1.4167593 -5.018169 -14.14208 7.1207733 -14.297245 8.404525 -15.82753 3.1222928 -9.936721 -6.3559356 
-351.174 126.28657 -6.3112774 53.1412 5.250088 -4.536192 -3.5776143 12.97756 -9.938801 9.763626 -11.073691 4.136897 -11.682147 0.31542525 -4.2796807 -2.3545494 -10.920289 2.825631 -14.373779 0.6232717 
-315.76306 128.70784 7.358322 37.527073 -12.362477 16.445534 -14.544468 5.150642 -12.031544 13.486561 -6.923834 3.5781758 -13.418562 -3.6361957 -5.0766587 -1.3639162 -8.764557 -2.0342324 -15.950707 3.2304776 
-338.58643 134.17558 11.096615 21.157581 -2.9843652 24.36718 -0.447935 7.3852506 -11.982512 6.467262 -7.6773586 4.4060116 -12.829971 -6.264827 -7.382252 1.5931914 -8.655406 -2.5541182 -10.875092 -1.786484 
-339.2848 109.47129 38.172024 36.545074 0.21600349 11.649655 -12.350867 12.331253 -9.163283 -2.445304 -15.569026 1.8739085 -9.330864 3.9951956 -5.4547634 2.5439074 -11.23891 -1.3578709 -12.765153 -6.851445 
-273.6142 92.98862 22.336674 58.187153 -8.372376 -1.0993568 -30.02692 10.672329 -6.9259887 -1.8076164 -13.467922 13.838642 -10.252568 -0.6075091 -5.414891 -7.248397 -5.9872684 -8.298026 -22.24192 6.6978755 
-270.74292 123.47306 11.792729 30.466118 -25.2696 16.728777 -12.725646 -7.9417944 -17.247389 6.9712076 -10.341514 16.015717 -2.9886594 -2.058767 -3.0063972 -7.931232 -7.1470513 -4.9908085 -16.889616 7.1961355 
-288.80438 141.68613 -28.300817 19.130974 8.786109 17.102242 -7.468729 0.15724447 -12.052742 6.118881 -2.0317867 6.775042 -16.52659 -0.9988639 -7.0595913 2.455357 -11.738879 -1.4110864 -15.338472 -7.1124835 
-349.16226 148.63309 26.726841 25.731985 -4.944502 5.482398 -9.460886 1.3866181 -5.922738 4.2088223 -13.658939 2.9934347 -12.541775 1.2815089 -6.279926 0.8057604 -5.3945456 1.4722686 -9.590342 -4.0097055 
-331.31314 169.68977 21.950218 14.800115 -31.45693 -17.627405 -7.389435 2.8475442 0.049052767 7.6816473 -19.180584 1.9816186 -3.0938747 0.5279777 -0.3162042 3.3986578 -11.10227 -4.299016 -14.829861 -7.2238107 
-368.39703 135.22699 21.783665 26.485296 8.488585 8.704507 -5.427409 13.3416815 -7.054051 6.5052114 -13.583716 -0.37703478 -7.218727 2.2225657 -6.9630566 1.3194705 -12.41862 2.1534274 -8.04045 -0.8546546 
-386.39438 132.2406 18.809103 38.719017 14.790507 14.114788 -6.5758834 12.618191 -3.2630758 8.65391 -11.896731 -0.92260444 -11.635671 0.7345231 -10.554766 6.0748453 -7.4393888 1.1187459 -8.253411 -1.6098511 
-350.94592 135.82185 12.408947 25.446522 1.5037986 18.794477 0.019746728 8.926516 -13.982171 5.902151 -12.094335 1.9241096 -12.353009 -3.710707 -5.2276936 5.0825353 -7.1249714 0.41666448 -12.027319 0.05896437 
-311.9518 139.62859 2.7541208 28.871359 -17.114483 26.31539 -1.8571593 -2.0062122 -13.487945 2.822211 -10.369138 13.177716 -11.160964 -7.321459 -6.0088534 3.145136 -7.7865195 -4.2843804 -16.637875 2.6495502 
-246.582 71.87768 8.54531 51.935066 4.249455 -8.715042 -23.677286 22.363705 -10.023568 -0.4202332 -18.312422 19.964588 -4.7550416 -6.269202 -3.8652356 -1.4890807 -6.7406025 -10.096444 -9.056498 0.78037363 
-317.7655 136.2361 8.407629 47.965977 9.047138 -0.22079393 -20.77903 -0.31811672 -2.589303 -2.06191 -27.44995 1.488952 -1.6926596 0.6389162 -8.761739 -7.5766687 -2.6421046 -6.1309104 -19.437077 -0.4530252 
-365.30405 135.62885 20.15513 30.465715 14.657824 10.391877 -5.8302684 11.321383 -8.646604 -1.0009611 -16.124111 -0.2867083 -8.578245 -2.605869 -6.338354 2.441585 -8.795406 -0.40728587 -10.496718 -8.032497 
-220.10718 112.79284 -46.708443 44.23786 -8.582374 -2.0064256 -10.970645 24.825642 -6.7536507 -15.51336 -14.5180645 15.830058 -12.072313 -6.676979 -9.112721 -0.46210125 -7.4413037 -8.677387 -10.736526 -1.6691203 
-274.91095 116.12972 -11.967296 66.96222 -7.756266 -27.06164 -15.358802 8.594642 -24.4778 -12.735572 -14.35548 13.932198 -12.201065 2.4354339 6.602961 -12.590572 -4.609175 -5.6372333 -17.468023 -0.3024872 
-301.0241 136.57446 8.682298 37.060307 -13.066132 -3.2219942 -19.134642 1.3916981 -9.837817 9.349033 -9.42274 11.846934 -7.262787 5.241518 -4.3033795 -4.5278463 -9.765978 -2.4460764 -18.48188 4.473463 
-349.98083 129.743 17.45557 35.12123 -4.1258993 12.139825 -9.853664 9.799842 -7.3956103 13.69244 -10.302692 5.517886 -10.8407955 0.47388947 -6.7429295 -0.6855473 -11.571384 4.768675 -12.000767 3.8237932 
-388.07095 131.87354 20.43023 33.33982 12.911754 7.889995 -4.8769393 12.246176 -9.105193 7.124344 -12.016523 -2.6926677 -9.579764 1.449423 -9.557292 4.1200485 -9.04485 1.7920235 -8.797758 -1.3806741 
-304.63367 89.011696 37.679775 73.425186 -23.492058 14.304801 -5.4860773 -9.387275 -6.26457 1.7116017 -15.173102 6.0876055 -25.631023 7.378735 -1.727466 -9.750584 4.578603 -7.1535797 -8.370812 -2.23272 
-336.31418 115.70822 16.203758 80.95388 -12.526499 3.9504194 2.1789544 -7.0295663 -11.611697 -3.042594 -23.156958 2.6705127 -22.249077 4.8521266 -1.6721075 -4.6079884 -3.1340034 -0.26882818 -16.272291 -2.466236 
-363.6417 131.37068 18.339277 49.95375 8.869195 8.277918 -10.704249 14.38358 -14.139236 4.4504437 -13.65234 5.930063 -11.165522 1.2128012 -5.071638 2.5815718 -13.389036 0.29798663 -13.318142 -2.0495758 
-347.59933 135.23961 -4.5106483 33.560497 13.559371 8.501278 -9.972558 17.524231 -6.3632565 3.9032316 -8.876644 4.4509573 -16.062004 3.5292394 -6.9663486 -1.3185198 -11.350908 4.8548613 -12.175312 -2.7135928 
-380.8426 129.17732 21.564726 41.225838 15.075736 4.743265 -7.669148 21.903114 -8.96509 3.6059031 -13.20428 1.1421674 -14.74144 1.8509089 -3.8011284 1.5412216 -16.037495 3.0705974 -9.111073 -2.1285295 
-376.8617 126.96563 21.713112 36.378853 19.23687 12.412279 -5.4977856 21.270172 -11.881733 5.4423914 -12.096501 4.8160934 -14.182622 2.3697429 -3.5251825 5.0200763 -12.911739 5.342416 -9.78319 -3.6685534 
-384.9482 130.62105 25.437094 36.595802 13.872299 12.957826 -2.6430876 17.529457 -7.8361893 8.152033 -13.74757 -1.9783444 -8.602491 2.1625617 -6.4912233 5.722852 -11.360911 2.8204281 -9.361071 -1.6607037 
-381.04266 128.50595 26.340237 33.537945 14.465571 13.123382 -5.353743 11.676329 -9.396238 8.954111 -10.920985 1.3033351 -7.5299215 0.8627346 -8.500874 1.2220445 -11.717503 2.510306 -8.615052 -0.05291042 
-395.7296 129.9237 19.81604 29.808174 12.238365 11.483177 -3.7500012 13.422191 -7.848867 8.9593 -11.319201 -1.5075823 -10.05051 4.1117463 -5.781664 3.7911167 -10.71655 -2.3021266 -7.159691 -1.2017674 
