-600.968 179.3245 50.039078 30.362661 4.233796 32.4339 -8.632285 11.5648 -5.7887526 7.793612 -8.444934 -3.326603 -4.433836 -12.179363 -3.205705 0.5878717 -1.8026714 -0.6385603 -5.6780343 1.1885899 
-584.6457 173.90276 43.88524 29.694332 8.78875 31.696781 -6.6343875 16.62443 -2.377112 5.030222 -5.5857215 -4.02114 -5.246641 -6.1537547 0.47911724 2.7755911 0.30195135 -2.173021 -6.2689342 0.6018231 
-588.92316 175.70921 48.310772 32.331676 4.0251026 35.599564 -7.1459675 11.727991 -5.329172 6.9773126 -8.081272 -4.5948167 -2.705579 -7.1059437 -0.4464712 0.69327974 -1.5833405 -1.6532415 -5.843806 -0.4794045 
-589.223 175.01495 51.70267 36.9065 5.3099804 35.185673 -8.07391 9.561836 -3.893243 4.908319 -8.206968 -1.8243839 -3.1813235 -8.861797 -2.1181855 1.1873424 -1.19619 -2.91099 -6.661566 1.5585719 
-587.23254 170.35756 44.66068 33.472855 11.984909 29.321032 -10.058669 11.010569 -6.334098 9.769295 -8.262403 -4.1915617 -0.8871354 -10.103307 -5.092558 -3.3196652 -0.5540807 0.6542059 -6.627627 -0.32746384 
-574.96045 172.4406 39.37098 32.73983 15.566301 28.845402 -14.247918 9.128835 -4.4806833 5.9082065 -8.948619 -5.77831 -1.4388804 -7.1329675 -3.9809973 -2.6439242 -2.7566164 -5.3050213 -5.039904 0.29007685 
-462.8528 166.49744 10.949234 44.29623 34.62678 2.8462548 -8.813068 -18.589972 -8.394924 -11.665129 -14.596531 -5.9271965 0.8526071 -16.396566 0.86986995 -6.046231 -4.92398 -2.9850216 -15.766186 7.0327487 
-449.65073 171.62645 -0.6496262 42.943752 38.718304 2.9668226 -18.711412 -17.341774 -2.8710914 -5.904119 -12.303611 -7.593588 7.6903067 -13.982644 3.4853532 0.07798942 2.8242705 -1.1511269 -14.500172 8.282322 
-456.63953 165.03969 14.58646 35.362747 32.972984 0.14487836 -14.790207 -14.325607 -0.80400753 -5.5636344 -14.258701 -12.66926 9.482032 -12.272567 1.7289674 1.5281866 1.941086 -3.7918994 -11.864825 0.25862443 
-492.8146 178.77892 33.053074 27.36107 31.33387 12.815926 -15.189455 -11.360947 -2.179423 -2.0933018 -13.001531 -16.07481 5.128126 -14.925166 3.4126987 3.3204954 -0.62936664 -3.1523411 -11.865978 -4.866841 
-591.45844 180.51016 47.01497 31.94577 13.817191 34.361256 -13.059528 13.855327 -5.435849 9.907324 -6.168728 -3.153111 -6.2576933 -12.6521845 -0.35723934 0.5809011 1.2597889 -0.19591373 -7.517156 0.93226963 
-592.66833 177.024 47.446976 28.010311 7.028907 29.376587 -8.273131 19.4842 -4.9355636 3.7007294 -7.229927 -5.617094 -6.694887 -10.387137 -3.557875 4.3338785 3.7666233 -6.145286 -5.145042 -0.4177278 
-589.3389 174.22209 46.14373 31.139427 8.776352 32.932835 -8.5963545 13.010339 -6.997011 4.977562 -11.010197 -5.925308 -5.1417174 -9.139459 -1.3791394 3.525348 2.5331833 -2.4445994 -6.4680266 0.6915057 
-597.1355 176.52528 46.938095 29.217543 7.379897 35.956703 -9.549934 12.365922 -7.0649114 7.278377 -6.738204 -2.3119967 -4.628948 -7.647974 0.04755558 3.460216 1.9423879 -1.2153313 -5.225187 0.62402976 
-591.5902 172.45795 48.522995 34.054398 10.440482 29.71412 -9.578605 10.222645 -4.531863 3.5233529 -6.661932 -4.7462397 -5.895404 -9.540195 0.7869576 -0.9996628 0.56088185 -0.9190126 -8.513346 -2.1150265 
-447.2816 153.42001 18.572792 32.756287 29.328108 -17.537432 -5.6951103 -16.6236 -25.373447 -0.32282126 -7.6689386 -3.507329 6.642704 -11.784954 -5.9331427 -4.5664787 -9.24535 -4.9834943 -12.495228 -4.436555 
-393.8992 81.47811 42.599216 67.044525 18.153282 -7.2682166 -14.462498 1.0502448 -15.502672 -6.837473 -18.250221 3.247388 -3.4027128 -8.164307 -10.18538 4.636223 -10.4370575 -2.8122756 -9.894893 0.33326817 
-401.5162 170.0108 11.309643 20.663845 9.315832 -17.959375 1.528604 -4.4875927 -24.11711 -12.403419 -8.819922 1.0016813 11.437028 -13.859099 -4.611078 -1.5460047 -8.460335 2.1844068 -7.829918 -7.7943473 
-470.63635 159.8165 36.646904 22.01521 18.223257 1.8690355 -5.4602613 -1.4086261 -13.678461 -7.6465006 -9.974431 -0.50643677 -4.032887 -8.183983 -8.021346 1.0765864 -7.392622 -4.0973835 -8.201928 -2.4701343 
-454.02988 160.74554 22.954811 19.130728 25.53714 -12.59678 -6.2587185 -8.870863 -14.586897 -11.212422 -4.787023 4.747542 3.6928961 -15.571055 -2.124063 -2.5304894 -7.06608 -2.7060947 -5.4811745 -9.063197 
-449.3246 168.4139 27.34828 15.781162 30.998423 -5.7418904 -23.27285 -4.1842012 -11.64404 -8.386356 -1.9312273 0.69627976 -5.5402665 -13.48469 0.14286003 -4.147416 -12.23599 4.6645184 -3.117539 -4.7647233 
-453.5637 179.27954 11.920605 49.201317 26.276337 -6.689849 -28.182627 -8.107508 -20.023304 -4.776158 -10.572175 -10.679665 3.0431578 -13.824153 4.4633617 -5.024961 -7.706069 0.72206527 -11.564503 -1.7800975 
-433.5694 109.336784 46.54733 32.04985 21.102598 7.607921 -16.976597 -6.3597364 -9.182865 -8.035311 -7.2831116 -6.9276476 -10.191556 -1.290618 -4.364439 -0.9543795 -6.966697 0.9978812 -5.657887 -1.5416383 
-429.09708 128.6497 32.066067 44.59168 16.608997 1.7630174 -16.698584 -19.300735 -1.5737801 -7.9749045 -14.439144 -8.801413 -2.688724 -1.1508914 0.29577306 -8.4461355 1.195641 4.717642 -9.506117 -4.7434735 
-499.9056 166.33746 40.54982 41.0851 25.430473 -3.5245833 -6.298092 -15.060187 -2.0991228 -6.0576777 -16.937063 -3.7918048 4.914998 -6.5959682 7.257599 -8.63349 4.8598423 12.35151 -17.881775 -2.0395076 
-546.3074 179.017 23.736628 18.563263 5.6277776 23.613165 -6.2780857 12.815477 -3.2494144 5.202564 -10.516819 1.0841824 5.2488084 -7.1119666 -3.4696727 3.2095904 6.888249 1.3709732 -8.853187 -4.2978516 
-561.36096 174.43187 36.58812 22.87716 11.358046 20.489765 -13.293056 13.634923 -3.6321492 2.6409502 -10.394963 -1.878309 -4.5150414 -7.308195 -1.7783372 1.0982811 -0.5858247 4.003817 -11.016615 -4.1415553 
-397.63535 157.30132 -0.27684847 36.031654 31.916046 -28.697575 -10.829918 -24.367334 -18.403606 10.449921 -2.6803408 3.7934587 7.101368 -12.185064 9.307648 -8.739902 -10.421092 7.96595 -17.156435 -1.1738945 
-451.28146 155.72894 23.142134 36.34972 26.117023 -5.6191263 -16.223072 -10.280491 -10.014613 -5.9148517 -8.439676 -12.697575 -5.3632746 -6.1965075 6.4698544 -6.426238 -3.7431858 -2.0152771 -13.470542 -0.7949897 
-461.56165 157.64816 32.421402 34.053802 21.244911 2.7353241 -16.315897 -4.70811 -6.0596333 -8.38821 -8.038273 -15.69048 -6.0771346 -5.8431225 2.1027992 -5.029234 -1.3612472 -3.6043978 -15.803268 -4.9628534 
-507.14832 169.63913 43.18324 29.698124 9.381128 9.541483 -10.014491 0.47949845 -11.518826 -3.1441214 -5.1957254 -11.685094 -6.2727604 -9.651989 1.6672276 -3.2347755 4.324822 -0.34263018 -8.489786 -4.041852 
-572.7304 174.07332 46.863026 26.499987 3.2609494 23.87242 -5.4029436 9.558304 -5.2179055 3.4111242 -7.5422144 -1.3401198 -1.4106591 -3.3181107 -0.21509969 2.0040202 -2.334166 -1.6501619 -3.0062475 1.6189421 
-575.11707 180.3213 45.2477 26.930544 6.463052 28.808388 -9.776824 8.957347 -7.82778 7.6789017 -3.328031 -4.116667 -4.29327 -8.88159 -3.8215992 -4.592251 -4.1031895 -5.876866 -6.3773494 5.132073 
-578.1434 177.4494 39.919 26.08866 4.5735497 34.113632 -6.655415 12.204893 -9.725627 5.9214845 -8.09209 -7.9265213 -8.559153 -10.585541 -1.0796413 -5.552821 -4.7423077 -1.2410569 -6.095132 0.25684616 
-449.55994 94.270935 47.907677 71.63009 11.076717 -8.333564 3.5176501 2.312604 -11.720374 -6.306665 -14.608861 4.0039434 -11.874075 -11.582079 -2.989966 5.499435 -12.5633135 0.69783705 -6.013168 1.498618 
-390.62268 119.87814 19.964306 68.122055 16.908474 -20.23696 -17.054016 -0.4611266 -10.059158 -13.89436 -20.804552 2.4275432 0.25545585 -6.383212 1.023555 9.6862955 0.04301217 -8.619415 -14.741854 -0.9993827 
-417.56433 168.45773 -3.8971972 55.08553 25.012617 -32.022537 -12.55418 -2.304011 -7.5885773 -4.483221 -15.413912 -3.211321 10.966503 -8.094372 -2.0989826 -9.467575 -0.897908 -3.9597752 -20.512089 1.3579292 
-438.4515 168.55113 5.4638786 49.787674 25.796415 -18.519453 -21.236647 -6.5216064 -6.8950953 -2.7011936 -15.334783 -2.1781447 10.021705 -8.542169 0.3864405 -12.538952 0.14168681 1.8754213 -21.793844 -0.72404474 
-497.4336 177.50684 5.472957 36.874733 3.2304182 1.1405678 -5.4379334 15.057744 -20.924213 11.540193 5.1980305 -13.2572 -3.5234988 0.41146365 -4.660349 -10.394268 0.12158182 4.1279464 -7.9387565 4.2865744 
-514.3958 175.81952 14.622572 40.07823 11.131712 1.2279897 -12.97113 11.75581 -18.578661 -0.53314483 3.4907374 -8.26036 -5.589387 3.2211761 0.7945126 -6.5202317 -5.6296854 -2.096762 -8.191993 2.4846067 
-541.8621 180.42264 18.32446 44.186356 13.135807 8.571739 -9.3692665 14.146511 -26.530962 14.021689 15.840954 -12.2111225 -9.761835 2.6443052 2.0464368 -10.754894 -2.6366832 1.262514 -10.394546 1.9733187 
-567.8767 184.52766 32.67387 36.620102 10.721431 16.786442 -9.70292 11.7155695 -16.761105 9.947247 7.6708198 -5.4101214 -9.190839 -2.6629972 -1.5807852 -8.90448 -4.14371 -2.0552278 -12.383042 -1.5466893 
-577.8977 182.1247 37.696453 33.26816 10.884419 29.999702 -12.449201 12.587163 -13.193599 5.5220675 -7.191541 -6.6731853 -8.214895 -8.162425 4.5410395 1.043901 -0.6626847 -0.27763465 -5.511556 0.34064662 
-573.28687 179.8428 40.3027 31.209486 9.291899 30.385979 -10.077832 15.750759 -8.357029 1.3074051 -8.568689 -7.157982 -7.9918747 -9.512767 0.97459054 -0.24517101 -1.1172891 -0.24104701 -4.307244 0.51271605 
-554.4485 180.83282 39.78578 37.91127 -1.2559953 28.900747 -12.997157 8.798122 -14.413115 -0.93579876 1.0575782 -4.272141 -5.794925 -3.829519 4.0636735 -3.0958252 -1.0292525 6.2405553 -5.446881 0.025170326 
-569.41077 182.97435 49.719135 29.752028 0.6581891 28.81646 -8.585767 13.111789 -10.221603 3.802405 -5.665217 -4.002904 -4.9341545 -8.76731 -0.8589148 -1.5296054 -3.2329473 -2.173961 -9.6812525 -1.1814774 
-398.91867 93.646515 49.8304 51.643818 6.9643536 -4.501412 -4.5610704 6.38758 -3.4441824 -11.610188 -17.554827 4.248265 -7.6183863 -5.2553387 -7.170446 2.9764395 -9.364329 -1.4849135 -5.7618084 3.460258 
-357.6274 161.6092 4.460508 21.750242 15.347515 -0.7343061 5.87992 -4.711241 -8.85615 10.100726 -6.460369 -1.7691358 4.5588183 -8.743244 5.6990566 0.81631273 -10.247711 0.9389583 -11.05464 3.5538492 
-379.71417 111.12863 50.767532 27.776262 15.297801 9.818891 -14.810398 -7.3058352 -15.46582 -1.7834072 -10.751175 -9.342141 0.24488088 3.5516067 -0.37621605 7.7103925 -6.8687196 3.645026 -9.099701 -1.7546406 
-425.28372 122.74802 41.834385 59.435364 18.93554 -5.0836926 -12.746961 -1.4339709 -9.80418 -12.259316 -16.287699 -0.34009954 -6.304243 -8.215593 -6.8107805 5.1379337 -0.4959303 -2.6594574 -5.630262 3.3142018 
-403.85083 115.328125 44.60335 41.52684 24.258926 -7.533298 -28.384502 2.167274 -11.966116 -1.9966087 -15.668028 2.662162 7.8596997 -3.9264162 -5.5963864 2.4970236 -4.495889 3.1240778 -16.00379 -1.4352409 
-409.92804 92.69899 46.654247 58.127083 15.477744 -11.3511505 -5.7457967 3.6244082 -12.7741785 -5.7761803 -14.725793 0.39684787 -14.175433 -12.503119 -6.446928 3.106369 -4.3511953 3.8728285 -5.538342 1.6782676 
-450.85052 143.54042 51.377262 18.446274 5.469271 3.660725 -9.064333 3.4854283 -16.230188 -0.99200755 -10.390311 9.615658 -0.5006657 -2.2255886 -3.433383 -1.4100705 -5.6579456 2.6374457 -6.266465 -4.018452 
-462.32428 197.27473 48.255478 30.891964 -9.456036 -23.449963 -11.240536 -4.0599008 -18.319563 -4.445102 -11.396367 -6.179535 5.432601 -11.384005 1.1393956 -1.9833109 -2.2227485 -2.7869911 -2.0690548 -3.061684 
-453.3542 180.51016 22.000189 20.982903 28.822584 -0.34972826 -16.36319 -3.5788858 -15.131919 -13.738752 -8.412038 6.6503253 0.63061905 -9.765327 -1.8643903 1.7207713 -4.4897757 -1.2226462 -1.7902734 -2.392407 
-509.79004 184.20418 42.464394 33.01265 9.211628 10.703279 -5.1259027 -2.3257053 -21.401114 -6.6367655 -2.543111 -6.2028265 -5.311347 -8.728696 2.9827194 -1.1191646 2.3173904 -3.187716 -5.551772 -6.2657933 
-468.1098 177.29352 49.818214 24.516731 14.791404 2.0051527 -10.265293 -7.0423484 -12.286479 -10.536854 -9.639305 -1.5503774 -5.6208186 -11.731858 -3.616727 0.82728875 -5.591278 -1.5327697 -8.146009 -4.2699575 
-444.338 168.58664 11.877323 46.179047 19.744474 -4.598075 -11.734461 -8.901364 -13.221896 0.80598855 -10.544576 -5.5448527 0.36896405 -8.555772 1.5942538 0.15508863 1.6364164 3.6018414 -8.692745 -6.0184903 
-446.9457 114.20706 61.37295 30.411747 25.626574 16.604244 -26.273726 6.5311866 -10.69035 -0.071468145 -17.299328 -11.115156 -4.2791157 -0.53320616 -5.33256 -0.4347844 -1.6975182 7.164712 -8.383982 -7.2050533 
-466.53278 166.0995 22.536339 56.57066 39.07908 -9.415536 -18.406206 -3.900906 -10.959189 -7.6260943 -23.50327 -8.743689 5.113302 -8.931214 1.2656473 -5.8881736 3.8667996 13.453764 -13.260171 -4.4877095 
-543.80054 160.79324 31.699497 46.517704 23.177795 18.357388 -11.324443 6.7329764 0.35859787 1.0366961 -15.802207 -3.6777453 2.4653113 -9.852666 -5.43545 1.8433228 0.8576267 3.8648844 -12.801019 0.92175263 
-525.5097 136.55193 35.140472 43.740288 14.381197 24.962364 -18.017591 18.262077 -1.9025453 0.95450497 -6.6399074 6.5660214 -1.1832399 -7.317459 -4.1547875 3.526407 -2.1046104 -1.2273214 -5.659358 0.9790137 
-387.08572 126.03936 -0.19496499 66.116486 32.747116 -33.240585 -29.367422 5.1359844 -13.433482 -15.494756 -6.867352 11.515644 5.0013556 -11.5987 2.108217 1.9062707 -10.16957 -2.5582795 -12.742045 -4.1571536 
-411.42026 127.20543 15.502686 77.30622 18.30761 -27.761976 -3.3043613 3.305646 -20.469883 -15.803796 -10.063662 -0.12012127 -9.984436 -13.530929 6.5829926 1.6702802 -7.4483438 1.7633612 -3.530036 -2.0845351 
-508.43903 139.50836 32.22113 69.15701 5.2252197 9.481787 -3.8676589 8.415346 -15.859846 -4.9904547 -11.230968 0.28613833 -16.706007 -9.04423 8.088865 -5.0189786 -7.9001245 8.044334 -4.2529287 -2.2945333 
-509.62137 159.19711 36.722527 30.105652 22.638403 4.1651044 -16.266163 1.0782566 -6.9450746 -1.1763406 -7.037882 2.0911856 0.38509262 -7.6516476 0.6756732 -3.0626857 -4.8300233 -2.0357468 -9.263034 -4.076688 
-438.72537 164.89171 18.449257 46.89032 21.203596 -11.109092 -16.42073 -10.292908 -8.498159 0.021624459 -5.4092746 -3.703351 -1.9634187 -7.4705157 5.1435847 -4.7766676 -7.0908484 2.134079 -9.349189 -4.1623435 
-533.35474 172.37218 53.676193 36.33436 7.6200094 18.781431 -12.064885 6.1635637 -14.317936 0.08660105 -5.2822924 -7.9851446 -5.288809 -9.394432 2.0980768 -4.122526 -2.374968 -1.6371449 -7.7981906 -2.2666326 
-523.7336 153.90335 36.687782 37.63228 17.052982 7.65785 -13.596508 14.843831 -5.7734056 -0.6581924 -4.1801805 1.2395278 -1.2177571 -11.701641 0.024001492 0.0772749 -3.0787225 0.68842864 -9.152206 2.1995206 
-382.09918 100.74895 46.055096 38.147247 28.026075 -14.971752 -23.95986 4.5417843 -10.000349 -7.0996113 -7.25634 2.0327501 -1.0940974 0.1989265 -1.7779596 2.0398533 -8.972957 -0.4315598 -17.943712 -9.485656 
-426.88986 150.00163 40.120068 24.037498 -0.051195357 -4.931513 -17.102821 13.573497 -8.25124 -8.367025 -7.8270764 -0.2035497 -5.3778663 5.17684 -3.9435942 2.035716 -7.6659217 -4.7472105 -12.908959 -2.3322797 
-480.6722 165.2348 54.84106 28.013762 -3.98997 -2.4021769 -12.123964 6.464132 -5.195366 3.9209569 -14.784598 -9.643311 1.4658576 -9.423366 2.869758 0.55924547 -8.772325 -6.482333 -11.70746 -2.4118145 
-398.20956 150.67143 5.1168942 36.417297 16.433035 -17.681583 -31.123617 10.058079 -7.8068185 6.4883895 -7.0068626 -2.1155078 5.140924 -11.473833 -5.5694757 -6.241331 -5.1645145 2.834509 -14.6525135 -7.415468 
-440.99582 165.02162 11.935406 30.229221 19.828617 -6.661825 -14.67947 0.2334545 -17.949379 -9.751141 -7.726036 -1.7822007 5.7252603 -7.8176336 1.753122 2.7991788 -0.5084181 -2.3231916 -12.436288 -8.269428 
-420.65448 120.02897 22.30836 52.42531 32.10419 -11.65527 -33.050888 11.108931 -9.8664665 -10.989817 -18.250658 1.5435249 -2.2919488 -10.554478 -6.230152 3.4494064 -7.358525 1.6520882 -9.144983 -4.6228995 
-420.64044 181.28261 6.486429 27.863466 1.2219579 -9.508648 -9.377053 -1.4574361 -24.43984 -2.1852646 0.6957971 -2.1882372 9.289408 -13.203302 -7.1456604 -5.526804 -3.0586715 1.995796 -8.857103 -7.217065 
-495.04135 187.2703 44.249344 22.958717 -15.873769 4.7803793 -2.1842725 10.783283 -9.609507 1.7911589 -7.695729 -10.686092 6.8124366 -3.0388536 -2.573701 0.019573344 -4.7757587 -6.818934 -9.924712 -2.691032 
-576.88086 170.97513 39.365948 32.2243 5.0086 29.785627 -11.73222 12.097624 -7.3206353 6.5829525 -8.635946 -5.2384443 3.0024219 -4.1807046 -2.415285 1.5483518 -0.8395514 1.7140098 -7.7317905 -1.1896329 
-525.3718 178.8089 41.568333 24.706612 6.579719 15.285091 -8.07499 -1.9016814 -9.3587 4.7195735 -4.2989697 -1.3523765 2.8387017 -9.674185 -2.4251502 -3.3085608 -1.3100075 -1.0902793 -5.7280607 -3.4514415 
-459.7857 173.76106 33.611 33.54327 7.0444846 -0.541028 -10.834538 -7.7706738 -19.643232 -9.217097 -5.234875 0.19648828 0.29105514 -9.405662 2.0361083 -1.546397 -1.6504222 -2.7515209 -6.015814 -3.2890036 
-460.18555 176.35475 37.457928 25.386251 -10.576096 -7.6333256 -5.36468 -4.1719213 -15.801799 1.6150603 -11.05322 -11.96703 8.783892 -6.761761 0.58740234 -0.18909383 -2.1785624 -6.3777814 -8.145499 -5.8985577 
-508.41986 176.83249 51.452457 24.112446 -4.9114957 6.24377 -9.570721 7.167321 -4.924241 8.028057 -4.567901 -9.9427595 2.2224882 -9.4280815 -0.47372139 -0.6285779 0.91422874 -3.8426237 -3.86871 -1.6667542 
-568.159 159.57956 49.77037 35.038925 5.420169 25.8771 -8.372781 13.470478 -2.6661932 8.350897 -7.8895154 -5.2467875 -5.3730674 -10.064733 0.24274898 1.7079768 -1.9008579 0.19924657 -8.616054 0.6646199 
-552.1437 159.62762 37.687126 31.51556 13.653047 21.695286 -9.201892 14.670754 -5.797082 5.2540083 -7.271124 -0.68410176 -2.5403063 -4.76013 -3.9948103 0.049111206 -2.5971425 -1.2767359 -9.352688 -0.38023245 
-525.81433 147.08961 35.384815 33.905994 14.70323 16.211084 -3.6190572 4.933631 -10.200005 -0.8815173 -17.283606 -2.408679 -6.493661 -10.131813 -5.5869784 1.3567878 -2.7373106 -0.00067422126 -10.460971 -1.2359765 
-423.80093 182.93805 7.370395 23.363558 3.8861837 -10.7097025 1.7016407 -13.9929905 -26.253426 0.31190407 -11.106458 2.2076252 14.083274 -21.257246 1.887349 4.704215 -6.680777 -5.1727777 -14.848851 -11.827339 
-494.32443 177.3581 20.075718 52.11165 18.54429 7.4137473 -22.489042 -3.307466 -15.418013 -11.276952 -9.556678 -6.1976004 -5.574155 -7.431135 7.4640884 0.22899011 -3.5768557 -0.48219618 -4.468698 -5.163554 
-479.1077 136.62592 33.779156 68.236755 13.97795 -8.18685 -9.642236 6.9861636 -13.701318 -10.899732 -13.299445 3.3418527 -9.284805 -14.446799 3.3034465 6.146864 -6.5061154 1.4789691 -4.776208 1.1158487 
-417.9106 112.169586 28.742079 63.66911 15.877836 -8.071401 -20.166267 3.8834105 -9.846123 -21.417542 -15.876223 3.7652693 -8.700115 -7.7442837 -4.8349476 9.073517 0.6315478 -2.9960148 -8.753361 3.140534 
-436.6991 170.10544 -6.2043447 60.511948 26.424465 -28.59434 -26.226006 5.0642524 -10.997888 -12.342207 -7.5740824 3.4620595 8.869877 -13.102239 -0.35739666 2.804218 -0.20862715 -4.083517 -17.558418 -0.9816125 
-448.57953 175.55147 -4.2911086 60.708103 25.143227 -28.684357 -24.662106 -4.332724 -15.190022 -14.423084 -15.727299 1.2958524 8.312835 -13.870941 2.6356325 2.9182336 2.5817327 -3.8452644 -18.58041 1.2994683 
-423.1126 51.061142 57.64781 57.41899 3.0138876 8.8478155 -12.565338 6.133674 -1.2853229 -12.637731 -10.662508 3.2736034 -16.2733 -2.2813942 -10.786488 10.522604 -5.910553 0.68108165 -8.041972 3.2446804 
-429.29675 141.52963 4.5789266 57.26766 10.336348 -12.701108 -18.388145 2.4404194 -15.318233 -13.661145 -9.699978 2.9872942 0.037898354 -12.894104 -8.389934 10.112823 -2.0661168 -5.8304763 -11.73272 -0.6711802 
-453.3751 204.67795 7.4209323 10.577098 -17.24072 -0.94102263 -1.4873072 11.135497 -17.985228 -3.941234 3.1585608 -8.550896 -4.248572 -22.878267 -1.4115022 5.3279185 -2.8326461 -2.4003787 -7.155739 -9.579726 
-445.45056 134.035 42.777084 40.689198 28.041435 -2.3461192 -15.000005 -8.050266 -21.623863 -6.7056985 -16.465254 -9.985324 3.6528718 -7.6861324 -2.904777 0.79940194 -0.56148523 10.993547 -15.084194 -1.9564669 
-448.1794 106.79838 56.11852 34.48724 32.228348 8.811196 -31.386833 3.4228098 -18.98742 -5.7258997 -25.192232 -8.229126 -0.15832393 -2.9701288 -6.2368565 -1.2098066 0.32353392 10.391111 -12.666515 -0.502376 
-509.85657 155.8764 41.71718 43.051403 24.839233 10.258037 -10.581014 -3.1728508 -7.8499637 -2.0345335 -17.782137 -12.822642 -3.452302 -7.7493234 -0.9812201 -2.05422 4.340183 9.5286255 -14.1660795 1.1514282 
-566.8448 155.52248 48.430008 33.436485 21.110735 25.618338 -15.846473 8.475912 -4.561987 11.496974 -15.85536 -3.2138705 -0.9977681 -7.7780066 -4.556308 1.1683154 0.06504992 4.625936 -9.436901 -2.68148 
-432.68814 109.07638 69.4534 14.428192 23.870377 6.572952 -29.577532 -0.64108765 -17.559582 7.5620008 -14.983069 2.9288034 -4.1226387 -1.3712786 -5.362371 -1.8565339 -10.729237 4.5410056 -14.465061 5.17006 
-424.99524 117.54654 43.13738 46.830875 30.200514 -4.033866 -21.23395 -10.048624 -16.853779 3.2624745 -23.528969 -4.8787565 0.86149406 -0.10525264 1.9233958 -0.21623018 -0.4691474 8.841737 -16.1776 1.4540917 
-425.3087 121.225136 22.507755 63.657932 16.261496 -10.339071 -16.607874 -4.9061236 -14.0726795 -8.62505 -20.18322 5.1097255 5.0449805 -4.142322 -2.6422496 8.026375 -1.2490891 -1.4734644 -16.323206 -5.419352 
-461.98492 201.31065 15.063078 13.324393 -15.966888 -2.738285 2.9869468 8.899201 -21.245901 -5.9086056 -2.156571 -4.514325 3.385164 -16.595146 -4.87795 -0.46610785 -3.9552546 0.20455196 -5.148461 -7.3084693 
-422.37 143.03188 28.65372 14.543354 5.819534 4.385182 -7.5456247 2.8912935 -14.860541 -2.122342 -7.544947 -6.539005 -4.3281264 -6.7135596 -2.9068465 7.3836823 -7.6213055 3.2988095 -10.253658 0.51426136 
-447.4764 181.17426 18.233492 33.23539 13.266268 -2.6675427 -9.648935 -5.548173 -21.440968 -7.485818 -7.9581127 -9.732155 0.9906133 -12.038409 5.03232 -1.3077743 -3.9166603 2.8065312 -8.342233 -7.1322927 
-424.31894 105.25888 38.15769 60.22161 9.7252655 -6.995806 -15.322291 -12.158788 -7.481877 -0.2337781 -20.954855 0.14293851 -3.2402263 -2.232725 -5.7108045 0.33556402 -2.3806832 5.1525936 -13.762575 -0.7820475 
-516.76764 160.53345 34.66496 40.028496 -10.290257 18.372522 -6.9229903 5.4642 -3.9084651 8.215234 -17.6246 -1.4485569 -5.8555355 -13.527722 -5.5610523 -8.347183 -3.7701938 1.9901112 -6.927157 -1.8605739 
-518.5403 201.92928 15.231855 15.931909 -0.16805013 18.864637 -11.131921 15.119943 -17.451817 1.8065794 0.5469057 -3.2381482 -7.928516 -19.016626 -1.01285 -2.8646839 -5.3025675 3.2103002 -11.994793 -8.0784855 
-573.0209 184.57777 36.18817 17.77515 3.2488775 35.955788 -4.733175 11.353135 -9.587665 3.9017847 -12.429592 -6.2342334 -3.0155725 -9.737918 -0.954107 -1.1898514 0.2683657 1.4297007 -8.042055 0.5812908 
-574.6417 178.07599 49.92465 31.59573 7.2658744 25.684025 -11.366024 8.607367 -9.179489 7.118603 -8.759916 -4.752641 -5.0917916 -10.085626 -0.0021786955 -0.82167363 -0.035682626 -3.5500815 -9.617625 -4.641932 
-559.5331 174.33693 37.103172 38.876034 1.1697737 17.730705 -3.1068497 10.459021 -11.434541 11.581548 -3.167734 -4.627032 -3.9434233 -8.575694 -7.239239 -6.7260237 -3.7884228 -7.688651 -8.961766 7.138335 
-561.4004 174.3206 47.495438 26.199455 0.3258481 29.134499 -9.916438 8.033823 -9.843523 5.242982 -10.703975 -4.9229407 -7.029654 -8.394126 -0.9380406 -1.03556 0.11606089 -2.6455212 -8.9212 -0.9584773 
-536.6725 162.26471 36.626278 12.506757 -5.76223 33.078823 -15.158225 12.026469 -4.6425567 6.722456 -4.9971523 -4.6318784 -10.784589 -10.120778 -9.7683115 1.5073985 -0.92414623 4.255053 -8.633484 -6.9950423 
