-384.62167 143.22453 13.524029 30.147652 -3.3437274 6.868474 0.9659857 3.2300305 -12.349739 3.3401 -12.830359 5.1365047 -3.6895812 -0.8300259 -5.614439 -3.80316 -14.31885 3.852647 -8.881806 -2.4959438 
-312.83557 129.93948 19.158293 30.87571 -1.857783 7.1903696 3.7723927 -15.950187 -6.149594 -5.062168 -13.380269 -9.931151 -2.2168837 3.0935516 -4.1789765 3.2747304 -16.996761 5.2940574 -21.643965 -3.8841066 
-282.40454 133.98817 -14.188995 28.243786 10.983337 13.76544 -6.0910926 -21.565441 -1.0981907 -3.2180827 -8.584545 -13.044277 -6.6044993 -6.411321 -4.600416 0.7700499 -27.78096 12.772735 -18.427961 -14.541256 
-247.40085 117.65575 -16.786175 19.075724 -20.71505 26.833897 16.558956 -26.072828 -3.7177587 -7.2685065 -4.6090503 -14.614495 3.9567778 -5.8604417 -14.449343 13.974159 -36.039604 18.86909 -19.7997 -5.9061856 
-279.82504 122.77119 -0.5550495 21.684193 -3.5697904 17.22435 -5.3229227 -24.809006 -2.7567532 12.43679 -23.93987 -5.94383 -6.9355664 -0.115021706 -17.487701 7.4244394 -26.859987 12.51448 -10.06712 0.41714084 
-274.46497 98.72461 34.354446 30.968071 -20.150984 16.33953 -9.467864 -13.933422 -31.172869 5.3329277 -30.27274 -5.496252 5.500112 4.360655 -3.5306325 4.6905155 -9.882395 -1.4402219 -21.211693 -6.2973766 
-318.28235 142.64699 17.84784 34.507065 -22.225622 -7.3940616 7.2708883 -8.950775 -13.689286 -2.777098 -27.904724 -1.4413339 -8.745991 4.2347665 -6.82967 1.3097802 -13.366261 -1.7963303 -6.623116 -2.8573596 
-290.70987 132.97438 -1.05557 26.16775 -2.8468645 0.21021955 -8.220977 -20.525204 -14.025159 3.1457736 -23.08494 10.769962 -3.1997945 4.8989882 -10.043651 7.5949316 -22.54023 9.735051 -11.142363 -9.353615 
-287.21643 133.19203 -11.257933 62.315937 -7.3780527 3.7766087 -14.657864 -33.16236 -18.045845 -7.6496234 -22.995443 5.102895 -6.536795 6.8709846 -6.405386 15.300827 -25.855204 10.393873 -6.2982655 -9.91073 
-299.2173 39.721745 61.330967 26.901987 5.822233 20.476673 -28.048433 11.8278265 -18.193653 5.66238 -21.242958 -3.2092845 3.187276 -3.894494 -13.777434 10.402878 -8.309642 8.899638 -14.301712 5.18142 
-285.50098 60.311287 52.81741 34.697826 -4.1535735 21.28285 -19.582516 -0.010941188 -9.10102 -1.0325693 -25.13606 -0.49327743 -4.5070224 -4.689443 -11.105294 4.6415653 -6.327254 10.650411 -15.9776 2.0081308 
-243.42334 120.53847 -19.574003 28.15034 -9.720951 8.577391 -6.85663 -14.562513 -12.662735 10.709615 -22.645782 13.197511 -13.032209 3.1557362 -16.107134 3.2903206 -13.278464 7.287714 -6.785059 -3.6031952 
-283.25165 57.573906 32.147167 55.016094 2.9140935 3.2116098 -14.923216 14.551675 -27.346395 16.08915 -24.669367 -4.309913 -6.214217 3.5152109 -16.10068 11.664588 -8.698194 8.735901 -13.635819 -1.2338157 
-259.39542 91.307884 11.964874 14.600613 7.4374065 17.82669 -30.00515 8.075755 -9.650383 12.242593 -26.559048 3.9240866 -9.622447 8.894035 -10.841321 -1.5742719 -11.119011 9.650016 -13.722646 4.0737524 
-290.38757 92.4581 21.332005 10.661458 -4.591818 28.74888 -1.2457521 2.0265596 -20.300268 12.132145 -30.016836 11.93082 -13.700897 1.1838216 -7.9701014 -5.0114613 -11.156589 7.3114557 -12.480406 0.8697745 
-318.2634 38.058765 80.62324 18.739252 4.9289474 23.698967 -23.264969 11.490366 -21.77488 16.86422 -28.82816 8.4957695 -6.886914 -2.6785977 -7.2387543 1.6387147 -10.055485 11.89026 -20.452522 4.8677936 
-337.7475 87.50415 33.211365 71.46963 -11.571184 11.725158 -3.927791 -4.513137 -20.267971 9.088048 -22.711784 -1.4830284 -13.972402 0.52179986 -9.956166 9.057538 -17.285608 8.2435465 -7.219239 -3.4400964 
-284.61307 121.32186 -6.212697 23.059177 -10.788382 14.362413 -9.615771 -10.8920965 -15.219203 1.782326 -21.881767 13.844685 -10.770742 9.39533 -12.729563 -0.43950653 -20.253233 14.87881 -10.979381 -7.313842 
-285.42334 96.7808 11.020719 46.089474 -20.217987 29.334774 -14.105316 -22.6848 -25.512907 16.94738 -28.868093 1.0895737 -1.7775497 9.184983 -6.6806087 5.805078 -16.600502 11.701161 -16.867668 -0.8028559 
-314.94156 85.54298 35.234463 69.4557 -24.645317 13.872441 -4.685756 -5.8416452 -21.66915 -1.9338523 -30.019667 -1.2091807 -7.4317007 2.8477783 -6.7980924 3.2513623 -13.857974 5.0210805 -13.170953 4.3210645 
-327.77805 81.404106 28.826149 70.40043 -24.429989 13.451682 -3.6909366 -3.953829 -18.85988 2.9520018 -27.113535 -0.40020669 -5.4982553 0.5872927 -9.180227 7.31889 -15.615324 5.609327 -9.088214 -0.26321173 
-307.95346 124.80024 -12.052971 30.498924 10.674467 16.875906 -8.911991 -6.382161 -2.7618246 -7.949671 -20.628105 -7.2160044 -13.091265 9.60492 -18.12983 3.1032438 -14.027316 10.230615 -11.093678 -3.2855964 
-385.4773 126.77726 -0.25082397 30.521067 3.3040972 20.353985 -9.421061 1.8401171 0.60564834 9.032695 -16.94424 2.9477375 3.090911 -0.79467773 -10.129482 1.2350188 -16.912666 10.530208 -6.8207355 -2.3007338 
-342.65845 69.24885 23.233051 45.63751 -5.0214596 24.96623 -7.902239 9.782299 -13.116154 9.639347 -13.655433 4.8420997 -5.0614834 -2.9177082 -8.808034 8.759864 -13.305138 0.12061151 -6.8843327 -4.408594 
-288.7565 105.76238 30.97498 44.960197 -17.386818 5.0072694 -2.6829329 -3.9605968 -18.478876 -0.044251338 -22.54146 -0.4107145 -4.821009 3.7277412 -8.779133 -0.9617053 -12.997559 0.1812565 -8.799177 -4.47804 
-309.63446 147.58334 -1.1312457 20.419798 -24.397827 -3.5230565 13.960205 -5.051649 -14.585756 -3.049768 -20.186512 10.807106 0.072924934 6.939133 -11.000988 -5.1121607 -16.872705 1.6489573 -12.070248 -8.671984 
-315.09753 75.93149 45.131775 50.682144 0.6231714 8.443292 -15.759899 -2.6388192 -19.25979 0.3416199 -29.968374 1.8919591 -6.941125 -9.724789 -5.218645 10.552438 -15.529112 9.821493 -13.828271 0.6786562 
-284.7585 72.51209 40.951904 60.14517 -8.664627 12.662767 -24.460455 -8.735406 -22.810814 0.9928491 -36.9477 2.1053147 -0.5975616 -0.4694327 -12.037932 8.156451 -7.5788555 6.4008703 -12.649524 5.108588 
-325.07312 147.72026 13.823502 30.054583 -14.297984 1.0783138 4.313634 -7.4916205 -24.386887 -4.099439 -27.399916 8.362759 -1.8270444 -0.002622366 -8.561769 -3.1297364 -15.739262 9.89223 -8.368279 -4.763998 
-282.51404 160.84349 -15.961389 6.7328033 -33.408195 3.521367 14.688353 -10.973616 -15.996816 -4.2226605 -24.056055 18.416014 -12.305573 1.5619502 -2.241696 -2.967418 -14.987013 11.637021 -8.233486 -3.237612 
-254.22485 136.35327 -20.994375 12.280647 -5.279536 11.878732 5.2514286 -14.485408 -2.331608 -3.3840535 -15.05799 -5.4084907 -15.314462 6.9186187 -15.197122 4.390235 -22.089586 14.012676 -18.09204 -0.78765637 
-397.7811 139.13966 -0.66166973 31.21107 8.901277 15.979519 -10.834696 6.5764885 -3.247211 12.66704 -15.203739 -3.8998392 -4.9935555 3.133023 -7.6702337 3.7782946 -15.313624 8.243417 -10.219828 -1.1219782 
-323.67624 152.59181 6.946984 15.938542 -20.75288 5.5118465 10.967307 -2.9071083 -9.725112 -11.359688 -17.063265 -0.14593856 0.39749643 2.6109788 -6.5503645 -0.5124745 -15.555882 13.334659 -15.7197 4.892231 
-255.67068 153.6518 -26.90782 -2.1084628 -22.76389 19.937101 7.5245275 -12.312478 -20.216854 -4.69081 -5.366507 8.100968 0.12597074 -5.83951 -8.1972065 1.5816731 -22.224733 19.72999 -18.062855 4.4553127 
-263.02426 89.28916 26.3858 8.199139 -35.210102 26.67701 -1.3969489 3.8830388 -20.434032 8.237584 -18.840263 4.806403 -1.6290157 -2.9064407 -10.955784 7.518853 -12.592383 9.39027 -13.275847 -1.3308313 
-258.65945 96.236786 24.92623 36.72659 1.2398845 22.61247 -26.900644 -12.338879 -14.365511 11.616474 -29.176273 -0.36968663 4.180032 7.4448876 -7.2926474 1.7359633 -4.874931 7.4990597 -14.823759 1.8279198 
-246.52777 111.15402 -11.404707 35.168808 -10.089915 6.263578 2.1765187 -11.765166 -23.16691 12.200637 -18.868292 -1.2782191 -2.1508684 3.9556437 -14.442071 5.6293836 -14.258802 11.029632 -7.8659177 -6.4895325 
-298.24432 137.53134 -10.712657 23.257013 -1.326192 10.390467 -1.1841643 -12.910612 -16.583418 3.379504 -21.309662 3.1069045 -1.3826787 -2.5951598 -9.448063 1.8613849 -15.205566 6.2573476 -11.252281 -6.0002084 
-311.86783 75.23691 51.279865 24.305784 -6.9955516 26.658035 -12.343231 7.5175486 -15.257496 8.741988 -25.389275 -0.67186904 -3.9401424 -3.6355503 -6.790295 3.028634 -14.742869 8.362435 -13.867397 0.5489964 
-298.8827 125.57506 2.9179611 37.522476 -2.584603 16.072166 -5.8882346 -20.656141 -17.250862 3.9899805 -19.097858 9.298333 -7.187561 11.5756645 -9.154995 0.13895532 -12.638028 4.7399383 -7.945707 -4.586792 
-336.21692 156.15332 10.131733 40.242523 -14.953825 -1.0912092 13.986133 -9.054397 -16.534498 -10.500389 -25.319666 4.530282 -5.8751807 15.557811 -11.943863 -0.7608546 -15.759186 -3.5924246 -2.644266 1.5683999 
-321.37872 154.28687 2.3800566 22.209764 -15.852661 6.158985 10.2392845 -7.6276517 -19.990807 -2.500147 -18.854942 15.25333 -5.279726 2.5889933 -6.1490498 -4.9760118 -15.898148 7.6163077 -8.740598 -4.938162 
-278.16327 146.46565 -15.5198145 13.420596 -32.45998 9.418999 13.4218025 -10.22365 -20.238993 -4.7048755 -25.700182 26.002975 -8.925495 4.569286 -10.793045 -6.444769 -14.592257 13.114341 -2.4056463 -7.612382 
-259.48734 142.55157 -30.600273 48.321377 -24.704702 12.438299 -10.237568 -29.39992 -8.221021 -4.1211033 -15.52259 4.238919 -6.204294 4.064666 -17.06237 10.973999 -24.444511 16.724146 -9.96392 -4.2911286 
-311.27942 91.24652 26.014101 49.48555 -10.848752 7.907364 -1.8822471 -10.497294 -29.81788 24.905863 -31.421984 -3.9248319 -2.3354034 2.0045874 -9.3706875 14.062008 -15.066814 5.7018623 -9.0616455 -2.3845522 
-315.59793 114.81768 -1.0450406 53.130383 -10.26419 13.025184 -11.545006 -25.798552 -5.4094725 12.959736 -26.766594 2.6835365 1.0363557 6.0063457 -14.032847 3.3323317 -12.3784275 -2.174336 -8.182987 -1.2693076 
-283.0116 63.58791 7.764696 50.594196 -15.807491 30.385956 -19.941477 -0.5403727 -10.791282 8.823268 -24.227196 7.754934 -7.2048316 2.3071516 -11.416547 10.700489 -16.89655 4.8263907 -8.571536 5.7907467 
-301.1409 130.26144 -0.6372134 50.055267 -9.69111 8.184449 6.778303 -22.969547 -8.471809 -3.111364 -23.608618 -6.6844587 -3.5908403 8.255531 -6.2823253 7.8712463 -24.771254 1.9963251 -10.420402 -1.8104033 
-365.65662 114.5233 7.489858 42.736523 1.3973552 13.612791 -9.717387 -1.2179269 -2.6671 8.131702 -24.402664 2.3626776 -0.8732124 -0.09647581 -13.249277 7.5696692 -14.728956 5.8620176 -11.772537 -3.4646306 
-394.4488 130.01587 21.118452 44.465717 -0.04661433 9.274227 -1.2312478 4.01875 -10.588138 5.2782025 -16.56881 2.349707 -3.7396612 -2.4863088 -6.5308547 5.8320312 -12.836003 3.9253192 -10.569859 0.13336699 
-316.67654 154.6087 6.4905267 28.231941 -6.383494 -7.8760977 8.494506 -11.829709 -16.770771 -2.5047867 -22.054775 9.500209 -5.4734097 8.670037 -4.00132 -3.8298633 -17.470987 6.635951 -13.244663 -5.818091 
-333.48874 109.729195 15.349934 37.319004 -6.974551 14.180787 9.707883 -10.017315 -16.4375 12.054323 -25.581034 1.1627911 -5.4514766 -0.6568079 -7.8981075 3.5647328 -15.576852 7.3570676 -12.713383 -0.13649079 
-316.25348 119.74345 32.379204 34.500847 -30.662483 4.6262226 8.101994 -10.443212 -24.31332 4.422471 -35.08051 6.6824017 0.9668672 10.090463 -6.503132 5.530782 -16.340513 2.7422478 -12.176726 -4.7348576 
-399.22546 144.40569 14.605859 33.373047 0.030801985 7.597107 -1.5906177 8.57476 -8.281253 7.5776696 -16.715874 2.5146968 -4.688306 2.5096138 -6.1719184 1.6288712 -12.197025 2.6518989 -9.571575 -2.6974645 
-379.39432 138.40933 9.96642 42.471764 -2.8701677 10.398817 -7.660274 -9.568749 -14.192915 0.5316737 -17.476023 1.9241235 -6.4817758 1.2537246 -5.654785 4.1173954 -11.915682 6.492253 -7.699117 -1.2291312 
-372.94614 145.10094 17.882856 34.717224 -11.262955 7.922649 -1.48589 -0.7424419 -17.63397 -1.6054602 -17.226486 6.9627166 -2.7036684 6.065043 -7.3201423 3.524968 -8.429768 4.3765554 -9.826116 -5.3380833 
-362.7359 105.43436 33.533756 46.67665 -2.4898899 12.277097 -5.488364 0.8486216 -14.035769 6.489314 -20.372473 -0.92578083 -8.360587 -4.717367 -7.9311056 9.454341 -16.251316 6.5945415 -7.633146 -5.680719 
-253.50632 111.25862 -19.43322 11.231255 5.7414103 20.146076 -9.51399 -5.281506 -11.232769 7.864347 -27.32531 10.131758 -7.8439145 -3.5040274 -11.076358 10.338556 -27.3498 13.164043 -2.4416504 -4.0724745 
-253.69548 119.0601 -1.9731581 27.36765 3.0730221 8.915195 -26.97801 -22.395239 -12.902309 12.643761 -35.639603 4.2037396 -1.4524512 12.990804 -12.859217 8.95877 -16.59179 9.218153 -4.6925516 -4.513256 
-278.1278 107.027275 16.390526 21.525627 0.20712048 12.734575 -23.360819 -4.260693 -12.829014 8.991772 -27.924524 1.6518639 -13.28049 5.3000855 -7.811242 -3.2456677 -10.63264 6.424608 -13.418875 2.3677301 
-264.74255 138.65945 -11.221218 23.633797 -6.3787274 6.2283545 -0.5244917 -25.746897 -19.131897 7.287813 -12.43397 8.688985 -16.696526 8.723935 -10.392351 4.8085856 -22.33059 7.840647 -10.483219 -6.2177515 
-305.9909 111.24414 22.106724 40.284878 -1.6137681 18.203772 -13.899093 -18.977983 -23.336067 6.81141 -22.65362 -5.2445188 -10.372022 12.788032 -4.9035645 6.8013864 -13.887518 3.991489 -9.969378 0.15690476 
-287.90613 147.41731 -26.191755 29.487562 -1.689852 12.510536 2.498967 -20.785671 -18.78077 3.2148302 -22.634918 6.890288 -16.940578 7.0013046 -7.175259 -1.6393697 -18.379847 11.375651 -11.842498 1.1298233 
-264.84897 133.21596 -24.698406 12.117347 -4.8465066 14.578476 -15.437031 -4.2042956 -0.34545612 3.66448 -12.149826 -3.217077 -6.398904 5.4275923 -10.241863 6.345393 -25.079884 18.696953 -16.477472 1.1461654 
-297.3138 84.53076 22.022541 52.354527 -13.983791 14.677919 -13.662736 7.108015 -6.031467 -0.26772976 -29.269125 0.9736731 -5.329387 1.5247617 -10.609692 13.578118 -12.07156 -2.469689 -14.203303 7.453893 
-343.68616 102.19027 33.12097 59.78587 -6.062544 11.292343 -1.8215879 -7.12879 -16.46154 -0.11190372 -20.49454 -3.2813022 -11.050385 -3.7858837 -7.502111 10.4257345 -14.54579 7.2681785 -8.909016 -5.0804996 
-332.07065 137.10706 11.880836 35.762627 4.0979376 9.723837 -11.393622 -13.439742 -22.929544 -2.8995 -24.340113 3.5777588 -2.7421088 6.041247 1.6435797 7.805239 -11.561366 6.650293 -9.980814 -4.1416664 
-297.17157 85.45516 22.918833 52.882656 -8.915221 21.450787 -19.040962 -10.630281 -10.056595 13.3812065 -36.94847 -0.33602768 -2.4145162 11.979941 -6.3937364 0.7315495 -12.625855 4.739996 -17.097303 2.718312 
-303.0658 116.181694 5.8845673 34.53273 -23.533686 20.488728 -1.134826 -11.242223 -19.399994 11.996374 -24.492231 6.1423845 -3.2477677 3.0807972 -16.131481 2.2874422 -12.1012125 3.4479384 -8.760282 0.8480516 
-328.8116 108.428925 29.350132 57.268547 -8.326375 8.161228 -16.334705 -2.7498612 -18.178875 -1.4824153 -32.56361 -1.5265003 0.96132195 5.7209063 -12.406545 12.233916 -9.32394 1.0377456 -14.56524 1.5904269 
-338.5652 128.79327 14.77191 53.113472 -5.31336 10.473134 -2.6429892 -19.456482 -21.682991 -1.0097357 -19.79816 -2.1061003 -6.793745 -0.07869074 -1.5996121 5.145968 -13.61144 8.237247 -9.299877 -5.009775 
-322.08475 113.02538 33.03018 34.858982 0.9437129 12.316138 -22.295204 -5.962903 -16.916494 5.876716 -26.89677 -5.201212 -6.0251365 11.85665 -7.3716226 1.5602301 -10.889283 3.7860668 -12.482412 -2.160479 
-309.52686 98.6478 21.034193 62.119453 -3.8268886 13.691195 -13.273874 -6.019581 -17.648655 1.8484606 -32.072906 -0.7524147 3.5730166 3.489848 -9.670999 13.563841 -7.9576135 3.1202393 -6.807114 -3.7980566 
-321.4619 139.40752 4.4278727 42.750214 6.59393 1.2463104 -7.678385 -17.217728 -28.741709 9.5779085 -17.826576 -8.713764 -5.7456045 4.360649 0.97053695 5.686042 -15.205658 1.9100957 -0.389104 -9.215282 
-304.96753 137.89317 0.2136366 59.352478 -16.454048 4.8938017 0.81556594 -29.794685 -25.724367 -10.906967 -24.827868 -0.8540046 -5.2534842 0.8654476 -1.2296731 8.842819 -15.983684 12.946951 -6.4499946 -9.66528 
-343.52475 97.71582 31.48336 33.82926 -0.27551004 20.357157 -24.969236 -6.0258894 -18.818571 10.068486 -28.045418 -0.46576437 -3.1382108 11.421303 -7.7616434 4.3590884 -8.73177 8.732172 -15.063973 -2.1484556 
-289.83176 73.53174 40.189102 26.133091 -14.41418 24.983406 -3.7114007 -8.93566 -20.692133 6.6685944 -28.730595 6.7592154 -0.6934828 -1.1916435 -1.6661117 0.32179847 -11.310987 6.883158 -7.99235 -8.313156 
-328.05453 120.731255 34.948753 44.33141 -1.2117648 11.755672 -10.45874 -3.0173252 -29.681038 -0.4102276 -26.446829 -6.5637274 -1.8088326 4.8735075 -12.493751 1.6800696 -12.804333 8.924664 -6.6518264 -4.464539 
-295.09613 97.706345 31.83878 36.38453 -1.67443 12.837626 -6.960596 -15.17877 -29.85454 7.5276403 -28.498466 1.2499553 1.0429034 2.620783 -8.75417 4.3041205 -9.275089 5.6683903 -10.194903 -1.9932065 
-290.68558 60.12652 40.2947 47.46068 -17.737986 22.52658 -11.5855055 -1.0274649 -10.595113 9.762624 -28.773674 2.4783273 -7.7736936 5.057494 -15.562807 10.148805 -14.023693 6.837688 -15.638005 3.629965 
-283.2515 72.13769 20.897058 50.944565 -5.3960333 13.273325 -3.3856392 -19.854612 -23.387548 16.794058 -27.472673 -5.607325 1.5085049 4.230712 -10.650976 8.930298 -13.364361 3.0307024 -10.958637 -1.2190909 
-314.32877 119.071915 20.157902 57.106087 -2.9571574 -1.2875102 -15.015788 -19.587769 -24.835794 -2.752426 -32.296127 -3.752213 -5.2633276 2.3154802 -5.613874 9.01284 -10.833532 6.2158017 -14.304332 5.3284016 
-307.6266 148.78793 -15.336367 21.704176 -9.986889 13.447773 2.2579243 -16.232609 -21.95077 0.60814446 -19.050438 21.958416 -17.18414 0.22923602 -5.718962 -0.07543225 -13.7248 8.079224 -12.228153 -5.0755672 
-300.62 79.81265 48.47132 28.254818 -7.8336096 30.895958 -10.399885 9.273099 -16.554918 3.1749403 -27.39288 -2.578 -5.9237914 1.7251998 -15.813121 3.699688 -15.637305 8.62786 -10.633999 -0.9350316 
-346.68967 107.099 23.46693 46.668102 2.4941394 17.005947 -17.323776 -0.759117 -6.7389536 2.9723177 -29.678806 2.3226032 1.1833888 2.8382514 -9.787609 0.9105865 -4.353898 7.9670005 -13.233112 -1.1798922 
-392.56818 132.40114 11.313838 43.289955 9.518409 18.76957 -13.928074 -0.17470105 -6.141618 5.405536 -16.325014 1.711555 -2.9085672 -5.504368 -6.2505307 2.1776981 -10.811405 7.655058 -11.262467 0.60940874 
-308.70642 128.69276 11.026121 15.671709 -24.822573 21.903816 13.982987 -0.8858505 -12.072742 7.305179 -22.365013 -0.9320435 0.8348593 -6.8653646 -14.431568 8.221823 -22.8298 16.622658 -13.778985 4.0179596 
-348.55807 150.9901 35.406082 22.594065 -20.163305 -10.399899 -3.234248 -5.2707386 -10.122223 1.7266614 -23.093504 -0.64240074 -4.7608304 7.843397 -3.3694417 6.125224 -15.719055 5.814994 -20.333405 1.7043935 
-363.2465 115.22529 20.357498 31.47702 15.986394 15.702469 -19.47267 3.7616904 -5.32812 7.550478 -14.402876 6.25645 2.1272614 4.969572 -7.2573385 2.2956247 -11.441378 6.13129 -11.426877 -1.0832424 
-230.73563 125.572075 -8.507465 30.503296 -0.8277466 -7.641499 -17.221745 -19.571888 -18.143312 -6.769278 -20.945353 3.4057012 8.053233 4.7377863 -7.204832 5.3677316 -15.946331 10.000937 -18.281576 5.093127 
-293.272 150.88203 5.865858 4.3522086 -7.2010827 3.7622423 -8.267964 -5.344357 -11.403278 -3.5997455 -16.51043 3.7741923 -6.27092 -0.022962783 -2.9925702 -3.4150274 -19.185196 15.951351 -14.547704 4.4311132 
-254.01912 98.18987 27.671844 12.61922 -9.893955 17.823832 -20.725735 -10.898031 -20.999079 7.046288 -14.410707 0.64843583 -7.361746 3.9400444 -7.6252985 0.47236332 -14.6050005 4.859943 -16.991793 3.4082112 
-356.64114 127.41284 18.071539 28.90921 -1.1152142 18.43303 -13.399685 -9.607546 -20.013634 10.935291 -6.223027 5.2801633 -3.4088838 5.5290623 -0.5532895 6.2109156 -13.681202 5.960496 -18.785666 3.7092497 
-267.76657 70.974236 36.19286 35.85596 -14.86663 18.563377 -4.428714 -15.475277 -28.779263 20.429684 -27.466745 1.6804938 -2.3475368 3.9832158 -8.424061 15.168204 -14.054186 9.9055605 -15.229531 -0.6137608 
-286.43503 94.72586 36.76557 46.345306 -0.64690006 -3.0141096 -12.547883 0.7557185 -30.055538 8.200077 -29.496883 -4.668562 -3.3482976 -2.753365 -9.34576 6.1506925 -8.666707 5.097819 -9.16978 -5.180011 
-337.98993 135.78397 16.924494 45.159363 20.696783 0.18410237 -24.579891 -3.7103627 -13.397121 -3.3443518 -27.74414 -9.470441 1.0229232 -7.5248666 -12.631635 2.7720087 -7.458607 2.5328484 -5.8583326 -1.9153837 
-283.45343 111.60094 -5.4947624 24.556623 -13.198044 14.0648985 14.773427 -2.347799 -24.551414 16.198296 -21.63491 0.76613975 -12.052266 -0.39013872 -20.242434 11.726255 -17.816343 14.357286 -13.231953 -6.2103467 
-301.25516 61.655518 34.98115 64.44722 -5.141947 10.601427 -7.3997707 0.38505158 -21.5102 9.509097 -35.492256 1.6231494 -5.1294804 -6.4478073 -12.014922 13.435901 -12.989474 4.208109 -10.831205 1.1413457 
-303.71457 75.50643 34.504826 58.888203 -7.616589 10.94368 -17.399143 -9.933179 -14.348049 8.595699 -37.16185 6.382899 -2.6855507 -0.9802126 -10.604955 15.114868 -5.6986313 8.626992 -10.991683 4.218884 
-344.36902 113.484825 49.688232 31.091366 -4.3726554 18.018301 -14.622243 -0.063675985 -17.745564 -0.54626614 -27.712126 -1.6329304 -5.078843 4.5337543 -10.563976 5.993819 -11.841634 8.707039 -13.337805 -1.6161151 
-334.64746 99.20816 41.1108 55.930157 -7.3953943 14.2729845 -15.149577 -1.7098829 -16.5265 0.3049661 -24.58524 -2.0395265 -8.489685 -3.587137 -13.867528 13.275455 -14.708836 10.516292 -5.108314 -1.8228154 
-294.8846 92.79188 24.05826 72.24755 -8.44653 4.068606 -19.315617 -5.5288663 -21.704288 1.1176132 -35.93229 2.5231662 -1.7859836 0.49736527 -5.6481357 21.510902 -6.003053 4.846088 -6.838968 1.0461411 
-308.9852 110.76962 42.718315 31.849815 -15.730877 5.9780445 -5.6968102 -5.4672318 -26.84046 -0.7125006 -32.35657 2.0869594 2.0252771 5.074958 -8.325537 12.097821 -8.409809 5.8476315 -10.404044 -1.2349336 
-379.6614 127.20889 22.1128 43.01572 1.5575095 3.1862528 -3.7758167 -0.7268054 -13.096069 1.6726887 -25.294287 -3.129135 -8.885474 0.28966966 -6.809441 8.258034 -13.986297 4.974136 -11.416772 -1.4184663 
-427.1059 136.56711 14.765538 37.053562 10.410885 12.068465 -7.163509 12.6019535 -8.382141 7.15369 -11.70899 5.3481846 -1.504862 4.197388 -2.2136114 3.6915762 -9.489674 1.5063119 -9.476078 -1.240164 
-419.376 133.04457 16.730906 35.11682 10.157355 14.033779 -6.0454583 11.892567 -8.019537 7.4193683 -12.890649 6.8329363 -3.7600055 2.0011034 -4.578764 5.827696 -11.891309 1.4090031 -13.489078 -3.1686645 
-421.2059 129.9827 21.543 34.961857 13.905066 12.080805 -9.830567 11.087015 -11.895373 6.4788704 -12.420595 3.1073995 -6.0452027 2.0475266 -6.8958077 2.6747978 -11.918855 3.3477361 -9.81339 -0.79632956 
