-493.1423 130.73569 9.342418 35.67659 11.440148 19.161562 -13.863613 10.172843 -2.4271214 3.267192 -12.799737 0.97564644 -5.8667727 0.28942907 -3.9514236 0.8769963 -10.047407 3.558773 -11.616445 -1.176984 
-523.27466 156.63939 20.392036 27.267706 3.5226293 19.299736 -13.211683 13.00429 -1.4640919 4.5928335 -11.481731 -5.765517 -2.2907305 0.22447051 0.5039389 0.2493825 -4.6432137 -1.8436822 -8.812491 -0.26650995 
-430.33685 160.56096 19.821293 23.311409 18.55407 8.785521 -16.832108 -3.4575737 -8.879665 0.52730983 -0.25652987 -0.9989745 -8.961835 -14.799661 0.38428178 1.5176964 -11.972497 -1.7546468 -10.02864 -7.4197717 
-195.99925 137.2656 -41.401627 0.9269909 -7.02387 -23.819212 -14.274982 -6.6546826 -16.06821 19.555412 -7.2329535 18.837627 -9.116702 -35.37825 -2.3559923 13.656723 -16.387781 11.982207 -10.379919 -7.97671 
-218.27312 150.49693 -15.390514 10.356655 -11.768677 -34.500694 -10.517788 -7.15808 -19.526485 5.724053 -1.9322065 15.3256445 -0.5437354 -22.725286 -12.667523 7.5480294 -15.585347 2.5236425 -4.7194347 -15.1698 
-284.33066 129.73302 14.577667 36.222023 -8.406277 -9.843043 -10.093043 -0.11191605 -30.865292 -4.294259 -6.923132 -6.2506723 -7.812466 -16.12331 -5.5710683 5.7446814 -10.621983 2.1452112 1.1171641 -6.874115 
-279.10577 141.15227 -6.282777 17.227562 18.70884 -10.312907 -20.96108 -15.994917 -31.016104 -7.4949427 -4.542473 -0.88284695 -7.862008 -21.382788 -1.2330415 16.24219 -6.0482388 6.4876842 -11.008164 -2.230372 
-272.8583 132.44733 -8.2348585 32.210403 -2.974519 -16.489044 -4.132927 -25.343037 -34.86049 -8.002944 -3.8994129 4.090685 1.1821141 -28.03752 8.015172 8.91654 -14.227131 18.111912 -15.816114 -9.571281 
-478.07602 121.32706 20.428339 37.012753 4.732126 28.336931 -4.4472218 7.7580776 -13.853344 4.531521 -15.183668 -0.06808487 -9.041737 -4.719913 -5.997422 2.119639 -7.307413 7.05917 -7.0064926 -1.9034456 
-510.2851 141.40381 26.724464 31.508236 5.3382306 28.96088 -9.00793 15.987225 -4.048823 4.4492383 -8.368704 0.6256383 -8.263114 0.77043086 -4.759655 0.7330479 -8.020069 -1.4820814 -6.358377 3.4673424 
-464.0287 113.7918 22.271753 25.164116 3.1448386 24.670115 -4.5301266 13.555248 -5.38767 0.57735336 -9.198481 -1.730474 -5.0839953 2.8019013 -7.715961 0.4471308 -3.7161288 0.62576795 -5.2235203 0.43766853 
-239.7494 136.72519 6.0467305 20.469255 8.457714 -12.518838 -25.667395 -27.160814 -27.77152 -8.443226 -12.728007 -13.026747 -6.2264347 -24.79008 -2.5775244 15.6494665 -7.7829514 -10.276084 0.58225864 1.6518892 
-259.55136 154.89072 4.4318824 34.805973 19.62216 -35.476513 -10.534614 -15.174218 -23.998486 -9.65228 -19.383963 -8.333174 -8.079777 -7.281127 -5.5929995 5.803482 -6.7333264 5.1624975 -2.559257 -2.6962812 
-307.42737 146.97804 -1.0867033 36.2205 29.926453 -5.2775745 -10.214115 -20.112476 -22.617441 -6.492544 -16.449186 -4.0792794 -2.6662433 -3.1415756 -5.3408437 2.3765862 -10.802738 -0.9823197 -0.3497251 -5.284594 
-294.7187 101.79914 23.190556 64.66104 30.700674 -17.39901 -20.250927 -1.4944295 -22.58986 5.9276257 -18.16435 -17.937395 2.4770136 -1.0413365 -17.957846 8.758103 -10.9052305 -1.33989 -0.4051877 -16.906832 
-342.10126 111.78015 17.63302 48.43287 30.05392 9.288314 -14.556403 -6.9837046 -24.828867 7.105025 -10.433299 -11.12891 -10.531416 -8.668799 -7.5199223 1.4206613 -24.059242 6.49233 4.044555 -12.641576 
-382.3403 103.9708 46.00563 45.321705 20.36649 23.48216 -5.3540406 4.6890826 -4.755418 -1.6816212 -13.427246 -5.958501 -4.5107584 0.22641236 -11.414317 0.578315 -15.711175 2.274827 -9.820952 -6.0271893 
-377.29556 100.25632 41.54207 37.244564 10.754747 27.251587 -2.3437204 -5.928659 -4.342764 -1.6361463 -17.326603 -4.564974 -7.602054 -1.0224525 -6.746237 5.2071705 -7.840805 1.5144709 -8.339415 3.1327715 
-397.7807 111.69114 48.495647 37.424217 15.088299 20.605219 -2.9378767 -8.971826 -13.406747 -2.9603803 -13.556171 0.44675466 -9.292034 -5.740093 -6.699216 2.9591875 -8.892506 0.8173831 -9.294459 0.8138837 
-334.34286 130.24408 27.789576 38.943817 -0.3884628 10.446926 -23.382296 -7.5192127 -30.387062 -4.0689464 -2.943024 4.362826 -14.050412 -2.5021353 7.202547 8.804328 -8.311519 -3.753237 -4.642151 -4.7969494 
-407.66818 127.9853 30.892313 44.448017 -0.14803995 10.75124 -15.262883 -10.441964 -6.346758 -3.0494995 -4.2726874 9.92704 -9.09902 6.3338356 6.698239 2.790599 -7.140175 -0.5477952 -7.3231964 -1.8610598 
-287.83734 179.52347 0.26608106 33.55162 -9.840366 -45.40592 -3.5453553 -8.63666 -24.968582 -15.630639 -6.9544826 0.45723385 -6.62889 -10.880359 2.6366854 8.9478445 -6.327425 -1.7681994 -3.789827 -4.527031 
-272.40372 139.2447 -17.040836 37.895405 22.937096 -24.495018 -11.508851 -25.238075 -22.638624 -3.4426258 -6.5252023 -1.7903533 -10.989356 -2.344987 -1.0688425 11.743754 -11.029573 -1.5396401 -6.687871 -1.1638478 
-345.56 161.95389 13.653437 33.86291 33.76899 -13.840811 -13.032729 -6.78253 -22.466728 -10.053419 -13.748903 -6.4865904 -9.073541 -4.9345684 -10.7088785 3.045585 -4.578433 -3.4995563 -5.0172577 -2.2853003 
-338.7237 189.08635 7.9064975 19.734137 2.4084806 -30.155216 -4.17836 -0.7400766 -18.542374 -4.246552 -9.94861 4.5193005 0.70206404 -6.716207 -14.953917 -4.4205475 -13.4986 -7.442108 -8.6373 -0.17968783 
-323.06796 199.50354 8.217453 27.40256 -21.620987 -62.41348 -6.1208043 3.971706 -11.054123 9.7896385 1.6647248 -2.941043 0.10138909 -5.2730713 0.3992078 12.369052 -15.225634 -3.0323474 -9.328952 -8.6987505 
-366.86844 148.06108 59.605522 22.613647 -8.725162 -12.031508 -13.378652 1.3516848 -13.913636 -10.835261 -8.057542 -0.4783357 -5.4676876 5.22481 -2.681758 9.395895 -6.2922745 4.046724 -0.049817458 -0.6198728 
-444.50018 178.90775 47.43374 26.168358 1.9289784 -1.9588464 -11.892795 -6.6139774 -6.001261 -3.5282063 -7.692545 -2.9704106 -5.965531 -3.5887685 -2.4564269 2.0960393 -3.7231703 0.20337126 -6.464272 3.9054632 
-404.86188 136.89038 18.445518 44.788017 30.5336 -3.826471 -12.834178 1.0006181 -14.306708 -9.824453 -0.9330277 0.90034175 -15.6296015 -4.4809027 6.9723063 -2.7002194 -8.962692 -1.6220473 -4.646039 2.290771 
-410.59628 186.80415 26.604967 30.38129 15.307454 -2.5131505 -21.609316 -12.057599 -16.205605 -12.779919 -5.8642406 -4.034465 -7.112481 -9.626503 0.29356664 2.2807777 4.2718735 -2.1005769 -5.126979 2.3788443 
-385.7912 197.13605 17.286308 32.022346 19.441027 -18.491987 -23.853933 -9.067484 -10.323816 -17.350912 -7.9548874 -4.9351416 -6.8409333 -7.9430094 5.6987 2.4416032 4.119106 -1.408832 -8.7243 -0.43019956 
-378.1897 170.04852 10.750484 32.467182 26.158283 0.6611426 -19.597038 -17.328972 -11.227287 -9.457201 -11.393483 -13.554847 -8.923214 -12.558137 -3.7454443 -0.5278628 -0.79141146 -1.988133 -8.142698 -1.1591696 
-353.57614 175.08553 -0.41311434 43.932545 19.9721 -18.82527 -15.745579 -12.01987 -17.316338 -5.2529774 1.2553272 -4.4477487 -11.3993845 -5.7626038 4.4144955 -0.0044842297 -7.769612 -2.9568381 -8.948299 -3.013814 
-408.09433 187.25975 4.8395753 32.465298 -3.2431908 -23.968508 -0.43252537 1.6488801 -23.10093 -9.462086 2.587006 3.1021707 4.2585692 -2.2282252 1.3628405 -8.389383 -11.185571 -6.936664 -8.240248 -4.4570103 
-418.82413 86.485016 33.916363 23.779007 12.745747 9.299334 -7.042733 6.867476 -2.9876127 1.9553282 -11.7536125 0.29692268 -8.971202 0.6869 -4.6361337 0.26956257 -1.7554812 3.4017472 -10.704324 -0.10132011 
-500.91003 127.696075 35.331406 28.839874 11.64452 21.198753 -9.996768 9.409007 -3.7971485 -0.6694846 -12.672077 0.2885965 -8.77606 1.1282828 -8.368094 2.5438077 -6.6945705 1.428855 -10.191791 2.1017444 
-520.49475 151.9686 23.826359 30.83252 11.759658 21.733788 -11.5734 10.738832 -5.608956 5.430829 -5.148413 -0.53722477 -3.466663 -4.964178 -8.180134 1.3796728 -2.7069318 0.3072069 -10.838788 2.0083182 
-243.7727 116.80743 -7.2997427 20.530058 9.567097 -8.24389 -27.81729 -24.956244 -24.24715 -10.863385 -2.788949 -0.35892278 -4.243439 -14.761693 -1.440877 7.5441775 -11.022009 5.30702 -3.9795141 -15.383396 
-270.77448 153.3484 9.981344 26.039757 -7.6224995 -17.58466 -2.203446 -16.434439 -39.326447 -16.203882 -7.455595 -2.1392365 1.0061816 -17.615442 -4.157446 7.338453 -20.929913 5.304358 2.966461 -9.842419 
-277.7525 123.86182 7.9614124 37.700966 26.85299 -8.544222 -21.450659 -15.162762 -37.21977 2.7734516 -8.320385 -7.118989 -18.535439 0.70519257 1.2600335 2.1306822 -29.99409 7.6003094 -3.2400246 -16.462755 
-278.63666 153.66913 14.076092 37.768795 -10.935263 -9.095104 -15.138495 -22.645119 -27.298973 -11.426509 -8.780775 7.463583 -10.130255 9.087532 -1.1221523 -2.513116 -7.883702 0.41364834 -8.068734 -0.23103231 
-382.35797 148.74046 37.12463 42.129223 16.349012 2.947952 -0.86377835 -7.4400387 -14.776561 -12.59243 -16.857533 1.6087667 -6.4920425 -12.363607 -5.8776097 -1.1693469 -8.733391 -5.944929 -5.0330133 -4.029957 
-353.82138 114.53228 24.078459 41.598133 34.00148 3.3165388 -10.653824 -7.4165277 -18.710384 -5.807964 -2.6060526 -5.7948074 -9.84744 -1.2588722 -5.436083 8.270657 -5.395294 -0.5011959 -5.995784 0.80113935 
-365.49603 115.41364 41.974037 48.304813 12.314556 17.003244 -8.391645 -7.927859 -16.75928 -4.3835073 -8.940211 -8.125417 -10.715333 0.5138021 -4.9696684 1.4039989 -15.48378 -1.3571733 -1.9703336 -5.1876993 
-366.3921 144.53781 21.184082 44.702133 13.994376 2.5932171 -16.696451 -10.644424 -9.809271 1.5053923 0.2463648 -7.833692 -12.569855 1.4355239 -5.237855 -1.0578626 -10.473494 4.0785937 -7.815717 -1.4584923 
-375.09967 189.52097 -24.932573 -1.192512 1.8415421 -7.6287537 6.7077737 6.100172 -5.7954803 6.9855776 23.509455 2.2999501 -15.515501 -16.418222 -13.527441 1.3962455 0.9793633 4.9845004 -5.3275156 0.370917 
-471.59094 148.10199 28.638397 13.716737 14.978287 14.494761 -10.424264 5.5994163 -8.548771 2.6852503 -6.506021 -3.656996 -6.303539 -4.544858 -2.4067645 3.22024 -5.7126346 -2.6213024 -8.264492 -3.616817 
-254.03401 171.11157 -55.884083 46.303074 31.61444 -38.818504 -16.140368 -30.915995 -18.635674 11.913943 1.1691298 -0.21223937 -8.785991 0.17965804 -3.683984 0.060069665 -4.2828484 -8.618595 -6.1877403 8.402773 
-349.3025 152.41129 -13.524567 53.052963 41.34271 -14.945838 -16.280533 -19.338474 -22.7985 3.3330984 -0.85974073 -12.55341 -12.005348 1.5575032 3.9936872 2.6962912 -5.5113606 1.9365964 -5.028927 0.08906189 
-287.235 175.24718 -33.13086 35.199657 21.977701 -32.034336 -9.281783 -30.863922 -31.740635 -1.9716002 13.158188 3.9682863 -0.9193107 -2.2825842 -4.997363 1.696712 -5.3201356 -3.6739464 -8.857692 -1.6284155 
-423.83768 176.20929 11.889241 27.899601 1.7255645 -17.011766 -8.47294 0.32751465 -18.076668 -8.332213 2.3390574 -4.0987444 6.5142293 4.9099703 6.0778775 1.1643813 -2.6518118 -7.119478 -9.657612 -2.3036678 
-484.46555 125.75992 20.693932 36.56154 9.984273 24.620605 -8.340372 9.763724 -2.5417252 2.9602823 -6.2083 -2.2633808 -3.9378264 -0.08442974 -8.16152 -1.1535923 -8.971095 2.5059304 -11.077713 -0.079380356 
-459.3769 102.23662 35.332596 30.608805 9.691027 18.432808 -7.9693046 9.465581 -3.3484066 6.4545107 -2.3669279 -2.1523626 -9.157223 -0.36689702 -5.515468 1.6986296 -8.9451685 1.3903754 -13.781321 -5.781051 
-424.25677 77.47789 28.33142 35.16887 9.791647 18.795464 -10.140469 7.0328846 -2.948043 2.109776 -9.516944 -3.226651 -9.425641 -1.3464364 -4.9355197 4.242186 -8.04127 0.5875059 -9.10434 0.94688725 
-490.7936 115.60148 43.61643 28.217407 1.870448 25.800957 -10.048673 11.855221 -2.2750502 4.2589836 -12.877749 1.9194573 -10.045682 0.57286817 -5.422643 3.149771 -5.1956086 2.207194 -8.385991 1.6819617 
-515.59106 142.64752 29.842356 31.85321 6.288309 26.16054 -8.259541 13.062021 -3.8980467 -0.16173905 -11.364182 0.4395674 -2.734615 -2.222664 -6.6066227 1.2601024 -4.735342 0.4003044 -8.637482 -0.2971923 
-510.49533 140.60422 29.150932 31.393768 3.9158075 25.639751 -9.651667 12.766465 -2.4973264 -0.46448743 -5.1631484 -0.3904833 -1.5360777 -2.906694 -4.6762276 1.6260648 -2.6764634 2.561871 -7.2051873 2.0882978 
-307.67825 128.5326 7.901461 31.516886 30.277962 -2.4146366 -17.648504 -27.196342 -20.673943 -6.4464364 -11.909228 -9.0440445 -13.163188 -9.91328 -6.368993 8.897662 -15.232154 -7.2441764 1.2716689 -5.43785 
-315.90018 87.41409 30.34272 49.50297 19.793655 4.985182 -8.138164 4.465754 -20.556536 0.8363078 -4.8839164 -13.641801 -10.531475 -3.9757106 -7.3494415 -6.4872637 -12.29568 -3.3291564 -6.2266192 -10.771979 
-330.12546 159.06902 8.423749 38.042854 32.46813 -5.820096 -21.176151 -13.731219 -21.27755 1.1701369 -2.9590213 -11.433901 0.618886 -2.553385 -16.798529 -13.664808 -6.431141 -8.162599 -4.0304465 -3.9212465 
-406.63794 183.06096 7.697949 21.037724 -16.358324 -4.7862754 9.366385 8.391492 -3.8595264 8.398867 5.2799797 -2.0182245 -0.46318346 -11.861202 -16.736626 -6.4964437 -0.71797055 4.0160794 -2.1254246 1.1384723 
-484.57108 131.55542 32.493767 21.807219 5.7718954 23.359295 -6.4730153 13.721364 2.956072 1.882633 -7.0230546 2.3465343 -0.779771 -0.36553827 -3.7002096 5.1687226 -8.061898 4.6576533 -10.1075 -1.1660618 
-297.56378 163.41626 19.705017 22.391579 11.53548 -31.92913 -22.360588 0.87937933 -38.61834 -10.993654 -6.923792 1.7826108 -10.926174 -11.560205 -11.1265545 10.391089 -3.040268 0.41203403 -3.2032387 -2.9740987 
-355.14993 176.86887 46.485332 35.908833 -6.4753284 -47.98769 -16.86985 -1.9281998 -18.101906 -3.9956453 4.050452 -8.220222 -14.328722 -3.038499 1.1748248 5.107295 -3.800632 4.223209 -6.582267 -8.527035 
-257.29553 184.75037 -50.5609 13.131108 3.2815611 -47.957375 -1.7953173 -0.5984836 -17.119513 3.8324804 -2.5381045 1.6373645 3.6036084 -17.086992 -10.623694 1.0902971 -13.582952 -4.292678 -6.3784633 1.4857795 
-359.61972 142.38123 24.264334 40.354313 33.341507 -4.8763914 -15.19475 -17.415178 -16.515139 -5.442867 -5.9256325 -7.110689 -10.731618 -1.1912788 2.265895 2.721941 -13.191702 3.983175 -3.3753455 -3.9065807 
-364.20084 140.50484 14.230493 67.92695 39.84216 -19.007668 -20.748508 -6.4781046 -15.243108 -7.9426336 -18.13862 -17.020552 -3.3102288 -0.026070489 -15.823933 -3.8899357 -4.8817363 1.8691502 -4.7425313 -2.1286457 
-350.88794 154.70152 19.044146 37.44936 2.2090693 -5.45936 -19.732357 -10.119547 -14.469829 -8.977922 2.0246916 3.029596 -8.505083 -1.2576208 1.9164189 4.8181405 -4.3410945 -3.5990133 -5.0957303 -0.0756375 
-441.36435 166.08026 29.12836 29.758131 5.0959005 -1.3538644 -8.537499 3.1350925 -8.529294 -9.022334 -6.403822 -2.6028085 -2.173857 -0.77555573 0.44566834 3.550754 -1.2653164 -1.229305 -6.2313795 0.9980185 
-510.98373 141.05794 31.10063 27.163832 9.287902 24.697802 -11.580787 8.16215 -0.7161087 0.5163246 -8.752037 -3.646748 -6.022336 -0.35819408 -6.44864 3.1280813 -4.006836 -3.547163 -11.251944 1.0524235 
-462.77448 107.461426 35.16371 19.931322 4.564871 19.181412 -2.4679966 5.0469337 -1.9425142 2.6766558 -8.902472 4.775787 -8.577756 3.5614455 -4.6059833 1.3305087 -7.442567 1.41155 -11.612237 0.69581425 
-354.2431 140.83353 31.640615 40.300457 23.077923 3.1059442 -25.852913 -14.78636 -18.383797 -7.1451626 -10.091636 -6.944045 -12.0868635 -6.138191 -0.9013002 10.483303 -13.0966015 6.0475903 0.21139169 0.038137436 
-442.72534 161.36322 54.90474 34.382805 12.49697 2.0019388 -12.436136 -2.6190226 -12.904512 -4.035988 -9.879723 -6.941346 -6.494316 -8.816782 -13.60382 -2.3673723 -9.631282 -5.7278757 -7.0510707 -5.4324203 
-250.0581 58.10076 26.545628 55.05621 10.530177 2.4907444 -26.231585 -17.082943 -10.429774 6.024462 -11.935566 -2.5476053 -8.13915 2.4961534 -9.669907 2.2783551 -9.028921 3.4554899 -2.939501 -11.151241 
-263.81396 93.472466 20.281334 39.44848 4.6019826 7.644249 -21.86214 -9.434499 -13.2972765 -4.904056 -10.319262 -3.6412609 -15.966795 -0.4819908 -0.39674124 -2.4880323 -18.58378 2.303326 -7.992871 -4.378195 
-292.42706 115.26046 17.190426 62.40515 26.439327 0.44243628 -31.422377 -20.381302 -23.298433 -1.5227206 -14.656246 -18.8578 -12.342697 -7.678282 -9.670778 -8.834713 -14.730089 3.2665894 3.2613575 -17.765156 
-390.29672 126.499756 39.7757 27.067194 17.59469 16.307808 -6.7065806 -5.795909 -17.015465 1.8225427 -5.8122416 -2.8081906 -12.414182 -4.407957 -8.14797 1.8462461 -4.465815 0.77853423 -3.175725 2.4801474 
-347.32852 178.14885 -21.053734 50.69681 24.383398 -30.611729 -3.4214163 -16.107038 -34.789658 2.9100676 11.992146 -4.690454 -5.123884 -6.4334745 1.4004271 8.257691 1.7585294 2.003367 -8.8502 -1.218053 
-412.43604 131.11559 34.63635 52.32908 3.3005612 8.609246 -3.6680925 -1.9455289 -7.185295 -1.0329621 -7.6070423 -6.180251 -9.911414 -2.5981045 -3.3147745 -2.34307 -9.323643 -8.341576 -6.9475455 -4.8247285 
-348.2915 110.646835 4.811287 20.469036 33.38071 7.2170935 1.8092242 6.622628 -9.125286 5.3286805 -11.062389 9.660204 0.5611165 4.672222 -9.743633 -3.2376144 -8.682347 -2.2230635 -7.49725 -4.0286746 
-479.2721 129.49583 17.678284 39.20398 13.446077 19.985783 -4.5728602 9.40335 -3.2364361 12.0823 -7.6706643 -3.0288317 -4.4809246 1.7746227 -5.2613173 0.19783057 -6.939114 -2.9303968 -8.127232 -1.7141757 
-420.16254 136.03696 30.747318 24.767195 18.598652 7.544994 -5.356158 -9.765411 -7.19075 -5.5341086 -5.914536 -3.160573 -1.0266976 -4.3973813 -6.089861 1.6222076 0.3378777 -6.369725 -7.305081 -1.0180373 
-227.33792 192.22607 -26.133888 22.66378 -21.639126 -54.556263 8.582212 -14.62817 -14.60825 -5.0225115 -3.8919475 -0.6147394 3.4238367 -11.206366 -4.5935764 -2.2897317 -10.504955 -2.6082232 0.7476741 0.4612806 
-303.86597 200.44989 -28.775936 18.105904 -7.821813 -36.878952 12.160627 -1.6034685 -12.423345 3.993014 -5.319892 0.60556185 4.127072 -13.356305 -12.701607 -2.7002497 -14.594971 -3.5402236 -0.94294834 2.0047524 
-244.6795 187.1307 -42.71958 18.495934 -15.514236 -60.408386 10.601284 -10.208062 -15.434651 9.0883665 -2.3766897 2.8990254 4.3391514 -16.481953 -3.8048995 2.4485924 -14.402064 -2.266218 -3.015737 -0.5823635 
-290.6567 112.93729 3.711366 51.326332 16.033304 -3.8860693 -21.522692 -15.349145 -17.913574 0.21286061 -12.111824 -0.75585395 -6.7749667 -1.7829813 -4.6059823 4.198327 -10.630365 4.27978 0.14795542 -5.549316 
-348.8732 171.34361 -0.9663675 40.80333 19.692877 -8.838445 -22.536465 -25.252827 -19.264252 1.722231 -5.6304903 1.1722637 -6.6897125 -9.013447 2.3815107 15.401005 -10.039641 -11.682373 -4.8686905 -1.2258487 
-449.9509 187.56667 50.913628 33.51745 1.624446 -9.396405 -16.61585 -8.703975 -12.076113 -4.8861203 -10.462137 -8.743771 -0.8268625 -11.121745 -9.484056 3.6797078 -5.7559423 -6.5298214 -2.200373 0.9517072 
-365.44788 169.16495 14.467612 37.628555 31.17344 -20.393007 -18.29829 -21.30102 -10.719372 0.4368588 -13.583896 -4.381457 -9.40281 -6.589754 -8.430096 6.928144 -5.027313 -2.6312408 -9.459732 2.2218595 
-366.31607 179.79596 13.298136 36.4544 10.927966 -21.890892 -9.552692 -4.176073 -19.846437 -10.486932 -5.549432 -2.1900873 -7.488955 -10.2171 -3.6536381 8.026764 -0.9985151 -3.3194597 -3.4939926 -0.83282304 
-321.2571 161.63878 -24.473213 53.298367 31.651302 -27.827875 -11.121698 -21.145294 -33.602394 -0.28764236 3.8423 -3.5401614 -12.446271 -5.754623 2.6598887 11.86035 -5.1610394 -5.1188054 -5.676585 -1.7099049 
-375.4729 154.70491 2.3911836 39.827087 10.205714 -9.318172 -2.3657944 -11.941933 -23.767052 -3.0869012 12.489132 4.7121344 -1.9401248 -1.155156 3.06983 7.196954 -2.8188064 -10.593317 -14.143738 -10.307833 
-514.36664 140.60909 22.458244 36.763012 7.5390015 21.93114 -5.7356567 8.4897585 -1.593972 0.3177486 -8.019275 2.6354046 -5.76822 -1.4348204 -6.6155853 1.9208747 -4.249905 -0.38685226 -10.869175 -1.043795 
-520.022 151.55022 25.645987 30.032976 4.7939534 27.417585 -8.914778 13.4325 -3.4227111 -1.2223767 -10.5642805 0.5385843 -1.6840535 -1.4092427 -7.0326366 0.106701665 -3.1048977 -2.7251112 -8.739153 -2.6867437 
-436.95963 120.18548 36.075096 53.247974 17.706383 -2.0811968 2.3372438 -3.0412395 -1.2473813 -1.0198488 -16.11655 -8.031765 -3.1343536 -5.297629 -15.266344 -3.739677 -9.034934 -4.076432 -14.073771 -3.076447 
-271.54822 119.5019 -20.532661 71.1745 45.659214 -46.657898 -22.820421 -21.110857 -16.933525 -6.6375823 -20.387627 -15.48369 0.34525678 0.2875942 -21.910482 12.680359 -5.231361 -1.0682412 -5.0309587 -7.752654 
-445.29932 144.98048 13.258483 52.96441 21.041113 -3.9750764 1.0520382 7.536494 -13.8686285 -1.2678486 -9.284297 -13.014189 3.8666072 -4.6177526 -11.928851 -0.72326255 0.5868721 -5.3835626 -4.3546276 -4.2345963 
-493.48694 143.91573 47.325176 24.318008 18.131006 17.465918 -1.7376869 10.316349 -4.4331717 -1.0324739 -11.480225 -3.2192671 -4.2383857 -3.5169852 -11.480429 0.23656861 -8.018505 -1.7653724 -7.656622 -1.5237765 
-373.81778 48.52382 55.022903 47.349617 4.7929845 15.08923 -4.1995816 -2.5217507 -8.286114 9.193029 -11.330291 2.1722462 -5.1829314 -0.18512303 -14.126117 2.547264 -6.3379135 -6.30939 -10.32729 -2.425496 
-301.88147 70.55973 43.010784 57.36818 13.721421 -2.8015668 -7.9117413 -12.07523 -13.536038 7.83185 -18.212488 -4.3864145 -2.8020513 -0.9563106 -22.317179 1.385839 -5.1048217 -13.208514 -6.70642 -6.4080877 
-319.7815 174.65312 26.252993 33.775036 -0.8733544 -34.47396 -10.215661 -8.461239 -22.622766 -14.926434 -6.3531814 -3.9443622 -1.9823142 -4.1566267 0.8579409 7.025067 -4.04889 -4.796315 -2.4272337 -2.1487298 
-405.17487 140.67615 11.352446 55.19072 32.345448 -7.242002 -11.339453 -4.2251916 -14.833409 -11.250241 -10.856358 -6.694685 -2.7595317 0.19217263 -5.245761 2.0063553 -1.0347987 -1.896115 -6.1670227 0.6949966 
-429.27853 144.49397 39.00619 24.791632 23.521307 1.0175681 -5.2171707 -3.8320432 -7.557747 -5.89539 -2.5313542 -2.1332433 -5.823923 -2.1156 -4.166241 3.9418051 0.16503797 -0.584706 -7.9244046 -0.8416407 
-431.5532 160.36551 25.272207 37.258842 18.409895 9.592244 -7.377198 -5.355051 -16.686789 -5.738191 0.22815725 -2.0656345 -8.0300665 -1.9620585 -0.10629193 4.8333435 -5.620753 -5.2332892 -1.4287324 -0.09950187 
-510.25766 141.55283 24.87693 30.613668 6.6219535 23.26278 -7.678748 7.376137 -8.509751 -0.6598264 -11.624704 -2.6867893 -5.8675904 0.89043117 -2.17183 2.3956523 -5.5265417 1.5560336 -7.4866266 2.1016092 
-575.66473 144.00429 17.732483 35.2199 12.867293 22.186249 -4.8266845 11.6353035 -8.14949 -1.5551274 -16.583542 -2.1444888 -4.5211387 -1.5007626 2.066316 -0.066922426 10.513414 -2.0825577 -9.54035 7.3628616 
