-376.5368 119.596 26.298107 28.768724 11.969389 11.979481 -7.529274 15.299462 -9.2356205 10.158136 -16.573112 -2.8727882 -12.807228 0.68458295 -8.136295 5.761479 -13.328805 3.1262288 -13.458258 -0.42219332 
-372.76086 119.61884 26.248846 28.649345 18.319443 12.251378 -7.8475857 13.510652 -9.692608 8.41108 -15.415928 -0.72741085 -9.726136 1.2874821 -7.928777 4.0951962 -12.713728 1.9427992 -10.3432 1.3097963 
-326.66254 97.28417 17.579817 40.76164 2.946991 24.68382 -9.796946 16.000004 -13.878656 15.314168 -19.002884 -1.9450539 -7.491422 5.6516995 -14.639507 10.711027 -12.700441 2.661382 -6.02002 3.454529 
-311.49716 113.6742 15.676829 36.556858 5.117281 16.697212 -11.192847 -3.3537314 -8.004539 6.502495 -21.777977 -1.051194 -4.7978163 -1.977157 -6.054243 1.1060097 -15.570374 -1.6064734 -9.553577 -2.6353943 
-274.36194 129.6314 11.171476 37.395405 16.717781 19.512913 -19.565449 -16.360636 -1.7802149 8.599186 -28.497982 -7.23727 -0.42714876 -0.09074538 -11.045271 0.24282257 -11.017824 1.5475398 -6.2950068 -3.739758 
-305.30002 140.53265 21.112436 46.905415 12.25939 2.7670736 -8.479922 -11.550698 -23.143682 6.466375 -30.620523 -7.228025 2.74447 1.5245659 -9.606415 4.7283845 -1.8908929 -3.2480137 -7.3950596 -3.683712 
-358.00314 141.68814 5.226838 24.478477 4.7739887 10.375426 -1.7767366 8.235545 -12.08312 4.6410255 -18.185688 1.8339907 -3.2898264 -2.899553 -15.011324 5.7118893 -11.961437 1.8204789 -7.6033783 -0.62599784 
-372.8598 129.3119 23.056004 29.623857 9.424411 11.293825 -3.1901479 9.088908 -7.9915466 7.883367 -16.421482 -0.35047817 -7.485767 2.0865326 -7.5797415 1.2686343 -6.1516285 4.1389103 -11.1404295 -2.4945445 
-375.8578 128.69305 19.779509 31.226274 12.195825 10.447754 -4.4271135 11.978714 -9.676613 8.4058 -15.8403 -0.45763767 -10.103499 3.2970135 -7.08317 1.3323935 -11.475002 2.0579312 -9.478124 -0.8607562 
-318.73785 88.166046 43.623253 31.576647 5.6794405 23.540657 -11.863143 9.951534 -16.40117 8.114416 -20.797499 -3.9803941 -9.915478 0.84016216 -7.2592783 3.1044059 -10.388117 2.647075 -4.9914227 0.36333948 
-290.14383 98.97567 24.743757 46.3217 18.876211 13.1525 -19.21418 -3.6168365 -9.16952 16.975712 -38.215683 -11.797695 -2.3020182 -1.613028 -11.18829 7.795056 -15.028446 -1.2554659 0.51238275 -12.980918 
-349.14407 133.69957 19.683979 42.314987 18.242243 6.5009212 -7.032897 2.1275227 -11.495523 5.075361 -32.81613 -11.649312 -8.187516 -4.856305 -9.494998 2.006564 -15.575343 3.2715888 -1.3996024 -8.319315 
-384.36084 132.6396 13.408764 32.31917 15.227879 14.8870735 -4.466569 17.69387 -7.3371005 10.99985 -14.120371 1.5490397 -6.9738374 2.1851213 -5.271203 0.79537606 -12.655445 3.1252947 -8.777105 1.2711409 
-373.43762 124.88815 16.054522 29.461369 12.58568 10.460783 -4.8956738 11.829481 -8.8570595 9.290322 -15.497508 -1.8102229 -8.409013 4.585188 -8.019085 5.2683516 -9.193546 5.285493 -9.499386 -2.6280205 
-355.62164 131.50648 18.719347 29.264656 18.005232 14.69681 -7.500846 5.602736 -6.254461 5.927984 -15.335907 -8.161224 -10.382947 1.6363558 -3.4159193 1.0209026 -5.4022937 2.6686907 -10.081286 -3.231986 
-238.51399 98.40461 28.832516 36.861633 12.439317 19.860386 -16.10805 -16.297855 -21.323902 9.063332 -33.157578 -11.447872 0.48565245 -3.8911726 -8.274664 10.755436 -6.328529 -4.123595 -3.9689271 -1.2510983 
-273.56403 147.36058 26.77018 29.296953 -5.172942 0.665507 -7.768156 -4.013638 -22.365334 -3.4872844 -30.432993 -2.2444203 4.980385 5.212117 2.2080615 11.224623 -11.339609 -13.80282 -5.660391 0.96300644 
-244.4037 98.173515 13.665856 48.800835 -0.42973423 13.160472 -24.412727 7.0093145 -27.986633 -0.2898496 -30.660957 -11.470916 15.10543 6.3697605 -15.80991 8.283654 -6.9537463 -5.80225 -3.2672305 1.8748965 
-277.3991 142.36507 12.296539 32.66035 26.274307 13.077038 -24.162529 -15.206248 -27.800575 4.7904134 -29.059242 -7.8517404 4.193308 5.2241917 -10.089312 4.4536743 -5.2031965 -11.853528 -11.768501 0.58307105 
-258.0919 144.34958 1.9143331 40.676838 18.108498 3.2240732 -22.039785 -17.761251 -13.32731 4.6961823 -34.569656 -7.628028 11.734265 6.09411 -7.8062963 5.5743027 -10.672818 -6.662168 -1.7443899 -11.389784 
-282.32614 122.57898 26.784138 37.34595 4.5691843 11.574446 -9.025542 -1.5099162 -24.264988 2.1484408 -31.586182 -9.3365 -0.7465816 -1.0333505 -5.2355523 4.46601 -9.786278 -1.2949177 -5.78549 -9.705599 
-303.4857 128.36789 8.926719 46.2787 3.295157 6.44865 -7.6798663 -7.8734264 -22.932566 15.252626 -24.6054 -1.9984441 0.4350925 -3.945482 -13.722558 5.26593 -14.902653 2.9398541 -4.3512974 -2.8959465 
-364.76862 140.14029 16.127796 28.270607 6.551737 13.98359 1.1267807 11.0515375 -12.408455 10.038355 -13.886353 2.8481433 -5.701952 0.8775043 -13.339932 3.4133012 -11.643243 6.107567 -9.795383 -1.3501494 
-379.27097 131.56194 16.04852 30.911552 13.8433895 12.050579 -8.976526 8.881321 -13.063897 6.470754 -13.958273 1.8530421 -8.58598 1.8052872 -12.318012 2.779092 -11.160948 3.8364487 -9.888456 -1.1849818 
-372.2149 115.945854 24.157618 23.590832 15.446934 10.110396 -3.3598096 15.057408 -7.2646136 8.370567 -14.986169 -3.8379161 -11.237462 0.60548675 -7.2020025 3.8111067 -9.794636 5.970567 -7.925413 0.7905909 
-370.00555 125.124146 19.804064 30.97189 15.344901 14.081723 -2.2728007 12.841812 -9.347869 5.7716646 -14.778907 -3.2006052 -10.71903 0.4017103 -8.904438 6.259697 -9.97425 4.5489016 -10.413844 -2.1141734 
-302.39114 157.81268 22.55296 27.913893 3.5951097 -3.114904 -7.8879223 -4.0392346 -21.684874 -0.020100065 -30.917105 -8.51189 8.039555 5.8363676 -2.3469698 9.455264 -7.019351 -12.030819 -4.405433 -1.9687402 
-249.89056 67.36281 48.953842 47.367188 4.755617 31.841366 -29.865425 -3.493015 -12.853838 6.7446456 -32.790234 -10.488546 -0.67113 -0.08180947 -8.231583 6.901768 -18.185577 2.4186783 0.3185048 -5.630274 
-264.96997 111.66704 34.063843 35.151806 -8.166524 10.947243 -12.104569 -6.909562 -24.961529 5.4279356 -37.83745 -3.9783003 5.8628416 -1.689591 -2.0703137 13.584153 -7.5493274 -8.92689 -9.253245 -0.5433645 
-298.69202 143.04468 32.312767 26.614902 -9.36564 -6.6665053 -5.95482 -0.7192699 -18.691046 1.8994422 -22.683546 -3.4563894 4.255294 9.011906 -2.3684893 -2.9234657 -13.515662 -11.003933 -9.679873 -1.1326127 
-378.60803 130.44183 21.203781 30.29963 14.723594 12.859172 -1.0817585 12.578256 -6.9949093 7.6236444 -15.382009 -1.8703414 -9.728359 1.797993 -7.166674 2.6471388 -13.38767 1.287974 -8.675476 -2.0955973 
-354.61823 136.98161 12.566138 29.934513 14.460256 10.631983 -3.195972 4.0006585 -14.039765 2.2040305 -16.490349 2.5812466 -2.7377667 0.6847774 -10.112062 7.5719705 -8.756641 -2.8775916 -10.63605 -0.7858014 
-330.8746 141.19522 13.932809 29.622196 11.159981 16.796011 -6.927053 -0.5909488 -18.819427 8.564411 -21.035946 5.652601 -1.2595314 -5.8815284 -10.803806 5.8853354 -8.478519 -1.4827726 -13.382161 -3.554641 
-298.93155 146.7075 9.390555 35.123974 15.496741 14.724036 -16.672398 -15.579588 -27.227251 10.095642 -34.807163 -4.31267 1.1387805 0.9044684 -6.6169906 5.7175064 -3.9114804 -5.337595 -10.479398 -4.6795583 
-245.55891 119.01744 5.5249844 52.906494 15.216088 8.97375 -20.75109 -13.533384 -24.239897 5.890257 -27.693169 -18.545143 5.1932507 5.792531 -7.2057242 7.166955 -8.219308 -4.664297 -5.2851725 -3.3559434 
-235.14209 90.481606 36.60505 40.40159 -8.842881 18.032854 -10.875941 1.6988198 -30.884409 1.3815842 -32.16667 -9.499675 8.413701 4.8307366 -7.77697 6.7120523 -8.589159 -0.7871707 -5.7275934 -1.412705 
-266.10565 127.48359 2.3691974 44.9733 1.3048962 15.014116 -12.509977 -6.957356 -21.087095 10.031277 -25.926079 -6.326832 5.575423 -2.6255274 -15.79128 4.35454 -15.84613 -2.921752 -5.798472 -6.6845846 
-256.62747 176.50395 -24.978127 -1.216249 -8.038952 4.9949374 1.8543006 0.09687657 -6.0499516 15.622628 -23.070148 5.026014 11.5420265 -7.0931416 -20.486185 6.04015 -15.983978 -4.703165 -1.6983218 4.5483036 
-377.88992 138.43164 14.940515 30.093336 8.494201 10.1257515 -4.933949 13.753919 -8.853261 7.2776456 -15.429714 -1.5911671 -11.788268 -1.6131736 -9.907235 1.449262 -12.194822 4.2411566 -12.476324 -1.7816908 
-357.62073 108.524345 36.258537 23.323952 18.084633 13.8870125 -4.12854 14.942454 -10.767875 11.185838 -17.973553 0.20294565 -10.408378 6.932952 -9.15069 10.692096 -13.258007 6.7879047 -9.523604 1.4111133 
-368.30298 135.90012 15.767034 34.779552 18.740227 10.648226 -8.725105 5.501102 -10.031923 8.850645 -18.976091 -3.844379 -7.749831 1.1781578 -5.6488104 4.4671803 -7.3191495 2.3096223 -8.250426 0.6194322 
-297.9634 157.50713 21.731441 27.508665 -14.263226 -5.1641407 -0.3612494 3.1513677 -14.786652 3.5750215 -23.084768 -0.4057878 6.367274 8.798066 -9.916262 -2.6345813 -14.557591 -11.179384 -4.251918 -2.6831882 
-343.8769 148.06442 29.182247 30.197906 4.953702 1.9665751 -11.556835 5.3835087 -12.834905 2.1771207 -19.273357 -4.6429596 -7.867422 2.8084502 -0.007888204 7.7386255 -2.7325776 0.6146503 -9.363722 -2.0162616 
-380.45972 131.4077 20.003166 31.307383 13.618807 9.009161 -4.0547905 11.96593 -14.135359 4.7918653 -16.863255 1.76024 -7.1018414 2.7183266 -6.406625 2.6116393 -10.806166 4.73229 -8.775018 -1.8384908 
-381.00497 130.62598 20.368778 26.298393 8.975987 8.013977 -3.6258626 14.779938 -6.7171116 10.755398 -13.401882 -2.5620658 -8.902686 2.3848724 -7.010317 4.384487 -12.460993 3.2151244 -7.262146 -0.71901697 
-379.74832 132.87576 18.116873 27.869743 12.695442 11.717549 -4.6496973 14.061657 -12.055837 3.5608308 -15.481646 0.40116563 -5.916942 2.9451153 -9.307133 3.247964 -13.054686 5.9410944 -7.5579014 1.9856821 
-377.38135 124.62528 16.263414 31.21774 13.367822 9.410503 -5.4806986 10.75997 -11.518081 9.82544 -15.387765 -4.80924 -10.268593 0.44121873 -9.544831 5.421877 -11.320672 0.5034282 -11.057907 -1.2397923 
-306.92877 134.00931 17.20639 32.680912 -4.12434 13.548035 -7.7803235 6.6951175 -23.00132 2.0742526 -25.749958 -8.552673 6.938555 5.471376 -11.66281 3.480527 -5.030851 -4.9917645 -6.8582582 0.27892652 
-254.90657 112.73182 8.632065 55.738667 9.087917 -1.5855459 -13.87022 -9.576969 -20.762993 10.051476 -35.565357 -8.114629 14.095454 -0.36858338 -18.41008 12.313634 -8.772697 -6.5984116 -4.5462875 -6.857262 
-249.61409 106.937935 23.7494 29.14315 -21.643028 18.222944 -15.887231 -2.4765158 -16.6109 7.750256 -22.76909 6.212356 7.4202065 -2.7936544 -12.523649 2.3081973 -18.489016 -2.6978903 -6.731901 -7.1126914 
-285.13885 158.27951 1.4037406 25.349075 10.02026 6.2412252 -34.112286 -21.199425 -21.474335 10.79785 -23.616129 3.2700412 11.421508 -0.9963398 -11.873585 4.96432 -17.09253 -3.7326932 -10.256685 1.2418942 
-368.19882 135.84042 19.844627 28.945168 15.678528 12.02306 -12.265995 7.6701736 -10.566719 8.589127 -13.321164 -0.5196431 -10.373873 1.5014992 -8.148234 8.835117 -10.105011 1.474155 -8.744656 0.62592196 
-380.0053 131.68822 18.769554 31.994652 9.450654 9.613253 -6.910076 12.61153 -8.59229 4.793322 -14.371057 0.67988825 -10.398257 4.474183 -9.337261 6.105629 -10.204622 4.86456 -8.663347 1.1804916 
-386.83902 137.22389 12.400644 31.43162 8.416602 11.626975 -10.342376 12.721337 -5.6883793 8.377315 -14.755164 -1.7925258 -9.641099 2.435229 -7.259406 7.5248337 -10.201029 4.177764 -9.366036 -1.0456289 
-301.62994 88.15299 34.256035 43.15817 7.110141 28.003466 -21.744568 6.2424703 -14.265867 11.108658 -24.619677 -7.0413427 -5.2128386 -7.205291 -6.4280224 8.456387 -15.963141 1.2395394 -0.8257002 -1.9798249 
-232.45592 101.45961 45.48834 24.187073 -4.5866523 21.672646 -27.054499 -8.329799 -21.608551 3.78007 -29.009644 3.116016 0.30065504 -2.505385 -2.258729 14.976212 -17.167505 -6.660458 -5.6596804 -1.1596348 
-239.70856 153.50131 16.126362 5.918019 -15.358046 15.247487 -16.546238 -2.2264926 -14.543093 0.86165684 -22.989084 11.66666 11.983893 -7.8145328 -17.542542 4.715597 -19.01931 -2.4882088 -5.0279403 -6.733283 
-300.20493 123.13077 42.13867 28.856363 -2.102534 7.467866 -15.899682 3.7251463 -9.165281 5.04956 -21.432186 -0.1881611 0.95366025 -1.0077364 -14.152492 5.870801 -16.015497 1.6731935 -9.157564 -5.3680825 
-239.65842 159.74797 2.1104007 6.5686364 -21.301083 -0.24419042 -11.637131 -3.563056 -14.49894 2.6154788 -22.949928 11.207316 7.0951824 -11.36797 -12.600481 3.5817266 -26.300472 -1.5681579 0.678877 -4.130029 
-252.95184 95.16579 41.834457 35.13446 -4.7900233 24.574738 -25.819016 -6.7495937 -13.732337 -0.50361127 -24.985527 -10.714508 -4.8363247 -5.5042987 -6.943001 12.921467 -14.529831 -0.038612682 0.76024795 -5.573321 
-327.71704 127.34199 24.005817 51.065464 21.100075 16.754944 -12.853047 -2.6405573 -4.533103 9.936411 -34.423878 -5.1732116 -8.213993 -8.616304 -6.864589 -1.3336495 -15.554112 5.0836835 -5.382911 -15.165409 
-380.1262 132.59293 18.536386 31.80892 15.579891 13.217083 -3.9080234 11.49033 -7.994991 8.655477 -12.335038 0.613445 -6.28272 0.40129125 -8.912246 3.3349884 -9.304333 5.5746646 -9.411956 -1.2370286 
-318.09027 105.34122 18.229546 40.367203 8.205621 18.35607 -16.225824 10.479141 -10.480959 10.765718 -18.344353 -5.148599 -3.1569078 4.2570095 -7.011939 12.225245 -15.476644 1.4268122 -5.358825 0.42853656 
-269.91046 144.06374 29.1822 33.42405 1.5500491 6.649369 -11.156016 -9.238651 -27.217232 -7.234509 -35.47012 -6.5206203 3.6126947 -6.6797676 -1.8242052 8.623333 -5.6624317 -4.6924405 -8.853716 -1.3238076 
-267.51917 136.46324 5.617075 41.468113 27.993977 4.3756557 -25.134731 -11.105553 -10.993466 7.4800687 -45.214542 -5.641504 7.816084 -4.5848055 -13.035086 9.296818 -2.1100137 -7.4017444 -2.27628 -3.904051 
-251.38177 102.10904 35.228104 28.008833 -8.285935 27.59219 -14.526906 -5.405018 -24.51754 -2.8762164 -32.20396 5.757592 -0.17207295 -14.596619 -3.9347568 12.956951 -14.977397 0.51762825 -7.113883 -2.9719427 
-318.09592 159.92554 21.6366 25.814997 8.926304 10.732406 -10.263018 -1.1449372 -9.440785 -0.5292106 -16.141747 7.8824167 0.001850605 -9.588913 -12.283704 -0.8523966 -9.902932 -1.3606845 -9.602789 -3.9258952 
-271.93787 121.613495 24.958593 23.902271 -1.3721042 19.861515 -16.357025 -6.1460276 -7.7927017 5.9975376 -17.493698 9.975262 2.952301 -5.692961 -6.893728 7.7081356 -18.472921 3.9713564 -8.6033745 2.244699 
-298.47382 157.52289 26.416267 26.159395 -3.5099978 3.8992624 -8.044691 -7.779819 -15.846815 0.9593652 -25.115364 1.8745747 7.058879 5.0429654 -2.8519194 4.0959177 -11.300975 0.6406513 -9.471218 -9.23132 
-328.58295 155.97668 19.546824 30.992384 14.380329 6.8034425 -9.490809 -8.953623 -18.543428 1.342051 -25.783976 -4.0241823 1.8392816 3.1471286 -7.161085 7.148034 -5.8562922 0.9301894 -11.386963 -3.6252644 
-359.32263 135.65106 28.931627 36.41163 15.35063 13.347836 -9.38298 3.954339 -16.396294 -1.0861714 -22.699867 -3.2393272 -5.826817 1.6963096 -3.9729788 6.51001 -7.331532 3.9603686 -10.197648 -0.25300044 
-385.01138 135.85416 17.325443 33.323227 14.658308 11.982356 -5.9253974 10.754747 -7.6304364 7.374902 -12.742812 -2.968714 -9.129917 0.6731118 -7.5276937 2.436155 -9.046733 5.0349274 -6.6597166 0.38139316 
-376.28674 137.78265 11.392256 34.983566 11.926786 13.614021 -5.2940445 9.505238 -6.1782293 10.510944 -12.855728 -2.1174152 -10.487178 -2.4604235 -5.164929 7.1917973 -11.161631 2.2884698 -8.561016 -3.9999058 
-438.1684 118.45395 16.48567 23.947983 14.486582 9.620264 5.2556267 -1.853028 -6.098736 7.7259884 -1.993273 -10.842327 -7.765577 4.030011 1.8594966 5.5566406 2.959509 1.853873 -4.158113 -5.534998 
