-379.2475 142.48637 16.60327 23.109812 -0.9410606 12.035515 0.6607207 2.988933 -21.681297 -0.08702564 -10.323023 4.4186025 -6.952506 4.3148956 -6.6524453 1.5769337 -5.0278964 -3.5240188 -8.220235 -4.610441 
-327.5653 121.70592 13.341715 31.011421 16.770334 6.5685253 -17.996075 -5.720686 -13.109407 7.8710175 -17.686588 0.4823398 -9.678059 17.616919 -12.178487 0.44456196 2.7396047 0.4029292 -10.734966 -5.2747774 
-292.64865 113.689865 -9.828445 36.44964 22.344812 1.7159868 -23.903723 -0.9279616 -12.578528 14.314307 -24.207876 5.8721104 -12.50139 17.07285 -23.522108 -6.3449306 10.474932 0.27517486 -15.634088 -2.6470494 
-402.80023 138.72734 29.579275 41.20089 14.140264 4.891631 -4.7426844 17.046455 -16.645348 8.12027 -19.118343 -0.41249722 -10.9150505 4.9118333 -13.100357 -3.5488892 -7.262472 -3.5057936 -7.5709567 -0.12236019 
-423.09018 131.09671 23.00776 32.670578 9.530282 11.565667 -2.0678473 13.907274 -7.5274787 6.4785814 -13.97102 0.7675779 -9.223062 1.8149657 -8.966914 2.5960708 -8.683186 1.2544906 -9.886392 1.9160256 
-297.12634 144.50226 -43.812088 12.497934 18.249474 21.196081 -9.466127 6.3842354 -15.682003 12.084128 -16.19684 -10.113992 -9.97573 12.332861 -11.637863 -10.130821 -6.768397 4.251989 -1.8739605 -5.2382846 
-314.91455 86.39003 13.837399 41.06472 29.375183 -5.662093 -16.43227 12.107027 -15.782961 4.501616 -16.835863 -4.443793 -2.6192517 10.919665 -13.378237 -1.301769 -9.485345 4.6789546 -12.014874 -3.7184186 
-324.5689 117.06897 11.943508 28.983887 16.65691 13.433002 -30.730574 -8.090471 -20.294369 7.7985425 -12.647113 -4.1999474 -8.360564 25.17416 -7.7435193 -2.2901747 -10.551985 1.4185164 -6.9532313 -6.761016 
-368.14587 93.813515 41.341255 24.31263 14.920504 24.734024 -18.926981 16.968956 -21.472954 9.993796 -9.415633 -3.7453935 -12.9786005 13.0190325 -13.811803 5.5071464 -14.429372 2.0488987 -8.523326 2.8028672 
-353.9591 153.96875 11.129582 20.204855 -21.035564 6.149523 8.031642 9.2412 -29.22992 8.663123 -18.607716 4.4899898 -5.5517073 12.724971 -19.103174 1.2066804 -9.952814 -1.0593829 -6.685631 -1.2700295 
-365.408 124.00589 24.676384 21.170753 6.4650517 11.487949 -9.696865 18.020254 -22.658699 6.58616 -10.713931 -0.594938 -5.748893 15.116396 -18.311367 8.149797 -8.796616 6.4846973 -10.771913 -2.407309 
-365.24707 130.86087 6.223447 40.950363 25.890947 7.1788416 -18.630571 11.08151 -16.134195 1.3646668 -15.268031 -3.8577707 -8.808508 14.147497 -17.77221 -2.0548086 -0.804718 3.3498814 -15.984384 1.4560275 
-325.5234 127.05778 -7.7818737 26.501644 21.193512 14.012841 -19.917288 3.7513402 -13.306899 16.172834 -11.19572 -9.914214 -16.313467 19.849457 -15.151827 -9.884041 1.5496739 4.4943514 -8.118815 -4.412377 
-341.67297 140.8792 17.899166 21.181334 9.854414 11.136092 -10.123027 -15.847843 -24.830109 -7.233596 -5.8106723 -5.3097315 -9.25578 17.649117 -9.112921 3.694263 -8.941114 2.068527 -5.87884 -7.123702 
-379.9832 94.02536 43.8611 29.293694 11.361495 19.389057 -18.151777 9.627716 -11.774376 6.1213927 -18.977627 2.353856 -8.87474 5.458891 -14.445406 4.4455523 -10.192476 5.537696 -3.7798505 3.623182 
-352.40714 120.22234 25.80198 19.815413 12.7459135 20.761406 -14.658314 -8.676259 -29.464386 4.7708416 -4.462086 6.0208163 -10.440535 16.489788 -7.177268 6.955115 -11.027701 -1.5948697 -13.129966 -1.1367024 
-415.3994 132.61145 20.743515 32.77894 11.723638 12.591226 -6.5802026 9.984841 -13.90843 6.803011 -10.020102 2.5664804 -9.47206 -0.70578957 -10.553927 7.5680485 -7.3656287 3.8199887 -9.943342 -0.80212605 
-415.42657 122.05675 23.73115 30.118143 11.893309 13.929291 -2.348421 12.72092 -10.047499 7.847086 -16.11976 3.899146 -5.041072 -0.2715798 -9.569299 4.492432 -13.729349 5.5052176 -9.289745 0.013331096 
-394.21613 137.17728 10.820123 22.295671 10.895791 24.161192 4.0136957 9.520276 -13.219448 6.867164 -10.664467 -0.11588994 -13.729406 0.85171306 -6.8692265 6.957411 -9.900141 4.699137 -5.190263 -0.9017251 
-361.3885 147.14902 12.740253 12.512146 -13.182603 27.900106 7.430938 11.882191 -12.114317 -1.8940125 -14.056308 7.3692145 -11.968156 5.60534 -15.414059 9.249413 -6.7351193 0.9369147 -2.9052482 -9.661289 
-360.7628 156.91577 27.962843 23.665363 -23.558609 9.713329 -2.0586255 11.485399 -4.6588593 -0.60981506 -19.678837 5.015433 -10.816914 11.406231 -18.774675 8.227459 -10.626297 -3.0780401 -3.703064 -4.07633 
-394.17032 140.76654 22.206161 29.948936 9.957523 15.619839 -10.088072 11.844548 -15.910741 6.535288 -12.106472 0.9318292 -11.2106 7.4896545 -12.285038 2.217372 -6.0788493 2.9727314 -0.9573787 -4.8708243 
-357.2301 112.90724 26.276638 22.16754 17.376717 23.426598 -19.981651 9.483281 -17.434557 11.685658 -7.9194555 -8.183883 -12.062487 9.939284 -9.905546 -0.72767365 -3.9045405 -0.44253826 -2.067622 -3.0159726 
-356.95773 145.56349 14.409755 17.17258 -9.951828 21.881275 3.6434412 -0.61841094 -24.711487 -4.8401084 -6.0747366 0.26849657 -7.339529 7.5815864 -23.269283 12.740357 -9.282187 0.20112969 -3.77189 -5.702613 
-314.3932 120.494415 -10.654884 22.74673 20.679375 15.199963 -15.971493 6.301592 -13.829688 9.075502 -10.8472595 -10.565941 -12.673143 15.566204 -15.369324 -1.1908584 -2.8503149 -1.4186224 -3.724138 -9.858499 
-328.75485 131.11479 1.3909018 21.573092 31.050123 2.5614772 -12.822974 -6.2352047 -17.23132 10.489871 -8.56921 -6.729149 -13.186262 13.478336 -12.70367 -0.6834368 -6.911596 2.6585977 -5.3161983 -7.9441047 
-308.86148 121.61363 13.254476 24.689949 16.603432 12.749026 -21.11301 -16.039682 -18.605396 10.120552 -9.960148 -7.2910886 -17.059572 24.984322 -18.040676 -0.1884684 -9.47776 2.3031595 -9.344779 -5.7002635 
-404.8829 133.75262 28.228603 40.878323 15.350183 6.6233463 -6.6076617 11.031667 -16.779287 6.080247 -14.679221 4.184678 -10.383678 3.5041554 -9.346786 2.1307936 -8.480676 -0.8574009 -10.257177 -3.5682957 
-421.2828 126.87245 13.582989 35.036663 6.353918 12.822668 -7.578777 12.855343 -10.813481 7.529108 -12.142389 1.9915807 -5.1231995 -1.1287951 -12.699069 5.574287 -10.479319 5.609043 -9.539392 -1.3008132 
-428.1832 142.19618 8.900325 39.556038 7.726206 11.721781 -5.234799 14.391061 -10.789739 6.1582856 -12.556417 0.7367823 -1.6715674 3.793991 -9.016102 2.7334235 -9.527035 2.28363 -12.758365 -0.8546522 
-391.94003 138.22708 18.750702 25.271515 12.4109335 14.853025 -2.1329265 1.1043472 -20.575008 8.520239 -4.4995637 5.1219077 -9.796837 1.0967219 -9.75514 4.6012516 -8.642289 -0.16169739 -8.532146 -0.3265622 
-382.07126 123.67392 20.53322 29.092691 14.510461 15.019523 -7.3821707 -1.7737573 -22.305397 7.153658 -6.941647 1.3159385 -10.518045 1.6517056 -8.059104 6.7507606 -7.6298547 -4.102109 -12.647854 1.5959922 
-364.02078 134.38354 16.997149 24.880491 -0.26643223 6.236236 -0.46999243 6.2856207 -16.513798 0.23341173 -7.209972 2.277384 -5.362188 4.9116755 -7.1404963 -2.2650557 -9.225665 -2.2994587 -8.7147255 -4.538817 
-353.52094 137.67998 19.737988 26.838348 3.4643817 5.4274783 -8.866416 2.162225 -19.863132 -1.8938274 -13.052307 -2.4264395 -6.467635 2.6814914 -8.130332 0.26426262 -9.943432 0.6856468 -9.839223 -3.6542273 
-367.06174 131.65933 7.7461863 29.176418 19.853785 6.9925375 -4.246009 6.2741985 -16.773031 6.1153936 -15.092229 -7.807184 -13.448021 1.4205004 -11.555674 -3.7939072 -9.133555 2.7837992 -10.762471 -4.439158 
-411.1527 128.04358 15.47505 32.662678 12.19525 11.324792 -5.794632 11.03017 -13.39957 7.593945 -8.426359 2.647911 -5.485384 3.0863636 -10.625878 3.9497495 -8.9701805 -0.8543144 -9.008632 0.6486688 
-367.39948 103.24106 11.787541 28.245323 10.794903 24.587708 -4.472748 12.79414 -23.460014 10.267479 -7.5605383 -3.6361003 -13.463137 10.903984 -6.1897907 1.7325664 -8.493778 -0.20050079 -15.883684 4.793561 
-413.3197 122.99264 17.924675 35.380608 8.477321 15.179333 -5.5774136 14.705717 -15.961475 6.5978622 -9.4257345 4.8050723 -6.523962 2.434015 -7.592948 4.478858 -12.506226 0.0031169255 -8.920452 4.8809695 
-420.13202 126.55302 18.976662 35.92354 9.774687 10.981004 -6.079575 14.916018 -11.516489 8.690136 -12.934993 3.49165 -7.051153 0.9131011 -8.652372 8.217359 -10.320471 2.541215 -9.175941 -0.74303615 
-420.81674 133.10492 14.266201 38.83536 9.693909 13.035238 -8.948308 16.393852 -10.624889 8.827605 -11.245588 5.4352417 -10.49301 -1.175761 -9.263273 6.0429993 -11.168635 1.6723723 -12.259944 0.7410192 
-382.938 128.66609 24.233772 35.64855 7.0849686 11.700617 -9.678752 -2.06624 -13.100117 2.0649805 -15.018269 -0.04940531 -9.090558 0.28698397 -8.694324 2.0279162 -8.425571 2.028432 -10.389123 0.5312605 
-372.58453 147.16473 23.75565 29.568277 13.271244 9.962482 -7.5977225 -3.988302 -15.948574 -0.48067263 -12.557081 -2.5127525 -7.825071 0.47545597 -5.472705 -0.9245536 -5.7836785 3.335642 -1.7651343 -0.702236 
-308.38287 155.4323 -11.116254 18.091976 -11.016961 12.958259 15.675098 9.53004 -33.35406 0.18175782 -12.403207 3.9268904 -14.402852 1.1357486 -10.34131 -10.104303 6.4234295 -0.7981898 -5.264391 -8.354823 
-321.99658 143.2392 1.6138895 14.233602 3.9615963 15.745032 2.8987508 9.993632 -30.035814 -3.9970136 -11.17249 8.59416 -16.185022 2.9774487 -11.808521 -4.832947 0.43093565 1.8162122 -14.157427 -9.48076 
-296.43088 56.157486 20.599152 55.93477 1.526412 7.2123394 -17.99227 18.398699 -22.874935 -2.7658799 -6.355585 -4.2404556 -6.0996203 11.832312 -22.519255 8.707278 -4.67726 4.9644785 -13.02197 2.9875982 
-328.15146 101.99535 26.097948 38.227097 8.117146 9.01942 -12.73067 -7.680106 -12.128835 1.3454301 -18.07523 -1.5909892 -4.4449177 2.59823 -12.586912 1.7980529 -3.9450586 6.3656583 -9.459706 -1.8458099 
-345.261 121.780655 27.011436 41.432095 15.5958185 5.6328745 -5.6964045 1.0277779 -18.94225 -4.6843524 -18.14741 -0.42411745 -12.181075 2.3948252 -11.564869 -2.4159346 -3.0018184 8.838286 -0.62196916 3.659025 
-312.19217 102.6795 15.954169 58.2838 12.294457 -0.8259023 -24.254812 7.1407766 -21.325249 -3.7179842 -14.156261 -1.9011678 -5.8243775 13.69711 -18.169079 9.694443 -0.5293077 -3.2177267 -8.472296 3.0927348 
-351.1953 128.60214 14.9410095 50.8507 18.438265 2.6401622 -26.181395 4.0683227 -16.03019 -3.5888166 -12.886068 -3.7676685 -3.4410346 17.827564 -16.851387 4.1477857 -1.0175855 -5.652955 -17.266533 -5.1606245 
-424.05905 137.22897 19.44309 37.99658 11.740505 14.838284 -6.563536 14.244858 -9.910309 9.069216 -10.364109 5.1754537 -5.8509526 5.7129254 -10.407086 7.5915594 -10.04109 2.2502398 -12.451897 1.3942436 
-412.182 130.85431 11.500095 39.19778 10.93174 16.902508 -12.486099 11.578563 -8.896637 4.291546 -8.548662 -1.1154857 -4.4644203 4.3649855 -11.3454075 7.1272955 -6.4371014 1.9893049 -9.638729 -1.3633685 
-425.2542 133.80742 9.379815 38.449066 15.098002 11.738342 -10.445997 10.678751 -5.0219927 4.8156962 -10.619056 1.4749635 -3.0753603 2.4888296 -11.069421 3.5229692 -5.2070036 3.8303769 -9.129209 0.21591192 
-428.99982 135.63847 15.387791 35.6007 13.411213 14.124609 -2.1714325 15.450999 -10.466829 4.506216 -9.4880085 1.9759164 -6.5080585 -0.20340627 -7.3874717 3.0411916 -11.289404 4.334499 -7.0119214 1.7551378 
-331.92795 143.83548 -10.988216 27.781454 24.24607 14.860238 -26.997335 -10.684971 -14.423482 9.144145 -0.3448477 -15.112727 1.0730796 30.2207 -18.233376 -7.6568265 -5.279814 1.7112906 -7.31826 -8.844397 
-329.98514 135.63179 -2.5516713 27.679329 20.833664 10.742374 -25.676817 -18.23661 -16.157402 13.462902 -4.6540585 -11.159672 -4.628765 34.268074 -20.999578 -1.4840949 -9.143689 -4.1890125 -6.748335 -7.3014135 
-408.95453 141.87447 23.48572 43.10771 18.985773 5.7535777 -7.6832266 11.057044 -21.720627 3.9152591 -14.185692 -5.3519425 -13.753427 3.4181972 -11.151104 -4.856825 -5.132309 0.21921489 -11.153817 -4.4949627 
-434.15973 143.11081 18.814415 38.41073 13.850581 11.020774 -8.36869 13.293326 -7.889981 5.386864 -10.330502 -0.7572003 -6.979981 0.81864464 -7.2832 1.0703065 -9.694187 0.4658774 -8.850333 0.006579717 
-430.83618 142.45769 20.962145 35.03489 11.651583 13.774437 -5.5836086 13.300798 -7.5917683 5.5804553 -9.844359 0.58165973 -9.493369 3.345858 -5.5441165 4.4994583 -11.39463 0.8207111 -7.0925612 -2.3947628 
-430.58395 138.11392 19.341402 33.832077 11.594052 12.746952 -5.690057 17.07224 -11.698951 5.052458 -11.450483 2.8889132 -7.74201 1.9162472 -10.031788 2.67131 -12.972044 4.5455623 -8.937409 -0.49961057 
-379.05334 87.95287 36.287857 33.40034 5.9321375 26.09774 -14.765178 20.38018 -20.209465 8.36158 -11.823502 0.99835736 -9.21812 4.242269 -10.815952 1.0006675 -9.174734 5.070116 -11.404402 5.587286 
-418.76645 126.82811 26.781418 31.885733 6.761638 14.014505 -11.603827 16.633425 -11.693882 7.9787927 -12.254468 4.7243485 -9.287715 1.2528149 -4.325595 1.8708564 -6.11015 4.0443454 -10.981439 1.4531163 
-429.2276 140.83398 17.409758 40.623943 8.077596 9.712604 -3.222119 14.2168045 -8.439878 6.98921 -13.624752 2.2344203 -5.4917192 2.2722383 -8.137086 4.567158 -12.703944 0.74860513 -10.066606 -0.5137378 
-433.75037 138.6343 16.953588 37.22514 12.847255 9.698583 -5.636136 10.369839 -12.100698 7.1943164 -9.162401 3.732647 -6.4518404 -0.76491845 -8.206384 3.7489488 -9.73283 4.2950478 -7.7929196 1.0553821 
-433.00735 139.73877 13.520466 35.724445 10.792328 11.793774 -3.0643282 12.167007 -9.856174 7.3712397 -11.123381 3.075159 -6.991997 0.24245341 -7.615136 4.1596355 -11.991419 0.64992917 -6.976015 -1.8224521 
-436.76553 146.33832 13.756268 37.957012 11.998008 14.041581 -6.2235317 13.553443 -11.891033 8.53436 -9.687875 1.3029218 -5.9427705 3.7304676 -5.8022223 6.594305 -8.934419 4.446328 -7.408468 0.70015377 
-431.5322 135.1903 18.078398 35.857796 8.493722 10.095725 -5.93897 14.492626 -10.958501 6.262378 -14.973234 0.8508659 -5.2137046 1.6736144 -6.5097985 6.6811 -12.530899 1.6101165 -7.752439 0.48702997 
-432.47174 137.7126 16.911713 33.034843 11.980877 12.994816 -1.7103323 15.561493 -13.670183 5.5362177 -15.197117 -1.4545778 -9.706993 1.2850528 -8.077214 6.027876 -12.997546 -1.2020065 -7.6840167 -1.5725507 
-376.46158 80.71677 46.1879 26.759277 7.3856397 23.094357 -19.722301 23.435255 -13.518066 7.7321124 -8.594414 -2.9250784 -6.2978673 3.9272401 -15.552516 10.085346 -10.9363365 7.681876 -11.6554 3.8589962 
-414.14157 113.10342 27.667797 33.300274 7.009191 20.506859 -8.887634 16.803335 -12.324764 6.4514155 -8.448534 3.2821193 -5.710163 1.118306 -11.808101 4.8532553 -10.864807 4.616748 -7.596327 3.8098078 
-323.73602 153.3794 -11.038232 19.056944 -6.234404 12.741206 13.924678 -15.030531 -33.633904 17.340807 0.68910587 -0.40311444 -10.494885 4.3069787 -24.385672 7.4145255 -0.5627577 -4.7509127 -6.96112 1.3153038 
-315.41614 139.28159 9.105292 16.740696 2.8697894 9.727479 11.502894 -18.70282 -45.824497 24.921593 -1.463081 9.888958 -7.4766793 8.370122 -24.295372 10.012519 -3.1172724 -5.0873494 -8.865997 0.17520231 
-376.80783 136.01704 16.127007 36.2016 12.309826 13.489994 -8.760182 -1.8692055 -24.039 9.831706 -9.1127825 -0.32200235 -11.254276 7.6824045 -7.9169216 8.978856 -5.876482 0.67801005 -8.526558 -3.0198991 
-430.18015 137.32942 18.127731 34.8782 11.209825 10.767578 -4.2992377 13.640736 -4.799243 8.732671 -9.2029705 6.32382 -4.1856656 1.1275637 -6.031061 3.9030461 -7.1168747 3.9469202 -7.981783 -0.104116835 
-408.17966 129.67232 21.715946 29.998125 12.619502 15.70724 -8.93729 5.2051015 -12.064375 6.7125072 -8.880728 1.4964923 -8.04365 3.1566896 -10.045924 2.9394479 -7.6916385 1.6953042 -8.262973 -2.7662947 
-381.62994 136.28705 18.737396 39.213303 9.684574 12.351305 -9.080663 8.939263 -27.530172 0.6027847 -12.499481 -0.56238985 -16.187174 9.70255 -13.229259 1.387764 -6.8478875 1.4069831 -5.3502026 2.8650126 
-349.6357 142.73962 -17.053967 24.938509 21.263912 6.7239633 -13.944385 6.876548 -11.8802185 10.716257 -9.560575 -5.055479 -9.771505 5.627189 -9.641273 -4.712498 -5.6073456 -2.4588125 -10.727874 -3.406112 
-420.932 137.97896 15.969555 34.49252 12.290761 10.409445 -8.057773 10.364001 -8.489159 4.0001383 -9.928387 4.2793107 -5.389128 -0.565591 -10.380149 -0.9277149 -11.455986 -0.30596924 -8.816438 -3.115059 
-422.2529 130.45474 15.620168 30.93475 9.851216 10.372563 -2.57788 11.582684 -12.778752 7.5113482 -10.488368 2.0056438 -5.787589 0.97368515 -10.238452 5.776552 -10.573013 3.0494802 -6.9229636 1.7697045 
-379.38016 112.65914 31.292969 32.874363 15.08205 15.738354 -19.24117 5.3917794 -11.827134 3.472375 -10.499102 -9.320268 -8.759716 7.9366508 -10.348415 0.9394917 -11.163824 0.48658806 -6.391756 -2.4707918 
-352.65005 118.70346 25.068075 34.257587 23.579594 13.281565 -24.688702 -6.3162923 -17.912788 7.6802564 -19.549158 -16.944313 -7.192415 8.155425 -13.103236 -8.969474 7.810562 5.242603 2.4024465 -4.101698 
-378.7718 145.87018 21.614014 41.45598 20.914532 9.689039 -16.750362 -1.4787627 -12.338684 -2.7345476 -17.9279 -11.572062 -2.846812 5.552084 -11.002039 -4.838135 2.6170397 0.079240374 -6.8879886 -4.4617386 
-426.74017 141.96799 16.42698 40.71355 9.881903 10.614834 -1.3144554 13.05007 -6.531714 6.8758416 -9.150075 -0.60143876 -6.1723704 0.09482321 -4.1762652 2.9209538 -8.970653 3.232204 -5.9388657 2.4999356 
-385.78644 132.86699 13.760102 23.815657 25.660316 17.868156 -14.190602 -0.6344435 -13.725993 12.492961 -9.054912 -1.7809895 -3.1683831 5.088814 -9.886376 0.4251514 -11.106572 6.336331 -9.853559 -4.446725 
-296.78958 140.57523 -21.401466 34.469048 22.695168 9.213325 -23.304901 -11.060067 -13.323255 11.656487 -13.098736 -12.6233835 -10.324831 17.402067 -10.3507 -9.943287 -1.8730626 0.40622267 -6.236938 -12.348339 
-369.7328 164.43341 19.912228 35.46561 0.020713594 -2.4759107 -10.350027 -6.540981 -27.837288 -4.777094 -16.71444 -3.7561018 -5.5210037 0.6925523 -5.176703 0.94368297 -5.2360744 -1.6104031 -3.7622392 -5.4923115 
-382.0531 119.583496 39.03014 32.58302 14.539516 8.55009 -9.933117 7.3611517 -13.949343 2.8200502 -16.441898 -2.163986 -8.009617 -1.8038167 -9.01575 2.2150786 -7.422855 1.1581618 -9.267538 -2.3727248 
-278.342 141.5739 -26.861666 13.476436 23.209309 5.706643 -17.982971 -1.5733706 -20.256653 14.134432 -18.688734 -14.065557 -8.243408 15.680435 -10.00206 -6.1174455 1.2305785 1.4182078 -9.918612 -4.203019 
-310.85345 142.72404 -22.15601 10.943601 14.217911 24.146658 2.3315535 4.158672 -21.345818 11.293223 -9.065144 -13.757833 -8.1616335 3.0092728 -15.608904 -2.9543397 -6.723881 -3.4210248 -7.795904 -5.328165 
-336.14166 129.1925 24.747898 27.043568 8.696758 11.767498 -9.1333 -9.059318 -23.73177 1.2763518 -14.86528 -5.560445 -16.016499 5.5886936 -3.1402116 -2.248858 -2.972371 0.019244194 -4.7023497 -5.075431 
-342.3646 107.41526 37.843246 20.714651 12.272625 13.322951 -13.462375 8.269089 -30.908098 0.16350238 -18.373186 -1.4774659 -11.207108 10.083642 -9.349429 -0.77528054 -8.422665 -0.87100863 -10.731025 -3.4598043 
-361.293 102.47455 34.91123 24.331112 20.790594 19.394133 -12.221874 8.03173 -23.230564 10.027869 -14.507497 4.686679 -7.5021133 6.2271557 -13.929738 5.951418 -3.4589102 -2.241991 -6.3431883 -4.5207543 
-326.25815 121.75907 8.307559 42.065002 25.30798 2.60804 -26.501251 -0.84646785 -21.82331 10.352215 -21.8264 -7.933485 -5.0664325 18.623932 -15.439368 -4.2012177 -1.7164371 -3.35103 -7.419342 -5.9053745 
-326.9564 132.57628 -13.02983 36.399666 20.293911 4.884988 -23.304459 1.2713846 -17.369127 5.013786 -13.434105 -7.2938285 -3.7250934 10.9083185 -9.951153 -6.9248214 -3.0669076 -3.6526914 -9.176603 -3.233249 
-350.32025 137.67519 -3.3515072 19.860054 17.07352 18.717344 -9.486157 6.344514 -17.623003 11.290532 -10.498412 -9.973756 -12.953187 8.00667 -1.4592427 -5.0662155 -8.565326 1.9934788 -4.441442 -4.986333 
-331.38315 125.15229 0.4734837 23.874123 10.177292 10.688399 -9.946575 -1.3270904 -23.119646 8.125919 -7.1163406 -6.855482 -12.452718 6.8336697 -13.685124 -1.796339 -5.4914265 0.79365325 -1.1724514 -12.272142 
-346.4115 116.29837 8.819365 36.52678 18.818562 3.0943785 -14.072482 1.2196288 -22.88485 11.987258 -14.425663 -6.499112 -9.9522705 5.404558 -14.603538 -2.1682293 -8.865185 5.836136 -5.804435 -7.26618 
-320.97974 124.34474 -5.3044076 25.084034 24.389591 18.417599 -17.126259 -8.042733 -13.116635 15.916639 -4.8771725 -4.1907177 -13.446696 18.831985 -6.4311337 -3.9092755 -3.815095 0.9222729 -2.0420597 -6.7435303 
-387.42773 137.98933 21.087648 40.651207 16.425425 8.419274 -12.598489 10.605359 -12.939762 14.446786 -13.646868 -2.638803 -13.240879 10.700918 -11.029134 -3.6645758 -2.9028707 -0.48818362 -7.9791217 -7.3909793 
-421.5769 134.6638 16.786852 36.477184 9.500225 13.713856 -7.7857113 13.968365 -9.238383 4.254713 -13.881125 2.1180465 -3.0310762 2.8122756 -11.2323065 7.0920825 -5.7654567 3.0141828 -14.443098 -1.124811 
-428.85526 133.58293 22.268698 37.06991 15.290416 16.490152 -3.6440969 12.396032 -7.2329907 8.068646 -10.540438 4.211811 -5.628119 -0.07666826 -8.2876215 5.0167737 -11.930684 1.4229457 -6.7277594 3.1075904 
-430.90033 139.5571 18.97903 39.070427 12.527353 12.320071 -5.8179064 12.992138 -8.403435 8.956788 -10.155472 3.91986 -3.3712726 2.451312 -8.594437 6.9855022 -6.586811 2.3089533 -7.3402963 -1.1477304 
-353.60654 109.65042 19.781157 19.888405 16.276625 20.954952 -10.931939 17.362143 -16.991692 6.351633 -5.8653674 -2.2516785 -2.7272944 7.6296997 -9.547875 4.981083 -9.1440735 4.393185 -10.581448 -5.350193 
-355.8958 140.76315 1.0848403 19.57217 12.250581 17.20933 -1.29293 12.262496 -22.334236 5.7278037 -7.2596946 -2.2898188 -17.423025 2.8668218 -10.133409 -4.6747756 -1.1935457 -1.9878191 -13.755315 -3.534238 
-350.36206 112.57865 26.427341 55.864494 14.176137 -7.117758 -2.312464 4.147759 -23.600468 1.6885339 -16.9596 -11.181614 -7.611445 6.750171 -14.03307 6.1031 -6.3753767 2.928838 -4.3892417 -3.6876166 
-377.53992 117.5139 42.29678 53.879963 12.085445 3.1205075 2.5173297 4.768863 -22.673182 7.6896896 -18.405087 -6.9280996 -11.218494 -4.8166375 -13.183285 2.538604 -9.448003 -2.473501 4.272263 -0.21931352 
-417.97293 129.65549 21.76155 33.396194 10.984484 9.827857 -2.0792832 12.4193535 -9.640462 4.7603703 -14.655256 2.7783904 -4.416926 4.718026 -7.416871 4.0147824 -12.7532215 1.2452363 -9.571548 0.101658896 
-425.45303 135.11711 20.772316 35.50959 9.611172 11.01646 -3.7170613 15.549076 -9.172047 8.427006 -12.984337 2.2626152 -4.6292415 -0.05839793 -10.831678 5.4707813 -15.1908455 1.3664227 -10.213768 -1.0021129 
-430.06076 141.74298 16.431437 34.43965 6.676249 8.428517 -5.829424 13.824995 -9.2637005 6.219164 -13.755247 0.1620814 -7.516828 -2.717361 -8.760453 8.960351 -10.350301 5.0670595 -11.493395 1.5413561 
-426.16727 136.72162 19.355816 36.88045 11.201359 8.76915 -3.0524487 14.333354 -11.241028 6.993597 -10.393994 2.371485 -8.078869 -0.042214103 -10.422658 5.8721867 -12.674731 3.1612332 -9.736253 -1.6241245 
-353.25348 70.08977 33.85734 34.254784 9.35514 21.249865 -17.5917 24.049644 -18.619877 6.8222437 -8.436207 -0.41294384 -2.5300093 5.980459 -19.581825 14.366869 -12.476082 6.265993 -10.267513 4.823248 
-347.61313 118.51416 33.239353 51.312866 14.414849 -6.423832 -17.533495 8.870948 -29.894073 -6.2032795 -18.900928 -4.107394 -11.156047 0.25978178 -10.920698 4.9790134 -6.8428864 6.8685584 -14.596181 -8.05745 
-278.458 91.29171 0.30833563 31.227665 -1.1122203 7.8864307 -19.557632 9.932778 -26.740448 13.614098 -13.906514 -1.3733153 1.6163116 8.760206 -12.325314 4.06324 -14.255596 -0.96301335 -18.073952 -1.3919123 
-287.05197 123.83428 -3.7506845 36.93906 22.09866 -9.777305 -16.132717 -10.909646 -25.006796 2.4596548 -23.104689 -3.1379309 -3.425792 11.846434 -5.86854 2.413704 0.0128829945 -2.0858045 -17.121613 -1.7722371 
-308.42618 96.418144 15.550629 62.356915 20.728477 -2.3356142 -24.35637 10.526452 -23.05858 -5.9528923 -21.397186 -5.8660264 -1.6825148 11.779339 -16.538502 8.276854 -0.027722465 0.46385786 -15.895089 1.77191 
-326.56958 108.521515 2.7362628 31.803719 19.37776 16.998987 -16.279045 13.928344 -19.124207 4.2028966 -11.883619 -6.980699 -6.1162653 7.740098 -9.8949 0.44657168 -4.7166953 0.10561148 -12.200196 -2.0613394 
-354.3387 151.5453 6.6126013 14.771519 7.673655 16.705793 -2.6525521 -1.2965099 -18.811012 -0.3009641 -14.2565 5.053808 -5.9132705 -2.7104867 -1.844523 0.07657419 -9.314489 -4.0603447 -4.483945 -9.073747 
-385.427 144.18712 20.674154 27.528519 13.579295 11.918247 -4.56146 4.7845798 -16.87016 -1.4027505 -10.025372 -2.4324117 -8.2502165 -2.4831324 -6.946095 2.5029488 -8.7572775 0.21845709 -9.533012 -2.2774305 
-392.55255 143.03658 23.23272 31.855974 6.2854896 11.758392 -8.808167 2.4275577 -23.89029 -4.8004894 -17.709393 0.18225797 -3.4782934 3.0353556 -8.005055 7.0508046 -7.4278584 1.2338519 -11.306198 -6.5306478 
-401.2747 144.76077 21.65205 35.747387 5.038546 4.64681 -4.0375495 9.938465 -18.111544 3.4943922 -13.945864 3.8785646 -11.703443 5.3012457 -12.617851 -1.8083382 -5.5355535 -0.9551772 -8.409822 -4.6298294 
-383.85522 128.6597 11.381315 31.662546 19.171616 14.878147 -19.308496 9.028086 -15.452825 8.319739 -12.45652 -1.4331046 -10.563963 9.259261 -9.460399 -0.19881333 -7.7738104 2.0586853 -8.290562 -4.007411 
-420.96655 130.37863 19.55107 36.037624 12.887247 12.329394 -3.1295993 14.331364 -7.148781 6.4536953 -13.315639 2.9587526 -8.71162 -0.86834174 -8.293706 0.030237833 -11.401829 3.9351888 -11.590263 -0.37360975 
-408.03394 120.45717 17.053802 32.869587 8.931266 16.129036 -7.4040356 14.833866 -14.61581 9.412429 -11.890147 0.5338677 -10.910176 7.706521 -11.015333 6.083291 -10.983839 -0.5529164 -11.890723 2.687231 
-424.30084 132.15318 17.425716 38.211235 11.697952 14.229714 -5.682903 12.015082 -13.7810755 9.4004 -12.365182 2.2197206 -5.868587 3.7674742 -3.2515457 9.023586 -7.527357 1.272786 -10.081556 2.2915547 
-424.37064 134.16943 15.972359 35.27632 9.08181 14.658994 -5.8882747 10.693889 -9.132433 4.193789 -11.656812 -0.17158937 -10.148152 -0.3839512 -8.502119 3.5712628 -6.6524324 5.038524 -9.165488 1.9101065 
