-363.5244 175.82675 46.558132 31.208242 3.768341 -16.115536 -20.750399 -16.733292 -18.35413 -7.860796 -6.6485906 -7.6204715 -1.8573219 -1.164284 -4.3605046 -1.1921179 0.8173323 -3.6339633 -5.4796033 -2.5985997 
-304.552 162.7058 34.97701 13.367207 6.513799 -15.526918 -10.91992 -17.440409 -21.478123 -9.644457 -11.079013 -3.220946 0.916735 -6.249565 -10.019674 6.2748566 -4.4821568 -7.5607276 -6.1118107 -4.7486634 
-299.35535 106.88565 40.5423 32.893223 12.877662 10.045756 -8.897933 -4.9584794 -19.687653 -6.336715 -9.431156 1.7420635 -9.485391 -3.7360404 -11.644744 1.2547276 -9.163474 -3.717737 -9.624966 -1.4195632 
-315.4191 79.69234 34.309315 37.545578 17.33391 20.987404 2.7541497 8.881076 -5.9097633 -0.5813124 -14.77654 -3.6624255 -16.371151 -3.9281027 -12.638137 0.9780303 -9.344868 -4.1572657 -11.163395 0.25004715 
-314.22986 72.28901 38.512253 30.938053 13.91946 19.754732 -9.549702 -7.669561 -19.048014 -2.3280811 -8.954985 -2.675147 -17.864721 -1.8788346 -7.7595882 8.425234 -2.039496 -3.03512 -10.787441 -0.5352135 
-328.00433 108.60937 31.924599 42.997295 15.854941 19.08831 -11.130803 -11.676189 -17.305426 -1.8990163 -14.047504 -12.303267 -20.304258 0.27967292 0.30864736 6.8033915 -8.94196 -4.2330065 -1.5459733 -0.13943872 
-344.69104 59.021225 51.176163 36.000996 -4.8631372 25.492785 -6.3050427 -2.126847 -5.2655334 -5.8765965 -14.436881 -1.562716 -12.978521 1.8257688 -7.704588 -0.53419393 -12.161743 -2.903167 -0.73255736 -0.3452666 
-345.99988 124.202866 35.487007 25.046745 8.322431 21.431606 -2.9190078 -5.3443823 -20.078222 -10.313954 -22.630785 -10.887689 -14.0233345 4.101637 1.0675367 6.2680483 -16.773695 -7.4190845 -3.3426623 -3.4045658 
-311.12048 108.1826 20.274605 16.175066 3.5802011 10.963663 -12.921267 4.404935 -11.102717 2.687227 -3.1192331 9.832935 -9.18478 -2.6631892 -7.378102 6.102734 -8.081683 -3.383457 -7.7298837 2.425813 
-315.0465 128.32367 49.312733 27.315495 7.97008 8.47986 -20.264044 -15.802775 -23.454657 -9.060371 -12.042217 1.6823456 -9.509069 -0.7481862 -7.645475 8.366996 0.901392 3.224497 -5.772405 0.29112503 
-323.57788 125.577774 39.638634 23.033024 1.8698245 6.2573967 -11.723764 -5.188754 -14.1915 -0.7257505 -1.3037907 10.496324 -7.280035 -1.1982032 -11.484009 -1.5032332 -9.9053 -0.2596802 -7.104735 2.613538 
-320.32727 112.80399 37.13235 23.013767 15.228054 14.896898 -20.038282 -19.047924 -11.938954 0.09069388 -7.443865 -1.5178316 -8.099565 -1.5545654 -6.2340536 5.3410864 -9.1817255 -4.1803827 0.9760798 4.689413 
-368.1173 139.10248 37.57806 31.61558 28.497917 11.752684 -16.277931 -10.372909 -17.62076 -2.093249 -14.735816 -4.9128933 -7.8313274 5.5777445 -3.7886903 1.6870046 -11.091541 -1.8625221 -1.7879579 0.97314286 
-346.9655 127.34293 58.99355 33.976578 5.1736503 1.6663823 -12.452129 -5.643606 -16.12851 -9.993275 -12.777058 0.8076655 -3.5759668 4.2732544 -3.84892 3.9579573 -9.739376 -4.7190456 -8.510724 1.0495235 
-370.52393 136.77094 42.518402 39.390755 30.986498 5.989392 -17.869137 -7.694297 -12.483086 -6.181282 -13.717466 -6.659817 -8.75386 6.179738 -5.9818764 0.0943391 -9.503216 -3.350624 -4.2855334 -6.249864 
-341.93768 128.23145 44.873665 33.40399 18.946787 10.948887 -15.716971 -8.227144 -15.693392 -4.5488696 -7.4342465 4.1017604 -8.411005 1.9806192 -6.4806967 -0.6555938 -12.10459 -0.75932175 -7.2602787 -2.817299 
-344.4569 141.08192 45.365562 17.175604 -16.277609 -1.560244 -13.362479 7.7068973 -4.5128093 4.8941107 -5.7316895 5.8108926 -8.1376915 -4.0065928 -11.658352 1.1375308 -11.309889 -0.11912918 -6.0313616 1.8670924 
-313.40933 127.60593 42.504524 19.602308 -12.475103 0.70328736 -10.780822 -0.8806708 -13.735413 -3.8732991 -3.1947975 8.294988 0.9563818 4.0875616 -6.064987 0.75713193 -8.494903 -6.610998 -7.5312414 -1.8652886 
-333.62915 116.56388 28.040789 34.102608 7.4086227 8.255941 -18.709982 -7.652637 -14.133359 1.897441 -10.137489 4.4094777 -4.413721 1.9664803 -6.201412 5.867312 -7.653545 -3.8747952 -2.846743 -0.71055245 
-312.96417 92.48732 35.487656 14.120309 3.3116941 23.244053 -6.6438065 0.8221968 -10.5493355 -0.37473622 -8.988815 8.373511 -6.9709578 3.7963617 -10.209878 4.2913146 -1.8957163 2.5026898 -3.8704882 1.4630429 
-374.089 118.81142 37.3594 31.20793 18.071198 21.709282 -7.6877575 2.4913354 -11.322501 -7.429426 -13.680045 -2.8992298 -11.865659 2.9238503 -8.05201 4.544186 -6.0473514 2.434753 -2.7188928 -0.44402444 
-424.20016 113.78179 26.79708 29.348131 16.87684 20.952913 -9.963185 0.22471084 -7.9421396 -0.93642277 -12.257911 -0.40176773 -5.2595634 4.912173 -9.148794 1.002434 -6.3988247 2.0672302 -4.490164 1.9073364 
-428.32785 106.69702 27.469643 24.540394 10.0283165 20.733608 -8.317463 4.056887 -1.9217317 9.651647 -5.330566 -0.005784353 -12.345438 2.5510855 -9.543043 1.0871953 -8.488178 -0.96661896 -3.3508556 3.17337 
-292.02606 166.9544 14.780809 13.720796 12.169359 2.6683412 -32.06998 -24.525764 -15.062365 2.436488 1.4336807 2.9608903 -15.803463 -6.599487 -8.433087 3.1888368 -4.5106325 -1.0806522 -3.7879906 1.9405789 
-371.37213 140.5277 40.893326 42.177628 24.857529 13.64669 -12.443811 -13.812458 -18.13746 -8.640025 -15.3607025 -4.1162477 -12.957443 2.616379 -4.260384 5.1909566 -0.4399795 0.7628555 -5.7228394 3.6321979 
-310.21625 117.05843 46.240746 23.126818 -6.566084 8.074233 -19.40712 -12.986391 -20.447124 -7.964941 -5.6088114 15.797056 -3.5583844 5.7650123 -3.9285498 4.686948 -5.184615 -3.5462067 -9.950653 0.099261865 
-351.50076 63.98767 21.787321 57.183987 5.876291 16.3959 -14.217902 1.430433 -14.774885 0.17362553 -14.2093 -0.23983264 -4.382198 2.9840326 -8.943746 5.4924817 -6.8368196 -5.813885 -4.2240744 -2.011197 
-373.67432 144.96228 -6.301342 20.83562 22.83631 9.583335 -26.652336 -11.784705 -4.8637304 14.737766 4.527428 9.196483 -8.792015 -3.5904608 -12.195957 4.494222 -9.087788 -4.937425 -10.457069 6.313308 
-344.94904 161.68016 31.017796 12.728686 -10.500419 -6.706458 -11.851116 -2.7265959 -6.153911 6.658087 0.56648827 3.080915 -9.014263 -2.442922 -10.421774 1.2945205 -6.2130527 2.8642154 -4.8925877 -1.8835468 
-356.17673 132.82712 25.601986 29.006155 8.2354555 11.990249 -2.79042 1.1483966 -13.235138 -0.88688785 -7.681465 3.5320096 -5.813285 1.4077897 -8.482453 1.8067114 -7.257903 -6.1507854 -9.308141 -1.3397863 
-307.17963 173.05142 -4.7775474 4.8042 7.8935947 -2.258129 -24.262625 -7.985684 -11.209052 10.311588 11.532371 16.547813 -13.84658 -12.881327 -10.187913 4.460922 -8.40249 -4.634247 -5.579996 -2.229295 
-399.2648 151.587 40.69538 34.76331 22.88637 5.269843 -15.917744 -1.1249017 -9.652508 -8.48551 -12.206578 0.7325035 -4.758518 -1.1394362 -5.7079635 -1.6558906 -6.4405947 -2.012874 -10.616264 -6.68386 
-348.58524 115.432755 15.879985 38.403404 23.145033 13.738499 -11.35339 -0.91069627 -7.4863944 -4.1210427 -16.872297 -5.3403964 -11.80281 2.9141498 -4.6751046 3.9593115 -7.3058004 0.8921706 -0.15740459 -0.4806545 
-359.17776 144.43472 38.869503 34.329216 21.041784 10.8627825 -15.853583 -12.159732 -21.04714 -10.19778 -13.939671 -4.86294 -8.704497 2.6535869 -6.4412746 3.5633588 -8.538606 -1.6281161 -5.777522 -1.8456521 
-327.247 159.71544 37.14894 9.126295 -16.608665 -8.55582 -9.819461 5.8955903 -17.381445 -9.557166 -2.722575 12.155679 3.958592 6.2928157 -5.154174 -5.0496845 -15.286152 -6.1759276 -8.98344 0.0021480455 
-387.533 139.13492 36.029037 10.2505245 -23.63725 -0.8052809 -13.607052 4.07006 -3.7229266 11.403148 -0.09864245 7.6267123 -9.732976 -3.2921324 -12.924127 -0.15765747 -11.327936 1.3410616 -5.486307 3.1198823 
-420.96735 122.210655 39.53037 18.736252 -3.6218584 5.6388974 -7.3108826 7.9370966 -2.7088695 15.199321 -0.9822877 6.901972 -13.219173 0.6083141 -8.790807 -1.68741 -12.216444 -2.1912193 -9.440738 -4.094198 
-385.83893 119.10758 21.332993 21.875557 12.026757 15.182794 -3.5627594 3.9181197 -8.01357 5.57136 -11.462121 1.2836347 -11.404993 3.4010763 -3.7882605 3.4249885 -6.042307 -1.4223524 -7.7245703 -3.3843555 
-308.2493 158.79242 26.760788 12.547269 -8.648973 -1.7293811 -15.269072 -2.314979 -14.054826 -0.041022617 -1.8436854 7.8038654 -6.0738626 -1.2435633 -7.683015 1.1608615 -7.016206 -3.5133915 -3.949542 0.25750014 
-277.7993 111.10903 11.7213 -2.091184 10.625902 14.917082 -19.160519 -10.120812 -16.369865 7.4680905 8.922816 13.584334 -2.5367105 -2.2423253 -11.965199 -1.6136466 -6.0945086 -2.4670327 -10.753747 0.3643959 
-266.94238 102.0667 26.516441 -17.008549 2.0266511 5.8822575 -18.40118 1.2044694 -16.6682 6.5764875 5.2004423 7.0805206 -11.344155 -5.745003 -10.958869 0.17537324 -5.9813623 3.9108043 -7.9419565 -1.8255332 
-368.5525 151.99202 42.7555 19.300228 14.328334 7.6621127 -18.120935 -8.565103 -9.632969 -1.1065422 -1.3769307 6.5983443 -8.6674385 -8.524766 -14.185012 -3.1916392 -7.8147635 0.7455127 -6.2773724 1.5572022 
-356.3548 170.98677 45.605675 24.89424 2.7936237 -6.8555584 -18.496138 -1.2625824 -11.36149 -5.67598 -4.398934 0.7243313 -6.0489817 -1.690434 -9.414924 -0.54419464 -4.9089074 -1.6361969 -6.1422305 -2.4628131 
-373.95544 135.89264 32.941204 26.666405 16.203672 14.0081215 -6.448904 -0.50377274 -7.8945565 0.4809748 -11.25605 -4.174898 -9.814973 -2.205578 -10.602089 0.6438106 -7.3424816 -2.5810347 -6.1817727 -1.2001197 
-377.40698 178.88055 47.311733 5.4518595 -10.578458 -7.5442944 -17.667048 4.993927 -11.322224 -6.157084 0.3836494 10.13372 -4.3805013 -3.8070602 -9.035726 -5.832915 -7.113203 0.82138324 -3.528109 0.8845987 
-345.82028 119.8101 34.536068 27.011852 -8.88915 4.2122946 -14.468998 -1.775372 -7.6707406 1.3235092 -9.611519 0.2081272 -8.008903 3.033107 -3.5109456 7.8198953 -1.7793405 1.383827 -9.469749 0.27525604 
-395.35046 116.40682 54.039806 39.722507 17.997608 17.002327 -11.001874 -2.920158 -10.916473 -2.8087156 -12.675288 -2.155598 -9.904221 -0.9918266 -12.220805 2.4314709 -6.525258 -0.3659917 -9.634962 -3.277078 
-406.1046 129.77179 33.85077 30.425999 26.555273 20.320473 -18.803793 -9.557163 -13.450372 -3.6466968 -10.115239 -4.1197863 -8.461496 -0.6769297 -3.8233175 10.618142 -5.709413 -2.8388286 -6.894178 1.1018785 
-424.0565 104.096596 37.604256 37.98655 22.372704 22.308722 -7.312187 7.528326 -0.8682032 -2.8467112 -22.276388 -5.6933465 -12.582735 -0.20069745 -13.658138 3.5485587 -7.8241434 0.42124218 -10.966217 -2.2373183 
-360.7253 89.47213 39.630302 29.913364 13.582962 17.931292 -15.576176 -7.548476 -10.443531 -0.94103074 -11.116517 -3.7851377 -15.416728 1.9126906 -7.185757 3.2198274 -5.69261 -4.17712 -3.6652641 8.386378 
-383.1703 100.545456 39.926437 42.254498 21.775616 15.542718 -14.81013 -1.2794337 -7.2686453 -2.3191206 -19.404 -6.844079 -8.942667 6.0634575 -6.4026303 2.8852532 -3.7246296 2.4977841 -5.9821644 1.2070663 
-374.79382 61.89298 30.490072 26.542662 5.099307 23.844345 -4.725542 7.3045044 -4.2112994 6.1685038 -12.247679 -2.366856 -10.027271 3.8150494 -8.892171 6.1474237 -6.7045403 3.1818504 -8.201533 1.6684371 
-345.52322 106.337456 58.666653 31.671425 2.7064161 12.273446 -13.516875 -6.565803 -17.771042 -2.9279406 -16.171175 -0.11926769 -12.052011 0.07042953 -9.637795 6.2527637 -3.9459343 -1.4806343 -9.555688 -1.439489 
-285.67993 119.230484 32.82106 10.166734 5.464739 17.331617 -22.750446 -14.674523 -10.430105 9.630571 6.2162967 14.339344 -7.6687717 -6.7243924 -14.078321 -1.2551366 -14.714336 -3.0941625 -8.057186 7.511793 
-293.4073 93.06139 49.326622 29.583574 2.514083 9.720612 -19.040007 -7.167004 -13.48637 -8.808824 -12.832834 -0.3821354 -9.162475 1.7039803 -6.3871365 5.18203 -3.3575037 1.8343847 -5.618644 2.9743938 
-333.24918 133.45856 31.445305 25.139328 20.139412 16.920359 -5.336332 -7.3322277 -16.402637 -4.6058226 -11.881528 -5.3438845 -11.407384 0.17693806 -8.027209 5.9604764 -2.6277618 2.2783458 -5.51232 0.06008498 
-312.73004 122.61937 35.440018 22.539238 25.19947 13.08602 -25.49373 -20.171532 -18.02852 -1.9199467 -10.645877 2.836845 -7.1601934 4.219613 -7.83471 9.697265 1.0844266 -2.053525 -10.123576 -2.5171137 
-290.60187 99.64335 40.76069 23.787678 13.924397 17.316692 -16.437126 -4.1601768 -11.397308 0.5742558 -10.313423 -2.4396331 -14.826359 2.063681 -8.1077385 2.8061934 -6.045104 1.8477232 -4.445679 -1.1223199 
-329.10492 121.12709 26.11263 6.923278 -0.6283828 15.224982 -6.78946 4.354903 -3.6976514 8.681067 -0.29127565 6.913649 -15.00333 -10.818395 -16.557838 6.346543 -3.7821054 3.5368598 -5.027117 3.9249988 
-384.8501 74.82815 33.25788 18.403465 3.1089222 24.081314 -4.6514482 1.6714437 -11.484022 3.399499 -7.995785 4.4666038 -10.299747 2.0076513 -12.169172 5.519746 -8.303795 0.54609364 -9.976379 1.4455069 
-397.31485 71.1826 35.613197 27.174862 4.964204 26.379877 0.64580935 3.2145085 -12.297444 1.4430455 -6.0937905 4.1371093 -10.692925 1.0357287 -13.064908 3.766048 -5.578558 3.527809 -8.218839 3.3940935 
-374.078 126.06658 39.17073 24.73551 5.5356884 2.7430182 -14.476384 0.7410605 -17.629879 -7.6270337 -1.1880921 13.107809 0.5938264 4.7300167 -6.8749175 1.504413 -11.602723 -0.84968495 -4.2333546 -0.5329627 
-335.63782 144.9249 40.311417 12.430452 3.9627898 1.2549121 -11.9885845 -10.422604 -29.606506 -13.990083 -1.1757418 15.458065 3.2571013 5.9924254 -2.612495 4.3701534 1.2240306 3.1400795 -6.0102887 -5.0441403 
-342.32965 137.73334 9.753201 17.484474 8.601079 15.451061 -5.2820334 5.849819 -6.2676826 -1.5024896 -9.462699 -1.7435356 -11.772251 0.1204157 -7.890882 -0.4836144 -6.091572 2.1818857 -5.1069207 3.4335308 
-414.2402 73.78381 34.507687 28.927067 8.738865 26.005789 1.513582 6.0754476 -2.268926 3.2284305 -14.339013 3.1559544 -10.487944 2.227099 -6.455846 5.9484396 -7.6489615 0.8871761 -8.1088 -1.4826143 
-359.32596 95.964386 25.440742 42.783005 22.614305 14.016871 -25.855255 -10.487357 -10.191885 -3.475207 -14.950045 -4.5032697 -8.895304 -0.09158782 -9.196446 -2.6273546 -5.0779552 -0.45348543 -5.894103 1.0366992 
-408.45035 115.34802 45.53859 37.268314 18.9984 16.152813 -5.021986 -1.6404885 -6.9338174 -8.679645 -15.795497 -4.7288504 -9.555869 -4.433232 -14.057052 0.2858609 -6.461275 -4.0528517 -7.913152 0.28713864 
-350.03174 87.505615 32.578316 43.77478 23.2566 20.43474 -22.094645 -10.967393 -11.0671425 -5.580279 -16.324055 -6.6732078 -17.28929 0.4667484 -6.7838106 0.20578194 -12.342042 2.2896206 -1.0527362 -4.0313973 
-352.49414 110.70156 52.90442 29.223293 10.824718 13.580094 -9.787589 -7.0371947 -10.268455 -3.3145194 -13.905521 -2.7473385 -12.999694 -0.8536035 -10.359718 1.6641032 -10.62383 -2.1354687 -5.866976 -0.40152788 
-373.29025 83.93952 41.48483 25.884224 2.8970518 17.181393 -7.935014 -2.0332348 -7.7757406 2.9227414 -13.47791 3.3078508 -9.040655 4.457714 -8.798485 4.309308 -6.356653 2.9954348 -9.672619 4.0644784 
-350.81418 99.80801 38.789547 36.212845 25.650482 20.844421 -20.942423 -12.749134 -17.257917 -6.7831216 -19.121992 1.3637351 -13.097514 5.253326 -5.8216357 9.300716 -6.0432467 3.104857 -8.095722 3.037396 
-346.54144 90.41977 47.017773 27.544525 17.75313 20.377127 -22.907522 -17.965633 -15.909229 -3.4564881 -11.760365 3.3447704 -9.138872 3.9077628 -5.991766 11.88552 2.3509881 -0.17139138 -5.8782563 0.8652063 
-354.25424 50.323524 50.508186 29.353472 15.031418 28.734785 -11.129687 1.8689033 -4.523783 0.77873665 -7.9640656 -3.277338 -16.631271 2.8187435 -15.160082 1.9204328 -7.515507 -4.130629 -3.1251025 7.7499485 
-356.59534 75.251915 37.161827 41.138073 12.556562 19.563932 -10.212472 -2.149674 -15.887824 -3.188009 -15.267855 -4.1775475 -14.169706 2.370461 -9.736864 6.6489778 -5.0778627 6.1195154 -4.120698 0.9826076 
-339.6296 93.56245 38.1176 31.096788 14.005375 16.673985 -7.4487185 -5.886133 -13.481031 -5.0072584 -16.320745 -0.6990919 -9.339733 -0.24321884 -11.163542 1.304412 -6.508586 0.7180177 -7.6391373 2.0111685 
-309.992 115.25082 45.90464 28.336565 5.198459 8.119234 -10.611147 -4.6217713 -12.339573 -5.6608634 -11.43786 2.3387089 -12.961155 -5.7800736 -10.859207 2.3914578 -9.542579 -5.8863688 -13.0375805 -3.9478006 
-307.28714 135.73799 37.68373 4.8254566 -13.672563 -1.5698873 -6.695481 0.5924974 -13.807222 -2.1769333 2.399605 10.955171 -14.152736 -8.74043 -12.846264 -0.9719445 -8.288151 3.1667454 -6.751591 -1.5728592 
-329.0032 120.45874 50.454945 28.156057 7.69006 12.880529 -13.506868 -10.814561 -27.649485 -9.280237 -14.503352 4.2567396 -6.7043805 1.4175446 -6.1085424 8.861885 -6.277006 -2.850716 -12.873109 -0.4851722 
-356.4537 112.40552 59.30369 28.001657 3.0257554 16.170637 -17.821712 -6.4689198 -15.694341 -7.476421 -6.514307 2.2721584 -6.1369095 8.1328 -7.9759955 5.354357 -6.4876695 0.36648676 -3.4909399 0.25893462 
-400.9563 107.5632 57.16362 34.90254 21.123121 32.824024 -9.059582 -5.9784994 -16.030527 -0.52349406 -4.9091434 -3.9419072 -18.767921 -2.8875155 -8.388891 5.080251 -8.417126 -4.037264 -6.9875097 3.2212646 
-459.31467 107.82027 32.308132 34.49401 4.6017885 22.248882 -6.318084 14.5465355 -5.5984807 4.246374 -10.47326 2.0812187 -8.837667 -3.158643 -7.102043 5.969085 -6.795744 4.2315083 -8.277408 0.5532863 
-430.0102 94.36353 25.564432 27.645369 9.257264 21.421568 -5.6445026 11.059903 -6.14905 1.0122781 -11.262531 3.42294 -8.457323 1.4745603 -7.119837 3.8815472 -8.329417 3.003964 -5.60166 0.30024835 
-296.48065 113.735176 12.925175 34.9964 23.7291 4.660433 -27.856392 -19.371298 -20.733833 5.401912 -3.9025557 -3.992273 -7.7792187 3.3550985 -6.30342 3.8931477 -10.1514 -6.0927553 1.3010039 -2.57773 
-320.78094 145.89557 22.318811 21.47988 11.751268 17.180788 -19.897896 -18.438318 -22.11201 0.41142642 -3.4684458 6.491856 -9.684187 -5.974349 -14.69645 6.127233 -5.302539 -6.4258294 -15.338689 0.4933725 
-459.5874 111.59434 34.785362 30.19829 10.458264 21.204865 -0.08667305 12.547843 -1.484406 4.3679676 -10.277035 4.3681993 -8.983223 1.5870662 -10.772617 1.2482992 -7.4098597 2.224597 -7.3331046 2.6006925 
-431.7461 122.750824 27.01475 20.241014 12.856553 16.178476 -6.1684647 2.9337807 -5.167396 2.794646 -4.009157 2.1923885 -5.1539454 -4.236961 -10.714944 0.48165327 -7.1577015 -0.62657696 -7.3266244 -0.30227143 
-314.51178 137.2175 3.6984677 1.2888595 -6.2089596 -4.8519645 -14.699437 1.8580424 0.61149925 6.366963 6.3452277 12.35754 -12.72786 -10.946181 -13.796055 -0.87778735 -4.065608 -1.7971365 -2.8204718 -3.2285566 
-367.40106 113.138145 26.770275 35.491722 13.2079735 0.9929759 -23.175655 -3.326176 -12.70707 -5.00564 -9.636483 1.0606276 -2.5556772 4.125265 -5.5542045 6.148693 -2.199224 -4.1101227 -8.246031 0.65803087 
-350.38608 160.06204 7.111388 7.499781 30.229933 12.436727 -12.791088 -18.961174 -12.943474 -0.680947 -5.886173 5.210016 -6.989048 -14.911074 -14.446026 3.6198225 -11.488218 -15.21022 -9.0761 7.975492 
-382.3654 149.06407 64.70681 45.52575 -6.6757665 -5.0850644 -12.3005705 -13.50446 -15.4130335 -9.817918 -14.864347 -2.192122 -16.774868 2.453789 -3.7610707 5.1674113 -1.0234559 6.1377645 -4.041889 -4.287685 
-363.38803 66.13052 34.008442 51.065243 12.61418 16.212162 -10.478754 -1.4304001 -6.2660604 -1.6855578 -10.08788 1.9075584 -14.064037 1.9895439 -9.509122 2.5129077 -0.21655075 -1.4416265 -1.6572005 -2.5700433 
-386.34656 130.56255 34.734425 39.679817 26.063953 13.468601 -8.68525 0.088091955 -8.094181 -5.1635075 -6.2457247 -3.3081949 -6.53948 -0.058251545 -9.138588 2.028677 -8.524805 -3.8860538 -7.568018 -4.5928 
-359.5912 90.51312 25.517416 41.79361 34.379375 16.736525 -14.4968195 2.9818304 0.81209713 -6.3829255 -19.395084 -1.3196405 -12.262308 -2.6303113 -13.853412 -2.888877 -8.07729 -1.2607939 -8.272843 2.5569632 
-381.83124 141.31096 44.960915 27.452253 28.040083 4.7534785 -18.735073 -3.113248 -9.55506 -0.13298066 -13.937672 2.564134 -10.4536085 -1.7393848 -12.777184 -2.735329 -7.982851 -1.7876699 -6.153143 -1.7893702 
-364.206 162.79156 49.73714 10.346025 -12.694185 -0.35551083 -17.75934 -0.21523221 -7.1776834 -5.1379375 0.60325116 7.49428 -1.7619455 -1.7892947 -6.3006096 -1.071681 -4.729761 -5.442789 -8.005033 5.4954967 
-347.04773 142.09033 34.086365 23.123377 5.597289 7.5504785 -11.062729 -11.029703 -7.9017334 0.9272283 -4.462198 6.130678 -5.9445353 -1.627858 -10.916158 2.4907255 -4.348361 -3.3670206 -9.983959 -1.0099235 
-396.5625 150.61049 47.532883 25.9442 3.5380332 5.660013 -14.175826 -11.762124 -9.23554 1.146996 -5.768215 0.85956615 -6.254071 1.5801456 -4.787734 7.0308332 2.3972702 -3.1677506 -5.0409045 3.881219 
-384.7459 141.18552 19.415806 24.479298 9.143998 8.899139 -9.142719 -5.5346737 -15.884565 -2.0344946 -9.114749 -2.839635 -6.688791 6.690348 0.04037237 8.610548 -2.6949341 -3.3860943 -7.680285 2.398431 
-396.09265 97.72635 22.585045 51.735012 -0.8343815 10.553885 -5.396047 11.179239 -9.703959 3.8542776 -14.367983 -5.5012293 -10.824377 4.861039 -8.121014 4.5750647 -6.7000074 -6.56739 -3.4913874 4.805915 
-467.79764 129.57805 43.43213 19.80648 8.701426 20.824749 -7.4833474 6.8261657 -7.9043894 8.259928 -7.0992384 3.7932363 -7.48085 1.3376555 -9.949393 0.71171415 -3.9824474 -2.0837152 -8.420516 2.7165842 
-471.39243 135.73785 19.647577 18.746069 6.6222076 22.852066 -2.604157 6.440504 -7.904943 5.0776076 -3.7145953 3.2638736 -10.013373 -1.529373 -9.365581 5.9718456 -3.557423 0.4356537 -10.063931 3.3919473 
-399.3405 95.17456 22.824013 13.700516 5.579439 19.905619 -1.9804624 5.347256 -13.968952 -1.0757383 -6.92478 5.7396016 -7.430883 6.1173067 -12.292523 3.672231 -8.37235 5.5477376 -6.2324047 1.0717765 
-421.04282 100.09969 35.97037 31.898567 13.612482 23.008614 -9.225994 0.8847133 -15.258394 -3.568584 -13.344419 0.15657398 -10.148175 4.4515157 -3.8952205 12.030622 -6.103683 1.7495463 -4.8947377 4.883523 
