-338.7512 77.94124 57.063408 48.462498 17.858261 14.513042 -3.618064 -7.595339 -20.268877 9.687753 -27.55109 1.9516065 -5.983485 -8.737936 -3.4563265 -1.5128934 -14.1474905 12.944697 -15.483865 0.51135856 
-283.64664 95.28366 30.280422 72.2377 19.996744 -6.358766 -26.882446 0.4596049 -31.062971 7.260086 -38.677074 3.8060694 9.095458 -11.726864 -4.6242547 2.4733067 -7.438868 9.374648 -13.213111 -3.792233 
-308.7563 122.26507 25.401293 60.352932 25.881855 -5.5459933 -9.445187 6.094991 -38.291046 2.3672872 -29.79337 5.5912094 -8.920546 -12.105907 1.5658364 6.2343874 -4.272949 3.5409935 -1.989368 -5.532297 
-318.58875 20.732933 34.729393 56.33101 8.205201 17.023928 -11.642651 25.164165 -19.648243 15.607147 -21.46163 14.979336 -8.452902 0.9574697 -5.4693027 1.2405477 -1.1180441 7.0108356 -12.926132 3.7988825 
-323.32336 82.36499 51.36505 51.21283 22.87343 7.5164957 -12.843893 -4.2365627 -14.817781 4.7828693 -30.163893 11.443726 -10.79634 -4.4003353 -5.330053 -0.47280967 -13.087269 10.276864 -10.667583 -1.5538362 
-337.7339 151.43414 18.695896 70.40137 26.841263 -25.683481 -8.799463 7.4614606 -46.31365 3.958514 -29.996805 -3.837611 7.841612 -19.204123 4.3442507 3.4824505 -16.745268 5.174625 -7.7082553 -9.027499 
-354.99268 155.52742 27.20998 43.195305 15.758433 -12.303345 -12.584713 5.4659224 -23.359335 -1.1544195 -22.487469 -2.8170993 -2.5188532 -9.499091 5.6670947 1.7621896 -5.0955677 2.1733568 -2.8306253 -2.6431725 
-308.1685 157.06451 12.701043 34.93087 -2.5579438 2.209031 -5.524589 -0.25539505 -13.944605 6.2658744 -6.7660728 5.9061837 -11.453739 -12.284512 -5.3644233 -11.317349 -5.505976 5.434927 -9.388801 1.9256123 
-304.4916 130.97081 21.382734 17.98021 14.81464 23.404606 -22.414072 -5.8000402 -15.292484 5.6204615 -10.231788 5.7677755 -18.914986 -3.345696 1.1445506 -0.82617813 -4.142412 5.1617184 -11.549597 4.2792673 
-293.35455 83.256065 60.498367 44.52686 7.202267 25.7452 -16.285988 -10.573642 -22.08198 0.64810896 -26.608784 10.183644 -17.777256 1.5872362 6.704874 -0.09357553 -6.9359713 18.518175 -13.604785 8.604271 
-298.77844 114.187256 27.19321 59.927414 26.32571 -3.2827382 -23.585083 -13.966853 -25.270931 13.144945 -23.009378 -1.0172887 -6.9226594 7.9204288 6.5832233 -5.1248717 -15.94489 15.821584 -17.46066 -3.4767025 
-291.6681 39.571087 32.990513 76.12117 10.548023 0.31007767 -30.028708 22.535364 -29.690443 12.571202 -33.53162 12.151742 -2.095788 -2.911458 -1.4137985 -0.6556373 -4.0111775 12.881328 -23.436377 3.5321684 
-342.25745 101.74246 18.018496 82.40866 35.823452 1.346245 -28.854628 18.96747 -29.227827 0.81302315 -39.963455 2.334148 4.8895936 -8.07146 -1.3340882 2.2119598 -1.7480179 11.817651 -11.047612 -1.8982455 
-320.41122 68.9934 32.172626 80.54419 7.340693 0.63547945 -6.4167995 16.219133 -20.429573 5.6088853 -36.300537 8.733241 -2.192515 -16.808556 -1.7235351 2.6335428 -12.883015 4.5687213 -15.701082 12.890133 
-316.41214 134.32617 -10.120197 84.7306 34.989532 -27.000984 -11.951149 -1.7446417 -22.13449 -1.1743298 -38.952663 1.8938005 7.7832685 -13.713233 -0.22937118 8.412082 -6.1619506 14.381572 -14.38923 0.26781783 
-378.8942 151.82553 16.526852 27.388285 11.163982 10.316888 -12.054668 0.08118311 -9.997684 0.7574628 -15.108163 -8.010414 -13.337193 -5.2862377 -1.3304636 2.7193778 -10.034498 3.955905 -4.454264 -0.21552055 
-329.8168 143.67592 10.774189 54.730026 27.758896 -2.3100739 -10.6962185 -20.2086 -24.208458 -2.7956555 -12.629961 -3.988885 -18.927284 3.2611296 4.751131 -8.333236 -7.533144 3.9674366 -15.986043 -2.3511975 
-401.05203 157.67169 21.848793 55.394363 35.00092 8.772493 2.7011137 4.335035 -15.103402 -10.2563095 -11.642004 -7.5269394 -9.854892 -14.378023 -6.487197 0.7202973 -14.790115 -4.7848334 -3.8329272 -9.547769 
-433.61462 136.12755 22.940378 40.63328 19.427551 22.798752 -12.582103 11.016289 -2.8551176 5.4107456 -11.344413 -3.2793055 -8.837434 -2.1378992 -7.6300898 -5.207409 -9.726999 6.5471206 -7.3559093 -0.51636416 
-436.05167 123.19198 4.7775173 46.405716 15.56228 28.532467 -22.693417 7.1501355 -0.58328366 11.546951 -17.820309 4.492594 -6.8705745 -2.1764205 1.6379135 0.77380383 -11.647748 12.756092 -12.483307 -1.155816 
-400.5182 61.58947 51.802475 32.96092 9.574132 25.325417 -5.4124513 10.8572 -2.1455767 7.321642 -19.35125 10.75798 -6.898551 -5.3614106 -2.8739476 2.1411674 -14.495612 8.52064 -16.387177 7.5953937 
-237.488 81.74807 38.640823 43.26811 21.922855 12.523587 -20.125671 -8.84385 -38.584946 5.122467 -27.20356 6.9484544 -5.4760966 -10.628854 0.26778966 -1.6974903 -17.653425 13.5484295 -8.400096 -2.245118 
-231.9856 99.43944 16.54829 48.376003 22.07143 -9.888124 -29.925585 -10.6422825 -20.610804 8.891268 -21.4655 10.397639 -5.143791 -2.7653964 -0.11110931 -1.9819074 -11.974621 9.220186 -10.26491 0.6845331 
-296.04016 132.7003 4.320378 55.20029 17.202589 -9.851406 -21.562096 1.0356576 -23.21305 11.577722 -14.394316 1.1235026 -8.881881 1.0306764 0.4441936 -16.986546 -8.102047 -2.5172894 -13.537792 -2.8598819 
-323.96738 72.45684 43.519012 76.33628 16.542122 7.946551 -30.709743 6.518252 -24.434557 7.486796 -33.21452 6.5709553 -2.4343793 -4.6468863 -4.8345127 -8.958558 2.2079432 7.1050997 -15.862474 -3.653655 
-297.67435 115.73344 17.867018 53.33341 3.0638425 -3.1725223 -27.335712 4.175562 -26.522228 9.140409 -4.0925403 14.804879 -11.750866 -12.49764 -8.081071 -11.145985 -14.012753 6.789732 -10.736108 -3.7864368 
-360.43362 165.39767 25.091923 48.932304 9.830248 -9.281002 -12.85939 -9.346232 -33.26439 -2.9238107 -4.80623 13.861991 -13.013236 -1.9239033 -0.60967416 -9.515763 -8.089927 3.435841 -8.831497 2.930316 
-330.1911 98.364716 27.415731 80.23002 17.461391 1.0546727 -10.0512705 0.45128304 -14.470537 2.5295668 -31.996023 9.153963 -4.9906154 -10.778961 -2.1694689 0.21314189 -3.0278976 9.4251375 -15.244644 13.002026 
-336.4089 124.586655 4.115792 29.67382 17.018501 13.730534 -22.041899 -1.5784904 -5.3178563 6.815813 -17.383457 3.703828 -11.022009 -5.1042933 0.020875825 7.0818777 -6.693098 6.78346 -3.7538977 4.752099 
-372.99158 156.28719 19.929491 40.08743 15.276982 16.988852 -13.682215 -12.21797 -26.940554 -3.4728668 -8.995959 4.030958 -9.630962 -1.4041468 1.3742602 8.287724 -4.1842856 4.6701035 -10.513982 4.5972285 
-325.34143 171.77873 12.092363 29.647888 -15.603049 -5.5138807 1.0694292 -0.03115315 -14.014051 15.643127 -11.443721 12.267561 -2.5111856 -11.857355 -12.331636 -5.401614 -8.015119 -1.3281314 -6.892875 5.0208764 
-286.90796 112.61779 39.464226 40.30394 -6.310481 4.128144 -7.7544928 -14.265503 -19.961267 8.0474615 -20.705873 8.094866 0.25762245 -8.448856 4.7686334 2.1085844 -10.391295 2.2842453 -19.856358 0.21430376 
-313.82556 118.38691 55.13282 39.040447 -14.016547 -2.056584 0.6229128 -12.601364 -37.97204 1.4176373 -35.038754 10.565842 7.973586 -1.8439445 0.90023446 2.7065485 -9.512773 5.7293262 -13.822191 0.022524834 
-332.75934 154.8241 14.906479 61.92505 20.368633 -7.7132893 -5.6153207 -25.093073 -21.59445 -0.118669085 -16.254982 -0.31229147 -6.7936087 -5.9256063 -2.3948016 -6.485607 -8.517352 1.4501967 -12.414723 -0.91894424 
-358.10077 164.03563 12.447112 34.4171 8.215946 13.984058 -13.2243395 -8.215235 -15.247726 7.5766296 -6.1376166 8.703243 -8.692682 -13.518082 -3.5860949 -7.5370865 -8.724628 3.2915442 -10.011981 -0.5882199 
-340.27118 131.29546 24.721964 39.97727 14.82064 19.479439 -25.090698 -13.567088 -26.293337 0.6545811 -11.925815 8.062793 -16.358482 1.4149725 9.131385 2.406621 -4.551572 3.2566502 -14.49506 6.965479 
-293.3025 90.54171 43.36004 43.107403 5.4923854 12.433649 -14.439034 -6.959888 -23.154438 -0.55101436 -27.89142 12.374888 -11.522975 1.293221 0.8948592 2.9185228 -5.5891376 14.374888 -10.810429 4.084776 
-306.26828 82.18983 38.57473 55.242725 3.23352 7.0432305 -16.359135 5.3599567 -15.257453 8.6805 -28.073673 10.88257 -5.112528 -8.674098 -2.7422578 2.6529772 -7.4910226 10.883342 -13.94868 5.884878 
-362.3982 184.53456 16.802322 42.86291 12.637288 -16.67567 -10.571262 3.8767695 -25.0682 -12.196059 -1.7115786 11.835751 -0.99215573 -3.5565372 -2.2686045 -7.0880594 -14.86103 0.010963652 -4.213074 -6.343191 
-359.5023 176.53368 11.362839 51.93859 7.885425 -10.059176 -8.578792 -10.648985 -29.337233 6.056865 2.5200624 5.614456 -6.0637655 5.1220007 -1.9862531 -10.35568 -6.872703 -1.7804807 -13.01926 5.5388412 
-350.7838 68.43503 69.05905 36.35392 -18.406769 18.57711 -9.28268 -2.6379662 -3.4963684 7.5892215 -28.177582 19.963835 -9.917538 4.279195 4.264867 2.4600432 -1.876539 4.6506586 -15.859324 6.562958 
-363.55176 81.3468 56.21645 57.089592 11.474796 30.500427 -14.765706 -0.52332014 -7.3287497 3.5077844 -31.682892 5.71155 -16.900188 3.769185 -0.8826649 -11.413883 -8.49496 11.365723 -13.215169 5.210232 
-419.921 136.76178 32.465958 37.201862 5.2695603 23.479242 -6.8081093 14.900272 -4.34252 5.732946 -15.973338 1.4777808 -13.541783 0.7345982 -9.152244 -4.419799 -10.205319 4.5565424 -10.122848 7.9203253 
-326.67828 101.2021 28.749674 58.697807 11.587305 1.8321675 -20.677076 12.634652 -15.771437 -3.9496465 -27.672903 5.418902 -14.3512745 -4.264702 -11.282191 6.832373 -7.082601 2.5812008 -7.2535105 9.027447 
-353.0462 158.19019 -20.774996 60.335163 4.02967 -13.64962 -19.991463 -12.665105 -2.4006848 17.160301 -7.9661374 17.184883 -10.841736 -1.5691777 1.1928802 -11.198061 -6.699013 8.599804 -7.680881 2.301207 
-394.6596 104.226746 47.52361 33.121384 21.378584 13.463052 -18.403294 7.0100336 -8.922124 6.844105 -17.514244 4.181075 -2.7445202 4.16591 -3.1891894 0.8420854 -10.796232 9.334678 -12.216167 4.9430885 
-417.2879 171.51535 12.880746 41.69514 12.490239 -0.050899822 -8.575384 2.4662962 -23.018074 10.070873 -0.07422066 7.0943737 -9.405265 -3.6708157 -8.990075 -5.0716763 -18.310923 1.6274714 -7.120119 2.0856345 
-387.88123 171.25203 20.370327 31.918833 -27.582712 1.2073313 3.9309473 4.405903 -5.5804977 13.448073 -11.563317 14.334678 -0.9297497 -11.042752 -11.252161 -5.3000026 -12.580051 8.50374 -3.738405 3.825118 
-396.89255 182.97847 52.047104 42.83329 -16.984213 -8.453775 -13.066178 -20.459015 -9.713304 10.310046 -10.838622 3.5597446 -0.92746776 -3.2484004 -5.925594 3.810809 -5.836783 -0.8124588 -7.811083 8.62414 
-390.14642 122.90907 14.947422 24.55266 9.219124 20.188501 -20.38398 4.718007 -6.158846 11.914463 -14.386331 4.525842 -7.42413 -4.072709 0.62926894 0.32114494 -13.565002 7.469274 -16.165533 8.6080475 
-373.41364 112.79639 12.639064 29.451464 5.0738735 17.01412 -24.467773 9.250764 -4.283631 11.411913 -21.035484 7.0291853 -9.420658 -3.3285131 -1.0722883 3.4606912 -14.896935 11.325843 -12.722824 8.598766 
-350.81082 74.53807 52.75029 43.86905 9.771133 25.263968 -10.7643585 -2.4748557 -8.306149 12.0557165 -34.347824 2.1047814 -10.249815 -6.4410443 4.87412 2.3495953 -15.237169 15.570528 -9.2550955 6.117735 
-346.20312 137.76048 1.1259961 92.51346 46.04802 -25.302776 -6.5522785 2.4795802 -24.492035 -4.949334 -32.63689 -2.3253987 -1.4550163 -10.327177 -9.924184 11.31069 -10.802458 -2.2378943 -3.1497247 -2.4542916 
-414.21387 141.36234 19.612253 82.83009 16.780573 -1.6390474 9.2395315 1.807649 -14.710632 -5.579298 -20.21153 1.021144 -10.958608 -14.576652 -7.0011454 11.125799 -15.445465 -12.909298 -2.927279 6.8327518 
-481.32623 156.96387 19.572464 51.12242 17.752337 26.388313 -5.240461 12.163551 -4.7658863 0.8840433 -14.1515045 -4.625809 -14.3120985 -8.626777 -7.6111264 0.37645742 -8.841438 -0.57711816 -9.0327835 3.8892293 
-352.74734 134.54326 5.704176 20.70637 9.639748 2.9995177 -10.877764 1.1113104 -11.575468 10.861558 -6.5683255 5.271071 -6.6131077 -7.306783 -2.6730788 -5.267537 -8.080031 3.5412 -9.371952 6.0226784 
-323.75327 170.31912 19.071638 32.604866 12.768394 -6.323778 -12.148087 -17.915886 -19.168518 0.32004726 -11.195803 -16.660173 -5.4656363 -7.044858 -5.5167913 -3.592192 -10.152752 0.60468835 -5.96121 1.7604557 
-337.30945 151.19325 18.62694 47.513077 17.48995 -8.760639 -12.10875 -15.541487 -19.286867 3.1192126 -25.060667 -18.455936 -4.3830404 -9.648455 -2.4596612 -8.981669 -11.533687 4.404819 -9.936938 3.3340726 
-232.90234 138.27426 -4.6678348 45.442535 14.185546 -28.012106 -14.861367 -19.28872 -53.525993 10.227006 -20.482613 8.632563 2.2239735 -16.978264 2.8243241 -14.485312 -14.788842 13.41726 -20.955929 6.274454 
-285.2634 91.9418 58.906555 42.711823 -19.23164 -4.7822423 -8.885222 -8.048557 -18.16105 8.750936 -28.764442 8.767114 -6.4710507 -5.430361 0.59749156 -4.3771 -5.0672383 5.8704114 -19.100727 2.2679815 
-287.0495 52.434315 41.322067 81.5761 18.899878 6.8218007 -23.560534 6.126707 -24.102129 8.781762 -43.505203 4.0228224 3.1583161 -6.851802 -4.7452717 -1.2148224 -5.9542255 7.870508 -21.363886 2.546085 
-293.66345 122.02532 26.995598 56.820614 15.317196 -0.59428954 -14.140438 -17.368923 -29.517042 17.871593 -29.022709 5.5297246 -7.206643 -6.537194 7.657342 -3.7194417 -16.656036 7.3437824 -14.611091 -2.5455885 
-296.08456 76.94234 30.69102 72.08448 13.551252 -2.5842128 -11.467026 6.4144454 -19.229053 1.2110076 -23.542185 10.232876 -4.379622 -12.215801 -6.1913404 0.8867569 -9.899531 2.6408665 -12.541302 6.9753127 
-325.01224 171.52429 -2.2046747 49.873272 13.204317 -14.352761 -2.624321 -7.589136 -29.252983 2.705973 -1.3002125 8.514243 -4.043774 -15.186283 -13.104356 -9.385661 -13.808689 -2.994522 -12.190547 -3.3087587 
-371.75015 141.3876 48.036148 29.993069 6.4169726 -0.083470665 -13.288579 2.1281383 -17.376404 8.687711 -11.044567 2.8425443 -7.474812 -8.777217 -0.99262196 -1.6510181 -5.49974 3.8732588 -10.774654 3.0708349 
-392.36365 138.30197 31.739428 39.07887 12.314131 7.594016 -14.37534 11.837814 -13.867156 4.7274427 -13.221657 2.2057395 -13.2146845 -15.77097 -4.6706357 -0.33502066 -4.7758274 2.4320374 -10.370645 2.4197104 
-404.20526 165.91629 38.393665 50.2771 3.2478704 7.903945 -3.482229 -12.109567 -26.214302 -7.3798227 -17.210035 1.8171217 -15.648817 -9.149084 -2.9510036 -5.9385014 -8.131603 4.444479 -9.717297 4.083763 
-329.98328 94.93354 38.131573 49.531082 18.81885 9.296904 -11.1290045 -8.699406 -22.78996 6.4900546 -27.991926 7.625205 -9.927435 -4.961123 3.7053235 3.6600142 -12.480449 10.618882 -7.5935473 2.996578 
-402.03235 152.08134 20.506721 52.88062 10.665342 -0.7100364 9.20278 0.13322456 -25.999643 -3.1613188 -19.04197 -1.7578748 -4.5831323 -7.014377 2.4683113 4.583791 -8.142054 0.22495396 -12.050811 -3.1663115 
-364.04187 182.12357 20.23097 44.03433 2.2072518 -21.249779 1.0470668 -10.149616 -23.732712 2.5513735 -10.85729 -1.8559225 -6.0242677 -9.886732 -10.478585 -2.2076898 -12.509201 2.7874224 -7.3997507 2.2485857 
-263.07758 152.38817 -17.615236 47.18931 24.350925 -25.022528 -13.904853 -17.248661 -21.612457 23.524715 -13.734933 -2.61549 -0.64617157 -2.8857372 -5.6310797 -13.139423 -23.99395 -1.8394084 -16.512093 -2.6382036 
-284.7183 161.47388 -7.074984 35.58919 6.230135 -7.335249 2.1294317 -6.6214294 -26.830835 13.328944 -11.94723 8.159468 -7.0240483 -13.666227 -16.639067 -11.51334 -12.615368 -3.7142725 -9.873875 2.6615496 
-310.68173 111.32286 41.9003 30.429634 9.211903 19.289661 -23.110254 -8.95799 -23.920967 -0.50924045 -16.12973 6.251734 -11.47711 -6.1060953 1.1555791 6.081126 -5.5181723 9.11552 -14.793043 8.687063 
-327.328 140.15164 6.34791 71.83254 36.41459 -26.150305 -8.575278 0.8781221 -34.986782 -8.009602 -16.6901 1.6965985 1.6176567 -11.32699 -3.9792163 8.87899 -13.567686 5.167706 1.9611067 -5.0202975 
-294.97205 161.7809 -6.0157237 36.47718 -1.504305 -9.0845585 -12.981635 -5.6957374 -19.268333 14.218955 -11.809538 13.250236 -4.6495156 -7.004768 -0.2171704 -8.965699 -6.353482 13.7849455 -11.604472 -3.1364503 
-327.73404 120.123955 22.356682 45.962337 31.329323 -4.9483824 -26.804874 -1.7762356 -22.780565 2.831671 -23.492315 12.107556 -5.325579 0.64864784 8.371595 0.07493513 -9.317667 11.244983 -12.842176 -4.187668 
-318.16238 145.86174 9.559086 61.732754 23.372072 -7.1188345 -18.79173 -9.703781 -18.796844 10.10868 -11.80533 5.017675 -10.622255 0.053323958 -1.4142331 -12.764856 -10.018567 5.7708087 -11.466363 -0.865258 
-339.89258 173.4646 -20.758137 28.966583 2.0865643 -3.806046 -6.825923 3.457448 -11.126185 15.593792 4.1564426 12.572429 -22.204731 -18.977695 -5.4717135 -12.431633 -12.313174 5.7951946 -13.3266735 0.8503301 
-362.63174 173.24506 3.9540546 36.95411 13.605199 1.1102673 -3.9917386 -1.7305104 -14.7156 6.899515 0.016238742 1.517804 -18.158764 -12.341744 -4.922295 -13.999014 -17.481718 -2.294976 -11.83713 -1.884154 
-379.1084 169.18286 37.51172 41.296597 -14.052638 0.21794002 2.5391448 -7.9198728 -11.920754 3.9269228 -24.59787 5.8786206 -6.841875 -10.690014 4.7532005 -2.865656 -7.478302 9.1578455 -12.29072 2.2154799 
-296.82465 164.49934 -28.736776 32.933105 3.7406862 -23.666409 -10.259401 -0.29071796 -13.747183 10.812466 -3.7013774 18.034815 -9.2879505 -9.461126 -3.2634335 -14.6089325 -4.491076 13.7308235 -17.970222 -0.056982517 
-352.78232 118.2819 20.407404 83.99679 18.401787 -10.922113 8.2514305 3.8942938 -12.253324 -3.2774081 -19.994646 6.9654145 -10.20907 -11.397646 -3.3698401 1.1091268 -11.511249 -9.037132 -4.3219995 10.215942 
-375.77322 69.207214 49.88151 59.313084 6.3715672 21.81747 -4.271369 19.05665 -7.978002 4.72137 -21.553495 10.840626 -12.722108 -5.5184326 -5.495527 6.8246713 -10.200747 2.3849182 -11.868553 19.369028 
-333.09186 111.79942 8.812635 107.603584 32.180004 -19.512094 -14.353241 10.189115 -27.482233 -14.359219 -30.829475 7.4071665 -10.01758 -5.638748 -12.72557 11.407801 -1.6592638 -6.9317408 -6.285924 13.702003 
-426.66687 158.54996 10.207264 52.101517 9.172252 0.13573265 -9.967424 8.502611 -5.5905643 -3.9746335 -18.625805 5.268464 -9.474753 -4.634651 -3.9198194 -0.31984848 3.4853659 3.4520643 -7.339741 15.120185 
-414.6636 138.49406 18.119772 37.425636 2.7228775 15.958919 -9.4853325 17.407349 -12.770992 14.237966 -19.381437 -4.736909 -10.359386 -6.622729 -7.1453443 3.5862055 -4.575092 6.0611305 -4.081302 3.0445595 
-358.0272 100.02345 44.855663 50.509842 2.3452785 24.197828 -10.804112 -2.9918609 -11.186773 19.257889 -36.67781 4.849413 -14.388264 -3.7902896 0.13837817 -8.5298815 -8.555126 13.299671 -16.84771 0.57209754 
-333.8907 86.56297 50.71923 28.527596 0.5494745 12.261204 -7.9878945 5.423412 -21.061407 10.681144 -33.854904 7.490923 -5.9661465 -4.5160527 -2.0578203 1.3042922 -15.069933 4.623602 -10.545121 1.3334002 
-370.57733 161.08255 63.044643 40.461517 -1.2615031 -5.6700234 -16.658012 -3.3878586 -22.029764 7.32158 -21.214712 -3.0629578 -14.533848 -5.017638 -3.9373715 -0.6311395 -3.5166202 2.003958 -3.1375046 -1.1159875 
-315.43484 71.25218 59.464146 38.737507 0.44019726 23.20794 -5.6071115 -6.623687 -19.91845 -0.41977182 -32.573563 6.7014637 -9.137503 -5.3413343 5.028834 1.4924923 -7.0670886 12.688442 -18.43429 2.5706687 
-345.5814 61.39755 55.416714 33.2532 4.371993 18.518936 -12.281023 -0.5530675 -5.904197 11.397615 -23.996132 15.242031 -4.435408 -11.906399 -6.2345953 1.8309089 -14.739833 8.677878 -12.389019 6.506786 
-328.73706 195.0131 12.186476 40.754498 -7.828875 -38.189014 -3.532279 8.507815 -24.764885 2.4374146 -8.756756 7.8764977 7.287079 0.52091557 -9.749224 -11.83115 -19.122128 -4.2901297 -7.326165 -2.6189935 
-295.96512 38.96622 74.08212 32.9289 -13.382223 26.848642 -9.369686 -4.143345 -8.020257 8.518576 -25.507011 23.952324 -1.783137 -7.414594 1.5724206 -3.7807646 -12.462455 12.94273 -16.634096 9.579635 
-308.74423 68.650246 43.44629 72.00435 12.110985 13.470094 -15.374461 2.3764246 -21.570229 13.183419 -34.74035 3.9456966 -3.401491 -4.5640335 -2.931955 1.1938376 -11.758469 7.063166 -16.245338 2.5779502 
-351.7304 169.62665 21.35492 31.978899 -4.9310284 -3.5897357 -2.790126 -0.3532665 -21.500175 4.635403 -5.9894233 12.741815 -1.1531963 -2.087589 -1.1652198 -9.044811 -9.596497 2.9230876 -9.211778 0.2504946 
-353.13623 128.89 31.942038 35.614086 26.869278 7.2407584 -18.585249 -6.8657203 -18.573309 0.45742553 -17.62306 3.0807252 -3.790268 0.70836234 2.2668417 2.9996638 -9.46217 10.629065 -11.457959 1.4522724 
-320.42578 130.35509 16.107756 50.76896 12.963248 0.58026844 -20.591114 -3.029192 -8.354944 15.679613 -14.574927 7.5996943 -9.814295 -4.780126 -6.443774 -12.72602 -15.007935 5.949878 -13.4180155 2.713294 
-329.45773 70.649445 43.04889 74.618675 9.920123 5.66905 -19.015068 7.29205 -12.041558 -0.7859764 -26.577831 17.395042 -8.629805 -10.352713 -2.2134867 1.6507907 -5.5689373 1.9731314 -17.681587 12.515209 
-342.13535 129.50343 0.8611555 83.83014 31.625885 -21.907326 -16.272738 -0.76134986 -17.34764 -14.708981 -33.653336 6.0641184 -0.7016968 -1.8061286 -5.3292875 5.309912 0.2953596 3.0310042 -12.522527 7.6607337 
-423.4928 127.340485 -0.04517105 54.76456 16.434887 16.741623 -24.130095 11.155783 -1.7472142 6.8557334 -19.366652 5.2677264 -8.938281 -2.6079588 -6.916202 1.2196319 -9.714998 6.267252 -14.190654 5.287747 
-482.48694 151.32745 5.3433986 42.459965 13.8463335 27.06674 -15.257714 14.755234 -5.8566017 6.3794794 -10.638735 0.21766704 -12.251829 -0.095087 -4.101647 -4.135264 -10.81983 0.29261175 -8.142611 -0.033638503 
-380.1143 128.3266 3.5082033 91.93818 30.557869 -21.336388 -2.585597 -1.2916236 -17.156761 -11.209753 -26.03823 11.507501 -5.416285 -4.197569 -2.512877 10.966019 -4.469141 -2.2715788 -5.2601256 12.040743 
-402.79645 149.37196 13.555852 58.40108 21.547432 -3.2313204 -2.539388 2.1086478 -12.555668 -2.4208257 -14.165048 0.91385007 -0.2781762 -5.4785643 -8.486254 1.1475241 -6.4309797 -0.8285918 -3.992485 1.9760445 
-296.97806 142.49762 47.586582 41.426765 -25.934393 -22.67727 -6.249954 -8.968316 -11.055913 16.324581 -26.921326 4.8951435 -2.6204426 -2.6683118 1.2189977 -1.1827322 -4.4303513 5.3623824 -14.073955 5.1478944 
-318.84018 81.76273 33.752243 83.169815 21.168173 -7.2519584 -21.165363 2.8769634 -24.923681 -7.547381 -34.814228 13.589072 -3.1094084 -8.87069 -1.1979756 7.5796485 -4.939047 6.8006835 -15.817671 0.8392656 
-352.89514 142.01518 11.367792 61.788548 33.761307 0.5630382 -17.129269 -9.465621 -16.237404 -1.6403857 -17.936432 -1.7254007 -7.069713 -0.5664981 -3.8325016 -4.9915915 -6.9590893 10.912646 -5.6449976 -3.1048179 
-341.60352 97.79922 38.86298 38.956974 1.5166296 12.529742 -8.294078 4.396291 -6.9717464 7.9621964 -16.593166 13.549893 -3.2759542 -9.900521 -4.955579 -5.1887445 -7.5721216 2.2087717 -9.78697 0.6531838 
-382.4125 142.78297 76.05969 40.641125 -15.827269 5.872254 -13.961212 -5.859912 -11.257355 6.329338 -26.133942 4.1778483 -6.613513 -2.6084585 -0.105742455 -2.917834 -2.526729 6.5895095 -9.4854 10.368138 
-345.24368 53.69967 58.058167 59.074253 17.104168 21.507591 -20.834282 -1.3216296 -7.1255546 1.8129313 -31.607704 1.9728565 -11.48424 -0.64073294 -3.2220032 -9.218626 -7.561881 14.538799 -15.693285 2.691737 
-317.8601 106.96939 26.659285 49.56651 4.0129223 11.561116 -22.67218 4.705807 -22.076136 15.581652 -7.1172147 18.98001 -8.212867 -9.258714 -5.873965 -9.784472 -12.560732 6.7819443 -9.641804 -1.3440566 
-362.65222 180.72908 8.613837 48.445213 -0.19035509 -8.162166 -10.690624 -10.523791 -32.72854 -1.5407997 -0.6616522 18.17849 -5.0313854 1.7842113 0.07418452 -11.230777 -7.569145 -1.3951702 -15.099065 0.31322098 
-361.63522 47.483917 57.05574 55.72546 -9.420979 34.039833 -6.0910573 6.8084574 -11.275686 19.67789 -28.29916 8.236925 -3.8550296 -9.787563 3.4035747 -5.770819 -12.294129 7.392322 -14.034923 2.1486337 
-333.67548 39.52907 56.40555 64.88665 -4.027993 33.183147 -13.300805 0.9759549 -13.443228 24.154182 -33.79566 2.0582552 -4.167527 -9.295026 2.5180416 -9.968738 -12.6385355 15.063863 -17.883888 2.5208716 
-373.2616 87.05521 31.669746 72.06529 17.963215 19.035393 -17.229782 11.196019 -18.332603 7.5857544 -35.780464 5.951681 -13.107956 -10.415709 0.40433344 -0.9560006 -13.986123 14.522149 -13.166933 -0.9725043 
-404.24786 166.20416 26.83944 50.554615 18.19204 3.9189687 -12.844716 -8.449064 -19.948523 -19.245148 -20.673044 9.641943 -5.9286313 -1.8256348 1.1299655 1.5788705 -4.234426 6.2212043 -6.0109577 -1.4392785 
-394.27637 162.01337 5.7393827 40.75376 -2.6984231 10.399819 -4.791134 1.3196979 -11.969999 10.034115 3.7835727 10.14063 -10.205352 -7.4368234 -9.57862 -6.777128 -1.3813646 7.6465626 -8.731536 2.102594 
-362.6179 102.52725 20.115772 40.791817 -6.667766 14.100693 -20.807037 -3.6478932 -8.461707 21.264639 -10.4710655 12.699392 -4.6157765 1.9816608 -3.158424 -6.6887927 -6.9078207 9.461458 -13.346221 6.004437 
-423.7516 164.68805 -4.404952 32.88434 -0.62360466 13.364027 -3.7104306 8.087166 -6.2186375 16.599686 2.794509 14.311277 -12.625634 -8.460483 -7.9352093 -6.5036983 -4.9361153 9.411373 -6.0537357 0.08411173 
-459.95703 135.84552 17.742056 39.235386 15.445241 20.949642 -1.9665549 16.893425 -8.460904 4.3583784 -8.037633 -2.5012395 -6.6696477 -0.6214805 -9.344401 2.6529262 -12.015598 4.652057 -5.59842 -2.1525965 
-454.97253 130.75526 18.20141 32.608192 18.873234 21.748837 -3.7758238 16.295198 -5.3594484 4.2495327 -9.675498 -5.7937326 -7.289156 1.2236499 -7.6723228 7.3288736 -12.132923 5.523657 -13.837782 -0.80803895 
-494.56738 143.25682 28.624203 36.943405 15.458117 19.10118 -3.6222136 9.430493 -2.2161872 5.721225 -6.6723924 0.030929089 -5.7630386 -3.749938 -6.970375 12.125675 -6.3983545 1.0987333 -6.475504 -2.9233193 
