-423.53445 166.91504 24.528978 23.22383 -2.856439 4.2402 0.7359399 7.6884418 -6.6022816 7.9470005 -6.7048054 3.2113712 -9.226298 -7.943339 -1.9013019 5.029128 -10.1001005 1.4319216 -7.2215905 3.196677 
-301.194 122.24789 20.077024 47.358284 1.1431092 -2.6453094 -17.405083 -7.402956 -21.28449 18.669827 -29.677752 11.193189 3.0356505 -11.8391485 -2.8526294 -8.714488 -19.214481 9.1491165 -13.517989 3.4263465 
-310.6722 117.50407 13.30053 40.094692 5.66124 -2.8366175 -9.287701 -6.4358063 -28.831913 28.015194 -28.186296 9.048542 -7.296693 -14.552364 -1.9779788 -11.5862 -18.061882 3.5962257 -10.335632 4.5732474 
-305.0072 169.6275 39.976814 37.38097 -40.6817 -39.941803 3.7346857 2.025657 -36.9795 12.57346 -36.872784 8.331923 10.328218 -0.5919583 7.5728173 -8.007117 -10.628452 -6.1830196 -14.75561 -2.637146 
-418.7937 163.7772 41.488297 35.40105 -5.9734173 1.2528652 -9.209854 4.7552743 -16.72847 4.595082 -7.7103095 -2.5133574 1.2943853 3.1082044 0.117861 0.024521193 -4.216546 -4.1124997 0.064300165 -2.0485945 
-320.8332 156.00171 46.49429 29.581465 -9.08057 -10.913544 -19.287283 -16.723742 -20.85196 0.24666755 -11.973723 0.4184528 -10.033947 -12.76988 0.61919284 -4.98556 -4.6513643 11.153209 -12.503535 7.211793 
-311.96976 134.53352 21.418863 23.197378 -33.669693 -2.974934 -1.2260219 5.1690617 -12.434932 16.811789 -13.239208 15.953627 -4.1618266 -4.6391807 -2.3718305 -11.5981865 -2.15745 2.4498873 -14.418257 11.435287 
-393.07208 172.06209 17.416916 43.038372 -11.14112 3.8361485 5.461924 -4.4684744 -10.445716 7.146082 -13.114624 6.010218 -1.011028 2.3020852 0.69816214 -3.628381 0.5243809 -2.8051238 -8.402857 3.2762017 
-396.18173 112.10822 34.39453 53.814484 4.880981 18.33384 -16.584097 20.464912 -27.262321 10.376441 -15.415056 -7.8562417 -1.5300086 -9.433141 1.6614083 -1.243148 -5.339792 7.631327 -6.3438993 4.9491096 
-323.61523 174.68451 32.205536 31.940186 -38.6486 -30.96337 -8.679747 -0.3106199 -17.556421 20.64395 -12.562434 5.6244297 -2.6893988 -7.840116 1.4838389 -13.393654 2.6836662 -6.91448 -12.837247 6.6570134 
-300.34033 68.994156 41.14393 38.790924 4.1659036 10.583927 -24.113018 -10.478268 2.1011686 14.324585 -15.890362 20.406555 -10.774571 -0.77591103 0.509742 -17.859713 -9.036089 11.582648 -21.364344 8.150655 
-344.69727 90.76092 48.747513 64.09485 24.209145 15.701065 -15.5677185 -11.46603 -14.087368 8.847002 -31.690453 -2.5506232 -15.549345 1.5636433 -6.091496 -9.641171 -4.655181 15.246382 -16.598253 -1.8857981 
-379.90662 140.71596 7.4468284 77.42357 37.665806 -10.943501 -1.6095682 -11.138502 -15.626783 5.330082 -34.2611 -9.190501 1.5330696 -10.4167385 -9.562354 -5.0236945 -11.264312 14.380312 -16.948418 -12.385725 
-380.1995 106.07579 25.776567 60.798733 21.311464 8.5541525 -7.618882 14.191565 -22.445457 14.058071 -26.783438 -5.713017 -9.41608 -6.40156 -3.4114048 -1.7439467 -8.524937 10.892537 -4.68894 -0.6611075 
-288.5993 71.43079 42.53003 52.995235 -0.8101209 14.403911 -21.673971 2.9792087 -14.750468 23.529707 -27.839222 8.678513 -9.144154 -9.676331 -1.0606444 -8.865532 -9.241726 14.674589 -19.290697 2.8332431 
-342.46344 166.34715 13.922548 37.326996 -33.98488 -14.292019 9.30839 1.9792447 -14.7741375 16.500221 -17.01818 12.87801 5.3468113 -6.996711 -4.494531 -11.8866205 -11.255441 1.3283334 -10.509099 8.542042 
-342.9947 148.41129 17.03024 26.04389 -35.367897 3.7319498 -5.638479 0.7687206 -16.764784 19.12513 -14.630422 24.100729 -2.6191537 -1.2099174 2.859821 -12.853727 -8.793761 -3.3920298 -11.816846 6.305971 
-411.3657 170.9335 44.325172 35.45101 -4.568698 4.078865 -5.842592 -7.7196918 -22.273672 3.324289 -23.748434 1.7258008 -7.1485767 1.3271791 0.148616 1.8379198 -4.6511254 6.3736267 -11.964984 2.6608207 
-360.42944 118.890884 24.328152 72.68303 41.207344 -0.39181626 -15.58551 13.592421 -8.0179405 1.2563555 -31.494947 6.393152 -6.666459 -22.744326 -9.090212 2.62978 -14.419842 -3.7299623 -10.223087 0.31197923 
-322.2761 23.46842 65.8165 49.370796 -3.7218657 36.116856 -15.169169 10.0369835 -10.819644 26.824314 -41.636703 8.798618 -5.689213 -13.848939 -4.096831 -6.0060997 -12.97734 7.4597244 -19.066006 2.7908669 
-339.1085 121.01777 23.29171 61.005363 16.775608 9.930417 -9.489799 -10.495113 -18.196999 -0.16352612 -23.665827 4.561098 -14.81831 -3.6377423 3.8178988 -5.008196 -6.4108725 10.491209 -2.1767812 -2.3875232 
-350.0733 58.25546 47.60618 56.606197 -0.13744439 31.639666 -3.0287278 5.5014877 -11.9184 18.06057 -26.698128 13.139304 -13.235414 -7.498274 4.986719 -5.4701576 -9.273228 8.300194 -9.227775 5.133303 
-359.82413 53.447197 37.592873 72.394295 -2.7257853 30.987816 -11.578734 15.050991 -27.0965 24.943075 -33.32845 3.6956198 -9.579027 -4.766766 0.89549136 -4.468935 -12.156601 11.549264 -13.731628 -3.269326 
-404.67563 164.77641 27.227228 50.83053 17.606785 4.9490967 -7.087733 -6.6187887 -28.945435 -7.33398 -25.30926 0.5821178 -13.6289215 -6.5513973 3.66937 -1.2429429 -6.2646723 0.6551033 1.5764718 -4.446747 
-356.85364 137.06972 4.7167263 71.809395 32.876236 -10.160534 -15.146496 -8.498162 -20.763079 -0.37621614 -21.332403 -1.080723 2.1681726 -1.9689134 -1.7762839 6.628851 -12.755274 6.860865 -4.489728 -4.8562207 
-343.38843 122.14992 36.802036 57.07271 24.696241 6.6143026 -14.348728 -8.836599 -14.30028 7.399864 -23.267324 -6.5934467 -6.7733364 2.369964 -3.9098036 -4.58328 -14.379986 10.076136 -10.758071 -0.34206253 
-340.69553 153.80486 -0.79855186 74.32284 30.048698 -32.55702 -3.760454 7.3018436 -25.609247 -3.0117266 -26.581442 -3.9931917 4.9432077 -19.801836 -15.197368 8.616438 -14.604185 -8.44906 1.3371091 -1.5384424 
-336.72565 128.20172 12.223034 39.67943 15.930681 12.909044 -14.910982 0.7065341 -13.607328 11.055714 -22.790945 10.533473 -3.5873425 -8.691142 0.6871366 2.3762617 -10.950296 9.743207 -4.8639503 4.5723095 
-360.1019 162.037 19.715317 45.676308 23.577162 -6.050289 -11.913232 0.10505719 -17.104668 -5.0597095 -19.493904 6.983925 -6.317443 -3.0689158 -0.64204526 -5.820888 -2.5125558 -2.9748974 -11.462464 -2.7753215 
-337.55432 55.11624 58.507595 63.580948 20.604008 20.24485 -10.615718 6.7063174 -10.570125 8.14604 -42.974613 9.819279 -18.520222 -6.040114 -4.6528006 -5.306159 -7.5363293 8.665033 -17.653936 3.9827106 
-352.95135 124.889755 26.754541 68.04479 27.578184 7.0248075 -13.07575 -14.259233 -21.248615 -0.814985 -24.757828 -6.9790936 -18.981697 5.0654826 6.546648 -8.771532 -8.743016 10.696149 -7.6325583 -5.3180943 
-353.99655 50.98077 67.94689 37.914734 1.3962429 26.38457 -3.0520692 2.830977 -6.1985035 15.007154 -32.05226 11.630949 -18.358782 -4.551304 2.0943875 -3.4740736 -8.649052 7.560012 -10.865588 2.598735 
-339.82632 127.30235 13.140118 56.561897 24.289986 0.90363544 -12.425057 5.505658 -30.306509 10.579601 -25.227474 -2.2287965 -9.916969 -7.712375 3.6784525 -0.37956694 -8.570212 7.863775 -1.8197218 -7.044836 
-337.9768 105.289825 15.432549 55.729683 4.1592073 9.062084 -12.885476 9.911035 -23.098337 21.085102 -30.70377 -8.743802 -7.1407022 -9.368234 -4.405393 -3.113861 -5.6649823 5.5596275 -10.5039835 -4.0690584 
-341.143 92.35048 44.63893 48.70501 7.0196195 20.585407 -19.900452 1.80199 -11.67316 8.669924 -27.643322 9.444222 -12.351541 -0.8861065 -4.4834647 -2.0499563 -2.1921146 14.789257 -13.526344 9.202027 
-374.02576 154.52396 -4.176884 41.22101 14.90725 -1.1336272 -22.677523 1.0223682 0.98101395 13.495022 -5.0588446 13.589896 -10.130611 -1.1124501 -1.2147291 -12.46245 -6.4164777 11.004978 -9.758241 1.1107105 
-324.61493 123.69272 10.3247385 37.68959 8.983832 -0.80268353 -32.12412 -3.1116068 -7.1681085 16.590385 -6.8084817 15.458118 -10.016117 -2.599137 -2.1481645 -16.497066 -11.244064 16.961113 -11.635234 7.3754315 
-366.1039 165.58647 15.869541 38.352726 8.072262 1.7472456 -1.7581555 2.9728727 -19.435907 -2.1731062 -7.4882727 6.074905 -18.59241 -8.748135 -7.334353 -14.166373 -13.306389 8.024904 -10.8600235 -0.6387765 
-406.1292 169.86324 18.428349 31.719826 6.4216504 8.017055 -0.6571723 4.3033533 -12.41918 11.44946 -0.13132626 -1.8588352 -18.986635 -5.9334097 -11.405996 -11.918125 -6.933617 0.41461378 -6.296853 7.0288963 
-405.55707 166.7395 21.177898 25.583216 7.2230854 15.155855 -3.3358977 5.6066732 -6.5880713 3.471778 -7.4647098 -4.7688 -19.434345 -6.4819055 -9.709149 -3.2304564 -5.936299 4.62615 -3.4592438 9.82064 
-341.27344 151.93695 4.4257526 33.649544 -3.8052166 0.2990658 -10.5136 -14.335766 -6.684647 14.188788 -4.9317603 12.849095 -11.395923 4.7168155 3.9371245 -11.745311 -1.1334074 1.7850609 -9.536587 2.9794002 
-332.0377 179.19891 35.367504 25.74582 -23.723364 -22.526056 4.6202188 0.47617975 -23.747877 1.5617605 -18.230833 5.72632 -7.5810723 -3.7524996 0.40655178 -10.581353 0.6113739 -0.9430487 -9.425128 5.6964517 
-334.27435 81.82352 33.84628 76.55077 19.384562 0.52328545 -3.7780042 17.100887 -21.147005 0.3903893 -31.431084 9.47707 -5.1082706 -16.981148 -4.594263 5.1864014 -11.866371 -4.440431 -11.718035 7.002166 
-355.70453 152.02768 20.17576 59.531208 27.305294 -3.754901 -8.28707 -15.650682 -35.062347 -7.6939535 -16.024748 1.3399478 -7.0900784 -4.821687 10.364454 -0.78004456 -7.2158313 8.537891 -13.067899 0.41188505 
-385.0533 114.60873 24.088717 45.772053 17.171389 14.734192 -18.196651 -0.82391775 -11.210186 2.468916 -18.313974 9.1726055 -6.88587 2.0167017 6.0277824 2.459779 -5.7969394 7.55456 -15.910051 0.07564905 
-333.41565 76.66267 9.047799 45.427628 4.8277516 19.137108 -29.29272 12.435314 -2.1280596 14.426712 -23.611502 19.185102 -15.869703 -1.317539 1.9986768 2.5357723 -9.458171 10.969547 -18.71265 9.017651 
-424.1561 124.08646 17.658203 35.286804 5.7908645 24.931995 -15.377361 18.871237 -2.8112938 6.871012 -17.325813 8.9721575 -17.108381 2.33991 -3.2460878 3.8414485 -9.673105 6.3776865 -13.554574 7.182406 
-261.30237 144.35303 -28.972633 33.72615 6.216387 -22.526726 -15.275874 -2.2476735 -13.70464 13.445493 -7.1758323 11.454321 -15.063816 -9.115962 -2.1476908 -9.361294 0.5409835 5.7996154 -9.753219 2.1659606 
-317.77917 135.31804 19.113323 82.65119 23.026985 -29.987688 3.5493069 -6.7900987 -23.558025 -10.439732 -20.41465 6.4996037 -12.377525 -12.964889 -6.600255 -5.3664265 -9.70378 -5.4020586 -6.6083612 0.5560592 
-363.29285 105.95281 38.862263 62.526287 20.066013 13.433914 -4.861243 -2.269357 -12.95945 -0.10804399 -29.858438 6.052313 -15.051861 -9.295495 -2.7759397 -8.009685 -4.6836314 -0.2611246 -13.425437 -3.7614872 
-333.46765 141.71558 19.422318 54.400497 24.566734 -4.7635946 -16.11617 -6.202013 -23.12084 -8.0727215 -18.989079 15.050884 -7.7929068 -1.6663011 5.11727 -5.257205 4.306589 3.2678437 -3.4164476 -4.3264847 
-363.41995 128.96815 2.5828645 98.56479 37.721634 -27.410456 2.875465 7.088475 -21.603668 -11.355575 -30.732117 6.862714 -12.543782 -16.153973 -4.9335833 5.505763 -6.0463166 -5.472543 -2.813895 8.972196 
-450.60382 165.64825 7.9849124 33.4432 3.4743938 10.322234 0.87757313 18.083298 -2.9642909 3.931816 -5.835521 -0.81464916 -18.681269 -11.212017 -5.4591546 4.5709524 -8.702013 -2.3851292 -1.8042698 6.2887297 
-483.46918 175.18623 12.012392 24.303522 4.7550025 25.211704 -5.467881 14.2821045 -2.9164038 7.951243 -5.069395 -4.734551 -9.217293 -4.3138165 -6.915502 2.1645753 -7.872962 -2.3427513 -1.9965036 3.228303 
-342.09308 137.66522 16.826118 44.117813 16.738167 9.809993 -21.440342 -7.040609 -17.517555 2.2800486 -4.8378 11.166457 -13.574095 4.7827754 -0.0554728 -8.595592 -3.9482565 -1.705528 -9.004725 0.74124587 
-407.8904 173.18181 27.172554 54.715897 24.254326 1.6818528 -2.4155707 -0.015759416 -17.396673 -10.941502 -6.4239593 -6.5758348 -11.681223 -5.4353228 -3.4350882 -4.2236214 -10.26342 -0.0939461 -3.3091648 -7.4809318 
-480.4052 159.7941 21.618069 38.46898 14.803177 26.848812 -3.428884 12.5230875 -5.806166 1.477854 -8.717187 -7.0924487 -12.771763 -1.8137084 -9.06419 1.6547271 -5.770181 -1.4110254 -4.52016 -1.4362954 
-445.05466 135.77075 38.59411 42.65381 20.011675 5.472491 7.3503003 0.3720665 -7.2803707 -0.43142682 -8.304982 -6.9955206 -10.726292 -11.706464 -1.5310819 -2.4267085 -8.343324 -2.008666 0.53227574 1.2220448 
-328.77502 140.60089 22.082647 79.72823 21.334866 -19.51134 2.9378026 -7.9778967 -17.894314 -17.335133 -26.023726 1.7114637 -9.482483 -14.892059 -8.570806 -5.3306866 -7.5754676 -11.434875 -9.024189 0.89489853 
-343.6352 120.631645 28.945326 48.908012 11.90844 13.183099 -17.016306 10.747944 -24.771627 1.6286812 -24.419605 -0.8365251 -11.527939 -10.783371 -2.351518 -1.8713809 -5.376508 0.37900907 -4.494193 -0.35465473 
-328.66678 127.578316 22.158226 20.488955 -22.751945 19.788353 -9.593513 5.292567 -25.670849 13.670856 -16.51577 20.570492 -2.8435805 -5.0874233 -0.35357508 -10.724944 -6.6161737 -0.33779472 -11.904468 7.2859592 
-343.48035 71.0448 35.974163 45.035248 4.701713 14.500477 -9.08449 18.242008 -3.0613096 -3.3657293 -22.512098 25.48676 -21.075119 -7.2681327 -2.6962724 -3.5893338 -9.148071 5.3749137 -7.619363 10.254467 
-306.41608 26.659904 68.61009 52.003372 13.815657 28.492123 -22.92701 7.609907 -9.568926 9.949081 -33.292244 11.415897 -14.325062 1.124546 -7.9711018 -7.3678412 -10.040034 11.756083 -14.114048 7.923608 
-330.58694 104.17335 26.606113 81.78151 34.164665 -9.5248785 -16.486567 2.0145261 -31.55882 6.989412 -35.487827 -2.7885122 -3.9939864 -5.8267264 -1.9051374 -0.7321227 -0.8971584 0.16167518 -3.2566926 -8.596729 
-352.37338 86.77432 38.209133 70.63121 17.994652 6.3974705 7.544486 4.678942 -15.824356 -0.063706875 -23.39234 4.576689 -11.154552 -15.126816 -4.272449 3.848482 -10.7789755 -0.63167083 -9.536569 7.899084 
-332.02402 130.7122 13.493755 76.28794 32.142353 -20.043293 -5.6132855 6.412778 -24.569357 -7.5749054 -17.251274 -2.2001052 -4.77054 -11.691184 -9.790997 -3.7179353 -10.023624 -3.0785997 -6.822687 -5.300056 
-383.04816 140.37738 7.9514027 70.412796 26.728334 -16.865547 -1.6166798 12.744513 -15.4409685 -9.353611 -8.820701 5.379365 -9.624325 -11.460005 -3.1570117 2.1708024 -13.847434 -3.6078198 -5.062149 -3.677519 
-362.16592 171.32982 46.142624 36.13412 -11.385431 -19.87527 -11.961171 2.4901447 -18.54139 -6.63668 -18.534735 3.181104 -16.489664 4.4427085 10.753515 0.38927722 0.56620294 -3.1449592 -9.778456 2.9473653 
-355.73508 158.96443 29.687761 28.230196 -26.18942 -4.4748235 -6.729682 -0.29437745 -13.826611 7.2028675 -10.803612 15.127997 -5.1775894 2.8003755 4.862173 -12.865261 -4.4439664 -4.7617054 -20.760494 2.2446222 
-362.1436 133.61418 26.5376 42.963642 -3.556076 6.5570517 -10.771905 -0.9144195 -27.671768 9.1045685 -5.606943 14.011654 -0.78591084 0.980882 -0.11752442 -9.865745 -6.609232 3.1678374 -17.20655 2.3309262 
-414.31406 165.39272 16.819063 71.88411 33.336365 -7.4065237 -4.3521485 5.131542 -15.941581 -12.64563 -14.156408 0.9946168 -1.7282598 -11.117154 -5.0480065 1.1706686 -14.731447 -2.2764902 -3.3366296 -3.4881375 
-382.7322 148.79114 10.217953 77.72623 30.084036 -8.500858 -16.818773 -8.055393 -7.9269257 -5.261931 -22.247868 7.0521584 0.23968183 4.8269563 -3.3171015 -6.67954 1.2555526 0.9918468 -21.278282 -2.86175 
-375.0604 66.96585 36.809723 70.29868 16.774076 12.138942 -13.879654 35.247547 -18.870909 8.6132965 -22.755241 15.568562 -11.6296625 -4.470275 4.8859982 1.1721375 0.8232632 1.0593 -11.735916 6.297472 
-382.65393 116.202866 13.76456 39.879745 18.351606 22.470016 -19.820978 12.876672 -11.635944 7.4850445 -17.415657 11.582835 -16.463661 -4.31363 2.8837996 1.1389536 -6.4479895 3.084691 -3.7835464 0.8539397 
-372.51224 131.7414 31.923088 19.608173 -28.788248 8.583659 -4.5097127 16.887997 -10.034549 16.758186 -9.458048 12.245227 -3.8662496 1.8821708 -3.1016104 -8.09541 -7.3437643 -6.9291363 -11.539852 10.108621 
-408.01483 107.249146 9.554262 38.299137 16.566921 31.605455 -16.517557 5.09538 -5.990972 8.516911 -12.715881 14.29752 -8.420091 -3.0689454 0.9999183 -1.0716099 -9.184101 10.313313 -18.749855 6.6596155 
-447.2231 100.366936 40.96132 37.617325 9.221524 26.884617 1.3006155 6.006363 -6.139496 9.636605 -18.084108 6.8301973 -7.0660143 -6.862933 -5.5410185 5.3161097 -14.083045 12.692598 -11.777104 8.334051 
-320.6994 98.96489 10.982005 78.13186 42.08226 -17.830025 -12.723286 -9.915126 -24.242928 6.6677346 -34.41266 2.9622931 -0.89615303 -9.684022 -2.1847138 8.155035 -12.852779 11.071045 -7.2570987 -1.3513674 
-366.5951 131.43822 3.0823636 89.38776 37.18603 -26.407747 5.0478296 5.9792705 -17.139662 -9.563947 -24.86738 4.0336933 -5.2539067 -21.028757 -7.5848517 13.178151 -15.91519 -3.5416555 -1.5486679 -0.16018003 
-459.21344 144.34795 26.875786 36.059856 13.657996 20.592123 -8.2209015 8.316082 -7.8558674 3.48204 -11.679305 -0.19213083 -9.345223 -1.3316919 -6.4675326 5.871473 -3.5967402 0.4571252 -2.6542854 3.942857 
-348.35403 114.72081 57.64235 47.42441 0.34530142 11.855813 -2.7845223 3.0801687 -39.815487 11.355135 -25.395586 4.556406 -1.054066 -4.6335683 -1.726537 -3.6658342 2.290495 5.977275 -10.409569 4.7670608 
-309.06284 155.494 21.715328 42.9413 -18.28387 -16.500368 -3.0120082 -5.711124 -29.268715 14.144169 -11.979915 8.864292 -0.53133744 2.5773013 -0.4537329 -9.447469 -3.479236 -8.391997 -13.810754 3.151418 
-307.72928 145.34972 -0.42147574 53.13245 16.37717 -11.947112 -26.035198 -18.133593 -12.940388 17.086697 -0.8593607 15.842651 -7.886697 -0.39388624 2.5879025 -12.752972 -8.120586 6.761641 -13.063969 -1.6182499 
-350.34378 70.30633 48.658134 66.63644 20.305994 19.982222 -15.883006 -1.5970324 -3.3748329 5.3426256 -34.242416 9.039437 -11.367703 -0.4803922 -9.375277 -6.476167 -4.858683 5.8379965 -20.685493 10.270313 
-401.33057 122.9327 22.463387 92.90754 5.8338633 0.3833862 18.642027 1.5265409 -8.455167 -0.6587874 -26.060106 8.537318 -12.696987 -20.295155 -0.053516176 1.7464187 -19.478096 -7.985233 0.72481656 -1.1982193 
-450.7105 138.32146 24.784357 56.957012 8.752973 7.734046 11.016353 6.9608536 -2.3251443 10.83996 -16.556723 3.5325513 -6.667017 -12.074023 -0.2982218 11.837002 -18.75019 1.1427796 -5.5537634 -2.7599936 
-449.0855 112.47617 27.572325 43.40198 8.536991 28.85566 -5.749609 18.381561 -10.828711 17.071194 -15.069724 6.943114 -6.089943 -5.976104 -4.3843427 5.4874 -8.448055 0.9082291 -9.657126 2.8518 
-317.55157 163.07149 32.25762 36.849506 -0.77973336 -6.073578 -12.124386 7.034784 -43.349136 5.079948 -12.258959 13.014637 -2.1041183 -6.8746433 -13.6183815 -12.549694 -7.5869045 2.1978722 -8.132058 -10.79452 
-354.01312 164.10594 45.51143 44.785507 -9.798371 -16.32622 -8.920708 -1.4802672 -21.296381 -0.49438286 -20.187931 1.4738684 -5.9144497 -9.1494465 4.417881 -8.84542 -5.0314817 7.1378727 -8.080732 1.1849923 
-258.82413 -5.780477 47.343292 60.705734 4.8445654 33.611397 -29.652374 12.675071 -4.6894794 14.703069 -44.095825 27.904121 -6.0624566 -3.488328 -6.2706437 2.3739777 -9.193644 18.774961 -22.803596 13.545454 
-354.85464 94.98244 58.033623 63.582993 19.846386 12.605401 -11.187471 17.637266 -27.296415 -0.03228696 -22.933266 8.191403 -19.95534 -4.695022 -7.575894 -0.25836945 -15.096378 7.6330237 -12.219471 2.2363095 
-318.5876 143.87335 16.346863 14.987667 -16.512009 0.35225615 -5.6678276 4.7562766 -15.7651415 16.995872 1.7547946 24.895844 -9.891713 -10.767043 -11.871955 -17.404497 1.4264753 9.829004 -14.280055 10.379794 
-315.09705 66.06983 34.830853 72.753334 23.158064 -0.544498 -12.324709 8.735807 -12.544285 -5.9061456 -22.971981 16.080795 -10.380243 -7.8818436 -8.845874 6.574667 -8.34024 3.2792664 -12.818996 9.645644 
-365.21332 122.04986 32.713856 21.477491 -4.2451835 6.88303 -7.3945866 12.211266 -16.476223 8.452727 -6.492461 9.773581 -1.38586 -4.6805015 -0.35140535 -9.171275 -7.095799 5.505144 -10.46891 9.931651 
-348.71152 151.3912 -15.813429 57.951843 15.034468 -14.098219 -17.251976 -8.859569 -11.75831 6.118154 -4.3049717 17.154024 -3.1545744 -2.6894572 2.3242657 -6.3714533 -8.479557 2.8724818 -7.9819727 -0.89345235 
-500.79626 166.08437 3.8111873 53.171318 11.390156 22.733896 -9.905984 18.903744 -3.4437616 3.7844133 -5.4900928 3.9097226 -5.9859796 -4.325026 -5.4876213 5.852071 -6.5329313 0.5893747 -3.7283392 2.3840644 
-416.09204 150.63339 9.799778 46.457016 26.136566 6.0758033 -7.446974 0.00058195327 -12.235695 -11.497751 -15.608276 8.804097 -6.830631 -3.9677124 -2.7943163 6.4544744 -7.5498104 0.006749047 -2.2749777 -0.28079394 
-352.51868 56.692417 34.967438 63.647007 11.059788 10.058298 2.999139 18.474121 -16.0371 15.893544 -27.757002 7.869095 -8.325559 -13.4978695 -2.7514992 0.45640838 -14.725516 2.0425775 -9.120214 1.183063 
-386.55475 94.589745 54.04926 45.28404 6.066549 29.921377 -18.690332 21.228706 -35.81248 20.455446 -23.225554 -6.3559604 -10.090774 -7.1057134 -4.406729 -0.05367221 -2.2209082 1.8199297 -9.027041 3.3098338 
-426.88187 165.17792 12.618642 35.987324 -2.3047326 21.05616 -0.85212207 15.508665 -10.075714 10.5182905 -6.3917 6.152179 -9.451739 -10.552613 -9.43326 -2.5730553 -3.49542 1.9065596 -2.8715172 5.9622 
-372.6182 176.95802 37.579975 32.99608 -24.081112 -5.469141 -10.872141 -11.653719 -3.882824 11.403406 -9.5750265 9.428749 -5.834251 -2.6379347 1.2182904 -1.8579106 -0.6566176 -2.7361538 -7.0180974 0.09841845 
-398.873 160.26494 15.094343 22.348417 5.8669643 21.03511 -14.583248 0.23394373 -6.7427807 8.041209 -6.500606 0.7702251 -15.017574 -3.3077872 -2.739255 0.60164386 -2.7516603 4.9952154 -2.290945 1.8736011 
-344.92734 167.55695 -4.7525682 30.864658 9.24738 8.546544 -18.923555 -1.238339 -12.565413 18.0168 2.2555041 14.604292 -22.281898 -13.462361 0.54132295 -12.773373 -15.787419 4.4975324 -10.143925 5.505602 
-358.90967 154.78027 13.017139 47.263092 13.744933 9.727499 -10.940814 -0.33102196 -19.226627 -0.06210645 -6.771044 -0.8080397 -10.991594 0.708875 -10.032545 -4.997774 -13.266787 2.148908 -11.726609 -0.8900411 
-391.6203 153.62189 22.491922 63.050415 18.220009 11.80152 -8.830271 -14.727256 -22.344406 -3.8534055 -10.639129 8.120504 -14.622264 -2.8961627 1.3933332 -7.1732483 -9.67746 1.2986382 -10.897428 -0.8162805 
-371.13223 142.78104 30.590172 27.69944 -14.752182 12.113341 -15.909088 0.047610812 -12.705311 14.014439 -9.219245 15.05741 -3.743158 0.87599486 -0.92068076 -0.011823628 -9.812608 1.6466624 -16.605001 9.442701 
-364.03577 144.67764 25.95162 37.47232 -10.019643 9.97794 -6.1098433 1.7201945 -17.996763 10.620075 -10.851597 11.673891 -3.0800707 -10.9064455 -8.991564 -3.0330331 -13.578152 5.356072 -12.502491 0.5370505 
-387.09866 159.55745 6.0502143 49.281128 33.734745 -0.0006461673 -10.632739 12.831067 -7.10099 -3.7080536 -17.929178 -0.23131402 -9.489981 -15.735321 -8.208552 -1.2150831 -10.033766 -3.1535091 1.3178037 -4.054285 
-315.17575 12.182799 44.374058 59.59506 -3.1723502 26.929726 -19.06085 25.183378 -22.75862 29.951294 -34.240208 1.6776766 1.2645566 -13.469177 -8.389802 -3.9755602 -8.256113 16.892029 -17.21766 8.310581 
-402.3186 93.83688 45.12325 63.36735 5.4825315 35.66891 -10.3388405 13.869361 -19.75086 25.53541 -28.71953 -2.2428844 -2.560748 -8.099919 -3.76206 -2.1983998 -12.867488 11.397585 -9.491679 -0.5429346 
-378.36966 103.37552 34.862038 47.577896 10.583402 15.278026 -22.56152 -2.4454527 -7.662601 13.336143 -6.2714243 7.676858 -5.0631614 2.0222774 -7.0547733 1.5730243 -13.816435 9.602405 -16.097675 1.5401449 
-496.25598 156.2318 17.321981 37.602844 12.150578 23.405392 -1.8549349 17.455393 -6.5222793 5.5703535 -4.07165 1.1847527 -10.5037775 -0.9196236 -10.6826515 7.2742176 -9.438851 0.26776832 -2.90233 1.345681 
-481.7436 164.81586 15.152142 22.003878 11.170972 29.294315 -4.0963 14.657856 -4.3751926 10.230984 -5.869871 -1.8964229 -9.207213 0.003437519 -11.288843 5.778012 -4.4153957 -1.8950136 -8.493283 2.3872218 
-470.2815 177.0676 12.132226 21.04466 1.4120333 21.231764 -6.8603177 14.695525 -1.7060211 7.9169455 -9.212338 -1.3860452 -9.522407 -3.050621 -11.981421 0.76660186 -7.254167 -3.3659158 -3.391533 2.8525054 
