-373.8999 160.60422 -1.9239023 35.38238 11.287175 -5.631632 -10.131698 -7.387034 -24.444397 1.5618825 -13.218008 16.379108 8.9081 -16.187035 -9.468667 5.385281 -13.307175 5.720443 -10.470493 -4.63678 
-311.3815 162.3122 0.3177202 26.972788 2.88233 -2.1426017 -7.623814 -14.173995 -37.646107 -4.048474 -14.427495 15.274092 18.500584 -22.97531 -18.227308 7.3452168 -16.144207 9.3778 -10.347634 -2.978097 
-287.23807 130.67958 34.170677 26.563469 -2.253765 0.08805689 -12.289207 -14.451771 -34.243668 -4.4462314 -20.595892 5.19379 5.60528 -8.188089 -14.73339 8.266137 -15.703145 4.896485 -4.3474836 2.9731426 
-294.5849 128.52118 7.4263315 35.985233 7.6063876 0.59118885 -10.584824 -12.1046 -20.705544 3.5409656 -15.870771 -2.9924433 -2.244206 -9.57211 -8.819018 1.6720804 -15.691042 -4.589721 -6.259392 -0.7300919 
-270.93274 165.38449 -9.919515 19.664305 2.0390277 -16.858284 -8.038202 -10.298183 -29.16431 -4.003773 -17.642479 0.52084816 16.521172 -9.523646 -19.821573 6.5505533 -13.93571 -7.008304 -3.0045035 3.1417227 
-303.38367 154.66948 -8.244051 8.778484 -4.67268 6.6318793 -3.5055919 -7.2439847 -29.0653 5.816864 -11.229611 15.512887 6.2645936 -10.531928 -17.812986 7.549398 -15.62066 3.059779 -1.9931251 -1.0431064 
-337.78513 156.20448 4.5373054 36.55236 22.846237 4.60351 -17.82024 -10.873218 -24.475279 5.9672556 -12.61537 7.590595 1.581855 -10.988141 -8.028561 18.641857 -21.446291 -1.3424194 -6.353445 -2.2864277 
-306.24725 138.54277 0.2407059 37.495625 27.18055 3.4481354 -9.009272 -9.947737 -38.40337 -3.9513202 -20.264545 2.9077778 14.573842 -7.996753 -17.483467 14.98763 -5.281545 -8.651792 -4.0658584 3.1924322 
-275.44644 128.25476 -8.453807 31.257212 13.82719 4.222018 -18.168232 -4.319069 -20.781294 6.7571793 -23.456825 8.52758 8.898116 -15.600277 -12.553822 11.817395 -15.004752 1.4996066 -5.734855 1.17015 
-297.9285 84.06143 37.480843 35.81614 3.8788452 21.501665 -19.255919 -3.0156069 -14.326656 -1.2591659 -22.30281 9.624109 -1.4432279 -13.593386 -4.9258785 8.917358 -14.878867 5.797591 -9.296799 1.9947608 
-312.4596 136.10577 -2.6439943 56.051502 21.250118 -0.26989058 -4.6566105 -13.392707 -31.960361 11.939582 -21.453587 -11.466974 1.7047676 -19.310677 0.36002785 1.960258 -28.99738 8.832428 -5.4794106 -7.2553897 
-349.31177 128.67104 8.935479 54.35619 21.554747 4.5428534 -1.5786794 -6.5177674 -22.788933 4.56304 -21.127108 -7.2423325 -11.089893 -12.283362 -3.7869492 2.728013 -23.257929 4.355649 -3.3809335 -0.64805007 
-413.3893 136.59483 20.619926 35.65787 11.357245 9.493843 -8.522699 9.588862 -14.848626 2.8804924 -13.285246 2.8711612 -4.9578223 0.30782673 -7.954844 5.2259583 -8.6458645 4.6956725 -7.7369494 2.7269576 
-301.19067 156.24664 -9.2473755 26.651136 9.837529 -10.60509 -10.37151 2.481494 -45.280926 -0.8263492 6.7916064 19.489523 11.982284 -13.925366 -21.420887 0.58780587 -14.895604 13.134763 -19.92627 -2.0336025 
-273.25037 113.27107 9.009836 40.439297 3.7686946 4.24806 -24.70422 -2.0173979 -34.11596 4.7227345 -5.4728827 16.642202 2.4994402 -16.648571 -6.99241 11.284172 -17.218575 6.0770054 -17.057259 -1.877995 
-283.59433 99.037704 37.736576 26.965708 4.9345746 14.028251 -24.6529 -0.032427046 -21.224222 -1.7920244 -14.975947 8.368767 -4.3183527 -15.778198 -3.1851003 11.028759 -17.135256 5.9412274 -9.508758 -0.3953283 
-265.32764 154.23677 0.8625221 20.115461 -4.636935 -13.830244 -18.061478 5.173979 -11.231174 -6.635562 -7.001531 12.5996065 1.3760519 -11.59289 1.5848541 3.4151964 -19.643017 12.298174 -7.446241 -1.2446187 
-287.02527 179.80678 -12.784344 21.675192 15.255837 -20.62672 -19.606081 -3.7335978 -23.06575 -3.9133584 -1.6300695 14.415113 5.079738 -13.455055 -3.27463 6.6539116 -17.058416 6.660742 -12.311531 -1.0550659 
-362.9198 155.50665 34.086845 37.527763 13.072977 -3.4356265 -11.516464 -2.7067604 -16.159931 -1.954116 -9.638679 -4.0755925 -2.9273033 -4.984822 -12.0250435 0.50609344 -3.961502 0.25512207 -7.830985 1.5367029 
-299.9317 109.10837 19.20444 48.219864 19.163567 11.253775 -13.60942 -11.79496 -21.026894 0.345323 -24.871952 -5.123324 -2.1387904 -15.545756 -0.2969891 10.140163 -15.681233 10.883271 -7.4300385 0.592606 
-313.08072 122.26713 6.847522 62.37371 22.957026 -7.4934673 -7.5035486 -1.6373621 -21.943666 3.6639378 -22.022957 -11.860172 4.7428694 -10.756919 -11.396122 -1.1259135 -13.028673 9.768449 -15.111332 -8.811544 
-316.63623 154.56891 5.214603 19.005114 13.086338 -5.142708 -10.44782 5.1639566 -12.25172 1.54516 -11.140576 7.9197626 7.777955 -11.92594 -23.299372 -1.1417226 -9.7488785 4.1779366 -9.2266 1.1449547 
-368.52133 152.9162 12.597814 37.56781 17.545343 -5.1267247 -13.555142 14.453057 -8.716813 -5.105684 -16.659525 6.913721 1.3144964 -8.898361 -9.614367 5.276808 -8.8951 -3.2684066 -5.9184394 -5.018031 
-284.34213 166.10162 -14.561657 13.481637 4.623129 -30.371805 -12.352734 10.405784 -21.780676 -6.281628 -2.6479528 12.708167 2.7677002 -13.321236 -16.676094 3.1359406 -14.432327 1.781868 -7.645447 -4.9378138 
-283.36227 153.06483 11.162726 17.884403 7.079164 -13.705136 -15.790353 -3.32564 -28.983442 -2.9703681 -11.043408 9.209018 4.6866093 -13.333223 -2.9018078 9.093996 -13.25235 -0.0064054597 -11.541912 -0.66701454 
-327.4002 146.69997 12.766387 41.14407 28.449272 -5.90806 -20.261322 -4.168999 -23.56762 2.0059476 -11.038633 7.3340473 -2.8196077 -12.202528 1.3181354 12.829229 -20.564707 6.1089673 -9.445912 1.3961651 
-273.3624 90.56858 23.073324 52.960472 15.128503 19.557076 -16.061073 -7.6443253 -36.642876 -3.010738 -14.867042 2.2608762 -1.28965 -16.856455 -2.8045871 17.303318 -15.817829 3.632849 -8.995772 7.707026 
-264.7349 166.22955 0.046806123 20.194998 13.907819 -19.549496 -16.786283 -4.132721 -38.245705 -10.485345 -8.977328 11.339242 11.740526 -11.0700865 -12.533062 17.594439 -14.014239 4.4860425 -11.355306 2.3349893 
-304.44046 148.35382 3.084393 15.1822815 6.3755326 -11.005331 -21.299603 1.3494571 -18.527412 0.7274272 -4.076857 14.066696 1.0985308 -12.126663 0.7211892 7.3570013 -15.452825 -0.34658426 -10.992124 -2.2268717 
-246.99846 112.87166 -12.839709 37.44531 30.263712 -6.7227216 -37.136723 -10.889425 -23.204464 10.313252 -13.80807 3.7151692 5.8272476 -9.526333 -5.507201 0.5395372 -17.750532 15.244193 -9.155893 0.47624743 
-284.96613 133.92822 0.35834014 44.128197 22.445538 2.4217446 -24.024757 -11.723956 -46.343925 -5.016062 -1.9389259 5.3547153 5.8005614 -17.571133 -4.4232464 22.260435 -16.755787 -4.3228607 -9.108362 -1.2725238 
-393.67163 126.00966 24.666225 38.45444 15.365482 11.488 -10.147252 9.015738 -13.310947 5.893592 -13.095051 5.1182117 -5.11689 -4.541308 -9.877132 6.442031 -7.399514 4.217087 -8.957103 1.7373141 
-312.03766 98.427956 34.896137 39.38071 2.1504555 3.1015403 -27.082256 10.2226715 -13.21069 5.1208076 -15.675256 12.934047 -0.97951454 -8.620372 -5.286251 6.8685837 -10.775348 8.496429 -15.9993305 6.3446107 
-332.72327 149.06657 26.458035 30.782742 11.741459 -12.437018 -15.769136 7.593399 -23.083328 -2.6267235 -17.794199 15.928279 5.2791905 -10.20542 -7.011104 11.808864 -16.582794 4.4920506 -2.083932 2.2879734 
-305.3708 128.40979 23.554184 37.402306 14.341634 -3.9806497 -12.198986 -3.0341554 -19.559078 -1.3072681 -20.88502 11.249807 1.9593711 -15.867186 -13.473278 12.356719 -11.497454 7.5839286 -6.0593743 1.254289 
-308.80325 156.65292 -12.028888 38.85241 28.428152 -24.192356 -22.2182 5.374571 -16.202963 -3.3401804 -24.29998 8.724895 13.126135 -4.7742863 -18.173756 9.36608 -5.0371375 -1.3010441 -10.488296 0.30791712 
-249.66518 125.145905 -14.068195 14.814241 32.095795 -2.858722 -34.407265 -2.8317075 -14.288601 10.546233 -10.623044 16.864637 -5.6425962 -15.571374 -3.6542315 1.4293107 -17.384922 8.153831 -8.779986 4.301419 
-276.01544 173.46439 -9.511002 16.36183 -8.098122 -11.958137 -6.457159 -4.199179 -25.172173 -4.477608 4.0335317 21.673042 6.644205 -22.59441 -10.350541 -9.228634 -18.926208 18.665516 -11.827152 3.4904652 
-344.59973 165.95235 4.204361 34.913593 10.5978565 -9.986896 -13.422637 8.099136 -19.874315 -2.8143644 -6.4867253 9.346324 1.1689488 -9.117474 -5.5724344 10.129467 -14.2066765 1.9064517 -3.4910567 2.9962325 
-337.29965 131.55219 20.941984 32.797123 12.479962 6.4286475 -19.785397 6.9747252 -23.120369 -0.6312406 -0.7332393 12.546248 -6.1456423 -8.309147 -1.15722 5.6794095 -11.65941 3.7701771 -12.836399 -3.5233583 
-347.75974 164.72202 9.695118 20.764906 -1.319074 -13.445758 -22.3092 8.606005 -11.717573 5.2794256 -0.25414604 13.562262 -5.2339306 -10.367069 -7.6441584 7.010293 -11.521254 2.9093635 -4.615008 -3.7690172 
-362.92838 147.91019 -22.01819 46.166676 37.789036 -3.8770921 -34.757065 5.5505676 -10.667949 9.900875 -18.42435 7.582033 6.9869237 -1.04541 -12.651472 17.299107 -18.573326 1.0494033 -4.5461597 -7.25514 
-320.32584 155.3612 -23.501534 37.888535 39.932163 -16.631021 -33.507034 0.7692244 -18.545458 8.232494 7.7454095 14.431539 -2.947306 -4.891212 -8.3261175 9.066663 -16.190538 1.1080095 -10.193038 5.2686625 
-358.31137 158.90594 -1.5623716 45.62118 30.637003 -5.046274 -17.681162 5.950745 -16.443192 -3.1365705 -8.596074 5.844909 7.8887177 -1.1057296 -12.462012 6.0756016 -10.772127 -0.91891503 -9.762739 -5.2368937 
-331.9838 72.15502 56.036465 34.12233 6.14296 31.143087 -22.223316 15.720913 -10.676335 4.9670963 -16.500273 5.5481 -7.8063517 -2.0684052 -6.9633703 3.3462498 -15.42097 12.562591 -13.440769 -1.4066578 
-357.94434 124.57917 22.702179 50.64588 8.436782 8.420361 -4.9654818 12.594675 -15.044808 8.864701 -14.884606 -6.7541695 3.9258869 -6.397588 -17.381863 3.5455508 -6.8922772 -1.2823497 -17.159494 2.3581057 
-364.91248 124.04495 21.116076 43.284313 25.894636 7.5248547 -15.913579 14.097759 -13.618499 2.5242944 -17.591677 3.099988 1.5533276 -7.2321987 -10.0272875 0.49651664 -6.7724967 2.7947543 -9.6627 0.27000487 
-392.84058 143.95917 24.341635 37.95259 13.316149 2.8594687 -7.4876304 7.0456257 -14.342007 3.2194953 -8.973989 2.2286992 -2.5134795 0.21051131 -9.186255 4.6398907 -7.9748516 -1.0461679 -9.223331 -2.3447165 
-409.08472 131.46014 16.479883 36.08316 13.906728 13.405535 -9.345313 12.075286 -13.519922 8.563109 -11.146315 7.0962744 -0.10874125 -3.603258 -10.273764 6.514725 -9.549005 6.4763083 -9.11841 2.5376177 
-388.09048 127.92844 17.176815 35.278717 11.495657 9.221727 -15.329415 13.487928 -10.191503 12.22015 -17.506466 7.453585 2.244382 -0.37212288 -7.086054 5.381796 -13.387802 6.373086 -12.831941 1.2402861 
-409.77945 138.7617 18.714668 37.71921 14.3525305 9.690101 -9.875057 12.382187 -11.953144 8.475254 -14.493242 3.065712 -3.1737483 2.764072 -8.261643 3.9301436 -10.534385 1.342196 -11.540042 -1.8397285 
-286.66235 154.70169 -15.361089 26.838568 4.1224613 -8.033043 -16.757042 4.836765 -31.382769 -1.5625532 21.284906 6.947837 1.029082 -19.200548 -26.200735 9.578576 -15.943615 6.5358067 -10.142078 0.6161859 
-307.74725 87.41732 26.738083 43.608574 -0.12097168 10.5238285 -18.375252 1.3433108 -22.535475 8.22793 -7.579217 8.209031 -0.2207783 -9.606998 -3.8963487 5.056444 -17.393938 10.040436 -13.646008 -2.3332925 
-290.376 156.13315 -8.211604 29.6285 12.213032 -7.6789007 -24.403746 2.210197 -25.346968 2.6803288 -0.12981147 5.382906 -1.3779268 -12.684551 -22.707077 3.551045 -12.724366 1.5405067 -8.077331 0.4450967 
-346.62903 165.87555 31.439701 29.144104 -0.82135594 -17.416744 -16.527197 2.9230108 -23.816284 -2.3118973 -10.805749 1.7524344 0.98746175 -6.0309362 -15.570419 4.1224427 -6.350721 1.0042591 -5.318275 0.9912908 
-322.3163 171.10033 9.749133 24.004576 16.60035 -13.642571 -14.38789 0.15241888 -32.93708 -11.672713 -2.6168118 6.9895606 5.766081 -7.510582 -14.492428 12.556589 -9.391444 -5.3369575 -7.7687564 0.26741642 
-310.5445 187.99037 0.11029731 20.008093 -6.932974 -31.334805 -16.696459 16.134361 -18.846184 -3.329928 5.7876754 11.186384 3.136014 -5.1873035 -15.152437 -6.491371 -16.936638 3.1742618 -2.2812526 -2.8842113 
-302.0528 143.50752 7.154992 4.4046803 11.273519 -4.0605526 -9.316647 -3.1589165 -27.833645 4.6613894 -2.2178879 12.57442 4.7842526 -12.374086 -9.814084 9.017513 -10.684925 3.9431746 -7.2422767 2.3147302 
-333.00052 162.70316 4.9513726 36.651295 27.49508 -5.5318966 -24.727379 -0.74151564 -22.17995 1.1949747 5.8379116 7.580213 -4.403573 -8.473971 -2.0444052 14.70736 -18.200657 -4.9207425 -3.1598692 -0.18222386 
-378.2463 154.5733 17.995512 39.14419 29.464634 4.041824 -15.473151 8.782375 -10.788677 2.0043764 -5.15465 3.457046 -11.266554 -6.6154428 -2.2466722 8.812357 -13.027167 -0.9929391 -3.7579663 -2.0442543 
-417.81897 134.35034 22.204163 39.938984 16.561111 10.859843 -4.371511 14.015383 -10.992931 7.5682898 -12.050276 2.6487706 -5.072824 -1.0959331 -7.84871 2.8211095 -8.348151 0.4295346 -7.813907 -3.0236166 
-413.9479 124.768364 21.858135 32.07093 9.010195 11.400806 -6.513242 14.77705 -10.287335 10.094547 -18.489511 3.2029147 -2.4029856 2.7727728 -9.857913 4.601499 -11.040767 4.7220907 -8.183372 -1.9213377 
-303.22418 129.86508 7.460567 44.33574 33.15419 5.1927495 -14.9645605 -5.340931 -36.391754 -2.5796473 -21.124916 0.20085706 2.1082697 -12.2006035 -16.476536 10.708741 -8.70937 -7.277866 -6.1623483 6.8056793 
-287.43347 137.14827 0.9810097 38.491066 10.583287 -7.963356 -15.5820265 -2.570366 -32.975246 -4.6518884 -9.754364 10.089671 1.303165 -4.8999004 -14.84698 -2.7316294 -16.653618 1.1133738 -7.661137 0.6242533 
-292.94275 60.889046 50.009586 21.887802 -11.293102 25.9409 -19.149649 10.253889 -25.241562 -2.7980433 -12.117046 7.800256 -3.6970155 -6.1972504 -11.066179 0.07428164 -9.119551 10.892586 -15.852347 2.677948 
-279.22546 121.77304 29.671013 17.110975 -10.432781 -0.34884134 -28.87166 11.94532 -26.252625 -7.765264 -2.6070993 20.632328 -0.88733244 -3.8602228 -13.515156 -1.9267786 -21.055744 5.3987966 -11.354044 -2.5161574 
-318.07913 81.0573 30.346527 50.42046 18.733982 5.5887985 -18.959936 12.653029 -20.008404 9.2940855 -22.138891 -0.6750276 1.9794911 -4.9672575 -13.989469 4.318121 -13.48715 5.4056144 -8.97357 2.1927233 
-368.40018 105.87454 28.956444 46.115273 7.3079495 16.367922 -12.871487 10.8943615 -16.450426 7.484642 -16.852486 2.2579107 1.4370356 -7.007474 -9.947841 7.293409 -12.653662 5.3205204 -14.591564 1.1786675 
-365.83768 150.2191 8.319865 34.173027 28.144316 7.3970413 -17.010918 0.0767515 -19.207445 -1.6627992 -12.070469 5.30736 3.1166499 -5.3428903 -11.527891 7.207741 -12.528201 -2.8568065 -11.1798525 -0.52978575 
-418.54163 141.73068 13.160662 32.246387 7.4296308 11.24501 -3.882247 13.137869 -10.216093 6.042498 -11.5016575 0.4441255 -0.81860805 1.3170825 -8.204986 3.9385583 -7.5619836 1.82591 -8.220632 -2.950993 
-414.8881 135.35538 13.023404 35.63473 11.215816 11.97524 -6.9650083 10.781535 -5.726679 11.67756 -11.081129 1.6206307 -4.242547 1.094429 -7.2603507 6.7020674 -5.506674 4.4082627 -11.106745 -2.8507264 
-427.03693 135.85774 12.048463 32.980522 11.811176 12.600961 -7.7242603 12.614511 -9.107601 11.379046 -12.569151 0.80294734 -4.190473 2.9559896 -12.148695 4.0755343 -10.3450165 4.319225 -10.825423 -3.184044 
-498.9491 136.81718 5.665019 17.215591 14.00861 17.626904 0.3830737 32.44763 1.0049715 9.651148 -17.401157 -6.6666403 -1.8443879 -4.6926823 -19.584843 5.400282 -22.274345 9.535733 4.0638924 2.330548 
