-385.52533 146.71986 13.342419 37.670895 6.3837805 10.071743 -13.273686 15.12422 -17.523088 1.4873998 -1.314951 5.3200984 -7.2796793 5.9465137 -13.518891 1.0444629 -19.537052 2.627758 -0.14819995 -2.2377937 
-382.12766 133.30936 22.329796 33.24681 8.430571 8.017603 -7.3705926 8.544889 -21.845116 5.271047 -5.5585103 4.352338 -2.6826544 9.115561 -14.319292 1.2398816 -9.606556 -0.11844146 -4.118474 0.88277835 
-339.7627 119.33651 12.349325 49.448505 13.986652 -2.5816636 -25.349443 6.2023363 -22.583231 8.284996 -8.403928 -4.7502193 11.476002 4.5892177 -3.0054927 -5.8654556 -3.0934553 0.65148056 -19.640013 8.118458 
-386.47156 122.21727 24.603935 48.473526 8.80518 8.165907 -9.908101 7.62593 -17.84336 0.97018635 -11.353021 -2.4359732 -1.6996526 2.3842554 -4.7985516 0.6297724 -9.641923 1.6107593 -9.101266 4.019884 
-331.63632 132.29826 -0.96841174 30.789782 5.466306 9.89811 -15.852849 11.983636 -17.717789 14.662657 -2.6709633 -10.501343 -6.1288114 -8.141082 -5.37181 -7.7647367 -4.648041 8.367335 -19.702309 6.7427907 
-360.82986 133.01189 11.552998 21.019497 -0.5655226 12.373886 -11.626707 1.9225256 -12.461595 13.4447 -1.9560738 1.138597 -9.116899 -2.2389443 -9.457089 -2.5583928 -3.0777006 -1.6267062 -6.9779444 0.76031727 
-350.69528 134.35574 0.023755815 34.570934 10.939073 2.3481283 -16.130274 6.9958706 -6.647844 14.205964 -15.019708 -5.6769934 -0.87140703 0.22710164 -10.568923 -4.212015 -5.8685904 8.158009 -12.32777 4.118927 
-371.35022 132.19998 10.032692 36.09521 4.025216 4.0188646 -21.85748 3.588393 -5.996336 12.170984 -7.6330194 -4.168543 -0.41674125 -0.10658434 -14.066745 -1.041908 -4.8907375 8.603713 -9.938265 4.645365 
-385.8423 129.60504 17.044266 31.191324 10.679665 11.007764 -18.020142 10.022822 -14.093262 12.844824 -10.081545 -1.6725448 -5.9835386 0.69937396 -5.6426563 -5.250612 -7.131447 -2.4960196 -4.7676263 0.6234858 
-385.82126 124.531876 21.763788 38.104546 10.052432 8.007562 -19.639584 3.0344849 -7.486953 5.209156 -10.244295 -1.3290104 -6.390699 12.230882 -14.646235 3.7229962 -1.9715148 2.2963786 -2.1481993 -4.057964 
-359.2857 94.858894 39.66291 45.450287 6.691613 21.34198 -10.283576 2.7575095 -12.123344 6.5984592 -17.412355 -2.6179185 -8.832495 10.756319 -11.681722 -4.3507032 -0.9579934 1.246408 -7.538259 5.8097425 
-413.86823 133.09123 15.730306 34.964684 13.399937 16.560343 -4.8187785 10.362043 -7.7954464 11.347703 -12.206668 2.0154126 -3.4273021 4.1174593 -7.8352957 1.9836216 -11.627812 2.7801268 -6.2198787 -0.8742734 
-411.23145 128.13954 14.033227 30.500994 11.300654 16.076921 -6.580418 9.373085 -13.034954 5.5617642 -14.111355 -0.8986337 -7.2742715 -1.3255 -9.614559 3.0408905 -13.915464 2.8922741 -6.3035607 -1.7278799 
-419.9379 138.1431 13.556908 33.26907 12.026932 16.19822 -4.1162004 9.771852 -8.16886 4.759263 -12.744513 2.1254485 -3.5279799 2.699335 -9.0567255 1.8222103 -9.403597 6.2093887 -5.8370094 -0.7804606 
-407.41248 151.56966 22.659166 34.47551 6.195758 6.598891 -9.732564 3.6354518 -7.6921344 2.5631807 -11.301108 3.957478 -5.9930162 -0.56890565 -7.7466617 -1.2913138 -5.9013987 -0.20620733 -3.7492323 0.7394162 
-394.99173 154.33789 30.239388 34.139294 5.1119976 -0.7628099 -13.688757 -2.4474776 -15.607437 2.8213992 -14.442402 5.171553 -5.694684 -4.2848654 -9.519325 -1.7455609 -8.579365 4.260119 -0.7738023 1.5607961 
-381.80627 137.89006 21.234201 30.220085 10.031918 5.6810436 -12.725698 1.7904761 -13.550845 6.720234 -8.411755 1.7371374 -5.812326 5.307608 -8.748697 2.9301429 -10.3542595 1.4127163 -7.3201327 0.25853536 
-339.76727 137.17033 3.9548569 11.108069 6.1317244 18.764614 -14.457838 16.956306 -18.100527 12.933544 0.80402285 -7.2132807 -3.7736864 -13.028068 -9.231848 0.6829217 -13.999463 6.7666235 -13.259334 4.7402215 
-365.9682 130.62808 17.533537 43.37876 0.9679673 0.03543578 -4.189108 10.405773 -17.470509 8.194686 -9.128688 -7.2621713 -4.583786 -3.573107 -7.8808813 -1.8632215 -11.587231 3.0155342 -11.536359 -1.8362336 
-355.57684 134.84613 18.766197 44.656937 3.5943205 3.9391823 -25.29314 -0.72144616 -13.358245 5.58514 -9.3339815 -5.2683415 -3.8797235 4.3253384 -10.342081 2.6706345 -9.825859 7.00947 -10.874897 -2.6331117 
-392.8375 124.83257 19.2676 28.155876 14.0728035 19.584923 -16.455084 7.488595 -12.03665 10.35385 -9.260537 5.057426 -4.12301 8.87575 -7.919923 3.3638659 -13.920577 3.2306564 -5.1926565 -0.2554684 
-351.96643 124.7105 21.264286 30.451542 10.919518 18.596703 -22.884777 -3.731491 -20.265583 6.410639 -1.8168621 0.54924995 -10.650846 13.176553 -8.810998 -0.43585077 -6.252844 -1.7853369 -13.88752 -0.57209116 
-401.96207 123.554146 18.701126 27.204243 12.050113 13.258053 -8.598016 6.4428654 -10.205852 8.606575 -14.882789 3.4766493 -6.7898636 5.8758163 -11.683731 2.4168646 -13.477649 4.5781865 -4.8265133 0.2541296 
-397.06268 123.109024 21.522976 37.963505 8.652676 7.2207575 -4.965603 7.698034 -12.678809 8.679325 -12.29773 0.27140775 -8.189474 3.36532 -7.8238254 1.1088428 -7.1014805 1.9996065 -10.863361 -2.173561 
-347.29163 117.84054 10.238416 38.377796 5.3542666 7.83609 -10.184168 12.973007 -15.461432 18.54934 -11.022619 -6.7201843 -2.238061 -6.334632 -12.083775 -1.2417167 -2.8542922 -0.77624595 -14.16779 3.4879558 
-313.2121 116.35742 -5.440607 28.04699 7.4149246 16.878105 -22.371965 13.812569 -19.189829 22.296202 -9.206297 -13.852997 2.6470773 -4.844693 -14.415524 -11.037092 -1.2774206 5.9269514 -18.004948 8.646429 
-351.50647 128.65851 20.513975 43.65424 0.8960922 6.4767127 -29.725485 -3.00989 -12.7250805 11.808273 -12.14529 -5.2242107 3.5947435 13.795932 -14.3448925 0.19447134 -2.2811632 1.6866205 -9.68683 4.36607 
-420.69748 140.37375 12.907243 34.109158 11.002537 15.133052 -6.723547 11.536556 -5.4450283 9.486118 -10.314112 1.8133842 -4.656765 1.7927824 -9.606332 4.080898 -14.23272 0.09725581 -7.6433554 -4.279842 
-431.13687 141.61894 9.697323 37.994785 11.93542 16.800852 -6.479738 12.172828 -10.4260645 8.790417 -13.436433 1.8314681 -3.5517936 2.3984995 -6.789629 6.819097 -11.57023 5.870303 -4.910545 -1.4906424 
-361.98514 132.15503 16.674831 41.201904 7.5715647 0.664004 -7.9119534 -0.37535083 -17.925041 2.6741571 -8.508175 1.2219195 -6.3309345 6.2351527 -8.479311 2.3435316 -5.1018047 8.681516 -6.400301 -1.6426877 
-366.55902 155.31549 27.781378 24.325937 -2.6440191 -3.2983122 -11.994332 14.467983 -16.945793 4.352495 -14.148217 2.742788 -8.256646 5.6496334 -7.6760983 -2.3598022 -9.88421 2.8515038 -5.846277 -8.935888 
-362.3485 74.90148 54.75313 16.489386 13.95944 15.347066 -16.380163 17.793999 -16.354162 10.820121 -8.628853 -1.4084268 -0.47681803 -2.8342137 -4.703421 3.4254138 -5.5770407 3.4327424 -8.120834 2.7592723 
-303.67487 99.364944 20.666298 25.591908 13.210874 14.104713 -17.055885 6.338656 -14.92269 4.8187695 -21.345692 -6.676458 -8.64647 2.95165 -12.363833 3.515401 -5.1882596 4.4332013 -6.7495074 3.9895978 
-345.23682 117.37772 17.314672 30.377062 11.854197 7.33958 -16.37116 -2.752202 -18.373676 10.107803 -13.100562 0.9043651 -4.081025 5.8560333 -4.085171 7.0212994 -6.031435 2.3902895 -9.461629 -2.0393524 
-347.6194 107.23619 30.441576 44.91869 0.1916898 6.128027 -28.089054 5.399065 -13.695356 0.32053056 -7.890832 -1.389193 -4.8640084 4.7850275 -8.053165 5.2165585 -4.984434 1.601495 -11.345831 6.1280437 
-295.13025 75.37186 26.445116 34.343925 -5.043331 13.156291 -25.11115 13.857128 -11.517027 6.582772 -11.6977825 1.6431944 -1.5412378 1.5918206 -9.707858 5.970468 -8.075304 -0.5422716 -7.7268806 7.2368155 
-332.81082 134.73631 -0.036688168 36.994556 9.0851 -0.10422373 -29.913933 11.9069 -9.909392 10.118915 -5.6060853 -6.969063 0.67610806 -1.5233959 -9.281477 -1.0956588 -5.4300675 8.950832 -16.608215 3.1896734 
-344.69995 89.07196 25.953867 39.50128 -8.632023 15.218475 -23.703213 20.621935 -13.801701 9.441423 -9.108285 -0.72863585 -1.1958708 1.6962352 -14.253025 1.0811847 -5.1478305 0.59715736 -16.567867 11.149438 
-310.48907 127.320526 -17.924929 -0.16017692 13.828638 33.18502 -29.172655 20.083965 -15.207199 3.5884209 -3.0616405 -10.416172 -2.5583534 -2.6787767 -8.273243 -4.7961226 -7.6428385 9.466179 -5.507986 -2.571744 
-349.82993 118.832436 12.813212 30.727509 -1.919251 21.987352 -21.411064 6.4412766 -11.5879345 13.543331 -10.430522 -11.89508 -3.1101692 2.985595 -14.616304 -5.430375 -11.943088 1.0567983 -5.3618917 0.06459093 
-403.7605 140.46881 19.521887 39.51402 0.9801265 8.162478 -7.657306 9.131624 -12.649002 8.114648 -11.299881 5.534778 -6.5145645 4.5848327 -11.180165 -1.2959834 -2.6059406 2.6408873 -6.928191 -4.6916656 
-388.5095 151.15652 21.91772 38.85491 2.3351643 -1.7581478 -8.569508 -4.0932074 -20.249739 2.578597 -10.157048 1.8001014 -5.0996447 5.153635 -5.9159636 1.3809017 -1.7154291 1.8568921 -5.6070232 -0.7970917 
-353.88718 105.118515 36.779003 34.387512 9.213924 4.89515 -3.36052 -1.8305427 -25.36045 12.645211 -10.389059 -2.53342 -8.222787 5.6796603 -11.42185 3.6526468 -9.011121 0.24271594 -12.322597 4.122434 
-343.6957 122.5335 18.674328 31.99925 4.4286118 3.429688 -7.63236 -11.8510065 -27.722475 15.917036 -4.027696 4.452327 -7.255472 10.087775 -13.555009 -3.1825502 -2.2819047 -0.3869588 -9.667701 -0.7054965 
-364.65408 134.83136 16.049976 43.34187 4.928999 1.5224745 -11.32155 6.465342 -12.260789 4.7472486 -7.330915 -6.0710387 -6.588568 11.015603 -13.519928 4.493649 -13.919666 1.9545326 -6.4498596 -1.195322 
-358.59454 139.42538 4.0350075 24.517574 -8.606395 12.200303 -8.47152 5.8715777 -22.698568 5.7601547 -4.778683 -3.1227388 -7.0130754 -4.9440713 -16.749416 7.542303 -5.9143643 2.8301764 -6.0465755 -1.4405607 
-380.03177 148.57533 19.593857 30.47103 3.5818279 5.9848804 -15.060991 -0.014783065 -17.55535 2.5442705 -8.559986 -0.76226264 -8.453881 -1.843736 -8.354415 2.1921215 -5.176972 0.43528262 -5.3729925 -0.29264864 
-357.09262 120.763214 1.9209266 26.882349 9.527027 17.44072 -10.546911 12.059722 -17.723299 8.305553 -9.156814 1.4802631 -4.594839 -1.441449 -16.309303 2.3434205 -5.870191 5.389825 -3.7505112 0.18216565 
-345.84814 142.28203 1.1304517 15.886948 5.594904 11.964904 -19.881197 10.605291 -11.325393 7.918589 -2.557713 -4.7541294 -5.300125 -3.5461628 -7.0096636 0.87960464 -8.979443 14.734492 -3.5361083 -1.8262964 
-371.85144 128.03812 16.068068 37.438797 3.9163034 -3.0468228 -6.2043276 4.9378986 -17.16831 -0.13452403 -5.252741 0.70792717 -8.5708 9.185905 -10.712287 4.6223736 -5.414998 -0.82332826 -2.7161322 -0.83168685 
-376.73563 143.00716 13.512504 31.162872 5.5152164 4.272585 -14.248398 7.7115564 -11.2958145 0.7223711 -5.778546 -2.3993526 -12.61307 0.7446724 -11.286317 4.482566 -11.805533 3.7770474 -6.8810163 -2.4346948 
-393.41687 128.02306 21.529305 44.646473 9.535558 8.568187 -13.212202 10.468187 -17.845985 3.6910715 -6.7917213 -3.7647612 -5.027819 8.443692 -12.467117 1.0692277 -9.379353 8.366995 -6.640671 -1.7397349 
-355.79724 135.06131 4.016301 17.72821 -0.84826225 25.665508 -18.314434 22.732338 -22.822903 9.644069 1.9249867 -4.104409 -3.5218284 -3.2212207 -11.853185 -2.8053153 -9.786253 7.411582 -8.250027 -0.49623114 
-347.05276 76.53631 42.7344 22.936155 -4.8969307 25.440393 -20.620314 12.540889 -11.117257 7.9664254 -12.299327 7.35775 -6.6199136 11.501521 -14.284655 0.74626803 -7.5443134 2.293046 -8.99 3.9360876 
-343.34055 126.85559 12.284998 24.060877 0.34988415 14.6835785 -15.565394 5.4672837 -17.918268 9.38802 -7.2656446 -7.671075 -9.704721 0.30727258 -12.671711 -2.5642223 -5.682882 5.153384 -6.485437 1.9015899 
-387.66977 141.67207 5.215914 23.23493 -0.4526149 18.429466 -10.4484 15.001639 -11.537448 8.116543 -7.310007 -5.72144 -5.6348047 -4.443484 -7.0117054 7.1023355 -11.655256 2.9123392 -7.844743 2.953065 
-412.11264 132.09894 6.0549774 37.605843 12.19837 9.484714 -9.992184 12.37452 -13.774513 8.818093 -12.370805 -0.8274746 -2.4757924 0.89202964 -13.697331 0.43391958 -8.199795 -1.5622354 -8.238408 -2.0193682 
-327.5062 127.24996 -2.531127 17.50692 11.248398 8.81791 -21.955635 26.209076 -15.144614 14.617412 -13.9866 -4.672072 -4.5574 -1.6281193 -11.236245 -5.2161407 -1.1543156 7.106791 -10.33514 2.7034738 
-359.19165 96.055336 41.024014 47.999958 -3.8934567 10.600891 -5.038549 6.1379404 -20.46254 2.1250403 -18.27538 -7.6524715 -5.0828896 -0.7617716 -11.013852 1.2964736 -1.159616 1.1202178 -6.468748 6.938233 
-365.90775 81.37179 59.226162 12.688954 21.895382 12.1580305 -16.24691 19.653017 -20.917116 11.808554 -15.422965 0.40612555 -5.9039073 3.5844393 -10.550843 3.683634 -10.295717 4.4596243 -8.996841 3.8095846 
-365.66382 82.24887 56.98189 22.946695 6.308933 29.837246 -24.14535 24.142595 -17.798077 9.249316 -12.960279 0.6600943 -5.596055 5.036445 -14.668006 0.72019744 -9.292251 4.413623 -7.195608 4.2974215 
-381.55655 115.20688 31.99071 29.406643 2.0734186 19.936653 -16.64818 13.88354 -13.114284 4.7909255 -8.808781 2.0948782 -15.328173 6.2971725 -14.717275 0.44698244 -10.683407 2.8099267 -6.117479 -0.13854653 
-404.61783 145.34673 27.30668 32.78374 6.527112 4.6330314 -13.77646 9.746895 -14.518812 6.137847 -13.4394245 2.9357262 -10.745521 3.2752938 -6.4838123 3.4359884 -10.672891 1.8638494 -7.727344 -2.817284 
-383.7005 113.279816 24.572084 44.476803 18.8049 5.082589 -11.610981 11.617834 -16.631187 5.965787 -12.4254265 1.3233272 -3.030869 6.8227725 -12.037891 6.863119 -8.321973 4.7811756 -11.184079 0.20166548 
-384.1765 111.99389 36.084545 28.674007 13.009547 19.748447 -19.832026 15.348363 -18.168257 3.503421 -14.8715925 2.5696 -10.707333 6.314413 -13.645345 4.570107 -12.7728 10.341592 -8.149053 -1.5889469 
-381.58447 140.26758 6.6415205 23.6262 15.190043 11.455574 -19.588348 11.743237 -3.0770423 9.872598 -5.000315 -0.5282837 -14.871251 2.135993 -8.490577 4.292122 -9.645368 8.795689 -4.4809113 -3.3218498 
-395.5354 134.83398 21.543856 30.563114 11.883956 14.507206 -6.542465 10.975216 -14.260121 1.6571242 -9.360244 3.6383412 -8.104761 2.9147868 -10.213541 0.23116297 -11.84456 1.9522481 -8.844661 -4.637971 
-409.86145 128.28159 16.182493 35.51743 11.493435 14.693566 -13.870812 12.901876 -9.74917 4.2031193 -16.344666 2.7519915 -8.869521 5.3851357 -8.6854725 1.2959906 -12.913928 5.111899 -5.645253 -0.4649259 
-425.97397 139.37946 14.774656 36.089104 9.829039 13.647618 -6.33142 11.029997 -11.151961 6.8753114 -14.781902 6.4799895 -1.2801971 4.0245337 -6.339336 2.0624156 -12.451473 0.7129259 -8.619493 -2.5693376 
-420.8778 131.4143 20.764318 30.287327 13.412946 12.078225 -8.225614 15.731452 -15.362023 8.674168 -14.789843 4.632351 -3.123644 3.9759054 -8.828045 5.9391108 -11.519149 6.523222 -6.160069 0.26350322 
-426.4196 138.22849 17.039618 35.21588 10.187122 15.070927 -7.4261036 16.08896 -12.0714445 7.6231623 -15.577406 -0.38922268 -9.540044 2.3059669 -9.802201 5.990751 -9.55671 4.811237 -8.122139 -1.0329211 
-509.37177 126.47069 26.445711 32.67455 22.584972 11.832081 -9.354624 8.5797825 -2.2130399 11.822884 -11.10734 -13.103933 -13.917621 0.6735745 3.0873508 8.600193 -4.3243923 5.004027 1.5272901 -0.7883626 
