-402.89276 166.12242 30.143137 46.026653 7.8567886 -2.7578359 -14.990605 -4.6815176 -15.847805 8.079675 -13.241564 0.12103597 -2.6231198 -5.2560515 -6.1310716 3.18711 -3.0762062 4.296096 0.048056286 -2.037531 
-355.1434 127.74969 25.843178 49.376114 9.519155 1.5568701 5.692053 2.4161777 -20.001019 5.202663 -19.494858 1.6390514 0.80134004 -0.04541736 -1.9367785 5.454752 -10.221377 6.577404 -2.0738378 -3.0843534 
-315.36127 141.73994 2.9837465 52.176903 23.068275 10.859678 -4.397434 -18.193947 -25.669914 5.66284 -28.36058 -1.9438184 -9.843421 -10.506588 8.4805975 3.9222128 -16.572403 9.438567 2.4091918 -4.853158 
-322.67065 148.4431 4.2861505 40.891033 17.60352 5.955841 -12.150392 -20.856316 -37.40564 7.036623 -19.48361 4.923709 -3.961585 -8.518178 10.828554 8.86479 -9.407911 6.2781224 -2.5649862 -6.6198606 
-382.88525 144.86732 25.153502 54.85653 19.61795 -4.371174 -6.5308642 -1.220011 -21.680092 1.2213132 -25.227428 0.47956195 1.5634656 -7.5138226 -4.110983 8.523139 -13.926271 -3.2973552 -12.372855 -2.4822981 
-307.08145 136.53807 -3.5065138 41.350964 25.666233 -2.777234 -23.86744 -16.080334 -11.109946 13.210211 -26.235361 12.65618 9.46605 -8.907782 1.1352389 -2.6184702 -24.66661 8.429841 -7.6144257 -3.8859508 
-312.43106 78.16373 44.11194 38.380623 -4.491457 25.586239 -18.187328 -2.3786998 -17.352203 4.93305 -20.079348 0.49930334 -8.797837 0.4362992 -4.603932 4.104411 -13.60912 12.672706 -14.331567 -1.7761682 
-303.57278 137.41196 -2.2960138 61.734627 9.157581 10.962189 8.112697 -26.089384 -31.158379 10.643253 -24.827467 -1.9627037 -12.834065 -13.158269 10.53653 -3.4874544 -9.857002 9.722549 -11.061665 3.7578154 
-401.61414 144.51054 20.564524 46.70159 17.564018 13.178844 -2.945486 0.11909612 -16.18188 6.737997 -17.526587 0.855268 -7.178126 -5.149557 -5.182146 2.1467695 -10.668922 5.05165 -8.789761 -1.1397843 
-431.73254 134.86722 13.845393 36.15786 15.606637 12.70382 -8.232007 12.616248 -12.875524 7.331087 -12.935401 5.1616135 -3.720702 2.2377362 -7.4743805 3.411927 -8.38675 2.076699 -11.800147 0.099653155 
-393.3591 154.33165 15.095364 30.649712 6.130276 4.4386425 -4.631125 1.7379636 -19.975203 4.381422 -9.27568 11.593324 1.1874278 -0.34130418 -9.125368 0.4956383 -12.508856 1.9936862 -6.8153286 -4.3358684 
-366.20102 172.55186 30.418728 28.263002 1.2038609 -7.650444 -7.9684916 -0.69115895 -21.47845 -6.2647943 -7.2404294 10.554008 4.4255943 -1.0338235 -9.52837 -3.6833665 -13.847042 4.6144004 -4.434565 -1.0237856 
-380.2088 172.64447 30.104776 33.652237 4.54718 -2.881162 -8.948859 2.8236647 -19.48987 -6.166452 -12.260414 12.071116 1.9639364 1.8535508 -8.428344 -4.45985 -9.668263 7.156771 -5.3097467 -2.854454 
-382.76 157.71207 31.981005 35.2035 6.205595 2.1882727 -8.360172 3.3609545 -19.953156 -7.609926 -15.446895 9.854325 0.517198 4.073208 -7.5344806 -1.9450107 -7.9785995 7.587105 -4.5707355 -4.339469 
-403.91843 144.29124 18.046284 33.043873 9.649732 9.677002 -5.3491964 9.191586 -10.775592 1.3650237 -13.436053 3.3358827 -6.490971 0.52053106 -8.874312 1.4859216 -9.5252495 2.1590464 -8.764405 -3.1261733 
-431.73666 139.54868 10.5903425 35.199406 11.923513 12.922258 -7.35581 15.746126 -7.7577243 9.704951 -13.570491 3.6481485 -8.066948 1.1471826 -9.588224 3.1539738 -9.445733 2.6280925 -12.385521 -1.4319053 
-432.51337 144.86528 8.469418 36.11896 15.534495 14.672237 -8.674942 13.605539 -9.354148 8.3245 -12.678624 4.057687 -6.5474367 -1.7824652 -7.5057697 1.888771 -13.472641 2.5588102 -10.991773 -3.1070619 
-426.4745 139.59546 12.347986 35.976467 10.453258 9.5122175 -8.584017 10.704907 -8.198597 9.275688 -9.575467 6.486958 -2.2222512 -0.9372643 -8.349727 2.7351484 -9.124882 1.007236 -9.757849 -2.5162525 
-429.9332 141.16028 9.375149 37.29461 12.179361 12.5162115 -7.0877805 9.587111 -9.620803 4.917864 -11.634725 2.6053984 -4.013103 -1.3948945 -4.8496327 3.400124 -7.9903965 0.465609 -12.097442 1.1157241 
-430.9818 144.76852 13.48027 42.26181 13.430236 9.39618 -8.350624 11.136967 -7.5287485 11.296833 -10.723755 2.0563293 -5.852081 -1.4769624 -7.4134097 5.121263 -8.063075 3.5527716 -13.906019 -3.4941828 
-400.99933 126.53099 22.458626 29.298662 9.411084 7.065738 -10.796727 5.564044 -13.784846 7.398408 -17.226303 7.35151 -6.790308 1.7173054 -8.536647 3.9394014 -7.946955 5.0622883 -12.838561 0.65146774 
-328.72522 152.41177 16.730701 36.80151 30.57557 6.5468283 -8.433983 -4.6884785 -20.901121 -3.2243028 -28.780952 -3.9581141 0.9683936 -5.923975 -9.583416 4.0977535 -7.2040043 4.278067 -7.255026 -2.8149738 
-281.88513 132.80031 9.249772 57.250908 28.311987 1.7044377 -15.754798 -8.040776 -17.080956 4.419376 -25.10513 5.657601 3.6056104 -0.100631446 2.5853949 2.136311 -3.606297 14.954768 -13.924929 -2.6263752 
-349.53967 141.4828 21.244303 47.576653 29.396414 4.2297287 -18.205095 -1.6258407 -15.089835 2.5107663 -19.784126 1.6333263 -2.794016 -2.4080763 1.2107246 5.8361597 -2.7254977 13.684285 -5.3585596 -5.047951 
-383.95087 149.75377 17.052135 28.791029 12.473579 13.543986 -10.157484 -4.408266 -25.993734 1.028941 -7.7526126 13.744524 -2.1837463 -4.531332 -4.1334743 7.5143323 -11.821949 4.260048 -10.030741 -4.3883934 
-364.9862 149.11247 -1.2252301 19.838678 -6.1101594 20.226522 10.644548 2.8465943 -14.72755 3.338748 -8.734594 18.040224 0.344032 -10.941417 -5.4544883 -0.5184119 -16.704369 15.32373 -12.432376 -2.025469 
-400.13528 143.46284 19.64437 34.939808 10.952565 12.340243 -10.687018 0.7387814 -18.503159 0.17151266 -15.588469 4.237441 -4.645267 -3.9037738 -4.684185 8.037616 -10.974818 4.986981 -10.710588 -1.7891339 
-395.07565 141.73077 24.137596 43.222538 13.99272 11.36063 -11.700427 -0.60878074 -16.695862 -2.1729126 -23.475328 -0.018597558 0.24638727 -1.7192805 -2.0320911 9.213837 -8.410473 11.53773 -7.6985083 -1.3904798 
-410.9112 129.77592 17.274374 33.524033 13.867734 10.606127 -4.914264 13.74266 -7.1837406 5.212172 -10.381069 4.109644 -4.9905605 -0.08280892 -7.5512824 3.108164 -10.842152 3.2104251 -9.234466 -3.375884 
-422.83212 146.03812 11.8130865 39.82517 14.983671 9.045583 -5.4716587 13.607876 -6.8706675 5.9456654 -9.15407 2.9104738 -3.3358333 -2.532546 -9.874754 3.4124904 -8.405017 2.5288837 -10.268122 -0.75592726 
-329.10324 152.04723 -15.83944 58.51465 32.448307 -11.458418 -16.352047 -13.209919 -8.395865 6.3699574 -29.19265 5.5065365 7.8738666 -0.7512026 -0.9323652 6.235971 -17.957283 6.080362 -5.3474135 -12.37476 
-326.42273 143.66916 13.426732 48.566998 18.305414 10.4044075 -17.584204 -16.80233 -17.38814 6.474609 -16.778162 4.556732 -0.14960052 -3.5284142 3.8905916 8.921931 -26.14705 8.451092 -7.1699142 -8.467091 
-346.31555 107.75256 53.78404 27.875095 -2.4033406 16.274956 -24.76206 6.9299817 -23.937748 -0.1409672 -14.383416 1.278421 -0.7994752 1.5089316 -9.208107 7.497439 -12.825578 8.505998 -14.960999 -2.3572285 
-381.3747 158.7088 19.895235 31.043156 0.6706197 -5.73325 -9.027011 2.894919 -14.164037 3.2633667 -11.255861 5.3281136 3.723205 1.7353075 -4.380763 -0.104500026 -15.050249 4.4421124 -7.310221 -1.9618899 
-330.50568 152.3072 8.341134 13.069434 -13.605091 3.1736066 2.420886 2.460743 -4.9718046 3.4071813 -11.620527 12.600415 -1.7665651 -3.7081032 -2.0159488 -4.296297 -17.920092 10.331361 -11.39822 2.1643722 
-314.97604 149.71246 -17.449821 27.102083 -4.8907475 13.507687 9.893658 -12.344665 -6.48542 2.006656 -7.485989 15.165756 -5.6776934 -15.10995 -5.649898 1.8518889 -11.250713 11.932948 -14.194775 -4.369463 
-413.01984 148.65546 14.036088 32.75626 6.058447 9.922142 -7.190518 5.8578696 -10.44748 6.2341323 -7.574066 5.7109523 -3.8338547 -2.0737898 -8.278751 3.2987976 -7.078839 6.846555 -9.604287 0.6003537 
-433.44965 142.23146 9.974128 35.461765 12.847988 9.585308 -8.324493 14.201946 -9.327445 6.282827 -11.012457 3.2552404 -5.059071 0.36015496 -8.983278 4.2731266 -12.311626 0.5400148 -6.5233912 0.43587467 
-394.77097 102.11891 19.756683 40.66246 3.4960268 21.631742 -12.469597 9.050167 -12.462469 9.3742485 -16.346746 5.366656 -2.1014373 -0.6048169 -11.760035 7.727224 -14.184755 6.2851996 -11.942653 1.5203176 
-322.06833 67.401215 35.729145 56.113018 0.023699442 21.315058 -14.763194 4.6867185 -15.550142 14.050546 -23.654404 10.892162 -0.22254127 -3.1203485 -11.566148 8.876789 -19.278131 12.252036 -16.698912 4.7694063 
-266.63055 148.35683 -28.806013 12.569372 -0.3809982 16.561201 -2.7736254 -6.287803 -10.353039 6.4203024 -6.8624277 16.194542 2.2995985 -16.502342 -2.9596884 2.7155902 -21.701614 13.492573 -10.121443 0.13145536 
-318.5382 75.12832 42.295498 21.007736 1.9667751 25.972178 -11.715095 5.076984 -11.619161 5.8653393 -12.4376955 9.279119 -1.1513156 -3.0548706 -10.392953 11.738235 -12.401299 11.601658 -9.1893635 -2.5460477 
-373.41418 149.1199 18.730064 37.595615 13.512033 7.144638 -3.4481537 -3.8674154 -26.610744 -5.771009 -21.48525 3.8771443 2.6262255 -1.4541426 -4.9060516 13.869193 -8.135408 4.7162213 -0.9530551 0.35018277 
-285.1589 95.75823 22.968422 43.066765 -6.2012115 4.39625 -10.837128 1.0315077 -29.647207 13.446633 -23.532997 10.201396 5.8356533 -4.7667155 -10.186609 11.640755 -23.009647 7.7199216 -6.902333 -1.7188454 
-379.0156 142.35736 23.251717 34.098812 3.7714968 11.562926 -8.561255 3.079967 -19.921583 3.187071 -19.339237 4.300778 -3.448569 -4.179228 -6.689953 10.979347 -9.572704 5.2884073 -8.490569 0.65268165 
-324.25446 56.324913 29.519497 64.28002 -7.399656 13.483963 -4.900643 8.793518 -21.450249 15.683865 -26.83413 3.6524785 -3.2469783 -2.8662567 -13.111309 16.100754 -21.27136 15.675923 -14.118518 -0.8737222 
-374.64658 149.45673 22.191862 36.80742 8.792545 2.4166293 -18.175734 1.820786 -18.525541 3.298326 -12.7683525 10.03504 3.251514 3.3285093 -4.977891 5.1418657 -15.420504 3.3079088 -11.746421 -0.095858574 
-349.97043 110.5532 9.9841 42.561565 4.7663937 6.080132 -13.8821945 8.277236 -13.220743 7.422444 -14.044326 8.488063 -2.560235 -0.17928539 -9.364576 7.731113 -13.507005 7.262196 -10.812779 2.4917803 
-364.6618 93.62335 53.325874 25.9763 11.3009 20.699883 -17.348274 13.391666 -18.464619 3.8684905 -15.869434 -0.53675437 -0.7189421 -1.6544235 -8.109556 9.382012 -17.920849 7.657839 -13.711163 -0.30344275 
-375.183 159.17741 13.070384 23.88188 5.9733167 1.1482422 -15.674391 -0.9923195 -16.070467 8.57906 -7.3198037 11.07654 0.72481406 0.605677 -9.686364 0.23072685 -21.520256 -0.032259304 -6.51366 0.09962092 
-383.2443 154.04471 17.095165 26.28585 0.2690717 6.3665986 -4.6691437 5.110065 -12.513054 9.058726 -7.4542575 9.216348 -1.266973 -5.846695 -14.3767805 0.25916168 -14.748755 2.3210766 -8.256585 -4.6829834 
-363.69177 153.51363 6.6696362 24.398525 -1.078562 15.150127 -8.494055 -4.1284966 -17.63658 6.8189893 -11.52737 15.552926 -4.4280624 -6.7234097 -7.077415 4.466422 -12.812716 11.34354 -10.217306 -2.6580615 
-364.86035 155.30487 7.1166 33.47279 16.498701 10.45611 -13.049546 -12.468097 -30.562416 1.7732723 -10.591913 15.17669 1.0293788 -2.586309 -6.047238 13.144804 -15.734929 0.1123099 -6.5126696 -6.663955 
-421.92215 142.35602 4.1100445 38.858902 14.647664 11.130188 -10.346598 10.460533 -7.7706594 14.312881 -10.599579 3.686354 -6.2127104 2.1888487 -5.9900904 7.3502903 -8.124296 4.2395873 -8.547251 -2.8823762 
-419.9638 139.80833 11.847978 34.966305 8.703505 7.4410553 -11.485068 5.432616 -9.735694 8.279929 -13.11918 0.55797577 -5.4843693 0.53875935 -8.902373 4.8609138 -8.504882 5.149465 -5.500746 -2.5908926 
-351.64288 171.02092 49.008762 45.152596 12.290211 -16.433022 -20.05491 -11.417324 -25.627466 -5.4122167 -12.544697 -7.6757812 -2.3535342 -5.2932653 -8.113018 2.0676558 -10.006794 1.9512689 -6.01395 -1.4086397 
-382.78387 151.08241 16.092731 37.256912 20.40408 9.736683 -4.777476 -0.9332409 -13.224628 2.9153087 -14.462223 4.634889 -0.16341928 -0.9069497 -6.3736477 6.1293845 -12.895341 0.30224177 -6.35533 -4.2008677 
-388.60562 144.62994 11.155788 46.12221 21.989878 4.1839886 -12.652735 -4.2104654 -14.519126 1.7376318 -24.193468 2.8360012 1.2394656 -0.5066377 -3.5787528 10.508726 -6.9768925 8.170907 -4.747558 -5.749894 
-367.46716 146.4438 13.444076 38.355373 15.813503 6.420603 -11.819447 1.4972799 -15.208348 6.893834 -19.240755 5.620537 3.7807057 -0.9279544 -5.385935 3.538712 -17.752165 11.03549 -7.528292 -6.6181965 
-410.7979 142.4904 15.762684 39.894173 7.6491547 15.373393 -7.7083774 2.2842345 -14.739611 3.5052106 -13.589977 9.03666 -0.091483384 -1.5664303 -8.952282 5.6423335 -10.973592 6.8037515 -8.907602 0.24916646 
-373.73923 160.00613 23.661997 37.33274 8.770725 0.68349403 -13.994442 -5.3049965 -21.729195 -0.34087846 -16.352064 4.0639315 -2.9055738 -2.1531215 -9.87347 8.666559 -9.5496435 1.9293914 -6.218452 -3.9009988 
-320.40222 124.78361 34.36111 23.110558 -5.955344 3.1698778 -9.018666 0.06463136 -16.893656 4.497746 -13.073567 11.876443 7.4420643 -2.465234 -5.3629556 0.92321205 -24.500751 4.1623483 -10.78026 -4.3940134 
-323.91507 115.08069 51.80546 28.610905 0.57325053 -3.9985673 -11.75504 9.371714 -25.110556 2.253811 -18.23861 -5.998997 7.4209194 4.5221663 -5.4540753 7.3981266 -11.232432 5.1436057 -7.2573876 -1.4710252 
-361.89297 135.21466 19.096867 48.13962 11.031724 1.4854494 4.165376 3.5461743 -20.752754 1.8527571 -21.528435 -5.526929 4.784291 -5.0795183 -11.121929 7.3136196 -7.513938 4.7836075 -7.729538 -1.5002265 
-359.73163 150.34052 7.1977863 36.104134 9.593301 0.07146531 3.5130606 1.5393159 -15.083716 9.567188 -16.455364 5.6979775 7.3851295 -3.4839625 -14.326054 2.5891914 -13.297604 -1.2299061 -5.0860124 0.26828015 
-340.099 133.35358 7.4519067 56.448807 20.105328 -2.0221477 -4.6457205 -13.534343 -12.681879 7.1540546 -22.803652 4.268804 3.1239054 -4.1051984 -4.676088 7.77252 -14.466478 5.8136215 -6.7492537 -5.2795753 
-376.16562 144.44159 31.975115 36.02295 8.621116 12.147773 -11.4391365 5.543505 -18.53752 -3.4194899 -13.015542 -4.5628643 -5.629375 -1.9246311 -10.520081 4.3851213 -10.74512 3.1463785 -3.2000525 -0.45988995 
-399.29187 148.59526 16.788769 35.030174 14.82336 10.937376 -10.322936 0.85849583 -13.850887 5.237464 -12.500731 -0.012426112 -2.93499 -6.522208 -6.716732 7.3635373 -6.3681817 5.0096316 -6.234354 -1.1373316 
-409.7166 121.26325 20.445992 33.154106 9.703102 18.30433 -9.862522 11.987004 -9.922829 7.6615243 -11.881574 3.1161008 -0.03993339 3.016765 -12.269015 5.2574058 -11.740788 6.7424936 -11.24219 -2.2029853 
-282.54263 127.74112 -9.733543 56.780396 26.557947 -1.5621703 -6.5813823 -22.375185 -19.599533 -2.0858088 -25.421944 -5.6745267 3.0146933 -4.414189 -5.01149 12.250587 -17.178772 11.8432255 -3.0505512 -7.7240567 
-329.59396 120.64179 13.362377 64.14833 20.13987 -14.531513 15.960654 -11.674885 -12.113293 11.499591 -32.639458 -8.660603 2.7798169 -10.91924 -21.912441 10.157763 -8.421826 0.51581264 -16.068157 2.3573282 
-418.66788 138.10744 12.758081 42.421 13.082353 10.831594 -8.264598 7.9398694 -11.268335 6.959368 -13.46192 3.803893 -0.049407747 -0.26701963 -7.201304 5.735001 -8.676301 1.1994575 -11.842878 -2.0984006 
-406.31775 153.08792 11.55024 31.179173 8.153823 9.846792 -10.728676 4.8187294 -19.775784 7.274402 -5.9832244 11.692893 -0.7739668 0.36361602 -10.872975 0.38699096 -12.171819 0.40943494 -9.362053 -0.80942464 
-341.7973 169.8725 4.7244277 27.17786 0.8716774 -6.4254694 1.5335208 -3.0261943 -42.200733 -6.011596 -7.3822064 19.537636 11.380645 1.4693131 -15.34387 -3.8833635 -12.555644 -3.0353549 -4.392913 -9.294808 
-371.79922 154.95721 8.379832 37.357067 15.754227 8.582674 -4.508774 -8.1769085 -29.481476 -1.1254091 -9.874081 10.223829 3.8076315 -1.464359 -4.7288914 6.6777854 -11.629907 2.178035 -4.303382 -4.092561 
-276.7704 126.03397 27.965502 17.62297 -3.6564806 -5.199112 -13.00689 -4.170795 -28.935726 7.6921177 -10.029999 3.6606386 5.8099318 -0.5980002 -7.5739965 2.6503272 -14.274412 6.819876 -10.885986 -3.588828 
-304.40472 169.5504 45.889164 44.20979 -1.887704 -32.821507 -20.70512 -17.498528 -28.673964 -0.83575684 -10.70573 -4.2903337 -2.6586044 2.1228354 -2.369909 -2.7105606 -5.0231624 4.847918 -8.595002 2.9931211 
-311.6758 109.475464 40.848656 23.628103 -1.3592356 11.217409 -10.275287 0.12240526 -24.171175 4.875114 -16.456867 8.574034 3.3402605 1.6545514 -7.938301 5.2261953 -13.477936 4.594902 -14.378391 -1.6951118 
-260.26715 168.59833 12.537268 26.660769 -10.848994 -32.066456 -1.4966183 -6.519221 -19.775387 0.45327032 -19.205887 3.2530851 3.8503728 -3.8242807 -2.8043234 4.203991 -9.868651 5.8372583 -12.03571 2.0748458 
-295.17368 161.33089 -11.171577 32.052845 29.075212 5.797239 -8.088499 -23.895414 -24.894053 -3.9933386 -30.292376 1.9811635 8.2987385 -8.526537 -12.401937 12.796157 -4.8291373 1.214311 -1.262807 -1.1638659 
-365.80252 133.94597 21.602207 53.68883 21.945017 2.2469244 -12.051601 -2.847357 -17.155846 2.3874075 -26.348421 -0.1869269 0.09915815 -0.0978845 -11.667495 7.1419525 -11.089434 8.994885 -11.731051 -6.3561144 
-381.19302 104.998314 38.249565 39.52248 7.0043902 27.249016 -15.041504 12.400261 -14.171447 5.403533 -15.712333 2.4293678 -3.6292975 3.5756426 -7.2623653 13.1270275 -13.158744 7.0727973 -8.539691 -3.2137306 
-321.14758 62.182644 51.70802 33.44078 -2.853542 40.171055 -21.680956 8.487744 -15.01881 10.360735 -18.174137 5.0108433 -3.8274295 2.3719063 -11.428284 16.823343 -21.516872 6.9071493 -5.7342935 -3.9808147 
-364.72302 152.67688 31.730988 40.57595 12.033966 5.8640347 -8.798705 -4.9990525 -20.90996 -3.17568 -20.301249 -3.212316 -5.609713 -5.1900463 -9.697428 8.624906 -5.489766 2.1287546 -1.9975493 1.6062077 
-333.83502 149.14363 39.587543 32.5599 3.344957 -4.091268 -8.08576 7.1774817 -25.571123 0.13548252 -17.128452 -4.525114 -2.891961 -1.4948916 -5.7129703 9.263602 -3.886545 8.584202 -5.1541715 -3.9159198 
-336.05997 79.95932 56.293545 24.073677 11.391148 24.950365 -18.48506 9.852502 -28.146397 12.0357065 -15.842726 -1.8615922 -5.3628654 -0.4437053 -7.654383 14.122166 -22.256836 10.104598 -8.248823 -2.0678282 
-400.52463 136.50412 25.12417 40.697197 18.579552 18.567915 -9.816467 4.4529233 -15.312441 6.7322135 -16.127525 -1.7921554 -7.2028875 -3.3478734 -7.3717327 4.94489 -11.91107 4.612952 -6.6633387 -3.2425768 
-417.75153 140.66713 17.382473 33.628506 16.443686 12.769479 -8.69548 8.164122 -9.140352 6.5980353 -12.026911 2.6897311 -4.5176177 -0.35648197 -7.905247 3.8983908 -9.130665 0.82051873 -9.603013 0.2545527 
-298.4099 166.54004 -7.592342 37.138992 20.117128 -12.814289 -9.806422 -6.080818 -19.011774 6.158531 -20.962952 0.7105683 11.414661 3.0276897 -9.728347 5.572275 -14.550228 -2.3077052 -6.687488 -6.997713 
-314.89554 82.03995 44.42884 17.293446 -5.521319 7.8141727 -11.791451 14.264067 -15.417192 12.224438 -16.481712 4.4201956 0.3110751 3.4613605 -12.2313 11.088055 -15.671751 11.742649 -19.498217 -1.2424722 
-344.79153 158.45905 39.83161 34.447227 -3.116622 -20.706581 -16.38326 -0.6207826 -11.88525 19.737055 -12.86898 3.2003927 2.726884 -6.7820797 -6.8960433 6.0108414 -9.504741 8.523635 -5.9838295 -2.9230182 
-369.53027 160.85216 29.308554 27.667458 -3.5502422 -9.94598 -9.40657 7.9225736 -7.2711463 17.021664 -14.656138 1.6361815 2.6081266 -2.4970942 -7.1137576 -0.66689634 -12.147158 -4.298681 -9.727918 -1.4982944 
-378.78195 152.28204 19.232716 27.199816 -5.9833984 -5.2502494 -9.119735 5.1050787 -12.21113 9.573595 -13.061471 8.509138 3.053217 4.3004065 -6.0164123 4.1438384 -13.6630945 1.0100878 -8.579929 -2.1249273 
-346.24503 144.1385 9.237349 22.288527 -2.4305508 9.423006 -2.3893335 -1.8814161 -15.016811 12.849026 -4.257998 11.85661 -0.61221915 -7.763187 -8.419941 4.1959276 -15.5678215 5.1280007 -8.49439 -4.502838 
-368.22253 162.61443 13.406593 32.985897 16.487806 4.998734 -9.087119 -1.4626637 -19.65731 1.3553023 -9.935116 6.6909914 10.89439 0.8918009 -7.2562933 1.5657204 -11.712964 -5.2182975 -9.579572 -5.425802 
-336.2567 118.320885 9.754755 57.81012 26.757082 2.4519963 -6.6208024 -3.9222174 -21.518066 3.7728665 -28.262276 3.8891695 3.188512 -5.5295796 -8.0436945 10.659752 -12.044305 3.1991572 -5.7618027 -5.58022 
-345.53598 164.62958 2.1272054 35.83159 21.762932 6.738161 -0.2665685 -13.657785 -29.854729 0.1634403 -21.01313 7.522907 11.058616 -7.1321845 -11.357643 13.588184 -3.9163501 -0.5975187 -9.62515 1.47021 
-297.41785 142.63763 -23.416449 59.87896 41.927647 -9.917856 -19.658735 -20.709255 -13.474003 2.4497821 -40.839928 4.594865 11.753328 -3.2955508 -8.5510645 19.364382 -11.62961 3.5487978 -0.6471951 -3.8470895 
-399.37927 137.05322 15.372791 39.52372 25.971483 7.1415873 -12.539321 0.8568519 -8.802336 3.3702593 -17.31145 1.1409187 -2.7800212 -3.1724422 -11.931876 8.052036 -4.1463466 5.3668723 -4.76579 -2.4514046 
-371.36026 116.02171 30.458204 47.328625 15.530411 9.23371 -9.724747 9.350729 -10.1024065 6.9127936 -19.577024 2.3845575 0.10957951 -5.062322 -10.766872 6.6479363 -13.06672 1.0213218 -7.2273483 -4.30473 
-314.08014 123.56114 19.342276 24.388845 -3.7334094 10.289837 -14.644675 7.1101108 -22.317205 9.74819 -15.168407 5.199417 5.194329 -3.97678 -12.740754 9.268338 -20.026863 0.9750154 -1.3702157 -0.7572817 
-398.73883 136.73822 13.650065 31.30107 6.215549 7.5814023 -14.162805 4.0015736 -8.046801 13.398503 -10.369091 7.3169937 -0.0033782322 0.99821514 -8.177851 4.910419 -8.495316 3.86831 -8.5046425 0.48889577 
-330.85834 111.849 36.53473 39.542713 7.9494085 27.92633 -11.685176 -2.3284924 -31.748562 0.028306339 -23.169485 0.72900033 -3.5861735 -7.593243 -2.908162 10.74413 -14.5760565 12.09773 -11.799469 -2.096342 
-337.59543 97.73336 52.717667 25.829977 17.621193 16.566505 -12.999371 6.6965203 -23.404978 1.2997384 -21.853281 -0.81324196 0.40619266 -3.7463205 -7.687071 7.525652 -20.88578 12.316086 -8.316517 -0.28039208 
-332.4419 95.81116 52.155827 22.541807 12.752538 16.35844 -12.530137 0.66589 -20.66027 8.096409 -19.501976 8.7568245 -2.3190005 3.5756292 -8.211807 8.169287 -17.73802 8.908968 -5.653961 -2.8895326 
-371.298 149.41733 28.534323 38.07393 14.775286 3.2262166 -6.5807505 -4.7586093 -13.696229 8.143091 -17.558916 2.6519873 -0.70504093 -4.6772437 -11.425352 1.388529 -16.126017 1.6905088 -9.049 -9.068625 
-376.4613 158.104 18.228813 46.122444 29.48325 5.4037194 -27.075256 -9.034084 -13.849997 -0.89787495 -26.397526 -3.2360234 -1.3815787 0.835651 -5.2765102 10.880601 -9.4782295 5.4176517 -0.21371698 -7.8207874 
-387.00766 146.04765 16.179928 33.472332 19.251778 13.565422 -11.163517 -2.0995867 -14.7786 11.90248 -9.976704 4.0517874 -3.7072122 -2.660749 -1.1979324 10.257687 -12.530712 -1.484566 -9.558943 -5.2505374 
-394.78284 145.77507 18.345364 49.30086 23.131035 6.7793493 -11.016114 1.1942558 -12.439291 -0.4631084 -23.420586 -3.8532639 -0.8245461 -3.0923684 -7.558987 9.386504 -4.060477 7.1862497 -10.683175 -8.618369 
-332.7552 151.90996 -7.494366 39.07279 12.212191 -6.283292 -4.8188357 0.1079349 -21.254715 6.36345 -11.496417 5.8951755 1.4604774 -5.983638 -14.066893 10.047219 -16.01685 -2.4031496 -9.145072 -1.5724366 
-354.14197 151.61694 11.676702 26.721907 13.355401 5.9864883 -11.67079 -1.422255 -16.653137 12.558874 -17.932106 6.981829 -3.895503 -5.26833 -5.387308 5.4224753 -17.078732 2.5962071 -10.603788 -7.430772 
-345.21265 141.99878 24.187208 21.185564 5.5786753 5.376712 -13.284058 8.28073 -20.008608 6.497066 -11.936634 5.364865 3.351391 -2.47289 -11.265633 7.726205 -20.970613 1.7827573 -9.7674675 -5.356612 
-373.2048 138.49547 34.67464 32.741634 3.5184655 6.8752465 -17.085443 9.7656145 -19.12495 4.3659563 -16.12548 0.1291114 3.4800155 3.4787025 -12.901065 6.528518 -16.243526 4.1159644 -11.111806 -6.707184 
-397.5957 138.08035 20.026573 47.12241 13.086379 14.3180275 -12.784431 2.2789605 -13.628255 7.416357 -14.840901 -2.9081814 -1.9767361 -2.7580676 -8.60954 13.164994 -10.517212 3.6094644 -7.3927503 -4.284381 
-387.18518 171.577 15.951701 34.61474 11.439584 6.2063146 -12.524501 -1.1085622 -23.040493 -4.6235213 -17.279493 1.6666012 0.5319384 2.0018315 -3.4214904 6.161277 -6.538302 1.9001374 -5.4910145 1.2221189 
-398.69107 151.18486 17.37723 40.212646 17.026594 15.213994 -8.298016 1.54188 -17.320044 4.800047 -21.254797 5.0296073 -2.455053 -2.2877336 -5.1263695 13.512968 -5.076588 5.108181 -9.485309 3.2993572 
-383.80594 133.746 13.880505 34.753586 6.880926 7.778706 -7.9266305 3.4396145 -20.059137 16.180119 -14.895621 6.339563 0.32212698 -0.3263928 -8.959137 6.429094 -21.07064 0.76441693 -10.619896 -0.73573595 
-377.92487 104.37536 31.149645 36.17423 11.490641 14.968436 -12.026213 9.139652 -16.571135 7.8476543 -15.666733 0.6908233 -5.5511646 4.177009 -11.786284 7.6666403 -12.369984 7.091677 -9.349402 1.4612122 
-360.83173 140.57233 7.186964 46.42872 24.180168 11.605308 -13.167845 -6.5657096 -23.583168 0.89282596 -22.684341 -3.921608 -2.4135952 1.4659181 -4.1034913 9.648636 -13.0552635 1.8943808 -0.85109097 -3.0232363 
-403.19498 124.06714 2.0152261 38.410828 16.36114 11.507522 -9.975753 7.5877957 -8.954789 10.334209 -16.987188 -2.081918 2.7534866 3.8398933 -10.297672 3.6147258 -12.181639 1.2862508 -8.556576 -2.5941432 
-373.411 132.66031 11.419678 56.371464 20.21745 -1.6390951 -0.08330563 4.0291867 -15.464715 5.714259 -19.351217 -5.368426 4.078929 -7.2355094 -14.852788 4.8297415 -9.280447 1.9922167 -12.160274 -0.19749498 
-289.6472 132.62933 4.4372106 32.46075 9.055915 -11.63175 -5.7243366 -0.6124009 -28.461508 5.398284 -21.394049 5.7882247 5.2931466 1.8210204 -8.418939 11.556672 -17.80557 4.340434 -6.687451 -2.2318425 
-331.46594 149.35364 1.5486709 53.405674 24.110466 -7.8876114 -16.285896 -10.635854 -11.944583 1.9891722 -26.549545 0.3861332 6.125677 -2.9412491 -5.731573 5.9551444 -19.531776 8.516517 -8.046135 -13.621054 
-384.503 158.33882 10.540625 38.871716 14.1781225 10.737319 -12.492803 -8.225553 -17.033161 8.614844 -8.997982 5.027342 -0.12988716 2.156229 -1.3195266 8.015814 -18.204098 -3.0313847 -5.411132 0.25702098 
-346.27472 84.273254 52.68221 23.67398 1.742859 22.166399 -20.650824 15.669222 -16.242958 6.924269 -11.145055 -1.4980729 0.16694413 5.4186535 -10.785662 11.792587 -18.160048 6.2506747 -12.772478 -2.3239732 
-390.40906 153.2579 12.970358 38.521957 12.474319 9.717401 -4.7044983 -0.8874058 -26.313457 -2.3589876 -14.1086645 3.2037451 -2.012082 -4.6661005 -7.6698017 10.897408 -5.271218 2.523223 -6.255411 -3.4068038 
-396.44855 142.8659 17.352497 45.843792 16.212292 4.20969 -7.4906235 4.4528475 -20.773945 -1.4803874 -18.492613 -1.3611829 -2.6272583 -0.08556959 -9.699508 8.396026 -8.077976 4.7593436 -5.5283995 2.4788463 
-388.3021 163.409 1.4818614 29.93201 12.451344 6.7594104 -7.382393 1.144752 -15.458618 12.765228 -7.2183304 4.9790664 0.68480676 -3.6747851 -10.233479 4.0319586 -12.989315 -3.8984761 -6.9747276 -0.46058142 
-393.61783 141.98112 14.032061 43.0533 14.216781 5.43602 -1.751571 1.1278167 -9.392494 8.560722 -14.804679 -3.0496848 -0.30073592 -3.65034 -10.231788 4.0998363 -7.2530036 -0.90878594 -8.782938 -3.9687474 
-368.3174 118.913574 15.930919 48.35684 6.6541805 13.616451 -9.065694 1.0548291 -9.2406025 10.767931 -15.46773 1.0391363 -1.7960829 -4.2182612 -6.695643 5.046233 -17.594955 5.1401825 -9.049946 -7.3635845 
-399.24304 137.50902 17.909721 30.74898 12.62917 14.677104 -4.763541 8.319318 -12.404879 10.893463 -12.42226 1.1878079 -2.9673438 1.1447479 -9.802249 4.3376513 -8.65698 2.125741 -9.38995 -3.1396778 
-430.04086 144.65155 8.715687 37.60283 11.074901 8.769336 -10.443369 12.872301 -11.683106 9.122565 -6.7704244 1.9405501 -3.5261066 1.3200333 -8.505616 3.3398468 -7.097545 4.3326473 -7.6836834 -2.2121277 
-428.4531 144.79593 8.793126 36.112347 15.360282 11.437197 -6.8867273 9.167154 -10.148626 7.676882 -7.244911 3.6220312 -3.5206494 2.3031552 -3.9897487 5.4172454 -6.555244 1.6889338 -7.040275 -0.7528068 
-430.86584 139.85683 16.366245 38.370586 16.251966 6.039869 -9.437612 10.098809 -5.6667275 6.188246 -10.436546 -0.47464427 -4.099573 1.532462 -4.4948325 5.0043416 -9.4547415 0.76025265 -9.302633 0.023806969 
