-425.94968 142.36029 15.341465 37.395424 12.832294 15.72091 -3.25006 15.000173 -7.3940115 9.902493 -11.268782 1.6616006 -4.110686 0.47186184 -9.7884035 1.2281289 -19.059586 0.6522309 -8.930336 -1.6044834 
-384.4764 146.46751 12.753008 38.47998 10.72195 5.531777 -6.5870748 12.519199 -13.975295 -2.8502123 -9.444341 -3.870199 -7.621277 1.8649809 -14.53086 -3.7736104 -13.541204 1.3220043 -1.3849206 -5.575842 
-377.59082 138.82631 26.729645 27.44988 6.6549144 3.1074176 -7.2937207 12.155657 -13.593241 3.2794209 -8.248325 1.6961924 -7.4555097 0.79089946 -14.1043625 -6.9686923 -12.471699 -2.4039814 -1.3526071 -2.2104082 
-364.04086 132.45609 23.540077 28.362562 11.85981 4.3131166 -12.466159 2.894776 -19.917183 4.80498 -11.508617 -1.9691936 -2.6293848 6.7333374 -11.102249 2.9075541 -6.0871224 3.908579 -10.583507 0.40986198 
-335.00412 111.83828 15.922814 39.893635 13.315903 4.134435 -13.012363 -3.431663 -19.631823 14.74227 -14.386481 -6.878339 -0.26584563 3.7720435 -5.227534 -5.7971497 -3.1424563 5.245556 -17.11828 9.30637 
-331.63153 141.11398 2.2804906 17.010387 1.6210022 13.285589 -17.438148 1.0886645 -24.805504 17.43057 7.7665753 -8.382182 -7.7705884 -2.4155893 -16.087156 2.427563 -10.194302 6.737937 -14.506121 3.188567 
-315.4414 91.381676 26.600143 21.762487 -8.263736 27.640778 -24.406193 12.777791 -12.637688 15.066752 -6.505537 -4.2599907 -6.1403217 3.7551732 -11.261483 -1.6791486 -4.4621315 -0.24760999 -11.653549 5.8157024 
-331.12866 85.64792 38.470745 41.965168 3.0029433 18.91357 -27.681292 2.6300974 -18.927584 8.432174 -19.29131 -1.2548548 3.2375233 6.5679684 -11.203022 -8.822011 4.218378 -2.731494 -11.988572 6.5079627 
-381.13956 127.06302 23.851854 35.697086 8.660196 14.233773 -16.618828 8.03128 -14.474797 6.4339814 -17.71342 -2.2411604 4.9022584 3.0904956 -3.057402 -3.0846515 -4.509601 -0.33160713 -8.163549 0.52827835 
-419.42398 133.16129 7.8151865 35.616085 9.474169 14.237863 -11.379158 11.919957 -6.554081 10.517972 -14.563773 -0.5512493 -2.294769 2.0239894 -7.9896445 5.8848023 -12.465898 0.65960145 -7.9606924 -6.9009933 
-413.4196 135.24132 9.861348 38.22589 4.525238 14.4087305 -12.869449 9.181542 -7.2510624 9.814778 -14.9761505 3.9067202 -3.4416583 5.9481945 -9.215607 5.6046667 -14.519711 0.81535274 -6.541139 -0.48046547 
-418.57346 128.92043 14.153081 34.418545 10.126728 15.101854 -14.391395 11.372423 -6.0462494 8.485144 -12.943784 4.891151 -6.9725122 3.7707036 -9.482016 3.7474453 -11.424574 -0.050103504 -7.8232555 -2.9444456 
-308.8968 112.94983 -17.91016 35.49329 12.314243 7.182235 -12.27021 9.536721 -17.675642 27.987598 -19.53647 -3.1065776 6.4455457 -13.721978 -13.686291 -9.406973 1.1274415 -4.17876 -2.059004 -0.27312607 
-387.4146 142.872 28.064857 36.71773 13.618086 4.663473 -17.736156 16.011562 -17.062958 7.8519964 -17.85755 0.6807792 -6.748576 -6.2771235 -4.8585796 -5.5680923 -6.0352664 -0.25507894 -9.466947 -2.1826344 
-411.28244 134.76457 17.16018 29.545536 11.471602 9.359159 -7.5571475 11.573877 -11.733254 4.223408 -16.60164 0.7734692 -7.683753 -1.9266845 -9.13407 1.4951711 -8.533733 0.47497547 -6.44197 -4.353518 
-417.00363 130.01466 13.800144 35.53845 9.524337 14.129964 -7.032063 12.582737 -10.811544 7.341779 -10.271576 2.4596527 -7.2958765 3.8984501 -12.174304 2.6863105 -10.731864 -0.71991855 -6.123132 -1.768933 
-321.9045 126.484535 -15.237605 15.009501 17.178396 24.90128 -28.88566 24.309183 -17.825508 8.44564 -4.8989773 -13.2694435 1.6494184 -1.7280923 -16.031485 -10.4843025 -5.4250817 3.2830267 -6.749019 -2.535098 
-311.32288 113.723656 -16.493279 22.721489 19.275373 26.33025 -34.183628 21.174953 -19.121416 8.603766 -3.1719792 -14.596534 6.6336975 2.25891 -13.61028 -6.3338127 -11.625996 0.993345 -7.147692 4.2765613 
-377.92123 133.25809 12.390588 26.9268 11.442799 16.279654 -20.061134 12.948432 -11.539947 12.809968 -12.461388 -10.368292 0.37264812 -4.6615887 -11.577685 -7.501602 -15.651849 1.432426 -6.28892 -0.9285469 
-425.21292 137.81874 14.228326 34.08948 11.437411 12.841212 -5.7476907 10.857461 -9.978361 6.5196896 -12.022373 0.9943235 -7.2171707 1.5256374 -9.113939 1.2016383 -8.607383 1.4306442 -5.6605434 1.6797292 
-421.30148 137.14426 15.678689 30.97882 10.615665 11.197336 -6.3059015 11.010181 -12.164971 4.371752 -11.317433 4.5502205 -5.4621615 1.2984676 -6.770261 3.113192 -11.60054 0.56604534 -7.4723797 -2.3230922 
-417.2764 133.50249 21.14116 31.511183 12.623306 10.337525 -8.98606 8.547566 -12.524948 4.043287 -13.761982 -1.8459413 -7.1070952 -2.3516476 -8.789894 3.7935617 -11.303758 2.5323892 -6.4122176 -3.5222664 
-324.0516 116.69701 11.040257 53.81377 -6.6138206 -2.3182228 -13.188114 9.935586 -20.96577 17.056057 -12.447616 -9.889054 -2.3926136 -11.910351 -5.7821584 -7.433329 -6.439184 -2.7082736 -9.745209 8.703014 
-338.20938 121.89467 -6.9629073 23.927837 10.676956 28.624434 -19.656328 10.458699 -18.864786 19.17022 -5.11596 -11.025204 -3.5353384 -8.643429 -15.520082 -1.8856725 -12.164431 2.4303591 -3.566385 1.5712297 
-377.3716 148.4776 17.602255 14.055374 -6.3834915 12.125014 -17.904959 8.010645 -24.359623 6.845349 -1.8492475 -1.3103373 -4.8674884 -5.4667683 -14.563793 2.0514472 -13.901169 6.449658 -12.381108 -2.1577203 
-360.15063 103.55423 33.038532 37.771877 -5.07306 16.080517 -18.621384 7.6191287 -12.211771 4.5825596 -8.129492 2.1039834 -6.0805264 7.35397 -17.34461 -0.6343824 -6.9586716 -3.9828253 -5.522473 3.438185 
-367.8413 97.571205 31.069841 53.386337 -2.02456 17.540144 -10.47969 8.17394 -23.892101 -1.6111734 -16.01001 -7.500172 -4.9941683 -1.3003236 -5.2566166 0.17342561 -5.2343483 1.3182967 -8.827977 7.8911533 
-349.89807 115.87409 22.135567 44.283615 13.181089 2.70533 -13.017383 -5.087968 -18.671515 6.707861 -15.614208 -6.5096054 6.6988277 3.8680797 -13.1033745 -1.8750758 -3.1981523 5.9476795 -17.781103 6.8855343 
-383.21692 122.502686 29.155592 30.6293 12.564296 6.145777 -8.705288 0.7455065 -19.37693 5.7065325 -11.378628 0.3397026 -6.079111 0.31369323 -12.117297 0.42037714 -9.685286 4.6906705 -11.864508 4.203072 
-351.36325 148.33517 5.1225395 15.8126335 -10.320809 22.344812 -14.891931 7.7802973 -16.475883 8.668499 6.6495686 -1.6514903 -14.93494 -3.0581648 -14.441869 4.0220227 -8.497524 2.5367882 -3.4936404 0.6599367 
-389.21115 137.13983 21.858534 24.05923 5.478145 7.806673 -11.512821 5.146122 -18.938723 4.2457013 -7.9373837 7.4252048 -9.87095 0.80762184 -11.073491 -0.6387775 -9.448452 1.9875948 -6.7709107 -1.3425351 
-402.9966 140.44453 29.895128 35.05228 14.075323 7.9839225 -8.451315 10.701124 -17.00414 -0.29710314 -19.277555 -1.2649589 -9.893856 1.7514333 -6.60004 1.3038487 -8.525054 -1.855356 -10.8691 -9.204021 
-394.31534 143.79813 31.727213 30.651253 9.472248 1.5319428 -14.389723 7.256071 -17.484991 2.7654214 -14.482503 2.4780016 -6.3771996 4.410202 -4.256441 -0.9822054 -8.231912 3.418395 -4.8343945 -3.590949 
-359.32925 99.74593 34.0355 55.070545 -0.50920177 4.2347655 -7.296606 4.870454 -23.320082 -1.231815 -12.856766 -6.6922393 -8.537354 4.5877843 -8.938334 -2.9582565 -5.6656494 2.3795602 -10.583886 11.1926155 
-350.77783 63.276897 51.79038 32.422863 0.41600975 27.29877 -19.218246 8.421947 -12.036492 3.2700043 -17.912302 0.98497075 -10.872202 6.4601583 -17.846712 2.8170612 -2.1678917 2.6040006 -13.313026 10.499295 
-335.9713 72.65726 49.290028 29.636248 -4.0274487 18.814384 -13.571535 -0.64480346 -13.397826 3.904294 -10.249837 6.077954 -12.960212 6.3679624 -14.094541 1.2252095 -3.5219219 2.715592 -14.395196 6.2278843 
-394.40466 141.36671 21.001213 30.179085 0.9872372 4.6926336 -11.265927 14.185442 -16.932734 0.6492991 -15.961204 1.5066348 -13.506723 6.859306 -4.4840846 2.0396872 -10.735686 2.4484537 -4.385846 -5.505743 
-362.90753 135.34557 -2.4867759 21.628683 5.277071 24.369368 -23.115135 13.920722 -16.87191 9.816685 -0.9827863 -2.1083922 -6.4122014 -3.5210135 -3.771988 1.6349282 -14.662062 7.127836 -6.7731915 3.4841893 
-380.051 148.88165 14.354977 24.138859 12.536606 5.3634057 -13.629238 -7.181443 -18.799387 4.1168103 -8.513317 -1.3472943 -1.5232635 -1.2924768 -10.244394 -0.3241565 -4.921099 4.635737 -6.7423058 -2.997674 
-320.73712 143.33669 0.16286427 5.1282053 5.1617155 7.6400485 -27.232817 16.145926 -16.460344 10.636044 -1.9879153 -5.3704977 -4.9547596 -11.256115 -4.3311996 -9.95298 -5.874483 9.652216 -8.193316 -4.0686493 
-357.7125 108.512245 33.61088 25.176353 7.5827875 13.733631 -25.661886 8.615276 -9.803211 7.0929832 -8.475673 -3.638608 -6.922315 0.64796525 -9.094583 -1.1237601 -3.4326475 0.87786627 -9.844269 1.1239921 
-371.66885 114.24909 30.314327 37.11738 11.163445 6.1004734 -10.556661 2.7702873 -11.791105 4.2895184 -18.12206 -4.0942364 0.0812467 8.357085 -12.969806 2.8409052 0.59468055 -5.811451 -3.2595992 -1.5739135 
-381.8227 116.55284 24.975163 31.732506 14.611982 8.169009 -10.519915 6.411576 -11.191733 9.0522 -15.86244 -1.43319 -4.5227857 3.8925922 -11.560752 0.7916644 -7.572292 5.2892294 -4.8210382 -1.3023273 
-358.76 113.6207 18.678772 48.368977 12.578137 -0.044440016 -17.626957 5.116308 -20.594782 2.379346 -9.247119 -10.319521 6.5651226 3.6097085 -9.785336 8.198554 -10.178487 -0.21579844 -17.115225 3.4786844 
-351.44434 68.66194 46.788513 44.904243 -13.749062 28.902842 -21.203712 15.725577 -15.940355 5.175922 -13.67661 -2.5719085 -5.4965253 3.5118573 -8.983885 0.024224069 -12.063401 -2.9779956 -7.143181 4.6467896 
-379.14996 106.838135 29.145473 44.513588 2.4094038 12.924581 -13.471989 11.994471 -21.711912 2.5057569 -11.285063 -3.9867444 -5.3662596 3.6337826 -8.149454 3.6682367 -5.5601306 5.7946796 -10.272297 1.3203812 
-379.9025 144.70517 1.3353903 20.00721 10.33218 24.120802 -22.26336 16.452553 -15.695548 10.836565 -3.57507 -4.493261 -6.1771755 -3.7617865 -10.684519 1.9665713 -18.963173 9.640269 -4.8055863 -3.3778808 
-413.032 133.64435 17.020147 31.034128 9.213713 15.006197 -10.460488 11.017236 -12.180435 12.600357 -12.394647 3.9400012 -4.444512 1.6623677 -12.240444 1.359877 -16.502224 4.9033356 -7.443962 1.904365 
-412.83823 144.57228 3.56906 35.340294 7.0583963 17.150974 -12.270626 9.982798 -11.4467945 13.277224 -15.305998 2.4526134 -0.7143513 7.160265 -8.570821 1.3633921 -18.963606 1.0038953 -11.181635 -1.6832882 
-397.98975 124.669815 9.11689 32.01552 11.086399 16.677364 -4.791041 12.1508045 -9.065966 13.023461 -12.8904705 2.766951 -2.7513237 4.0922933 -8.083142 9.616874 -6.584829 2.742902 -4.8563123 1.2638215 
-347.4371 126.06182 3.0899162 21.278322 15.8736 21.591331 -20.412086 18.221565 -14.029434 7.621595 -5.898376 -11.7937975 -2.3111403 -7.006234 -13.749109 -6.246591 -12.988983 12.590428 -1.9208139 -0.1495031 
-409.47644 142.15306 19.592295 32.502228 8.450946 9.560643 -14.492449 9.11897 -9.207277 5.270014 -10.694712 0.116596326 -6.631689 2.1362848 -5.71276 4.0306525 -10.654362 3.3098269 -7.727957 -5.301757 
-393.58054 148.39557 36.80562 31.536486 4.449442 -0.7400927 -18.577848 3.1476507 -17.021446 4.0360913 -14.05467 2.271612 -6.778731 1.2644095 -6.2109346 -0.22024144 -7.398383 6.441992 -6.215582 -1.9251027 
-397.3299 151.06956 35.602165 32.27604 4.55414 1.079699 -21.476297 2.5025673 -17.681202 5.6307344 -16.187569 -0.10080104 -5.834727 1.6834596 -6.2371764 0.2283316 -9.408164 1.6139201 -6.8046637 -1.1413193 
-392.1322 148.50262 29.380611 24.879602 3.1836581 0.30270922 -18.44493 8.917149 -16.161888 7.0275936 -17.557777 -2.236832 -6.156053 1.0815146 -2.4150996 -0.008731948 -10.35461 0.17561418 -5.691089 -7.2516346 
-383.4609 126.12723 28.464409 22.849464 0.6805823 12.563345 -14.0222435 21.108198 -15.62876 15.368374 -9.980102 1.2937355 -5.636664 -5.676946 -8.811347 0.48720148 -11.5373335 8.464026 -3.2556205 -3.3649478 
-315.39822 148.55194 -11.249926 -2.8786066 -4.9497967 19.52084 -18.464993 23.654142 -17.95212 8.683051 1.9373888 -13.249147 -5.4114065 -11.366585 -7.161727 2.4215658 -13.170905 12.092039 -9.343762 -1.0497074 
-400.78494 139.48372 22.299261 26.484047 4.337968 10.569068 -17.625858 8.966622 -14.755717 10.264246 -8.295032 -1.430731 -6.538691 -7.0181456 -8.5627165 -1.980559 -7.631874 4.577023 -9.908092 -1.188427 
-367.08145 156.07642 14.119517 6.7685566 -9.422318 12.331423 -16.249609 13.829429 -17.854536 6.585762 -5.02315 4.5584226 -3.7117946 -14.690918 -6.3990726 0.39191425 -6.0647526 11.412654 -10.202801 -0.512137 
-400.0837 132.62514 18.904894 24.473951 6.288298 13.360447 -8.69375 7.765394 -11.280856 10.636307 -6.2953024 0.6024997 -4.823072 -0.7177744 -5.0391474 3.169019 -11.198232 2.3186884 -7.555013 1.7460399 
-401.86328 135.15305 18.629642 35.079086 11.009804 7.396737 -11.914883 8.896224 -14.322193 6.181376 -10.453881 0.57340616 -5.0180225 0.12324275 -9.551789 2.2544436 -8.777027 6.3939133 -3.262857 1.6600233 
-379.56647 136.93114 19.954033 38.10991 7.321279 7.3490925 -16.163132 8.058783 -18.964687 1.095056 -3.1850803 -1.8915353 -7.0276194 6.2518554 -13.812482 0.45001778 -10.822773 3.2511177 -6.8592877 -1.155155 
-398.43066 130.75696 29.551994 31.385902 11.975325 10.471906 -8.099529 5.8520136 -16.250696 5.518038 -12.7839985 3.5945778 -3.6631672 5.8453455 -6.0848556 3.7770967 -5.1196284 1.7573322 -11.804876 -3.3490236 
-375.973 122.04935 20.83843 41.606056 6.967972 6.843405 -14.0078945 7.262317 -18.04003 0.601076 -6.061857 -2.252744 -5.0041203 8.169264 -9.011366 3.245003 -11.234112 1.694259 -12.783367 0.92345685 
-369.88773 105.83339 33.299305 44.60859 2.4271739 10.369707 -18.085957 11.738686 -22.533102 5.864363 -9.036485 2.3507838 -1.3110964 4.423019 -3.1508036 0.42849553 -7.1118045 2.1615946 -10.073592 3.8088782 
-386.39905 109.707436 12.098739 43.303726 8.431007 18.604177 -11.313747 10.338235 -7.6515937 9.533817 -16.163883 2.8926055 -5.0692205 3.169456 -9.682934 1.5733577 -10.761374 4.369098 -4.732416 0.83091563 
-383.13107 128.33179 13.4503975 42.13699 5.2565007 14.990947 -15.297298 8.492608 -7.824513 15.316227 -16.399275 5.3888807 -2.572739 -1.1403283 -7.9310575 -4.8715906 -6.8810353 -3.8823004 -5.1920147 -0.6591408 
-316.8057 123.69113 -0.48158202 28.018011 14.009856 14.553448 -20.348373 9.699995 -16.163048 20.808159 -21.018415 -1.439569 -0.065337814 -6.597462 -9.048287 -19.803493 -1.2162129 -3.6619594 -6.4260187 0.63905174 
-344.6575 142.67691 0.4524303 25.070318 11.850521 -2.143241 -12.984824 -0.28535354 -18.36979 11.398815 -10.142144 -10.437984 -4.3410482 1.4162897 -9.847721 -9.728738 -7.5407047 1.4046048 -6.160601 -1.1205144 
-384.41107 146.67978 24.338636 24.751451 5.3165064 6.7442365 -13.793112 1.9748459 -17.808073 3.2372339 -11.78869 4.652836 -6.7006736 3.221949 -7.846952 0.76856905 -10.522205 2.9539692 -7.2241898 -4.743677 
-405.8125 130.53194 24.476149 39.83775 11.046922 12.249466 -8.226726 11.522077 -12.323566 6.755771 -12.755535 1.4353396 -2.5954802 4.412325 -8.805972 4.275115 -10.378387 4.735277 -9.01842 -0.239126 
-360.24542 122.56661 21.179743 41.201084 8.451963 8.684367 -12.566291 9.3544855 -25.458107 2.4914656 2.89635 -13.289062 -3.504243 0.32176292 -5.879403 -0.69800454 -11.257598 0.50961983 -14.2080765 3.3597016 
-346.4181 116.31013 25.405804 37.724255 2.571517 16.183062 -22.883274 -2.0907965 -20.9155 5.8754535 -7.4872556 -11.588822 5.425734 -3.1307862 -10.779552 -8.558531 -2.204725 -1.3809242 -10.661544 9.249609 
-332.9152 74.89282 39.66518 30.541422 -5.346992 26.928806 -25.25542 15.071014 -13.668492 7.625245 -12.129755 -1.7216088 -13.609767 2.3370922 -12.735767 -4.892679 -9.506757 1.0567027 -5.833553 4.250841 
-367.41846 132.18167 8.279233 19.886692 1.737915 25.51232 -21.060003 13.350246 -19.52293 14.759892 -0.04279285 -7.004786 -6.319711 2.4059837 -12.217705 -1.9413041 -10.965522 4.315204 -1.1494901 0.9565563 
-352.5049 96.922226 33.70783 49.911232 -9.394489 8.945333 -6.3137116 7.1581783 -17.091925 9.777097 -10.651638 -1.0154194 -9.217537 1.2057047 -2.9086618 -7.044061 -5.0338435 -0.3842417 -9.866076 1.7326484 
-418.96295 138.7734 13.939088 37.92727 9.39313 12.900375 -4.2309446 7.0669904 -10.048923 5.4454737 -16.13926 0.9378074 -3.4468546 0.24824649 -6.1581216 3.6188152 -13.032516 1.7686436 -7.6708045 -4.6802835 
-424.1942 145.799 7.2861896 37.025166 8.315294 13.48396 -8.127529 7.240508 -9.637032 12.586801 -12.554493 1.222876 -3.734088 3.2585382 -7.3440695 1.9035789 -13.583431 1.4132137 -7.040886 -5.3613777 
-362.7044 119.46674 2.942764 29.838104 11.13436 17.526352 -15.024979 12.413618 -14.340633 15.180276 -7.598913 -5.3789935 -1.7399373 -1.1550906 -10.50685 -0.2160129 -7.714741 5.1267877 -7.9646597 -2.3849847 
-390.56503 141.89925 12.559665 24.50327 4.251941 15.337236 -19.703339 13.3074665 -14.595095 7.398556 -7.41469 -4.8589334 -2.3820782 -0.14842203 -6.7802696 0.55468494 -16.028286 9.348759 -9.431704 -2.1897848 
-395.9208 150.63655 28.2309 32.040417 -0.94783807 8.62183 -18.561361 5.145426 -19.559982 5.609068 -6.5261154 -1.1257037 -3.7926767 -1.0421469 -9.489895 5.295666 -4.6258187 6.786814 -12.073578 -2.774953 
-379.89218 151.16882 28.520193 24.663286 -4.181356 5.269433 -17.894037 3.5094817 -19.454416 4.5845776 -5.453249 0.57101274 -1.2294478 1.5373895 -10.79964 3.6854773 -12.475915 4.441159 -12.762108 -3.7849803 
-314.0631 136.51212 -5.2828298 9.061647 1.7996262 9.781915 -26.325727 17.629137 -9.019817 11.86811 -1.4292268 -16.880058 0.11834121 -7.3924365 -8.919979 -3.4087045 -11.775386 6.904218 -12.686903 -2.44523 
-335.18127 56.643173 56.781155 29.60141 -5.252958 24.923655 -26.415136 16.419477 -14.128536 6.103665 -9.648039 -1.2145654 -8.14017 4.981719 -12.692578 3.1016042 -8.236857 -0.84912175 -8.912052 5.4616337 
-354.7156 139.8286 6.2989206 13.15485 4.502821 23.748789 -25.85749 15.660618 -18.671623 11.494685 -3.058253 -3.340348 -7.577058 -4.814798 -8.962049 -0.19672239 -15.635154 10.971541 -11.718746 -1.1665893 
-386.73206 145.13446 24.93281 31.460684 4.9065886 15.375004 -14.40254 5.415037 -21.5472 3.4831495 -5.8590865 -1.1211576 1.362264 -1.7256125 -11.681463 -0.20585036 -10.840404 4.2607555 -10.530761 0.9654443 
-336.05368 81.12715 47.096745 25.581287 2.3882508 22.371035 -23.793695 3.6215575 -9.87934 6.3567705 -14.665109 0.7382333 -8.082515 4.425166 -12.840373 -3.4152734 -11.819316 2.0829873 -12.189568 7.0036044 
-379.40805 118.292725 38.542477 28.213444 7.900357 15.215229 -19.798727 10.72197 -15.542291 3.596197 -14.019083 -2.4481943 -5.8195767 3.814638 -11.677075 2.5898561 -8.593362 2.8045409 -8.239443 -1.9271696 
-350.34174 134.20918 3.3041694 21.347988 -1.1250942 20.42524 -21.800686 11.919486 -15.7853985 12.637315 1.2811491 -11.954108 -7.20759 -0.5510416 -12.824173 -3.4734964 -6.4684024 10.170036 -10.76058 0.10803461 
-354.50162 118.04552 3.7900577 21.150803 8.572065 20.511837 -22.330296 16.290775 -14.187753 7.120063 -3.4344928 -6.9974484 -4.031248 -3.1735394 -3.9880872 -6.7544928 -8.839741 10.390088 -5.5617514 1.6804428 
-408.08292 147.0922 24.132935 29.34005 3.296691 5.9034057 -12.6678 12.180036 -8.77754 5.1422105 -9.667064 1.5077863 -5.500036 1.7248372 -6.8524723 5.778196 -9.460253 9.293074 -4.2827616 -3.0132613 
-402.9548 146.64296 24.93245 27.881645 4.962842 13.556643 -14.33028 8.833072 -17.393354 3.3862317 -12.458836 7.383985 -4.748489 1.371881 -8.5770855 4.075673 -9.436094 5.9118714 -6.725396 -3.4166398 
-376.94147 139.34859 11.1236315 19.491762 9.13411 20.108217 -19.975119 9.937977 -12.133732 8.9460335 -4.033662 -1.8604548 -10.215653 -2.8363953 -6.7924824 2.6559362 -12.624853 8.401901 -6.769638 -1.7824934 
-393.04135 126.534454 24.13519 48.360584 5.298376 5.0094194 -8.450939 5.774799 -17.212784 1.3105873 -9.077263 -5.510007 -6.452502 2.3563507 -3.2444758 1.3767446 -5.8719883 9.017155 -9.239306 3.7804484 
-391.90698 139.84035 24.388998 30.84811 6.5677996 12.6733885 -3.9353647 7.142747 -18.706705 -1.8605161 -7.47298 4.505573 -4.244464 6.9585896 -8.85168 -1.6514522 -6.495991 6.1072927 -4.2584057 3.717004 
-392.98776 122.700226 28.514364 27.289904 2.675525 8.13323 -7.9717693 8.627872 -14.089433 5.472358 -17.939243 1.1330771 -9.27364 2.709882 -6.696911 1.9671702 -13.935481 6.53503 -10.172676 0.79502976 
-394.34503 149.76532 32.1392 29.197208 -1.3473102 7.3398232 -10.864683 3.4306996 -21.642426 -1.8847705 -15.382048 5.9205976 -2.687727 0.11173434 -10.342468 2.7258482 -7.931448 9.9762945 -11.01383 -2.878269 
-369.4391 151.17679 10.848524 8.8996935 -11.840648 18.255983 -16.920847 14.432568 -16.341482 6.5233393 -3.750066 2.5468457 -6.5282807 -9.512 -13.69115 5.6933846 -10.075786 9.394271 -10.150638 -2.9317796 
-396.91565 132.8239 20.575806 33.258236 3.3178859 7.5251203 -5.7866654 10.9743 -22.8843 4.567481 -15.217089 1.4008906 -1.5096035 3.278018 -8.960478 3.5289564 -9.47331 5.086052 -8.735256 2.5957685 
-373.24417 140.4225 12.346874 33.430363 7.9070826 -0.3653717 -22.825556 12.594212 -18.718256 7.5223184 -3.2996848 -3.9740503 -5.4394627 1.4049097 -8.120303 -2.9550066 -10.2448845 7.8580008 -11.681031 -1.0230657 
-369.2341 121.49447 6.8571377 23.799934 12.02044 20.230274 -22.95554 18.289549 -14.621571 8.685354 -5.167174 -4.367404 -6.0990667 -5.6318913 -7.6493225 -2.5338094 -9.050108 7.8450985 -5.1472335 0.4429882 
-394.594 135.01366 21.231668 29.058455 7.5963244 5.7289495 -11.90236 8.169706 -12.161885 6.896998 -7.747361 0.06715548 -8.984264 0.26633433 -7.2372003 2.2035413 -7.8070035 6.1886415 -2.9616663 1.2370461 
-370.40826 92.14551 39.323948 43.01297 -4.20783 24.915138 -22.152275 18.040245 -18.186079 10.193569 -9.987919 2.3551545 -8.750665 6.242631 -10.688382 2.178337 -7.647643 2.4068038 -9.174013 5.2241383 
-375.79865 102.4834 29.094625 36.77034 -1.0248669 16.768831 -14.463863 8.391376 -8.603756 4.7302756 -15.5281725 1.7770367 -9.0197735 1.643598 -9.14556 -2.2292972 -11.389896 3.4298515 -12.358806 3.7526865 
-369.27716 91.139244 37.365845 36.28817 -0.44137442 19.861256 -18.83118 12.259901 -4.823664 6.8857083 -9.477406 -0.23459196 -7.4599304 4.050404 -10.891686 4.8542905 -9.923641 4.3283668 -13.901473 4.91427 
-397.5025 124.737915 27.404232 38.440895 12.5346155 15.673835 -14.629498 6.3016257 -15.967719 -0.9500874 -12.552357 0.9784241 -3.4360745 5.833081 -10.529439 4.033547 -10.373286 6.279394 -14.303619 0.9441588 
-415.7589 127.37306 11.276236 38.413216 12.457531 16.065197 -8.65266 9.174404 -10.795422 8.606451 -11.412518 -0.60880387 -3.3328686 1.9560335 -8.010706 5.4599433 -15.092289 1.6283183 -7.106227 1.7610202 
-419.6392 138.72993 11.670252 33.600056 11.981739 14.277527 -8.721002 14.673435 -9.39888 5.746961 -14.000978 -1.4407839 -8.815582 3.6401126 -7.314994 5.5678196 -12.207657 5.008954 -6.294234 -0.46037734 
-419.98596 128.89835 17.93972 30.528276 11.341682 18.27744 -3.0903604 13.301969 -11.181895 5.461523 -14.109989 5.593911 -3.9900627 3.506769 -9.621463 0.50738704 -14.5270605 2.0223708 -8.178835 1.4398482 
-425.33197 142.2826 17.861725 37.997353 14.379571 12.760032 -7.5775247 12.393633 -10.228861 8.790206 -12.0967 6.1877246 -3.067953 3.9013345 -4.2800083 6.241004 -13.336879 4.4234676 -7.888128 -2.427173 
-424.50165 135.76558 13.82636 30.390188 12.216086 15.065367 -5.942519 12.801244 -10.676334 6.090868 -16.514204 1.5064806 -5.641815 3.2157822 -9.030433 5.050619 -13.342284 1.2198069 -7.7393246 0.419425 
-420.49823 143.46759 15.708156 36.666893 13.495815 13.756667 -5.920982 10.970296 -10.910531 5.5709915 -12.30232 2.5167928 -3.6952057 0.68987775 -5.433756 2.395787 -10.559911 4.410116 -7.208567 -4.0703077 
-360.25455 137.42468 -6.6701093 27.806787 22.96522 10.086444 -24.980997 8.632758 -10.058086 11.590925 -6.0634575 -7.4131536 -3.175171 -3.0741305 -16.14928 -0.6800256 -8.377862 9.072646 -9.608563 -3.5369983 
-386.86386 131.32042 15.531487 36.130787 12.969602 10.80727 -19.489458 14.342708 -8.394024 5.4720154 -6.6303906 -3.2270596 -3.439891 1.9516711 -11.419209 4.392835 -11.024588 5.362575 -7.7581286 0.68386203 
-367.173 118.917465 17.921455 31.971382 12.98753 7.501659 -14.548496 5.177995 -8.824554 9.903233 -9.482361 -0.18967639 -4.2959995 2.8142798 -5.732954 -0.05751525 -6.5537405 -2.1204329 -12.376293 0.9276502 
-360.25488 98.18327 29.317522 46.829056 3.6469889 7.6020975 -9.285687 9.768692 -20.175303 2.1730509 -13.500492 -1.8998121 -5.226653 -0.36726034 -3.3370056 -2.2026198 -6.069713 1.3308021 -7.1736646 3.8842363 
-360.93967 119.57007 13.112938 58.179756 0.7705097 5.1058326 -16.867546 6.3315115 -20.16926 -0.3875259 -11.213291 5.429 -4.1232247 0.034933515 -2.6447465 -0.44718134 -9.888035 -1.0012968 -0.056752283 1.8167403 
-422.45773 142.3717 9.221185 35.417328 11.309604 13.28978 -10.221048 9.92571 -10.446315 5.566572 -18.646626 -0.70241314 -3.786294 7.6688547 -6.393492 2.4824665 -10.122161 4.8629665 -8.262175 -1.0027369 
-419.97742 134.3546 18.284966 31.874146 13.064611 14.463881 -5.210716 14.723704 -8.199535 7.644398 -12.044459 0.58968705 -5.929725 4.9285336 -8.063678 3.091615 -10.799819 5.112146 -9.030395 -2.216932 
-422.14294 139.29092 14.71776 33.545803 11.536301 11.345253 -4.1252575 16.420998 -7.2242365 5.2564745 -10.063636 2.8409188 -5.733853 5.278469 -8.809811 1.3917915 -12.552273 -0.009563552 -10.742803 -3.829732 
-417.91565 135.7374 16.546797 31.367802 9.062201 14.174258 -4.1354885 16.03241 -9.992348 2.663362 -12.497525 1.5106254 -3.388824 3.0717196 -7.9408426 2.1613364 -10.961002 4.2816267 -6.1504536 3.0850995 
-422.46704 134.18123 16.763483 32.474186 10.154916 13.058525 -8.926076 12.529 -7.058586 8.489146 -11.423521 2.8736596 -4.0864787 0.45440722 -9.701557 1.6909424 -11.808658 0.045496147 -10.186393 -3.4807575 
