-306.1176 143.94289 -9.756641 35.103542 -2.4141023 -18.323679 4.2475147 2.6500268 -35.59119 4.680457 2.7192774 -10.315899 3.9403143 -17.916922 -1.6405015 14.019743 -19.262156 15.412377 -8.342503 -7.498118 
-216.35052 158.46405 -41.53084 37.712692 -44.507465 -43.55607 35.876446 8.633061 -41.68333 25.228216 5.180878 -25.56378 33.185726 -30.601114 -15.760822 18.878202 -23.953978 19.84742 -23.737444 5.521641 
-245.95009 148.72395 -15.270972 50.600006 -36.161865 -29.565212 28.090672 2.536266 -45.785114 18.518198 8.631926 -13.822978 21.42114 -14.169904 -7.1636634 9.788279 -20.780485 10.027247 -10.849405 4.922396 
-264.6702 61.781006 30.133415 59.177944 -7.528897 17.41563 4.7939854 9.4959755 -47.591465 12.369463 11.557417 -6.9859104 -15.620943 -0.45926476 -7.4175425 15.134916 -17.914467 11.80714 -13.178143 -2.4101837 
-230.0494 93.59785 10.519128 56.548733 -4.5802536 2.936862 7.123789 5.0224166 -71.450424 14.560445 -1.2573701 -12.010333 -11.905939 -14.271212 -0.409119 20.48038 -32.225296 15.316174 -11.152055 -2.4325612 
-262.86545 108.36131 38.05302 46.328426 -16.536112 -18.67602 1.8405408 6.3481603 -39.477737 1.7734494 -8.115177 -16.234274 -9.57052 4.2324123 -3.925559 7.1640453 -12.640394 15.307848 -3.2382698 4.607013 
-257.01315 105.90235 -2.0328865 71.406685 17.210638 -18.253824 -4.326551 3.3569934 -50.609165 8.631256 -19.592175 -20.940722 -1.7928799 5.7023687 5.9917774 5.8801923 -23.121681 13.297246 6.309489 -13.501575 
-287.96902 50.107 20.23762 75.7779 13.918152 17.743376 -19.504354 20.401026 -23.323536 8.732471 -10.222468 -7.547749 -11.039198 10.088202 -11.48535 5.3759212 -16.003944 5.007276 -5.325856 -3.9239454 
-245.70776 83.0967 4.877608 63.38261 17.04847 -0.56498027 -19.043875 3.3432133 -41.570217 9.448536 -11.44155 -11.7347 -13.506242 9.7616625 -2.9018538 12.45598 -17.483068 5.376126 6.1171436 -7.6603284 
-302.49786 99.11834 11.390313 64.505775 35.42261 -3.851997 -13.781064 8.041383 -39.874123 3.8838348 -20.862953 -6.1723375 -5.8192186 8.207224 -2.9482362 8.704025 -23.753109 13.225478 1.1646982 -10.133044 
-273.35394 129.46822 -6.595933 16.043251 -0.19834942 2.4774208 -22.463438 14.615696 -21.884787 8.724115 10.944794 -3.0150461 -20.039562 1.0186046 0.3323465 9.485234 -15.731374 12.057711 -5.7919316 -0.36887395 
-347.80978 109.998695 16.705645 58.246513 21.239807 -10.305301 -9.7253 16.870121 -25.385923 -3.5436618 -11.237441 5.0058866 -14.124609 0.064800315 -11.227519 4.9738073 -4.6678042 -0.66748357 -7.5825934 0.4721783 
-455.53885 157.33261 15.447636 37.32288 15.347737 13.245867 -7.363376 19.056896 -10.271337 1.804039 -12.034233 4.147068 -9.525711 -3.226355 -7.171114 4.4027762 -9.668682 1.9280597 -0.32814416 3.176449 
-277.8915 154.153 -14.095959 28.276493 -20.784655 -20.69265 11.847691 16.492136 -32.41243 5.4957867 11.267608 -7.0724607 0.9965123 -8.46612 -16.276258 14.952907 -11.853111 7.9377575 -5.0489583 -4.1826477 
-249.9046 117.832344 19.318901 43.51345 -32.09182 -2.8832092 4.228922 9.215532 -43.596504 13.074909 7.3225536 4.8624196 -15.236947 -2.450572 -11.559569 10.399097 -9.684196 10.211307 -7.397682 -6.905316 
-241.23001 132.07773 17.158243 42.303772 -42.231743 -27.707972 5.395744 16.695246 -38.9117 11.650697 6.582402 -6.6373577 -13.515736 2.8781826 0.40986004 12.671738 -12.298017 5.254883 -14.858248 -5.285349 
-274.8998 118.37979 22.10756 52.235054 1.6180387 -4.982088 -1.7175908 8.157878 -47.57086 6.0293584 -6.092224 9.956549 -13.800472 -4.3816833 3.601092 10.162718 -6.4733644 -0.7211302 -1.9686639 -1.136795 
-352.88855 125.792274 23.675213 55.20977 18.365358 0.9028833 -2.578718 14.828862 -25.09492 -4.4131722 -21.015854 6.6464195 -9.711278 -3.9021738 -8.757671 6.946735 -9.074334 -7.5397162 -5.4169836 4.6803446 
-313.1252 69.55629 26.863644 68.192856 -7.028196 7.702168 -11.599628 21.713894 -22.656866 1.6673644 -12.354933 -2.411558 -15.169222 3.3222303 -13.723375 8.829639 -13.062586 9.276964 -8.509601 4.0021896 
-362.7931 163.1581 10.306591 32.835583 19.160042 6.0434475 0.21846183 6.4397497 -28.057184 4.1050634 -8.897444 -0.88754624 -11.369316 -9.91892 -2.467744 11.554354 -7.0767045 0.6517303 -3.1546824 0.9922469 
-245.14084 154.35416 -12.186044 26.022371 -19.781067 -32.963005 12.563279 -2.208441 -42.72264 16.046446 13.539586 -4.861376 8.424429 0.64769715 -4.2342086 -0.53813523 -16.021019 9.302394 -12.833674 -4.025304 
-342.08908 170.82613 -13.090085 26.38737 6.6587853 -13.78456 -2.5101032 -2.2184863 -35.718845 -0.6135445 4.57951 2.456259 2.975848 1.8620589 4.1809406 5.793451 -12.664137 -2.259195 -5.7504425 -1.7111465 
-379.20624 139.58566 -9.690453 28.68769 4.000474 9.99592 -12.075331 17.938627 -23.154205 8.5452385 16.764608 -4.721014 -11.760719 0.8906625 -11.448362 11.7267475 -20.57293 -1.0351536 -1.6483843 -1.3417021 
-304.79013 164.62514 5.6805577 24.196829 0.24691465 -31.085558 -3.601089 15.417489 -27.894312 -18.811405 -7.3179626 15.368256 -1.6146512 -2.705732 0.84851485 3.4288738 -13.7872 8.356729 -9.620129 0.5471236 
-291.86877 81.85203 13.63035 81.456665 8.013502 7.535916 -6.3997407 10.484203 -24.262169 -0.23728718 -14.409215 -1.6060846 -11.775951 5.291029 -7.607239 4.811581 -5.831863 10.362023 -4.5507827 -4.3081493 
-290.78348 78.307846 9.855672 88.30336 3.4948382 0.60463566 1.2622734 13.488883 -25.084047 9.350288 -13.549439 -1.999518 -14.917372 3.653536 -8.843426 5.1946926 -7.036378 1.7725105 -8.910455 -3.915452 
-302.83878 107.49003 13.854888 57.89666 3.162262 -0.6992534 -10.80515 11.385479 -15.606925 0.29862976 -13.520417 6.30444 -8.372252 0.2512258 -7.225346 6.916483 -6.977233 9.73673 0.6521261 2.7076519 
-315.81174 103.275986 12.549359 64.51955 15.976251 -4.0858016 -21.78068 7.178855 -19.09802 5.7441154 -10.37155 -1.101479 -13.787734 7.3842697 -2.5121431 11.020981 -9.989399 6.602246 -0.45008814 -9.708938 
-378.79062 82.33306 28.906572 55.498356 -6.644641 19.254068 -9.076006 14.183872 -6.030593 8.121562 -14.057258 2.249663 -12.489988 5.9426827 -6.5664196 3.6686287 -15.190984 6.2836547 -4.775675 -4.9003277 
-363.95963 121.44336 19.49778 65.201775 17.959887 1.7466376 -18.600115 12.735194 -30.930077 -4.958738 -18.868702 5.07758 -6.260652 6.3352895 -0.9874026 13.828373 -15.677534 -2.762128 -3.2033944 0.7820437 
-351.24316 106.22382 23.96208 36.546722 -2.7634456 10.307245 -29.28077 7.3461294 -22.458975 12.09715 3.9929216 2.3856173 -15.468938 8.853411 0.5496867 11.06918 -24.119963 6.630345 -2.0828533 0.5339025 
-392.69046 135.12622 17.514887 41.224545 10.29992 1.153851 -10.201622 14.283473 -19.460335 5.775271 -9.3623705 3.622714 -14.577046 -0.23170106 -10.114781 6.596122 -8.023312 -0.12317678 -2.6419141 -0.668773 
-376.09775 134.07356 18.951567 30.49067 8.333569 7.1868277 -15.197013 15.493875 -11.470098 2.124394 -11.399755 -0.7063253 -16.690544 2.171558 -4.180634 11.690178 -9.420155 1.5679159 -3.6482973 0.9372696 
-394.57852 118.600845 23.4137 17.131876 8.022702 18.183449 -10.063037 16.100607 -4.8907595 10.675617 -6.2508187 1.3831574 -16.341385 1.3876748 -8.571577 10.344642 -14.618936 3.3452153 -3.7106035 -0.34648558 
-379.90146 72.92197 42.862698 26.98547 -5.47952 32.298885 -13.470433 24.186825 -5.245794 5.5347514 -12.198583 3.3810914 -15.8898535 7.514206 -9.856213 9.410171 -9.625146 6.628243 -8.42818 -5.013151 
-374.18024 76.27461 14.923484 46.642044 9.040692 17.288458 -5.109138 18.598827 -22.028877 11.250244 -3.2194088 1.478396 -7.9222717 12.928062 -14.149778 9.597515 -11.507521 2.2336626 -0.575242 -2.5587115 
-377.47662 103.88401 13.153791 39.574265 9.508757 11.980867 -3.1588 11.149439 -16.100624 12.295206 -6.911669 2.7596216 -9.184286 2.3639145 -4.6055837 9.860502 -8.595619 3.5180883 -7.7537622 2.3303745 
-210.08047 158.85115 -10.445669 23.555946 -41.09985 -33.794407 16.98331 19.469439 -43.1841 6.916912 10.890841 -17.879543 10.555162 0.62457824 -17.375153 12.430389 -22.387932 11.192815 -15.14214 3.8516786 
-293.2015 92.60177 32.53474 50.55976 -5.5238476 -1.8753428 0.6429619 15.505388 -32.755535 4.9692755 -9.532125 -0.5889405 -6.8462553 8.364748 -13.363025 6.4319186 -14.354577 9.096277 -9.32133 -2.926561 
-257.44128 119.1996 0.55721354 53.52287 24.843182 2.9860485 -17.274872 8.464282 -39.987427 4.4571157 -5.139387 -12.159446 -8.196641 -3.0662756 -3.117555 16.62298 -15.445136 5.526468 -4.0344586 6.8539968 
-274.86658 66.06939 34.40886 59.344833 -8.288672 21.74402 -7.7262826 0.90618515 -41.912033 8.046047 -3.171129 -2.0153084 -18.890314 -0.29095402 -0.71363115 18.368484 -21.246487 13.568508 -13.514629 6.6421967 
-253.69855 137.10146 35.00953 35.51539 -32.817017 -44.723743 -11.504466 23.375103 -31.88873 -0.53295845 20.669365 -17.473705 -10.790206 9.343423 -7.8293176 12.490853 -16.827738 20.414715 -26.657381 0.49347475 
-318.0318 107.82619 52.799698 30.028524 5.811435 -9.8489 -13.1985 3.1295464 -13.561184 4.6850758 -4.635893 4.3064103 -13.226623 2.9955862 -9.693183 7.7882977 -5.740223 13.068442 -13.303341 4.1973443 
-262.98083 103.32545 35.730755 42.491528 6.5042458 5.4094048 -7.7060757 -2.9923565 -34.28772 5.4886675 -10.600915 -5.749841 -15.697956 0.06747896 -3.3203392 14.265415 -13.205633 0.92401516 -1.5195405 3.8961368 
-278.3885 140.20958 3.8814535 46.621277 16.22689 -6.784938 0.29846266 6.793012 -51.584904 -8.908535 -1.4667794 -8.802337 -4.201308 -1.3294636 -1.6333513 6.880453 -15.464822 10.437759 0.019667374 -3.0159214 
-286.0275 137.87105 12.141672 29.930773 -13.844978 -16.768581 7.958007 3.43881 -40.32814 -1.8415773 5.0765867 -6.4947486 3.2548964 11.193032 -13.8419075 11.174779 -20.763542 5.131373 -10.989336 -0.78195095 
-327.25403 110.46761 22.755836 51.80854 10.79403 0.708132 0.4663669 21.10281 -37.59092 -4.8725944 -2.2554796 7.9646125 -13.680648 -0.5896022 -2.6489007 7.325688 -28.481697 9.1503315 -5.297889 -5.452428 
-270.59235 146.8028 7.871481 25.461548 -13.789822 -12.614847 -12.634379 11.063865 -34.742203 2.5676267 2.4762628 -11.706981 -0.7663607 1.8678426 -11.721142 14.35958 -16.544796 8.86327 -12.853895 4.570698 
-294.9723 149.57184 -10.441241 34.29967 8.353867 -10.521976 -17.724478 -3.128479 -25.57818 6.481176 5.9499083 -9.300181 -6.2135663 -4.768135 -2.1036334 14.48742 -22.526556 8.722949 -7.439249 0.18364313 
-304.16452 66.106636 31.896976 30.599386 9.089391 17.042955 -18.683636 23.294994 -24.162184 14.782968 -7.472128 1.630015 -18.305944 1.8187366 -4.4812646 2.8459003 -18.81898 8.864342 -10.6614685 -0.23692185 
-278.78946 78.61862 14.081753 48.425636 -0.5531131 6.904231 -33.506252 8.098452 -24.100056 14.227388 -2.3352585 -7.6241727 -10.540831 15.259647 -9.297486 0.15653618 -10.413775 12.349663 -6.67388 -4.446026 
-274.7214 135.3791 -8.244439 45.637287 29.332771 -7.479353 -13.750896 -1.9120982 -62.68717 1.4066873 9.222007 -6.2940903 -18.34999 6.9148583 -1.1577554 20.382519 -8.480667 -2.660234 1.7518755 3.3821769 
-258.6808 3.6209598 49.68151 64.251015 -16.783442 15.442254 -16.459131 16.53376 -27.685097 1.8048921 -5.63775 1.6297752 -19.664635 11.082906 -11.833094 8.2716675 -7.1706586 5.7016964 -7.1065946 0.89436954 
-287.4749 48.999016 43.864002 67.64377 12.269344 10.677852 -18.347916 31.27829 -34.4273 6.606792 -13.209129 1.6491269 -17.327452 11.863785 -19.227531 12.367699 -10.067432 6.011841 -14.77395 9.723546 
-358.78424 18.876509 70.742096 23.169512 5.471307 37.086544 -23.29953 31.119606 -21.75411 17.984314 -13.637876 10.348969 -23.317848 15.791026 -15.746798 11.960567 -15.890071 7.0794806 -12.705981 2.6906452 
-459.069 112.701614 26.067251 36.008106 12.557035 27.770515 -7.47218 20.033033 -12.886826 14.859438 -12.972492 7.7589874 -12.179179 5.2617474 -14.202989 9.297062 -8.089275 0.096520424 -7.4056525 3.0495021 
-459.7433 130.92888 9.619234 45.815704 10.2435665 29.618553 -5.261896 18.805592 -8.501666 12.697147 -11.564556 0.43479887 -10.504475 4.3129044 -10.943605 5.550721 -11.744855 1.5551504 -7.084694 -2.7452419 
-227.71414 165.57451 -34.26434 24.307295 -22.180346 -26.69396 5.23004 12.142109 -34.809116 4.4191875 4.0039105 -2.4566474 8.411841 -11.547013 -6.5930505 15.279861 -20.607622 8.407179 -4.909338 9.07369 
-265.92935 84.577965 12.216359 44.65706 8.437864 2.5192146 -21.171215 -1.657004 -34.18296 7.8495364 -9.739331 -1.2301993 -12.403419 3.9039679 2.5567465 12.4735155 -23.291048 2.7457695 -7.0707455 0.3794341 
-264.0649 20.213158 33.61592 92.1208 -3.0424914 17.103905 -24.062252 16.920565 -40.935856 8.508248 -14.864831 -4.906856 -21.49337 19.585056 -22.425402 7.7950406 -8.377236 8.802456 -18.66404 3.3755035 
-325.0909 111.18741 18.043436 47.46779 11.651306 16.219461 -11.303533 12.981676 -35.24892 -2.2480166 -12.478368 -4.1492496 -13.685502 5.7577295 -9.218067 4.260488 -7.476093 -1.6211904 -5.78774 9.811013 
-278.5069 108.376434 17.500427 54.534317 1.0683303 1.3497448 -25.632036 7.3201466 -25.092245 3.087224 -4.960764 -2.4557662 -7.8130493 8.889657 -0.019527435 -0.24507117 -19.800209 7.9316993 -9.676957 -2.6478555 
-300.64062 137.28494 5.5122614 43.621746 27.897268 -6.9726424 -17.828968 -0.8129396 -36.596455 8.704819 -16.095007 -7.0657425 -10.903251 2.084486 11.287288 11.799639 -28.971989 9.871362 -2.6909688 -1.9402055 
-315.84515 59.403946 40.0303 63.92768 -4.5298166 41.693027 -16.796917 12.077253 -33.546112 10.841435 -20.082079 0.8386494 -20.035439 7.1622143 -3.2784054 6.764082 -26.607557 17.717054 -9.279792 7.00093 
-254.91144 40.39594 35.01559 37.699886 -22.321302 15.635435 -9.520408 21.08622 -29.31133 8.700909 -4.7913594 -2.5085194 -5.726738 4.459752 -3.1637878 6.1689386 -18.012657 10.781889 -15.578949 -0.24900334 
-273.16547 85.60453 35.73818 45.607403 -21.311821 -7.881658 -11.25779 13.233041 -29.909712 -2.121278 0.33053043 -1.7483287 -10.948279 3.325314 -10.193821 7.6849236 -8.166349 16.265482 -6.872217 2.4133058 
-304.1643 49.320766 19.877724 96.124725 9.247884 -1.5730708 -4.7119346 24.225603 -33.901176 -2.7097619 -1.452759 -14.469633 -17.87214 12.402768 -17.809988 2.1551142 -12.706899 6.8516507 -13.15248 -2.231715 
-363.58704 84.723946 30.509148 63.129387 17.949028 13.523533 -14.670415 30.772469 -24.493652 -11.708481 -13.028159 -7.0013003 -8.267585 -1.6252646 -2.5633729 4.259976 -21.473398 3.5369759 -1.5955303 -2.6593523 
-382.50232 118.545654 22.819403 47.243637 29.431938 -7.2993183 -5.0690627 6.4625263 -26.622173 -1.4318123 -15.288049 -0.13452064 -11.336109 7.303277 1.0154727 10.6980095 -15.602624 8.724997 -6.794924 -10.982792 
-452.44437 135.85468 14.928582 48.135754 25.320621 13.244258 -1.1704354 17.973694 -10.431019 2.424758 -11.520343 2.8067288 -7.581861 -0.094240084 -6.890806 6.0491743 -10.693882 -0.12649523 -2.0279026 -3.9862413 
-455.43082 120.98204 14.51396 46.636482 21.799784 16.161552 2.459452 18.457682 -11.111316 8.237615 -8.601381 -0.8723245 -3.1601732 6.2053113 -11.603458 9.200072 -7.6673965 5.6926346 -3.0417376 -2.223691 
-242.07292 153.18353 -5.9264264 21.428644 -39.19925 -27.54486 -0.3428673 19.206562 -28.234196 0.7287058 17.572744 -12.991011 0.292565 3.8114443 -15.694111 9.878723 -15.556578 5.5330596 -12.465767 5.739688 
-178.6968 150.07294 -10.378906 7.4414215 -34.960403 -41.14144 0.25708738 23.864687 -45.219833 -5.9554496 15.702055 -11.636478 7.7051916 4.7088447 -10.03812 12.746511 -27.213978 12.526629 -13.017526 0.11232029 
-279.72498 122.9232 9.301919 34.20826 12.1310005 12.300731 -13.217831 6.6679482 -40.065384 -4.2580886 -0.7162874 -15.201015 -8.6522 5.9325833 -0.12365203 2.0093408 -13.122952 15.189007 -10.735159 3.4567297 
-282.33835 99.02525 6.7345366 47.777508 23.373434 3.9121594 -22.979385 2.9177806 -35.45351 4.7546606 -1.8587251 -15.428887 -11.447787 10.174437 10.469917 10.837985 -21.525496 8.704474 -9.039361 6.5476427 
-368.0019 127.99848 20.288427 43.58395 25.501995 -6.0914607 -0.37218824 4.016224 -24.507767 0.00686921 -9.050075 -9.579786 -7.1336384 4.2921467 -8.892769 6.0996165 -8.437687 14.9415455 -17.58215 3.6972017 
-213.43 151.00981 -31.743645 17.420668 -0.20255576 -26.122787 -10.519244 7.934995 -40.957783 7.6922894 14.964598 -10.429971 4.8911467 5.5353165 -14.358458 13.630364 -27.5621 11.610247 -5.528239 2.207447 
-285.82474 21.060719 47.42443 48.906723 -9.947924 26.461868 -11.910193 4.7525263 -16.380964 3.476064 -8.435493 -2.1237593 -9.347755 6.486801 -10.416548 4.9904423 -12.130626 17.400564 -13.789327 9.61655 
-274.52078 59.192078 37.135216 50.87126 -4.881667 34.477875 -11.068467 0.47048187 -32.120087 1.6735979 -8.613964 -0.37627167 -19.279312 4.7980804 -4.3892922 7.4380307 -19.451344 7.362732 -6.9822536 7.3315363 
-240.03339 153.6997 4.408508 16.602467 -28.187859 -27.187805 3.8980398 31.123518 -46.925552 -0.79446435 9.777956 -3.6304283 1.8978642 8.934801 -7.6314282 4.435449 -25.508356 9.219272 -14.657225 1.4203264 
-272.31473 136.49225 -1.2340049 18.611683 17.328959 -8.696402 -11.28903 11.338891 -28.839348 5.0480328 5.2974043 3.4949632 -9.066402 -0.70185155 4.633561 2.5287523 -28.998362 11.026882 -12.289974 6.4052496 
-262.70483 131.4789 -16.633295 18.517555 2.1926794 -12.615007 -24.01174 7.016731 -24.086617 15.215572 6.5507593 -6.003145 -6.3160605 3.5710475 1.503011 7.349033 -22.77076 14.790898 -21.629232 3.5173275 
-416.05988 160.73553 28.258474 24.032427 16.55958 6.1466327 -20.58648 6.248308 -28.724905 -3.784336 -14.734358 -3.2546957 -7.110459 8.109745 0.34999928 13.598372 -4.568483 9.991516 -14.426437 6.8022494 
-321.3788 171.3532 19.0612 14.22537 -19.009474 -14.628734 -3.9651134 18.584663 -27.771828 -18.242582 7.570353 2.879772 -3.4826708 1.5813789 -5.5414968 6.878329 -20.234678 20.923256 -16.089102 4.748585 
-300.51233 151.89325 9.922892 11.640995 -19.406687 -23.438993 2.0900805 29.647243 -26.989468 -2.107672 5.489867 10.168985 -0.51589817 4.028907 -9.427312 5.4807944 -27.883528 10.444172 -7.379086 1.3912891 
-385.4535 141.78038 16.239943 33.44896 11.312435 -2.864291 -4.2819386 16.949911 -25.972334 -2.2686949 -6.2350802 3.7336202 -11.861064 7.6448345 -9.040095 7.6708274 -10.33766 6.4739 -4.478472 5.439976 
-345.83987 84.099335 17.297337 54.53302 13.314746 5.83053 -23.298584 37.435688 -21.391682 5.8117785 -12.035926 -1.061838 -13.185268 -2.2318907 -8.428821 1.8110875 -13.540718 5.133324 -5.903948 5.239807 
-402.8429 97.79477 13.102423 47.645676 15.173257 16.186562 -11.160149 23.766308 -17.457659 5.3679013 -10.555976 -1.9998326 -10.683886 6.8204327 -10.412577 9.82182 -6.9252505 7.4046946 -7.125791 -1.0281135 
-370.17102 133.09422 3.8263898 32.8491 3.4203153 6.7047586 6.457394 19.773558 -14.930104 8.750642 4.518238 -7.635052 -5.5052905 2.0710456 -13.350168 11.063831 -10.402178 3.8066745 -4.907911 -0.13171636 
-213.77936 128.81604 24.021545 22.914442 -22.259218 -25.56298 10.468225 15.982433 -51.64029 -3.307313 -3.4556844 -3.6203816 -10.469554 15.248988 -5.159635 8.570624 -15.693665 11.789055 -11.546566 -3.46234 
-279.02942 115.741486 45.62716 16.514456 -1.7611934 -18.100538 -12.081112 11.305459 -29.912842 -3.5606394 -2.5807178 -4.2335544 -15.480601 3.02638 -4.560318 8.707506 -10.644154 10.026232 -14.765067 0.41790387 
-282.91006 123.088776 46.513165 34.426773 -6.2149796 -3.1709638 -15.479817 9.468699 -36.919174 -1.4861926 -7.3266163 -8.465788 -7.7906547 1.3299506 -11.787939 8.918658 -14.544063 7.6509476 -7.601516 8.494634 
-292.77426 138.34573 4.3979025 42.42374 14.159475 -16.561712 5.395811 6.485932 -50.272995 0.3117289 -3.609333 -0.07104535 -8.61347 -7.580925 6.0430546 9.706804 -18.619669 5.052852 -7.4581656 -8.523988 
-245.28136 172.23534 2.3827841 18.504889 -17.476171 -36.0578 -4.2619834 22.646978 -26.10332 -10.506756 6.555807 3.1557362 5.251608 7.0221205 -4.2508945 8.726791 -20.832872 6.7947764 -9.76155 0.5867847 
-235.67097 125.97538 14.352404 24.60901 -24.98113 -6.267434 -12.241039 15.643178 -36.56575 -7.257826 10.537148 1.3877556 4.3189244 1.0052804 -2.1296697 9.969868 -17.777159 7.926457 -13.73504 3.3798492 
-326.55618 157.2698 28.773384 37.684147 5.654646 -21.422272 1.5933757 24.475605 -19.147858 -16.93322 -8.789296 0.54487437 -1.764599 -0.2577561 6.2618747 4.4301805 -12.264371 7.0093975 -4.0718765 -1.0445282 
-293.06317 97.77478 29.991865 41.018562 0.4520927 18.20221 -10.844341 10.46301 -45.03444 1.4861243 -2.0244527 2.6374063 -13.765888 2.8603084 4.8043303 9.34972 -13.093388 9.43749 -16.756681 4.967558 
-300.697 118.355865 39.948353 46.224007 -13.814717 -9.030273 -5.8519006 28.956736 -45.528152 2.8971698 3.054306 -21.303047 -8.592678 4.071227 -1.6785877 7.4107685 -6.321079 13.991052 -15.802807 4.6102195 
-301.22522 108.29781 30.796715 48.62851 -12.568911 -10.244739 5.6192107 22.187468 -34.85933 -5.801797 -1.7677389 -14.977807 -9.546996 6.928927 -4.4687862 10.461027 -10.899286 15.22884 -14.226096 6.240681 
-330.8775 131.31773 31.683102 43.42813 6.872156 11.93406 -8.363003 16.695381 -14.051281 -8.669247 -14.925591 -2.7184927 -15.066984 -1.1115348 -10.85368 7.4817147 -4.9376893 1.9499007 -3.9983945 2.3045592 
-361.3283 111.95355 27.412163 41.908066 17.57777 6.005991 -10.758884 11.120037 -22.832838 0.7886395 -9.536479 -5.324457 -6.876768 6.034178 -10.227206 11.016492 -5.4071665 0.1448765 -9.352366 3.5848165 
-320.56876 18.521383 56.847763 57.57365 -11.470373 40.450386 -13.098507 10.247576 -14.821359 3.3496778 -6.757091 -1.0781226 -18.740608 6.109185 -5.3767796 5.653324 -16.367928 11.974019 -6.968326 -3.8426142 
-272.9121 154.60938 -14.743611 18.345646 -27.454865 -6.596737 4.021181 27.439295 -36.11797 6.263281 12.117842 -12.720051 7.7845254 -8.187817 -11.815751 13.0133 -20.560781 10.525691 -8.963466 0.7089212 
-250.16393 150.81448 -27.218378 23.017433 9.013981 -7.7522855 -5.157548 7.7401066 -42.431267 18.583118 13.396313 -11.823574 -3.4963942 -10.926765 5.1800075 17.933992 -22.113344 16.741655 -17.30851 3.9537375 
-290.49295 113.70274 -0.9243625 34.682446 1.8890833 4.1312466 -15.453508 1.8034872 -25.62592 13.962273 2.4639642 -7.912657 -10.740984 6.396199 5.270099 4.4377155 -17.16694 13.8672285 -16.145744 2.7464879 
-330.29187 74.449875 39.302315 54.23456 -12.511536 18.961412 -2.991379 10.052272 -14.594212 3.4916475 -7.070223 -3.3724391 -15.260402 4.702581 -5.960156 6.208468 -17.312782 14.188427 -13.7920475 0.92345595 
-292.57242 108.802124 10.281119 56.29847 8.646235 2.5895438 -21.7227 7.9948816 -33.907177 11.108976 -1.216438 -9.403703 -4.550967 7.9235425 -8.693651 5.8546743 -18.27288 7.617326 -11.680143 1.1694471 
-341.31143 95.87802 16.165203 27.067894 2.4967542 13.935686 -5.9989624 14.100638 -11.14347 6.781898 -1.905592 1.4474975 -13.3056345 -2.7671382 -3.696378 9.394738 -19.603916 7.706884 -9.939765 6.9937296 
-374.34793 48.9377 44.783516 36.055428 5.3460865 25.947346 -9.438648 27.204206 -17.981071 11.208823 -6.257421 3.0827427 -14.449726 4.782173 -9.444897 7.8352714 -10.783482 9.698982 -11.738337 5.6050224 
-455.4935 111.53506 31.682028 39.741047 8.345314 28.312433 -6.178671 20.084143 -11.907352 8.445494 -12.204857 -2.8030698 -11.465513 1.633785 -6.3814416 5.2984943 -11.530716 -0.7486007 -12.84674 -0.19835727 
-286.425 142.85918 -0.6502402 26.482399 13.62522 -6.1667404 -22.449644 3.2987812 -24.649994 7.860745 -1.5803992 -0.8332404 -7.592781 -4.2196884 4.696931 8.119517 -23.163857 5.0328116 -6.7190204 0.11998156 
-360.5952 141.91693 11.921469 37.08512 7.2293453 -6.277525 -13.063401 3.6743252 -27.52924 10.469578 -1.4244632 -7.5394115 -6.3118377 5.134737 -9.580331 3.5093274 -10.036062 9.815449 -14.049757 2.0341074 
-348.96313 107.080826 31.773783 30.60637 -7.198055 -2.5635176 -15.865816 10.53096 -23.460367 3.2553246 -0.33617824 1.3263694 -17.365017 8.646954 -4.853139 12.409584 -10.671476 8.165415 -11.121799 4.2670383 
-369.94482 116.32758 31.467468 39.25846 -13.902831 0.72310853 -17.761984 15.870802 -13.982517 9.143903 -0.08616691 8.410743 -10.868322 5.874503 -7.230825 8.510905 -9.4309845 8.337765 -12.718982 3.3847723 
-382.28152 111.05771 4.9087334 53.899967 31.835917 15.814211 -19.442282 25.969492 -23.482037 3.1373491 -8.89846 -7.0111847 -14.000648 4.363185 -3.7690942 8.327618 -17.541552 9.745816 -6.099607 -2.1581225 
-363.48184 126.56867 2.47978 62.054817 29.103464 9.17579 -6.4363685 7.913 -39.007107 5.395982 -0.055464268 -12.445734 -20.205645 -2.84083 3.9770246 11.009038 -19.98494 7.098762 1.3127246 2.4018197 
-379.46786 121.63846 0.10057873 73.041435 25.711178 15.304537 1.2174408 5.326415 -41.700848 2.0881188 3.3976467 -12.691237 -24.085653 1.1690117 3.6367848 4.5495615 -21.998299 2.8676457 4.050259 -8.705779 
-465.74475 138.4813 23.583351 43.558483 20.458591 17.157671 -0.52526027 11.209583 -9.551231 5.359003 -6.078252 -4.681162 -10.105724 -0.12639634 -5.114536 1.6865672 -10.588412 0.6932609 -3.0258653 -4.725542 
-461.93924 136.68155 25.965126 40.726257 17.369987 24.15522 -0.4531051 19.239986 -8.389055 2.5042658 -6.4805775 -1.34449 -8.534945 0.12717533 -9.153797 8.649944 -8.757466 -0.99582314 -7.4636517 0.07120327 
-369.6682 138.10768 6.96066 28.220829 11.138734 3.2600582 -3.2159755 7.816489 -18.37933 14.790508 9.628508 -12.937433 -6.186593 0.062304683 -4.0874557 8.904749 -17.068285 4.8298774 -10.9696455 0.27584374 
-294.7748 156.30795 9.336731 28.377167 15.901152 -8.429815 -13.829579 2.8384025 -38.506493 0.17142963 5.849056 -14.8054695 -9.96364 1.1333697 -5.398321 6.7162113 -12.652342 5.276624 -9.359685 4.0680943 
-346.037 144.3184 27.198967 33.687122 13.903193 -3.1212626 -1.7147307 20.814953 -24.746578 -12.277126 -13.465755 0.31562626 -14.969584 -4.4093976 -1.4060143 1.8495314 -16.080177 3.6998188 -3.1066103 -3.8459315 
-290.90216 148.90877 29.521057 39.632244 -9.319802 -14.230414 -1.6247597 13.83794 -26.474287 -7.427285 -1.0117934 7.4062586 -9.910487 2.8250914 -6.733827 6.1174664 -7.6000266 -0.6938411 -8.03727 -1.8266187 
-357.1336 150.78456 14.504252 30.479208 13.099156 -9.320941 -0.96946335 4.638423 -37.874966 -5.9182863 2.3311167 6.4072876 -11.223241 0.39327806 3.2608352 11.6171465 -13.76321 5.666349 -9.868351 3.6095695 
-396.76343 137.38658 29.159336 34.12833 20.48258 4.184928 -8.347553 3.6289148 -37.289078 1.1802006 5.027311 7.247082 -14.613033 -0.21711826 2.0653968 13.532031 -4.634301 -1.5510284 -12.597851 3.0472882 
-392.96207 90.72026 22.742239 52.0327 3.541167 15.119005 -5.0275927 28.348843 -20.900948 14.722814 2.6181135 5.399721 -8.578317 4.719317 -8.67342 6.700907 -17.756529 11.027865 -8.465466 3.7817602 
-315.64877 98.943214 5.597406 61.203403 43.339184 13.257233 -22.654709 14.214716 -32.330856 6.750607 -7.931161 -9.376358 -13.710659 7.212968 -7.806329 8.724511 -8.532627 9.1325 -14.15221 4.624066 
-346.1376 82.937416 27.212765 57.306145 24.0969 -0.2500585 -13.940408 19.094149 -31.498217 -1.6201732 -9.754627 -9.49353 -10.539259 13.845649 -12.632881 10.987166 -6.30255 2.662552 -10.179197 -3.3496275 
-325.7516 124.91673 16.936604 17.327572 -6.3221416 10.547909 -15.770279 21.503502 -23.005348 2.6046345 5.4115644 0.3588761 -12.297726 -1.9564493 -8.100391 12.765307 -14.452296 8.252178 -9.53429 -6.835105 
-307.26575 164.98634 14.4151 26.27387 -0.720289 -25.487822 -0.66813594 25.371717 -22.147934 -19.402626 -5.5608006 7.8471813 -3.566045 -2.6156905 6.3267894 1.7184795 -12.823797 6.686711 -9.853897 -5.6661587 
-342.81055 93.24555 22.237827 52.969055 9.606422 -4.7420597 -4.451296 8.28345 -19.917091 2.3086386 -11.778853 -5.0010366 -7.5125003 7.18328 -8.923336 5.9296513 -15.310513 9.728124 -14.880879 -1.1915709 
-333.0719 11.12959 57.465054 48.887466 -16.315868 26.889568 -3.501812 16.030224 -11.635405 5.789234 -12.009434 8.116454 -22.21661 5.2207465 -6.004328 2.1648703 -19.136381 11.904805 -11.671502 -8.717004 
-381.28183 100.674194 47.333134 30.652714 5.6988306 14.590859 -25.357986 10.834059 -19.65807 5.272227 -1.4472079 6.2362876 -14.5138445 11.08869 -6.341233 9.178944 -19.687176 9.517986 -4.7624955 -4.770107 
-423.8602 94.30066 45.30079 26.744244 7.355978 35.332893 -12.195515 30.002642 -13.131508 -1.2434189 -5.143652 6.9432726 -10.7102165 4.80259 -7.6926064 7.932585 -9.652011 8.264053 0.6896384 -0.22256438 
-471.70563 130.46194 28.655891 33.836483 14.220493 31.618652 -4.912283 23.288818 -5.2897706 8.37245 -6.924552 3.9742427 -5.8903284 -0.92358273 -5.872579 6.343092 -5.0374455 -0.21556674 -6.766274 0.02032913 
-491.7057 150.80165 18.600399 34.35585 8.371562 24.085562 -8.085961 16.22799 -4.7296324 7.2477484 -8.452587 -0.8975315 -8.912163 0.2930554 -2.9027247 3.2510793 -7.14523 -3.6997113 -3.5247912 0.4092316 
-469.14636 118.61127 27.953154 30.738615 20.815058 14.979219 6.5002956 4.4445353 2.39702 4.7570686 0.043629646 -3.1353154 -4.9496017 -4.8278503 -2.678599 -2.2003398 0.73156667 0.6309298 -1.1215998 -0.62555516 
