-300.89432 118.83758 1.6491656 14.254708 0.69717383 21.596832 -13.308788 5.295974 -20.296213 8.007035 -8.846852 -10.0015135 -14.839687 6.3454204 -17.004042 -2.556949 -5.6429825 1.6535282 -13.377328 3.2923524 
-329.90582 97.429016 30.676785 23.345768 4.8873954 19.181509 -10.411106 11.06038 -18.312437 2.2964942 -5.58485 -4.84651 -3.0150628 14.307044 -16.96359 7.640321 -10.304699 -1.5768027 -5.010098 -0.75559324 
-308.02258 127.02975 17.702868 9.939106 -2.5735886 21.440039 -4.329617 -5.8088875 -31.382847 3.6600032 -3.1770298 -2.0881684 -11.691911 10.61 -22.56446 14.702922 -2.7693186 -2.7692409 -7.963051 -10.156902 
-316.72418 135.08717 -2.0741098 25.21942 16.167206 14.157134 -17.020191 -1.3427197 -22.063534 10.32488 -12.470764 -7.375496 -20.432945 11.034249 -6.6414304 -3.6248333 -5.578504 -4.390856 -6.4505 -11.0476675 
-316.0108 112.19048 31.257042 11.771934 8.415436 21.411861 -16.602703 1.0672632 -17.938261 6.3706183 -11.514551 -6.7407975 -11.702074 7.3814 -16.091347 2.4970605 -8.475726 -6.4572186 -5.462442 -9.013101 
-330.30777 129.62347 18.750286 23.911337 -21.182343 19.92862 -1.6616826 0.45859772 -22.27793 -3.2285128 -13.829322 3.1776738 1.9297807 6.2285037 -16.999 2.9000292 -5.5701265 -1.6280297 3.5980556 -13.881876 
-346.82144 99.06583 37.13081 36.710716 2.1881762 27.180037 -10.729082 -1.4150745 -15.252019 5.2636914 -18.75408 2.6740887 -10.436906 4.752964 -10.095452 5.5211406 -10.404768 -0.9269197 -7.2966666 -3.7614262 
-363.7145 130.85286 26.089914 36.295273 18.292503 10.286772 -17.030144 -9.942729 -7.6501913 1.9329425 -22.991373 -7.4675226 -10.201194 15.920549 -11.584058 3.9863706 7.051009 -3.6092834 -5.1066346 -11.42288 
-418.0194 130.82498 17.841703 34.483887 14.535435 10.886494 -9.261364 11.525044 -6.5157614 3.8889194 -15.651539 2.5373573 -2.9960546 1.4228015 -9.539364 7.0433207 -10.823555 0.041963518 -9.030528 0.8541157 
-422.76642 132.39807 24.491524 35.94409 14.436886 9.848422 -6.676992 12.754589 -10.1779995 10.414829 -11.798482 4.302068 -2.3449304 3.114852 -12.546103 4.8653197 -10.950787 5.2842784 -10.804639 -1.5338362 
-372.2863 145.0816 8.916963 24.53387 10.446659 11.5728035 -9.225309 0.49055842 -14.714652 1.1161194 -10.834428 4.584954 -8.123652 0.21252781 -7.0675125 4.089146 -6.966938 1.9796216 -3.5782573 -14.525682 
-302.68933 88.45438 6.197469 46.08281 18.172497 0.28597715 -22.048265 3.69092 -4.4605346 -0.5077102 -29.057869 11.1905985 -0.69708526 0.6829171 -8.672836 8.045347 -10.717516 -0.029960738 -6.619417 -8.214323 
-326.86755 114.89223 1.4741083 48.42801 16.132187 4.640063 -20.05484 2.7614603 -9.326916 7.444941 -27.398647 8.302083 2.4760416 -1.4532504 -11.143128 9.055821 -7.49761 1.8050733 -0.25070274 -3.8726425 
-310.8504 148.2455 -13.816454 21.06502 -13.761144 21.119514 2.9833682 7.382737 -25.31794 8.42883 -9.798903 6.8013253 -6.61302 -10.581021 -10.532836 3.9522161 -1.6037426 7.85992 -6.1260624 -4.6798625 
-375.82858 145.6621 26.141293 28.988739 -2.458687 8.416393 -2.3741684 12.506471 -13.933612 5.024942 -13.0565405 3.587304 -1.3453096 1.9885406 -16.208797 -0.21045688 -8.541775 1.4929438 -2.0970328 -4.074108 
-421.3102 124.2205 20.00331 34.91921 12.862572 13.498193 -7.787177 14.683986 -8.727751 6.6016893 -14.436428 6.0608377 -5.3687143 5.316303 -7.071274 6.144924 -11.019993 3.903506 -9.698808 3.02103 
-430.06323 144.22202 11.49789 37.807606 11.67233 11.901758 -4.9814873 13.453247 -12.977668 5.179129 -15.090557 0.08168452 -2.5471096 5.6209755 -7.408783 1.3646852 -13.6359215 1.4567263 -9.55279 2.671731 
-429.2454 141.22263 15.751997 38.20288 8.922124 8.769359 -7.2632694 13.798125 -10.010337 6.637961 -10.569968 2.046052 -5.9791074 -0.5318008 -7.698242 5.7680097 -12.788673 2.8398454 -6.643282 1.5100142 
-378.51956 126.773384 8.344097 19.906105 20.754673 17.35601 -16.876265 6.455164 -9.158844 7.880645 -12.768185 1.2590275 1.3788615 4.52535 -13.613903 2.7708642 -11.366356 6.009105 -8.828747 -3.607751 
-314.28568 144.16046 -1.3642704 23.68701 14.5778675 13.478349 -35.268047 -8.330285 -12.883921 7.4650683 -8.062355 -7.181861 -12.555653 11.6070595 -13.090437 0.89712405 -9.95095 4.6332097 -3.484202 -13.149512 
-365.2898 136.8237 17.221535 33.194553 18.11251 9.03535 -28.748047 -4.3175044 -12.146114 5.209414 -15.294767 1.0915312 -3.8306646 12.969311 -12.585125 -1.5192908 -8.466837 4.0693936 -5.9383345 -8.078659 
-416.03235 137.82921 19.92487 37.739822 15.263048 12.276424 -6.6043835 12.460883 -10.955814 3.1635084 -14.459056 -0.5291289 -5.750303 5.4968348 -7.062716 0.50698006 -7.134529 2.7060285 -4.9180145 0.3395498 
-364.33197 126.72632 6.8102536 20.81405 12.279751 10.73068 -6.2237425 10.053192 -11.057937 8.957387 -9.013591 2.1857889 -6.1984215 -4.386981 -7.046362 7.024506 -9.615633 3.9584427 -6.655837 -3.694312 
-284.85214 123.41927 -34.266556 31.62009 23.068733 12.8831215 -13.158959 11.490403 -13.843772 2.908294 -10.564014 3.5475008 -1.2464573 -5.283871 -2.3642535 3.3774426 -7.0716515 10.716599 -2.727118 -9.217506 
-310.30194 73.83151 34.032288 47.036255 11.1011305 10.060172 -22.653051 16.026373 -19.744465 -6.675393 -13.91408 3.3646681 -5.5449843 1.5384462 -9.306969 17.575459 -10.68859 2.679354 -2.053328 -2.005934 
-301.4866 116.22529 -3.958811 55.37624 20.533949 -5.619896 -39.76887 9.705604 -12.568752 -8.946445 -22.90456 16.369843 1.9464422 5.9945574 -9.787864 9.968197 -6.925993 -9.806886 -7.0102606 -4.3960013 
-354.78403 136.70013 9.394726 47.14681 17.779743 1.4653008 -36.56965 8.861915 -9.837918 -4.210726 -23.777742 9.276046 -1.4955459 7.7221026 -14.286523 9.4825115 -6.0076923 -7.262452 -12.930574 -10.809606 
-424.4232 133.53624 22.091413 38.613724 13.144255 12.432742 -5.073782 12.221457 -12.298289 2.952349 -15.506422 5.894701 -2.449155 3.3568277 -6.954443 6.342568 -10.867756 4.8053584 -10.121166 0.41460574 
-424.8669 130.57751 18.76932 30.69686 7.5689297 9.950489 -4.5779295 13.6019745 -7.454991 6.7234783 -13.025505 7.7201867 -5.914341 -0.37829223 -9.716509 4.2534323 -15.387726 5.585018 -10.603075 0.12145886 
-414.2266 129.5606 23.11797 33.417637 11.301821 11.317153 -5.71461 13.350479 -12.540436 5.8863473 -14.042099 4.287871 -6.642737 -0.31165817 -7.3965945 3.0081053 -12.705557 2.9935496 -12.27063 -0.9548107 
-400.22937 121.462364 16.97284 36.372322 12.516188 10.628628 -5.580886 8.595677 -9.472029 7.4203577 -12.99294 4.7998 -4.6254025 -3.71544 -9.425968 6.823 -12.175962 4.1380577 -7.959032 0.2250824 
-336.0032 110.30221 33.63809 30.977562 7.2390494 15.134868 -14.370952 -8.197514 -18.671057 -3.5579944 -23.592644 3.2463112 -5.2666926 0.90543854 -3.231491 4.410194 -8.846591 2.079694 -11.373789 -10.220494 
-322.60074 145.01865 27.445309 28.170128 -4.8553104 -8.408877 -6.5576825 3.9408731 -23.420235 -1.7758623 -17.477186 -0.08286354 -6.60184 8.141553 -5.5982957 -0.83989507 7.696882 -9.352499 -6.583872 -7.47372 
-366.51376 153.34767 29.467407 26.942902 2.0262897 -1.3390092 -12.854385 -4.8636856 -31.920265 -3.0426228 -15.114539 8.213569 -3.1256447 -1.1938561 -7.624915 4.1263585 1.8522279 -0.86448044 -11.59253 -9.641662 
-343.02094 130.4801 18.626534 30.3111 16.509195 8.63464 -18.788183 3.0764403 -16.179266 5.9519677 -20.334373 0.58451676 -7.621616 3.8944254 -10.242704 3.4359381 -6.7859855 5.8080754 -4.224181 -3.0464544 
-330.574 138.2681 -13.74331 28.151281 17.657888 10.395926 -25.207602 8.89565 -5.4547887 12.195682 -20.03495 3.0503416 -14.194782 6.5005884 -13.279888 0.31963718 -3.0582201 8.956938 -7.2800207 -7.8738427 
-342.4728 108.70798 29.020254 40.13721 22.85679 10.106296 -24.382849 1.3901637 -18.320295 6.0602946 -29.47703 1.0438651 -1.9496397 9.627925 -18.943928 1.011209 -3.7280989 8.580427 -7.116378 -0.797351 
-332.63223 86.72963 30.418514 45.36104 21.38963 -0.7847614 -19.243593 6.7580557 -13.990478 7.9261837 -34.953346 6.929637 6.3431296 1.7174078 -16.97402 13.203255 -12.81924 2.7597394 -12.191502 -6.1086936 
-346.08804 141.84853 3.5342493 34.75282 14.615719 6.0323486 -17.181007 1.1568854 -16.92617 7.921812 -16.171268 2.1206815 -5.315896 -3.2045288 -9.525023 0.95575565 -8.487274 -2.1013708 -8.755235 -7.1453266 
-347.85022 149.97005 -1.5074542 21.317642 8.920582 11.71655 -13.165815 10.848713 -23.373724 4.4737887 -11.385654 3.0283697 -13.185926 -1.6725793 -15.2261915 -7.8099537 -0.1134688 -2.7533238 -4.2990227 -7.8354406 
-302.6559 147.261 -41.370426 21.627771 19.079876 4.142228 -37.74742 16.12298 -9.777864 18.701904 -18.350853 -0.64312977 -8.772648 -5.654235 -12.543171 -6.51746 -1.411713 6.583384 -2.525416 -7.7877254 
-348.91052 104.51031 17.012032 18.825554 15.6033325 10.869193 -24.802488 17.689095 -15.989924 9.724427 -16.822756 -1.6042926 -7.083899 2.238784 -10.369183 1.6945376 -11.513286 1.9056331 -7.6909757 -1.9359945 
-397.10922 123.60587 34.8817 31.915602 13.884887 14.287182 -18.02367 14.513158 -17.980888 6.349695 -20.641794 -0.15440601 -8.2241 5.007808 -12.903236 1.4425389 -8.773193 3.6734025 -12.642227 2.1122 
-347.25 144.442 -0.99116665 14.056046 -13.779334 5.444799 -2.6618893 8.45928 -17.134167 7.902321 -11.339001 5.5938497 -2.6443431 -8.489937 -13.783014 -0.7636865 -7.50696 5.2801013 -7.6177464 2.3211198 
-404.15833 133.71605 19.049488 32.714035 8.852615 11.320855 -7.2094183 14.521199 -10.283397 4.033407 -13.468655 2.205219 -6.555728 0.72481894 -10.682769 1.564267 -8.642118 2.324838 -10.65152 -2.8376274 
-398.45502 144.50331 11.024236 33.68791 5.707996 14.212985 -8.194317 6.207708 -15.081168 3.3148317 -9.253746 1.4434265 -8.077647 -3.271232 -10.559797 7.0924463 -9.998864 0.53211546 -10.368271 -7.7832284 
-364.6844 154.2929 16.191399 27.979313 -20.33921 -4.6779513 4.5876184 6.931151 -10.553939 3.204133 -19.056273 2.1431992 0.17717986 -3.2544246 -10.922083 0.9699801 -7.0652795 2.9613101 -7.374055 -4.274933 
-381.782 148.07831 22.709087 27.49924 -4.0934505 -0.27197015 -5.2751036 8.717811 -11.710499 4.178427 -14.736021 0.7383231 -8.918111 -0.89506215 -8.078722 2.1254363 -9.178219 -0.38738537 -11.675612 -0.8790663 
-411.73645 123.04636 15.377696 35.5384 8.461479 13.333523 -6.191085 17.31863 -11.396864 2.3305051 -12.387518 -0.325231 -4.5948205 3.0549247 -11.395351 3.9444547 -8.687862 0.5757795 -6.823515 0.56597245 
-423.6232 129.43655 18.603085 34.27334 13.730699 9.963266 -7.619985 12.724751 -6.3541512 7.0296693 -12.551504 6.6629443 -6.74362 1.9962888 -7.961948 2.6108742 -11.998942 4.059783 -9.158719 1.9213748 
-386.42273 105.38733 22.426687 36.12025 3.4943032 12.835995 -14.265721 9.09974 -7.782365 4.583414 -16.935234 3.0689955 -5.3123693 0.19130427 -9.357054 5.114702 -10.60606 3.854524 -11.60556 -4.0149326 
-291.9292 147.36296 14.509613 20.175192 -18.479176 -4.848759 4.337852 -16.784014 -30.394585 4.9930134 -23.858473 13.388763 3.2556553 5.4598455 -5.6866164 5.007401 -3.3955636 -5.381117 -12.7827 -8.039729 
-302.46008 139.2661 -16.937069 31.438097 20.396355 -0.43869507 -29.09709 5.285695 -10.844406 7.1425104 -16.86968 4.644476 -9.346067 -1.6542659 -6.3742695 -1.712373 0.8539965 2.2445312 -10.402635 -8.930691 
-337.17297 143.96805 8.798895 52.966877 19.848772 -16.617537 -17.254013 3.3342214 -22.298025 -0.30286837 -22.813772 8.531915 -0.6307598 -2.7747412 -0.71401 3.6433678 -7.214202 -6.3335843 -6.527058 -10.305836 
-333.11676 140.51532 7.220915 48.732147 25.231089 -8.815948 -23.38293 0.97072625 -17.89059 4.611617 -14.542033 6.402502 1.3590996 3.774394 -8.851936 2.1530347 -6.752456 -7.287458 -10.330329 -2.3760824 
-348.00403 140.7553 14.349306 22.346199 14.539442 14.828167 -20.84275 0.14626352 -26.21592 6.6835995 -13.0537 10.97588 -12.008291 4.265665 -6.478105 -0.26360887 -10.953942 -2.7334843 -3.043667 -11.62939 
-322.31384 146.64911 -2.8714855 18.58283 6.6437593 8.439944 -18.82082 -3.050064 -20.65586 7.376179 -5.436089 11.413741 -13.764119 -1.2024715 -7.066477 -2.162199 -9.565184 0.8949761 -5.0871067 -4.789325 
-300.35953 93.86044 9.374652 45.2577 20.612112 -9.538847 -25.484856 0.4261991 -13.84952 3.3691149 -22.880207 5.873901 -2.1289067 -1.4619509 -4.732219 4.475107 -10.430969 4.380917 -9.40006 -6.0791264 
-287.25586 161.13605 -21.864225 7.8577323 -4.0800505 6.6274357 -14.997166 1.2011827 -19.769844 6.672899 -8.223819 10.429672 -0.88972217 -18.426172 -4.572497 -2.2841387 -6.43855 11.749543 -8.513135 0.4630046 
-338.85754 153.82349 11.120014 20.002592 -29.60239 -2.1455421 2.9130101 0.8934074 -20.463459 3.4936273 -16.830269 12.05492 7.996059 -1.1157675 -14.141466 -6.941614 -12.236116 0.22729158 -7.4690723 3.352332 
-398.28143 139.4289 19.35567 30.206875 1.5099508 7.758364 -7.1188226 7.2881184 -20.16803 -1.7025399 -13.672683 9.562986 -3.3834133 3.356863 -11.043439 0.99790406 -9.454639 2.8812723 -14.052025 -3.9471598 
-340.74533 152.09236 -3.60805 17.984943 3.7554114 13.940612 -7.948673 13.859375 -29.99235 9.102868 -13.293119 5.32409 -2.822355 -12.562355 -7.533576 2.8660948 0.5688144 0.10679647 -7.1656384 -9.477993 
-309.9153 152.00687 -4.452311 8.650924 1.5233015 22.092888 -7.4645786 4.930178 -27.385925 6.961344 -15.282122 7.2506266 -5.026533 -12.010119 -10.203217 2.5821269 1.1271873 -4.9481487 -9.045842 -8.421939 
-397.13348 138.23141 24.56751 37.30627 14.379944 3.9564416 -5.1704636 8.667204 -20.477043 1.6948619 -13.931874 2.5688515 -6.7739067 3.6691785 -12.558615 -2.794798 -6.9850736 -5.9339123 -5.0005927 -3.8135939 
-425.52036 137.70186 18.854443 38.759113 14.183409 7.1468344 -8.084356 13.80194 -9.220539 6.2429066 -13.583761 0.53317964 -3.118412 3.6059282 -6.818148 2.1595378 -13.345628 0.95663685 -9.232669 0.62787145 
-378.16974 110.82408 25.927105 20.109299 18.406599 6.0407004 -12.273006 9.291189 -10.5146055 11.01199 -12.078754 2.51906 -5.7564664 5.010692 -10.378933 7.5535703 -11.942301 6.630728 -10.56805 -0.5263744 
-266.78433 135.18777 -31.805508 23.519396 16.284492 -8.635682 -31.135414 9.639084 -8.870287 14.3579445 -13.929083 4.8571815 -8.75618 -3.2168112 -11.501026 2.1442702 -5.129876 6.1536274 -6.287448 -7.693268 
-393.78082 136.588 21.504519 42.45505 12.763117 -0.58010554 -10.312155 11.101984 -12.864165 2.7856243 -13.786903 5.706059 -6.663375 1.7239546 -3.9149709 3.5215976 -14.804012 0.07513894 -5.798867 -3.3404229 
-397.16257 127.49437 25.91529 48.306194 15.031326 3.5965457 -5.7548285 14.24818 -18.354773 0.25433257 -15.261274 2.527344 -3.4132884 -0.5207474 -6.4807925 6.7077703 -13.541035 0.66800725 -6.314291 -3.0282164 
-302.98633 106.66265 1.2430822 53.260193 22.66555 -7.051644 -33.119812 11.986278 -25.362381 6.7265735 -22.432478 10.742385 9.377615 0.18136565 -10.147991 8.208635 -1.7791848 -7.2873936 -10.801268 0.19482581 
-301.85535 67.255775 40.89524 21.471533 13.313628 15.135077 -29.993073 18.54926 -22.206547 12.9025755 -16.393906 0.13513453 5.1191306 7.264084 -12.357119 3.5859015 -6.200997 2.6042304 -13.867654 -0.9051988 
-288.66653 115.6035 11.082011 34.255867 9.441914 1.465793 -15.6214485 -15.486481 -34.168457 19.039547 -20.899023 10.436549 -5.8120666 5.7438645 -2.0221992 4.7134156 -5.75417 -2.6617696 -14.008261 -3.0327556 
-350.7564 107.44429 24.696768 50.97363 19.28643 -3.0486712 -22.384336 7.5906806 -18.201979 1.9795831 -25.724161 5.774322 -2.4526663 1.9117993 -9.8932 5.620925 -9.397545 1.569551 -14.086144 -3.945209 
-353.41837 137.73769 11.305542 17.452692 16.903421 8.282344 -11.500138 5.6666036 -10.914847 9.292257 -11.965337 0.69607383 -7.2475758 -8.420293 -6.4091125 1.3833345 -16.19241 7.3344803 -9.835847 -1.0590512 
-319.72098 156.73697 -10.414139 12.156633 -1.8634976 10.171055 -5.82187 0.06775708 -26.140974 4.9009724 -10.866363 1.6509776 -2.4679136 -12.339765 -3.9929967 1.4699184 -13.082516 13.389103 -11.71283 1.5105953 
-366.0242 145.33441 18.452902 35.58149 -3.850713 1.5798537 -10.944374 -6.0450997 -28.098059 13.446949 -21.381777 4.916167 -7.9811597 2.1374354 -3.6755676 5.6231456 -0.78139484 1.0947833 -8.440068 -3.455985 
-352.8494 135.94997 -10.908688 24.090704 13.555031 17.4084 -8.601913 -2.9883702 -18.954447 17.331736 -18.371597 1.1510363 -16.057388 -1.2022406 -0.83653444 2.7683814 -3.6884558 -2.7484167 -7.934626 3.3717299 
-382.1008 131.80855 10.56412 28.432928 20.268745 13.530888 -7.7713556 5.712314 -11.424686 17.64193 -15.451 2.5807762 -8.30904 2.1281853 -8.748602 2.3923173 -6.964851 -1.2663192 -8.412482 -1.0719482 
-410.0761 131.22667 9.717035 40.793797 19.74427 12.418744 -13.661252 15.129479 -3.8635712 8.018716 -15.2723675 2.0485523 1.5580139 5.8159485 -11.426595 8.07044 -7.9925747 1.0766927 -14.211338 -2.4001167 
-410.37152 138.83054 15.779236 34.797974 14.067497 11.109783 -10.649415 8.620744 -10.741222 10.550384 -9.654426 3.8234046 -6.8166113 2.7477806 -7.287842 4.116037 -9.7814245 2.3602974 -9.249798 -1.2808518 
-358.8394 150.78831 5.5346565 23.227308 -16.252438 10.844822 11.318136 8.02992 -19.18325 11.078682 -19.678986 4.0224133 0.10888634 -5.5708885 -14.974309 3.0445907 -9.956182 0.80513453 -4.6827526 -3.5617964 
-360.20953 152.62166 31.827105 25.324362 -14.775387 -7.1179113 -1.2574346 7.4881907 -17.136969 11.104725 -25.0643 7.0285044 -3.0922241 6.0510354 -13.627677 4.722044 -14.499935 -4.3968625 -5.63052 -5.271175 
-373.38513 138.8327 -1.9327825 24.510622 20.480873 15.849706 -8.684315 10.6255455 -13.841671 7.6618786 -10.252471 -0.22911443 -5.289671 0.34137568 -7.156189 3.8074536 -11.612377 3.102186 -6.3359103 -7.1964893 
-307.90515 119.99894 0.16088782 21.59927 17.373755 10.553591 -17.310219 6.135014 -21.31411 13.671436 -19.995079 3.4366314 -13.596593 0.76546454 -17.527899 1.4470594 -9.173237 2.7860265 -4.983436 -11.229762 
-409.22385 145.39784 23.803228 32.4061 6.280648 9.342647 -6.6265836 12.149473 -18.536877 5.5643287 -18.59416 2.1907177 -4.851643 5.2600446 -13.321475 3.7508326 -12.392101 -1.0418639 -8.290035 -0.07489782 
-426.26306 135.58128 9.99789 38.695843 14.4150505 11.951759 -11.295696 12.65217 -9.178966 12.903758 -10.336231 2.089518 -3.1507106 4.023041 -11.820505 3.708933 -14.626118 0.8378331 -8.9586115 -1.0338554 
-433.8367 141.4926 17.501486 40.234745 13.316073 9.655382 -4.43641 15.080541 -9.853136 6.666711 -12.833134 2.7978215 -5.8007555 3.7852995 -8.704029 4.2311926 -10.881804 3.6754265 -9.423828 0.4419251 
-439.34998 145.8029 14.759478 40.59845 7.543529 10.8641205 -5.030912 16.064312 -10.728458 7.1659384 -9.137761 5.606092 -3.9141388 3.2846572 -8.592149 5.6085224 -8.564721 4.0161114 -9.748104 1.0706891 
-397.5911 117.30868 28.631754 39.898117 7.3658404 17.689379 -12.926557 6.9808064 -8.599394 1.0276593 -15.985554 0.016958978 -3.4596639 6.7746086 -13.148924 3.4353063 -13.108037 2.8293278 -7.7474475 0.7280564 
-353.48642 121.97909 24.800741 44.35356 17.917429 7.8882456 -17.654406 -2.9637976 -14.726854 7.3882694 -26.942093 2.9294686 1.4557277 11.789475 -11.989643 4.387357 -5.4061985 5.2047143 -4.8500643 -5.1985025 
-312.04855 84.72789 18.862705 51.98429 20.214575 -1.1780393 -19.493265 6.805766 -23.131805 -0.1489796 -27.403023 12.897906 4.1891103 3.9109204 -11.867483 12.30817 -11.391682 2.7254505 -9.325761 -7.493961 
-293.39832 91.5452 14.140366 33.066242 12.778179 10.223358 -30.072641 6.679221 -20.052773 3.58555 -14.903451 7.8059354 -0.48441082 -2.3572836 -17.242903 6.5451093 -9.789171 2.3287401 -11.886877 -0.06613766 
-306.92233 148.84952 -0.4592798 12.892507 2.9113474 6.173775 -12.713776 0.9183519 -32.524918 12.668256 -8.317128 4.197937 -4.615456 -5.4812713 -8.524733 3.5625713 -4.741217 2.0817144 -3.7011023 -7.2577004 
-342.2498 136.2386 6.645548 46.199146 23.45126 -7.9684405 -19.941141 5.768596 -19.51929 -1.9680457 -14.824949 5.9658513 0.1926418 -4.4936504 -6.538806 3.211816 -4.2568445 -5.8061852 -7.2918024 -8.4931555 
-355.69955 135.76218 12.655193 46.95158 21.970095 -7.1237497 -23.92475 5.6737566 -15.945356 -0.031536207 -20.581573 5.9555006 1.6769146 4.3515377 -9.431515 1.0168513 -3.880065 -7.1560907 -12.060268 -2.3194983 
-394.9165 115.81212 20.799665 33.620407 12.212672 16.803719 -6.1330514 14.919754 -12.94191 7.4620953 -14.46736 2.2761874 -5.381917 2.7772527 -8.706881 5.1749287 -13.793953 4.750932 -7.0840387 -4.2551346 
-342.98032 143.2448 4.400362 41.741043 21.649315 -4.1533184 -19.789015 -0.027642779 -30.64544 -4.2285633 -21.48804 15.530657 -4.9350953 0.38908556 -0.80205655 0.8497672 -14.037568 -0.19223908 -5.357769 -12.9771385 
-392.7418 151.5491 25.896421 27.038633 -1.4050336 -8.244692 -11.990739 11.457866 -16.356655 3.9979734 -14.687775 5.6498656 -2.9589472 4.644084 -4.07483 7.2672653 -12.159246 5.016523 -10.147611 -8.534225 
-422.72922 137.67125 20.106947 35.2213 12.1600275 8.973812 -8.207009 19.60529 -14.550639 6.436706 -9.695292 1.6220194 -5.669256 2.2634952 -9.674538 0.79656494 -10.55776 2.1375139 -8.516867 0.93296474 
-436.27194 145.36057 13.656289 37.95543 14.842194 9.605419 -5.979312 17.171879 -7.61397 6.1284666 -10.755079 1.3643194 -3.9808874 0.15779835 -6.614786 2.4133022 -10.4151325 2.0713065 -9.992708 0.59336 
-412.08606 147.93681 24.1556 39.57317 13.132097 0.5307446 -11.975636 7.0568624 -16.691427 4.901453 -9.940289 0.90037227 -1.1929499 0.88995713 -5.921232 -2.3994534 -5.1504383 -0.26307112 -10.002495 -3.907086 
-344.19733 150.99298 -8.660484 24.550638 16.923712 0.72338307 -15.532769 -3.7721508 -26.917137 13.88306 -14.067698 2.782299 -2.484705 1.1066295 -7.203243 -6.956921 -6.9318256 -0.26431623 -5.300033 -8.272361 
-351.18958 142.2619 22.161787 21.761211 6.5829024 11.744632 -10.312489 -7.296633 -34.64 3.877479 -15.5651045 12.434601 -0.5379005 5.6569757 -6.9891987 -0.1684316 -8.680509 0.78530174 -6.908395 -3.1429286 
-366.41724 138.97626 20.362087 28.764517 5.303466 6.481401 -13.016875 -10.028632 -30.710564 3.4940202 -18.520113 14.613659 -6.9306536 5.0580997 2.3197355 4.4954333 -4.4976373 -4.45186 -10.405272 -6.739773 
-407.1698 146.26224 27.736841 44.446987 14.938982 3.7995207 -16.012089 3.9653363 -19.85556 -1.4017435 -17.243374 -2.8847077 -6.863802 -0.7696757 -8.627773 6.6998096 -8.462421 5.987993 -7.107481 2.400079 
-351.99628 108.172165 15.174489 23.333418 18.016457 13.499436 -27.380472 6.449413 -14.141477 16.662773 -11.491268 2.7303064 -4.9623547 2.3965275 -12.405662 -1.2101308 -10.053978 9.371393 -11.778667 2.0877213 
-420.8358 137.6942 19.267097 36.75541 12.300359 5.636053 -10.162022 13.705655 -14.049855 7.1749277 -15.085439 0.08201376 -5.2671914 1.6384375 -11.755121 0.3905762 -8.323032 1.3093814 -9.019045 -0.44986343 
-383.3881 127.728355 9.082632 31.079206 16.161306 12.196407 -23.048658 16.29242 -8.547674 9.650835 -12.512797 -3.2718322 -5.3075504 3.6971 -13.315105 -0.70397794 -9.701256 1.1488403 -9.894484 -2.9643335 
-424.15857 133.82343 17.27285 34.71644 10.763011 11.0220995 -1.6047431 13.770388 -9.936173 10.243851 -10.351996 3.1665661 -7.4860773 0.50585854 -6.95371 7.3641334 -11.252787 2.4865942 -8.353241 -0.7625209 
-428.70956 142.64769 15.341444 40.24292 14.959927 10.1828375 -4.646358 14.363091 -8.487887 5.591917 -11.883667 -1.389808 -2.1354024 3.6881616 -4.1967983 6.7546053 -10.240687 2.496347 -6.608862 0.10995976 
-423.59497 137.1259 17.534647 36.148773 14.120765 11.287213 -5.4721375 14.710216 -7.8064337 6.6416683 -10.865004 -0.08420059 -6.035219 3.2683 -6.342232 6.633607 -9.292317 0.63587517 -6.1803756 2.5320807 
-392.60727 131.30397 25.74334 25.649977 11.709396 11.738736 5.0090804 9.18857 -7.6916595 7.43164 1.7847675 7.225328 -2.0638144 -3.1677284 -7.2042975 5.2310576 -10.82705 0.97696143 -6.204847 -1.8533583 
