-380.07428 135.77043 19.230526 36.2056 -5.9919634 13.640706 3.9898195 2.161039 -12.947641 1.8540891 -24.406397 7.9108963 -5.633131 4.3638678 -15.308821 4.966733 -15.361923 10.249372 -10.062603 -9.946429 
-282.57056 92.88229 6.3268175 38.095146 1.8539805 21.139565 -25.004576 -7.7108407 -9.512054 2.1293764 -22.166523 0.4978732 -2.13052 3.8383336 -6.117389 -5.0414476 -13.524624 9.258011 -24.491505 -7.7415247 
-269.27246 91.53345 11.853854 39.410065 -0.3910372 19.044811 -6.392893 -19.745712 -34.380337 20.279732 -18.561127 -4.9282274 1.6192727 8.035875 -0.46952778 7.7192774 -15.473613 5.313673 -16.624601 0.85691476 
-295.70926 72.11394 34.177124 55.1639 -6.471702 12.4566345 -8.583384 -12.183041 -16.504967 11.823414 -32.946434 -1.7981232 1.5024251 1.2387928 -9.507665 10.845597 -8.55881 8.858758 -18.219416 -1.6099445 
-283.08304 128.98592 -7.6301694 21.618896 10.291824 14.329598 0.99924564 -10.241895 -13.177965 1.800502 -19.337908 -0.03230524 -8.178084 -2.9281874 -7.5203347 10.32389 -22.6902 10.174271 -7.9562683 -4.766888 
-249.28204 107.3146 -20.516443 52.339745 -0.2918962 -8.775353 13.018327 -17.444836 -4.4194574 -4.400205 -18.531439 -3.8823988 -8.692714 8.297703 -10.03267 5.968727 -27.414955 11.259307 -15.483397 -5.510276 
-294.6071 141.50461 22.81192 24.246317 -17.136196 -10.075512 2.4605293 -10.86594 -15.818205 2.58583 -21.82868 5.237281 -3.2995105 1.4688904 -12.108131 -4.5545273 -14.6032915 -0.7200636 -5.9696956 -2.5550985 
-297.53107 133.28976 -8.941125 22.56034 -9.767553 20.72891 14.636265 -19.232656 -12.610408 6.4777927 -17.30651 4.49264 -8.88187 -1.7995911 -11.897886 6.03609 -16.699404 11.039443 -10.563892 -1.9630373 
-306.65442 114.7511 28.599583 28.742567 -11.204559 15.166921 -5.925476 -8.552454 -24.34893 5.258211 -22.449024 -2.127833 -5.725169 0.92847073 -5.9941554 0.48317847 -12.472929 2.5826712 -14.046022 0.30986193 
-308.88235 76.847 43.44444 21.31471 -5.5199475 26.645433 -17.56308 3.9038417 -17.97172 2.500216 -26.480185 -3.103591 -4.858656 -8.012516 -9.290873 1.3222667 -16.073105 9.10575 -15.936135 -2.1106646 
-298.70193 44.460457 58.42205 25.578596 11.83971 22.92795 -24.342318 5.8249865 -19.863924 9.253967 -26.875742 -4.0505853 -1.0072823 -5.3091044 -11.428445 7.120928 -11.559374 13.906681 -17.5554 -2.296749 
-295.4681 123.48211 -14.977138 15.197368 -8.571426 22.256205 -4.9296327 -1.5517774 -13.032101 6.5138235 -29.065334 13.4761305 -9.321786 9.049754 -6.172427 0.20993143 -21.353098 12.714379 -7.5852532 -0.48217943 
-310.03995 92.68734 30.707998 26.510628 -11.897218 20.860943 -5.15049 -7.4493103 -20.023207 12.2194605 -27.066505 6.4774547 -3.2600963 3.863341 -2.133746 9.7338085 -15.811212 9.540721 -10.80848 -6.0054493 
-309.24265 108.25072 10.046745 68.77117 0.42725414 -4.056946 -5.817226 -22.2622 -9.890655 -4.5718784 -29.538988 -2.1969607 -5.9667034 0.6248482 -11.611775 14.147806 -10.616123 -0.9131693 -1.8323898 -9.057276 
-406.8474 123.82357 17.160723 44.087425 9.156607 13.6394 -1.2432284 4.6597276 -13.39485 8.716194 -15.923804 2.3547566 -5.8057995 -0.76975316 -4.6810555 8.894799 -11.453655 8.959003 -3.6843665 0.49242243 
-336.67648 103.99543 41.764442 39.351315 3.2961864 8.076363 -0.4141974 -8.499375 -26.742985 7.0744915 -29.313917 1.3097693 -1.5183558 -2.409128 -5.1578627 8.250421 -15.52043 11.787857 -5.1361494 -2.3133824 
-259.29895 123.47982 -25.332727 38.732384 -15.7418585 7.8551974 2.058177 -12.103973 -7.7700586 -4.5834064 -16.145164 3.231519 -6.027283 -0.8895852 -12.663874 8.576376 -22.018242 18.80699 -8.5437155 -2.1708 
-309.17743 126.61842 5.338115 29.066603 -3.3595557 10.117605 -5.3262334 -19.702242 -13.079696 -1.893653 -24.207296 9.417725 -2.7555525 2.435202 -9.773412 9.045874 -22.847336 8.092855 -10.302957 -9.421169 
-362.3082 123.261284 19.32561 61.98613 -1.6082884 1.1713222 -1.6012259 -8.566913 -9.040887 -5.1557193 -22.291931 -3.596611 -11.966054 -3.8432498 -5.6838484 10.102072 -10.240402 9.374259 -6.035789 -0.28854758 
-273.1212 129.18181 -12.307488 28.801432 -10.91326 8.131731 14.055206 -19.895386 -26.588158 14.374673 -18.180683 5.326339 -11.352154 -1.1697478 -13.561495 7.0540447 -13.701941 7.430157 -9.314118 -4.1244555 
-307.1045 89.46619 21.27549 50.47319 -1.3224527 1.1437432 -12.33518 10.484498 -32.881462 7.9662924 -25.0513 2.5663598 -8.386181 0.2591576 -6.0196366 2.1641524 -12.726427 1.7708169 -7.2641745 -6.34482 
-277.83633 106.2473 4.7733884 60.091736 4.5500007 -6.726201 -5.153512 -9.889067 5.3638935 -5.588732 -30.881094 15.7560005 -11.585631 13.24605 -21.55653 13.335024 -14.943392 0.82979274 -14.871532 -4.5613294 
-283.48148 4.562583 76.143036 17.845455 13.3981285 19.348928 -22.357473 11.130166 -14.750011 9.702734 -23.89087 1.4068383 -0.9222291 -6.9862156 -10.429286 9.149687 -16.074272 9.723329 -16.910606 -0.38112527 
-259.6046 120.19408 0.03239229 11.959956 -0.7807647 14.769239 -7.3414097 -6.6936765 -17.971382 -1.2447548 -29.42335 12.514568 -8.496886 2.8970816 -9.261175 -2.5292363 -17.383305 15.114651 -11.134537 -1.0397407 
-303.21918 142.74692 -6.4453845 26.585127 -5.1330433 9.409855 -4.084234 -18.87029 -14.09529 2.5038955 -20.895061 20.042473 -13.233117 11.135349 -5.1981177 -0.0007902251 -16.763071 8.605809 -2.8945758 -5.3100677 
-326.41656 152.24026 14.083826 40.074024 -18.979816 7.5202155 6.0368257 -20.133465 -29.982857 -6.8923187 -27.04861 5.436964 0.92688775 12.1923895 -8.0052395 6.963713 -10.755436 2.521335 -7.9248614 -7.1875434 
-322.86908 92.16325 29.096724 59.08058 -13.797581 9.674751 -11.790221 -4.946142 -17.902199 4.6041107 -24.304436 3.991484 -3.3316565 -1.8450606 -8.965151 9.947865 -14.168837 7.523618 -10.02424 -3.3892016 
-271.98117 139.21452 -33.30542 38.95267 -8.382043 6.4351177 -14.042771 -30.18885 -15.786472 5.430104 -13.242854 8.928038 -1.4717835 11.403327 -9.912467 6.196492 -23.577984 17.272614 -7.2457843 -9.03773 
-283.77795 156.16812 -39.158314 11.7697315 -14.369219 21.678179 -11.981097 -7.393377 -9.831821 -0.5541051 -10.933648 6.189392 -5.7000766 1.5287833 -12.53741 5.97458 -21.174446 22.263992 -5.693625 -3.4955428 
-312.03027 133.2127 0.18872452 11.23246 -4.7352505 16.035736 8.64711 -0.69477373 -16.182676 1.2393854 -16.503279 3.5058362 -12.210856 -3.2257833 -10.385875 6.5661635 -14.481152 10.794275 -5.997173 -3.1008022 
-303.46246 51.509583 63.49856 23.240103 0.9239112 28.160627 -24.284739 9.660694 -16.658592 9.116541 -29.74784 2.913045 -3.274792 -2.7326899 -10.125733 -0.33439144 -14.52396 15.882863 -17.274776 0.23473984 
-299.4363 122.66952 3.8467724 32.6678 7.117545 8.281433 -8.839009 -13.190371 -9.8195715 3.8877792 -31.6348 -3.318125 -12.600316 11.184048 -9.287779 -0.7961819 -14.396626 6.335159 -14.413585 4.3968654 
-369.96744 111.75676 1.9781303 35.904495 7.8852487 16.449919 -3.719936 -4.2186465 2.9630675 18.130003 -21.462734 2.3043432 -0.019798808 -1.6238247 -8.539442 -0.2570694 -14.453389 11.496938 -3.7213194 -7.102742 
-409.6474 127.71803 13.895349 39.13417 10.859919 15.364286 -5.0642724 5.567808 -7.5729074 3.9868207 -15.453118 4.2180686 -0.5728557 1.7560835 -7.6928234 2.7846603 -13.374782 5.4835796 -9.02011 -3.6168005 
-341.3393 128.88458 17.48446 59.096638 -10.386707 -5.920298 12.708546 -9.06384 -11.936778 -3.793499 -20.131979 -10.110389 -0.99923587 7.192466 -9.2121 3.4504168 -16.201847 4.8822484 -10.248851 1.1847041 
-262.17584 122.74681 -21.067858 33.96072 4.5194173 3.9649518 7.801634 -20.682821 -11.665892 -5.0651913 -18.34771 13.168246 -8.02479 8.091807 -3.4369266 -1.1065865 -26.263153 6.4061265 -10.071651 -5.7805395 
-250.27423 107.58994 -19.300882 59.405525 6.8615813 -14.015652 -13.080486 -23.06466 2.23426 -8.434767 -28.114521 9.543103 0.83911324 6.99758 -18.865074 19.992104 -19.240871 4.5693893 -19.674719 -10.391977 
-391.84412 138.51552 17.234177 50.606937 3.0548403 3.6279025 -4.800813 -0.13804048 -15.672845 -2.4589908 -18.805294 2.4279277 -5.331213 1.9539771 -10.937829 11.138023 -13.544118 4.879517 -12.455149 -3.951327 
-429.68744 144.03305 10.210554 43.91051 5.6466737 13.243927 -6.301529 7.912217 -12.724256 6.81995 -12.155093 5.070092 -2.4093714 -1.8408122 -7.04714 4.6852055 -10.358053 0.3829006 -12.4247675 -5.261747 
-385.73373 143.2844 22.635878 40.122044 4.128702 2.7883554 -1.8826798 0.11096726 -10.19216 0.6738972 -16.22635 0.4491007 -5.2704277 -2.6219816 -5.5820494 2.5528097 -12.755198 6.0077724 -9.452725 -1.9256052 
-286.37024 128.7579 -4.7429857 28.855839 5.1814213 0.49556625 6.466129 -19.46581 -11.06453 -8.474857 -14.491001 5.1517143 -5.7002993 5.8948994 -10.510505 -1.4564879 -18.105171 12.708332 -18.679588 0.17098564 
-299.28323 86.034325 30.41841 44.92061 0.33447468 17.220394 -19.523033 -8.344412 -14.594001 0.2827553 -26.720623 -5.580694 -4.3352923 3.4147944 -7.7735004 2.0770106 -12.737171 8.737941 -12.470121 -0.14556697 
-307.05087 128.76335 30.609623 35.734978 -11.5686455 1.410153 -10.44852 -17.85012 -25.118408 0.55730575 -28.863003 3.5906987 -1.0166365 0.5206735 0.9445379 2.9752762 -10.475529 8.3088875 -6.9136577 -7.102575 
-266.9408 55.749527 50.505726 12.086384 -1.3032231 20.197226 -18.25498 1.4533514 -19.370382 6.783381 -23.36243 1.2882684 -3.0793545 2.8840215 -5.1515827 5.2412906 -14.190511 7.190471 -8.409556 -1.699747 
-319.20276 123.16176 48.291473 26.618776 -2.9501715 -0.7006183 -12.689946 -12.918239 -25.94528 3.3145857 -33.99765 1.2711912 -3.5008576 0.41447428 -2.1587343 3.2850847 -8.954915 7.458361 -8.155655 -2.0003314 
-264.2117 113.84452 11.577444 18.90516 -9.583455 7.8548636 -10.887853 -16.082102 -26.190966 1.0931945 -20.802729 8.147752 0.52125233 9.77039 -6.029827 4.7362843 -12.835636 13.249354 -15.30975 -6.8306575 
-283.1284 145.03319 -44.458748 15.266815 5.9608674 19.556095 -14.285522 -2.3384635 -10.17403 3.5367572 -24.429424 7.4311023 -5.194275 -4.8956666 -17.924007 4.355481 -18.019897 17.636679 -13.644758 0.09375228 
-266.27753 127.26408 -27.678486 30.536543 6.838872 10.386422 -11.973951 -10.162576 -1.8714314 -2.5522563 -18.760126 -10.205562 -18.125925 8.044902 -10.031947 2.1092527 -24.225998 19.979717 -22.223305 3.4467592 
-269.55945 103.87522 7.322158 30.61576 -8.146 16.93466 -9.261266 -22.03683 -33.208763 11.843478 -23.196157 7.7653613 -3.1241148 4.739409 0.43045276 1.0523994 -13.856297 7.530465 -16.239365 -1.9839891 
-277.6524 87.55036 11.261595 51.652275 10.09052 -7.8470054 -10.377242 -6.6608453 -26.777794 14.258909 -26.604933 0.28558886 0.6822365 9.898428 -6.404505 5.5656033 -10.305412 7.7898273 -10.065731 -5.6826315 
-293.68353 148.64125 -3.8882167 38.87207 -13.878969 15.032932 -3.9328413 -28.497732 -25.18706 4.4890924 -30.115692 12.473252 -7.5265026 13.3928585 -5.6757946 -3.1755428 -10.152111 10.327408 -11.786453 -3.1203203 
-290.56555 133.23015 -9.900357 40.299973 -8.915566 8.417295 -6.453899 -16.657373 -16.635462 12.255061 -36.413925 5.729559 -8.396411 4.317154 -5.7586 3.318495 -12.156385 10.99093 -5.432305 -10.260358 
-307.61072 78.35653 45.34493 43.59198 2.222909 24.135494 -25.399147 -2.7641249 -18.958527 5.58065 -31.066969 2.3520484 -1.2254281 4.5233583 -7.422214 -1.9817747 -3.653032 13.483929 -16.718557 -3.1945822 
-389.5949 131.94382 19.64788 36.3284 9.699195 8.465847 -8.023495 0.9130353 -8.911211 2.929253 -20.615639 1.988391 -4.6352386 0.7961032 -5.255136 4.642652 -9.217853 3.4997952 -11.66863 -1.0003753 
-340.9509 132.30211 5.590247 53.597984 6.105572 -4.391782 -7.2419205 -6.894418 -8.592608 -6.9211335 -17.234232 5.443765 -6.547715 1.5089347 -6.969015 8.466175 -18.896904 3.5992758 -10.586475 -5.2761045 
-255.22151 111.06041 -8.545989 35.42689 2.0957537 11.273555 -5.456397 -5.663765 -14.354656 -2.9307191 -16.653084 1.7986486 -9.3312235 -4.06937 -5.928578 5.9230957 -19.063541 10.926945 -12.7964945 2.6207836 
-308.12732 142.35736 -9.336277 19.866745 4.731341 13.604061 1.7192246 -21.619736 -20.057272 5.853235 -22.166288 7.688919 -15.097922 9.479969 -3.8241277 1.3418516 -13.643167 2.4169087 -10.023492 0.74626577 
-270.7755 115.47672 4.4927073 16.454199 -16.06099 6.8953013 6.8739376 -6.783063 -34.70352 12.139792 -21.016369 11.998391 -5.6123815 -1.4497547 -10.991412 0.7780371 -16.67081 15.022317 -15.052219 -3.9912403 
-312.69406 103.20637 18.571978 58.301765 3.525284 0.37039492 -10.822215 -5.5289273 -25.335962 10.451923 -30.561174 -5.4800067 -2.0602684 -1.2502466 -13.989525 7.5395594 -11.123332 3.634493 -12.57233 -1.1204711 
-277.07526 153.6998 -20.62997 28.881233 -25.359352 -7.432624 7.703152 -6.9381504 -17.389183 4.526922 -29.174887 10.37827 -9.399332 5.267109 -7.376623 -0.8520059 -14.539697 4.8353176 -2.3993793 -7.4804816 
-332.04364 130.10542 -5.7029004 54.81635 -10.159294 5.7383366 6.3914294 -20.129187 -15.055531 1.1506367 -26.907963 4.9953794 -1.943004 4.2961674 -4.500008 6.270982 -19.490044 3.8158488 -7.852028 -4.9611497 
-299.981 86.54198 44.578854 62.699192 -9.46358 2.4968538 -11.418826 -0.6165034 -21.125309 4.091395 -35.106003 2.1990573 -5.4515643 -6.9246035 -9.696344 8.826472 -13.496121 6.861035 -12.112118 -1.0693283 
-301.35324 37.632954 74.1821 21.43985 20.021515 17.703667 -23.049492 10.583779 -18.663118 12.692875 -26.168016 -2.611504 -1.7919704 -0.66812354 -7.3227353 6.021289 -14.267702 10.256922 -17.89703 2.7466698 
-298.06174 136.70015 -6.792537 16.938023 -9.713118 16.401594 1.0613651 -3.7023027 -19.984915 10.204143 -26.717714 15.7572565 -11.93307 6.1028724 -7.875646 -1.1376941 -12.4749365 12.506268 -8.036923 -6.7800827 
-337.05664 136.1108 11.418491 52.67754 0.3573883 -7.502216 -8.604719 -2.9980001 -14.937988 -12.53157 -25.526176 -2.5668974 -12.637089 13.174472 -9.059501 0.92891854 -16.80491 8.429429 -17.893274 2.4348803 
-268.75256 129.08575 -21.434965 40.797806 5.9146976 3.0138278 -12.157825 -15.012303 10.59436 -7.288246 -24.13019 0.5609981 -6.659416 8.003459 -23.142529 13.956959 -24.09016 15.6704235 -23.71556 6.390225 
-320.8577 131.56497 -3.3636496 19.263857 12.415732 23.34914 -2.0933592 -12.035592 -11.294651 5.9584017 -18.265465 0.74704087 -11.656733 7.166247 -7.493076 1.122494 -12.595289 0.53859335 -9.001019 2.786178 
-331.17404 142.28056 6.9109325 25.842493 -4.856573 9.043522 4.6305485 -14.378942 -20.85692 5.756815 -17.592571 16.300817 -10.050687 5.767383 -8.809512 1.3927394 -9.569111 9.172491 -11.9625435 -10.094076 
-397.2336 109.973274 19.481266 35.134724 5.278828 16.129099 -6.2282133 8.696049 -10.706305 13.365181 -17.646917 5.1071854 -7.4430976 0.84773135 -6.607523 6.585682 -15.346335 10.116606 -10.780688 -2.8379214 
-326.3051 104.30582 34.538235 47.663376 -12.578261 11.926863 -5.655702 -2.3524244 -22.01866 0.17657134 -33.35491 4.692833 -3.883776 1.9260082 -10.833782 9.161257 -14.872776 7.4852424 -9.409436 -3.012767 
-294.04285 91.852135 36.0867 34.783382 -12.748111 10.439785 1.4148889 -12.657434 -21.33327 1.5165815 -30.886732 7.495152 -3.4146976 1.9146589 -4.975417 4.239627 -15.513249 13.470491 -14.649395 -6.874348 
-287.35355 149.15666 6.4842935 34.047222 -10.127344 0.39628452 -2.105307 -27.627842 -26.952578 -3.1091719 -26.325308 5.841764 -4.602882 12.390752 -4.829836 3.1373737 -15.101976 3.3001642 -6.302907 -9.206833 
-309.66275 98.030846 17.258495 59.574604 -7.8095255 10.965784 -12.934941 1.5664268 -14.585648 2.0634265 -25.172167 0.5147682 -4.5098734 0.42617285 -13.059826 11.077271 -20.200193 9.306541 -8.3621025 -0.03687827 
-285.8512 130.24696 -23.538084 17.356289 6.527744 18.132095 -15.437836 -0.42127737 -3.989339 2.0314875 -21.84443 0.6650583 -13.741026 -5.6631184 -10.886425 7.298184 -25.543922 13.72775 -10.699814 -7.9412613 
-321.19464 147.59097 20.628801 53.113754 4.813769 -15.343031 -4.2219543 -7.318661 -21.7749 -10.560093 -25.333344 -2.542414 -12.501039 1.9142797 -2.377357 8.405405 -17.22941 4.175032 -10.879048 -5.0761957 
-300.85922 145.25745 6.9400597 26.423273 5.8708854 4.2496653 -9.452725 -17.031183 -18.607132 -1.5104946 -28.737816 19.306387 -11.693103 6.143212 -7.323666 6.33053 -22.73867 5.7226033 -3.992103 -13.329653 
-343.1307 124.38337 5.3590035 41.463444 12.522927 1.3714128 -13.137529 -6.5152063 -2.9742284 5.8874617 -20.169083 7.845531 0.5059584 2.6034977 -11.736981 6.953087 -9.724467 0.38738626 -8.964957 -11.145591 
-399.85327 114.560165 17.32455 41.57204 3.9373932 11.24378 -3.5531194 3.119275 -8.2529545 11.260773 -23.3343 4.495353 -1.0647118 -1.7027849 -8.345776 6.10535 -16.181715 4.1749606 -9.789605 -7.3628726 
-312.457 90.28669 37.81128 32.962135 -8.081315 9.023204 2.020083 -6.793774 -28.240421 14.437466 -33.51164 11.829165 -2.5522456 0.5179811 -8.938088 6.331376 -16.950191 5.512858 -13.597938 -8.531799 
-312.5007 147.98407 20.363375 33.62509 -20.612139 -5.2760067 10.395415 -10.623529 -23.861387 8.964564 -32.628338 18.210379 0.90634876 6.691722 -5.0842457 -5.2304525 -12.7930565 2.936854 -4.75329 -9.164451 
-297.99298 121.37619 -4.956586 43.52792 7.0980377 -1.675632 -11.079906 -18.261856 -16.949852 -9.867954 -24.734015 12.961939 -1.3965831 3.2834654 -13.719356 9.607008 -20.627316 5.6780133 -5.7746854 -9.506712 
-288.09445 142.5684 -12.99712 26.979912 -15.166371 -0.48936334 17.457466 -11.630939 -21.351229 0.3987969 -27.025576 9.54857 -8.651613 9.671229 -9.453379 -1.6852314 -12.980744 2.628815 -8.200713 -6.4067397 
-311.84995 140.2803 -9.198959 32.61946 1.6096723 15.454783 -10.169734 -11.402189 -20.572544 9.437433 -23.832901 0.32238388 -17.72441 12.769058 -11.200329 -1.8699023 -13.707216 3.9407687 -5.0860715 -3.7054622 
-343.27277 152.02509 4.238885 42.40189 4.1742225 -3.923949 -2.6969016 -10.865464 -29.553738 6.938235 -24.388247 -9.698715 -3.407231 4.7031345 -13.389284 4.6160316 -9.070077 -2.1288698 -5.0802226 -0.6647427 
-350.65396 142.91368 11.601991 33.621994 -16.924965 -0.9741571 6.7803783 -3.1611426 -12.346553 4.6789026 -22.902246 1.277987 -7.6452966 4.6257687 -8.172348 2.0963163 -14.555196 -3.9102488 -8.324858 2.563266 
-310.10815 131.82295 -10.794907 28.016592 -6.379736 28.641785 -10.230181 -18.660248 -12.302931 13.348415 -21.29203 2.7561967 -16.754696 15.442644 -12.7779875 1.2225819 -21.00016 1.1206273 -5.4645486 -3.2225182 
-394.8636 123.863785 16.650627 34.27859 7.225406 11.929424 -6.134674 7.744814 -7.774037 6.844913 -18.227169 -0.09751114 -9.597679 0.98639435 -6.9149103 5.1688857 -12.500897 -0.6405385 -9.959751 -3.4396985 
-419.8949 129.36824 15.108558 38.819656 13.485426 10.90333 -8.764467 8.765273 -12.161079 10.370748 -10.195927 5.9921274 -3.976629 -1.2112434 -9.600906 6.9895964 -11.057464 2.5778925 -11.2967415 -5.465109 
-301.10413 97.72746 38.317467 27.385466 1.2761377 11.157603 -11.000843 -11.947695 -21.270834 1.7170297 -26.78975 6.053152 -3.5343845 0.94107956 -13.865113 1.7371345 -16.289824 4.1844735 -13.862181 -1.9176538 
-201.19904 151.27097 -49.730713 9.160226 -18.19026 3.4663146 -3.9932964 -19.032532 -16.829802 0.15586108 -24.461708 17.415743 -12.642419 5.2135744 -3.6572282 2.2136998 -20.71451 14.413986 -10.3621235 -1.9811777 
-270.24048 111.69538 2.925449 36.7385 -14.858974 12.0300045 -2.435257 -17.327267 -22.5933 -2.7153316 -19.511421 2.3857331 -10.733917 9.181562 -15.559998 5.757008 -20.30953 7.020873 -6.658114 -3.3131428 
-284.76178 101.37907 9.472179 56.279827 -1.8701308 7.877828 -14.886743 -10.142245 -1.9858873 -9.427059 -27.197275 -2.636894 -3.299622 5.6792607 -16.053259 13.188276 -20.588236 10.559677 -18.846762 1.2848215 
-296.58917 129.56807 33.846523 34.559128 -21.074743 2.411936 -1.4781431 -11.873552 -25.931986 -0.27784136 -33.02952 -1.6907026 -0.18796529 4.7024875 -2.1025636 2.9271135 -10.485838 0.8209618 -7.507166 -1.3609625 
-308.46973 142.35983 -3.4862714 34.26124 -9.346012 10.567489 -0.43463218 -17.265263 -13.665127 -1.3751221 -25.624321 -0.60503376 -4.1315975 15.480406 -7.337169 -9.164782 -16.697145 6.8139515 -11.92882 -1.6632442 
-290.38403 120.53735 -5.5758185 66.35255 -4.7175694 -15.453744 3.928229 -17.553646 -7.2437496 5.88435 -32.26888 3.0167449 -4.6635284 -3.493357 -12.207718 8.278875 -22.141184 4.3346195 -6.4566965 -3.0813246 
-278.5138 88.084435 24.329092 35.69467 9.225397 11.571704 -24.402922 -10.5125265 -22.8658 12.762136 -32.864193 2.9644692 -0.8991966 13.716727 -15.274719 -1.5173206 -12.533508 2.7661533 -13.419875 -4.419569 
-327.2846 113.92261 14.879917 55.680035 0.15450828 -1.5260701 -16.561821 -1.3817364 -6.0248046 -7.295313 -25.41024 9.391989 -6.5557656 4.5276165 -18.22028 16.188616 -11.119568 -2.590387 -13.453702 -0.11615017 
-295.32922 102.805565 23.189507 27.658384 -27.058483 20.19401 -1.3644371 -7.137542 -24.391289 5.7569942 -30.729343 11.514361 1.6518887 5.8960114 -12.298477 5.265909 -14.630751 -0.48029265 -9.58086 -7.971638 
-331.43213 95.631325 32.60261 18.093426 -1.3131853 14.232219 -10.425149 0.7891677 -18.746586 14.077314 -20.605318 8.447832 -5.9183073 7.7428107 -12.376164 4.8144794 -13.6033125 1.0549319 -6.8195367 -3.1220908 
-288.8707 146.51093 -25.575203 34.88102 -28.992632 10.844199 8.888547 -17.388096 -15.034112 13.463323 -19.004053 9.504262 -7.423851 5.1478066 -11.632157 -3.7688818 -13.576977 -1.0738283 -3.1450682 -5.976002 
-314.61105 94.130585 33.950085 59.1638 -8.274647 -1.9992483 -8.964847 -5.3401775 -18.91586 1.7997205 -35.050728 -0.5418024 -6.0621862 -4.4167075 -12.134584 10.945784 -12.157621 4.1029363 -6.9506035 -3.0438538 
-310.2435 86.932396 13.258711 63.33661 13.257458 -11.943061 -13.307483 6.3225675 -29.29307 4.974883 -32.46956 -2.0952854 -0.4692284 -1.3728299 -13.338803 7.059614 -6.2932644 0.0871298 -6.4271817 -2.7356532 
-294.24417 31.68908 68.233185 24.898947 8.045879 17.712208 -16.017033 5.8427563 -11.9981365 5.405485 -21.888878 0.5722739 -4.923325 -8.17183 -12.64966 7.6304235 -15.40249 6.0402026 -16.872637 0.8463053 
-281.589 123.075836 0.7501026 17.243294 -3.4485173 14.887089 -1.3921893 -8.28968 -19.29852 1.8475331 -31.865522 6.820241 -8.40897 -1.0226283 -11.89034 -6.6800494 -9.926866 13.211679 -10.177485 -4.437459 
-305.63986 142.30276 -6.6916523 47.114967 -4.502512 3.3041804 -9.286187 -22.219513 -10.295121 -4.090099 -29.746351 9.32851 -8.458248 16.067938 -6.445532 -0.9343016 -14.601735 10.221287 -13.541755 -2.7988265 
-338.99896 128.90387 14.653965 34.69766 -10.417558 11.5910425 -3.2009606 -8.33496 -20.941608 0.41276604 -22.158684 2.7440326 -7.770884 7.020555 -9.228249 7.9411035 -12.382448 4.819875 -6.0702534 -5.71186 
-370.4232 101.464935 22.3744 56.2384 -5.879062 14.312127 -8.1613655 -1.0166024 -10.530563 4.9633155 -21.85984 1.8568056 -5.873018 -4.6412516 -8.896028 13.4706745 -12.02481 8.564993 -10.129409 0.6260362 
-397.24918 133.3787 0.5339954 33.21896 6.6665044 10.588574 -14.44048 4.8448386 -6.261797 3.2780833 -20.458675 -2.5991266 -9.284421 0.7187668 -8.38962 9.2307825 -16.340324 2.3381007 -15.129924 0.4823671 
-426.16547 137.18298 13.034973 35.25049 12.438627 11.955229 -6.427113 10.79392 -16.262363 7.595691 -11.893642 4.042369 -4.8387747 1.1884866 -10.638897 3.2320185 -14.744997 4.1817117 -10.232666 -1.5451397 
-428.55402 137.47737 15.639287 34.12464 12.076918 10.854237 -6.961396 13.445492 -13.596631 5.4922347 -11.630623 2.2361975 -5.446136 5.4236565 -5.9919467 7.6396375 -10.123004 1.3073715 -8.299558 -2.0726025 
-429.3425 137.76274 9.766134 42.992687 11.1848135 11.811492 -9.719178 9.005664 -17.24455 7.7646594 -11.888038 2.8955538 -7.7587404 3.8722038 -8.219778 6.4821362 -12.421938 2.6258469 -10.900175 -5.8397765 
