-372.03613 163.3801 -29.417114 51.3266 19.096554 18.86847 3.9757822 -15.669227 -7.3629684 -8.125995 -11.825783 7.7513437 -9.716415 -12.032864 2.8774216 -9.848726 -1.3569474 -5.3764668 -8.797247 -2.8971052 
-247.48956 102.08666 -13.032697 51.97507 21.606215 -5.376111 -17.337202 -0.7763608 -7.84746 -24.798746 -35.153133 4.3823175 -12.113125 1.295633 -3.1814876 -6.6592274 0.5744671 -13.169291 -12.182212 -8.44127 
-228.9797 96.96683 1.1391888 34.940903 -6.616655 9.351795 -16.845358 -5.7118998 -19.951817 -17.416803 -22.073126 -8.029034 -11.156024 -2.1612916 -0.47405544 -0.118752636 -8.887915 -2.8826158 -13.3478775 -14.0929 
-227.32811 88.719215 7.0929236 32.874645 1.8163041 16.568241 -17.531458 -4.242718 -13.061916 -15.831802 -16.85167 4.4235396 -5.3114657 -2.7361865 -10.332587 -3.0893972 -7.9343543 -1.2691951 -10.381965 -10.764963 
-243.2475 171.03508 -2.2361746 3.1836014 -28.610535 -26.005775 8.590751 0.7962049 -21.633474 -11.654382 -0.07505883 5.1204495 -2.600043 3.7437544 -11.490882 -12.564423 -9.339882 0.0414203 -2.677119 -2.9561093 
-313.23306 80.22487 61.005554 19.83198 0.9740136 31.33745 -16.657936 1.4441123 -18.312798 -3.1504245 -7.7048297 -0.3377494 -16.845829 7.6612725 -4.5944986 2.121459 -5.6554146 4.0052147 -5.107582 -2.9606717 
-258.37012 108.41687 22.487549 13.050417 10.216404 13.570269 -7.388426 -13.596775 -23.146917 -8.004467 -5.0970397 6.897682 -14.9524145 1.7971072 0.37804988 -1.159068 -12.713826 0.74616265 -11.02944 -6.4456105 
-313.07904 174.88455 -0.5007926 1.9461163 -9.846507 9.891627 11.597399 -3.753001 -12.976473 -1.7670006 -0.649322 11.779682 -6.234145 -1.7630904 -1.8910624 -7.3325906 -9.799689 -0.3684879 -8.351217 -4.4924936 
-361.02682 157.61102 29.712551 16.137749 -32.007534 -1.4646852 2.2949061 6.7298436 -15.780452 2.6743574 -6.8520827 5.2003074 0.66131276 8.4567585 3.8798234 -3.3770392 -2.8327682 -2.056469 -8.212796 -4.358496 
-281.30212 129.61433 22.62402 30.428572 8.65756 14.847782 -11.803656 -11.384435 -38.40448 -13.228202 -18.254929 5.4831967 -8.234279 -0.0826736 7.2369123 5.451208 1.8732501 -2.611253 -8.486702 -6.7209787 
-364.28735 75.26038 44.22081 36.02955 6.2167087 21.692787 -9.642018 5.3306665 -12.244278 -1.4764419 -16.975834 1.1823536 -9.720476 3.3875263 -0.90265775 6.0617876 0.77501583 2.282588 -7.669813 -1.3089538 
-216.04968 111.02291 -17.250685 17.755007 18.131334 3.7403128 -35.74982 -15.317054 -14.796641 1.9576945 -1.1017497 4.8947697 -4.3152194 15.242126 3.3408241 -4.4673667 -12.6224375 -0.26319143 -6.030718 -2.0966597 
-259.82224 168.51326 -10.942388 11.272114 0.8727285 -5.2740216 -4.5952187 -11.084411 -24.77194 0.4911489 -4.8146496 0.39770576 0.038099024 -0.2580168 -1.6193767 -0.76271564 -10.794689 -3.9052434 -4.5058155 -1.1852183 
-394.58682 173.02252 26.842619 25.501522 -18.25762 10.987935 8.822485 5.145194 -16.702805 -4.686163 -5.6208196 -1.3875514 -0.5154307 4.8957686 -4.6542444 -1.4728789 -2.8955672 0.5749286 -3.3031142 -3.1241026 
-512.9695 150.76866 28.834574 27.78118 1.8332248 34.31425 -1.8391783 5.249186 -8.507567 6.8428245 -5.367988 -5.122158 -11.701062 0.23090595 -1.1194338 0.07887203 -8.284626 -2.625657 -9.849874 -1.0338275 
-261.91608 97.92125 13.797329 46.11124 11.030138 28.882423 -25.05754 -21.63226 -8.659905 -15.33017 -23.354992 1.813605 -19.42853 0.46224737 12.321018 -1.2260762 -6.173574 5.4196186 -10.3398905 -2.9409876 
-296.3338 149.95485 16.860176 27.11394 -3.0769904 15.788454 -14.99677 -9.257891 -17.238346 -4.3614283 -6.0016727 12.609997 -2.419319 -4.5965433 -7.3599997 -0.5675694 -5.0862293 -5.3880725 -7.721812 -6.557569 
-324.8282 103.64496 26.795818 50.95607 -1.9826807 9.737836 -4.569254 -6.5937443 -26.36137 -3.709181 3.7051985 9.5122385 2.6141078 0.5060798 -5.0603933 -5.4884176 -5.8975196 -1.0650967 -5.643545 -10.966343 
-389.8489 96.16116 35.14968 69.649956 20.322899 25.136806 -19.790596 8.564513 -6.10445 -3.7216055 -12.940492 -10.044061 -4.616627 -4.5869007 -2.9576247 -5.9445257 -7.4672174 -0.5941496 -9.923643 -6.0788593 
-336.8787 155.03893 -5.9511795 22.587378 18.01942 11.728383 -7.7991247 -3.1171772 -16.269548 -2.7144375 -2.585801 1.465777 -6.145849 -3.4359155 -4.489611 -8.103542 -11.733721 -4.215598 -11.957444 -6.082683 
-224.71442 125.08119 -17.237799 -4.149107 -9.676205 11.196758 -5.136555 -9.348076 -19.115578 1.3904241 0.46707937 4.1489244 -11.404476 -1.8812749 -5.492159 -5.8992395 -15.80631 -0.8746168 -11.98578 -10.512313 
-290.4317 157.72572 -6.5766783 14.403026 -1.6078485 8.657551 3.7883213 -12.139146 -37.684204 -7.7162814 -14.697573 8.067295 -7.1336117 -9.440237 6.9987693 -5.8566213 4.35802 2.293794 -9.069188 -9.361546 
-385.8407 163.092 -3.00554 30.173576 5.4623904 14.62437 4.3892875 -11.998086 -34.976673 -6.2937517 -1.7599876 0.5301703 -8.123425 -4.1205845 9.644895 0.96677524 3.5861528 4.8839946 -5.0847273 -8.173111 
-448.99524 93.852615 23.190107 36.495495 13.003383 38.447414 -16.115116 -4.678931 -3.8876173 4.5314493 -7.3715363 -0.17426385 -11.052007 6.5101604 -1.6910132 1.6055696 -11.92538 -1.0546281 -3.4904757 3.3895009 
-291.7801 71.40412 41.345913 20.48135 16.922245 25.397743 -10.27282 -18.035986 -19.767475 -6.193532 -13.952709 -6.6606326 -19.849953 4.7766647 7.1981487 -0.26621377 -9.936224 0.8922631 -8.747674 -4.276575 
-399.17325 140.58257 28.358128 23.771477 15.830996 16.54775 -1.3437078 -3.920166 -13.467354 -6.3330216 -9.763308 5.690911 -8.870616 -7.0752287 -0.7986027 1.0206839 -9.16799 -0.06806186 -4.417875 -4.217769 
-483.0932 111.179184 34.14872 31.133644 1.748151 30.79185 -2.2761335 7.984217 -11.636729 5.643124 -8.975565 2.0101607 -10.615987 -0.36201575 -4.750207 4.2431874 -5.055918 0.31340313 -7.7007313 0.72276497 
-419.0859 116.00985 13.239968 23.091484 15.158085 26.024502 -3.7179418 1.9417474 -7.174423 3.2736332 -3.4957523 -0.77186793 -6.040487 1.4868706 -3.409037 -3.3666885 -6.9058857 -5.514921 -6.8299007 -5.8567443 
-195.3545 148.5013 -56.776627 29.471296 18.053572 -22.297632 -16.243982 -31.463816 3.6252878 -10.644087 -23.205986 3.2639432 -9.7546425 -0.42998695 -8.094982 -11.214217 -19.474571 -3.9084582 -9.769899 -5.3741913 
-292.78012 170.95772 -22.072622 24.620253 21.360039 -16.028181 -9.11731 -20.282528 -19.107864 -7.666046 -20.10571 -1.725414 -0.7762462 -3.0516644 5.1708345 -2.6879623 -15.936199 1.0960546 -3.6870732 -5.7685513 
-277.61874 92.79937 12.802297 26.125814 11.748662 22.739367 -21.753502 -13.7683525 -29.219322 -6.778125 -14.267536 -3.1166954 -21.36631 6.1870346 5.3264914 4.2084875 -14.790211 4.166155 -0.8890133 -11.304604 
-334.6857 85.89307 35.446907 21.85043 29.071777 29.849466 -24.0812 -9.646786 -26.40049 -6.7444444 -17.306963 -15.615516 -20.579407 12.420154 2.2374399 0.9451215 -15.700526 8.206949 -4.87568 -6.48993 
-321.59482 184.40959 -33.201405 7.7572308 3.3914316 -10.483421 -5.4088492 2.6709692 -12.604412 -0.1325638 7.048384 4.0226583 -6.9816823 -4.977002 -6.1849747 -11.314483 -8.626598 3.0448956 -1.07484 -5.567166 
-336.8142 165.16005 4.0126967 28.98516 7.603219 12.660307 -10.004325 -14.301808 -22.379126 -7.65717 -2.1266222 6.800786 -8.858172 -2.897766 3.6383183 0.17522404 -6.5561237 2.052235 -0.60833544 -10.727635 
-369.03235 96.80903 48.39589 30.725586 17.454842 33.38011 -13.088662 -2.1538293 -26.183228 -1.1678934 -10.2436075 -2.546213 -18.945505 -0.016810736 -0.20742215 6.6566877 -10.630364 1.2004085 -2.6372812 -3.329272 
-266.88342 142.83562 35.322598 15.04569 -29.947544 -10.964264 -9.054484 5.863258 -24.8788 -8.107773 -7.343221 -0.6528214 -3.5520751 13.015816 -4.7739315 -6.9138055 -9.809893 -2.029034 -11.813311 -2.2116842 
-385.89868 165.33244 30.221853 44.471237 20.481956 -0.7560861 -0.025497649 -4.956873 -22.779396 -4.73805 -9.983121 -0.5518051 -7.413561 1.646856 0.75956684 7.802965 -3.1555169 -5.659226 -8.037139 -2.0267422 
-357.70242 188.14839 -7.571546 32.899677 19.272602 -4.51821 -4.301714 -10.729302 -10.26592 1.5143477 -3.238861 4.1461315 1.7952164 1.8964318 -0.060596094 -6.1817594 -7.012826 -2.77862 -7.2386374 -5.096233 
-387.24182 134.16356 52.4141 19.769907 16.828173 2.7379167 -8.611703 -6.252695 -18.387442 -1.6012862 -4.5828595 -4.1214857 -7.1469183 2.4134684 -2.9853697 3.105441 -4.828288 3.886965 -6.5818796 -5.678967 
-408.65463 173.51862 -8.015758 58.3593 28.420906 -1.1173384 -17.388363 -18.474987 -14.092122 -10.808466 -8.616512 -3.56675 0.8533551 7.702058 2.4957566 -0.20021184 -4.1533475 1.5174522 2.5794222 -10.802788 
-362.78217 180.01842 -22.221584 3.5623424 5.780047 1.82257 0.222952 -13.303442 -3.3697052 -6.080249 0.47920758 13.936833 -15.067356 -2.5385125 -1.8273273 -2.162965 -13.653744 8.024522 -4.2755814 -8.513071 
-406.2523 145.99518 61.169205 28.297699 -10.602459 -1.1709012 -3.2238455 8.877328 -26.365486 1.4050409 -14.214878 -2.442852 -6.9410815 12.215476 5.112304 0.6161149 -6.7227845 -6.8634663 -8.962986 -2.7416792 
-345.327 138.58649 62.881477 16.448944 -20.266514 9.202475 5.574842 -2.55417 -25.213718 -8.478329 -14.14053 5.35448 -4.7012296 10.99734 -3.473938 -4.9355626 -6.4025044 1.0996535 -11.537204 -2.0299196 
-346.5455 152.04982 -5.302342 44.42174 23.953049 9.456477 -10.214925 -19.734018 -16.748354 -1.0534464 -16.024971 1.8934449 -6.1945415 3.0403035 6.6334176 1.5996745 -8.1364 1.7652818 -3.9764278 -2.7066216 
-336.02563 137.86943 -6.1239243 44.872776 11.749551 12.015191 -27.79106 -11.51974 1.9055473 -3.0527172 -10.409278 3.8910894 -3.8903253 -1.0875573 0.7618957 -8.207389 -14.479321 2.4298978 -4.919994 -8.033916 
-387.39362 142.03851 12.831669 59.83777 21.939281 4.2965703 -15.5247755 -10.343406 -7.5236416 -14.353441 -16.811235 2.1015377 -1.3325857 -3.107902 3.9532437 -1.3223048 -2.5737462 -5.7525764 -2.50695 -4.4545245 
-325.55634 198.36638 -13.250462 20.673172 1.9727508 -7.712076 7.0558953 -19.970373 -33.109077 -8.970069 -3.6384447 8.577454 -5.4062443 -9.172523 0.45562118 -9.321255 0.6105428 0.420251 -1.8655837 -12.580593 
-394.22162 178.96259 -6.328969 18.957472 9.064867 5.583428 0.31539547 -5.7964935 4.102412 4.363026 7.545817 0.65398157 -15.419763 -7.229226 -0.4449147 -4.845982 -4.6570387 1.1089505 -3.0599818 -8.986381 
-398.46164 190.43427 11.187881 13.049616 -13.08155 10.702412 22.233791 -14.235164 -18.653223 1.5431397 4.834811 9.41989 -4.0286202 -4.33782 -1.23846 -7.7094784 -1.7403044 -6.6260858 -11.658384 -5.7096395 
-452.30487 153.618 2.041026 12.613548 -4.910821 40.543064 3.9145305 -6.305859 -3.3917196 9.628828 2.120187 -0.74297553 -12.78957 2.851573 1.625384 -1.2201092 -6.7818723 1.6495792 -5.6774273 2.8661733 
-501.5745 121.504 24.691042 25.75933 16.786009 48.990494 -8.353855 -8.777681 0.71491957 9.8023 -5.1645436 0.7715067 -13.782292 -1.9738593 2.9731052 0.35904774 -12.671086 2.7661905 -2.3170872 -0.33455837 
-338.00253 171.472 -3.2689033 15.378309 13.54619 1.0043895 3.9403942 -21.328012 -38.182877 -4.0677013 -6.5440183 13.031399 -6.4832134 -7.812248 5.8596516 -9.739052 -4.9644995 -3.8061147 -5.7752075 -2.878086 
-319.0879 186.2795 -11.358078 20.688665 9.060909 2.749237 3.0528555 -20.359097 -16.446829 -2.6976385 -0.03211848 3.84493 -9.2421 1.1911207 4.3096347 -1.0684724 -7.2077603 -3.0774927 -4.4729376 -3.572864 
-336.91956 153.05377 6.2188063 20.90959 -2.069614 12.948711 -10.523486 -5.696108 -14.312322 0.7232731 -1.7592696 7.653424 -4.999635 7.4321346 2.68994 -9.329497 -12.912464 -4.517246 -5.6137166 0.006034639 
-378.84943 143.71118 50.49086 19.974104 -15.946681 2.8134615 4.8912306 3.7544758 -24.393105 -3.750055 -14.356822 2.3535006 -0.83582425 9.808463 8.032727 1.2065258 -8.601629 0.9511264 -10.264515 -6.925168 
-365.34064 156.2306 -18.396658 65.62244 24.2408 -11.131252 -14.369534 -16.21945 -12.251965 -9.813843 -17.120047 0.10779444 0.8455961 7.065698 3.6133718 0.33101824 2.0298429 -0.53495467 -6.624195 -9.738835 
-512.98694 157.36876 1.6009951 39.647915 14.802423 31.780128 -9.60888 0.20541957 -13.468605 9.198907 -6.156653 -7.8292203 -7.9480963 -1.5073036 5.0289116 2.8285344 -5.655625 -8.60526 -5.6719737 -3.216811 
-415.6339 88.7969 50.33696 39.459084 4.5053678 28.960684 -10.929748 -11.5624485 -7.264045 -3.737447 -10.216157 -4.200765 -15.978156 -0.28221145 4.9320517 2.4943955 -2.684403 -0.583638 -5.988299 -1.7089171 
-348.02896 58.76444 71.43216 31.593044 9.082579 43.57462 -19.262047 -5.4921594 -14.424659 -2.985489 -12.833566 -5.4049206 -18.415895 8.292314 -2.1250827 -2.9519587 -10.087472 3.1905491 -5.240341 -1.1757303 
-244.5534 129.87071 -14.976373 12.160314 -11.275051 7.588794 8.06572 -7.8072543 -15.301403 -3.9702563 -0.41096258 14.050413 -12.587245 1.0476338 -5.3709555 -6.505729 -13.792101 1.2645116 -5.6606283 -4.2189465 
-348.5835 83.3881 64.79579 25.415096 -6.1516438 40.25554 -22.653328 -0.044322755 -19.352945 -4.748678 -7.101627 -2.3318753 -15.660638 5.0463214 -4.6554494 -1.2296683 -7.9263644 -1.5057845 -2.2810223 -2.1556325 
-340.69455 114.4541 47.230526 39.756134 8.323133 6.414497 -8.754043 -14.730362 -32.40844 -10.265212 -4.846064 -0.49142504 -8.298381 4.688626 6.4020777 0.43926546 0.9784777 -4.793528 -7.1032968 -5.407812 
-298.24585 169.47296 16.23173 25.81057 -21.619484 -12.092548 9.336245 -4.7161083 -20.774078 -7.8604913 -8.1863 -2.5465088 -4.10457 6.599997 14.228705 -1.2066513 -2.7332242 -5.2225037 -9.448887 -2.9054203 
-333.9718 108.10759 17.933317 12.57891 -7.4215665 16.417198 -12.110218 6.3708973 -13.389009 1.5072019 -0.9345218 1.1281923 -2.747345 13.043219 -5.1037765 -2.6737497 -6.5818214 -1.7255042 -5.125773 -1.7446967 
-354.2319 156.90529 12.050867 37.11829 32.911106 3.1899996 -19.345371 -14.825954 -19.533386 -0.3776952 -12.027373 -9.475722 -10.204195 4.2734013 0.93095386 -5.0622044 -6.6102495 2.6130543 -1.0659133 -5.4525814 
-371.3548 130.55197 44.82474 24.13383 14.5161915 15.757826 -10.928868 0.33295992 -29.323252 -12.373766 -8.980935 3.501714 -10.600639 6.564794 -5.2079253 5.314651 -7.131825 -1.4414724 -7.045218 -6.7783346 
-288.2213 178.18521 -40.756348 16.605003 13.699526 -4.640539 2.8784134 -16.099375 -12.271901 2.2103086 0.91501987 11.254317 -1.1198554 -4.8789864 -4.4818845 -7.3937345 -13.770094 -8.567429 0.7191923 -7.598037 
-356.78497 193.36453 -14.713543 6.284834 -3.7725666 -5.6887636 23.334301 -0.05033901 -12.177618 1.9249526 9.266856 7.5569663 -2.1627867 -8.317015 -5.7773986 -11.62338 -4.020775 -3.3742177 -5.366404 -5.668299 
-417.89127 196.81749 20.959951 24.512917 -10.24424 2.602054 8.99438 -1.375047 -12.760219 -10.780873 0.13929307 9.787908 -0.551098 -3.3806868 0.47634423 -6.4750843 -6.389338 -7.476956 -6.748841 -4.398601 
-384.6115 130.63731 27.89011 46.356167 9.011821 20.95857 -22.609718 7.0313625 -7.7204013 -9.073244 -14.50436 -4.1757183 2.2160904 -2.770573 -3.7954373 -4.51828 -1.6339 -0.593697 -6.0022335 -1.7411345 
-303.34744 91.92438 17.92746 59.432007 16.318548 13.140537 -24.521849 -6.7321625 -22.126265 -9.580647 -13.221845 -7.9241757 -2.7832546 9.483551 -1.7881052 -3.4181924 0.9072591 0.9337155 -10.403297 -5.2948613 
-342.47113 155.88026 37.31536 13.456408 -27.720263 0.89015263 -0.94440407 3.7606342 -24.529917 0.14232534 -5.1740866 4.9426947 2.776782 10.986343 -2.8683648 -9.931671 -5.17798 -0.09946357 -10.45332 4.2234898 
-392.55893 185.26968 38.84251 32.938538 -15.654127 -6.719835 -10.825053 -4.257565 -23.19936 -5.701462 -12.1427965 -0.97527134 2.4366944 9.008396 13.422801 -1.5577488 -1.506146 -3.470602 -7.197256 -7.975419 
-283.85962 133.12405 9.722875 32.013912 3.9023716 4.033882 -14.206924 -11.788927 -10.237061 -9.026858 -8.0640955 0.1965843 3.2615585 9.363386 0.33117908 0.9323184 0.009396421 -4.432347 -8.396002 -5.449361 
-289.22125 131.89651 32.332832 30.948172 -2.8871622 6.815466 -29.001116 2.4836621 -7.0797715 -6.132416 -14.965526 -20.144108 -0.72506887 0.39691627 6.4995437 -5.066342 -0.22543976 2.42979 -3.3441005 -0.5762818 
-375.49945 154.50755 25.548033 46.328667 23.554691 18.6871 -23.622623 -14.659862 -16.544106 -11.175384 -10.889187 -7.522852 -3.9596753 3.8988419 10.65762 1.4745823 -3.625163 -4.6886578 -7.750456 -2.4651914 
-436.80832 129.64374 57.9708 39.261246 12.267552 29.657742 -11.375633 0.33114645 -12.549742 -9.677484 -10.04856 -2.6317492 -5.258858 -1.1031413 -0.08667914 0.49614054 -5.3661447 -2.7975266 -9.370836 -0.9298503 
-356.5708 144.89311 18.506165 23.377314 41.21144 10.8437 -8.73154 -16.853376 -20.888372 -7.150652 -10.758845 -7.435463 -8.154243 4.8296757 4.733407 5.7254496 -7.295884 -2.794109 -10.660106 4.8072286 
-345.94165 94.858406 33.29078 56.28328 22.270195 20.791796 -16.860914 2.0714831 -16.965004 1.2657251 -11.977953 -5.385478 -9.310667 4.8096538 -3.2752483 1.9697516 -1.917911 -3.9019132 -7.203426 -2.7182972 
-314.19525 133.90558 11.932729 35.663616 21.426138 9.38828 -24.287657 -7.4388604 -21.418737 4.27943 -9.324119 1.0794389 -1.847717 6.5006423 -6.9141083 -4.3723125 -12.341343 -6.7581577 -8.124023 -8.298191 
-416.84564 184.52687 4.4965253 30.451853 6.8560557 12.758812 -3.4174306 -14.270512 -22.72587 5.231681 2.4391208 -1.3746363 -2.2236547 1.2570394 6.426752 -8.740422 -5.634404 -6.2671137 -5.0756416 -9.449919 
-490.30435 144.21408 -0.49265522 35.984303 13.754691 35.74298 -13.621202 -2.77124 -0.6748979 10.10237 -3.8006372 -8.693256 -7.167438 6.005048 -2.6499577 0.22479111 -8.026887 -3.2698298 0.32809523 -6.6014276 
-440.79593 104.01822 26.167938 28.367273 12.655653 19.146866 -21.922743 8.670051 -3.2995076 6.0609694 -6.4962063 -9.830801 -2.361052 5.331068 -11.052555 0.31895128 -2.1275375 -3.1212275 -5.0054507 -10.490851 
-303.01535 142.15744 -9.705288 40.858707 26.090233 1.8074193 -37.537216 -5.6900554 -7.439848 -6.275466 -7.633772 -6.5079618 -0.8623118 2.6486566 -5.872526 -8.71558 -7.1380515 -2.2289317 -4.119876 -0.45025152 
-373.0182 108.62718 26.088566 63.02446 21.211494 17.050795 -23.760237 4.6277676 -7.5374584 -9.635678 -14.326102 -9.699449 -11.48563 -1.6245424 -2.8107808 -4.9670224 2.6657007 3.1356595 -8.51287 1.1976459 
-380.66467 122.3326 25.645004 71.66867 13.431013 15.226079 -16.891998 0.4862077 -19.44502 -14.951569 -15.256785 -13.805795 -6.6837215 -1.4938679 -0.62931836 -1.7223766 4.4400597 3.9080455 -7.764399 -5.585439 
-479.33313 162.05333 52.019825 52.393345 -11.107967 10.670657 -13.232575 -11.956735 -23.049858 -10.500079 -5.7892723 -8.52418 -3.321765 1.817097 4.1657434 -2.3804986 -1.6735263 -2.1510646 -7.065316 6.1206317 
-433.79034 128.80804 37.673656 20.248318 10.814237 21.242561 -23.030571 -3.2712424 -11.391949 7.54417 -0.042229813 2.700767 -8.380866 6.2484894 -5.973886 -3.7856076 -14.001592 -4.0590916 -7.400434 -0.5649156 
-504.8814 146.6358 13.102476 23.257149 4.921915 39.833694 -8.194304 -7.5340085 -2.5127306 9.895034 -2.8411996 -5.1895785 -12.009733 2.945783 1.2840486 -1.4072957 -7.0160613 -4.274453 -6.5290995 -1.0134965 
-397.5779 83.44807 40.200115 27.945992 9.727837 32.528442 -7.1360984 -2.9774525 -8.244978 4.1389627 -14.57525 -3.0419137 -10.842949 2.5709145 3.585314 -3.7199774 -0.6915631 -3.95667 -6.6236086 1.7653346 
-282.9198 169.88086 26.296286 18.551355 -7.107195 2.2636633 -9.9256525 -7.095415 -32.307755 -19.130201 -28.630623 -7.1600733 -12.500961 -7.760839 11.255504 -1.9463512 -0.409538 -4.9153423 -6.744766 -4.238718 
-273.04535 167.83423 -38.785267 24.101725 17.48262 0.70518816 -0.9039116 -25.607502 -11.198672 -7.8326907 -5.1325707 4.6114407 -0.09085323 -8.231091 1.3689308 -2.6545322 -11.268538 -5.179814 -5.96082 -7.0580144 
-306.29904 145.55688 9.36891 12.38468 14.46368 23.742266 -3.8959875 -17.590784 -17.368954 -7.1936255 -5.9375606 5.628178 -10.22578 2.8255656 4.013974 -1.1624628 -0.8222545 -0.5838705 -6.581243 -5.1986713 
-341.86682 126.37912 23.192345 17.975832 -0.3416436 9.115112 0.1912615 -6.5186043 -14.458387 -6.412585 -10.779857 3.9847696 -3.0480294 7.0043774 1.7823893 7.0846667 1.0374845 2.5935872 -12.809016 -2.6629698 
-326.70004 81.78194 46.794144 14.966312 7.0045934 26.392113 -17.135359 -2.946455 -19.043953 -4.0446 -5.5787325 -1.2137552 -8.83082 7.25679 -1.3716147 5.2350893 -6.2378483 2.2440755 -10.133488 -3.7439184 
-234.37717 146.01633 -0.84927326 7.5318775 -5.354024 -1.2699192 -4.7798862 -5.711912 -30.530478 7.1232038 -6.831872 0.8426368 -6.817812 -0.5872417 -2.3336363 -1.1199924 -14.750767 -0.071157604 -6.024746 -3.6786602 
-280.2934 137.24712 22.217598 6.3799596 -17.960955 0.78449184 7.4107795 -2.7739315 -17.293636 -7.906309 -16.253042 2.3340771 0.21356174 7.1884546 -3.0684874 -7.8326297 -10.233411 -1.6648921 -2.634198 -0.32266483 
-337.48328 142.87225 33.95857 37.04861 -1.5431265 4.6313515 -8.915069 -0.84271646 -21.875572 -0.24387963 -13.847409 -4.8570776 -7.0051312 8.039016 1.2630558 -1.4396633 -1.5518662 -4.653077 -11.001385 -8.979509 
-375.85486 93.03429 24.517582 52.815735 -2.4083781 21.411676 -17.22747 -0.11767891 -11.767401 -1.6216912 -1.7747844 1.839577 -1.4545623 0.6775272 -4.7015324 -1.9499675 -5.646221 0.5621612 -12.408975 -5.5946813 
-416.62332 172.98671 20.107088 31.394888 5.5788164 16.314503 -6.620923 -17.037226 -16.7722 1.8393788 6.0553446 3.8660998 -1.5073975 -3.521449 6.488699 -5.0754232 -6.3196387 -11.418818 -14.007608 -7.7479925 
-308.34 162.61151 -15.624854 2.8895164 -2.559041 14.814448 3.8028276 -32.024895 -5.2228045 3.2236464 -0.05573495 11.07185 -19.513361 -0.8240758 -0.014327367 -9.57414 -8.262494 -6.675609 -11.909952 -1.6209899 
-309.5553 111.9603 52.091167 21.928768 -23.539127 8.627287 -11.595581 -12.082787 -15.359165 2.7477167 -3.0716026 4.155067 -8.670427 11.980021 -0.31552187 -1.3059453 -5.7370977 4.413227 -10.657612 -2.2331285 
-314.60828 87.7111 27.230999 36.01126 18.895575 26.798676 -29.559605 -9.996581 -9.950067 1.6378297 -20.148293 -1.8147079 -19.639107 11.367834 -2.1077626 -2.290288 -6.1312695 -0.9643413 -9.010306 -4.6029453 
-341.15115 196.94939 -3.0363307 -2.4196854 -9.575819 -0.9439549 2.6899042 -11.430034 -14.283535 -2.832324 -12.731727 11.448566 2.182109 -4.3550744 -2.7826188 -4.9871273 -15.312208 -5.408226 -2.902337 0.31810606 
-360.06845 121.300865 45.527702 21.263262 21.198116 25.933556 -12.289379 -0.7171282 -19.328835 -0.46794552 -16.87322 -9.91711 -14.233928 13.63644 -0.31522092 -0.740171 -5.943142 1.241768 -6.160414 -1.8113416 
-461.92648 101.17071 20.27082 51.423664 30.47767 29.185722 -19.832401 5.745932 -0.03569472 4.349787 -16.536568 -5.5990868 -7.6023464 3.926688 -9.176167 4.2995324 3.5382936 3.629091 -7.678745 2.3633432 
-264.8558 160.43524 -46.2229 48.557987 38.004345 -11.955633 -14.918627 -26.32225 -15.384013 -1.1471925 -15.824489 3.046139 -0.596253 14.798674 -6.5326066 -7.138247 -8.514701 -6.464928 -5.688 -4.1299276 
-338.93744 123.54902 17.526184 34.066936 20.759743 20.741777 -10.107786 -8.111073 -15.223497 8.994057 -10.176323 -5.589815 -15.048321 9.218167 0.85616326 -1.4016519 -7.1855383 -6.3172674 0.24242465 2.9970524 
-308.48047 103.110504 49.64306 26.971699 15.681416 29.443247 -22.811607 -17.880898 -25.101244 -3.023987 -10.189782 -7.4064617 -17.372124 13.4591 2.6383035 2.3231342 -7.1666837 -1.1720546 -8.096919 -4.115927 
-385.28952 166.20482 9.807589 6.514781 -13.454812 18.32418 -0.24397744 12.339832 -20.321108 6.6777763 1.918908 6.653008 -6.387772 0.5419495 -9.548342 -3.9838862 -8.987473 -2.805312 -7.5288525 -2.699453 
-466.40598 131.48329 0.3909716 23.07202 12.824914 47.468792 -12.683127 -11.450415 1.9036192 6.762062 -0.7744353 -3.2608073 -9.906879 5.444695 -4.3000665 0.8164317 -10.040967 -4.4443564 -1.5876263 -6.50423 
-450.90607 98.65895 14.599457 38.079338 23.946327 33.665306 -20.440548 3.670247 2.0127738 5.835779 -5.072198 -5.711027 -8.089933 11.142676 -7.486335 -1.9362348 -1.0850492 1.3568683 -8.989155 -5.294866 
-311.32407 86.59615 38.551796 54.531265 20.435371 7.8317327 -21.97028 -0.37301847 -20.875465 -6.4583287 -14.438777 -1.9623909 -7.3536224 5.6758747 -13.146321 -2.3521602 -7.3147964 -1.9157873 -10.469305 -5.2259645 
-340.9574 87.704735 40.593716 46.09973 5.713387 11.69623 -7.559601 6.38278 -8.455268 0.30256367 -8.623853 9.395641 -8.939471 2.3693044 -6.080015 1.2329154 -2.3794992 1.7220162 -4.532424 -2.1531835 
-384.48846 160.84624 50.323505 57.250168 -2.911052 -3.8269606 -16.614101 -1.6220137 -17.896431 -0.88857746 -15.734155 1.1301636 -4.0062037 -3.6912825 1.3970876 1.3626614 -6.1035547 -5.546224 -9.206668 -6.4940877 
-382.2084 184.78404 3.7837338 3.5525641 -20.871145 10.444584 7.3058023 0.32650408 -7.8155003 -5.7117057 3.1012912 5.2558084 -2.739665 -1.2595122 0.024296042 -4.736008 -8.02093 -2.3280263 -8.120048 -1.4940106 
-374.33386 196.50212 6.355479 19.329126 -9.463268 -6.508728 14.01839 -8.668381 -8.038434 -8.601065 -0.24136765 3.3322873 4.3309536 1.511485 -8.099646 -10.2367525 -4.3711267 -6.8865347 -6.7792873 -1.4696617 
-330.85638 158.32425 2.2920346 47.71472 28.608055 -1.8850746 -5.4902115 -24.930038 -12.940979 -7.122103 -16.214067 5.4539013 -4.6847253 1.4125255 1.9366934 5.227148 0.026759168 -1.0816646 -7.1537375 -1.7300844 
-364.1113 156.25761 21.057274 46.095596 32.90831 11.701129 -19.270569 -16.031162 -8.9268675 -10.863895 -20.448576 2.4712977 -11.789319 0.4168166 4.7267385 4.118948 2.6573956 -1.7281638 -3.2416866 -2.8710458 
-379.6417 91.74327 67.97956 33.95637 11.38133 39.659714 -24.138475 -3.726605 -13.287094 -2.8808215 -13.188252 -4.024191 -18.20948 8.351025 7.7019815 -2.7607145 -0.66697073 0.5905183 -6.0594583 2.7395601 
-468.62662 151.80692 51.130867 56.369865 9.225037 36.10408 -13.589199 -4.7800074 -21.479118 -0.92123115 -9.702472 -16.4971 -12.142244 -0.1205633 4.032423 -6.4394784 -2.5230048 1.9540269 -1.4955457 -2.2846615 
-536.0354 126.12962 56.936996 35.313953 9.941184 32.226177 -8.816956 9.237889 -7.623959 11.607405 -11.116096 -3.8109179 -9.013409 -6.320978 -0.46851623 1.7835952 -3.623219 -0.07210064 -9.178968 -1.0167136 
-328.82962 170.19705 22.320337 29.439768 -10.464897 4.5194745 -5.7911806 -7.1514835 -29.516188 -7.193868 -9.446538 3.964937 -13.59888 8.515151 10.886248 0.15193373 0.35934243 -6.0313244 -9.128445 -1.1009156 
-372.536 127.564224 14.247448 70.03369 22.599428 5.1199236 -21.404194 -6.120733 -4.6406307 -13.628515 -22.423252 -4.472932 -9.110631 1.2499025 -0.37172392 2.4041216 4.6674294 -1.181691 -6.085743 -8.172725 
-387.0871 99.33774 41.15132 69.0157 3.8956442 12.329765 -16.797651 2.812418 -4.2602453 0.57554704 -13.317563 -1.9683871 -8.808183 2.1464152 -2.472599 -1.7892407 3.6110911 -2.571426 -13.657417 -8.063648 
-399.25745 191.14577 28.229214 28.274446 -23.20161 -14.452617 -1.0770988 3.7044241 -4.3504972 4.659189 -2.9261255 -1.8237987 -2.4030104 1.8738793 4.7984066 -10.01109 -6.2496133 -6.569441 -16.671486 -8.694485 
-470.48883 189.01764 44.814102 18.389757 -22.956812 -5.22859 -2.009062 4.657922 -9.904998 0.70529747 -10.746922 -4.9992957 4.3626623 -2.1100798 8.539629 1.1560911 -5.728945 -8.005008 -12.255253 -3.9350374 
-447.00577 133.77686 37.224014 22.980772 10.878149 26.085396 -28.581821 -2.8975368 -1.1364658 2.7481093 -10.935564 5.626934 -6.43007 0.50594115 3.245792 0.8440141 -11.176716 -1.5266912 -7.218177 -4.777432 
-506.49164 94.41796 79.701385 9.297843 19.940712 30.55259 -7.362865 6.1106143 -4.727396 3.7185822 -8.924932 -1.7125981 -11.859531 3.4071136 -10.471929 3.7915013 -8.723433 4.965521 -11.86453 0.9510657 
-575.5589 158.76491 51.10042 26.51423 6.160728 28.178795 -8.471494 14.347551 -7.743042 6.097871 -11.290131 -4.397648 -7.2504816 -7.2265377 0.58287644 2.344575 -0.78854126 2.475988 -6.287875 1.9072871 
-479.54352 182.57059 15.258514 21.142008 -0.11900327 14.095329 -7.760109 -2.360947 -11.890218 1.8302052 3.7397015 2.2701664 -3.9594514 -4.9573483 1.9471587 -7.8857384 -2.484678 -6.5480876 -10.314165 -2.9131846 
