-386.88406 160.33112 30.73864 36.917606 0.56716007 -9.761547 -10.976719 -4.7709446 -16.804436 9.222236 -15.4174385 2.0511541 -3.6187608 -2.0755663 -5.7754264 2.261218 -5.5825167 0.5439641 -8.045081 -5.8483186 
-320.10162 102.8969 34.817776 37.125008 10.767196 7.4936466 0.37713262 -14.458542 -28.16275 15.901005 -19.230398 -3.1850085 -4.617175 -4.1420093 -10.584922 8.992353 -12.843613 2.1274436 -6.3460927 -2.1656885 
-299.0446 154.13187 -3.7966602 38.737267 18.643818 -9.046449 -9.642832 -37.464798 -44.286064 19.76502 -9.067992 -0.56638217 1.7968831 -8.991459 1.8460089 9.201277 -16.14429 2.1996462 -16.891636 -1.0997224 
-315.8223 147.90643 13.980089 35.997097 5.655937 5.7311926 -8.1232605 -32.87724 -37.793674 9.412347 -8.297511 0.107186355 -6.3295975 -12.064404 -0.38874355 5.486788 -16.187702 8.713916 -16.916483 -1.1581599 
-394.51962 141.72673 23.603724 31.252468 16.708517 9.365871 -7.811605 -5.322207 -20.326902 -1.2313806 -15.498051 0.47311264 -7.319929 -6.009365 -4.763631 7.1337934 -4.3433046 4.496734 -7.99538 0.46146646 
-430.54904 136.77151 13.033683 36.499935 12.251707 11.554064 -11.376204 8.842434 -12.5801735 7.931978 -14.323727 6.4342318 -4.235846 4.687032 -8.741635 6.5446057 -10.278979 5.8359957 -8.9334755 -0.5642436 
-425.55637 136.60774 13.608714 30.581007 12.503247 10.186825 -6.017089 10.965875 -10.473212 7.6635327 -14.749625 1.4573506 -6.867513 0.05626599 -10.509919 7.5377655 -5.66999 5.0454082 -6.01353 1.4527314 
-346.021 137.2674 9.008904 32.353462 30.112413 -3.7147472 -12.490583 -5.0092297 -31.45794 6.790364 -18.112087 -1.9559629 1.8027606 -0.38489258 -15.871166 7.904444 -3.913915 -5.3122287 -4.6891255 -5.757461 
-282.3823 85.88611 35.77176 43.454197 9.086428 -8.030461 -5.6092772 9.72454 -30.532867 19.321207 -22.62867 -8.944411 2.2565048 3.4454155 -13.258649 11.894637 -3.908307 1.6159776 -4.2407737 -2.1225367 
-268.44907 95.28351 19.384338 45.49355 26.03511 6.367437 -17.30467 -18.861588 -39.2986 16.086739 -24.880669 -13.400782 -8.8896265 -0.87371206 -9.096432 1.6057274 -13.851458 5.4512887 0.5773642 2.9050488 
-258.48987 68.76115 36.194363 40.29239 11.746191 11.473305 -12.549829 -10.329751 -27.06678 16.168861 -26.953362 -2.0519948 -5.6857166 -1.1922643 -5.317176 7.0646496 -13.266552 6.978125 -7.110338 -3.9183989 
-313.69766 139.57758 21.467781 46.08817 28.90738 -10.014538 -13.3580265 4.110099 -21.268959 -1.8980005 -21.622576 -4.1361156 -5.1975346 -2.1211407 -13.579066 1.8929935 -4.4907556 -2.9034402 -8.687707 -8.379139 
-297.5107 102.44711 4.894602 40.270588 30.492733 0.8416822 -29.306297 1.3042785 -17.56025 11.761529 -13.856798 0.5033248 8.52839 1.2428818 -11.064765 12.6734495 -11.047909 -0.52690196 -4.8067403 -9.687694 
-288.8166 137.64424 -1.1191376 53.99614 38.83854 -14.196216 -31.256723 -6.1166797 -29.804579 21.809826 -27.323727 -7.46834 12.3598585 2.3195696 -11.68628 8.933297 -13.854204 6.81171 -5.6242943 -17.776764 
-265.55112 35.495712 31.479958 54.020874 10.60817 4.530397 -14.584451 3.5236485 -25.60955 23.602303 -23.061338 -8.092678 -0.571235 7.361613 -22.276375 8.035823 -6.5120754 2.9913719 -6.9351096 -1.3587905 
-346.85675 137.0306 11.440838 55.975967 37.04891 4.389479 -11.237855 -3.718889 -23.038607 10.470011 -27.411633 -10.626561 -1.0905433 0.75705403 -16.86613 0.4251778 -5.979077 4.0798454 -5.5905724 -7.5334287 
-418.46295 136.14441 16.333967 28.208948 12.602879 10.937149 -4.201565 11.583273 -5.8431783 9.318314 -6.9950347 6.514129 -4.7732873 0.5254667 -6.219789 5.4152684 -9.7141075 -0.13880682 -11.396065 -3.1381693 
-414.10785 134.02057 17.889278 31.217733 13.6873255 11.157094 -7.9353027 9.149998 -9.60347 5.45146 -12.301503 3.9914474 -4.3891 1.931708 -7.7470455 4.4191914 -9.581848 4.9378815 -8.350655 0.99034333 
-421.9003 136.38387 13.7341 30.409882 10.445733 10.901315 -8.121592 13.158583 -9.735392 6.662094 -13.620905 2.2358997 -6.9273777 0.4922112 -7.143513 4.8682227 -9.576786 2.7893293 -8.282696 1.1174357 
-336.1524 128.88751 7.7248363 37.829304 23.027761 1.5503594 -12.950392 -1.4314965 -33.764694 14.480913 -11.238001 -5.4934664 7.040025 -1.0987396 -12.515851 5.9889746 -8.429191 -2.7905757 -4.512983 -3.7971315 
-274.49698 129.77968 27.312464 31.598816 -6.8519797 -9.970348 -5.8135767 -4.8574295 -33.791603 11.039152 -22.968166 -3.5282967 6.698938 3.8928075 -12.276528 1.1712505 -11.750953 -1.8590417 -10.344467 -3.1945202 
-276.3188 107.95146 23.494286 43.919598 19.94878 1.2593055 -11.4746275 -13.915249 -41.364548 15.229351 -24.836815 -8.440006 -4.1497827 2.0762045 -6.5391684 8.76405 -8.98363 0.23685244 -2.3501275 -3.5058775 
-291.94962 149.98766 22.69398 31.8135 3.660875 1.7356875 -2.3479488 -9.620907 -40.04304 3.2731385 -14.593124 1.4624057 6.1109543 0.6348558 -4.534574 5.9021945 -8.28438 -4.5565443 -7.874843 -9.187169 
-314.6413 104.78373 39.560944 45.935513 14.442971 9.679984 -14.908495 2.450412 -28.23919 7.185358 -8.172543 -4.573554 -1.8914666 -3.3569458 -11.412472 2.7970352 -13.005555 -2.8318353 -7.4500675 -9.125496 
-336.5809 124.31417 16.964466 48.96202 31.899452 11.660089 -26.789982 -6.868219 -30.964132 5.3399625 -24.554375 -14.021755 -1.5981519 1.3471963 -17.129402 7.476107 -6.0273294 -0.38114017 -2.7629237 -3.767726 
-364.7574 133.24802 26.28002 27.789331 8.417255 6.0309315 -7.153049 -0.4362577 -23.33129 3.3735487 -16.475742 4.0505323 -0.5582852 4.601765 -6.193555 7.7056527 -11.356938 -1.895522 -4.428379 -4.034882 
-311.17075 135.71085 45.76912 34.881496 -11.128981 -10.667999 -4.779772 -4.9931126 -23.979269 4.4559216 -21.482666 0.107769966 -1.6762137 6.4981036 -7.625835 11.0458555 -4.2741456 0.8093865 -10.713891 -4.0675793 
-300.63568 151.78401 29.171291 21.059895 -15.296437 -13.574244 -3.139315 -4.871336 -31.492178 1.1495225 -16.428185 5.388946 10.684226 9.806669 -15.305157 -2.320161 -11.561635 -3.038767 -7.3466973 -1.0499032 
-327.50735 155.96675 29.048815 31.405565 16.39466 5.1939635 -1.534679 -5.044924 -28.11939 -3.8974876 -15.393147 10.038295 -3.0104704 -9.634711 -9.162741 6.2989273 -4.325568 0.6742699 -9.350692 -13.155703 
-313.38458 170.52069 -2.2717726 7.6415243 10.363713 -5.118019 -19.924578 -4.2576666 -16.436443 22.48211 -3.2774312 9.603141 0.89897835 -6.1142883 -18.983543 5.494517 -12.3019085 -5.033674 -7.753713 -3.317593 
-355.88065 146.99438 23.78256 32.320564 27.181114 3.4057274 -16.732227 -0.2731302 -19.86401 0.7187745 -19.94414 0.33995882 -2.7487943 -2.877902 -12.895129 7.1712494 -3.7663891 -1.6535013 -4.5047345 -4.9520125 
-379.24603 150.7251 35.839363 39.0166 13.6010895 1.2517135 -13.528563 4.3961964 -21.455284 9.827862 -15.336058 0.66722786 -11.742963 -4.2041187 -7.865748 5.4484653 -3.7925289 0.047149792 -6.6488953 -3.4319975 
-313.0806 120.25602 28.905365 26.170206 17.813555 2.4068632 -8.11798 -1.9567337 -35.931564 14.9647045 -13.71246 3.0792115 -0.1708979 -3.15102 -12.328017 10.311633 -5.052912 -2.8940835 -11.006503 -6.8028955 
-369.31958 147.38835 21.903786 38.028625 8.7576685 6.6461687 -5.7815914 -0.40200382 -16.954792 0.1446806 -8.744054 2.2392726 -4.5958343 -1.8769002 -2.929451 7.96926 -10.93045 -5.3173313 -10.700361 -12.416913 
-362.56152 100.68368 1.6194714 38.50264 11.504314 22.022919 -12.09194 -2.7206242 -20.564964 19.566868 -5.279435 -3.250661 -6.622618 1.7740268 -11.263177 9.051806 -12.606324 0.5782081 -6.048134 -6.0513854 
-400.99408 117.46783 20.247988 37.557526 8.891513 14.57233 -7.5928082 8.241314 -17.094353 12.319244 -13.402119 3.5077503 -4.2115107 1.2697027 -5.747433 6.3235836 -10.353942 1.6430115 -8.842282 -2.342542 
-312.5868 103.6111 36.79763 33.8973 15.377862 5.234549 6.8618383 -8.638964 -43.97995 10.950184 -17.956041 4.7554107 -1.920653 -5.751888 -21.674788 9.575645 -7.571418 -0.5524483 -11.20952 -4.0372615 
-292.55396 118.096344 12.485219 42.899414 37.67978 3.1990495 -8.906854 -14.346869 -43.34603 23.008402 -25.186302 -4.562024 -9.706502 1.2065324 -6.15004 12.069958 -12.888439 -1.8611914 -4.52289 1.646613 
-314.03342 121.72027 36.271297 38.796257 4.1041074 1.2450668 2.078555 -0.78252155 -39.10299 14.580922 -24.784082 5.8118467 1.3745375 1.7384099 -12.9928665 10.298815 -7.598381 0.15868007 -3.691229 -2.991416 
-392.27585 151.6434 26.715284 31.890848 3.8453288 -1.0611787 -10.14437 8.081005 -15.845993 6.193719 -12.421253 2.0370662 -3.2027826 2.832159 -2.2746096 10.056666 -3.6408856 1.1719698 -11.189199 -6.6379504 
-331.39914 134.29926 3.0793161 34.216064 17.588392 -2.0964577 -20.550777 -16.6374 -23.556572 17.795748 -15.332615 4.374035 1.1980095 4.8203144 -10.762769 0.74083906 -12.20307 3.2797964 -10.820095 -0.25219548 
-335.101 114.00457 11.161406 38.813427 3.4881217 5.3114886 -10.710904 -0.40274185 -11.892822 10.453288 -14.211487 -4.9164295 3.9206417 4.415665 -8.373108 2.7638118 -6.5688148 -0.95085716 -14.235967 -4.741032 
-386.5129 114.69948 20.253326 31.158817 6.3321095 15.679057 -7.3780518 9.639619 -10.564408 8.836953 -14.533229 3.785797 -1.9907303 2.239241 -8.426319 8.094362 -9.136957 2.1946821 -11.977335 -3.3596585 
-300.76505 120.77783 15.329197 43.972767 26.481525 8.714927 -34.939556 -21.508545 -35.104263 9.934008 -31.634304 -11.711605 2.8473775 -6.142809 -7.4383335 7.1833935 -18.49274 5.837635 1.8017069 -7.114841 
-259.9886 40.28797 55.580906 38.265915 1.7226825 19.464996 -14.275762 1.3126988 -20.00188 12.088917 -23.77112 0.8105193 2.9685874 5.5816803 -11.8750725 5.7160892 -9.727886 4.9656982 -8.849949 -6.318678 
-284.35638 116.516045 34.45906 17.454006 0.7259599 14.622031 -23.238003 -1.2339936 -27.34806 2.8333905 -6.1977944 7.7062497 -2.9551935 2.176974 -11.051258 1.2811017 -13.550226 1.5200236 -10.020813 -1.2383881 
-285.746 157.59113 -3.0883543 38.311356 25.493309 -9.938498 -18.610447 -8.678497 -20.206512 21.157837 -25.970253 1.593344 6.508867 -5.433088 -2.8855343 5.6090336 -16.478905 -7.250644 -12.819874 -15.1005745 
-295.77304 97.12077 47.516216 34.948345 16.819468 25.18944 -21.796396 -5.744654 -20.41852 8.77101 -16.954582 -4.0775084 -10.236654 1.1365048 1.3808055 3.0518146 -16.553623 2.5513992 -5.6346216 -7.343766 
-305.20023 110.918076 36.65552 14.319861 -0.95308155 14.825402 -18.111826 4.499908 -26.569489 4.0935025 -5.3855443 8.421419 5.7100835 -2.7353995 -18.860975 3.6448135 -18.443842 0.90746623 -7.9694347 -4.226004 
-313.5985 95.29481 39.85723 34.317722 21.455555 18.784021 -22.504982 -5.6482415 -21.325493 5.5181217 -16.118837 -5.9038105 -3.691352 1.6954079 -10.44153 4.673041 -9.591185 3.7501438 -3.6647089 -9.184304 
-318.19983 155.46935 25.440498 16.63633 3.891635 2.824538 -17.58365 4.381131 -19.4709 10.571874 -5.8320255 8.9229355 -4.2592936 -3.173542 -8.114383 -4.7301364 -15.974644 -6.0361567 -13.246665 -4.410876 
-354.19083 79.723274 53.196445 24.00152 9.688074 25.66555 -16.053139 12.860874 -21.407356 7.0915985 -11.204429 -2.044384 -4.524668 -3.6999707 -12.012614 12.098069 -13.22889 1.1933147 -12.925993 -4.6797066 
-398.099 141.39719 24.750828 32.4413 10.178738 8.852496 -6.5809956 -1.9190971 -25.717367 2.328667 -11.246944 6.7407665 2.2455096 -0.32906425 -7.6619797 5.939439 -4.088145 4.035687 -9.523663 -2.3810534 
-405.86496 121.35331 8.748481 38.46417 4.1737885 14.791826 -3.6286616 6.0712576 -11.568302 4.5662236 -11.526707 3.3513074 -3.3171773 -0.6693122 -11.970225 5.79815 -6.077451 3.328927 -8.048013 -1.7708967 
-340.49997 162.98007 24.232073 32.4093 -1.7545092 1.7895374 6.313102 -11.642035 -34.56526 4.126678 -20.308956 -4.4982867 6.999946 -3.731595 -4.187933 5.8195105 -6.5880084 2.2967772 -5.6231637 -3.7797635 
-296.32086 115.187485 43.57331 34.63711 2.9892607 10.429158 -8.946934 -0.5540663 -30.526625 2.2129927 -13.018761 2.8014517 -1.8255757 3.3203738 -9.275295 8.1635475 -6.4098806 -3.9674861 -11.792746 -5.93121 
-326.73376 125.36026 41.596684 24.600328 -0.1383258 6.0283694 -10.018019 3.6523933 -18.678205 3.9817653 -18.045206 1.014881 -2.153754 0.95581067 -7.7489176 8.692951 -11.181301 -3.7721548 -2.7803278 -8.670727 
-321.24622 154.81259 27.183989 35.70993 29.006998 8.822024 -21.988548 -9.254428 -27.49349 6.4425287 -17.942617 -1.8247617 -7.6466913 -8.022009 -1.8370656 7.7568717 -15.363887 -7.334249 -2.3069253 -9.464036 
-302.38477 121.72862 21.864344 47.24853 18.258186 3.531705 -34.42825 -0.36877704 -20.97146 9.783926 -26.168478 -3.5549726 7.9739575 1.2964187 -5.888478 9.303069 -13.535374 3.1683931 -12.487957 -16.638054 
-323.1007 156.69827 12.257786 31.73424 18.51668 -1.5302479 -19.175175 -0.5047263 -18.41027 2.203215 -18.490488 9.325673 1.4887233 -4.743907 -9.671818 -0.620603 -13.533783 -4.1474924 -12.621889 -9.453264 
-298.29108 159.82292 3.1030993 35.865376 29.735817 -7.6194086 -21.372986 -12.221423 -28.751211 20.738413 -14.343599 6.5297275 3.7323859 -2.5425284 -1.0704414 -0.414199 -20.490211 -11.194122 -6.5373497 -9.1435 
-281.6 127.259995 -12.366821 12.96494 2.1939664 13.162995 -12.071283 -4.3319964 -23.316633 14.861584 -5.8160925 16.819794 0.6355377 -9.310264 -15.798684 7.4145474 -15.4151 9.055279 -11.645614 5.2709394 
-302.95267 148.29584 -16.381859 16.930061 17.964882 8.842373 -16.213766 -14.8076515 -15.878277 15.030485 -6.290119 8.516861 -0.8920623 -10.010295 -12.27525 0.37977383 -18.178673 2.310899 -3.3965368 1.2950654 
-321.9845 137.03522 23.113596 29.123356 20.746597 10.036096 -19.627516 -8.91113 -25.443659 0.41311088 -16.00007 4.6354427 -4.3546753 0.52052 -7.413947 5.876511 -3.9779303 -2.0741112 -5.6671205 -3.1018224 
-325.20053 111.81097 25.866817 47.38936 24.854744 11.455639 -16.001488 -7.3644004 -20.807003 9.838662 -28.201658 -9.071797 -3.975302 0.20925596 -11.774257 4.0386114 -8.602657 2.6594307 -2.248973 -7.8759103 
-358.38956 144.96782 25.483934 30.3621 10.506585 6.7181296 -10.815422 -2.311134 -20.940983 1.000376 -18.47544 4.2623277 -1.154438 2.6568432 -9.85693 8.6901045 -7.631197 -3.1906645 -1.9951884 -5.56843 
-376.79303 155.5773 31.744188 36.974075 14.745897 6.5273604 -9.99263 -2.9227066 -15.938221 -1.7771052 -14.947468 5.703506 -1.4276613 2.0138092 0.018689103 6.145301 -9.427839 -1.1060753 -12.082395 -9.832254 
-351.31873 120.427734 40.86907 36.09468 6.3742695 10.921176 -9.261692 -4.197121 -23.508627 5.533302 -21.286873 6.202773 0.9032989 2.8880377 -7.2657995 6.002193 -8.314654 3.4847474 -11.649677 -8.031409 
-393.59814 155.64095 28.141123 38.653366 12.985995 9.987546 -6.062258 4.677853 -21.936272 -0.7248603 -15.654246 3.2500827 -4.05697 0.51031995 -7.011598 6.7472467 -9.471418 -0.42387706 -10.926448 -4.5239353 
-371.51184 111.924126 14.904919 36.50951 10.651169 15.953195 -8.605821 0.9215047 -15.240331 10.743622 -10.97016 -0.72022796 -5.450575 2.1569104 -8.882986 9.60531 -11.077364 1.4815134 -5.452507 -5.342544 
-352.5565 87.54612 38.511604 31.218039 5.6932983 18.220938 -16.130243 5.95431 -20.465065 10.024051 -17.182838 -3.7807727 -7.088512 -0.0761439 -11.296714 7.6314654 -8.5653305 2.8867369 -4.79428 -4.634264 
-294.34787 139.52254 22.240217 42.25297 11.180979 3.8845189 -1.8672144 -13.433403 -33.748962 6.4379926 -17.517612 -10.609211 -6.544648 -0.74758416 -0.76265 -4.136114 -15.278436 -0.54217225 -6.7938004 -7.760037 
-283.1101 93.55649 34.379322 53.37855 19.940042 6.553113 -11.24507 -0.43179768 -13.078351 3.2224197 -19.086088 -10.335293 -0.84568596 2.271936 -14.30021 2.126399 -8.390628 2.2517722 -5.8294525 -8.249657 
-281.77426 113.932846 35.67862 25.638985 4.3940487 19.617033 -13.952859 0.41296566 -24.586187 3.232224 -9.143729 2.708607 -2.6890788 0.23975788 -8.496953 -2.5792568 -12.659408 1.6309457 -8.867918 -4.3901505 
-291.79636 132.18536 24.641499 28.225096 3.96976 7.673466 -17.781614 -0.42614874 -34.382668 1.3041289 -9.752431 -2.025939 -1.4609429 -1.9697067 -8.8287115 -2.1705468 -13.77848 -5.2303257 -16.730597 -4.647441 
-297.41354 153.27058 -1.2060583 26.431082 14.045143 -5.670678 -24.907204 -29.071629 -39.423954 24.68496 -9.193554 6.4778223 1.7861453 2.8762681 -3.6817453 -4.377344 -19.485607 1.0481809 -13.505495 -1.7592623 
-392.0325 128.65852 3.6960351 34.05365 10.842609 21.337517 -11.889408 2.9087667 -15.56751 16.119303 -4.4956646 -0.7525556 -8.041773 6.2015886 -9.937363 8.034707 -9.2695055 3.0792527 -9.182228 -2.87227 
-406.77884 128.8854 6.1939354 33.679123 11.660148 18.054142 -7.403829 9.239577 -15.861827 10.207153 -9.759441 -0.53164786 -7.0426373 3.3845637 -7.589035 7.9373975 -11.438605 4.2045035 -10.002142 -2.84224 
-295.40714 98.95951 25.24797 23.349016 7.5167217 9.588483 -26.868328 -12.305525 -32.25319 17.586672 -6.968962 0.5079306 -1.8069093 4.3499904 -6.999133 -2.0259657 -8.581313 2.363834 -9.828091 -0.9648591 
-290.5376 130.99768 29.136986 53.50451 16.04076 -9.377941 -11.75462 2.4680183 -28.60244 6.126319 -23.868425 -7.427936 4.0495915 -0.12624623 -13.948879 3.6912563 -5.1443915 -3.6878798 -7.4084454 -14.224557 
-266.807 62.836994 37.340412 37.498528 2.5889375 11.240652 -11.51691 -7.071291 -28.87544 12.148914 -23.577091 4.9568353 -1.189058 0.8400432 -8.845896 6.2327027 -11.478278 2.250719 -12.158897 -6.952957 
-324.03802 143.34648 49.268074 35.593533 -3.8334193 -15.421644 -12.841236 -1.9926906 -24.99459 11.935543 -23.151226 1.8773929 -1.9529777 -0.9689986 -6.3357477 6.5393806 -5.539333 2.2884886 -7.2012568 -7.578474 
-330.8162 153.23499 38.145554 38.968586 0.110773295 -9.294613 -5.5107236 -7.005053 -26.087952 1.7795622 -30.923157 3.0359623 2.216548 -0.15164544 3.8020215 -0.36286396 -14.40778 -1.5595319 -8.310238 -12.0973835 
-334.30786 105.72155 36.547226 46.004112 15.780465 13.560206 -13.724384 -9.14918 -26.10859 12.330903 -22.20115 -3.1145573 -9.724508 0.66992897 -7.2692575 4.8579044 -13.2992525 1.9447318 -5.5395527 -4.215736 
-349.33295 121.3053 21.527933 24.863235 11.187138 17.998331 -16.364075 -3.154519 -24.181164 9.887131 -14.156653 -2.182834 -3.1833735 2.834174 -12.334022 5.9365664 -6.9938154 2.4103212 -4.636644 -3.9759412 
-328.5458 164.70631 17.254292 21.011791 15.835682 2.8845346 -14.847604 -3.3831604 -23.747211 5.4971213 -5.1350265 13.857695 0.45025635 -3.135841 -6.388666 4.7764683 -18.240004 -7.7508307 -12.2317295 -9.375187 
-308.9099 112.26279 32.478664 35.735287 15.475857 6.119872 -14.330738 -4.5938163 -23.742716 9.927254 -19.430511 0.94891423 -1.0898628 1.3538183 -12.385377 6.5958796 -11.981421 1.7098502 -4.998789 -7.7781 
-298.91223 99.388725 24.975985 29.48363 -2.2815883 9.641916 -18.66164 -4.5115757 -25.329584 12.219698 -8.353514 9.5346155 3.1538289 0.20239165 -16.671583 3.447364 -16.022543 -1.0794139 -8.675407 -4.9981284 
-320.4673 138.46236 42.545 20.637875 -11.092438 0.42276934 -8.690342 -2.0521524 -26.181015 1.7311854 -12.485175 6.787704 5.672501 4.6119223 -14.574943 -3.05914 -15.619191 -4.403064 -5.7380514 -3.3489776 
-325.6661 146.61066 36.90286 29.473375 1.2812955 0.40688902 -12.062238 -2.378049 -17.916319 1.3780274 -15.493154 10.427701 -0.62506765 2.451192 -5.63454 2.2902212 -15.010105 -3.7250485 -9.990914 -8.582635 
-351.69748 77.40695 37.770855 32.512375 4.4134097 12.6339655 -12.514782 9.362041 -14.144424 11.598537 -15.457043 2.338899 -2.3283205 2.2625575 -14.634964 5.3823905 -6.90665 3.5857992 -10.930511 -6.552862 
-307.81113 72.00871 39.239304 52.911484 6.501288 10.277715 -22.92227 6.900695 -18.31805 5.2115693 -22.29927 0.6636399 -0.08695952 4.534128 -14.653614 8.609168 -1.6910735 1.4444575 -15.3299055 -7.594057 
-345.25775 125.195 32.009712 22.73706 1.186379 5.5008574 -10.046066 10.566796 -17.965717 6.1678753 -11.793016 8.315111 -2.1024144 2.8483772 -8.290207 4.397003 -15.193785 0.2887614 -9.296133 -5.0903807 
-331.3723 113.25861 32.457634 34.731342 13.233151 4.4569592 -12.57544 -2.0876539 -20.619604 15.110323 -12.14394 6.708357 -0.83000404 0.9352443 -5.260158 11.900837 -14.198436 1.1456736 -6.4527655 -3.2350368 
-351.2204 165.9147 7.368426 15.235589 9.8793125 2.1881435 -13.919537 -5.1660366 -23.212133 10.65482 3.3399997 18.983616 -0.29241335 -5.2753515 -10.829054 4.101755 -12.424647 -4.2698107 -13.188298 -4.7672906 
-341.12228 125.82179 27.287724 30.400652 8.685776 5.122531 1.3650233 -2.2457552 -26.326883 6.357065 -16.382866 0.8406309 -4.999665 -1.7791612 -12.653133 4.43078 -8.795514 -4.041689 -9.423161 -3.9220767 
-360.2157 137.07668 34.592453 32.359234 5.29641 -2.486888 -10.783687 -2.4653614 -21.1643 3.0300016 -14.32163 -2.2338755 1.3682051 4.2508883 -7.142344 7.65364 -9.326939 2.9984503 -4.490713 -2.441718 
-326.70883 144.50273 54.33669 46.89736 -1.1997339 -19.66567 -13.104729 -7.846443 -39.861774 8.482657 -13.226111 -4.3503723 2.7076135 8.314048 -18.721016 5.910951 -13.644648 2.4358015 -7.495724 0.32306126 
-274.6044 69.98214 44.448223 40.145473 -1.7849431 17.663277 -13.799032 -10.687167 -28.257372 16.50275 -24.293991 -1.4944034 -4.5142355 -2.629407 -1.4668413 9.042684 -8.137111 4.0330963 -9.931909 0.21125978 
-314.71814 101.15965 48.462193 33.443413 2.4620292 20.03059 -22.685585 -8.183535 -23.174427 0.7712924 -17.560799 -1.9273916 -5.7465563 1.6463436 -3.614163 7.9269223 -11.827445 4.0004363 -8.51532 -7.7321453 
-301.19824 64.07 44.876545 41.151787 2.467306 14.5969305 -9.601481 -2.4242954 -18.96153 12.965992 -23.920315 -1.3892989 2.2926471 4.4430795 -6.889196 6.239914 -6.101802 5.9158916 -10.711398 -7.2343454 
-302.10196 121.4947 12.617406 58.582832 30.333439 -0.44242007 -17.258396 -7.4060264 -30.634295 9.035519 -35.52764 -17.149967 -1.4758955 6.0522275 -16.424707 2.5178056 -3.6297922 4.5231647 -5.748144 -8.211756 
-361.99088 143.95277 29.810019 44.392498 24.736773 4.9509454 -3.608401 5.9783525 -18.37835 5.0938573 -18.770031 -8.753249 -3.3918316 0.15030503 -11.477521 0.37061507 -1.0879042 -0.3562343 -8.645535 -7.8015575 
-356.25296 142.0733 29.590624 41.22395 21.873466 7.7704163 -14.947697 -2.4999201 -19.78585 10.983978 -15.233761 -6.6334424 -4.42375 -0.5474223 -2.8955507 8.035108 -14.276561 -1.8669499 2.0589888 -9.943676 
-334.267 93.35251 50.137863 34.902153 5.3305917 22.981104 -14.156934 -5.085363 -28.96538 0.96707493 -21.301537 4.5236273 -4.095178 -4.478884 -11.138343 7.2033157 -11.783162 6.065122 -6.133228 -2.3965454 
-316.34036 125.24437 34.279865 34.345062 17.215828 13.469665 -20.452911 -9.189111 -26.330847 4.8953 -13.54634 -2.5250685 -0.30955493 3.7907197 -4.9285355 6.008428 -7.501753 3.4314227 -1.1453414 -7.969624 
-367.76965 148.59315 34.128464 35.988113 17.849846 7.111552 -9.766053 1.1768631 -18.421726 0.692685 -18.624935 -3.2452917 -3.9944022 3.4454496 -8.173426 3.133422 -7.749781 0.8761656 -10.858812 -7.535336 
-367.7006 132.71568 11.171867 56.36597 31.470388 -4.84146 -10.136397 1.5777593 -36.583122 12.588102 -21.442978 -15.17453 -0.8941074 7.05097 -19.743952 1.6766119 -1.8278097 -4.3221173 -6.1796913 -7.814594 
-328.4771 91.20144 24.243023 43.188637 8.911058 11.584432 -16.467762 0.9470978 -22.465513 11.674496 -12.396913 -0.413823 -0.33124968 6.4537597 -9.272581 11.314097 -11.384147 -3.9797678 -13.401688 -4.010574 
-350.1968 156.96562 9.861348 21.198992 2.0173674 -2.099766 -3.390727 3.7807024 -22.119392 6.281132 -14.405465 7.1808157 6.254487 -0.77895546 -14.149592 -2.9922557 -16.168707 -2.5818686 -9.9195 0.52317494 
-315.15182 104.73507 32.175503 18.086855 -15.029541 14.439804 -10.023953 0.47499 -14.083472 14.334662 -7.0932856 10.267228 -4.5482044 -0.6445948 -16.70273 -0.42537192 -9.042637 0.535524 -7.1350775 -0.98532784 
-386.2937 136.64638 21.606773 39.308838 14.398427 17.624136 -12.228985 -3.0266492 -20.621511 6.188341 -16.523376 4.002378 -8.977253 4.4857335 -2.998277 7.965454 -9.416517 0.15460218 -13.204278 -4.039292 
-362.07825 100.88467 9.307208 32.288982 6.7139335 24.587658 -8.697377 0.8928565 -15.636656 17.72178 -5.4527593 -0.18343669 -6.7039275 2.0829506 -7.348939 8.075185 -13.186791 -1.412837 -8.842579 -4.7410407 
-394.18527 123.6276 5.808217 31.356697 9.74285 22.251305 -8.00082 5.897364 -18.322338 15.583745 -5.9418507 0.5296734 -3.5667496 0.6191935 -6.303184 11.637951 -7.5060406 3.5415187 -6.550244 -2.5182817 
-329.92825 97.76247 42.122208 35.500225 8.151543 10.310714 5.2472444 -14.8797 -34.52799 11.761102 -20.07819 -4.864581 -3.665529 -6.826507 -14.336238 11.6643715 -12.546152 0.72840065 -8.618764 0.2446962 
-292.64783 100.88504 31.491116 42.001137 18.32063 4.4936657 -7.8750057 -22.057241 -35.901928 19.65073 -22.611006 -6.97435 -2.5149343 -0.15308718 -5.7902846 10.390286 -14.787969 0.70033455 1.063108 -1.0545926 
-321.70306 154.88171 16.888067 24.46744 0.4924915 -8.690868 -2.2006865 -19.048738 -32.76999 6.279701 -3.810323 14.894392 8.332275 -4.3099985 -6.975162 5.178788 -6.604315 0.22835088 -10.57229 -12.550041 
-385.83124 123.66171 24.888342 28.472252 15.927048 5.3838253 -13.710576 3.113188 -19.314234 4.4194694 -14.514304 1.7661574 -5.15942 1.2298639 -4.072928 6.8453164 -8.438768 -0.68139553 -8.48951 -4.282748 
-275.06836 84.51986 25.543709 36.81897 13.539365 11.27557 -24.59819 -13.507778 -27.397715 9.177745 -21.85806 -6.3503027 1.0323303 -0.25123367 -8.192948 3.1404908 -10.407749 6.3369446 -5.943514 -10.661526 
-318.27576 157.60382 25.270844 26.169758 4.530946 7.231201 -17.942945 6.661096 -26.505064 -3.9909472 -15.865682 9.0031805 -3.605342 -3.5178308 -9.464145 -0.44218466 -11.866184 -3.7337074 -9.882711 -6.2804737 
-344.46005 155.78098 16.574856 29.337532 11.667191 3.8677967 -5.4868402 -14.194126 -37.309845 -1.459886 -13.712596 9.452349 4.2715282 -6.091524 -8.615272 15.212919 -4.97922 2.9993944 -7.9879184 -13.510371 
-393.44815 125.03725 16.143288 39.669754 24.21579 5.3959985 -7.1342382 7.645826 -14.884047 11.948869 -18.401669 0.8531596 -3.1835656 2.1156259 -15.765991 1.0284818 -9.928505 -0.3416962 -9.068798 -3.6336164 
-325.92105 135.72028 18.817076 47.786034 17.777695 -10.825781 -5.58606 0.5163652 -37.192303 9.879801 -25.505255 -4.37822 2.4082522 4.911743 -17.791302 12.718306 -6.7364774 -0.9735301 -0.71172786 -0.7660651 
-274.64996 46.934246 26.918585 62.506653 24.544466 -4.4423194 -12.641819 9.110113 -31.603476 20.187334 -23.363808 -7.925256 -6.5230126 5.228302 -21.388409 0.7049624 -2.9837308 6.619154 -10.184868 1.1924043 
-333.4968 123.9417 34.129818 35.138626 16.498344 10.815597 -13.613049 -5.3225036 -19.122665 19.686352 -11.717475 1.290105 -3.3340993 1.2705042 -7.245634 2.6359167 -13.782728 -3.7421184 -8.458483 -3.3779569 
-309.09274 68.13196 41.798386 42.50491 1.4748192 22.93866 -15.025196 -5.856297 -21.374544 12.886583 -14.521998 5.592577 -4.7802157 4.3152514 -6.134755 9.459523 -9.141628 3.6973963 -9.159148 -1.0198264 
-332.50568 77.351875 46.350605 40.28865 2.9296067 20.371868 -11.716633 6.7186837 -19.294655 8.422581 -10.26029 -4.974568 -1.127459 3.5596488 -16.033892 8.088378 -11.687372 0.6817353 -8.901974 -6.329435 
-364.79953 88.764244 33.919178 45.35704 7.523418 10.44775 -5.951951 11.733439 -17.973686 10.416356 -19.607458 -2.9281454 -3.6931949 2.5654664 -19.162544 8.813161 -2.5544767 3.1032495 -9.2472515 0.6899058 
-412.9137 129.60248 18.60124 32.402073 17.350912 12.107344 -6.74807 10.17524 -8.151888 9.462592 -10.613258 1.3821256 -8.148827 1.3892176 -7.974633 5.644918 -7.2822094 4.343067 -6.127564 0.6740339 
-395.85474 141.98177 18.872734 30.091976 4.6771398 6.1101484 -11.360075 7.4676266 -12.210112 8.328349 -13.75017 2.4947672 -5.175136 1.5611056 -8.093756 8.42057 -12.2630825 2.197875 -6.5901966 1.6427003 
-417.9923 134.0888 14.5323925 32.677536 11.683673 13.150612 -10.994775 8.710956 -9.840262 11.014822 -10.805028 2.8426807 -4.418575 -0.32649383 -12.209211 6.699732 -9.153218 3.7996771 -9.088939 -1.9989467 
-381.1389 156.38527 -9.1103525 13.705228 -0.66207016 8.447016 -8.249506 10.951523 -11.364844 18.008663 -13.874868 0.2814954 -9.897365 3.327423 -9.587359 5.112851 -11.951527 -2.3082783 -13.051442 1.6077487 
