-578.69116 166.60364 35.672333 32.918606 16.679438 25.76588 -14.065042 16.52703 -6.8746114 3.4393914 -9.425952 -6.6175075 -4.9963326 -5.8102784 1.8661535 1.2745215 -1.8803275 1.3304572 -13.6022215 -2.4041495 
-557.5629 147.88435 42.409386 35.787758 6.7240167 35.139168 -7.2197385 8.518909 -9.252842 7.3376026 -9.794566 -6.857195 -6.723489 -7.4578867 -3.186907 0.5101967 -4.7417154 0.34249693 -11.003649 -1.4788702 
-570.7317 166.13547 42.54459 34.784134 3.6531324 36.756733 -9.551153 11.966575 -3.4465623 8.858341 -11.939632 -2.86575 -7.527844 -6.15676 2.270668 2.5465684 -3.4408336 2.818711 -5.1791725 -3.8562262 
-584.84296 173.96892 49.866096 33.590557 6.322376 34.647446 -9.85268 11.246566 -10.476025 6.0650525 -7.603534 -2.4650416 -2.419672 -12.239253 -1.0977149 -0.6765645 -2.0630198 3.867004 -6.7950835 1.1021729 
-415.28513 189.99725 20.64974 10.174053 -15.51808 -23.310127 8.344894 -6.666053 -15.617364 -8.330633 -13.279374 10.851314 13.92983 -6.4910326 -5.3886704 -9.116085 -10.679393 0.32010895 -11.010653 -1.1302755 
-431.8854 180.1379 30.974165 13.86427 -11.367202 -8.543437 4.6671634 -6.017989 -13.366207 -8.813493 -8.11233 4.090533 14.948898 -6.5688696 -5.236916 -8.663904 -7.2280207 -3.7177887 -3.8444278 -6.0724607 
-452.57443 207.34601 24.236778 8.157571 0.4216351 -7.7865167 3.1828728 -9.037207 -21.05657 -11.211048 -1.4884114 7.679304 17.166965 -12.141117 -5.3700414 -8.917324 1.1815078 -1.4457539 -6.141794 -6.1943955 
-556.89386 172.68178 39.00723 34.288998 3.1448445 30.08425 1.9694475 6.441479 -11.449749 4.5909786 -8.563282 -1.5002077 -1.3976254 -8.424105 -0.26265463 2.266147 2.3790987 0.6845611 -7.7533994 0.23389758 
-589.6599 169.89523 48.596226 32.126953 7.7791605 31.23249 -9.341358 11.698193 -6.0855093 4.1689525 -11.535175 -7.7331314 -3.6075659 -7.782198 -2.7885084 1.1418623 -0.3064565 -2.8066616 -8.127834 2.252757 
-588.9108 172.88594 46.977665 36.850254 8.379363 33.096848 -11.370243 13.366335 -7.474606 4.990774 -8.848287 -7.6152735 -6.47674 -10.914993 -1.2189316 0.23358461 3.0530515 1.1549236 -8.69946 -0.15004762 
-585.8031 172.32558 41.653828 37.281292 5.5384007 32.19905 -10.007516 12.814809 -6.057011 5.9547167 -4.745529 -2.453111 -8.650479 -5.0996084 2.4942448 0.27588278 1.3726319 1.5419214 -11.8641 0.009371598 
-580.1575 169.24994 47.990234 30.796997 10.1155815 28.015753 -5.063957 14.253994 -4.3573284 6.373505 -10.190726 -3.9449759 -5.306731 -5.5864015 1.3998405 0.46727213 -3.073796 -1.4962604 -7.391677 1.4675844 
-394.93994 98.132996 51.41589 25.219698 23.53759 -5.4956946 -33.77965 -1.1660491 -13.968467 -12.3923 -10.754033 -3.313902 -0.39589313 -6.641037 -7.1179147 -2.634248 -5.4259963 11.955372 -9.642262 6.822354 
-385.97195 100.970634 44.8003 27.268208 21.182394 3.7651122 -22.923166 -9.509085 -20.880457 -6.8935795 -6.0122404 -6.6033044 1.3409127 1.8374617 -4.5708637 0.54352 -11.275829 4.885716 -10.497609 -2.4973361 
-434.21454 107.77988 50.951454 44.43208 20.355265 3.1130805 -11.685384 -2.035608 -10.298149 -6.0565133 -18.313347 -8.610954 0.6154452 -2.5340462 -7.369438 3.5662374 -1.6512897 5.8979187 -12.018443 -1.6220133 
-440.61963 140.12068 25.34765 58.793972 18.91382 -25.914059 -8.225028 4.6675916 -14.565891 -12.8220415 -8.108028 2.783618 -13.785847 -8.220985 6.32288 5.6108127 -6.0432196 5.9554973 -4.5153813 -2.173152 
-427.9106 161.04614 14.729085 42.112514 34.494713 -28.656517 -18.866472 -5.8471255 -6.976895 -13.635047 -9.542017 4.178529 -2.6891878 -10.108745 -2.639375 0.80016255 1.7607927 4.546652 -7.34831 1.1424445 
-448.64188 156.08588 16.387281 50.65219 26.171562 -19.327515 -15.023647 -9.16884 -12.050374 -10.39557 -10.779002 -2.6471236 6.0051913 -13.568555 -8.071665 2.078521 7.1774664 -2.513034 -9.088605 6.889638 
-493.1945 141.21107 35.13813 44.86245 14.381641 9.764172 -11.109196 -4.5097117 -4.5055504 -7.967614 -12.018544 -2.480975 1.5509671 -12.706319 -3.96386 0.6313952 1.4415451 -3.3769178 -1.6125698 1.0517423 
-364.17853 123.410675 26.97866 29.858803 -5.2606087 -5.086115 -10.048005 -11.146663 -6.1706085 -7.655916 -10.373256 4.062589 -4.663854 -5.812701 -11.17052 1.2057806 -6.043172 -1.5781403 -15.121516 -2.2810209 
-421.5988 187.22401 17.548176 5.594946 -23.793861 -1.5280501 7.718977 10.295441 -12.863596 -7.4768796 -4.205213 -2.5912993 12.035413 -7.856515 -1.9230357 -2.701742 -7.3303013 -3.6633198 -10.057757 3.988066 
-431.09363 163.87901 16.737932 24.18242 -1.0872779 -7.8373547 -5.9371433 7.220531 -23.298737 -0.18700916 -5.4221783 3.3621855 3.2049646 -8.565862 -3.9190145 -0.26361677 -14.605966 -2.3215973 -9.420294 0.9110098 
-431.06964 151.92035 32.603977 11.062388 10.447787 1.8265512 -14.390752 -3.8654628 -20.757154 3.303484 -0.5007308 -1.8362669 5.122305 -3.117895 -5.569275 -1.0479101 -12.930547 -5.1421714 -10.92055 -2.6212394 
-479.13776 183.39702 4.672735 36.85218 12.568019 4.9860654 -12.290534 -6.751012 -18.571428 4.106026 -7.582283 -7.846745 -2.4469154 -9.079665 7.8793335 -0.5465269 -8.202238 -0.26429904 -8.818363 -2.60881 
-568.2767 172.67044 21.109774 41.869026 15.611925 22.549944 -16.083237 16.061333 -2.8706453 10.6797905 -18.870384 -6.7324343 3.4486418 -5.436527 -3.3755898 0.23095782 0.99559104 4.598112 -9.76193 -1.843865 
-576.14044 171.48303 38.599915 36.059513 9.413158 27.896547 -12.441834 13.159349 -1.7544888 10.452224 -11.514261 -6.6046467 -0.7831784 -4.7658825 -1.4232273 1.0585207 -0.3762416 3.4245768 -8.233234 0.8585488 
-577.1963 165.31818 45.639725 28.319923 11.281269 28.257889 -7.4715466 12.211753 -5.4030075 3.218097 -12.300843 -5.2668285 -8.049055 -7.40842 -0.039362192 1.0875916 -3.4395132 -2.117227 -9.059377 0.6776798 
-510.8614 155.34253 36.46647 13.9984865 24.620169 21.495117 -13.753856 1.5188884 -7.4321933 1.5715381 -1.2534575 6.4353876 -6.5288353 0.7806812 -2.9742205 2.4879732 -5.770548 -4.647663 -6.1434565 1.2875037 
-437.35458 180.36072 29.46221 19.20649 13.54211 -3.1613197 -12.050342 -20.201223 -13.259149 -8.755824 -3.9266102 0.35324347 -5.7289343 -5.30768 0.09289556 -2.758866 -8.428612 -7.175935 -13.206376 -3.0862143 
-425.14145 171.15775 27.716518 20.159437 13.29233 -17.62332 -4.9247575 -6.9637165 -9.450045 -12.165485 -8.021358 4.5071354 -1.0058798 -8.839972 6.6981874 -4.0251975 -11.755369 -8.483791 -11.820631 -9.734329 
-386.12555 78.895035 56.368546 34.091995 19.33104 6.7842546 -26.63794 2.4140012 -7.018191 -13.715443 -9.7640505 1.1609824 0.18295164 -0.44109663 -10.178351 3.932979 -7.5872707 -0.63435566 -14.49312 -8.936937 
-429.3151 131.27245 27.093624 41.135525 21.78823 -2.601257 -20.580242 -16.601646 -0.7429727 -11.38654 -13.184397 -10.360481 0.123701416 0.023912959 -2.4326487 -8.383163 -2.8776205 3.0412712 -19.54295 -10.978505 
-473.64822 160.12573 25.941359 37.695477 30.914711 -9.654894 -15.64415 -22.114832 1.3562056 -7.651255 -14.074949 -8.737089 0.9790019 -3.143024 2.1002624 -12.140139 0.52281266 12.10062 -18.394518 -0.75858176 
-462.4236 118.778824 66.39253 21.363483 24.510708 9.435123 -25.238638 -6.8865952 -17.196415 -3.9323764 -15.518126 -8.350468 -2.9120815 -4.265276 2.9299774 -4.6307855 -2.8682854 10.5676985 -10.439675 0.97499603 
-432.38422 159.73282 42.05542 16.680153 23.45983 -13.24918 -16.31356 -16.563408 -14.01292 -8.387531 -14.490718 -0.5320391 -5.5941052 2.4295275 6.3909893 -5.2585216 -11.959733 8.626518 -4.4747677 -4.2402463 
-424.13098 119.742 64.36374 18.556995 11.594475 6.7400317 -22.556452 2.611952 -11.49082 -7.3371453 -16.454914 -3.3202188 -1.8868556 -3.9236288 -2.2765741 -1.8113799 -9.010212 0.67964673 -9.369086 -2.1541927 
-447.89294 161.77596 21.28837 46.045574 20.323217 -15.7581215 -23.839706 -1.0859109 -14.187787 -11.417667 -12.056818 -5.304739 -2.13092 -18.406885 1.6901362 -1.25233 -3.8308034 2.555105 -6.146198 -0.72299534 
-446.1255 169.27556 11.544684 42.558018 31.808977 -21.69052 -21.262632 -13.611706 -7.3147073 -7.3580074 -17.043617 -8.256222 5.6439395 -5.9985113 -0.58463645 -7.6292624 -5.726212 5.629835 -14.747667 -1.9213958 
-502.27106 163.70328 40.783604 36.634483 19.674126 10.070384 -16.558836 -1.8911328 -11.609686 -8.432939 -11.862385 -8.465083 -8.576839 -9.304821 -2.9714267 -6.875702 -2.7579582 2.1200867 -7.9329123 -2.1233122 
-449.7961 160.03374 11.220601 33.917526 24.161003 -13.289977 -11.051695 -18.592327 -19.296549 -2.3958604 -2.034211 0.33547655 3.3171093 0.32664764 4.4735274 -2.458027 -4.9994335 5.997101 -8.899801 -10.085078 
-463.32346 177.78073 45.345985 3.0289495 -11.252735 -3.585222 2.3213582 -5.1761975 -21.183208 -3.7750478 -8.523806 2.7724404 -1.8375064 -2.9534283 -6.28784 -2.866511 0.6767707 0.43499961 -9.3445635 -7.320159 
-529.32947 172.04356 44.34868 28.709934 5.130345 15.571518 -5.0285435 6.059573 -10.710509 -2.4241655 -12.6693125 -13.986384 -3.8696098 -9.328511 0.7399664 -1.226946 0.7767317 -2.0465076 -3.4073803 0.5709913 
-423.9799 168.92352 -2.1432505 61.589363 45.702065 -52.685196 -14.97321 -6.897671 -23.48573 -14.38314 -19.224861 0.6489432 0.7241707 -17.006191 10.446771 0.38301045 -10.367678 7.851642 -12.626081 -5.0581117 
-444.99487 113.04572 51.267197 24.177147 20.537758 7.44218 -30.843319 5.2988415 -11.6936 5.568969 -10.9244795 -2.3661177 -0.29080725 -2.2907171 -7.0655622 -3.0030005 -5.5111527 2.9950616 -11.609852 -2.9920857 
-562.99585 168.39029 45.939987 32.319782 10.132816 22.126276 -15.854628 8.68251 -10.616197 4.4608645 -8.69441 -5.501558 -6.893795 -9.455795 -4.570524 -1.789207 0.385856 -0.40538228 -6.971606 1.4106497 
-415.5772 184.56613 -29.793074 12.362992 2.8834682 -3.7652173 0.48096222 11.546977 -21.308249 9.857993 -7.6387997 -9.545292 -0.10157887 -14.930708 1.4202815 2.7819757 -10.027265 2.3693378 -18.055042 -0.31548524 
-544.27814 164.39548 13.753827 22.00793 6.825756 27.725636 1.6684157 11.875436 -12.911971 7.3091745 -12.760034 -6.4195004 2.222288 -3.3691988 -2.4628747 -3.3233843 -2.9026875 2.2890158 -11.030707 -3.3742774 
-567.5868 171.7604 25.168793 36.37339 9.866859 23.173088 -17.083761 5.682379 -6.8601723 10.635059 -16.024342 -5.7352505 3.061184 -3.9861805 -5.7690415 -5.0743933 -1.0383945 3.3120155 -7.9002686 -3.9170277 
-481.9518 191.8102 8.946752 21.675781 2.0739124 1.5541707 -3.0517697 -7.904585 -22.395494 1.3502824 -7.6292224 -2.4309714 4.2435093 -18.320961 -2.5931253 -0.1648516 -0.8480017 -6.708457 -11.721671 -4.9554157 
-458.00055 172.16576 14.962148 28.376028 22.711308 -5.6839232 -13.092363 4.704752 -23.625793 -12.170173 -9.551023 1.69927 -5.5025787 -9.467411 -2.2992623 -0.94206494 -5.5069103 -3.7182095 0.5529394 -6.1585555 
-426.2811 162.016 -12.270512 36.992653 39.454906 -23.66161 -15.647213 -7.296736 -7.9161716 -13.719818 -8.014215 2.0192158 4.3462377 -16.25065 5.6098175 -9.106159 -6.1011596 1.2631927 -9.979612 -11.762668 
-429.45572 137.02522 12.583121 70.36775 36.858692 -38.954247 -5.020652 6.382052 -20.435452 -19.760752 -15.268908 -0.1924311 -11.120201 -12.61398 5.1341715 0.7939024 -14.581962 11.710835 -6.2489576 1.0332171 
-526.3033 156.41643 34.110016 39.61592 16.94102 6.6714926 -4.654894 7.374008 -13.816486 -3.6543584 -7.2248526 -2.410968 -7.7049847 -11.832504 0.67384 -2.1695282 -3.1966572 2.2962089 -7.0360928 -1.1496423 
-426.82736 170.50385 -1.8656981 16.726463 19.612085 -19.16055 -7.982593 -0.3041195 -8.854009 -0.7418859 -3.9533472 -2.132713 -4.084821 -11.449184 0.3061671 -11.044582 -11.62639 3.7932396 -12.600281 -2.0062134 
-415.51562 139.18796 32.47341 13.772702 21.84872 -9.876926 -10.977082 -3.3620353 -26.513124 8.756344 -11.184702 2.0420897 -3.080076 -3.9320598 -4.8528028 0.34737498 -10.159843 1.7640829 -12.265186 5.4914207 
-429.58997 158.89673 36.692047 21.105919 -11.695448 -1.9171647 7.265246 -7.2442584 -25.056 -11.236286 -9.812878 -4.0128446 8.044754 0.6396015 -8.313535 -1.4469057 -7.6256537 -4.18683 -5.2678075 -1.0427457 
-443.56042 155.33133 41.641132 24.080435 6.893983 1.7512472 -5.7577147 -2.5197513 -16.805716 -16.919909 -7.557188 -6.1749496 0.26692262 -1.2521834 -6.1871853 -3.538085 -5.472738 0.12417486 -4.9548306 -4.2343807 
-455.4684 180.66115 21.30366 40.346024 12.315041 -9.847252 -3.0039759 -11.496704 -20.802761 -11.97035 -8.407244 -3.8233833 4.9737406 -5.9647007 0.9974631 -7.6146383 -3.8974848 -3.3084266 -8.222802 -5.3588796 
-481.43372 162.7928 -0.37836826 40.481316 45.635403 -11.953616 -21.218536 -2.4967523 -0.54768395 -17.37418 -16.925951 -9.209049 6.8221836 -10.548318 -0.5662286 -1.880006 2.6357503 0.40713632 -5.0488276 -3.3795834 
-468.7493 144.45424 36.638016 70.33655 19.80009 -15.714186 -5.033049 -0.6818116 -24.941315 -7.2864304 -18.426582 -10.971971 -10.468945 -19.255394 -0.7477638 2.748006 -13.838642 5.809556 -1.1553798 -3.1780803 
-422.7983 120.56353 26.677921 70.49847 21.362871 -11.628376 -18.721907 -2.544182 -15.29686 -15.725191 -15.43081 0.8344416 -0.6604682 -8.699818 -4.817008 10.439698 -0.1952139 -4.751979 -8.260702 -1.673236 
-416.10013 88.35611 40.400826 57.78546 12.528706 -3.2914972 -21.4641 2.165245 -5.9479647 -6.7368298 -11.116542 7.4373727 -0.036755033 -0.88436115 -13.339695 9.241924 0.6543216 -5.6904306 -15.814311 1.5011086 
-446.2424 170.00179 11.766856 61.574905 19.423347 -18.025076 -16.904537 -19.060295 -10.67244 -2.0530555 -16.261127 -9.7460165 6.0308347 -6.013692 -7.1403165 -7.286399 3.2577927 2.0502977 -9.894669 -4.8010135 
-431.33502 101.338326 39.10414 69.799164 17.88853 -3.437911 -13.398533 -2.5270586 -6.1691675 -10.544514 -20.752508 6.119667 -4.9211197 -2.9904299 -10.428723 6.239709 0.64325684 -0.5142423 -12.72778 2.226762 
-493.3219 166.8876 20.389326 56.869213 11.014082 -0.7924867 -7.011835 -21.095964 -17.406149 -0.3596436 -17.14294 -9.08993 2.976853 -2.5458775 8.149385 -7.6337824 1.355182 3.1842656 -8.678322 -2.0271711 
-486.50433 127.37929 65.54706 29.588846 14.398213 17.792534 -17.935326 0.8917277 -11.973827 0.06316768 -11.325919 -5.171721 -2.226538 -6.4805517 -2.4532084 5.864605 -5.4918036 3.2642524 -8.942718 0.95057553 
-451.9465 109.55374 67.06229 24.446836 19.82149 20.075287 -29.399923 3.922743 -11.73722 -0.71326894 -12.446449 -7.665766 -1.2514898 -7.286194 -1.5405643 5.0943356 -11.511109 4.538391 -8.386952 0.13730557 
-478.78482 141.62335 67.38556 32.33618 9.656554 26.482563 -25.004494 4.2719617 -22.997986 -2.0624685 -12.038617 -10.423901 0.36178577 -8.23435 -4.200941 2.1759567 -4.5485425 4.5638404 -9.371232 -1.5743353 
-562.5284 172.40887 32.528362 23.246284 8.465878 31.262783 -4.443871 7.4206357 -7.4632535 11.226781 -8.455247 -6.869589 4.149846 -10.169847 -5.184472 -2.9753144 -1.411396 -1.6224266 -4.125355 -4.207492 
-549.9192 164.02516 22.504997 37.91221 20.065922 25.304405 -17.03042 6.64239 -0.98592174 10.986111 -16.011803 -5.3034563 4.3083887 -6.5146875 -6.8984203 -1.3933504 -4.617324 -1.58421 -8.88211 -2.7480824 
-539.7198 157.22597 41.908775 27.509695 17.893898 18.509384 -10.27398 2.853736 -0.87627345 1.5560557 -9.520255 -11.895911 6.051382 -8.005098 -1.3946503 0.18915004 2.837428 -2.5436068 -6.756751 -1.3012286 
-385.2765 158.45593 3.1268497 36.09636 42.444004 -26.434843 -25.334232 -13.397492 -10.882626 -11.76629 -13.101888 -0.18427351 9.215033 -4.2527676 1.9820094 4.6494093 -3.6993124 -7.6770816 -6.594305 -11.79271 
-415.89517 164.2164 22.864899 12.733516 10.1837845 -6.9218183 -0.16393396 -4.7061515 -18.918556 -3.5343497 -6.6787014 -1.6528562 7.1759653 -10.962879 -3.0184395 2.1041446 -16.41848 -6.275362 -9.488152 -7.977685 
-411.85706 124.076035 33.419483 30.787863 22.784355 1.8874955 -12.829622 -6.917221 -10.064193 -5.8427167 -15.236337 5.662007 0.27302787 0.4007535 -1.1439872 -8.111863 -16.740862 -3.072909 -14.763295 -11.642727 
-417.4841 183.88443 6.036652 23.205479 28.06356 -15.592311 -20.98918 -21.080282 -15.130288 -4.5902853 -8.979565 -1.6940857 3.0156422 -5.503091 5.053206 -6.0783477 -14.728947 0.17376068 -13.237353 -7.821623 
-402.90454 112.529465 48.247253 42.171497 17.671045 7.807032 -20.305044 0.7782477 -17.992855 -0.32771882 -19.542501 -8.950779 -11.198206 3.9718373 -11.059528 -2.0900798 -4.4154325 2.8232336 -7.0080633 -0.38633877 
-401.97733 106.332115 44.757126 27.132137 13.634355 15.757963 -17.219337 1.3931106 -14.841939 -2.0031595 -12.454538 -8.399101 -1.8663764 0.21042973 -3.6553853 -0.46126884 -5.6586003 5.6713133 -10.476084 -6.227766 
-437.95035 144.4314 28.95085 39.54139 23.169376 3.329391 -13.607267 -13.423304 -8.320786 -7.7757807 -12.178547 -11.607294 1.7700921 1.0563716 2.74893 -4.4102097 2.8224814 8.983334 -10.012508 -2.7905443 
-548.91907 157.60536 32.496994 38.14461 11.241032 26.325188 -12.159123 10.172648 -6.150251 2.7716484 -13.790705 -6.0613065 -1.3792523 -7.0532784 -5.190075 3.1702764 2.2975235 3.4094918 -8.053479 0.047666177 
-467.22684 166.99902 11.051963 46.329407 32.482315 -13.201854 -16.381475 -7.0584097 -7.9764233 1.4266063 -3.9548726 -6.2732997 7.9066076 -8.085601 -3.6144655 -4.4123735 -8.042393 2.3071585 -12.796678 -5.3715286 
-420.98706 139.85275 4.267276 49.724422 23.037338 -9.514049 -13.167309 -9.364214 -11.285939 -8.312365 -8.056635 3.2351236 2.598501 -8.588903 -3.9055104 -1.4272808 -1.2759267 -3.5665414 -12.932951 -8.265096 
-457.91443 146.25381 33.790382 30.041433 34.862385 -7.716276 -5.810096 -10.776695 -6.1525707 -5.39482 -8.434254 0.41597673 -0.94814426 -6.17013 -2.3317864 -6.3376307 -3.4059772 5.245195 -11.935922 -3.306961 
-455.9052 119.26266 45.540836 52.1911 28.74721 -19.916176 -11.384634 9.310749 -20.254375 -2.5458934 -20.028542 5.2077127 -1.9812914 -14.209968 -0.5925967 4.736594 -12.956643 1.264367 -10.178574 3.1844072 
-417.6215 94.33357 11.040406 61.401104 46.885944 -22.352365 -13.305302 23.491993 -1.616151 -8.799286 -11.881338 -1.0872583 -5.209025 -3.663264 -8.678251 1.942514 -8.552939 -0.7069251 -13.91737 -2.6012511 
-503.139 133.82294 10.7725725 56.836594 28.779375 1.5489631 -15.943449 19.871567 -1.3992107 -0.33102137 -7.999359 -4.4217815 -3.1907818 0.853179 -3.8135655 1.0873407 2.335083 6.2647624 -11.292569 -3.4130964 
-578.00604 167.52654 37.97446 33.81975 14.456471 28.771019 -12.168987 13.0537405 -4.3022623 6.145519 -11.59741 -6.2455583 -2.3974392 -10.013379 -5.566998 0.120497175 2.3324099 0.43083125 -11.28961 -2.5213308 
-569.6521 174.10143 42.982388 30.014248 6.2075405 28.301268 -11.057265 15.822086 -4.4283447 6.4874053 -14.867813 -2.654805 -0.9764227 -7.6432343 -3.4146345 2.7245038 -0.23853329 -2.823525 -8.411128 -0.031272307 
-500.9349 147.72862 36.765385 64.44196 18.823196 -17.550692 -1.6290889 7.1744275 -22.976738 -2.1929207 -16.690334 -3.47503 -2.0356884 -20.233072 5.7604685 1.3187165 -10.533045 3.8287435 -6.1341033 -3.4697387 
-418.82742 117.28952 30.376823 61.087383 16.539625 -14.127484 -13.485119 -4.5540977 -7.468822 -15.522454 -11.231846 -0.7776465 -0.7912606 -7.4053082 -5.0894313 7.202152 -5.486315 -3.232089 -7.4371576 -1.7520185 
-387.72888 111.94992 34.249172 47.86582 6.832239 -0.30987412 -19.964344 -9.989341 -9.643415 -3.111667 -14.756965 -0.5556214 4.9609485 2.1341822 -7.042438 1.9570249 -2.0963092 1.0513811 -11.991532 -0.9626857 
-469.15143 187.35916 32.7455 33.025562 -15.094811 -12.919155 3.505158 -0.23981105 -12.582378 -4.287305 -14.831735 -14.940282 9.267811 3.280817 9.9373665 6.7168264 -0.4208187 -16.160898 -14.029163 -2.609062 
-496.72232 201.61961 36.874763 21.049051 -9.483882 -4.008018 2.4943495 1.8024818 -17.584986 -5.1140676 -9.821093 -4.9202576 13.853843 -3.9881957 3.0029972 -7.0364575 -4.252413 -9.203789 -10.468926 -2.3911543 
-584.1138 171.67053 39.02935 27.857872 6.010429 25.64007 -10.238144 11.247663 -8.298401 3.2989128 -7.007845 -1.2141416 -3.176154 -9.272614 -4.5376143 -0.07061928 -3.3221781 -4.958289 -9.921733 -1.2038985 
-547.59656 161.76768 38.54215 36.938698 10.665335 17.079756 -10.494599 0.33651352 -8.592668 -2.2331336 -11.66863 -5.792278 -2.8812807 -10.130273 2.331221 -1.2057072 -0.69922566 -0.6040602 -6.4250627 -3.8276749 
-449.13074 116.58035 40.96837 45.770283 17.08152 0.7239219 -15.920878 -11.370684 -8.877252 -12.231494 -19.82123 -5.9127307 -4.9261804 -4.990445 -5.849032 -2.3794136 -0.71755385 7.168975 -11.500588 -2.2208319 
-403.16702 147.455 -3.1214163 71.79987 27.418858 -31.268497 -27.393885 -11.161085 -15.187144 -7.5224 -8.414436 -0.076693326 10.783313 -0.796582 -7.570382 -2.5770156 1.2526641 -4.549162 -18.14957 -8.589811 
-443.60492 162.84018 31.46865 49.324116 10.013221 -6.936674 -11.993265 -25.481224 -14.126804 3.305519 -6.7736306 -6.539625 1.8737493 -2.7677689 -3.8184307 -6.3057714 -7.0879297 -0.23666562 -9.175928 0.060636256 
-448.86423 112.51953 69.90189 42.952682 -0.43341053 15.953166 -15.128367 -17.872995 -7.6973743 -6.5645123 -11.921538 1.9684113 -12.080431 -0.45451227 -1.091586 -2.1778548 -5.127413 3.756163 -11.799062 1.3225636 
-429.55307 174.62881 17.262276 19.301893 -0.19643953 -3.728836 -5.2918468 -11.066885 -17.73144 -2.313713 -2.8354845 -0.0043554306 -1.4274784 -12.064907 -2.2777164 -2.1053839 -1.2570502 -0.41170156 -13.358308 -4.383071 
-444.4312 144.17218 30.036173 33.449127 17.056177 -3.7587128 -17.059488 -9.401116 -5.8222623 -2.0671167 -9.986607 -8.06829 0.3050696 -1.5243411 -8.113232 -4.13737 -3.3599582 4.789307 -14.464105 -7.6214924 
-444.9134 135.56932 65.900986 26.712582 -12.841114 3.260658 -2.5440063 -10.853506 -8.030292 -12.252862 -10.131137 -7.286536 -0.84493065 2.8816354 -4.1874075 4.4913125 4.3324227 -4.67861 -6.3858914 1.9524846 
-490.7558 159.92807 60.027534 33.190826 -3.7351828 12.0912075 -10.2594185 -0.1892484 -3.5403452 -16.80193 -9.371013 -3.3147395 -5.679602 -0.2231777 -4.4762297 -2.55712 -5.387643 -5.872433 -4.563299 -0.013378431 
-434.7046 160.46779 2.6350224 29.94533 25.336403 -14.052193 -11.496659 -5.325075 -1.935069 5.073256 -7.1159067 -1.3551803 4.608284 -7.0737877 -5.184053 -2.5046587 -2.357108 1.3479928 -17.72979 -4.356935 
-445.1614 130.6191 33.505173 50.724052 23.698198 -8.755713 -16.667208 -2.7327015 -5.0390778 -7.4775085 -11.714938 0.27369595 -1.6915338 -3.1305878 -11.014057 0.3462961 1.7683519 2.5639212 -14.157043 -4.5242944 
-469.0547 174.02647 29.927294 30.4022 17.27694 3.375236 -11.876479 -4.606611 -18.29302 -9.3112335 -5.612374 -2.7867749 -0.6619129 -10.745348 -1.238754 -0.10368369 -0.047864836 -0.06146987 -11.626736 -3.9598367 
-478.72134 185.5816 36.61412 33.659428 4.1764455 -5.391686 -12.510279 -13.631524 -18.10091 -2.9421525 -9.86596 -4.3702664 3.3297796 -6.9128194 0.89263886 -2.282419 -1.1894196 0.74134845 -12.766033 -3.4383142 
-508.99695 143.3852 50.415176 44.33976 14.006132 16.192501 -13.771336 2.3675914 -10.235865 -2.5475295 -14.094558 -8.803036 -8.199281 -11.219336 -9.729443 2.2923748 -3.946659 1.0723544 -6.1160107 0.14664258 
-441.26614 151.53458 16.349478 67.34295 26.665731 -18.569492 -25.514774 -7.012785 -13.11577 -13.683338 -15.332299 -7.1271186 8.441602 -9.058793 -1.8121436 6.6919208 -0.5165298 0.23526117 -9.482255 -2.9772928 
-451.60803 175.46889 27.358406 13.994359 -1.9985902 -5.115023 3.5889604 -1.632408 -14.611167 -1.1397655 -11.175228 -3.8875444 6.9989233 -9.470571 -4.3610544 1.9363267 -10.5390835 -4.851886 -13.083468 -0.63542575 
-500.25662 172.97081 29.424107 20.506014 11.438928 4.03904 1.356965 -5.0237174 -9.222009 6.739146 -11.255802 -8.914622 8.159695 -6.793347 -1.3367672 -1.8032775 -3.8254204 -3.6286952 -3.695192 -2.1830204 
-510.16705 139.72572 10.655299 47.536633 28.252872 5.8324413 -8.786874 2.6963718 5.9964232 3.774958 -17.088406 -3.4216793 5.437407 -0.19898129 -8.558822 0.9906555 -5.2975335 -0.4201549 -7.2090816 -1.0999364 
-467.10123 128.09177 21.097908 48.108974 47.494064 -8.73283 -22.661854 8.207871 -4.6533017 -7.796897 -14.996685 1.857411 -3.8922212 -8.035612 -2.6747594 4.830409 -4.645296 2.859097 -2.866567 -5.266724 
-466.8105 187.46931 21.691078 20.438913 15.03792 -4.1139274 -5.0595603 -5.8123584 -19.557491 -10.931124 -12.735501 -1.3680149 6.419425 -7.796053 0.34153694 0.51729846 -2.0379782 -2.2623122 -3.9267468 0.43979585 
-449.1143 170.93071 13.547588 42.28835 16.254814 -10.924939 -2.3832643 -11.704651 -13.14524 -1.5339122 -10.8825445 -1.0292497 5.3918896 -9.907556 -1.3107781 -6.4519114 -6.8361583 0.74467975 -13.609349 1.0623302 
-425.65594 112.38608 28.614872 65.07161 15.112003 -12.437275 -18.951036 -3.312414 -5.274243 -13.823608 -13.8588915 0.1795164 2.1913493 -8.491711 -8.408647 7.084814 -0.7632711 -3.7724123 -16.367096 -1.4971281 
-456.6086 184.603 10.167646 35.956654 23.844479 -14.632058 -18.785927 -17.9571 -16.721375 -7.238338 -3.0626504 -5.4825096 12.387885 -4.251791 -1.2836176 -6.6109195 -5.5460234 2.8970063 -11.0162735 -8.482313 
-492.2772 174.30713 14.862329 41.756157 25.111904 -11.828477 -15.4397545 -0.09275564 -8.701996 1.0521084 -4.8851027 -6.8248396 7.8066473 -8.339284 -4.2462354 -7.3730445 -3.5802774 -1.281763 -10.31677 -7.5222983 
-474.0 162.94423 16.58883 50.86583 21.363564 -12.587628 -15.175785 -5.69477 -5.3871408 0.69826335 -14.385607 -6.966735 0.4912726 -8.588169 -7.9376273 -8.382796 -2.693607 0.36204025 -17.144411 -5.755236 
-467.71707 195.16803 6.6190763 32.528492 43.15895 -7.371046 -36.74054 -22.567495 -8.608905 -10.131483 -8.814625 -0.15102808 18.737328 -16.78473 1.709928 4.3002925 -11.893497 -16.04991 -3.718151 -0.77841294 
-558.0559 175.92023 26.67311 32.790947 28.870155 23.2558 -19.124357 7.757578 2.5666971 2.0386047 -12.346559 -6.4034996 -1.501143 -8.707484 0.43812248 -0.33549982 -1.4270425 -2.7819471 -3.304246 -1.6495337 
-579.867 175.8699 34.85312 35.222515 20.043858 28.308426 -17.558903 13.8940115 -1.8171068 6.3623157 -10.750811 -5.2630863 -2.9946976 -6.4214926 -2.5698898 -5.902737 -1.9781908 2.4174845 -8.076591 -4.414464 
-528.3802 182.95749 48.77814 20.91698 9.4683695 9.522536 -7.7844443 -4.153519 -8.688911 -2.9137638 -7.671632 -9.443601 2.9049864 -7.046959 2.5591223 -2.970189 -3.1918259 -7.6487722 -8.617656 -3.436817 
-458.79828 136.80385 51.284763 28.539673 8.582001 9.01362 0.29400113 -7.927758 -12.279083 -3.6618414 -11.340334 -1.1814053 -1.8568243 -8.668933 -1.2230123 6.161369 -2.189499 2.1459334 -8.355175 -1.1359085 
-480.66525 181.79048 36.869766 30.548025 -1.9073148 1.2675121 -4.3065457 -5.0284224 -19.574371 -7.2480216 -16.491365 0.3366625 2.475829 -8.799137 4.0551023 0.047472 -3.4828026 -1.1635954 -6.273444 -4.950485 
-481.65125 169.07062 30.59299 33.97066 9.247377 9.14141 -4.969441 -7.40119 -19.356028 0.54157126 -14.249028 -9.104024 3.4780748 -9.47631 -4.958042 -1.9640355 -4.709508 -0.29451126 -9.858562 -3.521619 
-470.5267 107.99336 72.280815 26.013092 17.496437 25.99516 -27.973501 6.781547 -16.142036 -0.3325957 -14.412518 -13.318945 -4.0944114 -7.337614 -3.8995106 0.7348985 -4.9501834 6.1458044 -10.513018 1.4208131 
-533.80975 153.57414 57.774475 40.299095 3.308379 32.958298 -15.920803 -0.47849116 -6.8839536 -6.86853 -4.1358576 -7.1931195 -3.800153 -2.9792187 -4.879765 4.241453 -0.6143263 0.5188639 -1.7527595 -3.2648816 
-468.35574 123.98253 47.448322 28.864702 24.508577 8.236022 -22.443031 4.197801 -11.3408165 -4.623831 -13.561189 -6.03495 1.7822558 -1.7309675 -1.1557347 -2.122839 -2.3894048 4.9065876 -10.77357 -1.781734 
-450.29593 138.97917 43.614063 32.12654 17.59748 1.1095655 -19.089611 -10.482731 -17.55343 1.1609579 -6.745774 -9.847986 -2.532949 -3.1497133 7.759285 -1.2598042 -4.2689753 6.6699014 -11.284591 -2.5731258 
-481.827 121.200615 67.492294 30.607979 19.17047 21.898865 -30.271881 5.316536 -16.973467 -0.39487866 -12.88584 -16.56199 -4.2447886 -6.1953974 1.0242283 -3.7471704 -4.6131964 11.43868 -9.592871 0.522483 
-440.10632 135.78139 23.363636 26.445473 26.36782 -12.841699 -21.638369 -2.5491295 -12.469467 0.8285611 -7.290511 0.5635463 4.294202 -4.9945164 -4.580098 -3.8483806 -7.1261845 3.728519 -16.109398 -0.104321055 
-464.16232 149.97957 40.017715 34.009304 11.729814 -13.598117 -5.4434605 -8.629425 -15.481038 -3.2597036 -18.566982 -10.6589575 8.133446 -0.016993152 -5.264419 1.9760988 1.1850886 -4.0585804 -13.057789 1.4398545 
-473.40164 108.90937 78.751434 33.059345 -1.2068899 24.450676 -10.781667 -4.2902503 -6.6897464 -8.409993 -12.252498 2.0594218 -13.485927 2.0638194 -8.879764 5.8286014 -4.2186327 -2.1795044 -5.18944 -3.8391008 
-499.31528 158.74574 36.73794 36.374287 13.40823 5.2866673 -14.642778 -12.319946 -16.246407 -9.1648655 -2.7633936 0.5620458 -2.9487362 -4.6116266 4.777113 1.2112948 0.91928315 -4.629783 -14.732025 -6.237408 
-542.66187 165.46487 45.000023 29.07347 10.3971 13.219249 -7.4127927 -5.5605373 -12.780659 3.5417175 -2.0931194 -5.91965 -1.715543 -6.604006 5.5197396 2.7860918 -1.9619969 -1.8325007 -13.176194 -3.3756347 
-551.34094 161.37285 48.240807 24.738123 15.7416115 15.951992 -22.257895 4.298714 -10.606247 4.0200124 -12.795376 1.2032146 0.527693 -4.15048 -0.23022917 3.3436894 -3.637613 -3.922989 -14.6127825 -0.42796797 
-478.47336 157.37784 24.890585 25.738243 20.540928 -3.1594455 -7.4201083 -1.9297795 -8.036215 11.530175 -7.6648235 -3.6842487 -0.5037639 -6.462207 -10.137261 -3.1368682 -6.2358646 2.6378565 -18.280369 -5.501635 
-539.54803 136.03656 81.18318 9.758623 28.537706 19.393738 -10.317194 3.7356534 -14.037547 11.049491 -19.989855 1.0937377 -18.480097 -2.5158966 -10.721439 7.2222347 -7.9840884 6.6260514 -11.964642 6.139282 
-578.3848 163.50182 39.915726 30.3251 17.399132 26.778885 -15.933661 14.597897 -3.5313053 1.0374353 -9.527105 -1.6890731 -7.468847 -11.345867 -0.43014902 3.990284 -7.1632886 1.4300834 -8.741078 1.8480659 
-596.9995 180.09999 45.141666 30.134125 9.467557 38.570755 -11.258534 15.150776 -4.8051276 7.8893104 -11.610731 -5.19173 -2.137419 -7.326405 1.2790489 0.51218486 -3.318971 -3.2725327 -8.453087 2.1406589 
-590.0093 168.78998 42.351624 36.995808 5.1906366 30.445456 -6.5294795 10.378087 -6.894959 3.8411381 -12.277839 -2.081208 -8.620163 -8.871963 6.237722 -1.2588291 1.4426624 0.7893355 -9.221147 1.367675 
-587.062 154.59517 45.80771 34.075287 11.550277 24.290625 -11.185974 5.064467 -5.0645156 3.862809 -8.925803 -9.580749 -3.1508064 -9.168714 2.6800995 4.7474256 -0.26615334 -6.2061906 -11.82166 -0.3723134 
