-371.9561 142.86804 10.056085 34.923145 34.164364 5.426685 -2.3410742 -5.3331137 -8.392126 -5.55197 -8.795949 -6.67776 -4.7943935 -10.610101 -10.923754 -4.4003825 -4.8478355 -4.283233 -4.5618215 -12.535234 
-337.86356 131.09863 20.680183 32.676132 32.493027 10.535398 0.8325227 -7.998461 -3.74354 -5.5866313 -8.056212 -9.692943 -9.483756 -6.122905 -7.7113705 -4.995128 -5.92526 -4.878866 -4.840298 -6.872564 
-431.1564 130.7088 15.422573 27.773891 13.158454 10.618778 0.78293484 2.994546 -5.6187434 8.446473 -6.6424084 0.44968265 -6.9173093 5.128726 -10.517743 1.0433992 -7.674021 -0.039308786 -7.554052 1.2815154 
-379.59714 135.66618 14.613301 28.111708 16.03199 2.6682901 1.9705806 -3.9571562 -15.398375 -6.80237 -2.6620512 5.8989835 1.3483188 -0.06857877 -5.0996513 1.013907 -7.2837133 -2.3330004 -5.8206553 -6.123057 
-224.94147 116.4182 8.271655 33.710686 11.821437 2.6074362 -5.3350673 -20.634892 -47.68015 -12.418157 -15.294743 12.339266 -0.2643081 -6.8735123 2.183014 2.456 -13.193351 1.7138188 -6.423773 -21.975203 
-231.33295 41.1129 36.511795 56.759495 19.159 5.8268323 -21.170858 -1.8784858 -19.292171 -7.625345 -25.354807 -1.705556 -10.315752 0.42672524 -11.814098 1.9820077 -15.286425 9.887484 -13.07023 -11.584077 
-258.25354 106.04072 15.73496 35.75298 19.758074 4.464787 1.2180024 -18.09581 -33.121838 2.451822 -19.356459 0.8383752 -15.59559 -1.2885875 9.913383 2.31168 -14.448298 14.332243 -3.6241705 -11.133015 
-270.83215 173.83488 44.43654 24.309837 1.4210731 -29.71578 -12.70438 -15.947666 -29.945274 -14.978378 -24.494972 0.266557 -1.8420838 -8.140803 -4.6292996 0.32684857 -10.463245 7.55777 -1.4572768 -0.22437212 
-246.54901 119.03551 5.1602664 17.571968 21.796684 -4.2994885 -12.404881 -6.880443 -16.096102 -4.144698 -13.060586 4.856191 -7.384588 -8.85074 -8.665395 -0.53340816 -13.866787 2.277882 -7.757586 -3.0323067 
-247.94987 119.43591 24.737514 29.021498 28.66584 2.6986625 -17.87873 -11.716383 -29.100792 -5.080052 -16.623167 -1.2444504 -17.160248 -0.38404688 -6.3892016 5.1444545 -20.25112 4.343489 -2.347331 -8.707925 
-234.19347 177.53357 -9.757233 19.137814 13.469601 -27.807518 -3.3141303 -17.862778 -50.41714 -2.102107 -9.552244 0.8242031 12.434857 -8.838099 -17.775475 10.696825 -12.23395 0.820592 -0.89721763 -13.705201 
-295.70047 178.30132 24.783638 22.866888 -0.0796228 -22.129429 2.2663462 5.360258 -41.081528 -12.6545105 -22.288723 -2.7889743 10.796153 2.7353354 -7.1660266 14.747089 -19.418465 -2.2615695 2.292449 -14.241756 
-349.98526 180.41173 53.38597 38.81792 0.03672674 -23.688725 -15.937156 -16.95972 -21.9857 -4.507681 -9.236684 -5.8639855 -0.9757648 -1.5730586 -7.465772 3.425727 -3.1135852 0.41117063 -5.0921817 -2.3332655 
-363.43182 192.00677 39.31347 25.051565 -3.538825 -14.526647 3.436061 -7.1239285 -24.897276 -14.54887 -17.387184 -7.866357 3.6937168 -0.78167367 -6.8238854 10.03791 -5.5878263 3.0276184 0.05941367 -4.8450503 
-352.19043 127.95675 12.908556 44.844154 27.20488 -13.872487 -7.595036 -6.9529505 -17.180815 -9.30126 -25.005568 0.7331443 -5.198866 -9.42996 -4.5985484 4.5534835 -15.247173 5.0833874 -8.26615 -3.7079718 
-251.48828 110.35079 7.36477 33.085957 22.708605 -3.764381 -13.690337 -14.126194 -34.91826 6.3432217 -14.9635515 2.42599 -14.96715 -1.2321864 -0.5987515 0.32556343 -26.109127 3.9407136 -1.9350575 -5.975723 
-295.85202 72.66432 30.526485 55.070915 33.805595 1.9820238 -29.826439 10.008114 -22.999002 -3.8425817 -23.61453 -8.570574 -9.908231 6.7239523 -19.335495 -2.6394413 -10.378962 0.60308975 -2.4452467 -13.168557 
-297.1842 118.422905 16.921736 41.68477 37.602123 5.42281 -25.837843 -8.83582 -16.2943 -4.7796173 -26.858389 -9.068821 -5.657019 -0.6901579 -11.10757 9.287916 -12.802433 2.4411268 2.9548504 -10.021472 
-309.7232 167.53961 0.44959557 36.167328 44.974495 -11.366642 -16.557259 -27.293922 -21.402102 -5.1834893 -25.524652 -7.561521 7.5253677 -6.702138 -8.439218 15.372662 -15.263323 3.4561005 0.07223376 -4.9893155 
-428.8853 142.92142 18.534107 45.775356 21.792208 6.8494787 -6.5348115 -2.0661664 -4.236706 0.73838717 -13.9376955 -3.7892125 -4.838855 -6.2062407 -9.908415 2.5534716 -10.598036 -7.042941 -6.362547 -3.073141 
-447.37305 128.69028 11.545875 31.608229 16.366665 13.859109 -2.7337668 -1.1581304 -4.2942867 8.36 -8.558641 -1.7345471 -2.8246043 3.5029542 -8.057296 3.4617333 -9.432388 1.0052701 -8.337864 -3.3518007 
-361.3861 165.73697 -0.12540886 19.268986 9.185289 -4.891372 -4.1532493 0.20980062 -25.852932 -15.084 1.3909907 10.21511 9.227537 3.7940052 -7.548304 -0.7345775 -7.573374 -0.3658665 -10.091874 -7.815251 
-270.22742 115.83775 19.274218 20.634533 28.290157 5.3105516 -17.896675 -1.2027204 -44.792023 -8.887661 -8.022358 4.037241 -8.755543 4.686434 -4.286806 9.334905 -4.2295074 -6.1882606 -1.4727929 -8.714413 
-315.32303 162.38054 5.1245084 36.551334 27.106346 -3.6255503 8.791594 -9.844263 -33.638596 -8.842194 -17.90607 -8.069302 -3.0457344 -8.107197 -4.8566203 14.174442 -12.481322 -0.9748636 -0.16839308 -0.79890746 
-402.93683 172.23053 42.262737 41.33206 13.012222 -1.2097079 -4.898142 -12.721695 -18.310398 -12.59646 -17.020905 -9.687256 -4.305217 -4.5489216 -5.491388 1.0047259 -5.5985336 0.22164471 -2.3020527 -3.1900077 
-319.37024 130.20236 11.501041 24.062614 36.5566 -2.1072936 -7.92304 8.280094 -40.27324 -11.368908 -25.048912 5.063427 -9.620278 -1.7151521 -4.7412443 6.4446144 -4.0874176 -4.68436 -2.2829697 -10.744469 
-347.52863 138.59364 45.90031 26.264198 21.838964 -5.3502035 -6.8227234 -11.407431 -25.008453 -7.3393383 -17.430353 -2.770079 -7.7968345 -2.0518847 -14.4856 0.97678787 -7.70677 -6.282338 -2.4003444 -7.3324704 
-398.70145 123.311646 38.153976 24.184479 19.049374 5.138109 -7.201988 -1.0332818 -13.395169 -3.2314105 -14.089898 3.26619 -5.458402 4.051977 -9.094137 3.4529884 -3.3492591 -0.11874136 -6.983471 -0.8663396 
-334.33435 101.03445 29.356466 33.568497 23.75272 6.5003905 -12.175266 -4.6972113 -22.275496 0.80683637 -17.842657 0.52069926 -16.14213 -1.8675246 -7.6516323 6.172312 -13.2134285 -1.4875579 0.020550873 -7.853208 
-270.65973 162.24783 3.5834384 5.7667866 20.068626 0.107626595 -5.475454 -12.7563505 -27.498226 -18.455175 -11.133427 -0.05351697 -10.147093 -3.397497 -7.328781 2.7997813 -17.017365 2.16608 -6.3141513 -1.2737315 
-274.05756 120.76876 27.788382 24.062504 17.152445 14.988035 -9.864843 -19.679417 -27.658028 -8.148173 -18.814243 11.693135 -4.777469 -11.379457 -5.792881 11.028874 -23.610506 0.027016005 -0.7249721 -10.383879 
-307.3628 89.94322 43.458794 30.975695 5.3673387 16.27018 -6.965161 1.7833691 -23.643766 -6.272393 -23.889597 2.4241192 -6.8462534 -5.441561 -8.415776 5.9477906 -3.7706194 -2.8058643 -4.0584826 -3.2248719 
-394.6063 151.08331 15.284363 38.044415 15.161514 1.0525786 4.5377555 3.1920693 -11.645382 -9.353632 -17.307848 -5.1659055 -1.647048 -5.6367 -3.7528543 2.2889555 -8.643054 -4.557337 -0.7327099 1.8913171 
-320.77817 147.51865 26.045475 27.68692 -5.544481 -21.057274 6.831509 3.0729742 -25.336464 -17.107292 -18.359722 -5.0102196 -1.0144278 10.226516 -4.94813 4.6961546 -14.5571575 -5.6118526 -4.4525642 -17.228651 
-296.27795 125.916435 20.542606 31.614742 30.111168 -2.8396916 -14.903154 -9.516499 -13.484495 -7.447535 -21.91266 -2.613734 -3.1245012 2.9691153 -8.459672 3.9721756 -13.956672 2.7702358 -7.4759345 -10.871103 
-280.18445 149.98026 26.469753 33.139374 17.295479 -11.1778345 -14.844247 10.304452 -23.727772 -14.310878 -18.45768 -1.1875482 -2.6967669 1.0688156 -1.189517 -2.4980414 -9.105799 -6.999617 -3.9003346 -8.381339 
-390.03824 167.36151 34.80114 35.216427 1.4155921 -14.264086 -12.747713 0.50830245 -12.503958 -3.1360836 -7.011624 -0.3659129 -0.31821457 2.4584997 0.34628358 7.7720633 -5.440073 0.37201533 -9.255991 -0.8908002 
-388.60812 185.53831 12.564207 35.430225 18.6628 -8.611544 -8.835915 -11.325993 -20.713009 -15.477383 -21.035381 -2.8798337 4.073315 1.9475068 -1.0515796 12.096363 -10.161805 -1.9034508 -3.0381463 -3.4916859 
-290.12054 151.09839 -5.7352695 16.942043 29.329576 -7.5838647 -9.1616125 -22.137182 -26.755611 -2.4917765 -11.277562 4.6303926 -7.64907 -4.6165853 -5.129665 5.3111024 -22.683859 2.6682167 -6.132487 -7.086925 
-291.36618 71.14454 48.207886 51.15984 16.307793 22.492933 -20.935274 1.1553328 -8.578443 -8.813211 -23.999044 0.4540859 -12.042182 -2.3983579 -13.090523 2.6087146 -12.096813 5.051985 -3.2220612 -10.283865 
-335.4919 136.4625 35.818623 36.014244 20.463203 11.490725 -15.682321 -10.118511 -17.477938 -8.048283 -25.231224 -6.1533585 -7.813652 -4.6969967 -4.304001 6.9446564 -11.271724 -1.4747052 0.7444244 -2.060359 
-286.03775 184.38982 9.668204 14.779916 9.64555 -24.83997 -21.950756 2.0656595 -16.064669 -16.779026 -13.538105 -11.019001 3.8177736 4.919235 -5.859739 5.600639 -2.6685781 -0.87462205 -7.039892 -9.715394 
-372.08774 123.477325 25.763874 13.845174 27.475065 4.9234247 -17.832115 9.920376 -7.7855463 -5.8333964 -12.170676 6.9361095 -4.8364377 -1.8907433 -11.8954525 8.619694 -8.549443 -0.99916077 -9.442093 0.9624943 
-315.73856 156.30215 12.495331 7.0604987 37.645935 5.2250733 -24.69057 -7.6752768 -14.720958 -2.7778902 -8.712087 5.5751643 -12.3925085 -6.7920904 -12.4091215 5.831104 -10.9370165 -5.018821 -1.1647179 2.0244143 
-347.67938 147.93155 30.041073 45.869987 31.522339 -3.5624738 -17.884054 -8.992282 -10.293372 -5.642713 -22.300392 1.1033955 -4.6835885 -3.9206555 -7.50816 0.94384223 -12.513796 4.8570957 -4.239763 -8.722931 
-311.00412 160.17587 18.931414 25.785921 -12.016057 -23.22288 -6.422456 10.311872 -26.40657 -13.0996275 -10.863575 0.6737948 0.36508137 16.491556 -0.7609782 2.110561 -4.5385942 -5.23588 -7.376176 -12.978455 
-403.4545 116.94732 16.15056 23.397701 6.8672085 13.110611 -8.6675825 4.225672 -6.6232715 3.9846044 -5.921288 1.7704064 -7.401932 6.1758227 -9.299442 -1.4880782 -3.4820511 -5.5117455 -6.6279736 -4.6727734 
-436.54224 130.11668 10.977312 25.511438 8.178443 12.583988 -1.6403465 2.2432406 -8.627068 4.11964 -1.6421494 2.0046558 -2.6930962 3.6203058 -6.5029283 4.0655293 -2.0693 0.70678973 -6.830119 -0.7903569 
-384.5902 90.01678 24.630375 41.437157 8.713594 12.687266 -7.1443777 4.440444 -9.141353 5.789679 -9.777457 -0.325174 -4.3330483 2.3634317 -12.38659 1.8088976 -6.1221905 -1.6275514 -2.8759816 -2.5642252 
-286.15826 148.49602 33.089035 27.979378 6.462164 -6.040442 -6.3691964 -5.0464005 -26.90864 -10.854429 -17.998857 -4.470481 -8.447 -0.43285513 -5.3829226 7.239733 -6.70085 -2.1230946 -0.7205226 0.45466253 
-316.23547 171.59052 8.573284 23.180035 27.02593 1.8017728 -5.49391 -18.806412 -21.92506 -13.776012 -18.942139 -0.46423042 0.30151284 -10.874152 -14.287842 6.918213 -13.455608 -6.2420597 -7.2087193 -0.38909438 
-303.59793 121.55173 29.858625 45.026043 32.961212 3.975613 -19.78783 -12.126804 -15.140204 5.620757 -22.533419 -0.0592814 -6.325192 3.133341 -3.9177132 -0.8395781 -19.784018 1.1729331 -1.3318408 -8.172474 
-330.94196 74.03319 38.638245 59.115627 4.175871 20.30819 -20.274757 3.0612347 -6.961902 -6.132336 -21.389545 0.6568486 -9.806247 -4.645675 -3.9659839 -4.6980953 -8.071385 7.4790845 -7.515384 -9.943534 
-342.97928 106.27762 36.21919 42.7178 24.348206 22.015574 -24.626753 -4.1627274 -8.900887 -2.7367685 -23.808815 -3.298812 -10.47522 -1.308717 -6.3367352 -4.7861066 -10.177973 3.2477188 -0.5780413 -6.511279 
-343.59595 57.953354 62.252075 31.18162 9.101174 23.638454 -13.854261 4.98904 -12.290268 5.4481854 -17.998478 6.734119 -16.784767 2.873123 -2.4786868 -2.1502488 -7.910313 2.2211146 -7.329362 -4.8263717 
-369.73166 139.68721 10.82926 30.942007 34.136692 8.2866125 -22.33647 -10.096302 -18.526314 -2.6010149 -12.523867 -1.8605292 -7.830937 10.369011 2.897429 7.286036 -8.527334 -0.5518241 3.5383344 4.9351163 
-332.97397 101.65922 38.122017 25.79759 9.912212 28.934069 -21.176369 -6.3271346 -19.069662 -5.698242 -12.22996 3.981641 -12.085735 7.6920004 0.7982667 7.679475 -8.644925 -1.8848324 -2.3516328 -0.9800874 
-388.57513 145.97182 11.582664 21.282505 19.508162 11.974899 -10.508935 -3.3253758 -13.569768 -1.0189553 -4.0352073 7.2371273 0.73486835 5.33215 -10.275911 6.9910574 -9.686039 -5.6398935 -6.4031124 -1.2531328 
-400.97592 161.99142 6.009295 18.907307 -14.597866 8.483678 1.3133479 16.116102 -5.0939007 -10.996062 -2.0258074 1.3437219 3.6732645 9.383994 -15.189318 -3.3372276 -14.213827 0.29247054 -1.4665408 -1.466242 
-359.13846 180.1206 -10.219605 16.856844 20.030832 6.052931 -5.1898646 5.1803203 -23.813301 -14.52776 -0.1248405 4.1905413 -6.5859704 -1.3154788 -18.322395 -2.940671 -3.3971376 -6.6036487 -8.833959 -1.6777041 
-439.0238 154.58954 1.0344853 26.97526 9.590185 13.515519 1.5987718 8.3656 -7.0138006 1.0456567 -1.6233299 1.0650092 -4.610501 2.340491 -9.172028 0.27765137 -4.217782 -2.45424 -7.948493 -4.5520124 
-428.47424 136.15688 23.09478 27.544807 10.671873 9.345939 -1.0065448 2.6289952 -6.0283914 0.64451134 -2.8990226 -0.89046943 -2.7251463 2.262248 -6.0802245 3.9920082 -5.9938707 1.0941502 -8.895547 -1.9703285 
-340.30847 173.38861 32.793716 23.429781 0.16825305 -24.351494 -2.4694257 -0.34779307 -19.026014 -14.783659 -2.979203 -4.1119184 -0.7299721 4.3508224 -4.90728 3.7121577 -9.974089 9.193076 -2.754656 -3.8620481 
-235.40817 121.99344 5.2469974 23.896889 33.605015 -7.2604065 -28.076927 -8.189007 -50.38921 -12.113972 0.121115156 -8.176373 -7.648517 3.4104786 -13.307107 12.238272 -10.241169 -4.6181564 0.7241872 -4.5757623 
-279.2816 166.61852 -13.691089 4.5425434 27.494211 1.0756357 -11.534496 -7.748542 -22.980999 -11.890581 -2.281581 4.6479936 4.653103 -2.6471064 -13.079656 5.683643 -12.673438 -7.697631 -4.0016856 1.2073209 
-324.61517 156.6787 2.7570598 24.028793 30.31565 -0.13932079 -23.588253 -13.787115 -21.109886 -5.4120355 -4.655186 2.2604804 -4.652769 -8.339191 -7.7794495 5.3362236 -13.413763 -6.7541347 -2.2831292 -4.307372 
-296.4414 176.10185 -25.171907 2.839899 15.153192 -12.930792 -17.581966 1.5650262 -11.58658 -2.7659657 7.9388046 8.411452 -11.894599 -13.252812 -14.008125 0.34955275 -3.5447552 4.9456086 -2.0734982 -4.137121 
-430.41785 133.8465 16.720728 31.773003 7.1664376 9.958002 -2.1891568 5.571932 -11.701121 4.239939 -6.1367545 -1.7273444 -8.099384 -4.644611 -11.089535 2.436026 -8.113431 -0.21595463 -4.216028 -0.5259335 
-354.25552 170.60822 -10.284083 13.276503 -4.697189 -11.724709 4.3159466 19.363262 -16.539665 -10.395137 4.0243874 0.93955356 4.4764767 6.441391 -20.49667 -6.711223 -10.623447 -0.44794077 -5.0698953 4.2249804 
-332.36768 186.62355 -22.72338 6.6363916 13.263163 -2.6844757 -14.08668 -1.0503868 -17.357033 -5.8294907 14.161003 7.541403 0.39352977 -1.6899291 -14.898243 1.31564 -4.057591 -5.0398083 -10.671303 7.8887415 
-359.3752 182.05484 -13.8897085 18.131102 21.766747 2.6440551 -8.563001 2.3578773 -16.628489 -13.4809885 1.1014134 8.508032 -0.20136918 -6.194525 -12.086222 3.4686813 -3.855527 -1.988848 -7.6974206 4.3456793 
-393.21973 161.29846 7.7163935 38.24559 24.498138 5.444431 -13.477748 -2.9633617 -15.286259 -9.60004 -5.2351694 2.6876826 -5.384018 -5.80804 -4.684568 11.426373 -10.387768 -7.3092194 -7.885973 -1.1578146 
-380.51633 162.95148 1.9514285 43.826714 23.813837 -3.4603145 -8.748206 -7.9834538 -28.154966 -12.497253 -0.5280259 5.172782 5.343403 -1.9499469 -10.543758 8.916806 -3.18125 -6.567138 -9.673191 2.8599007 
-380.16748 173.47443 16.90404 49.385944 26.545515 -6.2139153 -3.0351136 -1.8460824 -24.071524 -20.223635 -9.620373 -3.4886584 -0.10723547 -1.5685092 -11.754957 -2.7370844 -11.512675 -3.2066214 -3.455306 2.312548 
-382.19147 111.253334 6.8032627 35.81459 18.828894 22.615719 -18.436434 3.7300432 -2.1700509 0.5580714 -2.5438955 -2.0183382 -5.2098064 0.9619003 -10.201563 2.664893 -13.855457 4.012618 -4.2003846 -0.42070854 
-396.2196 148.37665 -15.021281 14.47662 7.376459 22.41005 -2.4733734 6.7773466 -14.753505 -5.9756346 -3.5387173 12.33772 0.3509493 -6.445754 -15.865128 0.0829134 -7.6731253 5.6073093 -5.3984494 6.3040943 
-416.20337 158.5451 6.2902355 31.435642 18.40094 8.351238 -2.3050046 -6.290188 -14.010045 0.69102734 -2.8023865 -0.30527577 -2.3416486 1.0841306 -9.771794 3.8434045 -9.883942 -2.4212685 -7.1301093 1.8028641 
-365.3686 118.12554 27.631886 50.658226 13.593631 13.973697 -12.798763 -0.37102 -10.95496 -7.7715683 -10.921346 -1.668896 -11.624403 -1.4616482 -6.9411426 -2.0471601 -10.186498 3.0277817 -5.347518 -1.3540382 
-378.41107 104.14145 40.266846 47.190453 5.2264295 21.497215 -13.350781 2.1720345 -3.9368117 -9.589734 -17.631504 -5.2703104 -10.459186 1.4534243 -7.7914243 -3.1069632 -6.00204 0.19904144 0.7963838 -5.6301413 
-396.28302 146.09442 22.123478 44.042828 24.186378 11.9499445 -11.4924755 -7.83854 -13.518829 -8.252781 -14.809277 -9.628722 -11.514943 2.494671 -0.90287876 2.6517565 -13.157131 4.5656276 2.215096 -2.5794106 
-401.72607 161.80637 0.27466643 19.219734 14.128213 9.530951 -6.029153 3.5947275 -16.416405 -3.1167264 -5.155537 6.9257555 2.881824 4.782627 -14.826299 3.0436475 -10.297062 -3.564301 -9.705784 3.935137 
-408.997 130.48578 25.820337 30.419722 -9.502977 14.823734 -2.9063027 11.613865 -3.6233602 0.33063963 -8.927235 4.976486 -0.5863838 7.9981604 -7.7103357 -0.4658414 -10.14506 0.20934957 -8.394863 -1.8282471 
-422.3227 137.20792 20.96636 41.27805 7.076416 18.429539 -8.269913 -3.499085 -11.470074 2.3790305 -8.188717 0.6265524 -2.7028072 -0.43474612 -0.5935832 1.6093774 -7.450842 3.0297172 -1.8654687 5.356927 
-460.09564 142.18031 10.178416 36.16001 10.073265 10.934734 3.9607134 6.854854 -4.9830465 2.9604483 -1.5601463 -0.31541905 -3.5668547 -2.2956524 -8.921338 -1.0786576 -6.638719 0.46960157 -7.425973 2.237622 
-454.4349 140.48442 13.655369 37.613754 9.202099 10.353698 5.2305136 6.645437 -3.7084422 4.2339725 -3.2373118 -1.6679685 -4.231305 0.01870452 -8.532995 2.9542139 -3.95863 -1.1201777 -7.6763043 0.26945835 
-453.4284 142.80362 16.60993 35.93007 15.210213 9.74681 4.245389 4.0492697 -2.6919053 9.588622 1.4981682 -0.8073244 -1.5092367 1.0389258 -3.6867313 1.8056003 -3.632013 -2.01185 -9.283041 -2.3910835 
