-328.56244 90.47449 40.580185 19.330841 -8.248344 0.74316025 -12.185569 23.380436 -16.940435 1.189525 -1.9045415 -3.273733 -4.8851957 0.08373526 -6.7741 5.98289 -20.147133 1.5063224 -7.0296288 3.2173257 
-245.02325 166.3762 15.192529 8.545903 -40.341915 -21.04479 -13.165095 15.450787 -25.536707 -0.7983407 -14.818061 -1.6162667 15.462987 -12.38908 2.712519 5.9011517 -25.424673 0.9127629 -2.3430233 -4.974793 
-248.68402 159.49092 4.908516 31.596964 -4.600166 -37.959114 4.381969 -0.18661138 -34.690395 -4.743002 -7.311516 -0.43671027 -6.489318 -3.6496751 -2.4246988 4.181847 -4.806931 1.2056931 -1.7578484 -3.0657725 
-246.164 154.62355 -22.751503 40.85719 28.008034 -25.3364 -14.346013 -9.318157 -37.048355 -1.2671032 -14.836987 -6.22247 -0.30468327 -10.394768 -2.47306 13.309565 -19.203835 0.30462477 5.3798056 -6.204481 
-268.54507 161.61183 16.242708 34.229496 8.307346 -28.876774 -3.7802908 2.7022433 -48.283768 -6.8060966 -10.319962 -4.86281 -9.786538 -9.031072 -0.1278517 8.430828 -4.958994 3.8666704 5.168368 -5.309956 
-314.31027 153.26358 31.159267 40.385094 -3.5692406 -35.65844 -4.42043 1.9514451 -16.171995 -5.8386083 -15.256607 11.869392 -8.066232 -6.333872 3.5811598 -1.4434066 -15.29746 9.365499 -8.684307 -5.088869 
-243.11624 149.97906 -8.44471 24.546719 -2.3351953 -21.727436 4.538502 10.702153 -34.513584 7.325288 -1.3815122 -3.8132112 4.7188807 -0.74202186 -1.2200631 6.459594 -14.623973 3.261751 -8.502339 -0.90724903 
-296.75558 169.97943 3.063287 21.398415 -1.2826127 -11.860251 -2.5144005 4.7345834 -37.82924 1.4586053 -6.0351043 2.3910613 0.9553464 -0.85467535 -1.3441029 -1.1232444 -14.069619 5.2782903 -12.609874 1.9400736 
-292.5703 103.5541 35.19934 41.758907 -6.2521057 -0.5869267 1.7242107 1.4055307 -31.911587 3.4692621 -11.864048 12.040202 -7.8494864 -2.0617561 0.22061116 8.669739 -19.15812 11.611556 -11.493262 1.5813991 
-301.70517 137.36336 26.377842 23.498604 4.454638 -3.9906409 -2.4928725 7.938019 -42.666317 -6.012228 -8.461011 10.150283 -6.219175 -9.09112 2.9627266 11.384028 -6.6887355 4.107291 -6.246924 -1.2554133 
-315.31488 141.10468 10.3796425 49.772003 23.405367 -13.736473 -7.72711 11.700919 -42.906765 -1.4976959 -20.824144 7.717158 -8.260058 -17.462677 0.16761811 11.513332 -14.088155 9.750451 0.15173647 -5.2019806 
-225.69925 105.78378 0.46686977 39.82265 6.5625668 -2.7439837 -34.30671 -1.3669777 -40.823723 15.761785 -3.3327272 -0.86616814 -6.5299945 4.601254 6.2437763 5.4507427 -26.159868 12.108931 -10.519152 -9.483395 
-278.0849 55.247234 34.471092 68.12294 -4.7131357 22.415888 -6.066135 -0.05458 -39.893845 12.141412 0.79364437 -7.637363 -24.436531 9.971355 -4.6164823 7.662039 -22.759068 8.640843 -6.0506735 -9.665182 
-321.2145 98.07402 16.087542 73.42552 12.495731 10.507312 -1.6651845 6.4290514 -49.167793 9.297408 -6.732451 -26.591923 -13.985092 -0.93862426 1.8562075 12.2925415 -22.750053 9.829937 4.6587977 -23.551626 
-434.90637 129.40005 32.80323 48.571594 16.063751 22.290346 1.3720498 13.544708 -14.966015 9.14761 -7.627777 -4.9770746 -9.916643 -1.1072375 -4.6573505 7.7379065 -14.547148 2.0162902 0.955725 -8.47737 
-373.2944 110.56677 27.243279 39.24039 9.0867195 9.030921 -7.7135034 23.162518 -23.744717 -3.5804367 1.0442946 -3.1427 -10.113506 -6.7227173 -4.4894614 6.9465046 -10.509011 2.031778 -4.5397115 -1.5855237 
-261.21115 76.53177 27.526012 60.291077 -3.0228796 11.230471 -1.0423462 10.688248 -50.85867 2.3396235 3.5312967 -9.558309 -24.109764 -7.533309 -4.7197256 17.940163 -24.101606 12.924816 -2.9172945 -2.82695 
-328.50668 34.888657 50.673748 58.49212 -13.731925 28.867805 -5.2238793 22.686913 -26.512358 8.481371 -2.1412141 -7.685911 -19.501743 1.837262 -10.110033 12.799999 -21.693077 12.271725 -4.519894 -0.6001926 
-289.53192 132.85408 43.501156 44.44131 -23.620094 -30.13779 -9.795264 23.181026 -42.30131 -7.783823 9.025057 -14.8567505 -9.873432 8.124699 -4.127703 6.8896294 -8.24625 18.237957 -13.658176 1.2056676 
-300.49966 139.75351 9.473537 33.77919 -11.100878 -18.009314 5.433689 9.52757 -30.908867 -1.786226 -5.918231 -10.736426 -0.3690101 3.6669354 4.52206 10.739415 -7.7983975 10.512296 -6.878806 0.53491324 
-206.62006 144.3838 -12.815282 22.414366 -12.008471 -10.950804 -5.107474 5.8498073 -46.843895 -3.5013168 -2.2397015 4.5447316 -2.456645 -20.881659 -6.715275 15.324081 -30.249865 11.038598 -0.16731293 -4.8002644 
-222.81418 96.71186 15.102955 30.847687 -8.436071 5.0290937 -16.473625 7.46818 -39.79446 7.6939707 9.118103 -4.100382 -12.190719 1.9863515 -4.1312404 10.415383 -23.77491 7.067433 -6.9549336 -1.298696 
-255.39014 138.6353 -4.3713336 30.140585 12.771834 -8.163862 -3.78062 7.917811 -21.870914 11.4480095 -3.3218431 -0.9632493 -17.297056 -6.801637 9.53624 2.8841107 -20.361403 7.9957385 -6.5283475 2.6135983 
-265.60733 140.56256 -1.826888 37.212177 27.6493 -23.32849 5.1041946 -4.1460514 -61.520195 9.9699745 -11.208267 3.8677182 -13.249279 -5.3180265 5.2272906 16.78423 -17.368305 9.830708 0.94343925 -9.4211035 
-255.0451 55.493004 25.220076 48.14168 -8.5698395 14.668115 -18.39013 1.6606658 -27.243952 10.963962 -0.39622366 -1.0438691 -12.899916 8.345117 -0.97243 7.870669 -24.690208 13.245585 -7.2130075 -6.3331184 
-331.00848 52.435875 49.261475 55.534126 -4.2207203 33.892506 -7.051832 13.277064 -23.284002 1.4391704 -13.472738 -1.2005112 -15.1811285 -0.81190336 -2.7796106 10.144289 -17.348854 14.571974 -6.2860155 1.267301 
-411.22067 133.55824 19.495537 43.950985 25.396555 6.1698475 -9.933132 14.865068 -17.766602 3.599982 -14.896732 5.115339 -11.245716 2.1596537 -0.19483429 5.3932385 -10.602515 0.69799846 -6.691913 2.521819 
-415.8804 163.53432 26.21892 25.219822 -12.994738 -10.124721 -14.476003 23.609468 -20.077013 -0.7560723 5.410934 -3.8130205 3.0618439 1.1495109 -3.108856 -0.9870255 -18.616455 5.593321 -12.760151 1.2966671 
-411.75378 122.3881 15.48064 30.979366 4.357721 16.73937 0.41682875 22.061058 -13.507721 10.56612 -12.341667 9.588184 -12.327229 2.0805676 -12.861604 5.163352 -8.48948 -0.22668065 -1.9198532 -2.1784937 
-181.68034 139.82924 -30.108372 14.425544 -19.43621 -11.634409 -3.7392697 4.0191073 -47.934505 19.573309 5.4394555 -10.38345 0.451414 -25.001284 2.5592027 7.4600306 -18.866755 11.453956 -18.153713 -7.9745045 
-198.18996 141.73874 -9.714245 24.117653 10.825184 -21.693336 -15.156002 9.227923 -43.53155 8.405602 -9.740239 -1.1636566 -1.2830881 -22.12356 -1.7940142 17.179583 -24.928797 7.730852 -2.2231822 -6.331348 
-273.9198 169.33517 4.668075 42.105793 -11.439161 -36.686268 6.5674725 21.913223 -34.570206 -0.71730846 -13.016784 3.6348393 14.30288 -5.2668366 10.03499 5.9658985 -16.837366 7.7111883 -3.9617026 4.3448277 
-300.63516 157.43901 16.340807 21.793205 -3.812665 -24.198736 -3.2546825 13.064105 -43.195488 -0.12745349 -5.4011374 -2.1742957 0.7683082 -5.2469673 1.4470029 16.862831 -11.926527 8.699602 -11.5081215 11.401297 
-287.83453 134.817 3.2741537 46.29964 25.729832 -9.7205305 -8.642854 -4.881766 -35.742493 3.9689636 -12.190009 -5.229855 -0.32502398 -8.859837 8.5262575 17.612415 -20.399334 3.6218157 -3.7910419 3.685434 
-262.49298 136.24953 2.6479428 14.122221 -2.1192412 -14.295183 0.8433016 8.162552 -37.893425 12.084352 5.2568383 -1.8451792 8.930782 -9.623192 -6.992912 3.1492412 -16.797344 12.195768 -14.828762 10.076491 
-309.32034 136.29256 0.27263534 40.941414 51.206345 -15.30978 -7.8160315 -5.0683246 -30.607002 13.181026 -23.957048 -17.160736 -1.3145976 4.4398713 -8.365528 -0.3538614 -12.194004 9.030155 -9.420997 8.629776 
-328.2786 132.11523 6.4424586 43.620495 28.131191 -3.3194823 -7.2681527 -9.265537 -21.268337 6.5127573 -14.348295 -21.870842 -8.325828 0.98445034 -3.1248398 5.3031883 -8.332439 9.764858 -8.524598 5.5853252 
-389.09204 147.56339 10.473409 42.436134 24.137878 -1.6895413 -4.5171223 6.3428984 -18.35057 -3.858817 -19.512243 4.2960715 -12.9320755 -6.7555485 5.215107 5.333142 -18.809828 12.569523 2.3956463 -5.654175 
-460.31265 148.01814 16.899868 35.457508 11.064697 21.783993 -8.349692 18.714582 -12.101838 4.742161 -9.814194 0.81351393 -6.133053 -0.52751154 -8.261137 4.9141564 -8.950591 -2.587656 -2.528391 1.901584 
-260.0965 126.850204 -7.44943 21.820396 6.946432 -3.9798076 -14.224621 14.10053 -19.222221 5.1657047 2.3457925 -1.5311625 -9.385874 -0.4073855 -3.375883 16.393625 -16.577112 2.2264059 -3.2795625 -1.0250922 
-263.17462 132.09483 -13.764629 34.18357 35.28741 -23.291725 -23.439377 14.645359 -23.340971 10.593634 -3.0998318 -8.780758 -4.293674 5.5394783 -11.81411 5.820139 -13.130536 0.91029125 0.3089528 -10.777538 
-319.99918 129.65118 6.627187 39.187866 26.313946 -15.045537 -21.309462 4.514902 -44.283577 4.064398 1.7259557 3.6427782 -15.337714 4.4340177 6.1877255 12.295355 -8.638328 -5.5527453 -1.6279016 -0.6397147 
-232.33186 67.00352 10.149984 50.348248 -22.757494 2.262275 -16.84898 3.7696528 -19.170212 11.113825 1.3720464 4.414879 -15.321245 7.633828 -7.667227 3.7705247 -12.33559 1.2515465 1.1414793 -5.750858 
-314.63757 131.92336 12.867155 35.89453 1.3420846 -4.716433 -9.71336 19.197351 -17.87253 -6.8542385 -11.418121 15.317378 -12.319294 1.5450137 -2.7083237 2.031921 -10.729424 8.110411 -2.377994 -0.2111668 
-349.92017 151.73402 3.0298529 23.703022 -14.792777 -10.739225 -0.5328156 16.842916 -9.152889 6.4666123 12.142041 -6.4544992 -10.620396 -2.7497241 -15.230057 5.8576813 -6.809322 6.5503035 -7.2645593 -0.9625562 
-314.39883 171.71124 -7.7878494 30.66645 26.667137 -11.206005 -7.023612 1.0196543 -19.87729 0.53141224 -8.161447 0.85102683 -3.418585 -9.96684 -7.2487435 13.245629 -7.161126 -5.027929 -9.038196 4.757405 
-298.55185 99.36427 32.788883 38.83446 -20.371998 -0.2706087 -5.265235 19.50963 -28.767164 -4.0275097 -6.017422 0.7887933 -6.9807935 11.936428 0.41871515 8.853812 -20.723106 7.140262 -9.959556 2.3528993 
-364.3729 82.95324 21.59452 62.504204 9.9032135 16.749102 -8.339612 21.29654 -28.10962 6.083009 -6.331602 -10.895827 -12.614035 0.05782583 -0.013243066 7.71562 -19.15388 11.928299 -8.987011 3.7598605 
-385.28458 95.187454 27.55352 49.65052 -0.41281176 31.400993 -22.807156 16.66296 -22.710327 6.0644627 -7.190519 -13.951463 -9.005455 -1.4059882 -9.741206 4.9823956 -14.723537 6.030931 -14.2499895 7.8159046 
-325.9805 90.71235 0.9037583 51.80289 11.827602 -8.485499 -9.474316 19.430515 -14.922701 -5.3141913 -8.501125 0.46414408 -16.454859 3.7543666 -4.137991 9.026613 -5.572535 2.2688963 -5.0361347 0.8459882 
-348.24716 129.35248 23.093945 52.053383 30.206827 -11.979585 -1.6666906 11.968406 -27.07079 -8.711902 -15.759214 7.4351 -9.392691 -3.5291967 -5.7669415 -4.0096903 -6.7591686 -1.5385473 -4.8059044 -4.0517015 
-395.84436 132.07117 28.699154 32.76886 16.95285 5.815688 -11.32209 13.686186 -15.469092 -1.6559982 -10.911674 2.323748 -11.144937 -0.63094646 -6.635884 5.960344 -9.154822 -2.6971076 -0.10254998 -0.30494806 
-463.122 132.50233 21.254967 32.55948 20.715202 16.861217 -6.2391834 17.764595 -8.484106 5.467697 -10.351958 0.7541624 -12.282667 0.71494114 -7.8561835 5.0004306 -7.6806436 2.1880946 -2.7270656 -1.2676127 
-435.12106 114.07559 17.879173 40.37618 20.214981 20.513819 -2.5282857 23.067595 -11.015313 11.880301 -11.392302 5.182339 -7.593752 4.940622 -6.989752 9.326229 -8.866883 4.02144 -1.9456537 -2.2219517 
-342.03677 102.09384 20.612728 27.469505 18.39865 -1.1343354 -22.733528 16.5739 -23.551962 16.7053 -2.6205165 -5.5576587 -10.625234 3.8393168 -6.885791 8.843425 -17.76216 4.485771 -2.977575 -8.662662 
-376.56012 101.66459 26.12194 23.815817 9.9234495 14.7813225 -14.2532 21.248684 -12.906667 11.573017 -6.7236443 1.8133003 -12.953952 5.1032176 -9.594554 6.879301 -13.243631 10.25108 -1.2516048 -5.0545387 
-424.6914 97.40529 37.610497 29.423605 1.7744716 29.21402 -11.131731 20.98813 -6.673411 8.738005 -5.5423603 5.5951576 -12.183513 4.769759 -12.112811 8.727863 -11.111629 3.2457166 -4.5309176 3.4717402 
-454.745 153.58575 7.26779 20.688904 -1.225172 21.342672 -12.690672 18.901752 -11.040815 10.7278 -10.174122 -1.5499471 -9.841848 -2.5746334 -15.326006 3.0181992 -13.640157 -5.4830647 -4.03505 5.0156803 
-245.1272 149.30176 -6.803706 21.10711 -34.135994 -26.249947 10.4218025 14.036758 -20.325163 -1.814092 11.167129 -11.524739 -2.6379719 0.02545611 -16.128994 12.204215 -15.144209 2.7666926 -7.9593573 -0.43221182 
-298.06232 142.27211 35.388 41.689358 -33.52589 -35.03292 9.129915 10.990643 -33.798706 6.9215765 -7.628855 -21.891787 -5.0551243 2.1399798 -6.7045135 9.999488 -0.25716722 8.439766 -10.6916685 -4.317026 
-224.71677 114.04587 -13.364181 32.564682 -9.545906 -9.957574 -3.3852162 2.2231162 -42.711506 11.779075 5.7996454 -12.5616665 1.8124559 -1.6868986 -4.20582 7.3858294 -27.91111 19.100306 -13.119183 -0.7989531 
-309.65805 108.04691 37.82169 39.864937 -40.015537 -14.441256 4.820778 15.410679 -22.73414 7.497516 2.0517206 -7.8724704 -4.9953504 11.362425 -10.758475 10.249128 -16.956766 16.114138 -18.821035 1.3359667 
-251.7991 105.976265 15.90852 53.071915 -8.748443 -1.0857612 2.8977633 -2.3851292 -56.076633 0.17859119 0.7195916 -8.636215 -15.361904 1.8558884 2.8822272 16.907335 -20.117964 12.741632 -6.616366 -1.6744075 
-303.37167 119.078125 20.883965 52.236687 -4.6735287 -4.493125 0.13186908 13.108459 -21.628616 -1.6369672 -9.276902 2.4207354 -4.8136764 -1.908717 -4.0508814 7.564004 -15.790466 12.880313 -8.525779 -2.3895283 
-331.04938 129.9491 12.280957 48.271023 21.323738 -1.8876749 -17.928434 5.0868564 -22.598764 2.102096 -12.524162 -3.1284554 -11.173131 1.1413931 -6.6428804 9.186103 -11.988568 3.760131 -11.163127 3.2078943 
-317.09387 102.047226 22.735643 59.21534 -0.8309419 13.786459 -6.5121493 6.5058355 -36.773514 11.346436 -4.0763016 -15.057743 -21.821463 -4.335797 0.98299176 7.9910703 -20.767893 13.085364 -6.7009497 0.27872643 
-345.5618 126.3224 7.966602 65.10978 27.835136 3.912038 5.9562826 4.946578 -58.83074 14.704686 5.095424 -23.550346 -16.575994 -7.698967 0.28878587 12.796371 -26.367287 4.453957 -6.6984334 -3.826686 
-453.50232 144.31647 15.885012 44.926228 13.840563 18.616777 -5.0614567 14.558487 -15.594096 4.4271917 -4.9488616 -12.27557 -8.145879 -2.0326245 -3.527267 2.885127 -17.082336 -3.1583617 -3.0143623 -2.236104 
-368.54498 131.61981 16.435768 41.716133 27.443611 -2.7919853 -11.497822 14.173137 -18.578789 -13.748515 -19.908665 0.15442075 -4.0359287 -5.0637207 -3.0533583 0.94655377 -13.932307 -5.6294827 -5.4316506 -4.190086 
-324.65155 114.23999 13.658332 43.45678 29.067434 -16.273533 -5.953711 16.559904 -27.61713 -4.1708136 -26.5971 -4.0966744 -2.5127082 -0.6288191 -5.364518 2.560708 -14.022047 12.341085 -3.5165355 -11.8432255 
-266.44513 154.18991 11.144713 35.60954 -3.606987 -37.20502 -2.48914 21.331505 -39.86423 -18.338951 -3.9067204 2.5405982 1.1525118 2.9456837 -6.9705462 9.915534 -18.91213 2.290164 -5.966187 -10.541717 
-211.42665 117.348305 -5.479863 19.87578 -4.4704103 -5.2450204 -15.021328 22.392525 -25.772312 -7.3840766 1.3174931 7.3176684 -9.386924 -7.115324 -2.846208 11.617659 -21.304369 11.993271 -10.593316 -0.9342965 
-221.05757 145.23949 6.3828807 11.83567 -0.019784292 -12.586938 -12.935521 23.237143 -44.287434 -2.4660962 0.6262076 11.681359 -9.236654 -15.47827 -0.89999825 13.914214 -23.233967 7.509081 -6.7354765 -10.252494 
-244.63602 147.27678 -13.575333 37.999866 34.476753 -23.042976 -23.12098 15.085285 -35.500923 2.5075636 -15.270152 9.120089 -0.9083289 -14.097999 -7.2627783 14.857108 -18.965776 2.9375548 -1.2539357 -1.4840931 
-291.8678 159.14233 16.184734 30.761147 -19.286942 -31.551317 -3.3207335 17.736412 -16.998863 -6.3192163 11.194695 -2.7358139 -7.8351526 2.665897 -6.3370233 3.529522 -17.32452 5.8943753 -10.602693 -12.401769 
-368.52893 167.4172 20.5293 15.933024 -23.095009 -23.202421 -4.3027253 21.157299 -10.580087 2.0800545 7.6611075 -11.347361 -2.9531136 -0.4864183 -7.566099 2.4883928 -13.756609 10.315717 -14.090601 -8.130183 
-396.45203 152.3786 14.762914 33.593792 24.602032 -3.233883 -10.022751 13.321407 -15.085042 -8.887228 -8.474608 4.41923 -13.29168 -6.2259912 2.397186 7.8257313 -19.929516 0.60069 0.7495421 -4.134312 
-391.0894 146.37822 19.96415 13.573025 14.879274 2.2769444 -3.8368788 9.861572 -12.776025 9.031267 -3.349453 3.4753227 -14.434834 -3.9259386 -4.9087534 13.955361 -12.347402 -0.52446926 -7.416347 6.55095 
-442.86633 154.28726 18.371778 11.54932 6.09003 11.858372 -6.6903653 19.971577 -4.5569906 10.979744 -11.323867 -3.8912 -16.032059 -3.7758298 -13.111421 11.584402 -8.462104 2.847243 -6.096379 7.154855 
-346.137 113.33682 21.627182 50.238026 14.280894 4.3932195 -13.572484 20.143595 -19.636906 -14.0913315 -9.339074 -2.647771 -8.082267 1.5872281 -11.450482 13.146719 -15.572993 9.809036 -5.444456 -1.0953078 
-323.2238 125.31742 9.970015 38.1541 9.503468 -0.42113623 -26.335747 -3.931307 -28.525078 17.985756 9.824312 -4.2829614 -5.7650404 4.008936 1.7009317 9.822513 -30.63051 9.84193 -8.154141 -8.720647 
-382.31268 97.715515 30.771797 68.28867 14.887202 18.72711 5.5781426 2.6522226 -29.86478 8.712054 -7.4943204 -0.13168663 -21.498697 -0.6433879 2.224045 11.616782 -24.118502 8.461919 -1.8895032 -5.4453278 
-393.64703 156.00714 18.6732 27.129108 7.4414196 8.171482 2.4925497 15.222782 -20.250515 -1.8271184 -3.4295444 12.871261 -6.552152 -14.224935 -2.8118281 10.324927 -15.102576 10.421574 -4.094051 1.4270499 
-358.66125 103.01833 36.373745 38.310165 -4.381304 5.723821 -9.736229 19.423134 -32.10896 9.959959 -5.2979445 2.8947356 -15.163618 -1.7901418 -6.341312 17.191744 -15.045632 7.1739526 -10.575428 2.2435558 
-406.85352 155.60223 21.739946 15.142864 6.294092 8.588069 -3.5339282 18.918724 -17.317175 3.0664847 -2.9051738 2.143723 -15.130508 -0.2610864 0.57349014 9.570072 -3.9149463 3.0667343 -6.6601067 3.675068 
-463.18686 161.66116 14.240306 36.916855 6.290654 19.670143 -5.1140714 19.361855 -5.778817 10.080021 -3.6278365 0.44040477 -11.617497 -4.114115 -13.047489 4.534785 -5.2321987 1.02082 -1.0110548 0.8670472 
-465.59277 165.43088 6.1818714 33.228577 3.4367514 26.35335 -9.333583 17.596643 -11.716007 11.508984 -3.0197012 5.985767 -11.551698 -1.9714944 -12.084978 3.2100143 -11.24625 -6.9193325 -3.719968 3.2294676 
-380.5838 123.214325 14.891102 44.038708 13.633174 10.245763 2.9142675 4.809448 -25.767767 5.3638363 0.23737963 -0.66502994 -17.373995 -2.5573113 -4.8618217 12.110004 -15.072697 2.421505 -5.390191 -1.357963 
-227.16632 28.14549 49.037247 45.18965 -2.908967 20.709867 -11.95212 18.561588 -23.540796 -1.3999068 -4.7746925 14.907281 -23.332441 3.872709 -9.512997 7.9572253 -14.833673 -2.155441 1.8183806 -7.198872 
-238.55916 111.0768 10.540583 41.668846 -2.9999084 2.1177256 -16.348131 -3.345594 -29.831852 5.753073 -2.7701464 3.7880309 -13.490234 1.0416434 -0.07116503 5.6252685 -18.333702 5.1017036 -2.6903028 -6.6181445 
-351.7802 123.49388 21.598427 24.341719 4.5925336 13.006453 3.2823448 14.565953 -15.917355 -3.2443168 -12.569163 12.077227 -8.875813 -7.415427 -8.44919 7.3382473 -12.277074 2.8296306 -4.632892 5.3381696 
-342.39487 113.57742 34.93743 35.419918 -2.7523637 3.5837886 0.90266335 17.88722 -30.72187 -2.3151026 -10.40676 6.7345138 -6.721251 10.68204 -0.30663088 12.485097 -13.314563 9.092123 -4.9656105 5.0880184 
-408.41208 128.76338 34.671375 22.113096 0.77281356 20.853315 -2.6460772 15.73693 -2.5568597 9.612598 -9.170071 4.3650455 -8.412451 1.8853626 -6.561486 6.2665586 -5.6341977 4.651429 -6.3775363 10.065068 
-405.3793 130.31955 32.71176 19.483448 -0.5803092 20.57439 -4.5621047 16.62904 -4.9693794 10.161219 -14.143139 0.2602874 -13.890186 1.4375873 -3.5171223 8.180977 -4.041048 5.4346876 -4.861828 9.469179 
